vpts:  [2.330000000000041, 0.0, 1.4099999999999682, 0.4600000000000364, 2.009999999999991, 1.6000000000000227, 0.6599999999999682, 1.8999999999999773, 0.34000000000003183, 3.6399999999999864, 0.5099999999999909, 1.1100000000000136, 0.4500000000000455, 4.5499999999999545, 4.610000000000127, 2.3799999999999955, 1.3999999999999773, 1.4800000000000182, 2.8899999999999864, 2.5400000000000773, 0.8600000000000136, 2.310000000000059, 0.32000000000005, 3.07000000000005, 1.7799999999999727, 4.019999999999982, 1.740000000000009, 1.1000000000000227, 1.9400000000000546, 0.36000000000001364, 1.5500000000000682, 5.339999999999918, 4.130000000000109, 4.240000000000009, 3.1299999999999955, 1.8400000000000318, 3.6100000000000136, 0.3100000000000591, 2.269999999999982, 0.0, 2.4300000000000637, 2.230000000000018, 3.7000000000000455, 0.9700000000000273, 0.0, 1.8799999999999955, 3.6100000000000136, 6.6400000000001, 2.0, 2.6100000000000136, 2.0299999999999727, 2.2900000000000773, 2.1900000000000546, 2.9200000000000728, 2.8799999999999955, 0.8799999999999955, 6.240000000000009, 2.230000000000018, 2.7200000000000273, 4.289999999999964, 2.310000000000059, 3.6299999999999955, 3.769999999999982, 0.25, 3.6399999999999864, 1.6200000000000045, 3.019999999999982, 2.2000000000000455, 4.160000000000082, 1.259999999999991, 3.4200000000000728, 0.0, 3.2200000000000273, 3.340000000000032, 0.5800000000000409, 2.4200000000000728, 2.1100000000000136, 0.06000000000005912, 2.300000000000068, 1.7100000000000364, 1.0, 5.809999999999945, 0.6000000000000227, 2.32000000000005, 1.0, 0.4500000000000455, 2.740000000000009, 2.590000000000032, 2.560000000000059, 0.43000000000006366, 2.3600000000000136, 4.400000000000091, 0.6100000000000136, 1.1299999999999955, 0.32000000000005, 2.2900000000000773, 2.9200000000000728, 3.1800000000000637, 1.9600000000000364, 0.6399999999999864]
divs:  [0.033834659705152266, 0.03205993842866278, 0.032473460897660636, 0.03160342871209321, 0.031312559965223676, 0.03142710029282088, 0.03155417893995815, 0.031201399627562378, 0.030413693943705356, 0.031133137397442476, 0.03302339785296816, 0.030618772572228108, 0.032906223149136826, 0.03185905806366227, 0.03237657385468284, 0.03022813932492813, 0.03164971630178268, 0.03298385440320665, 0.030873613144891933, 0.03213557211409245, 0.030559587908428876, 0.03218201950373843, 0.03314593596754059, 0.03060013096872883, 0.030834444095292294, 0.03183798194097846, 0.030202529169534507, 0.031371491712813886, 0.03129336582302095, 0.031564621898334755, 0.030981424458781544, 0.0313397621272129, 0.030329099751937545, 0.03150281405545513, 0.03025117500230621, 0.03228153986814515, 0.0314743358409647, 0.031058777749233168, 0.033340261531398796, 0.0314333878101176, 0.02997141929629896, 0.033206924595555236, 0.03171299244496169, 0.032193719772378226, 0.03261387378450231, 0.03356064963807894, 0.03162036357956082, 0.03402798709517667, 0.03253320256059985, 0.031898563292550565, 0.030461921636984326, 0.030444528383160457, 0.03049610197313131, 0.032645963068545406, 0.03174667912962411, 0.03103728978275649, 0.032054676485678626, 0.031318416055904304, 0.031535263189257215, 0.03203425383550968, 0.032258666625787906, 0.03226338655755812, 0.031256209183792606, 0.03150713103571634, 0.031167327073598358, 0.03208210213063248, 0.03139413940267213, 0.031370719844384595, 0.030869331412927803, 0.03116530546805054, 0.030644029768324137, 0.032445047136510016, 0.0308655382539608, 0.03218330916595862, 0.03256027979350973, 0.03014676274712182, 0.0319220033392357, 0.03153229108214098, 0.031175707787202595, 0.031460362663130265, 0.03155543763377431, 0.032293411225008034, 0.030885087878128496, 0.03134765993993817, 0.030018534173142812, 0.03162896085778417, 0.03184678937548388, 0.03154935636742569, 0.031739295804189854, 0.03098167452080731, 0.03062191249269208, 0.030639744391674415, 0.03164599813098798, 0.031710215672642046, 0.03067805132747391, 0.03098122143084545, 0.030909991270716135, 0.031514314498323315, 0.032233998208988895, 0.03234678464231292]

############################################################################################

############################################################################################
pthin:  0.90
rho:  50 

avg_vpt:  2.1926000000000228
var_vpt:  2.0915212400000045 

avg_div:  0.03157766045790597
var_div:  7.284269975658217e-07
