vpts:  [3.050000000000068, 2.5299999999999727, 1.6299999999999955, 2.4600000000000364, 0.9500000000000455, 0.8000000000000682, 0.9500000000000455, 2.3700000000000045, 1.2900000000000773, 1.1200000000000045, 1.830000000000041, 0.35000000000002274, 3.2100000000000364, 2.519999999999982, 0.7400000000000091, 0.37999999999999545, 1.490000000000009, 1.4099999999999682, 0.2699999999999818, 2.740000000000009, 1.4800000000000182, 0.04000000000007731, 1.4400000000000546, 2.1499999999999773, 0.8300000000000409, 1.9600000000000364, 0.0, 1.9099999999999682, 2.3999999999999773, 3.6100000000000136, 1.9400000000000546, 1.259999999999991, 2.1100000000000136, 5.039999999999964, 2.019999999999982, 1.1700000000000728, 1.3000000000000682, 3.800000000000068, 1.5900000000000318, 1.8799999999999955, 5.509999999999991, 1.240000000000009, 1.2000000000000455, 1.5199999999999818, 0.9200000000000728, 2.050000000000068, 4.259999999999991, 2.2200000000000273, 2.32000000000005, 1.7200000000000273, 5.440000000000055, 1.5199999999999818, 1.2699999999999818, 0.9900000000000091, 2.7900000000000773, 2.230000000000018, 1.5199999999999818, 1.3100000000000591, 2.1800000000000637, 0.5099999999999909, 1.3000000000000682, 1.0500000000000682, 2.32000000000005, 1.7699999999999818, 0.12000000000000455, 0.5600000000000591, 2.1100000000000136, 1.1599999999999682, 1.4200000000000728, 2.550000000000068, 1.740000000000009, 1.57000000000005, 0.2599999999999909, 1.3100000000000591, 1.3100000000000591, 0.9700000000000273, 3.8999999999999773, 0.5, 2.019999999999982, 0.6399999999999864, 2.8600000000000136, 0.57000000000005, 1.2699999999999818, 1.509999999999991, 0.7799999999999727, 2.7799999999999727, 0.7300000000000182, 2.810000000000059, 3.2000000000000455, 0.7900000000000773, 2.4200000000000728, 0.07000000000005002, 2.6499999999999773, 0.39999999999997726, 2.1499999999999773, 0.0, 1.9400000000000546, 0.7599999999999909, 4.329999999999927, 1.2699999999999818]
divs:  [0.03778812678321548, 0.03769126572146352, 0.03596208183886659, 0.03568063679412306, 0.03732417871398155, 0.03762297291553092, 0.03777473005022219, 0.03764808661350622, 0.03633791441605354, 0.03641963763683798, 0.03664171493460878, 0.03711886669800502, 0.03811377834969235, 0.03723826242072905, 0.03601786644709227, 0.03766611262506949, 0.03680987929698581, 0.03652443056066387, 0.037719040848743286, 0.03675184416987594, 0.03604076474240744, 0.0374082411788877, 0.0366348510655598, 0.03675118754589118, 0.03778840431397959, 0.0377921916429642, 0.03718420757311193, 0.03566177421479632, 0.03699702474415783, 0.03695441983370211, 0.03633763693903392, 0.036067973905479195, 0.03679434615651865, 0.03741480108580102, 0.037883680552572116, 0.037026331374107886, 0.0364494996234949, 0.03711379718174557, 0.03676602259264091, 0.03717910493661495, 0.03690631085563439, 0.03708198659694969, 0.03605830628105446, 0.03731339933406959, 0.037200003168104366, 0.03671247398136324, 0.0370643486403694, 0.03715114828481916, 0.037036614090687085, 0.035832406056636276, 0.03750287066113113, 0.03835849045437289, 0.03752338266899094, 0.036211448395935174, 0.03740720291856731, 0.036463778910163745, 0.03736492401516889, 0.037525325885493316, 0.036978568767171205, 0.03671953629122187, 0.03693344574522529, 0.03642717079402997, 0.037333775512803896, 0.037842852713492456, 0.036576647175792315, 0.03719174493054439, 0.036205768177283985, 0.03686164543955339, 0.036706561771494284, 0.03721654885624141, 0.03660909794248687, 0.03588837091524677, 0.03689255999349924, 0.03554974330348698, 0.03692366339491054, 0.03696207311331944, 0.03752804558623888, 0.03689500388299992, 0.037007288568324574, 0.03702411842521573, 0.03633994087909618, 0.036775770323471596, 0.03738723427619064, 0.03647024975941707, 0.03734010031776624, 0.037555925528544934, 0.03694293464599622, 0.03640667282030432, 0.03679401857118923, 0.03702145150992202, 0.03717103963455361, 0.03627637270246446, 0.036513637958243216, 0.03722467619773206, 0.036809812038758306, 0.03687244937216201, 0.036655567685889345, 0.036357674332781524, 0.0359873090843118, 0.03737509704123412]

############################################################################################

############################################################################################
pthin:  0.98
rho:  50 

avg_vpt:  1.7461000000000195
var_vpt:  1.284569789999992 

avg_div:  0.036923642762188576
var_div:  3.310985691131576e-07
