vpts:  [1.259999999999991, 3.019999999999982, 3.259999999999991, 5.289999999999964, 2.1200000000000045, 1.2100000000000364, 1.1700000000000728, 1.0900000000000318, 0.7100000000000364, 2.269999999999982, 1.0600000000000591, 4.130000000000109, 1.3000000000000682, 4.980000000000018, 1.2699999999999818, 0.32000000000005, 0.43000000000006366, 0.13999999999998636, 0.19000000000005457, 1.4600000000000364, 2.07000000000005, 2.8999999999999773, 1.82000000000005, 0.4700000000000273, 2.0, 2.550000000000068, 1.0500000000000682, 0.2900000000000773, 1.6000000000000227, 0.20000000000004547, 1.2799999999999727, 1.580000000000041, 0.6900000000000546, 1.1299999999999955, 1.9500000000000455, 3.1700000000000728, 1.1900000000000546, 1.2200000000000273, 0.0, 3.25, 0.12000000000000455, 0.2900000000000773, 1.6399999999999864, 1.759999999999991, 2.800000000000068, 1.9200000000000728, 0.0, 3.830000000000041, 0.20000000000004547, 0.6000000000000227, 0.5299999999999727, 2.7799999999999727, 3.259999999999991, 2.6100000000000136, 0.6399999999999864, 1.240000000000009, 3.1399999999999864, 1.8999999999999773, 3.269999999999982, 1.1000000000000227, 0.44000000000005457, 0.4500000000000455, 1.1700000000000728, 0.8400000000000318, 3.8600000000000136, 2.7200000000000273, 2.3700000000000045, 1.1200000000000045, 1.1299999999999955, 2.07000000000005, 0.21000000000003638, 1.3899999999999864, 1.07000000000005, 2.980000000000018, 1.7000000000000455, 3.2900000000000773, 1.830000000000041, 1.25, 1.1399999999999864, 0.5099999999999909, 3.009999999999991, 0.9900000000000091, 1.490000000000009, 1.0900000000000318, 1.07000000000005, 3.82000000000005, 0.6599999999999682, 1.0600000000000591, 1.5900000000000318, 1.0600000000000591, 4.930000000000064, 1.2900000000000773, 2.240000000000009, 1.9600000000000364, 2.240000000000009, 1.0900000000000318, 1.7900000000000773, 4.170000000000073, 2.0400000000000773, 1.9300000000000637]
divs:  [0.03526352641871753, 0.03538650300587027, 0.03426962057620382, 0.0355384084166454, 0.03459585755208595, 0.03469160840671408, 0.035107199778947856, 0.03542393226955786, 0.03551790264353183, 0.03483869613391135, 0.034123440021614077, 0.035155589413326825, 0.034852447403371595, 0.036238476564607054, 0.03530907296979037, 0.0351293529603227, 0.03562330065406316, 0.03639452283298307, 0.035979000046771924, 0.03628671403752917, 0.0370356744894509, 0.03573834200486437, 0.03543759158759634, 0.03419034011015019, 0.03524904552060017, 0.035937424877716444, 0.0359605789966861, 0.03558460930451995, 0.035269792484736696, 0.0358580625809441, 0.0353073803864052, 0.03481256191198753, 0.03543917060464228, 0.03562330327474383, 0.035760958881596035, 0.03521704431767563, 0.03524571786621432, 0.035777847698882266, 0.03601345620685429, 0.03553733237076088, 0.03617829074049203, 0.03612645464243109, 0.03503159018028445, 0.035953101225485076, 0.03514343266758944, 0.03518045617853468, 0.03523279166938445, 0.03449049990954499, 0.03546984983191592, 0.03537280907060056, 0.03471476586533767, 0.035415170694892105, 0.0354088750234038, 0.03601126882629794, 0.03583017451032316, 0.0361010647974983, 0.03461772083152957, 0.035415583083609606, 0.034727675111757506, 0.03527117674758537, 0.035073713239549754, 0.03500071600441642, 0.03496294108210742, 0.0351576678890761, 0.035798769783072566, 0.035687371901711194, 0.035323133936610976, 0.036253811432203874, 0.036235379827578316, 0.0358257723081638, 0.037613237628240336, 0.036174905191185776, 0.035916960839053984, 0.03510301977683943, 0.03441886357722662, 0.035500614457257836, 0.03588915562397627, 0.036385586851651004, 0.03490593041295839, 0.03547521577671218, 0.034634582814660024, 0.03565066744886313, 0.03576727042109439, 0.0353625716689486, 0.03555677625706542, 0.036285944537058606, 0.03483391815329967, 0.034474668305865125, 0.035732331404805515, 0.03579014055447039, 0.03497762635940023, 0.03573339938026094, 0.034955176690960134, 0.03403427422244075, 0.035268115568856895, 0.03476354378531989, 0.0358665819315393, 0.03461754275846548, 0.035507571045862156, 0.03639221301592605]

############################################################################################

############################################################################################
pthin:  0.82
rho:  50 

avg_vpt:  1.717800000000027
var_vpt:  1.3943851599999968 

avg_div:  0.03543321843056846
var_div:  3.741963598238704e-07
