|   iter    |  target   |     a     |     g     |     s     |
-------------------------------------------------------------
[0.72 0.79 1.   1.04 1.06 1.07 1.09 1.1  1.11 1.12 1.12 1.17 1.24 1.24
 1.26 1.27 1.28 1.3  1.31 1.35 1.35 1.37 1.37 1.42 1.46 1.5  1.52 1.61
 1.63 1.65 1.65 1.66 1.67 1.68 1.74 1.8  1.8  1.81 1.84 1.89 1.9  1.96
 2.13 2.17 2.21 2.23 2.3  2.4  2.45 2.45 2.54 2.6  2.73 2.9  2.95 3.23
 3.44 4.2  4.92 5.64]
var: 0.8656494166666674
| [0m1        [0m | [0m1.874    [0m | [0m0.04725  [0m | [0m48.35    [0m | [0m0.3054   [0m |
[0.03 0.05 0.08 0.09 0.09 0.11 0.12 0.18 0.18 0.24 0.29 0.32 0.36 0.39
 0.44 0.46 0.51 0.55 0.57 0.57 0.58 0.58 0.59 0.59 0.63 0.64 0.64 0.66
 0.72 0.79 0.79 0.82 0.83 0.83 0.85 0.87 0.87 0.88 0.93 0.97 0.98 1.01
 1.01 1.04 1.06 1.08 1.09 1.14 1.19 1.2  1.21 1.26 1.27 1.34 1.42 1.55
 1.71 1.73 1.85 2.13]
var: 0.22720288888888923
| [0m2        [0m | [0m0.7827   [0m | [0m0.2247   [0m | [0m44.81    [0m | [0m2.354    [0m |
[0.15 0.24 0.29 0.31 0.33 0.41 0.45 0.46 0.5  0.55 0.57 0.59 0.62 0.62
 0.62 0.63 0.63 0.63 0.67 0.68 0.68 0.71 0.77 0.77 0.78 0.78 0.79 0.82
 0.83 0.85 0.87 0.91 0.94 0.97 1.   1.   1.05 1.06 1.07 1.1  1.15 1.17
 1.18 1.22 1.26 1.3  1.32 1.38 1.43 1.44 1.53 1.55 1.56 1.58 1.6  1.6
 1.81 1.9  2.02 2.06]
var: 0.20857622222222236
| [0m3        [0m | [0m0.9627   [0m | [0m0.03754  [0m | [0m27.44    [0m | [0m0.0183   [0m |
[0.   0.07 0.09 0.11 0.12 0.14 0.16 0.16 0.2  0.2  0.22 0.22 0.3  0.33
 0.33 0.33 0.39 0.43 0.49 0.53 0.57 0.66 0.67 0.69 0.69 0.71 0.71 0.72
 0.72 0.76 0.79 0.8  0.86 0.9  0.95 0.96 0.97 1.01 1.07 1.09 1.1  1.16
 1.28 1.29 1.3  1.36 1.55 1.57 1.66 1.76 1.76 1.8  1.8  1.93 2.13 2.21
 2.22 3.65 4.4  4.72]
var: 0.9069447499999997
| [0m4        [0m | [0m1.03     [0m | [0m0.1777   [0m | [0m39.38    [0m | [0m1.064    [0m |
[0.   0.04 0.19 0.27 0.31 0.31 0.31 0.32 0.36 0.4  0.4  0.49 0.49 0.5
 0.52 0.57 0.59 0.61 0.61 0.64 0.68 0.68 0.73 0.8  0.8  0.83 0.88 0.92
 0.92 0.92 0.94 0.98 0.99 0.99 1.01 1.08 1.11 1.13 1.16 1.16 1.17 1.2
 1.21 1.3  1.36 1.39 1.5  1.51 1.53 1.6  1.77 1.79 1.91 2.   2.07 2.21
 2.48 2.7  2.76 2.78]
var: 0.44878933333333354
| [0m5        [0m | [0m1.048    [0m | [0m0.1342   [0m | [0m41.99    [0m | [0m1.351    [0m |
[0.   0.   0.02 0.09 0.12 0.2  0.21 0.22 0.27 0.27 0.3  0.31 0.32 0.34
 0.4  0.47 0.48 0.49 0.51 0.58 0.59 0.6  0.62 0.63 0.69 0.7  0.75 0.76
 0.77 0.77 0.81 0.83 0.84 0.84 0.84 0.88 0.93 0.95 0.95 0.96 0.97 0.98
 1.02 1.13 1.15 1.2  1.22 1.23 1.36 1.38 1.38 1.42 1.47 1.48 1.55 1.61
 1.78 1.8  1.84 1.99]
var: 0.25101030555555587
| [0m6        [0m | [0m0.8212   [0m | [0m0.06787  [0m | [0m33.64    [0m | [0m2.67     [0m |
[0.25 0.4  0.72 0.76 0.78 0.85 0.86 0.92 0.95 1.13 1.26 1.37 1.41 1.55
 1.6  1.63 1.8  1.84 1.86 2.1  2.12 2.16 2.17 2.22 2.34 2.34 2.37 2.44
 2.59 2.68 2.7  2.73 2.75 2.8  2.91 2.95 2.97 3.03 3.09 3.11 3.15 3.21
 3.22 3.35 3.38 3.42 3.48 3.49 3.55 3.57 3.73 3.81 3.85 3.98 4.01 4.22
 4.22 4.48 4.6  6.46]
var: 1.4729927500000009
| [95m7        [0m | [95m2.562    [0m | [95m0.2145   [0m | [95m4.177    [0m | [95m0.2005   [0m |
[0.01 0.02 0.07 0.16 0.19 0.21 0.24 0.33 0.35 0.37 0.4  0.41 0.43 0.46
 0.52 0.53 0.56 0.58 0.68 0.7  0.71 0.72 0.72 0.75 0.76 0.8  0.8  0.8
 0.81 0.85 0.98 0.99 1.05 1.07 1.08 1.08 1.11 1.12 1.12 1.13 1.14 1.21
 1.25 1.26 1.28 1.31 1.34 1.42 1.44 1.49 1.55 1.6  1.7  1.76 1.79 1.79
 1.95 2.09 3.06 3.32]
var: 0.42294655555555577
| [0m8        [0m | [0m0.9903   [0m | [0m0.06545  [0m | [0m25.41    [0m | [0m2.754    [0m |
[0.   0.09 0.16 0.22 0.33 0.35 0.5  0.51 0.55 0.6  0.63 0.72 0.73 0.74
 0.75 0.76 0.8  0.82 0.83 0.84 0.84 0.89 0.9  0.91 0.92 0.94 0.95 0.96
 1.01 1.05 1.06 1.06 1.07 1.07 1.14 1.16 1.17 1.2  1.2  1.26 1.27 1.28
 1.35 1.36 1.45 1.52 1.63 1.7  1.71 1.71 1.77 1.83 1.93 1.98 1.99 2.06
 2.14 2.15 2.2  3.08]
var: 0.35227999999999987
| [0m9        [0m | [0m1.13     [0m | [0m0.2601   [0m | [0m17.29    [0m | [0m2.181    [0m |
[0.   0.01 0.11 0.17 0.22 0.24 0.25 0.32 0.33 0.35 0.38 0.38 0.41 0.44
 0.44 0.49 0.52 0.55 0.56 0.64 0.68 0.69 0.7  0.71 0.74 0.76 0.79 0.82
 0.89 0.93 0.94 0.98 1.   1.   1.05 1.09 1.15 1.16 1.16 1.17 1.23 1.25
 1.27 1.39 1.39 1.41 1.43 1.46 1.56 1.6  1.62 1.89 1.98 1.98 2.11 2.14
 2.18 2.34 2.61 4.75]
var: 0.6180483055555558
| [0m10       [0m | [0m1.047    [0m | [0m0.1764   [0m | [0m17.07    [0m | [0m2.101    [0m |
[0.07 0.09 0.12 0.13 0.14 0.15 0.22 0.29 0.31 0.33 0.37 0.38 0.49 0.51
 0.52 0.57 0.6  0.61 0.68 0.7  0.7  0.75 0.76 0.79 0.82 0.87 0.9  0.92
 0.93 0.94 0.95 0.95 0.97 1.03 1.05 1.06 1.07 1.08 1.19 1.19 1.2  1.21
 1.25 1.3  1.33 1.43 1.43 1.43 1.47 1.55 1.63 1.88 1.91 1.97 2.01 2.18
 2.3  2.33 2.47 3.27]
var: 0.44746763888888924
| [0m11       [0m | [0m1.029    [0m | [0m0.1884   [0m | [0m22.77    [0m | [0m2.468    [0m |
[0.24 0.93 0.99 1.   1.02 1.02 1.09 1.09 1.11 1.17 1.19 1.24 1.29 1.47
 1.47 1.53 1.59 1.65 1.66 1.68 1.74 1.76 1.84 1.95 1.98 1.98 2.06 2.18
 2.19 2.2  2.24 2.26 2.26 2.27 2.29 2.35 2.37 2.42 2.47 2.49 2.53 2.65
 2.71 2.72 2.76 3.07 3.35 3.51 3.54 3.57 3.58 3.6  3.71 3.81 4.06 4.22
 4.3  4.64 5.14 5.74]
var: 1.2912889999999995
| [0m12       [0m | [0m2.349    [0m | [0m0.07304  [0m | [0m2.609    [0m | [0m0.3      [0m |
[0.05 0.07 0.1  0.24 0.3  0.32 0.35 0.6  0.61 0.63 0.64 0.71 0.75 0.79
 0.83 0.87 1.03 1.06 1.1  1.11 1.12 1.16 1.19 1.23 1.27 1.28 1.3  1.38
 1.39 1.42 1.43 1.5  1.51 1.54 1.56 1.61 1.73 1.74 1.79 1.8  1.9  1.96
 1.96 2.04 2.05 2.05 2.09 2.11 2.53 2.61 2.65 2.89 2.93 2.97 3.15 3.16
 3.18 3.44 3.49 4.58]
var: 0.9365609722222215
| [0m13       [0m | [0m1.581    [0m | [0m0.2652   [0m | [0m27.02    [0m | [0m0.2607   [0m |
[0.   0.03 0.05 0.1  0.12 0.17 0.23 0.32 0.42 0.44 0.44 0.47 0.48 0.57
 0.59 0.61 0.62 0.64 0.65 0.65 0.67 0.68 0.71 0.76 0.77 0.81 0.86 0.86
 0.86 0.86 0.9  0.9  0.94 0.98 1.   1.05 1.08 1.1  1.11 1.12 1.18 1.2
 1.23 1.24 1.3  1.35 1.44 1.55 1.55 1.57 1.61 1.71 1.77 1.81 1.84 1.87
 1.88 2.23 2.25 2.4 ]
var: 0.33640888888888915
| [0m14       [0m | [0m0.9767   [0m | [0m0.2991   [0m | [0m30.55    [0m | [0m1.55     [0m |
[0.12 0.13 0.23 0.28 0.32 0.33 0.33 0.47 0.57 0.6  0.7  0.73 0.74 0.76
 0.77 0.79 0.82 0.87 0.97 0.98 0.99 0.99 0.99 1.   1.02 1.07 1.12 1.14
 1.14 1.17 1.22 1.22 1.23 1.26 1.3  1.35 1.37 1.41 1.44 1.5  1.57 1.58
 1.58 1.59 1.6  1.6  1.82 1.82 1.83 1.89 1.94 2.05 2.11 2.14 2.22 2.23
 2.3  2.7  2.9  4.52]
var: 0.5709747500000003
| [0m15       [0m | [0m1.291    [0m | [0m0.02901  [0m | [0m17.16    [0m | [0m2.885    [0m |
[0.61 0.72 0.85 0.91 0.94 0.95 1.06 1.14 1.18 1.26 1.47 1.73 1.75 1.86
 1.88 1.91 2.   2.07 2.1  2.1  2.15 2.16 2.25 2.32 2.35 2.47 2.49 2.54
 2.57 2.6  2.72 2.72 2.76 2.79 2.85 2.89 2.96 3.01 3.08 3.14 3.18 3.24
 3.27 3.3  3.7  3.79 3.84 3.85 3.9  3.98 4.01 4.38 4.39 4.47 4.48 4.52
 4.53 4.9  5.27 6.96]
var: 1.6366747500000007
| [95m16       [0m | [95m2.755    [0m | [95m0.1758   [0m | [95m7.239    [0m | [95m0.2408   [0m |
[0.02 0.05 0.07 0.08 0.11 0.18 0.2  0.24 0.25 0.28 0.3  0.3  0.4  0.43
 0.44 0.48 0.48 0.5  0.52 0.56 0.6  0.61 0.62 0.63 0.68 0.69 0.71 0.72
 0.74 0.78 0.79 0.8  0.81 0.84 0.9  0.92 0.93 0.93 0.93 0.94 0.94 0.95
 0.96 0.96 0.98 0.99 1.06 1.12 1.13 1.16 1.19 1.27 1.36 1.53 1.61 1.68
 1.8  1.97 2.22 2.85]
var: 0.2958316388888886
| [0m17       [0m | [0m0.8198   [0m | [0m0.1348   [0m | [0m42.96    [0m | [0m2.109    [0m |
[0.04 0.11 0.2  0.5  0.63 0.67 0.68 0.7  0.71 0.73 0.83 0.86 0.89 0.89
 0.9  0.98 0.99 1.   1.08 1.09 1.11 1.13 1.13 1.13 1.18 1.23 1.25 1.25
 1.27 1.3  1.31 1.34 1.39 1.41 1.46 1.55 1.57 1.61 1.65 1.69 1.73 1.75
 1.76 1.77 1.78 1.82 1.88 1.94 2.   2.01 2.03 2.14 2.33 2.36 2.45 2.67
 2.78 2.86 3.04 3.14]
var: 0.4807926666666662
| [0m18       [0m | [0m1.428    [0m | [0m0.1134   [0m | [0m16.28    [0m | [0m1.878    [0m |
[0.11 0.28 0.29 0.34 0.35 0.37 0.4  0.43 0.45 0.45 0.47 0.58 0.63 0.65
 0.68 0.74 0.77 0.79 0.8  0.88 0.95 0.99 1.04 1.06 1.07 1.07 1.09 1.13
 1.13 1.18 1.18 1.21 1.24 1.26 1.26 1.26 1.28 1.29 1.37 1.4  1.4  1.41
 1.41 1.62 1.65 1.67 1.72 1.75 1.85 1.9  1.91 1.94 2.2  2.26 2.3  2.44
 2.52 2.57 2.59 2.81]
var: 0.4423528888888892
| [0m19       [0m | [0m1.231    [0m | [0m0.179    [0m | [0m29.0     [0m | [0m1.142    [0m |
[0.   0.   0.   0.   0.05 0.07 0.08 0.08 0.08 0.11 0.12 0.14 0.15 0.15
 0.17 0.17 0.19 0.19 0.2  0.2  0.23 0.25 0.26 0.28 0.3  0.3  0.33 0.33
 0.35 0.36 0.37 0.37 0.39 0.39 0.4  0.4  0.41 0.42 0.43 0.43 0.44 0.45
 0.45 0.49 0.5  0.51 0.52 0.57 0.57 0.59 0.61 0.63 0.63 0.67 0.7  0.74
 0.83 0.87 0.92 1.25]
var: 0.06404497222222234
| [0m20       [0m | [0m0.3682   [0m | [0m0.1316   [0m | [0m0.2544   [0m | [0m2.522    [0m |
[0.16 0.18 0.2  0.21 0.24 0.31 0.34 0.44 0.47 0.49 0.53 0.53 0.55 0.55
 0.57 0.57 0.6  0.6  0.61 0.65 0.69 0.7  0.71 0.83 0.89 0.91 0.94 1.
 1.01 1.02 1.06 1.12 1.13 1.15 1.19 1.21 1.23 1.28 1.29 1.3  1.32 1.33
 1.35 1.36 1.36 1.36 1.45 1.48 1.54 1.7  1.71 1.74 1.86 2.   2.16 2.2
 2.23 2.57 2.59 2.74]
var: 0.4017516388888892
| [0m21       [0m | [0m1.092    [0m | [0m0.1392   [0m | [0m24.75    [0m | [0m2.352    [0m |
[0.08 0.11 0.14 0.24 0.4  0.4  0.54 0.65 0.7  0.72 0.75 0.76 0.77 0.81
 0.86 0.87 0.88 0.89 0.91 0.93 0.94 0.95 0.97 0.97 1.   1.02 1.06 1.1
 1.11 1.15 1.26 1.31 1.37 1.4  1.45 1.5  1.51 1.51 1.7  1.74 1.77 1.83
 1.89 1.92 2.01 2.02 2.12 2.15 2.25 2.26 2.3  2.35 2.39 2.41 2.63 2.74
 2.75 2.99 4.04 4.65]
var: 0.8057038888888891
| [0m22       [0m | [0m1.448    [0m | [0m0.07539  [0m | [0m28.28    [0m | [0m0.9751   [0m |
[0.   0.01 0.02 0.02 0.05 0.07 0.15 0.22 0.26 0.38 0.38 0.41 0.42 0.42
 0.49 0.53 0.53 0.56 0.57 0.59 0.61 0.61 0.65 0.65 0.68 0.7  0.7  0.72
 0.73 0.73 0.74 0.78 0.81 0.84 0.84 0.86 0.87 0.9  0.9  0.94 0.97 0.99
 1.05 1.07 1.08 1.09 1.12 1.14 1.23 1.29 1.36 1.36 1.37 1.39 1.5  1.67
 1.74 1.78 2.16 2.45]
var: 0.2664543055555556
| [0m23       [0m | [0m0.8192   [0m | [0m0.1922   [0m | [0m29.16    [0m | [0m2.64     [0m |
[0.01 0.04 0.05 0.05 0.06 0.07 0.07 0.1  0.12 0.12 0.13 0.13 0.16 0.17
 0.23 0.24 0.24 0.26 0.27 0.29 0.34 0.34 0.35 0.38 0.43 0.45 0.45 0.46
 0.48 0.48 0.5  0.51 0.55 0.56 0.59 0.6  0.61 0.62 0.62 0.62 0.63 0.72
 0.73 0.89 0.89 0.94 0.94 0.98 1.02 1.06 1.06 1.1  1.21 1.21 1.23 1.29
 1.48 1.54 1.67 1.74]
var: 0.19818488888888894
| [0m24       [0m | [0m0.5847   [0m | [0m0.1177   [0m | [0m47.5     [0m | [0m2.951    [0m |
[0.03 0.11 0.14 0.2  0.21 0.23 0.25 0.3  0.31 0.35 0.4  0.42 0.46 0.47
 0.55 0.6  0.67 0.67 0.72 0.76 0.76 0.82 0.85 0.88 0.91 0.96 0.97 0.98
 1.   1.01 1.09 1.11 1.14 1.14 1.19 1.25 1.26 1.27 1.28 1.31 1.34 1.38
 1.52 1.53 1.68 1.71 1.71 1.72 1.85 1.89 1.98 2.13 2.14 2.25 2.28 2.36
 2.41 2.42 2.95 4.07]
var: 0.62042875
| [0m25       [0m | [0m1.173    [0m | [0m0.07756  [0m | [0m42.65    [0m | [0m1.568    [0m |
[0.05 0.07 0.12 0.17 0.25 0.28 0.37 0.39 0.4  0.43 0.45 0.49 0.54 0.55
 0.61 0.63 0.72 0.74 0.83 0.85 0.89 0.92 0.93 0.96 0.96 1.   1.16 1.18
 1.22 1.23 1.29 1.34 1.36 1.37 1.45 1.45 1.46 1.46 1.5  1.53 1.63 1.68
 1.72 1.76 1.83 1.83 1.92 2.01 2.01 2.13 2.24 2.33 2.43 2.73 2.92 3.01
 3.18 3.2  3.66 4.18]
var: 0.8586822222222222
| [0m26       [0m | [0m1.367    [0m | [0m0.2343   [0m | [0m45.36    [0m | [0m0.3525   [0m |
[0.04 0.1  0.11 0.13 0.16 0.28 0.28 0.34 0.35 0.37 0.45 0.56 0.58 0.79
 0.84 0.85 0.9  0.9  0.91 1.   1.06 1.08 1.16 1.22 1.23 1.24 1.26 1.27
 1.3  1.32 1.35 1.36 1.4  1.41 1.5  1.53 1.61 1.68 1.69 1.69 1.8  1.85
 1.88 2.   2.01 2.04 2.07 2.11 2.26 2.64 2.72 2.79 3.28 3.31 3.37 3.65
 3.86 4.61 4.61 5.86]
var: 1.466076555555554
| [0m27       [0m | [0m1.6      [0m | [0m0.05086  [0m | [0m15.03    [0m | [0m0.9275   [0m |
[0.42 0.65 0.91 1.01 1.1  1.12 1.16 1.17 1.18 1.3  1.38 1.41 1.42 1.51
 1.6  1.63 1.66 1.74 1.88 1.9  1.94 2.   2.07 2.14 2.15 2.16 2.19 2.27
 2.35 2.4  2.45 2.45 2.52 2.56 2.69 2.93 3.11 3.15 3.18 3.19 3.23 3.23
 3.25 3.36 3.39 3.57 3.66 3.78 3.81 3.93 4.01 4.1  4.1  4.77 4.85 5.15
 5.18 5.31 5.35 6.94]
var: 1.8598532222222213
| [0m28       [0m | [0m2.684    [0m | [0m0.02885  [0m | [0m32.78    [0m | [0m0.09752  [0m |
[0.03 0.13 0.17 0.21 0.29 0.44 0.48 0.56 0.6  0.65 0.68 0.69 0.7  0.7
 0.72 0.74 0.79 0.81 0.82 0.85 0.92 0.93 0.97 1.   1.01 1.05 1.05 1.07
 1.15 1.15 1.17 1.18 1.2  1.21 1.21 1.25 1.38 1.45 1.46 1.46 1.47 1.5
 1.5  1.54 1.66 1.67 1.69 1.7  1.74 1.79 1.95 1.97 2.05 2.16 2.3  2.61
 2.75 2.89 2.93 2.98]
var: 0.4895276666666669
| [0m29       [0m | [0m1.253    [0m | [0m0.1555   [0m | [0m14.56    [0m | [0m1.27     [0m |
[0.   0.   0.   0.02 0.05 0.05 0.06 0.06 0.06 0.12 0.14 0.17 0.18 0.19
 0.19 0.21 0.22 0.22 0.24 0.24 0.26 0.3  0.32 0.32 0.33 0.34 0.35 0.35
 0.35 0.36 0.37 0.39 0.4  0.4  0.41 0.44 0.46 0.47 0.47 0.47 0.48 0.49
 0.56 0.57 0.58 0.59 0.6  0.61 0.61 0.66 0.73 0.73 0.76 0.84 0.84 0.85
 0.94 1.03 1.25 1.31]
var: 0.08795497222222232
| [0m30       [0m | [0m0.4168   [0m | [0m0.2466   [0m | [0m0.4771   [0m | [0m2.543    [0m |
[0.04 0.05 0.06 0.09 0.14 0.23 0.28 0.35 0.37 0.39 0.46 0.49 0.53 0.54
 0.54 0.67 0.7  0.72 0.79 0.8  0.81 0.83 0.84 0.85 1.02 1.06 1.07 1.11
 1.17 1.18 1.22 1.25 1.3  1.37 1.37 1.4  1.5  1.5  1.61 1.62 1.68 1.76
 1.84 1.84 1.85 1.87 1.94 2.   2.05 2.11 2.11 2.28 2.36 2.42 2.58 2.63
 2.68 2.89 2.91 3.13]
var: 0.6646787499999997
| [0m31       [0m | [0m1.288    [0m | [0m0.1091   [0m | [0m9.255    [0m | [0m1.28     [0m |
[0.13 0.16 0.2  0.55 0.65 0.65 0.68 0.75 0.78 0.99 1.07 1.07 1.13 1.14
 1.18 1.21 1.36 1.38 1.44 1.47 1.52 1.6  1.61 1.62 1.66 1.67 1.68 1.7
 1.75 1.78 1.8  1.8  1.86 1.93 1.98 1.99 2.03 2.05 2.08 2.13 2.24 2.33
 2.34 2.41 2.43 2.56 2.63 2.67 2.78 2.92 3.04 3.16 3.81 3.88 3.99 4.1
 4.1  4.17 4.25 4.29]
var: 1.1529536388888895
| [0m32       [0m | [0m1.972    [0m | [0m0.112    [0m | [0m7.081    [0m | [0m0.4761   [0m |
[0.   0.02 0.06 0.1  0.13 0.16 0.16 0.21 0.28 0.28 0.31 0.34 0.39 0.43
 0.45 0.46 0.48 0.49 0.57 0.57 0.62 0.64 0.65 0.67 0.73 0.8  0.81 0.83
 0.83 0.88 0.96 0.96 0.98 1.03 1.05 1.06 1.06 1.06 1.09 1.1  1.17 1.17
 1.22 1.32 1.32 1.42 1.48 1.6  1.72 1.75 1.79 1.86 1.92 1.98 2.   2.11
 2.14 2.27 2.32 2.41]
var: 0.42539030555555535
| [0m33       [0m | [0m0.9778   [0m | [0m0.2026   [0m | [0m26.62    [0m | [0m1.199    [0m |
[0.04 0.05 0.11 0.13 0.15 0.2  0.23 0.23 0.27 0.32 0.36 0.38 0.41 0.45
 0.47 0.51 0.59 0.6  0.71 0.71 0.71 0.72 0.73 0.76 0.77 0.77 0.85 0.85
 0.85 0.87 0.87 0.88 0.89 0.94 0.95 0.95 0.99 0.99 1.02 1.02 1.05 1.06
 1.07 1.11 1.16 1.18 1.19 1.28 1.29 1.35 1.41 1.42 1.51 1.53 1.65 1.74
 1.87 1.88 2.08 3.98]
var: 0.38920274999999993
| [0m34       [0m | [0m0.9185   [0m | [0m0.1564   [0m | [0m30.12    [0m | [0m2.673    [0m |
[0.05 0.05 0.19 0.23 0.26 0.35 0.35 0.43 0.6  0.63 0.66 0.66 0.68 0.78
 0.8  0.81 0.83 0.86 0.96 1.02 1.08 1.18 1.19 1.25 1.31 1.34 1.37 1.42
 1.43 1.56 1.64 1.69 1.71 1.72 1.72 1.86 1.86 1.87 1.88 1.89 1.91 1.97
 1.99 2.07 2.12 2.15 2.21 2.26 2.37 2.38 2.49 2.52 2.53 2.6  2.64 3.08
 3.22 3.61 3.62 3.74]
var: 0.8326476388888878
| [0m35       [0m | [0m1.561    [0m | [0m0.07851  [0m | [0m13.8     [0m | [0m1.059    [0m |
[0.   0.02 0.03 0.03 0.04 0.08 0.1  0.1  0.1  0.11 0.13 0.22 0.26 0.28
 0.29 0.3  0.31 0.32 0.45 0.47 0.51 0.51 0.56 0.62 0.64 0.64 0.66 0.73
 0.77 0.78 0.82 0.84 0.85 0.85 0.85 0.87 0.88 0.89 0.93 1.   1.08 1.09
 1.09 1.14 1.15 1.16 1.17 1.18 1.18 1.26 1.28 1.3  1.33 1.36 1.4  1.49
 1.68 2.07 2.12 2.28]
var: 0.2984820833333331
| [0m36       [0m | [0m0.7775   [0m | [0m0.2433   [0m | [0m42.99    [0m | [0m1.627    [0m |
[0.03 0.06 0.07 0.08 0.13 0.16 0.2  0.22 0.32 0.35 0.39 0.39 0.54 0.54
 0.58 0.64 0.67 0.68 0.69 0.7  0.7  0.71 0.71 0.74 0.74 0.74 0.8  0.84
 0.85 0.88 0.89 0.94 0.94 0.94 0.95 0.95 0.97 1.01 1.07 1.08 1.11 1.15
 1.26 1.29 1.29 1.31 1.36 1.38 1.4  1.43 1.51 1.51 1.62 1.62 1.63 1.67
 1.79 1.84 1.96 2.51]
var: 0.2820780833333328
| [0m37       [0m | [0m0.9255   [0m | [0m0.143    [0m | [0m27.78    [0m | [0m2.862    [0m |
[0.08 0.09 0.12 0.15 0.19 0.22 0.23 0.23 0.29 0.29 0.3  0.31 0.33 0.41
 0.44 0.48 0.49 0.52 0.6  0.62 0.62 0.75 0.76 0.81 0.81 0.83 0.87 0.88
 0.9  0.94 1.01 1.01 1.09 1.15 1.16 1.17 1.26 1.28 1.28 1.35 1.38 1.39
 1.41 1.48 1.49 1.51 1.54 1.63 1.69 1.73 1.78 1.89 1.9  1.92 1.94 1.97
 2.11 2.12 2.38 2.51]
var: 0.4164483055555554
| [0m38       [0m | [0m1.035    [0m | [0m0.1468   [0m | [0m41.08    [0m | [0m1.32     [0m |
[0.12 0.25 0.27 0.69 0.79 0.82 0.89 0.93 1.06 1.15 1.16 1.16 1.19 1.19
 1.2  1.21 1.35 1.36 1.38 1.47 1.52 1.55 1.71 1.75 1.8  1.81 1.84 1.86
 1.92 2.13 2.33 2.46 2.48 2.51 2.59 2.63 2.7  2.7  2.7  2.87 2.88 2.89
 2.97 2.98 3.09 3.12 3.22 3.26 3.26 3.65 3.73 3.75 3.76 3.92 3.98 4.19
 4.48 4.68 5.26 6.34]
var: 1.6637649722222223
| [0m39       [0m | [0m2.315    [0m | [0m0.271    [0m | [0m10.05    [0m | [0m0.1641   [0m |
[0.   0.03 0.05 0.12 0.12 0.13 0.13 0.19 0.24 0.26 0.31 0.32 0.35 0.35
 0.4  0.41 0.42 0.45 0.5  0.52 0.56 0.57 0.59 0.6  0.6  0.6  0.6  0.6
 0.61 0.62 0.65 0.67 0.7  0.78 0.8  0.84 0.84 0.84 0.87 0.92 0.96 0.98
 0.99 1.01 1.02 1.04 1.05 1.15 1.16 1.18 1.25 1.27 1.36 1.38 1.51 1.75
 1.81 1.81 2.3  2.48]
var: 0.28298766666666714
| [0m40       [0m | [0m0.777    [0m | [0m0.2449   [0m | [0m39.92    [0m | [0m2.549    [0m |
[ 1.19  1.57  1.73  1.82  1.92  2.06  2.17  2.19  2.23  2.25  2.35  2.4
  2.57  2.58  2.71  2.78  2.8   2.83  2.86  2.89  2.9   3.03  3.03  3.1
  3.12  3.22  3.25  3.31  3.34  3.35  3.36  3.39  3.46  3.62  3.8   3.88
  4.11  4.13  4.25  4.3   4.38  4.42  4.47  4.66  4.7   4.71  4.71  4.72
  4.75  4.87  4.89  4.94  4.96  5.26  5.4   5.51  6.77  7.45  7.55 10.79]
var: 2.6454862222222224
| [95m41       [0m | [95m3.763    [0m | [95m0.02671  [0m | [95m7.752    [0m | [95m0.06915  [0m |
[0.15 0.42 0.9  1.   1.   1.05 1.18 1.51 1.55 1.57 1.62 1.63 1.65 1.7
 1.72 1.88 1.89 1.93 1.94 1.98 1.99 2.   2.14 2.18 2.2  2.25 2.44 2.49
 2.68 2.7  2.77 2.8  2.83 2.83 2.84 2.92 2.93 2.94 2.99 3.02 3.03 3.06
 3.07 3.13 3.13 3.17 3.24 3.27 3.27 3.29 3.32 3.37 3.43 3.57 3.7  3.75
 3.9  4.11 4.27 4.44]
var: 0.8934980833333336
| [0m42       [0m | [0m2.496    [0m | [0m0.2966   [0m | [0m8.13     [0m | [0m0.05064  [0m |
[0.06 0.21 0.22 0.28 0.29 0.3  0.31 0.35 0.36 0.38 0.4  0.41 0.42 0.42
 0.49 0.52 0.52 0.57 0.57 0.58 0.63 0.63 0.63 0.64 0.64 0.65 0.65 0.65
 0.67 0.68 0.69 0.7  0.7  0.73 0.75 0.79 0.82 0.82 0.84 0.86 0.87 0.87
 0.9  0.93 0.93 0.94 0.94 0.98 0.98 0.99 1.04 1.13 1.18 1.21 1.25 1.26
 1.39 1.47 1.59 2.31]
var: 0.14587497222222207
| [0m43       [0m | [0m0.7498   [0m | [0m1e-08    [0m | [0m7.545    [0m | [0m0.001    [0m |
[0.06 0.1  0.1  0.15 0.18 0.22 0.23 0.25 0.27 0.35 0.36 0.37 0.38 0.41
 0.46 0.47 0.59 0.64 0.64 0.73 0.73 0.77 0.83 0.85 0.86 0.89 0.92 0.95
 1.   1.02 1.05 1.05 1.07 1.09 1.18 1.2  1.2  1.25 1.26 1.45 1.46 1.51
 1.51 1.56 1.59 1.71 1.71 1.74 1.79 1.85 1.89 1.91 2.22 2.32 2.33 2.66
 2.66 3.32 3.4  3.48]
var: 0.6982733333333332
| [0m44       [0m | [0m1.17     [0m | [0m0.03133  [0m | [0m2.512    [0m | [0m1.247    [0m |
[0.   0.   0.07 0.09 0.1  0.11 0.12 0.13 0.15 0.17 0.17 0.18 0.24 0.24
 0.25 0.28 0.31 0.35 0.42 0.42 0.43 0.47 0.49 0.51 0.55 0.55 0.55 0.59
 0.62 0.65 0.65 0.71 0.74 0.75 0.77 0.77 0.84 0.86 0.87 0.89 0.9  0.93
 0.95 0.97 1.03 1.03 1.09 1.1  1.11 1.12 1.12 1.14 1.16 1.24 1.46 1.52
 1.68 1.71 1.75 1.88]
var: 0.22681763888888892
| [0m45       [0m | [0m0.6992   [0m | [0m0.09852  [0m | [0m0.3187   [0m | [0m0.3052   [0m |
[0.   0.   0.01 0.01 0.06 0.08 0.11 0.11 0.13 0.15 0.23 0.23 0.25 0.32
 0.34 0.37 0.39 0.54 0.54 0.57 0.6  0.6  0.61 0.67 0.67 0.69 0.75 0.76
 0.77 0.82 0.82 0.84 0.85 0.86 0.95 0.96 1.02 1.03 1.03 1.05 1.09 1.13
 1.17 1.17 1.2  1.21 1.23 1.32 1.39 1.45 1.5  1.67 1.98 2.1  2.1  2.31
 2.31 2.48 2.76 3.11]
var: 0.524398083333334
| [0m46       [0m | [0m0.9245   [0m | [0m0.2927   [0m | [0m27.01    [0m | [0m2.307    [0m |
[0.05 0.14 0.24 0.27 0.4  0.44 0.46 0.49 0.51 0.55 0.55 0.57 0.66 0.73
 0.74 0.79 0.81 0.82 0.84 0.92 0.94 1.   1.25 1.27 1.28 1.33 1.35 1.4
 1.4  1.41 1.42 1.42 1.44 1.47 1.52 1.55 1.6  1.71 1.71 1.72 1.73 1.74
 1.76 1.79 1.81 2.   2.01 2.02 2.05 2.13 2.25 2.31 2.32 2.35 2.48 2.54
 2.67 2.68 2.86 3.2 ]
var: 0.5595103055555555
| [0m47       [0m | [0m1.398    [0m | [0m0.07772  [0m | [0m38.86    [0m | [0m0.6298   [0m |
[0.   0.04 0.04 0.08 0.09 0.12 0.15 0.15 0.22 0.25 0.25 0.26 0.34 0.4
 0.4  0.4  0.48 0.5  0.53 0.58 0.77 0.78 0.83 0.88 0.91 0.97 0.98 1.
 1.   1.01 1.04 1.05 1.06 1.08 1.14 1.15 1.15 1.16 1.19 1.2  1.2  1.2
 1.27 1.3  1.31 1.34 1.36 1.37 1.43 1.43 1.44 1.6  1.6  1.63 1.71 1.8
 1.8  1.85 2.4  3.48]
var: 0.4124543055555565
| [0m48       [0m | [0m0.9692   [0m | [0m0.2431   [0m | [0m31.6     [0m | [0m2.043    [0m |
[0.88 1.08 1.19 1.39 1.66 1.71 1.8  2.04 2.19 2.22 2.32 2.41 2.48 2.48
 2.68 2.71 2.73 2.77 2.84 2.9  2.96 2.99 3.04 3.05 3.22 3.23 3.32 3.34
 3.34 3.39 3.44 3.48 3.53 3.54 3.71 3.72 3.76 3.8  3.82 3.87 4.05 4.15
 4.25 4.27 4.27 4.29 4.32 4.41 4.47 4.63 4.83 4.96 5.2  5.53 5.61 6.71
 6.72 7.17 7.93 9.57]
var: 2.644758083333333
| [0m49       [0m | [0m3.64     [0m | [0m0.006824 [0m | [0m11.84    [0m | [0m0.147    [0m |
[0.03 0.14 0.15 0.44 0.46 0.47 0.5  0.59 0.61 0.63 0.68 0.76 0.78 0.82
 0.82 0.88 0.89 0.9  0.95 0.95 0.97 1.04 1.19 1.26 1.28 1.32 1.37 1.4
 1.51 1.52 1.53 1.56 1.69 1.69 1.7  1.74 1.75 1.88 1.91 1.93 1.99 2.12
 2.26 2.35 2.35 2.39 2.41 2.43 2.5  2.55 2.6  2.66 2.79 2.92 3.17 3.29
 3.48 3.59 3.61 4.53]
var: 0.9746515555555566
| [0m50       [0m | [0m1.645    [0m | [0m0.08443  [0m | [0m16.61    [0m | [0m1.226    [0m |
[0.   0.   0.02 0.03 0.11 0.11 0.11 0.12 0.14 0.15 0.16 0.2  0.3  0.39
 0.44 0.44 0.45 0.48 0.49 0.53 0.58 0.58 0.65 0.69 0.73 0.75 0.82 0.82
 0.9  0.91 0.97 0.99 1.01 1.05 1.13 1.15 1.24 1.25 1.26 1.26 1.27 1.3
 1.32 1.33 1.37 1.39 1.4  1.42 1.54 1.59 1.7  1.7  1.74 1.79 1.81 1.81
 2.01 2.07 2.09 2.46]
var: 0.39794933333333343
| [0m51       [0m | [0m0.942    [0m | [0m0.1362   [0m | [0m47.82    [0m | [0m0.7788   [0m |
[0.05 0.12 0.19 0.33 0.38 0.4  0.43 0.44 0.55 0.56 0.58 0.6  0.62 0.65
 0.68 0.69 0.76 0.79 0.84 0.85 0.88 0.89 0.89 0.89 0.9  0.91 0.92 0.95
 1.03 1.03 1.05 1.11 1.19 1.21 1.26 1.32 1.32 1.35 1.39 1.4  1.4  1.44
 1.44 1.46 1.47 1.49 1.52 1.57 1.65 1.69 1.77 1.79 1.9  1.96 2.05 2.21
 2.25 2.4  2.47 2.64]
var: 0.3609114166666666
| [0m52       [0m | [0m1.149    [0m | [0m0.2159   [0m | [0m14.45    [0m | [0m1.651    [0m |
[0.06 0.09 0.18 0.46 0.47 0.58 0.6  0.64 0.68 0.8  0.92 0.97 0.98 0.99
 1.07 1.12 1.15 1.17 1.17 1.19 1.33 1.33 1.34 1.45 1.46 1.46 1.48 1.58
 1.65 1.78 1.79 1.8  1.86 1.89 1.89 1.91 1.94 1.94 1.96 1.99 1.99 2.06
 2.06 2.08 2.18 2.19 2.36 2.46 2.57 2.65 2.78 2.98 3.08 3.11 3.43 3.61
 3.62 3.62 3.63 3.8 ]
var: 0.8911432222222219
| [0m53       [0m | [0m1.756    [0m | [0m0.09818  [0m | [0m28.93    [0m | [0m0.5075   [0m |
[0.08 0.16 0.16 0.25 0.42 0.45 0.53 0.57 0.7  0.83 0.87 0.87 0.95 1.01
 1.02 1.03 1.04 1.05 1.07 1.09 1.11 1.12 1.15 1.26 1.28 1.3  1.31 1.36
 1.42 1.47 1.48 1.5  1.55 1.59 1.61 1.66 1.67 1.68 1.77 1.83 1.9  2.03
 2.04 2.09 2.25 2.26 2.54 2.58 2.7  2.75 2.83 2.91 2.92 3.04 3.1  3.12
 3.3  3.4  3.7  3.89]
var: 0.879543222222222
| [0m54       [0m | [0m1.644    [0m | [0m0.06829  [0m | [0m5.574    [0m | [0m0.5753   [0m |
[0.09 0.15 0.17 0.34 0.38 0.42 0.44 0.54 0.58 0.73 0.76 0.83 0.89 0.9
 1.02 1.09 1.09 1.1  1.11 1.12 1.16 1.17 1.23 1.27 1.31 1.33 1.34 1.35
 1.39 1.5  1.54 1.56 1.57 1.65 1.66 1.67 1.7  1.72 1.77 1.77 1.79 1.92
 1.95 1.99 2.02 2.05 2.1  2.11 2.31 2.47 2.53 2.56 2.63 2.66 2.72 2.73
 2.91 3.92 4.32 5.58]
var: 0.9915315555555556
| [0m55       [0m | [0m1.611    [0m | [0m0.1617   [0m | [0m31.38    [0m | [0m0.4553   [0m |
[0.16 0.2  0.23 0.32 0.38 0.5  0.5  0.55 0.56 0.59 0.66 0.7  0.7  0.77
 0.86 0.92 0.94 0.95 0.97 0.98 1.   1.08 1.14 1.15 1.15 1.2  1.2  1.21
 1.22 1.22 1.22 1.23 1.26 1.26 1.28 1.33 1.35 1.37 1.4  1.47 1.49 1.58
 1.64 1.66 1.68 1.91 2.04 2.06 2.11 2.15 2.21 2.29 2.31 2.41 2.44 2.6
 2.61 3.3  3.71 4.49]
var: 0.707256972222222
| [0m56       [0m | [0m1.398    [0m | [0m0.1269   [0m | [0m20.01    [0m | [0m1.743    [0m |
[0.22 0.53 0.53 0.6  0.61 0.67 0.83 0.88 0.91 1.3  1.42 1.48 1.52 1.54
 1.55 1.55 1.61 1.68 1.75 2.06 2.11 2.18 2.25 2.34 2.41 2.53 2.66 2.66
 2.79 2.84 2.85 2.86 2.87 2.95 3.   3.01 3.03 3.07 3.12 3.16 3.21 3.22
 3.23 3.23 3.3  3.33 3.48 3.54 3.68 3.85 4.05 4.12 4.25 4.34 4.52 4.77
 4.88 5.09 5.45 6.72]
var: 1.8442016388888889
| [0m57       [0m | [0m2.67     [0m | [0m0.115    [0m | [0m5.242    [0m | [0m0.2725   [0m |
[0.1  0.22 0.24 0.26 0.31 0.31 0.37 0.51 0.53 0.59 0.75 0.77 0.84 0.88
 1.14 1.14 1.2  1.25 1.33 1.46 1.5  1.5  1.59 1.69 1.71 1.81 1.82 1.9
 1.92 1.94 2.02 2.03 2.08 2.09 2.12 2.15 2.19 2.22 2.29 2.3  2.3  2.32
 2.35 2.47 2.51 2.61 2.72 2.89 2.97 3.35 3.42 3.45 3.48 3.59 3.6  3.69
 3.73 4.21 4.22 4.49]
var: 1.2729862222222224
| [0m58       [0m | [0m1.957    [0m | [0m0.04973  [0m | [0m25.27    [0m | [0m0.3315   [0m |
[0.03 0.04 0.13 0.15 0.27 0.28 0.39 0.41 0.51 0.54 0.56 0.78 0.81 0.84
 0.92 0.98 1.06 1.09 1.09 1.23 1.26 1.29 1.32 1.35 1.42 1.53 1.54 1.55
 1.58 1.58 1.58 1.69 1.74 1.76 1.81 1.86 1.87 1.9  1.93 1.98 1.99 2.06
 2.11 2.16 2.22 2.24 2.26 2.38 2.49 2.69 2.69 2.69 2.77 2.79 3.09 3.11
 3.27 3.83 3.84 5.46]
var: 1.0884716388888884
| [0m59       [0m | [0m1.68     [0m | [0m0.08696  [0m | [0m20.9     [0m | [0m0.7413   [0m |
[0.   0.   0.03 0.03 0.06 0.08 0.17 0.19 0.21 0.23 0.29 0.33 0.43 0.44
 0.46 0.52 0.53 0.55 0.58 0.58 0.6  0.69 0.7  0.77 0.81 0.84 0.87 0.9
 0.92 0.96 0.98 1.   1.01 1.02 1.03 1.03 1.07 1.08 1.11 1.15 1.17 1.2
 1.23 1.26 1.27 1.33 1.33 1.34 1.38 1.38 1.52 1.53 1.6  1.73 1.81 1.82
 1.83 2.1  2.38 2.43]
var: 0.3471927500000003
| [0m60       [0m | [0m0.9315   [0m | [0m0.272    [0m | [0m31.6     [0m | [0m1.803    [0m |
[0.   0.   0.05 0.18 0.24 0.31 0.35 0.36 0.39 0.44 0.49 0.49 0.52 0.56
 0.57 0.57 0.59 0.61 0.61 0.61 0.63 0.65 0.71 0.71 0.72 0.78 0.79 0.82
 0.86 0.86 0.89 0.89 0.91 0.94 0.95 0.96 0.98 1.   1.05 1.08 1.14 1.16
 1.16 1.22 1.24 1.26 1.27 1.3  1.38 1.4  1.41 1.46 1.5  1.56 1.71 1.87
 2.22 2.33 2.43 2.57]
var: 0.3217816388888886
| [0m61       [0m | [0m0.9452   [0m | [0m0.09306  [0m | [0m23.74    [0m | [0m2.8      [0m |
[0.   0.03 0.04 0.04 0.04 0.04 0.05 0.05 0.07 0.07 0.09 0.13 0.14 0.15
 0.16 0.17 0.17 0.23 0.24 0.26 0.29 0.29 0.32 0.36 0.38 0.38 0.4  0.47
 0.47 0.47 0.48 0.48 0.5  0.52 0.54 0.58 0.59 0.64 0.65 0.69 0.7  0.71
 0.79 0.8  0.81 0.81 0.82 0.85 0.88 0.95 0.96 0.98 1.15 1.17 1.25 1.26
 1.27 1.98 2.25 2.82]
var: 0.29608155555555565
| [0m62       [0m | [0m0.5813   [0m | [0m0.2766   [0m | [0m48.0     [0m | [0m2.936    [0m |
[0.26 0.3  0.61 0.65 1.17 1.29 1.49 1.73 1.86 1.96 2.24 2.25 2.32 2.37
 2.41 2.54 2.58 2.59 2.69 2.72 2.73 2.74 2.78 2.81 2.82 2.86 3.07 3.08
 3.1  3.18 3.26 3.3  3.35 3.44 3.53 3.55 3.58 3.64 3.69 3.72 3.73 3.74
 3.83 4.06 4.1  4.18 4.19 4.44 4.46 4.49 4.51 4.57 4.8  4.95 5.29 5.5
 5.71 6.07 7.11 7.19]
var: 2.1283698888888885
| [0m63       [0m | [0m3.286    [0m | [0m0.05649  [0m | [0m8.916    [0m | [0m0.2544   [0m |
[0.01 0.16 0.18 0.19 0.35 0.37 0.38 0.38 0.46 0.46 0.47 0.48 0.48 0.48
 0.52 0.53 0.55 0.59 0.6  0.61 0.63 0.65 0.67 0.67 0.68 0.73 0.79 0.84
 0.85 0.94 0.97 1.01 1.02 1.03 1.04 1.07 1.11 1.16 1.18 1.2  1.23 1.24
 1.27 1.29 1.31 1.35 1.36 1.36 1.43 1.44 1.5  1.53 1.57 1.63 1.8  1.8
 1.83 1.91 2.55 2.86]
var: 0.32147430555555573
| [0m64       [0m | [0m0.9792   [0m | [0m0.1549   [0m | [0m32.82    [0m | [0m1.284    [0m |
[0.   0.02 0.04 0.05 0.15 0.2  0.21 0.25 0.29 0.3  0.34 0.37 0.39 0.44
 0.46 0.52 0.53 0.58 0.59 0.59 0.63 0.64 0.72 0.73 0.74 0.75 0.78 0.81
 0.81 0.84 0.84 0.86 0.88 0.92 0.93 0.93 0.97 1.   1.02 1.06 1.07 1.25
 1.27 1.27 1.28 1.29 1.3  1.33 1.44 1.49 1.49 1.52 1.58 1.61 1.75 1.8
 1.89 2.23 2.37 2.46]
var: 0.3363480833333332
| [0m65       [0m | [0m0.9145   [0m | [0m0.2115   [0m | [0m29.35    [0m | [0m2.25     [0m |
[0.   0.04 0.05 0.06 0.08 0.13 0.15 0.22 0.23 0.31 0.33 0.35 0.39 0.42
 0.5  0.53 0.59 0.61 0.61 0.61 0.67 0.69 0.69 0.7  0.71 0.73 0.73 0.73
 0.74 0.79 0.82 0.87 0.87 0.95 0.96 0.96 0.97 1.03 1.1  1.12 1.12 1.19
 1.19 1.27 1.31 1.31 1.32 1.33 1.36 1.37 1.38 1.42 1.42 1.44 1.47 1.76
 1.84 2.05 2.14 2.25]
var: 0.29095766666666656
| [0m66       [0m | [0m0.883    [0m | [0m0.2358   [0m | [0m24.72    [0m | [0m1.846    [0m |
[0.01 0.04 0.09 0.1  0.12 0.17 0.23 0.35 0.35 0.38 0.38 0.39 0.4  0.41
 0.42 0.43 0.44 0.45 0.47 0.48 0.54 0.54 0.58 0.59 0.62 0.64 0.66 0.67
 0.68 0.68 0.69 0.69 0.73 0.76 0.76 0.81 0.83 0.87 0.87 0.88 0.92 0.95
 0.97 0.99 1.02 1.03 1.06 1.12 1.18 1.3  1.35 1.42 1.44 1.47 1.59 1.7
 1.74 1.96 2.04 2.44]
var: 0.2661083055555555
| [0m67       [0m | [0m0.7982   [0m | [0m0.2754   [0m | [0m45.03    [0m | [0m0.9333   [0m |
[0.01 0.01 0.04 0.04 0.05 0.06 0.13 0.15 0.15 0.17 0.23 0.24 0.25 0.27
 0.28 0.45 0.52 0.59 0.63 0.68 0.74 0.75 0.77 0.77 0.78 0.84 0.87 0.89
 0.92 0.92 0.93 0.95 0.95 0.99 1.02 1.04 1.07 1.09 1.16 1.23 1.25 1.25
 1.29 1.36 1.59 1.74 1.81 1.91 1.92 1.99 2.03 2.04 2.1  2.17 2.19 2.27
 2.36 2.79 3.13 3.43]
var: 0.6691676388888887
| [0m68       [0m | [0m1.071    [0m | [0m0.2295   [0m | [0m27.58    [0m | [0m2.409    [0m |
[0.   0.05 0.16 0.2  0.22 0.23 0.29 0.35 0.37 0.38 0.39 0.4  0.48 0.48
 0.55 0.57 0.59 0.59 0.62 0.65 0.67 0.75 0.75 0.77 0.79 0.79 0.87 0.87
 0.9  0.93 0.95 0.95 0.96 1.   1.04 1.08 1.11 1.12 1.17 1.19 1.22 1.24
 1.25 1.26 1.34 1.41 1.43 1.43 1.48 1.48 1.48 1.91 1.94 1.96 1.99 1.99
 2.16 2.55 3.15 3.75]
var: 0.5156809722222222
| [0m69       [0m | [0m1.044    [0m | [0m0.2494   [0m | [0m48.46    [0m | [0m0.8163   [0m |
[0.   0.16 0.17 0.2  0.4  0.41 0.45 0.53 0.59 0.62 0.69 0.75 0.76 0.89
 0.92 0.96 1.03 1.12 1.19 1.24 1.25 1.29 1.35 1.37 1.41 1.44 1.46 1.48
 1.55 1.58 1.59 1.63 1.7  1.79 1.8  1.81 1.93 1.96 2.01 2.01 2.03 2.06
 2.09 2.11 2.13 2.38 2.49 2.51 2.56 2.67 2.75 2.8  2.87 3.14 3.25 3.49
 3.77 4.46 5.94 9.02]
var: 2.059829416666667
| [0m70       [0m | [0m1.834    [0m | [0m0.01423  [0m | [0m12.35    [0m | [0m1.439    [0m |
[0.   0.03 0.1  0.12 0.13 0.14 0.2  0.2  0.23 0.27 0.32 0.32 0.34 0.36
 0.38 0.44 0.46 0.47 0.53 0.55 0.56 0.59 0.61 0.65 0.65 0.66 0.74 0.74
 0.74 0.75 0.78 0.83 0.83 0.87 0.92 0.95 0.99 1.04 1.07 1.09 1.17 1.18
 1.19 1.2  1.24 1.25 1.3  1.31 1.32 1.38 1.51 1.63 1.63 1.76 1.76 1.84
 1.87 1.99 2.71 3.13]
var: 0.40641655555555545
| [0m71       [0m | [0m0.9003   [0m | [0m0.2368   [0m | [0m3.933    [0m | [0m2.408    [0m |
[0.08 0.08 0.15 0.18 0.2  0.22 0.27 0.28 0.29 0.29 0.32 0.34 0.34 0.36
 0.4  0.41 0.43 0.44 0.44 0.45 0.45 0.46 0.5  0.53 0.56 0.57 0.64 0.65
 0.65 0.69 0.71 0.77 0.78 0.86 0.87 0.88 0.88 0.88 0.89 0.92 0.92 0.99
 1.02 1.06 1.08 1.18 1.22 1.26 1.29 1.32 1.33 1.36 1.42 1.48 1.58 1.7
 1.91 2.06 2.09 2.77]
var: 0.3072243055555562
| [0m72       [0m | [0m0.8192   [0m | [0m0.1841   [0m | [0m36.3     [0m | [0m2.237    [0m |
[0.01 0.05 0.06 0.1  0.2  0.24 0.26 0.27 0.28 0.29 0.36 0.52 0.57 0.64
 0.66 0.69 0.79 0.82 0.83 0.85 0.87 0.89 0.96 1.01 1.02 1.07 1.07 1.15
 1.18 1.19 1.19 1.22 1.23 1.27 1.28 1.3  1.34 1.35 1.35 1.35 1.38 1.42
 1.42 1.46 1.56 1.63 1.76 1.79 1.86 1.94 2.12 2.24 2.28 2.41 2.53 2.57
 2.71 2.73 2.89 3.55]
var: 0.6227336388888892
| [0m73       [0m | [0m1.234    [0m | [0m0.2223   [0m | [0m13.0     [0m | [0m1.205    [0m |
[0.1  0.11 0.18 0.2  0.23 0.24 0.25 0.28 0.31 0.32 0.36 0.43 0.47 0.56
 0.66 0.67 0.79 0.83 0.85 0.86 0.88 0.88 1.12 1.14 1.18 1.22 1.25 1.27
 1.27 1.27 1.28 1.28 1.29 1.31 1.33 1.34 1.35 1.36 1.41 1.45 1.46 1.47
 1.5  1.55 1.63 1.67 1.7  1.75 1.77 1.95 2.18 2.47 2.49 2.56 2.62 2.67
 2.78 2.79 3.93 4.37]
var: 0.7938016388888883
| [0m74       [0m | [0m1.315    [0m | [0m0.2777   [0m | [0m12.93    [0m | [0m0.5748   [0m |
[0.   0.05 0.1  0.11 0.12 0.14 0.2  0.22 0.23 0.27 0.27 0.3  0.4  0.44
 0.5  0.57 0.59 0.61 0.64 0.64 0.68 0.68 0.68 0.71 0.79 0.95 1.06 1.08
 1.08 1.18 1.2  1.23 1.24 1.26 1.27 1.38 1.38 1.47 1.59 1.66 1.69 1.77
 1.86 1.86 1.95 1.95 1.99 2.04 2.04 2.16 2.22 2.25 2.34 2.35 2.4  2.56
 2.64 2.68 3.32 3.45]
var: 0.757949416666667
| [0m75       [0m | [0m1.242    [0m | [0m0.0105   [0m | [0m4.005    [0m | [0m2.23     [0m |
[0.06 0.06 0.07 0.09 0.14 0.17 0.17 0.24 0.25 0.27 0.28 0.35 0.4  0.43
 0.44 0.45 0.48 0.52 0.54 0.56 0.58 0.6  0.67 0.67 0.77 0.82 0.84 0.87
 0.9  0.93 1.   1.01 1.05 1.19 1.23 1.24 1.25 1.31 1.36 1.38 1.44 1.45
 1.46 1.51 1.53 1.54 1.58 1.62 1.67 1.72 1.77 1.79 1.8  1.82 2.07 2.08
 2.32 2.74 3.06 4.41]
var: 0.6644665555555556
| [0m76       [0m | [0m1.084    [0m | [0m0.1752   [0m | [0m27.51    [0m | [0m1.253    [0m |
[0.   0.06 0.07 0.07 0.17 0.18 0.22 0.22 0.23 0.28 0.28 0.28 0.33 0.35
 0.4  0.41 0.42 0.46 0.48 0.49 0.51 0.51 0.54 0.55 0.56 0.58 0.59 0.59
 0.62 0.64 0.65 0.67 0.71 0.75 0.76 0.76 0.78 0.8  0.82 0.83 0.85 0.94
 0.96 0.96 0.97 0.97 0.99 1.04 1.05 1.07 1.08 1.14 1.21 1.26 1.27 1.39
 1.54 1.84 2.07 2.14]
var: 0.2137462222222222
| [0m77       [0m | [0m0.7227   [0m | [0m0.2976   [0m | [0m47.69    [0m | [0m1.257    [0m |
[0.   0.04 0.14 0.15 0.21 0.22 0.28 0.3  0.34 0.36 0.4  0.41 0.42 0.43
 0.53 0.58 0.59 0.67 0.68 0.7  0.72 0.81 0.81 0.82 0.85 0.86 0.9  0.91
 0.93 0.97 0.99 1.06 1.07 1.07 1.09 1.19 1.21 1.25 1.26 1.31 1.33 1.35
 1.43 1.52 1.63 1.75 1.76 1.78 1.8  1.84 1.97 2.   2.   2.   2.09 2.46
 2.48 2.52 2.65 2.85]
var: 0.5101645555555557
| [0m78       [0m | [0m1.112    [0m | [0m0.04129  [0m | [0m31.34    [0m | [0m1.789    [0m |
[0.   0.06 0.06 0.12 0.16 0.23 0.23 0.27 0.39 0.44 0.44 0.49 0.5  0.53
 0.56 0.65 0.73 0.77 0.78 0.79 0.8  0.8  0.82 0.84 0.9  0.95 0.96 1.01
 1.04 1.12 1.13 1.14 1.14 1.15 1.24 1.37 1.37 1.42 1.43 1.44 1.44 1.46
 1.47 1.52 1.53 1.59 1.6  1.61 1.7  1.75 1.77 2.01 2.03 2.06 2.24 2.29
 2.56 2.66 2.79 3.19]
var: 0.5224256666666662
| [0m79       [0m | [0m1.159    [0m | [0m0.1138   [0m | [0m4.908    [0m | [0m2.198    [0m |
[0.15 0.2  0.21 0.24 0.29 0.35 0.37 0.44 0.52 0.55 0.57 0.58 0.63 0.67
 0.7  0.73 0.74 0.74 0.74 0.75 0.76 0.78 0.79 0.8  0.81 0.81 0.84 0.88
 0.89 0.9  0.94 0.94 0.94 1.   1.09 1.1  1.12 1.12 1.14 1.21 1.23 1.25
 1.26 1.26 1.27 1.33 1.34 1.41 1.43 1.47 1.47 1.47 1.49 1.6  1.68 1.69
 1.71 1.87 1.93 2.34]
var: 0.2189236388888887
| [0m80       [0m | [0m0.9922   [0m | [0m0.1659   [0m | [0m22.94    [0m | [0m2.737    [0m |
=============================================================
None
num_trials:  40  inits,  40  iters,  60  per
rho:  25
pthin:  0.70

Best VPT: 3.7626666666666675
Best result: {'a': 0.026706552999601917, 'g': 7.751567833975811, 's': 0.06914820201361638}

KERNEL: nu=1.5, lengthscale=2.0, alpha=0.0005
