|   iter    |  target   |     a     |     g     |     s     |
-------------------------------------------------------------
[0.06 0.07 0.07 0.13 0.14 0.18 0.22 0.23 0.25 0.27 0.3  0.51 0.56 0.58
 0.58 0.6  0.64 0.64 0.67 0.68 0.7  0.75 0.79 0.82 0.82 0.88 0.9  0.9
 1.08 1.16 1.2  1.22 1.26 1.26 1.28 1.34 1.34 1.34 1.35 1.35 1.35 1.35
 1.36 1.56 1.66 1.76 1.78 1.79 1.82 1.85 1.86 1.87 1.88 1.91 2.01 2.23
 2.62 3.1  3.1  3.59]
var: 0.6132414166666668
| [0m1        [0m | [0m1.16     [0m | [0m0.04992  [0m | [0m46.75    [0m | [0m0.8229   [0m |
[0.48 0.56 0.58 0.68 0.71 0.74 0.82 0.87 0.92 0.98 1.   1.05 1.06 1.06
 1.09 1.1  1.12 1.16 1.2  1.25 1.26 1.3  1.35 1.37 1.37 1.4  1.43 1.43
 1.45 1.45 1.47 1.52 1.56 1.57 1.57 1.6  1.61 1.66 1.7  1.85 1.88 1.94
 1.99 2.32 2.32 2.45 2.51 2.55 2.73 2.92 3.05 3.08 3.41 3.68 3.74 3.83
 3.87 3.91 4.66 6.18]
var: 1.2669903055555558
| [95m2        [0m | [95m1.856    [0m | [95m0.03511  [0m | [95m47.82    [0m | [95m0.2548   [0m |
[0.05 0.06 0.2  0.2  0.26 0.36 0.4  0.43 0.43 0.46 0.49 0.51 0.53 0.57
 0.6  0.64 0.67 0.7  0.71 0.74 0.77 0.8  0.86 0.9  0.94 0.94 0.94 1.04
 1.05 1.06 1.06 1.1  1.15 1.16 1.17 1.18 1.2  1.21 1.3  1.33 1.33 1.38
 1.42 1.42 1.45 1.5  1.52 1.59 1.61 1.62 1.72 1.75 1.77 1.81 1.99 2.12
 2.22 2.24 2.43 2.73]
var: 0.3653494166666667
| [0m3        [0m | [0m1.097    [0m | [0m0.1192   [0m | [0m40.41    [0m | [0m0.464    [0m |
[0.58 0.69 0.72 0.72 0.81 0.86 1.08 1.24 1.25 1.26 1.29 1.32 1.34 1.38
 1.38 1.43 1.44 1.44 1.45 1.49 1.52 1.59 1.62 1.63 1.67 1.69 1.7  1.71
 1.74 1.83 1.84 1.84 1.86 1.97 1.97 1.98 2.03 2.03 2.13 2.21 2.35 2.41
 2.44 2.45 2.47 2.53 2.55 2.63 2.66 2.68 2.71 2.8  2.97 3.06 3.37 3.41
 3.54 3.68 4.58 5.23]
var: 0.8229609722222229
| [95m4        [0m | [95m2.004    [0m | [95m0.03739  [0m | [95m18.33    [0m | [95m0.415    [0m |
[0.   0.02 0.08 0.09 0.13 0.13 0.16 0.17 0.26 0.35 0.36 0.38 0.39 0.47
 0.48 0.51 0.51 0.52 0.53 0.54 0.55 0.56 0.57 0.58 0.58 0.63 0.65 0.66
 0.7  0.71 0.72 0.75 0.78 0.79 0.91 0.96 0.96 0.97 1.   1.02 1.05 1.1
 1.11 1.12 1.13 1.13 1.14 1.15 1.22 1.27 1.33 1.48 1.48 1.49 1.85 1.88
 1.89 2.08 2.12 2.71]
var: 0.323171222222222
| [0m5        [0m | [0m0.8477   [0m | [0m0.007975 [0m | [0m40.99    [0m | [0m2.396    [0m |
[0.02 0.07 0.1  0.11 0.13 0.13 0.16 0.16 0.17 0.19 0.19 0.2  0.22 0.24
 0.26 0.28 0.28 0.3  0.41 0.46 0.47 0.52 0.52 0.54 0.59 0.6  0.62 0.71
 0.71 0.71 0.73 0.82 0.82 0.91 0.94 0.94 0.96 0.99 1.03 1.04 1.08 1.09
 1.09 1.11 1.15 1.15 1.16 1.17 1.18 1.23 1.24 1.33 1.37 1.52 1.53 1.66
 1.74 1.77 2.15 2.28]
var: 0.2938454166666666
| [0m6        [0m | [0m0.7875   [0m | [0m0.02342  [0m | [0m38.86    [0m | [0m1.993    [0m |
[0.01 0.04 0.09 0.13 0.14 0.14 0.14 0.15 0.21 0.23 0.24 0.25 0.38 0.4
 0.4  0.53 0.55 0.56 0.6  0.63 0.65 0.66 0.66 0.67 0.7  0.76 0.76 0.77
 0.78 0.79 0.79 0.79 0.82 0.82 0.83 0.84 0.91 0.93 0.94 0.95 0.99 1.02
 1.06 1.1  1.13 1.21 1.25 1.28 1.29 1.36 1.36 1.61 1.61 1.9  1.98 2.07
 2.1  2.36 2.59 2.65]
var: 0.39468288888888875
| [0m7        [0m | [0m0.8927   [0m | [0m0.2344   [0m | [0m34.2     [0m | [0m1.096    [0m |
[0.   0.   0.01 0.02 0.03 0.07 0.08 0.12 0.13 0.21 0.24 0.27 0.39 0.43
 0.43 0.44 0.45 0.46 0.47 0.48 0.48 0.5  0.5  0.52 0.56 0.56 0.56 0.58
 0.61 0.64 0.69 0.69 0.74 0.75 0.78 0.79 0.82 0.82 0.9  0.93 0.96 1.
 1.04 1.11 1.16 1.19 1.2  1.37 1.39 1.47 1.52 1.55 1.64 1.7  1.71 1.75
 1.85 1.96 1.97 2.06]
var: 0.320787638888889
| [0m8        [0m | [0m0.7958   [0m | [0m0.2619   [0m | [0m19.41    [0m | [0m2.045    [0m |
[0.   0.03 0.03 0.04 0.09 0.09 0.12 0.13 0.17 0.18 0.22 0.23 0.23 0.23
 0.24 0.27 0.29 0.3  0.31 0.33 0.34 0.35 0.35 0.4  0.42 0.48 0.48 0.51
 0.54 0.55 0.55 0.56 0.62 0.63 0.64 0.65 0.67 0.7  0.7  0.7  0.72 0.74
 0.79 0.81 0.82 0.84 0.85 0.9  1.09 1.1  1.12 1.19 1.3  1.35 1.36 1.41
 1.54 1.6  1.67 1.77]
var: 0.20467122222222214
| [0m9        [0m | [0m0.6223   [0m | [0m0.2969   [0m | [0m38.93    [0m | [0m1.372    [0m |
[0.02 0.07 0.08 0.12 0.13 0.14 0.16 0.17 0.17 0.2  0.24 0.27 0.31 0.38
 0.38 0.42 0.5  0.54 0.56 0.59 0.6  0.63 0.64 0.65 0.66 0.66 0.73 0.8
 0.82 0.83 0.86 0.88 0.88 0.91 0.94 0.95 1.   1.09 1.15 1.18 1.24 1.28
 1.28 1.29 1.34 1.35 1.37 1.38 1.4  1.43 1.44 1.46 1.46 1.6  1.7  1.79
 1.82 1.87 1.91 2.19]
var: 0.3058416388888883
| [0m10       [0m | [0m0.8818   [0m | [0m0.2871   [0m | [0m16.45    [0m | [0m0.4594   [0m |
[0.   0.04 0.05 0.07 0.09 0.09 0.12 0.16 0.18 0.18 0.19 0.2  0.21 0.21
 0.22 0.24 0.24 0.25 0.27 0.27 0.28 0.29 0.31 0.32 0.34 0.36 0.4  0.4
 0.41 0.44 0.45 0.46 0.49 0.5  0.51 0.52 0.53 0.54 0.55 0.56 0.56 0.58
 0.6  0.61 0.64 0.66 0.71 0.72 0.77 0.78 0.78 0.78 0.79 0.79 0.85 0.88
 0.94 1.08 1.26 1.48]
var: 0.0927399999999999
| [0m11       [0m | [0m0.47     [0m | [0m0.275    [0m | [0m1.552    [0m | [0m1.071    [0m |
[0.06 0.1  0.11 0.11 0.12 0.12 0.12 0.15 0.16 0.22 0.24 0.25 0.26 0.26
 0.27 0.34 0.34 0.35 0.4  0.44 0.45 0.45 0.5  0.55 0.61 0.64 0.64 0.64
 0.66 0.68 0.69 0.7  0.71 0.73 0.76 0.77 0.79 0.81 0.84 0.84 0.87 0.88
 0.95 0.95 0.96 1.   1.02 1.1  1.12 1.13 1.23 1.28 1.32 1.38 1.45 1.73
 1.79 1.89 2.   2.34]
var: 0.2675903055555561
| [0m12       [0m | [0m0.7378   [0m | [0m0.148    [0m | [0m16.65    [0m | [0m2.575    [0m |
[0.4  0.51 0.54 0.58 0.59 0.62 0.63 0.69 0.75 0.82 0.93 1.04 1.05 1.12
 1.15 1.23 1.24 1.25 1.29 1.32 1.34 1.37 1.38 1.43 1.49 1.57 1.7  1.71
 1.73 1.74 1.79 1.82 1.87 1.89 1.89 1.91 1.95 1.98 1.99 1.99 2.01 2.01
 2.06 2.09 2.12 2.14 2.16 2.17 2.17 2.23 2.31 2.33 2.43 2.44 2.66 3.05
 3.39 3.58 4.11 4.25]
var: 0.6824055555555562
| [0m13       [0m | [0m1.733    [0m | [0m0.143    [0m | [0m15.45    [0m | [0m0.1448   [0m |
[0.01 0.06 0.14 0.16 0.16 0.19 0.24 0.3  0.32 0.34 0.44 0.46 0.55 0.57
 0.62 0.67 0.67 0.68 0.69 0.73 0.73 0.79 0.82 0.82 0.82 0.87 0.89 0.93
 0.95 0.99 1.07 1.11 1.13 1.17 1.22 1.23 1.25 1.26 1.29 1.34 1.36 1.4
 1.42 1.45 1.5  1.56 1.59 1.61 1.61 1.64 1.74 1.82 1.85 1.85 1.86 2.37
 2.45 2.74 2.84 3.05]
var: 0.48433608333333356
| [0m14       [0m | [0m1.107    [0m | [0m0.06346  [0m | [0m35.45    [0m | [0m0.7747   [0m |
[0.02 0.04 0.16 0.16 0.2  0.21 0.3  0.31 0.32 0.33 0.41 0.43 0.51 0.54
 0.54 0.54 0.58 0.6  0.61 0.62 0.62 0.63 0.63 0.63 0.66 0.67 0.68 0.69
 0.72 0.78 0.78 0.81 0.81 0.82 0.85 0.86 0.91 0.93 0.93 0.94 0.98 1.07
 1.11 1.13 1.18 1.21 1.25 1.29 1.3  1.31 1.31 1.31 1.34 1.34 1.37 1.38
 1.6  1.73 1.96 2.76]
var: 0.2426483055555555
| [0m15       [0m | [0m0.8452   [0m | [0m0.2565   [0m | [0m23.61    [0m | [0m0.6343   [0m |
[0.02 0.02 0.03 0.06 0.1  0.12 0.18 0.18 0.2  0.22 0.22 0.27 0.28 0.35
 0.49 0.54 0.55 0.6  0.62 0.64 0.64 0.64 0.67 0.69 0.7  0.71 0.72 0.72
 0.73 0.75 0.77 0.77 0.8  0.81 0.85 0.86 0.86 0.9  0.94 0.97 1.02 1.03
 1.07 1.08 1.19 1.22 1.27 1.28 1.29 1.42 1.45 1.47 1.49 1.63 1.63 1.65
 1.81 2.24 2.28 2.33]
var: 0.3158928888888887
| [0m16       [0m | [0m0.8507   [0m | [0m0.1418   [0m | [0m18.77    [0m | [0m0.8575   [0m |
[0.   0.   0.05 0.05 0.08 0.09 0.1  0.16 0.16 0.18 0.18 0.2  0.22 0.24
 0.26 0.3  0.34 0.36 0.38 0.39 0.39 0.4  0.41 0.43 0.49 0.51 0.55 0.59
 0.61 0.62 0.63 0.63 0.66 0.68 0.71 0.77 0.81 0.84 0.86 0.86 0.93 0.94
 0.96 0.97 0.99 1.03 1.04 1.16 1.21 1.24 1.26 1.29 1.34 1.34 1.49 1.56
 1.68 1.81 1.93 2.04]
var: 0.26321222222222196
| [0m17       [0m | [0m0.7067   [0m | [0m0.006574 [0m | [0m37.13    [0m | [0m2.486    [0m |
[0.01 0.02 0.05 0.07 0.08 0.11 0.11 0.12 0.18 0.22 0.23 0.26 0.29 0.29
 0.35 0.35 0.36 0.37 0.4  0.42 0.48 0.5  0.52 0.53 0.56 0.56 0.58 0.65
 0.68 0.68 0.69 0.77 0.81 0.82 0.83 0.87 0.9  0.92 0.94 0.95 0.95 0.97
 0.98 1.   1.02 1.04 1.09 1.1  1.13 1.14 1.19 1.25 1.28 1.34 1.37 1.49
 1.53 1.98 2.2  2.25]
var: 0.2662836388888893
| [0m18       [0m | [0m0.7472   [0m | [0m0.02037  [0m | [0m40.45    [0m | [0m2.688    [0m |
[0.02 0.02 0.02 0.03 0.04 0.06 0.07 0.09 0.17 0.21 0.29 0.31 0.48 0.53
 0.55 0.57 0.6  0.61 0.67 0.69 0.69 0.73 0.74 0.79 0.8  0.85 0.85 0.86
 0.86 0.89 0.92 0.93 0.94 0.96 0.99 1.02 1.04 1.09 1.16 1.23 1.24 1.24
 1.25 1.29 1.3  1.31 1.32 1.35 1.39 1.51 1.51 1.51 1.54 1.59 1.64 1.78
 1.91 1.92 2.27 3.42]
var: 0.39587122222222215
| [0m19       [0m | [0m0.9443   [0m | [0m0.1605   [0m | [0m20.0     [0m | [0m1.638    [0m |
[0.   0.01 0.05 0.07 0.08 0.13 0.15 0.2  0.22 0.24 0.25 0.31 0.33 0.39
 0.45 0.47 0.52 0.53 0.57 0.61 0.64 0.66 0.7  0.71 0.72 0.73 0.74 0.74
 0.77 0.84 0.85 0.88 0.89 1.04 1.12 1.13 1.14 1.17 1.18 1.24 1.27 1.28
 1.32 1.32 1.33 1.36 1.4  1.42 1.44 1.47 1.49 1.5  1.51 1.62 1.68 1.94
 2.18 2.19 2.26 2.81]
var: 0.39000788888888827
| [0m20       [0m | [0m0.9377   [0m | [0m0.0484   [0m | [0m15.92    [0m | [0m1.696    [0m |
[0.54 0.54 0.57 0.58 0.59 0.59 0.6  0.61 0.64 0.66 0.68 0.78 0.8  0.81
 0.83 0.85 0.87 0.88 0.89 0.9  0.9  0.98 0.99 1.   1.09 1.1  1.14 1.15
 1.18 1.19 1.22 1.26 1.3  1.33 1.35 1.4  1.41 1.42 1.42 1.5  1.52 1.54
 1.65 1.66 1.67 1.68 1.72 1.73 1.74 1.82 1.83 1.85 1.86 1.87 1.9  1.93
 2.2  2.47 2.88 3.35]
var: 0.3384783055555555
| [0m21       [0m | [0m1.29     [0m | [0m0.1772   [0m | [0m47.55    [0m | [0m0.2515   [0m |
[0.   0.   0.04 0.17 0.21 0.23 0.29 0.3  0.31 0.32 0.37 0.37 0.51 0.54
 0.55 0.57 0.58 0.58 0.6  0.6  0.62 0.66 0.69 0.72 0.75 0.78 0.78 0.78
 0.82 0.85 0.86 0.95 0.95 0.96 1.01 1.07 1.08 1.09 1.1  1.11 1.18 1.22
 1.24 1.29 1.32 1.35 1.36 1.4  1.51 1.56 1.78 1.82 1.86 1.86 1.92 2.
 2.19 2.24 3.17 4.14]
var: 0.5541132222222221
| [0m22       [0m | [0m1.02     [0m | [0m0.07553  [0m | [0m29.81    [0m | [0m1.106    [0m |
[0.03 0.03 0.1  0.11 0.12 0.16 0.16 0.34 0.34 0.38 0.38 0.39 0.52 0.57
 0.64 0.65 0.65 0.69 0.7  0.72 0.73 0.77 0.77 0.78 0.79 0.83 0.89 0.95
 1.   1.   1.02 1.03 1.05 1.05 1.06 1.07 1.12 1.16 1.2  1.2  1.24 1.25
 1.28 1.3  1.38 1.45 1.55 1.61 1.68 1.69 1.71 1.72 1.74 1.74 1.78 2.02
 2.2  2.3  2.38 2.38]
var: 0.36832097222222254
| [0m23       [0m | [0m1.026    [0m | [0m0.09293  [0m | [0m47.99    [0m | [0m0.9045   [0m |
[0.01 0.01 0.02 0.04 0.05 0.07 0.12 0.13 0.17 0.18 0.19 0.2  0.2  0.21
 0.21 0.28 0.29 0.31 0.32 0.32 0.34 0.44 0.45 0.46 0.48 0.49 0.54 0.55
 0.56 0.58 0.63 0.63 0.64 0.65 0.7  0.72 0.72 0.73 0.75 0.77 0.78 0.81
 0.84 0.85 0.85 0.86 0.91 0.92 0.98 0.98 1.   1.14 1.2  1.25 1.29 1.29
 1.34 1.41 1.42 2.26]
var: 0.197487888888889
| [0m24       [0m | [0m0.6257   [0m | [0m0.1037   [0m | [0m27.86    [0m | [0m2.94     [0m |
[0.02 0.02 0.03 0.03 0.06 0.12 0.14 0.15 0.17 0.19 0.19 0.27 0.27 0.31
 0.42 0.43 0.45 0.47 0.5  0.56 0.58 0.63 0.64 0.64 0.64 0.65 0.67 0.67
 0.69 0.7  0.76 0.79 0.91 0.99 1.03 1.04 1.09 1.09 1.16 1.19 1.19 1.2
 1.23 1.28 1.35 1.36 1.43 1.52 1.57 1.6  1.78 2.01 2.04 2.29 2.29 2.54
 2.74 2.92 3.44 5.07]
var: 0.8788916388888884
| [0m25       [0m | [0m1.037    [0m | [0m0.03912  [0m | [0m13.33    [0m | [0m2.547    [0m |
[0.09 0.14 0.22 0.33 0.36 0.41 0.43 0.48 0.49 0.5  0.55 0.56 0.57 0.58
 0.59 0.6  0.61 0.62 0.62 0.65 0.65 0.66 0.69 0.72 0.76 0.77 0.8  0.86
 0.86 0.9  0.94 0.95 0.97 1.01 1.03 1.06 1.12 1.21 1.22 1.22 1.28 1.28
 1.35 1.39 1.4  1.41 1.45 1.46 1.47 1.51 1.57 1.57 1.63 1.65 1.78 2.
 2.   2.06 2.15 2.85]
var: 0.3083045555555555
| [0m26       [0m | [0m1.018    [0m | [0m0.1165   [0m | [0m41.98    [0m | [0m0.5074   [0m |
[0.01 0.08 0.1  0.11 0.11 0.13 0.13 0.14 0.15 0.24 0.38 0.4  0.43 0.48
 0.49 0.53 0.55 0.56 0.62 0.66 0.67 0.7  0.74 0.75 0.76 0.8  0.84 0.84
 0.85 0.85 0.85 0.9  0.92 0.93 0.93 0.95 0.98 0.99 1.03 1.03 1.04 1.09
 1.12 1.23 1.27 1.31 1.31 1.43 1.46 1.48 1.49 1.5  1.64 1.7  1.75 1.76
 1.83 1.9  2.   2.47]
var: 0.3076894166666665
| [0m27       [0m | [0m0.9065   [0m | [0m0.219    [0m | [0m10.44    [0m | [0m2.028    [0m |
[0.02 0.06 0.09 0.09 0.09 0.1  0.11 0.12 0.12 0.13 0.15 0.19 0.2  0.23
 0.25 0.26 0.32 0.36 0.37 0.44 0.45 0.46 0.48 0.52 0.59 0.6  0.62 0.64
 0.65 0.65 0.66 0.69 0.7  0.71 0.74 0.74 0.74 0.79 0.83 0.84 0.85 0.9
 0.96 0.96 1.06 1.09 1.17 1.21 1.21 1.32 1.34 1.37 1.37 1.41 1.49 1.49
 1.61 1.77 1.81 1.94]
var: 0.25392363888888886
| [0m28       [0m | [0m0.7188   [0m | [0m0.2854   [0m | [0m10.38    [0m | [0m0.9647   [0m |
[0.   0.02 0.09 0.11 0.33 0.34 0.36 0.39 0.41 0.44 0.48 0.52 0.57 0.61
 0.64 0.66 0.71 0.73 0.74 0.8  0.8  0.8  0.88 0.94 0.94 0.99 1.05 1.1
 1.17 1.18 1.18 1.22 1.33 1.38 1.44 1.45 1.48 1.51 1.53 1.54 1.57 1.59
 1.62 1.72 1.75 1.81 1.85 1.9  1.96 2.   2.06 2.07 2.11 2.19 2.26 2.38
 2.39 2.41 2.62 4.9 ]
var: 0.689320999999999
| [0m29       [0m | [0m1.267    [0m | [0m0.004498 [0m | [0m45.05    [0m | [0m1.353    [0m |
[0.   0.01 0.02 0.02 0.07 0.09 0.13 0.13 0.23 0.32 0.36 0.39 0.47 0.51
 0.54 0.55 0.59 0.6  0.62 0.63 0.67 0.68 0.71 0.72 0.73 0.74 0.75 0.77
 0.77 0.78 0.79 0.81 0.82 0.86 0.93 1.   1.01 1.02 1.03 1.03 1.04 1.07
 1.08 1.08 1.08 1.16 1.19 1.21 1.21 1.23 1.24 1.26 1.32 1.33 1.37 1.4
 1.49 1.92 2.07 2.6 ]
var: 0.257142083333333
| [0m30       [0m | [0m0.8375   [0m | [0m0.2696   [0m | [0m17.3     [0m | [0m2.243    [0m |
[0.49 0.72 0.72 0.75 0.78 0.8  0.85 0.91 0.95 0.96 1.   1.03 1.04 1.05
 1.08 1.31 1.33 1.36 1.43 1.45 1.46 1.55 1.66 1.74 1.75 1.75 1.81 1.82
 1.85 1.88 1.88 1.91 2.02 2.05 2.05 2.05 2.09 2.11 2.17 2.22 2.3  2.3
 2.33 2.42 2.44 2.52 2.54 2.59 2.62 2.63 2.76 2.88 2.98 3.08 3.13 3.25
 3.37 3.47 4.25 4.41]
var: 0.7612483333333331
| [0m31       [0m | [0m1.935    [0m | [0m0.01442  [0m | [0m39.26    [0m | [0m0.2569   [0m |
[0.1  0.13 0.14 0.2  0.21 0.23 0.23 0.24 0.24 0.24 0.26 0.29 0.29 0.31
 0.32 0.37 0.4  0.41 0.42 0.43 0.46 0.48 0.49 0.51 0.51 0.58 0.59 0.61
 0.63 0.64 0.68 0.71 0.72 0.72 0.75 0.76 0.83 0.86 0.86 0.87 0.88 0.89
 0.92 0.93 0.94 1.02 1.04 1.09 1.09 1.11 1.15 1.17 1.3  1.32 1.35 1.46
 1.5  1.52 1.64 1.78]
var: 0.17720655555555548
| [0m32       [0m | [0m0.7137   [0m | [0m0.2062   [0m | [0m5.025    [0m | [0m2.407    [0m |
[0.03 0.09 0.09 0.13 0.16 0.19 0.2  0.22 0.24 0.25 0.28 0.35 0.36 0.38
 0.4  0.4  0.45 0.45 0.46 0.49 0.5  0.54 0.56 0.58 0.59 0.6  0.6  0.66
 0.66 0.67 0.69 0.69 0.7  0.72 0.78 0.87 0.88 0.88 0.88 0.89 0.89 0.9
 0.95 0.97 0.98 1.01 1.05 1.07 1.09 1.12 1.16 1.22 1.27 1.3  1.39 1.53
 1.74 2.36 2.49 2.6 ]
var: 0.2964920833333334
| [0m33       [0m | [0m0.7775   [0m | [0m0.0217   [0m | [0m41.2     [0m | [0m2.772    [0m |
[0.01 0.05 0.05 0.09 0.11 0.13 0.13 0.16 0.18 0.18 0.18 0.22 0.23 0.3
 0.3  0.41 0.42 0.44 0.45 0.5  0.56 0.59 0.6  0.69 0.7  0.71 0.72 0.72
 0.73 0.77 0.8  0.82 0.83 0.83 0.91 0.92 0.97 1.07 1.07 1.1  1.12 1.14
 1.21 1.23 1.26 1.31 1.33 1.42 1.48 1.53 1.54 1.57 1.84 1.87 1.95 2.1
 2.17 2.32 2.56 2.97]
var: 0.46384808333333283
| [0m34       [0m | [0m0.9095   [0m | [0m0.1675   [0m | [0m32.74    [0m | [0m1.485    [0m |
[0.02 0.06 0.07 0.08 0.1  0.11 0.16 0.17 0.18 0.22 0.3  0.34 0.35 0.4
 0.42 0.51 0.51 0.53 0.62 0.72 0.73 0.74 0.75 0.79 0.82 0.83 0.86 0.88
 0.91 0.93 0.94 1.01 1.02 1.02 1.1  1.12 1.12 1.15 1.18 1.26 1.26 1.27
 1.28 1.29 1.31 1.36 1.37 1.4  1.41 1.43 1.5  1.53 1.76 1.91 2.   2.15
 2.37 2.41 2.61 3.5 ]
var: 0.49111208333333295
| [0m35       [0m | [0m1.003    [0m | [0m0.09438  [0m | [0m37.94    [0m | [0m0.8839   [0m |
[0.   0.01 0.01 0.05 0.05 0.08 0.08 0.1  0.1  0.13 0.13 0.19 0.23 0.25
 0.3  0.31 0.32 0.35 0.37 0.39 0.53 0.54 0.54 0.55 0.56 0.66 0.67 0.73
 0.75 0.76 0.78 0.81 0.81 0.87 0.87 0.94 0.94 0.94 0.99 1.01 1.02 1.03
 1.04 1.06 1.07 1.09 1.11 1.19 1.25 1.26 1.27 1.61 1.61 1.64 1.65 1.85
 2.29 2.31 2.39 2.47]
var: 0.39398830555555514
| [0m36       [0m | [0m0.8152   [0m | [0m0.2626   [0m | [0m46.26    [0m | [0m1.189    [0m |
[0.   0.01 0.03 0.11 0.16 0.2  0.22 0.22 0.23 0.25 0.26 0.27 0.3  0.32
 0.34 0.35 0.42 0.45 0.46 0.47 0.48 0.5  0.53 0.53 0.55 0.58 0.59 0.6
 0.61 0.61 0.62 0.63 0.69 0.75 0.78 0.8  0.81 0.86 0.87 0.9  0.9  0.93
 0.94 0.97 1.02 1.09 1.12 1.12 1.12 1.16 1.18 1.18 1.23 1.26 1.36 1.39
 1.45 1.52 1.72 1.84]
var: 0.1913645555555554
| [0m37       [0m | [0m0.7143   [0m | [0m0.2315   [0m | [0m21.7     [0m | [0m0.9231   [0m |
[0.26 0.3  0.52 0.6  0.6  0.66 0.67 0.78 0.8  0.9  0.91 0.92 0.94 0.98
 1.   1.04 1.11 1.11 1.2  1.21 1.23 1.27 1.31 1.39 1.41 1.45 1.45 1.46
 1.51 1.56 1.59 1.59 1.62 1.63 1.64 1.67 1.7  1.74 1.78 1.8  1.91 1.94
 1.94 1.97 1.97 1.98 1.99 2.15 2.16 2.31 2.5  2.52 2.72 2.85 3.14 3.34
 3.35 3.45 3.59 4.17]
var: 0.7130812222222223
| [0m38       [0m | [0m1.654    [0m | [0m0.01262  [0m | [0m42.37    [0m | [0m0.4971   [0m |
[0.02 0.06 0.17 0.23 0.37 0.4  0.41 0.42 0.49 0.56 0.56 0.61 0.62 0.64
 0.65 0.66 0.66 0.68 0.7  0.72 0.8  0.89 0.9  0.9  0.96 0.98 1.03 1.04
 1.1  1.11 1.13 1.14 1.21 1.22 1.28 1.29 1.3  1.34 1.34 1.37 1.4  1.43
 1.45 1.46 1.52 1.54 1.55 1.57 1.61 1.67 1.9  1.91 1.94 1.94 2.03 2.39
 2.67 2.75 3.48 3.7 ]
var: 0.5537436388888889
| [0m39       [0m | [0m1.198    [0m | [0m0.2417   [0m | [0m33.33    [0m | [0m0.3894   [0m |
[0.   0.01 0.03 0.07 0.07 0.08 0.09 0.1  0.11 0.12 0.15 0.17 0.18 0.2
 0.23 0.25 0.3  0.34 0.35 0.36 0.37 0.4  0.4  0.41 0.44 0.45 0.46 0.47
 0.48 0.48 0.48 0.48 0.54 0.58 0.6  0.63 0.65 0.66 0.67 0.67 0.68 0.7
 0.74 0.79 0.8  0.82 0.86 0.86 0.91 0.94 0.95 0.99 1.   1.03 1.03 1.04
 1.05 1.11 1.22 1.35]
var: 0.11896000000000011
| [0m40       [0m | [0m0.54     [0m | [0m0.0691   [0m | [0m47.37    [0m | [0m2.978    [0m |
[0.68 0.77 0.83 0.87 0.88 0.93 1.07 1.11 1.14 1.15 1.17 1.19 1.2  1.31
 1.36 1.38 1.43 1.48 1.57 1.62 1.63 1.8  1.8  1.8  1.86 1.88 1.9  1.9
 1.96 1.97 1.99 2.04 2.06 2.13 2.16 2.27 2.27 2.34 2.38 2.45 2.49 2.54
 2.54 2.55 2.55 2.59 2.64 2.7  2.73 2.81 2.87 2.93 2.94 3.02 3.13 3.13
 3.34 3.43 3.48 7.17]
var: 0.9803860833333341
| [95m41       [0m | [95m2.089    [0m | [95m0.01411  [0m | [95m18.24    [0m | [95m0.3164   [0m |
[0.   0.02 0.12 0.15 0.19 0.29 0.37 0.39 0.42 0.42 0.48 0.48 0.61 0.61
 0.66 0.7  0.71 0.78 0.84 0.84 0.84 0.91 0.93 1.   1.05 1.24 1.24 1.25
 1.28 1.29 1.31 1.33 1.34 1.34 1.35 1.42 1.43 1.44 1.48 1.49 1.58 1.61
 1.73 1.73 1.8  1.81 1.87 1.89 1.94 2.   2.19 2.29 2.52 2.6  2.99 3.24
 3.51 3.62 3.63 4.93]
var: 0.9832793333333331
| [0m42       [0m | [0m1.392    [0m | [0m1e-08    [0m | [0m18.1     [0m | [0m0.475    [0m |
[0.11 0.14 0.54 0.54 0.55 0.57 0.65 0.66 0.68 0.69 0.71 0.83 0.91 0.94
 0.94 1.06 1.06 1.12 1.19 1.22 1.25 1.27 1.32 1.33 1.34 1.39 1.44 1.5
 1.53 1.53 1.54 1.55 1.56 1.57 1.67 1.68 1.7  1.71 1.79 1.82 1.87 1.9
 1.96 1.96 1.99 2.   2.11 2.12 2.17 2.25 2.27 2.32 2.42 2.48 2.51 2.65
 2.68 3.2  3.29 5.08]
var: 0.6962414166666665
| [0m43       [0m | [0m1.581    [0m | [0m0.1617   [0m | [0m18.38    [0m | [0m0.2605   [0m |
[0.3  0.37 0.53 0.62 0.7  0.7  0.73 0.78 0.86 0.89 0.9  0.99 1.01 1.06
 1.24 1.25 1.31 1.32 1.33 1.33 1.35 1.39 1.39 1.41 1.43 1.44 1.45 1.51
 1.51 1.57 1.59 1.62 1.63 1.65 1.69 1.76 1.78 1.8  1.83 1.94 1.97 2.
 2.09 2.11 2.11 2.11 2.17 2.2  2.2  2.29 2.29 2.32 2.36 2.42 2.44 2.59
 2.64 2.76 2.84 3.19]
var: 0.4212245555555552
| [0m44       [0m | [0m1.618    [0m | [0m0.03121  [0m | [0m39.32    [0m | [0m0.4148   [0m |
[0.14 0.15 0.15 0.16 0.19 0.21 0.21 0.23 0.28 0.28 0.3  0.3  0.32 0.32
 0.32 0.37 0.38 0.39 0.43 0.48 0.52 0.52 0.54 0.56 0.56 0.57 0.57 0.57
 0.59 0.59 0.61 0.61 0.63 0.65 0.66 0.69 0.7  0.73 0.75 0.76 0.77 0.79
 0.85 0.86 0.87 0.92 0.93 0.93 0.93 0.93 0.94 0.95 0.99 1.01 1.07 1.13
 1.42 1.43 1.6  1.9 ]
var: 0.13477608333333313
| [0m45       [0m | [0m0.6535   [0m | [0m0.1277   [0m | [0m1.939    [0m | [0m1.741    [0m |
[0.03 0.53 0.55 0.56 0.56 0.58 0.59 0.61 0.62 0.67 0.68 0.69 0.73 0.75
 0.75 0.93 0.97 0.99 1.   1.   1.02 1.03 1.03 1.04 1.09 1.1  1.13 1.17
 1.19 1.19 1.25 1.27 1.29 1.32 1.33 1.34 1.37 1.37 1.4  1.5  1.59 1.66
 1.74 1.76 1.79 1.81 1.85 1.85 1.87 1.88 2.02 2.04 2.14 2.16 2.2  2.21
 2.26 2.69 2.8  3.55]
var: 0.42616497222222255
| [0m46       [0m | [0m1.335    [0m | [0m0.1597   [0m | [0m39.15    [0m | [0m0.2164   [0m |
[0.35 0.35 0.41 0.44 0.63 0.69 0.7  0.72 0.72 0.72 0.73 0.74 0.87 0.97
 0.97 1.15 1.17 1.17 1.2  1.26 1.4  1.41 1.42 1.44 1.46 1.5  1.54 1.62
 1.64 1.66 1.67 1.68 1.72 1.73 1.83 1.87 1.9  1.93 1.94 1.98 1.99 2.
 2.04 2.17 2.25 2.32 2.35 2.42 2.43 2.55 2.67 2.71 2.89 3.09 3.37 3.59
 3.63 3.88 3.89 5.11]
var: 0.9700887500000004
| [0m47       [0m | [0m1.778    [0m | [0m0.04508  [0m | [0m18.11    [0m | [0m0.4612   [0m |
[0.12 0.36 0.46 0.58 0.6  0.6  0.63 0.64 0.66 0.7  0.7  0.72 0.77 0.81
 0.83 0.89 0.94 1.06 1.19 1.2  1.22 1.27 1.29 1.3  1.31 1.32 1.34 1.35
 1.36 1.39 1.4  1.42 1.42 1.51 1.53 1.54 1.58 1.72 1.75 1.76 1.79 1.82
 1.9  1.91 1.91 2.01 2.07 2.11 2.11 2.19 2.24 2.34 2.35 2.4  2.65 2.9
 3.03 3.44 3.49 4.21]
var: 0.6638416388888886
| [0m48       [0m | [0m1.535    [0m | [0m0.1232   [0m | [0m18.15    [0m | [0m0.2976   [0m |
[0.25 0.64 0.8  0.87 0.92 1.02 1.07 1.26 1.28 1.29 1.3  1.31 1.32 1.36
 1.4  1.41 1.61 1.67 1.71 1.78 1.84 1.92 1.99 2.01 2.14 2.14 2.15 2.18
 2.18 2.2  2.2  2.28 2.3  2.45 2.52 2.53 2.62 2.69 2.73 2.76 2.77 2.78
 2.88 3.1  3.12 3.2  3.4  3.4  3.42 3.57 3.64 3.7  4.03 4.2  4.54 4.62
 4.76 5.27 5.55 6.69]
var: 1.6590489999999998
| [95m49       [0m | [95m2.479    [0m | [95m0.003934 [0m | [95m18.36    [0m | [95m0.3168   [0m |
[0.01 0.03 0.05 0.06 0.07 0.1  0.12 0.28 0.28 0.33 0.35 0.44 0.46 0.48
 0.48 0.48 0.49 0.49 0.49 0.49 0.51 0.53 0.53 0.54 0.57 0.6  0.62 0.62
 0.64 0.72 0.79 0.83 0.85 0.91 0.93 0.96 0.96 0.99 1.06 1.07 1.12 1.14
 1.18 1.37 1.38 1.38 1.6  1.63 1.66 1.85 1.86 1.91 2.05 2.27 2.31 2.69
 2.71 2.91 3.01 4.09]
var: 0.7295036388888895
| [0m50       [0m | [0m1.022    [0m | [0m1e-08    [0m | [0m18.44    [0m | [0m0.2975   [0m |
[0.63 0.72 0.72 0.76 0.82 0.83 0.83 0.86 0.86 0.88 0.91 0.97 1.03 1.04
 1.05 1.1  1.12 1.13 1.16 1.33 1.37 1.37 1.38 1.43 1.48 1.6  1.7  1.71
 1.73 1.74 1.85 1.86 1.86 1.87 1.88 1.92 1.94 1.95 1.95 1.96 1.97 2.07
 2.17 2.31 2.56 2.65 2.68 2.69 2.7  2.77 2.8  2.81 2.84 3.1  3.24 3.24
 3.34 3.35 3.63 8.71]
var: 1.426474750000001
| [0m51       [0m | [0m1.916    [0m | [0m0.04136  [0m | [0m18.36    [0m | [0m0.2774   [0m |
[0.44 0.58 0.62 0.63 0.65 0.67 0.7  0.72 0.75 0.84 0.85 0.87 0.88 1.
 1.02 1.07 1.1  1.15 1.16 1.2  1.24 1.26 1.28 1.29 1.32 1.33 1.34 1.34
 1.37 1.46 1.46 1.47 1.51 1.52 1.58 1.59 1.61 1.61 1.64 1.71 1.72 1.73
 1.74 1.76 1.77 1.81 1.84 1.84 1.88 1.89 1.94 1.94 1.96 2.03 2.06 2.1
 2.48 2.68 3.43 4.13]
var: 0.42345066666666703
| [0m52       [0m | [0m1.476    [0m | [0m0.1456   [0m | [0m18.28    [0m | [0m0.3562   [0m |
[0.04 0.13 0.14 0.17 0.23 0.25 0.28 0.28 0.28 0.3  0.31 0.35 0.36 0.4
 0.4  0.41 0.41 0.41 0.43 0.46 0.46 0.46 0.47 0.47 0.47 0.49 0.5  0.5
 0.53 0.54 0.55 0.57 0.57 0.58 0.59 0.62 0.63 0.63 0.66 0.66 0.67 0.68
 0.69 0.7  0.72 0.73 0.75 0.76 0.79 0.8  0.8  0.8  0.82 0.87 0.88 1.01
 1.06 1.33 1.6  1.82]
var: 0.10050030555555542
| [0m53       [0m | [0m0.5878   [0m | [0m0.01821  [0m | [0m1.01     [0m | [0m2.748    [0m |
[0.   0.   0.   0.01 0.02 0.03 0.12 0.13 0.14 0.14 0.15 0.17 0.19 0.28
 0.35 0.36 0.36 0.43 0.47 0.47 0.47 0.48 0.49 0.5  0.51 0.51 0.52 0.53
 0.54 0.54 0.56 0.57 0.6  0.61 0.63 0.64 0.74 0.74 0.75 0.8  0.82 0.83
 0.85 0.89 0.98 0.98 0.99 0.99 1.04 1.06 1.07 1.07 1.11 1.31 1.34 1.44
 1.47 1.49 1.75 1.92]
var: 0.20385430555555586
| [0m54       [0m | [0m0.6492   [0m | [0m0.1604   [0m | [0m44.34    [0m | [0m2.962    [0m |
[0.02 0.11 0.15 0.18 0.18 0.2  0.21 0.24 0.25 0.25 0.27 0.3  0.38 0.38
 0.42 0.47 0.47 0.48 0.58 0.62 0.65 0.66 0.66 0.68 0.7  0.81 0.82 0.86
 0.88 0.88 0.92 0.92 0.93 0.96 1.03 1.08 1.08 1.1  1.11 1.13 1.13 1.16
 1.18 1.18 1.21 1.21 1.27 1.27 1.28 1.3  1.43 1.5  1.55 1.56 1.88 1.89
 2.33 2.5  2.53 3.13]
var: 0.41039163888888897
| [0m55       [0m | [0m0.9418   [0m | [0m0.01483  [0m | [0m39.37    [0m | [0m1.83     [0m |
[0.35 0.64 0.69 0.77 0.79 0.81 0.84 0.85 0.87 0.88 0.92 0.97 0.98 1.03
 1.06 1.07 1.12 1.13 1.14 1.18 1.21 1.37 1.37 1.43 1.43 1.46 1.47 1.51
 1.51 1.53 1.56 1.6  1.75 1.76 1.84 1.86 1.88 1.96 1.97 1.98 1.99 2.
 2.08 2.1  2.24 2.26 2.33 2.33 2.35 2.38 2.45 2.53 2.6  2.73 2.76 2.89
 2.94 2.95 2.96 3.49]
var: 0.5146438888888889
| [0m56       [0m | [0m1.682    [0m | [0m0.05619  [0m | [0m39.18    [0m | [0m0.289    [0m |
[0.06 0.14 0.14 0.16 0.19 0.2  0.23 0.32 0.39 0.41 0.43 0.49 0.51 0.55
 0.6  0.63 0.63 0.65 0.7  0.71 0.71 0.73 0.73 0.73 0.81 0.85 0.87 0.89
 0.89 0.93 0.94 1.01 1.03 1.06 1.07 1.09 1.13 1.17 1.25 1.26 1.3  1.32
 1.4  1.4  1.45 1.49 1.49 1.5  1.51 1.56 1.68 1.72 1.74 1.75 1.78 1.86
 1.93 2.02 2.43 3.06]
var: 0.3684493333333331
| [0m57       [0m | [0m1.028    [0m | [0m0.06939  [0m | [0m9.252    [0m | [0m0.6138   [0m |
[0.43 0.62 0.66 0.69 0.77 0.77 0.82 0.85 1.   1.01 1.03 1.05 1.06 1.1
 1.25 1.25 1.25 1.3  1.32 1.34 1.34 1.34 1.36 1.49 1.54 1.56 1.59 1.61
 1.68 1.71 1.73 1.77 1.82 1.87 1.89 1.89 1.9  1.92 1.99 2.   2.03 2.08
 2.13 2.15 2.15 2.24 2.27 2.29 2.29 2.36 2.38 2.38 2.45 2.56 2.6  2.76
 3.27 3.62 3.64 4.68]
var: 0.631978333333333
| [0m58       [0m | [0m1.765    [0m | [0m0.0404   [0m | [0m18.38    [0m | [0m0.3278   [0m |
[0.32 0.55 0.6  0.67 0.68 0.72 0.74 0.78 0.81 0.82 0.87 0.87 0.9  1.06
 1.09 1.28 1.29 1.32 1.34 1.37 1.38 1.43 1.47 1.49 1.59 1.63 1.63 1.64
 1.72 1.74 1.77 1.87 1.92 1.93 1.98 2.02 2.04 2.07 2.16 2.21 2.25 2.33
 2.37 2.37 2.48 2.65 2.73 2.79 2.8  3.07 3.07 3.08 3.12 3.35 3.47 3.51
 3.69 3.71 4.31 4.42]
var: 0.9719645555555552
| [0m59       [0m | [0m1.922    [0m | [0m0.009426 [0m | [0m39.26    [0m | [0m0.3452   [0m |
[0.06 0.64 0.66 0.71 0.72 0.77 0.83 0.83 1.03 1.06 1.09 1.11 1.3  1.31
 1.32 1.36 1.38 1.4  1.4  1.42 1.45 1.46 1.55 1.76 1.81 1.84 1.85 1.94
 1.97 1.97 2.06 2.09 2.11 2.14 2.17 2.27 2.3  2.35 2.47 2.55 2.58 2.72
 2.74 2.8  2.82 2.92 2.95 2.97 3.14 3.17 3.17 3.25 3.37 3.38 3.48 3.55
 3.61 4.15 4.27 5.68]
var: 1.1321314166666667
| [0m60       [0m | [0m2.121    [0m | [0m0.01368  [0m | [0m18.27    [0m | [0m0.3846   [0m |
[0.68 0.69 0.72 0.72 0.74 0.75 0.76 0.76 0.78 0.8  0.82 0.87 0.91 0.95
 1.   1.12 1.13 1.18 1.18 1.19 1.28 1.31 1.32 1.33 1.38 1.42 1.42 1.44
 1.63 1.67 1.7  1.74 1.76 1.76 1.78 1.8  1.88 1.91 1.93 1.98 1.99 2.03
 2.03 2.09 2.09 2.13 2.2  2.27 2.27 2.38 2.49 2.49 2.53 2.68 2.69 2.72
 2.85 2.9  3.35 5.82]
var: 0.7422749722222228
| [0m61       [0m | [0m1.703    [0m | [0m0.08501  [0m | [0m18.29    [0m | [0m0.3151   [0m |
[0.24 0.68 0.7  0.73 0.89 0.9  0.91 1.01 1.02 1.07 1.08 1.14 1.17 1.17
 1.22 1.3  1.31 1.39 1.39 1.4  1.4  1.42 1.45 1.45 1.46 1.47 1.59 1.6
 1.64 1.66 1.73 1.76 1.81 1.84 1.89 1.96 1.96 2.09 2.09 2.11 2.12 2.13
 2.19 2.26 2.28 2.4  2.46 2.5  2.55 2.71 2.77 2.88 3.07 3.23 3.37 3.52
 3.56 4.06 4.66 4.87]
var: 0.9046294166666667
| [0m62       [0m | [0m1.912    [0m | [0m0.02672  [0m | [0m18.42    [0m | [0m0.3347   [0m |
[0.01 0.09 0.09 0.13 0.14 0.17 0.17 0.27 0.29 0.29 0.3  0.43 0.49 0.52
 0.62 0.63 0.67 0.69 0.75 0.75 0.76 0.77 0.78 0.81 0.9  0.9  0.97 0.98
 1.03 1.04 1.05 1.05 1.08 1.08 1.1  1.13 1.14 1.17 1.2  1.23 1.27 1.31
 1.32 1.37 1.37 1.45 1.55 1.56 1.67 1.91 2.06 2.12 2.16 2.55 2.65 2.71
 2.77 3.15 3.3  3.42]
var: 0.6872445555555559
| [0m63       [0m | [0m1.156    [0m | [0m0.0894   [0m | [0m10.93    [0m | [0m1.406    [0m |
[0.   0.   0.04 0.04 0.08 0.11 0.19 0.24 0.24 0.29 0.33 0.37 0.38 0.38
 0.4  0.41 0.44 0.46 0.5  0.52 0.55 0.56 0.6  0.62 0.64 0.66 0.72 0.76
 0.78 0.78 0.83 0.85 0.87 0.9  1.   1.02 1.05 1.07 1.11 1.13 1.18 1.19
 1.25 1.27 1.3  1.31 1.32 1.35 1.39 1.43 1.45 1.45 1.52 1.76 1.8  1.97
 2.   2.11 2.12 2.14]
var: 0.33845030555555583
| [0m64       [0m | [0m0.8872   [0m | [0m0.184    [0m | [0m36.0     [0m | [0m1.473    [0m |
[0.34 0.68 0.71 0.77 0.78 0.78 0.79 0.81 0.82 0.83 0.84 0.88 0.9  0.91
 0.91 0.99 1.01 1.03 1.05 1.05 1.06 1.07 1.08 1.22 1.22 1.26 1.26 1.34
 1.35 1.39 1.4  1.45 1.52 1.53 1.54 1.56 1.58 1.58 1.59 1.6  1.62 1.64
 1.66 1.7  2.01 2.12 2.12 2.25 2.25 2.36 2.45 2.53 2.6  2.65 2.67 2.78
 3.09 3.13 3.66 4.49]
var: 0.6504523333333335
| [0m65       [0m | [0m1.571    [0m | [0m0.04255  [0m | [0m47.91    [0m | [0m0.261    [0m |
[0.73 0.8  0.82 0.92 0.95 1.18 1.25 1.3  1.31 1.38 1.38 1.39 1.42 1.61
 1.73 1.76 1.76 1.79 1.88 1.95 2.02 2.02 2.02 2.08 2.1  2.11 2.16 2.2
 2.24 2.25 2.29 2.31 2.32 2.34 2.39 2.41 2.41 2.46 2.48 2.52 2.69 2.75
 2.78 2.8  2.8  2.85 2.91 3.03 3.22 3.23 3.29 3.31 3.32 3.43 3.66 3.96
 4.37 5.01 5.56 6.9 ]
var: 1.2737249722222213
| [0m66       [0m | [0m2.405    [0m | [0m0.01067  [0m | [0m18.41    [0m | [0m0.416    [0m |
[0.47 0.51 0.69 0.75 0.76 0.77 0.85 0.9  0.98 1.27 1.42 1.46 1.5  1.6
 1.61 1.62 1.79 1.93 1.95 2.02 2.02 2.05 2.06 2.06 2.07 2.08 2.18 2.19
 2.26 2.28 2.42 2.42 2.52 2.53 2.53 2.53 2.57 2.59 2.61 2.63 2.63 2.63
 2.67 2.8  3.1  3.12 3.14 3.15 3.36 3.48 3.54 3.56 3.64 3.69 3.78 4.1
 4.35 4.74 4.89 6.25]
var: 1.3042203055555561
| [0m67       [0m | [0m2.401    [0m | [0m0.01465  [0m | [0m18.39    [0m | [0m0.4914   [0m |
[0.02 0.07 0.09 0.1  0.2  0.23 0.26 0.28 0.29 0.31 0.34 0.34 0.47 0.49
 0.49 0.49 0.53 0.54 0.54 0.55 0.58 0.59 0.62 0.65 0.72 0.75 0.82 0.83
 0.94 0.96 0.97 1.01 1.09 1.13 1.14 1.14 1.14 1.18 1.18 1.19 1.21 1.27
 1.31 1.31 1.31 1.35 1.37 1.38 1.44 1.5  1.57 1.6  1.61 1.66 1.67 1.71
 1.81 2.01 2.3  2.55]
var: 0.33103888888888894
| [0m68       [0m | [0m0.9533   [0m | [0m0.06411  [0m | [0m5.013    [0m | [0m0.8309   [0m |
[0.   0.   0.   0.11 0.14 0.15 0.16 0.17 0.19 0.2  0.2  0.21 0.23 0.25
 0.27 0.32 0.36 0.39 0.42 0.43 0.47 0.55 0.58 0.58 0.6  0.62 0.66 0.67
 0.68 0.7  0.71 0.77 0.83 0.85 0.86 0.86 0.88 0.9  0.93 0.98 1.   1.01
 1.05 1.06 1.19 1.19 1.36 1.37 1.44 1.46 1.49 1.64 1.65 1.72 1.73 1.88
 1.95 2.   2.1  3.5 ]
var: 0.4362847499999999
| [0m69       [0m | [0m0.8445   [0m | [0m0.0185   [0m | [0m38.05    [0m | [0m1.945    [0m |
[0.01 0.05 0.09 0.09 0.13 0.14 0.17 0.2  0.21 0.28 0.31 0.31 0.36 0.39
 0.39 0.39 0.4  0.4  0.44 0.48 0.51 0.55 0.56 0.56 0.57 0.59 0.6  0.65
 0.65 0.66 0.66 0.67 0.67 0.68 0.74 0.75 0.77 0.77 0.81 0.86 0.87 0.93
 0.94 0.94 0.98 1.04 1.09 1.25 1.3  1.32 1.33 1.7  1.87 1.89 2.04 2.19
 2.35 2.52 2.52 2.79]
var: 0.44606988888888843
| [0m70       [0m | [0m0.8397   [0m | [0m0.2612   [0m | [0m28.35    [0m | [0m1.306    [0m |
[0.   0.   0.03 0.06 0.08 0.13 0.18 0.21 0.23 0.26 0.27 0.27 0.29 0.32
 0.32 0.35 0.36 0.46 0.53 0.57 0.58 0.61 0.61 0.65 0.66 0.68 0.69 0.72
 0.72 0.74 0.85 0.85 0.88 0.89 0.89 0.89 0.9  1.01 1.02 1.06 1.07 1.08
 1.09 1.12 1.17 1.18 1.19 1.22 1.22 1.4  1.45 1.5  1.58 1.67 1.95 1.96
 1.98 2.05 2.46 2.59]
var: 0.3696420833333337
| [0m71       [0m | [0m0.8625   [0m | [0m0.1547   [0m | [0m29.82    [0m | [0m1.032    [0m |
[0.   0.01 0.02 0.03 0.04 0.04 0.05 0.05 0.06 0.09 0.17 0.21 0.21 0.26
 0.3  0.31 0.35 0.35 0.41 0.44 0.44 0.45 0.47 0.48 0.49 0.5  0.51 0.54
 0.56 0.57 0.58 0.59 0.59 0.61 0.62 0.63 0.65 0.69 0.7  0.7  0.74 0.75
 0.76 0.78 0.78 0.79 0.85 0.94 0.94 1.09 1.09 1.1  1.18 1.22 1.24 1.27
 1.35 1.61 1.82 3.42]
var: 0.29931608333333326
| [0m72       [0m | [0m0.6415   [0m | [0m0.2041   [0m | [0m42.06    [0m | [0m2.424    [0m |
[0.12 0.19 0.26 0.33 0.37 0.41 0.43 0.53 0.72 0.73 0.75 0.77 0.78 0.8
 0.85 0.88 1.06 1.07 1.14 1.15 1.17 1.24 1.3  1.3  1.34 1.38 1.42 1.43
 1.47 1.57 1.65 1.67 1.69 1.77 1.82 1.9  1.91 1.93 1.94 2.04 2.06 2.07
 2.09 2.11 2.25 2.37 2.47 2.58 2.62 2.66 2.68 2.7  2.71 2.72 2.92 3.25
 3.58 4.18 4.3  4.53]
var: 1.0286936388888888
| [0m73       [0m | [0m1.702    [0m | [0m0.05953  [0m | [0m18.45    [0m | [0m0.4511   [0m |
[0.14 0.26 0.28 0.47 0.74 0.76 0.8  0.95 0.99 1.19 1.2  1.28 1.36 1.41
 1.44 1.47 1.62 1.64 1.72 1.82 1.83 1.84 1.85 1.88 1.89 2.   2.03 2.06
 2.09 2.15 2.17 2.19 2.19 2.22 2.24 2.29 2.33 2.34 2.43 2.43 2.98 3.08
 3.1  3.11 3.26 3.28 3.33 3.88 3.97 4.02 4.32 4.42 4.49 4.49 4.54 4.66
 4.69 5.27 5.8  7.04]
var: 2.1039926666666675
| [0m74       [0m | [0m2.462    [0m | [0m0.001159 [0m | [0m18.29    [0m | [0m0.5274   [0m |
[0.43 0.53 0.61 0.77 0.92 0.93 0.96 1.   1.13 1.19 1.48 1.51 1.52 1.64
 1.71 1.85 2.02 2.03 2.05 2.06 2.07 2.11 2.12 2.13 2.17 2.19 2.2  2.25
 2.42 2.52 2.54 2.55 2.57 2.64 2.65 2.65 2.66 2.72 2.77 2.84 2.89 2.99
 2.99 3.11 3.22 3.27 3.31 3.33 3.49 3.53 3.55 3.58 3.64 3.78 3.89 4.29
 4.33 4.62 4.63 4.65]
var: 1.127223333333333
| [0m75       [0m | [0m2.47     [0m | [0m0.007872 [0m | [0m18.36    [0m | [0m0.4347   [0m |
[0.32 0.38 0.43 0.44 0.55 0.72 0.73 0.77 0.79 0.82 0.89 0.93 0.97 0.98
 1.07 1.09 1.12 1.13 1.16 1.17 1.32 1.34 1.37 1.45 1.48 1.53 1.64 1.68
 1.7  1.73 1.75 1.79 1.84 1.85 1.92 1.95 1.98 1.99 1.99 2.03 2.08 2.22
 2.38 2.39 2.45 2.51 2.53 2.57 2.69 2.7  2.85 2.98 3.21 3.28 4.15 4.31
 4.41 4.61 5.   6.1 ]
var: 1.4522483055555557
| [0m76       [0m | [0m1.937    [0m | [0m0.03069  [0m | [0m18.19    [0m | [0m0.4715   [0m |
[0.02 0.03 0.22 0.36 0.49 0.53 0.56 0.59 0.64 0.67 0.75 0.76 0.81 0.81
 0.86 1.02 1.04 1.28 1.33 1.36 1.39 1.41 1.43 1.43 1.58 1.63 1.66 1.67
 1.72 1.72 1.77 1.79 1.79 1.83 1.88 1.91 1.98 2.   2.08 2.16 2.18 2.34
 2.41 2.52 2.69 2.71 2.73 2.82 2.83 3.21 3.29 3.37 3.43 3.56 3.67 3.68
 3.87 5.56 5.64 6.35]
var: 1.756333222222222
| [0m77       [0m | [0m1.964    [0m | [0m0.01545  [0m | [0m18.49    [0m | [0m0.577    [0m |
[0.05 0.06 0.1  0.1  0.12 0.13 0.14 0.18 0.3  0.41 0.49 0.57 0.6  0.61
 0.61 0.64 0.66 0.68 0.69 0.73 0.82 0.83 0.83 0.84 0.88 0.93 0.99 1.03
 1.04 1.08 1.09 1.12 1.18 1.21 1.24 1.25 1.28 1.34 1.35 1.35 1.36 1.36
 1.62 1.65 1.71 1.78 1.82 1.82 1.84 1.87 1.87 1.88 1.93 2.03 2.07 2.11
 2.63 3.69 5.66 6.85]
var: 1.3532183333333334
| [0m78       [0m | [0m1.285    [0m | [0m0.1324   [0m | [0m18.44    [0m | [0m0.643    [0m |
[0.14 0.17 0.23 0.26 0.34 0.42 0.51 0.54 0.63 0.63 0.64 0.64 0.65 0.66
 0.73 0.75 0.77 0.83 0.83 0.85 0.85 0.91 0.93 0.93 0.99 1.01 1.09 1.1
 1.1  1.19 1.22 1.25 1.26 1.28 1.3  1.31 1.33 1.35 1.52 1.66 1.71 1.72
 1.74 1.85 1.91 1.96 1.96 2.   2.01 2.02 2.03 2.12 2.54 2.64 2.64 2.73
 2.77 3.49 3.57 4.12]
var: 0.7460469722222219
| [0m79       [0m | [0m1.372    [0m | [0m0.06455  [0m | [0m18.21    [0m | [0m0.5602   [0m |
[0.37 0.45 0.47 0.56 0.59 0.59 0.62 0.62 0.63 0.64 0.73 0.73 0.77 0.78
 0.78 0.82 0.86 0.93 0.93 0.94 1.03 1.04 1.06 1.08 1.09 1.09 1.11 1.11
 1.18 1.19 1.22 1.23 1.24 1.27 1.28 1.28 1.29 1.34 1.34 1.34 1.37 1.38
 1.42 1.46 1.47 1.5  1.52 1.55 1.66 1.7  1.79 1.86 1.89 1.94 2.01 2.02
 2.44 2.55 2.64 2.78]
var: 0.29836363888888884
| [0m80       [0m | [0m1.243    [0m | [0m0.1035   [0m | [0m47.79    [0m | [0m0.1682   [0m |
=============================================================
None
num_trials:  40  inits,  40  iters,  60  per
rho:  25
pthin:  0.995

Best VPT: 2.479000000000001
Best result: {'a': 0.003933916830798614, 'g': 18.356066184070112, 's': 0.3168044285122587}

KERNEL: nu=1.5, lengthscale=2.0, alpha=0.0005
