|   iter    |  target   |     a     |     g     |     s     |
-------------------------------------------------------------
[0.02 0.02 0.03 0.05 0.06 0.09 0.1  0.1  0.11 0.13 0.15 0.17 0.18 0.25
 0.26 0.29 0.32 0.39 0.39 0.44 0.45 0.46 0.51 0.53 0.55 0.58 0.58 0.59
 0.6  0.6  0.6  0.61 0.63 0.66 0.7  0.73 0.74 0.75 0.8  0.8  0.91 0.92
 0.94 0.96 0.96 1.01 1.07 1.07 1.09 1.09 1.17 1.19 1.22 1.26 1.29 1.32
 1.47 1.68 1.95 1.97]
var: 0.22570399999999965
| [0m1        [0m | [0m0.676    [0m | [0m0.1536   [0m | [0m47.87    [0m | [0m1.787    [0m |
[0.01 0.05 0.07 0.09 0.13 0.13 0.14 0.16 0.2  0.31 0.33 0.34 0.4  0.41
 0.43 0.46 0.46 0.47 0.49 0.5  0.54 0.56 0.56 0.56 0.57 0.61 0.61 0.61
 0.64 0.68 0.7  0.7  0.73 0.76 0.78 0.81 0.83 0.92 0.92 0.99 1.02 1.04
 1.13 1.13 1.18 1.21 1.21 1.28 1.35 1.37 1.39 1.57 1.75 1.87 1.93 2.
 2.03 2.34 2.47 3.13]
var: 0.42839788888888847
| [95m2        [0m | [95m0.8677   [0m | [95m0.1714   [0m | [95m32.89    [0m | [95m1.586    [0m |
[0.01 0.03 0.05 0.06 0.07 0.07 0.11 0.13 0.14 0.18 0.19 0.19 0.2  0.22
 0.26 0.28 0.32 0.35 0.35 0.41 0.45 0.49 0.54 0.56 0.58 0.59 0.61 0.62
 0.63 0.65 0.68 0.68 0.68 0.69 0.73 0.74 0.78 0.81 0.83 0.9  0.98 1.03
 1.1  1.1  1.15 1.17 1.23 1.25 1.29 1.35 1.38 1.42 1.45 1.69 1.7  1.77
 1.83 1.92 2.32 2.42]
var: 0.3484727500000003
| [0m3        [0m | [0m0.7735   [0m | [0m0.1353   [0m | [0m14.24    [0m | [0m0.9299   [0m |
[0.   0.   0.   0.   0.02 0.05 0.08 0.11 0.17 0.17 0.17 0.19 0.22 0.24
 0.26 0.29 0.31 0.34 0.34 0.35 0.37 0.39 0.42 0.43 0.43 0.47 0.54 0.55
 0.57 0.58 0.6  0.63 0.63 0.66 0.67 0.67 0.68 0.74 0.77 0.82 0.84 0.87
 0.89 0.93 0.94 0.97 0.98 1.02 1.05 1.05 1.09 1.13 1.14 1.16 1.18 1.19
 1.2  1.39 1.4  1.91]
var: 0.18059900000000031
| [0m4        [0m | [0m0.621    [0m | [0m0.1479   [0m | [0m41.91    [0m | [0m2.695    [0m |
[0.01 0.02 0.03 0.04 0.09 0.11 0.14 0.15 0.17 0.19 0.23 0.24 0.25 0.25
 0.27 0.28 0.3  0.32 0.35 0.36 0.4  0.45 0.45 0.53 0.56 0.6  0.61 0.63
 0.64 0.66 0.66 0.73 0.74 0.77 0.81 0.81 0.83 0.86 0.87 0.89 0.89 0.91
 0.94 0.97 0.98 0.98 1.04 1.07 1.11 1.13 1.13 1.15 1.15 1.26 1.36 1.4
 1.44 1.81 1.89 2.11]
var: 0.23099988888888856
| [0m5        [0m | [0m0.7003   [0m | [0m0.1513   [0m | [0m4.895    [0m | [0m1.579    [0m |
[0.   0.02 0.03 0.03 0.06 0.09 0.11 0.11 0.11 0.17 0.19 0.22 0.25 0.34
 0.39 0.39 0.41 0.45 0.46 0.48 0.54 0.59 0.65 0.65 0.66 0.67 0.78 0.82
 0.82 0.84 0.84 0.89 0.89 0.91 0.94 0.97 1.27 1.3  1.31 1.31 1.33 1.4
 1.41 1.42 1.45 1.45 1.48 1.5  1.53 1.59 1.65 1.7  1.71 1.77 1.97 2.32
 2.39 2.44 3.16 3.54]
var: 0.6029336388888888
| [95m6        [0m | [95m0.9862   [0m | [95m0.01387  [0m | [95m18.07    [0m | [95m2.403    [0m |
[0.03 0.14 0.15 0.16 0.25 0.28 0.28 0.32 0.32 0.39 0.42 0.44 0.46 0.46
 0.52 0.52 0.58 0.64 0.68 0.73 0.75 0.75 0.76 0.79 0.81 0.82 0.93 0.96
 0.97 1.   1.01 1.02 1.15 1.15 1.16 1.18 1.2  1.25 1.32 1.34 1.35 1.38
 1.39 1.42 1.43 1.64 1.68 1.73 1.81 1.82 1.83 1.85 1.88 1.95 2.22 2.41
 2.5  2.62 2.79 3.51]
var: 0.5412605555555553
| [95m7        [0m | [95m1.122    [0m | [95m0.1118   [0m | [95m15.48    [0m | [95m0.7935   [0m |
[0.17 0.31 0.35 0.5  0.54 0.59 0.64 0.66 0.67 0.7  0.74 0.78 0.79 0.81
 0.87 0.89 0.89 0.9  0.93 0.94 0.94 0.95 0.99 1.07 1.09 1.1  1.14 1.14
 1.14 1.15 1.21 1.22 1.22 1.32 1.46 1.49 1.54 1.56 1.59 1.6  1.6  1.66
 1.72 1.76 1.91 1.92 1.95 1.97 1.98 2.   2.12 2.48 2.55 2.63 2.95 2.98
 3.01 3.12 3.25 3.66]
var: 0.6367149722222226
| [95m8        [0m | [95m1.43     [0m | [95m0.1205   [0m | [95m2.916    [0m | [95m0.08911  [0m |
[0.   0.   0.05 0.05 0.07 0.12 0.14 0.22 0.23 0.36 0.45 0.46 0.5  0.52
 0.56 0.56 0.6  0.6  0.61 0.62 0.71 0.71 0.76 0.76 0.78 0.8  0.81 0.81
 0.83 0.83 0.84 0.86 0.91 0.92 0.93 0.94 0.94 0.94 0.98 1.   1.01 1.05
 1.15 1.21 1.21 1.22 1.32 1.33 1.35 1.41 1.43 1.57 1.64 1.72 1.78 1.83
 1.96 2.3  2.94 3.16]
var: 0.41117475
| [0m9        [0m | [0m0.9395   [0m | [0m0.06668  [0m | [0m27.96    [0m | [0m2.494    [0m |
[0.   0.01 0.01 0.02 0.06 0.06 0.07 0.07 0.13 0.14 0.19 0.21 0.29 0.32
 0.33 0.39 0.4  0.48 0.49 0.49 0.51 0.54 0.54 0.56 0.61 0.63 0.64 0.64
 0.67 0.7  0.71 0.76 0.76 0.79 0.81 0.94 0.94 1.   1.03 1.07 1.12 1.12
 1.13 1.18 1.18 1.24 1.27 1.27 1.29 1.33 1.43 1.5  1.53 1.53 1.55 1.62
 1.89 1.94 2.02 2.58]
var: 0.3385836388888887
| [0m10       [0m | [0m0.8122   [0m | [0m0.2256   [0m | [0m42.93    [0m | [0m1.558    [0m |
[0.03 0.06 0.07 0.09 0.14 0.14 0.2  0.21 0.21 0.24 0.27 0.27 0.29 0.3
 0.31 0.44 0.49 0.5  0.52 0.53 0.56 0.58 0.58 0.59 0.59 0.63 0.63 0.67
 0.68 0.72 0.72 0.74 0.74 0.76 0.78 0.78 0.78 0.8  0.8  0.81 0.82 0.83
 1.03 1.05 1.08 1.09 1.1  1.13 1.22 1.24 1.24 1.25 1.26 1.27 1.28 1.33
 1.5  1.64 1.92 1.99]
var: 0.20673933333333314
| [0m11       [0m | [0m0.742    [0m | [0m0.2589   [0m | [0m13.6     [0m | [0m1.074    [0m |
[0.   0.02 0.04 0.05 0.09 0.11 0.14 0.14 0.14 0.16 0.23 0.29 0.3  0.31
 0.33 0.39 0.4  0.43 0.44 0.44 0.5  0.5  0.51 0.53 0.54 0.55 0.57 0.62
 0.62 0.67 0.69 0.7  0.71 0.72 0.72 0.75 0.75 0.76 0.77 0.79 0.8  0.83
 0.87 0.88 0.88 0.91 1.   1.04 1.07 1.08 1.22 1.23 1.25 1.28 1.3  1.34
 1.49 1.54 1.65 2.72]
var: 0.236082222222222
| [0m12       [0m | [0m0.6967   [0m | [0m0.258    [0m | [0m39.18    [0m | [0m1.463    [0m |
[0.01 0.03 0.12 0.12 0.13 0.14 0.18 0.22 0.22 0.24 0.28 0.29 0.3  0.31
 0.32 0.33 0.38 0.4  0.42 0.46 0.46 0.46 0.48 0.49 0.53 0.54 0.56 0.56
 0.59 0.62 0.63 0.66 0.68 0.69 0.75 0.75 0.77 0.77 0.77 0.82 0.87 0.9
 0.94 1.   1.09 1.13 1.16 1.17 1.17 1.21 1.26 1.32 1.33 1.33 1.39 1.45
 1.61 1.77 2.17 2.6 ]
var: 0.27426097222222245
| [0m13       [0m | [0m0.7392   [0m | [0m0.1708   [0m | [0m46.26    [0m | [0m0.666    [0m |
[0.2  0.23 0.24 0.43 0.46 0.49 0.54 0.56 0.6  0.64 0.67 0.7  0.7  0.73
 0.79 0.8  0.85 0.86 0.9  0.93 0.95 1.01 1.03 1.05 1.05 1.1  1.1  1.11
 1.15 1.16 1.19 1.2  1.22 1.26 1.33 1.33 1.33 1.36 1.52 1.56 1.58 1.59
 1.6  1.66 1.74 1.77 1.77 1.78 1.87 1.89 1.89 1.92 2.08 2.3  2.34 2.39
 2.45 2.6  3.27 3.43]
var: 0.4828109722222222
| [0m14       [0m | [0m1.304    [0m | [0m0.1751   [0m | [0m25.43    [0m | [0m0.376    [0m |
[0.11 0.11 0.13 0.15 0.16 0.2  0.22 0.22 0.24 0.26 0.38 0.46 0.48 0.58
 0.61 0.61 0.62 0.62 0.64 0.66 0.7  0.76 0.76 0.81 0.82 0.83 0.87 0.92
 0.94 0.94 0.97 1.   1.02 1.03 1.05 1.05 1.06 1.07 1.13 1.16 1.18 1.2
 1.2  1.24 1.25 1.26 1.31 1.39 1.5  1.52 1.84 1.98 2.   2.01 2.08 2.1
 2.17 2.34 2.52 2.76]
var: 0.41305333333333377
| [0m15       [0m | [0m1.02     [0m | [0m0.1972   [0m | [0m26.25    [0m | [0m1.796    [0m |
[0.   0.01 0.05 0.12 0.12 0.14 0.21 0.23 0.25 0.33 0.33 0.36 0.39 0.42
 0.43 0.48 0.5  0.51 0.52 0.53 0.55 0.56 0.59 0.63 0.63 0.67 0.68 0.69
 0.71 0.74 0.78 0.81 0.89 0.9  0.92 0.94 0.96 0.96 1.   1.02 1.03 1.03
 1.05 1.05 1.06 1.08 1.09 1.13 1.15 1.18 1.26 1.38 1.42 1.51 1.53 1.55
 1.63 1.68 1.68 2.31]
var: 0.23381066666666694
| [0m16       [0m | [0m0.806    [0m | [0m0.01287  [0m | [0m29.94    [0m | [0m2.956    [0m |
[0.01 0.01 0.03 0.07 0.07 0.17 0.17 0.2  0.22 0.24 0.26 0.27 0.28 0.29
 0.31 0.31 0.35 0.36 0.37 0.39 0.4  0.4  0.44 0.45 0.5  0.52 0.55 0.57
 0.58 0.59 0.66 0.67 0.67 0.7  0.71 0.73 0.77 0.77 0.81 0.82 0.83 0.86
 0.9  0.91 0.91 1.   1.02 1.03 1.04 1.06 1.11 1.17 1.37 1.38 1.47 1.49
 1.54 1.69 1.83 1.9 ]
var: 0.21724222222222198
| [0m17       [0m | [0m0.6867   [0m | [0m0.2092   [0m | [0m33.0     [0m | [0m2.498    [0m |
[0.   0.   0.   0.04 0.04 0.05 0.07 0.07 0.08 0.09 0.13 0.15 0.18 0.18
 0.2  0.21 0.22 0.24 0.24 0.26 0.28 0.32 0.32 0.35 0.36 0.36 0.37 0.43
 0.45 0.45 0.47 0.49 0.49 0.51 0.55 0.58 0.6  0.63 0.65 0.67 0.67 0.71
 0.72 0.74 0.86 0.92 0.97 1.05 1.06 1.1  1.12 1.12 1.18 1.26 1.37 1.39
 1.44 1.52 1.76 2.12]
var: 0.2345289999999996
| [0m18       [0m | [0m0.581    [0m | [0m0.1364   [0m | [0m45.71    [0m | [0m2.628    [0m |
[0.   0.   0.   0.01 0.03 0.04 0.09 0.1  0.13 0.14 0.14 0.16 0.2  0.23
 0.23 0.3  0.31 0.36 0.38 0.4  0.4  0.46 0.47 0.49 0.51 0.52 0.53 0.53
 0.56 0.58 0.58 0.6  0.6  0.62 0.63 0.69 0.74 0.74 0.74 0.81 0.84 0.85
 0.86 0.87 0.9  0.91 0.97 0.97 0.99 1.   1.01 1.11 1.24 1.25 1.35 1.35
 1.37 1.47 1.66 1.82]
var: 0.1953195555555553
| [0m19       [0m | [0m0.6307   [0m | [0m0.02244  [0m | [0m38.92    [0m | [0m2.514    [0m |
[0.   0.07 0.13 0.14 0.16 0.16 0.18 0.19 0.22 0.33 0.34 0.43 0.44 0.46
 0.54 0.54 0.55 0.56 0.57 0.62 0.63 0.63 0.64 0.67 0.7  0.71 0.72 0.72
 0.73 0.74 0.79 0.8  0.81 0.84 0.85 0.87 0.91 0.92 0.92 0.99 1.04 1.06
 1.07 1.09 1.12 1.14 1.14 1.15 1.24 1.27 1.28 1.34 1.57 1.65 1.69 1.84
 1.87 1.9  2.09 2.58]
var: 0.2869143055555553
| [0m20       [0m | [0m0.8558   [0m | [0m0.1036   [0m | [0m12.71    [0m | [0m2.495    [0m |
[0.   0.01 0.02 0.05 0.07 0.08 0.08 0.09 0.19 0.25 0.25 0.3  0.31 0.34
 0.35 0.37 0.46 0.49 0.57 0.59 0.59 0.65 0.66 0.71 0.72 0.74 0.75 0.77
 0.79 0.81 0.83 0.84 0.88 0.91 0.92 0.95 0.97 0.98 1.02 1.04 1.1  1.11
 1.12 1.14 1.17 1.26 1.29 1.29 1.3  1.31 1.32 1.35 1.35 1.45 1.7  2.33
 2.34 2.65 2.97 3.26]
var: 0.48867274999999943
| [0m21       [0m | [0m0.9035   [0m | [0m0.2257   [0m | [0m22.74    [0m | [0m1.277    [0m |
[0.04 0.07 0.07 0.15 0.17 0.17 0.24 0.27 0.38 0.39 0.52 0.54 0.55 0.55
 0.56 0.57 0.6  0.6  0.64 0.68 0.69 0.72 0.74 0.77 0.78 0.81 0.82 0.85
 0.88 0.89 0.94 1.12 1.14 1.19 1.27 1.32 1.33 1.35 1.37 1.4  1.51 1.57
 1.61 1.62 1.8  1.81 1.88 1.9  1.92 2.   2.02 2.06 2.13 2.13 2.3  2.32
 3.25 3.46 3.7  4.02]
var: 0.8082576388888894
| [0m22       [0m | [0m1.219    [0m | [0m0.0927   [0m | [0m23.86    [0m | [0m0.7907   [0m |
[0.02 0.2  0.28 0.32 0.45 0.47 0.51 0.64 0.65 0.65 0.65 0.68 0.7  0.7
 0.7  0.72 0.78 0.88 0.88 0.93 0.96 1.02 1.04 1.04 1.1  1.13 1.13 1.15
 1.19 1.21 1.23 1.26 1.27 1.27 1.29 1.3  1.31 1.42 1.44 1.45 1.58 1.73
 1.75 1.79 1.82 1.83 1.83 1.84 1.88 1.97 2.02 2.14 2.16 2.22 2.29 2.71
 2.75 2.91 2.94 5.3 ]
var: 0.7209826666666672
| [0m23       [0m | [0m1.358    [0m | [0m0.05953  [0m | [0m13.94    [0m | [0m0.5768   [0m |
[0.   0.   0.04 0.05 0.07 0.08 0.12 0.13 0.16 0.16 0.18 0.29 0.31 0.32
 0.34 0.34 0.4  0.41 0.42 0.43 0.46 0.53 0.54 0.54 0.56 0.6  0.61 0.61
 0.61 0.62 0.62 0.64 0.64 0.66 0.67 0.7  0.72 0.72 0.74 0.74 0.74 0.75
 0.77 0.81 0.84 0.84 0.84 0.87 0.92 1.1  1.19 1.22 1.32 1.44 1.45 1.48
 1.49 1.7  1.97 2.37]
var: 0.2389594166666665
| [0m24       [0m | [0m0.6815   [0m | [0m0.2454   [0m | [0m35.46    [0m | [0m2.362    [0m |
[0.   0.   0.   0.03 0.07 0.15 0.16 0.17 0.2  0.21 0.23 0.29 0.3  0.34
 0.43 0.43 0.46 0.46 0.5  0.5  0.52 0.53 0.56 0.58 0.59 0.65 0.67 0.71
 0.73 0.74 0.74 0.75 0.77 0.86 0.91 0.91 0.95 0.96 0.96 0.97 1.02 1.03
 1.05 1.1  1.21 1.23 1.24 1.24 1.27 1.35 1.42 1.44 1.45 1.48 1.62 1.68
 1.72 1.85 1.92 2.12]
var: 0.27991697222222206
| [0m25       [0m | [0m0.8072   [0m | [0m0.1927   [0m | [0m30.89    [0m | [0m2.466    [0m |
[0.   0.03 0.03 0.05 0.06 0.06 0.07 0.09 0.09 0.11 0.12 0.15 0.23 0.31
 0.33 0.4  0.42 0.44 0.45 0.45 0.49 0.52 0.53 0.56 0.61 0.63 0.66 0.68
 0.7  0.7  0.72 0.74 0.75 0.75 0.83 0.83 0.84 0.87 0.87 0.9  0.9  0.93
 0.96 0.99 1.02 1.03 1.05 1.08 1.09 1.13 1.13 1.14 1.2  1.23 1.24 1.33
 1.51 1.71 2.12 2.22]
var: 0.24279933333333295
| [0m26       [0m | [0m0.718    [0m | [0m0.2627   [0m | [0m31.72    [0m | [0m2.558    [0m |
[0.   0.01 0.04 0.08 0.09 0.1  0.12 0.18 0.18 0.22 0.26 0.29 0.32 0.33
 0.34 0.39 0.41 0.43 0.59 0.64 0.65 0.67 0.69 0.7  0.73 0.73 0.78 0.78
 0.8  0.8  0.82 0.84 0.85 0.85 0.86 0.9  0.9  0.9  0.92 0.97 0.99 1.
 1.03 1.03 1.04 1.12 1.15 1.23 1.24 1.28 1.31 1.35 1.36 1.4  1.52 1.62
 1.7  1.95 2.03 2.54]
var: 0.2829020833333336
| [0m27       [0m | [0m0.8175   [0m | [0m0.2958   [0m | [0m8.477    [0m | [0m1.985    [0m |
[0.09 0.16 0.23 0.24 0.25 0.3  0.32 0.36 0.46 0.54 0.57 0.61 0.63 0.65
 0.65 0.72 0.73 0.76 0.79 0.81 0.84 0.89 0.91 0.92 0.96 0.96 0.99 1.01
 1.02 1.04 1.06 1.06 1.12 1.17 1.21 1.22 1.24 1.24 1.25 1.25 1.26 1.27
 1.29 1.32 1.33 1.43 1.43 1.43 1.47 1.58 1.71 1.71 1.78 1.8  2.05 2.08
 2.09 2.29 2.39 2.66]
var: 0.3278555555555555
| [0m28       [0m | [0m1.093    [0m | [0m0.1701   [0m | [0m32.73    [0m | [0m0.4778   [0m |
[0.04 0.08 0.12 0.12 0.15 0.17 0.21 0.25 0.25 0.25 0.29 0.33 0.42 0.46
 0.49 0.53 0.54 0.55 0.56 0.61 0.63 0.65 0.66 0.68 0.69 0.7  0.73 0.76
 0.79 0.83 0.83 0.87 0.88 0.92 0.94 0.94 0.95 0.95 1.06 1.06 1.07 1.1
 1.11 1.11 1.12 1.12 1.29 1.3  1.3  1.3  1.33 1.53 1.64 1.77 1.79 1.92
 1.96 2.09 2.27 2.83]
var: 0.3424783055555561
| [0m29       [0m | [0m0.8982   [0m | [0m0.1867   [0m | [0m24.52    [0m | [0m0.8589   [0m |
[0.   0.   0.03 0.04 0.05 0.1  0.12 0.15 0.35 0.39 0.4  0.44 0.45 0.46
 0.53 0.53 0.64 0.65 0.65 0.67 0.69 0.7  0.71 0.71 0.72 0.75 0.82 0.82
 0.84 0.85 0.87 0.87 0.89 0.89 0.92 0.94 0.96 0.97 0.98 0.99 1.01 1.03
 1.08 1.16 1.16 1.18 1.23 1.23 1.31 1.35 1.4  1.58 1.59 1.6  1.92 1.92
 1.94 2.09 2.66 2.91]
var: 0.3681916388888896
| [0m30       [0m | [0m0.9148   [0m | [0m0.1201   [0m | [0m12.65    [0m | [0m2.63     [0m |
[0.   0.03 0.03 0.05 0.13 0.13 0.18 0.19 0.2  0.26 0.26 0.26 0.3  0.33
 0.34 0.37 0.41 0.42 0.42 0.46 0.47 0.55 0.57 0.62 0.64 0.65 0.69 0.7
 0.7  0.72 0.72 0.73 0.74 0.76 0.76 0.77 0.79 0.85 0.85 0.86 0.86 0.87
 0.87 0.91 0.93 0.97 1.08 1.12 1.12 1.16 1.18 1.22 1.24 1.35 1.43 1.44
 1.47 1.59 1.75 1.91]
var: 0.20052766666666652
| [0m31       [0m | [0m0.723    [0m | [0m0.1617   [0m | [0m8.903    [0m | [0m2.935    [0m |
[0.05 0.06 0.07 0.1  0.1  0.1  0.14 0.17 0.18 0.18 0.18 0.18 0.18 0.19
 0.22 0.24 0.27 0.29 0.3  0.34 0.36 0.45 0.48 0.49 0.5  0.52 0.56 0.57
 0.6  0.63 0.66 0.69 0.71 0.73 0.85 0.91 0.92 1.05 1.15 1.16 1.19 1.23
 1.23 1.26 1.28 1.28 1.3  1.31 1.37 1.39 1.39 1.52 1.53 1.6  1.62 1.75
 1.75 1.78 1.79 2.13]
var: 0.32894363888888883
| [0m32       [0m | [0m0.7872   [0m | [0m0.1963   [0m | [0m47.74    [0m | [0m0.8514   [0m |
[0.02 0.03 0.06 0.06 0.07 0.14 0.19 0.2  0.23 0.26 0.29 0.31 0.31 0.32
 0.32 0.35 0.39 0.43 0.46 0.47 0.49 0.5  0.51 0.52 0.56 0.56 0.56 0.57
 0.61 0.63 0.66 0.69 0.71 0.74 0.82 0.83 0.84 0.87 0.87 0.94 1.07 1.09
 1.15 1.17 1.17 1.18 1.18 1.19 1.22 1.25 1.3  1.32 1.34 1.41 1.52 1.53
 1.58 1.76 1.84 2.71]
var: 0.2847603055555555
| [0m33       [0m | [0m0.7728   [0m | [0m0.1688   [0m | [0m37.05    [0m | [0m2.316    [0m |
[0.   0.06 0.11 0.12 0.13 0.13 0.23 0.24 0.25 0.3  0.31 0.31 0.32 0.36
 0.37 0.4  0.4  0.43 0.43 0.45 0.46 0.46 0.51 0.51 0.52 0.52 0.59 0.61
 0.62 0.68 0.69 0.69 0.71 0.73 0.77 0.77 0.78 0.8  0.84 0.84 0.88 0.93
 0.96 0.97 1.04 1.06 1.16 1.17 1.22 1.25 1.27 1.27 1.4  1.68 1.72 1.75
 1.82 2.2  2.21 2.34]
var: 0.30422763888888904
| [0m34       [0m | [0m0.7792   [0m | [0m0.03448  [0m | [0m37.18    [0m | [0m2.948    [0m |
[0.   0.02 0.07 0.07 0.19 0.22 0.22 0.23 0.27 0.27 0.28 0.29 0.29 0.29
 0.3  0.32 0.33 0.33 0.34 0.38 0.4  0.42 0.45 0.48 0.51 0.51 0.53 0.54
 0.58 0.59 0.61 0.65 0.65 0.7  0.71 0.71 0.73 0.73 0.76 0.8  0.8  0.82
 0.84 1.   1.02 1.09 1.09 1.1  1.17 1.27 1.27 1.27 1.36 1.4  1.63 1.64
 1.76 1.79 1.82 2.92]
var: 0.30031475000000013
| [0m35       [0m | [0m0.7305   [0m | [0m0.2765   [0m | [0m13.15    [0m | [0m0.7891   [0m |
[0.06 0.06 0.07 0.09 0.1  0.12 0.14 0.18 0.23 0.29 0.3  0.3  0.32 0.34
 0.35 0.38 0.41 0.41 0.43 0.43 0.44 0.46 0.48 0.56 0.59 0.6  0.65 0.65
 0.66 0.66 0.68 0.69 0.7  0.74 0.75 0.75 0.75 0.76 0.77 0.8  0.81 0.82
 0.83 0.89 0.89 0.94 0.95 0.99 0.99 1.02 1.03 1.13 1.14 1.19 1.21 1.27
 1.3  1.31 1.44 1.85]
var: 0.1501009722222221
| [0m36       [0m | [0m0.6692   [0m | [0m0.2744   [0m | [0m3.506    [0m | [0m2.909    [0m |
[0.03 0.04 0.05 0.08 0.08 0.08 0.12 0.12 0.16 0.17 0.18 0.21 0.23 0.24
 0.26 0.28 0.3  0.31 0.35 0.35 0.38 0.49 0.56 0.57 0.59 0.62 0.64 0.65
 0.73 0.76 0.77 0.78 0.78 0.8  0.81 0.81 0.83 0.84 0.93 0.97 0.99 1.
 1.   1.01 1.02 1.07 1.07 1.2  1.22 1.22 1.28 1.42 1.5  1.56 1.58 1.61
 1.72 1.83 2.12 3.68]
var: 0.402584305555555
| [0m37       [0m | [0m0.7842   [0m | [0m0.2267   [0m | [0m12.89    [0m | [0m1.314    [0m |
[0.   0.04 0.05 0.05 0.06 0.1  0.1  0.17 0.17 0.22 0.22 0.27 0.29 0.3
 0.33 0.34 0.41 0.43 0.46 0.52 0.52 0.52 0.54 0.61 0.64 0.66 0.66 0.68
 0.73 0.76 0.76 0.77 0.78 0.81 0.82 0.9  0.91 0.91 0.92 0.96 0.99 1.
 1.11 1.18 1.2  1.2  1.2  1.21 1.24 1.26 1.26 1.31 1.37 1.4  1.42 1.55
 1.69 1.9  1.96 3.16]
var: 0.3309633333333331
| [0m38       [0m | [0m0.8      [0m | [0m0.145    [0m | [0m37.17    [0m | [0m1.956    [0m |
[0.01 0.08 0.1  0.13 0.15 0.16 0.17 0.18 0.21 0.22 0.22 0.22 0.24 0.25
 0.25 0.26 0.27 0.27 0.27 0.28 0.28 0.28 0.32 0.32 0.32 0.33 0.33 0.36
 0.38 0.38 0.4  0.44 0.45 0.52 0.53 0.54 0.54 0.57 0.6  0.6  0.62 0.62
 0.63 0.65 0.71 0.71 0.72 0.82 0.83 0.84 0.85 0.93 0.97 1.02 1.12 1.12
 1.13 1.13 1.13 1.29]
var: 0.10329808333333332
| [0m39       [0m | [0m0.5045   [0m | [0m0.1885   [0m | [0m1.856    [0m | [0m1.166    [0m |
[0.05 0.08 0.13 0.14 0.2  0.21 0.27 0.3  0.3  0.32 0.33 0.34 0.34 0.37
 0.39 0.45 0.46 0.46 0.47 0.48 0.49 0.51 0.52 0.52 0.54 0.56 0.56 0.57
 0.6  0.62 0.63 0.64 0.65 0.65 0.67 0.73 0.82 0.85 0.87 0.88 0.88 0.89
 0.92 0.93 0.94 1.03 1.06 1.06 1.08 1.11 1.12 1.13 1.21 1.26 1.31 1.32
 1.36 1.52 1.83 2.2 ]
var: 0.18391030555555524
| [0m40       [0m | [0m0.7188   [0m | [0m0.2087   [0m | [0m5.045    [0m | [0m2.867    [0m |
[0.01 0.04 0.09 0.1  0.21 0.27 0.27 0.27 0.3  0.32 0.33 0.34 0.37 0.44
 0.46 0.46 0.46 0.47 0.49 0.55 0.56 0.57 0.58 0.64 0.64 0.64 0.66 0.71
 0.71 0.72 0.72 0.73 0.74 0.74 0.74 0.75 0.81 0.93 0.96 0.96 0.97 0.97
 1.02 1.03 1.06 1.23 1.25 1.26 1.32 1.33 1.39 1.51 1.52 2.05 2.12 2.13
 2.15 2.3  2.53 3.13]
var: 0.42488363888888897
| [0m41       [0m | [0m0.8838   [0m | [0m0.1613   [0m | [0m14.21    [0m | [0m1.011    [0m |
[0.24 0.4  0.42 0.54 0.62 0.67 0.68 0.71 0.71 0.74 0.77 0.8  0.84 0.87
 0.92 0.93 0.94 1.01 1.04 1.06 1.08 1.11 1.12 1.13 1.15 1.17 1.18 1.18
 1.22 1.24 1.25 1.25 1.28 1.35 1.38 1.44 1.45 1.54 1.61 1.65 1.65 1.66
 1.67 1.71 1.72 1.82 1.9  1.91 1.94 2.   2.01 2.04 2.09 2.09 2.1  2.1
 2.11 2.12 2.32 4.08]
var: 0.3954036388888886
| [0m42       [0m | [0m1.362    [0m | [0m0.1209   [0m | [0m2.982    [0m | [0m0.178    [0m |
[0.01 0.02 0.02 0.05 0.1  0.12 0.16 0.17 0.21 0.24 0.25 0.32 0.33 0.36
 0.4  0.41 0.47 0.54 0.55 0.57 0.57 0.58 0.61 0.63 0.64 0.68 0.69 0.7
 0.71 0.76 0.77 0.83 0.83 0.88 0.94 0.97 0.98 1.   1.05 1.08 1.11 1.18
 1.19 1.2  1.2  1.23 1.27 1.35 1.37 1.47 1.52 1.57 1.98 1.99 2.02 2.06
 2.07 2.2  2.28 3.49]
var: 0.47115430555555604
| [0m43       [0m | [0m0.9158   [0m | [0m0.2697   [0m | [0m16.33    [0m | [0m1.201    [0m |
[0.   0.   0.   0.   0.   0.   0.   0.   0.   0.   0.   0.   0.   0.
 0.   0.   0.   0.   0.   0.   0.   0.   0.   0.   0.   0.   0.   0.
 0.   0.   0.   0.   0.   0.   0.   0.   0.   0.   0.   0.   0.   0.
 0.   0.   0.   0.   0.   0.   0.   0.02 0.02 0.03 0.03 0.04 0.04 0.05
 0.05 0.05 0.07 0.16]
var: 0.0006428888888889276
| [0m44       [0m | [0m0.009333 [0m | [0m0.05003  [0m | [0m3.031    [0m | [0m0.001    [0m |
[0.02 0.02 0.03 0.05 0.06 0.08 0.08 0.14 0.14 0.22 0.28 0.33 0.33 0.37
 0.39 0.4  0.4  0.4  0.41 0.48 0.49 0.52 0.56 0.59 0.59 0.63 0.64 0.72
 0.74 0.74 0.74 0.75 0.77 0.78 0.8  0.82 0.83 0.83 0.85 0.88 0.94 1.
 1.04 1.04 1.12 1.14 1.15 1.22 1.23 1.28 1.3  1.37 1.42 1.47 1.48 1.52
 1.59 1.84 1.91 2.52]
var: 0.27874155555555596
| [0m45       [0m | [0m0.7747   [0m | [0m0.06112  [0m | [0m12.7     [0m | [0m2.492    [0m |
[0.02 0.04 0.08 0.08 0.13 0.13 0.14 0.22 0.24 0.25 0.27 0.27 0.28 0.31
 0.32 0.33 0.36 0.37 0.4  0.44 0.51 0.55 0.57 0.58 0.58 0.6  0.64 0.65
 0.7  0.72 0.75 0.75 0.85 0.87 0.91 0.91 0.92 0.95 0.96 0.98 1.01 1.06
 1.08 1.14 1.15 1.2  1.28 1.31 1.31 1.4  1.41 1.56 1.64 1.65 1.67 1.86
 1.99 2.24 2.36 3.89]
var: 0.4735906666666669
| [0m46       [0m | [0m0.864    [0m | [0m0.1203   [0m | [0m46.6     [0m | [0m1.232    [0m |
[0.01 0.02 0.06 0.07 0.15 0.19 0.2  0.22 0.23 0.24 0.27 0.28 0.29 0.31
 0.31 0.34 0.34 0.39 0.43 0.43 0.43 0.45 0.45 0.46 0.51 0.51 0.54 0.57
 0.6  0.62 0.67 0.68 0.69 0.7  0.72 0.72 0.77 0.8  0.96 0.98 0.99 1.01
 1.12 1.12 1.13 1.13 1.17 1.21 1.29 1.32 1.38 1.65 1.75 1.84 1.91 1.94
 1.99 2.03 2.09 2.38]
var: 0.35942233333333357
| [0m47       [0m | [0m0.801    [0m | [0m0.06193  [0m | [0m37.68    [0m | [0m1.343    [0m |
[0.14 0.21 0.23 0.39 0.59 0.59 0.67 0.67 0.7  0.78 0.8  0.84 0.87 0.91
 0.94 1.01 1.02 1.02 1.08 1.08 1.1  1.13 1.15 1.15 1.17 1.22 1.22 1.24
 1.25 1.26 1.26 1.28 1.34 1.35 1.38 1.46 1.55 1.79 1.82 1.85 1.86 1.87
 1.87 1.88 1.89 1.93 1.95 2.   2.07 2.12 2.13 2.17 2.18 2.19 2.39 2.41
 2.66 2.89 3.54 3.55]
var: 0.5335789999999998
| [95m48       [0m | [95m1.451    [0m | [95m0.07291  [0m | [95m2.982    [0m | [95m0.2242   [0m |
[0.   0.   0.02 0.04 0.05 0.06 0.06 0.07 0.09 0.09 0.11 0.14 0.14 0.21
 0.22 0.23 0.27 0.28 0.28 0.28 0.33 0.36 0.36 0.4  0.42 0.43 0.43 0.48
 0.49 0.5  0.5  0.58 0.62 0.65 0.66 0.69 0.7  0.74 0.77 0.82 0.83 0.88
 0.9  0.91 0.97 1.02 1.09 1.11 1.14 1.17 1.19 1.27 1.29 1.37 1.49 1.7
 1.83 1.98 2.31 3.49]
var: 0.41432163888888895
| [0m49       [0m | [0m0.6918   [0m | [0m0.02617  [0m | [0m42.25    [0m | [0m2.394    [0m |
[0.   0.08 0.09 0.12 0.14 0.19 0.2  0.23 0.28 0.3  0.33 0.39 0.39 0.44
 0.46 0.48 0.48 0.54 0.55 0.56 0.56 0.65 0.69 0.71 0.71 0.73 0.76 0.76
 0.79 0.85 0.89 0.97 0.99 1.05 1.09 1.1  1.12 1.13 1.15 1.18 1.21 1.22
 1.22 1.24 1.32 1.35 1.47 1.48 1.49 1.51 1.54 1.63 1.67 1.68 1.73 2.45
 2.56 2.59 2.68 3.02]
var: 0.47418941666666714
| [0m50       [0m | [0m0.9865   [0m | [0m0.1095   [0m | [0m32.95    [0m | [0m1.458    [0m |
[0.   0.01 0.01 0.02 0.06 0.07 0.1  0.11 0.13 0.23 0.28 0.3  0.32 0.35
 0.39 0.4  0.44 0.49 0.49 0.52 0.53 0.53 0.54 0.56 0.57 0.59 0.61 0.62
 0.62 0.65 0.66 0.67 0.68 0.71 0.73 0.74 0.86 0.92 0.96 1.01 1.03 1.05
 1.05 1.06 1.14 1.16 1.27 1.41 1.45 1.45 1.48 1.6  1.76 1.92 1.94 2.01
 2.02 2.06 2.25 2.3 ]
var: 0.38308275000000036
| [0m51       [0m | [0m0.8315   [0m | [0m0.1772   [0m | [0m24.49    [0m | [0m0.8703   [0m |
[0.4  0.52 0.71 0.72 0.77 0.92 1.15 1.17 1.21 1.23 1.31 1.33 1.38 1.45
 1.47 1.51 1.53 1.54 1.54 1.55 1.57 1.57 1.61 1.71 1.78 1.8  1.84 1.9
 1.91 1.94 1.95 1.96 2.   2.06 2.07 2.17 2.19 2.23 2.44 2.47 2.49 2.49
 2.52 2.59 2.61 2.61 2.64 2.65 2.69 2.72 3.02 3.2  3.24 3.26 3.35 3.36
 3.39 3.58 3.74 4.97]
var: 0.7770472222222219
| [95m52       [0m | [95m2.062    [0m | [95m0.1183   [0m | [95m42.33    [0m | [95m0.05562  [0m |
[0.01 0.02 0.04 0.07 0.08 0.09 0.18 0.18 0.2  0.21 0.24 0.25 0.38 0.42
 0.42 0.46 0.52 0.56 0.56 0.56 0.57 0.6  0.62 0.64 0.66 0.71 0.72 0.73
 0.74 0.74 0.75 0.82 0.83 0.99 1.   1.08 1.12 1.13 1.2  1.21 1.22 1.24
 1.29 1.31 1.39 1.39 1.45 1.45 1.63 1.67 1.67 1.79 1.83 1.94 2.06 2.11
 2.15 2.51 2.91 3.17]
var: 0.5237549722222222
| [0m53       [0m | [0m0.9748   [0m | [0m0.1998   [0m | [0m45.37    [0m | [0m0.956    [0m |
[0.09 0.1  0.18 0.19 0.19 0.2  0.2  0.21 0.21 0.21 0.22 0.22 0.23 0.23
 0.23 0.23 0.23 0.24 0.24 0.24 0.24 0.25 0.25 0.25 0.25 0.25 0.26 0.27
 0.27 0.28 0.31 0.31 0.32 0.34 0.35 0.36 0.38 0.38 0.42 0.42 0.43 0.44
 0.49 0.49 0.5  0.5  0.5  0.52 0.54 0.55 0.56 0.58 0.59 0.66 0.67 0.67
 0.73 0.79 1.1  1.58]
var: 0.05964455555555547
| [0m54       [0m | [0m0.3857   [0m | [0m0.1269   [0m | [0m42.3     [0m | [0m0.009285 [0m |
[0.03 0.05 0.09 0.27 0.28 0.29 0.33 0.33 0.33 0.38 0.39 0.41 0.48 0.51
 0.53 0.55 0.57 0.61 0.61 0.61 0.63 0.72 0.72 0.73 0.74 0.75 0.76 0.77
 0.81 0.81 0.83 0.84 0.84 0.86 0.9  0.91 0.94 0.96 0.99 1.02 1.08 1.13
 1.14 1.19 1.21 1.28 1.3  1.36 1.37 1.38 1.38 1.43 1.45 1.59 2.1  2.18
 2.31 2.61 3.19 3.21]
var: 0.4527869722222218
| [0m55       [0m | [0m0.9678   [0m | [0m0.1023   [0m | [0m19.64    [0m | [0m1.463    [0m |
[0.02 0.15 0.17 0.2  0.22 0.32 0.32 0.36 0.41 0.41 0.44 0.53 0.57 0.7
 0.7  0.71 0.78 0.78 0.83 0.99 1.03 1.06 1.07 1.09 1.1  1.1  1.14 1.15
 1.16 1.17 1.17 1.18 1.22 1.23 1.23 1.29 1.3  1.33 1.38 1.41 1.41 1.41
 1.44 1.45 1.61 1.61 1.62 1.65 1.69 1.72 1.85 1.9  1.94 2.04 2.11 2.19
 2.44 2.57 2.66 3.09]
var: 0.441044333333333
| [0m56       [0m | [0m1.197    [0m | [0m0.04273  [0m | [0m23.01    [0m | [0m0.6187   [0m |
[0.06 0.08 0.1  0.13 0.13 0.14 0.15 0.18 0.19 0.21 0.23 0.23 0.24 0.24
 0.26 0.26 0.27 0.28 0.29 0.3  0.32 0.33 0.35 0.36 0.37 0.38 0.4  0.42
 0.45 0.46 0.48 0.48 0.49 0.51 0.55 0.55 0.56 0.57 0.57 0.59 0.66 0.68
 0.7  0.73 0.77 0.78 0.8  0.82 0.86 0.86 0.9  0.92 1.   1.03 1.03 1.08
 1.26 1.26 1.61 2.04]
var: 0.14925097222222197
| [0m57       [0m | [0m0.5492   [0m | [0m0.106    [0m | [0m1.905    [0m | [0m1.508    [0m |
[0.   0.01 0.02 0.03 0.04 0.06 0.07 0.11 0.11 0.12 0.17 0.18 0.2  0.21
 0.25 0.3  0.34 0.36 0.4  0.43 0.43 0.43 0.45 0.45 0.47 0.48 0.49 0.5
 0.5  0.5  0.51 0.52 0.55 0.6  0.61 0.63 0.64 0.66 0.69 0.7  0.72 0.75
 0.76 0.79 0.8  0.8  0.8  0.88 0.88 0.92 0.98 0.99 1.16 1.22 1.22 1.31
 1.35 1.41 1.54 1.67]
var: 0.16433363888888916
| [0m58       [0m | [0m0.5862   [0m | [0m0.284    [0m | [0m48.32    [0m | [0m2.917    [0m |
[0.01 0.03 0.04 0.04 0.05 0.07 0.08 0.09 0.09 0.1  0.12 0.13 0.17 0.19
 0.24 0.25 0.26 0.27 0.27 0.29 0.29 0.31 0.36 0.42 0.43 0.47 0.47 0.55
 0.58 0.59 0.61 0.65 0.66 0.7  0.71 0.72 0.74 0.74 0.75 0.76 0.79 0.81
 0.84 0.86 0.86 0.91 0.93 0.95 0.96 1.03 1.04 1.06 1.2  1.21 1.29 1.41
 1.42 1.49 1.88 2.58]
var: 0.25047655555555576
| [0m59       [0m | [0m0.6303   [0m | [0m0.1588   [0m | [0m35.78    [0m | [0m2.877    [0m |
[0.03 0.03 0.04 0.07 0.07 0.08 0.15 0.16 0.18 0.31 0.37 0.39 0.4  0.43
 0.47 0.48 0.52 0.53 0.54 0.55 0.6  0.61 0.64 0.69 0.72 0.72 0.72 0.73
 0.74 0.82 0.84 0.9  0.92 1.   1.02 1.04 1.05 1.11 1.12 1.13 1.13 1.16
 1.18 1.19 1.21 1.21 1.23 1.24 1.26 1.28 1.3  1.31 1.36 1.39 1.67 1.69
 1.86 2.15 2.44 3.57]
var: 0.39667763888888874
| [0m60       [0m | [0m0.8958   [0m | [0m0.1884   [0m | [0m28.01    [0m | [0m0.9224   [0m |
[0.04 0.08 0.08 0.1  0.17 0.2  0.21 0.28 0.32 0.32 0.34 0.35 0.36 0.36
 0.46 0.51 0.55 0.59 0.64 0.67 0.68 0.7  0.72 0.73 0.74 0.77 0.77 0.82
 0.84 0.95 0.99 0.99 1.01 1.02 1.03 1.07 1.09 1.12 1.15 1.16 1.2  1.29
 1.29 1.29 1.32 1.35 1.38 1.38 1.41 1.49 1.54 1.56 1.73 1.77 1.82 1.9
 1.94 2.19 2.2  2.56]
var: 0.3466249722222223
| [0m61       [0m | [0m0.9598   [0m | [0m0.1466   [0m | [0m23.66    [0m | [0m1.568    [0m |
[0.   0.   0.   0.01 0.02 0.03 0.04 0.05 0.05 0.07 0.08 0.11 0.13 0.16
 0.19 0.2  0.21 0.22 0.3  0.33 0.34 0.34 0.35 0.39 0.4  0.42 0.5  0.51
 0.51 0.53 0.53 0.56 0.6  0.61 0.62 0.62 0.62 0.64 0.65 0.65 0.7  0.71
 0.71 0.72 0.73 0.73 0.74 0.77 0.83 0.96 0.96 0.97 1.02 1.13 1.17 1.19
 1.23 1.3  1.33 1.58]
var: 0.15323474999999995
| [0m62       [0m | [0m0.5345   [0m | [0m0.2267   [0m | [0m48.21    [0m | [0m2.097    [0m |
[0.   0.08 0.08 0.09 0.1  0.14 0.14 0.14 0.14 0.15 0.18 0.21 0.24 0.25
 0.31 0.32 0.32 0.32 0.33 0.36 0.36 0.42 0.43 0.44 0.44 0.45 0.45 0.48
 0.48 0.51 0.51 0.51 0.56 0.56 0.57 0.58 0.59 0.62 0.63 0.66 0.67 0.69
 0.74 0.77 0.78 0.79 0.79 0.81 0.82 0.85 0.88 0.91 0.94 0.96 0.99 1.06
 1.15 1.39 1.62 1.94]
var: 0.14244722222222211
| [0m63       [0m | [0m0.5617   [0m | [0m0.1666   [0m | [0m2.801    [0m | [0m0.6308   [0m |
[0.52 0.54 0.55 0.58 0.58 0.6  0.61 0.7  0.85 0.87 0.88 0.89 0.91 0.94
 1.09 1.2  1.28 1.31 1.32 1.32 1.34 1.34 1.37 1.5  1.5  1.55 1.57 1.7
 1.72 1.75 1.76 1.87 1.9  1.91 1.93 1.98 1.99 2.04 2.14 2.18 2.23 2.25
 2.27 2.31 2.52 2.53 2.58 2.63 2.64 2.68 3.01 3.03 3.1  3.11 3.22 3.35
 3.36 3.43 3.57 4.57]
var: 0.8540447499999996
| [0m64       [0m | [0m1.85     [0m | [0m0.07784  [0m | [0m29.32    [0m | [0m0.07087  [0m |
[0.04 0.04 0.07 0.08 0.24 0.26 0.31 0.33 0.35 0.37 0.44 0.45 0.46 0.5
 0.59 0.59 0.66 0.68 0.71 0.71 0.71 0.75 0.78 0.8  0.83 0.85 0.85 0.86
 0.99 1.01 1.03 1.05 1.08 1.14 1.14 1.24 1.25 1.27 1.32 1.33 1.39 1.4
 1.46 1.46 1.48 1.49 1.5  1.57 1.69 1.78 1.92 1.98 1.98 2.02 2.1  2.16
 2.44 2.83 2.87 3.02]
var: 0.5094372222222224
| [0m65       [0m | [0m1.112    [0m | [0m0.03738  [0m | [0m42.35    [0m | [0m0.7892   [0m |
[0.   0.   0.02 0.03 0.06 0.07 0.08 0.09 0.13 0.13 0.14 0.14 0.17 0.17
 0.18 0.19 0.2  0.22 0.23 0.29 0.31 0.32 0.33 0.34 0.34 0.4  0.42 0.43
 0.46 0.46 0.47 0.49 0.52 0.53 0.53 0.58 0.6  0.61 0.63 0.63 0.65 0.66
 0.67 0.69 0.7  0.73 0.76 0.77 0.8  0.82 0.83 0.85 0.95 1.02 1.1  1.2
 1.21 1.53 1.64 1.98]
var: 0.17097166666666685
| [0m66       [0m | [0m0.525    [0m | [0m0.2375   [0m | [0m47.8     [0m | [0m2.52     [0m |
[0.38 0.48 0.54 0.56 0.58 0.6  0.67 0.75 0.89 0.92 0.94 0.95 0.97 1.09
 1.18 1.2  1.21 1.22 1.22 1.23 1.24 1.24 1.3  1.31 1.33 1.34 1.34 1.36
 1.39 1.47 1.58 1.65 1.67 1.71 1.71 1.81 1.82 1.83 1.94 2.1  2.14 2.18
 2.19 2.19 2.2  2.24 2.35 2.37 2.48 2.52 2.53 2.55 2.67 2.82 2.84 3.14
 3.26 4.03 4.14 4.83]
var: 0.8471049722222218
| [0m67       [0m | [0m1.74     [0m | [0m0.1821   [0m | [0m33.53    [0m | [0m0.07649  [0m |
[0.02 0.03 0.07 0.08 0.1  0.1  0.13 0.15 0.18 0.22 0.22 0.3  0.31 0.34
 0.36 0.37 0.43 0.43 0.44 0.44 0.45 0.49 0.5  0.53 0.53 0.55 0.59 0.6
 0.62 0.62 0.62 0.68 0.69 0.72 0.74 0.76 0.78 0.78 0.83 0.83 0.84 0.89
 0.89 0.94 0.96 0.97 1.01 1.15 1.17 1.18 1.19 1.29 1.31 1.32 1.32 1.69
 1.78 1.86 2.07 2.66]
var: 0.28239822222222205
| [0m68       [0m | [0m0.7353   [0m | [0m0.2555   [0m | [0m34.54    [0m | [0m0.6589   [0m |
[0.02 0.06 0.06 0.07 0.09 0.09 0.11 0.13 0.15 0.15 0.15 0.19 0.2  0.22
 0.25 0.26 0.26 0.28 0.45 0.53 0.56 0.58 0.6  0.6  0.64 0.65 0.67 0.69
 0.72 0.74 0.76 0.76 0.9  0.9  0.93 1.03 1.06 1.1  1.12 1.16 1.2  1.21
 1.22 1.26 1.29 1.33 1.34 1.35 1.35 1.36 1.43 1.51 1.55 1.87 1.9  1.92
 2.13 2.17 2.28 2.65]
var: 0.41827163888888885
| [0m69       [0m | [0m0.8702   [0m | [0m0.2022   [0m | [0m12.03    [0m | [0m1.235    [0m |
[0.03 0.06 0.12 0.16 0.18 0.2  0.21 0.22 0.25 0.27 0.29 0.31 0.33 0.36
 0.37 0.38 0.4  0.41 0.42 0.46 0.49 0.5  0.51 0.55 0.55 0.61 0.66 0.67
 0.67 0.68 0.7  0.77 0.77 0.77 0.8  0.82 0.93 0.97 0.97 0.97 0.98 1.05
 1.06 1.1  1.14 1.22 1.25 1.25 1.33 1.46 1.48 1.54 1.55 1.6  1.6  1.65
 1.68 1.71 1.82 1.85]
var: 0.25791497222222215
| [0m70       [0m | [0m0.8018   [0m | [0m0.1699   [0m | [0m33.84    [0m | [0m1.012    [0m |
[0.07 0.08 0.13 0.13 0.14 0.17 0.18 0.18 0.2  0.22 0.22 0.23 0.25 0.26
 0.32 0.33 0.34 0.35 0.36 0.37 0.38 0.38 0.41 0.41 0.42 0.42 0.45 0.45
 0.45 0.45 0.47 0.47 0.48 0.5  0.5  0.53 0.56 0.56 0.57 0.57 0.58 0.58
 0.6  0.6  0.6  0.62 0.63 0.68 0.71 0.71 0.73 0.75 0.83 0.92 1.21 1.22
 1.45 1.51 1.52 2.99]
var: 0.20567222222222234
| [0m71       [0m | [0m0.5567   [0m | [0m0.2703   [0m | [0m1.5      [0m | [0m0.4205   [0m |
[0.01 0.09 0.09 0.09 0.13 0.19 0.23 0.26 0.3  0.3  0.34 0.34 0.34 0.36
 0.41 0.45 0.48 0.54 0.55 0.57 0.57 0.6  0.61 0.63 0.64 0.65 0.67 0.67
 0.74 0.74 0.75 0.78 0.79 0.86 0.89 0.9  0.91 0.92 1.07 1.07 1.13 1.13
 1.15 1.19 1.19 1.21 1.23 1.24 1.26 1.36 1.43 1.47 1.49 1.6  1.69 1.89
 1.9  2.   2.79 3.05]
var: 0.3805369722222215
| [0m72       [0m | [0m0.8822   [0m | [0m0.2108   [0m | [0m7.849    [0m | [0m1.468    [0m |
[0.04 0.1  0.1  0.19 0.2  0.24 0.26 0.26 0.35 0.36 0.36 0.41 0.42 0.55
 0.57 0.6  0.62 0.65 0.72 0.73 0.77 0.82 0.82 0.86 0.91 0.92 0.94 0.97
 1.   1.02 1.06 1.06 1.14 1.14 1.2  1.21 1.25 1.25 1.26 1.32 1.33 1.4
 1.54 1.65 1.66 1.68 1.79 1.85 2.09 2.11 2.12 2.33 2.36 2.39 2.48 2.53
 2.77 2.8  4.22 4.46]
var: 0.8552683055555558
| [0m73       [0m | [0m1.237    [0m | [0m0.004871 [0m | [0m2.536    [0m | [0m1.252    [0m |
[0.   0.03 0.15 0.28 0.33 0.35 0.35 0.35 0.36 0.42 0.43 0.44 0.45 0.47
 0.49 0.55 0.58 0.58 0.6  0.64 0.67 0.68 0.74 0.77 0.89 0.9  0.91 0.92
 0.94 0.98 0.99 1.02 1.03 1.03 1.04 1.05 1.05 1.06 1.09 1.1  1.16 1.17
 1.21 1.26 1.32 1.41 1.42 1.42 1.43 1.47 1.5  1.5  1.58 1.78 1.8  2.
 2.02 2.48 3.21 3.95]
var: 0.4902933333333339
| [0m74       [0m | [0m1.03     [0m | [0m0.1106   [0m | [0m38.96    [0m | [0m0.9192   [0m |
[0.02 0.03 0.05 0.08 0.09 0.1  0.12 0.13 0.22 0.23 0.27 0.27 0.3  0.32
 0.35 0.35 0.43 0.45 0.48 0.51 0.52 0.55 0.57 0.6  0.68 0.69 0.71 0.75
 0.79 0.81 0.84 0.85 0.89 0.9  1.   1.05 1.06 1.07 1.09 1.1  1.12 1.13
 1.18 1.18 1.19 1.22 1.22 1.26 1.46 1.5  1.52 1.58 1.67 1.84 1.91 2.03
 2.23 2.45 2.75 4.21]
var: 0.5740703055555555
| [0m75       [0m | [0m0.9328   [0m | [0m0.126    [0m | [0m13.45    [0m | [0m0.7704   [0m |
[0.01 0.02 0.03 0.03 0.05 0.1  0.12 0.12 0.14 0.15 0.17 0.17 0.18 0.19
 0.2  0.2  0.2  0.22 0.22 0.22 0.25 0.27 0.29 0.29 0.3  0.3  0.3  0.34
 0.35 0.35 0.36 0.36 0.36 0.36 0.37 0.38 0.39 0.39 0.39 0.4  0.4  0.41
 0.43 0.45 0.46 0.47 0.47 0.49 0.49 0.49 0.52 0.52 0.61 0.64 0.66 0.69
 0.8  0.84 0.94 1.18]
var: 0.05113722222222225
| [0m76       [0m | [0m0.3583   [0m | [0m0.2304   [0m | [0m0.379    [0m | [0m2.121    [0m |
[0.   0.05 0.13 0.13 0.15 0.22 0.27 0.27 0.31 0.33 0.35 0.37 0.39 0.41
 0.44 0.49 0.52 0.54 0.64 0.64 0.66 0.69 0.75 0.81 0.82 0.83 0.84 0.87
 0.87 0.88 0.91 0.93 0.93 0.99 0.99 1.07 1.09 1.09 1.1  1.11 1.13 1.14
 1.16 1.16 1.19 1.19 1.2  1.22 1.22 1.22 1.26 1.28 1.31 1.42 1.55 1.96
 1.98 2.08 2.2  2.58]
var: 0.29290475
| [0m77       [0m | [0m0.9055   [0m | [0m0.2027   [0m | [0m40.47    [0m | [0m1.256    [0m |
[0.05 0.06 0.14 0.22 0.23 0.28 0.31 0.33 0.34 0.36 0.39 0.39 0.4  0.41
 0.44 0.51 0.55 0.55 0.56 0.56 0.57 0.57 0.59 0.59 0.64 0.64 0.64 0.64
 0.66 0.7  0.8  0.81 0.83 0.87 0.94 1.   1.01 1.01 1.07 1.13 1.17 1.21
 1.23 1.23 1.26 1.26 1.26 1.29 1.29 1.3  1.33 1.34 1.39 1.47 1.57 1.73
 1.9  1.95 2.28 2.4 ]
var: 0.2816154166666663
| [0m78       [0m | [0m0.8775   [0m | [0m0.03489  [0m | [0m48.48    [0m | [0m0.01246  [0m |
[0.04 0.05 0.11 0.14 0.15 0.17 0.21 0.22 0.23 0.24 0.25 0.29 0.3  0.31
 0.32 0.33 0.37 0.4  0.45 0.46 0.47 0.47 0.48 0.49 0.5  0.51 0.57 0.58
 0.59 0.61 0.65 0.66 0.66 0.71 0.72 0.74 0.81 0.89 0.9  0.92 0.95 0.96
 1.05 1.05 1.06 1.07 1.07 1.09 1.12 1.15 1.18 1.2  1.21 1.23 1.27 1.3
 1.39 1.42 1.68 1.85]
var: 0.184191416666667
| [0m79       [0m | [0m0.7045   [0m | [0m0.1885   [0m | [0m44.33    [0m | [0m0.5912   [0m |
[0.   0.01 0.07 0.1  0.12 0.24 0.27 0.31 0.35 0.4  0.4  0.41 0.41 0.43
 0.43 0.49 0.52 0.53 0.54 0.56 0.56 0.57 0.61 0.62 0.62 0.66 0.66 0.7
 0.7  0.7  0.7  0.71 0.73 0.73 0.74 0.75 0.77 0.82 0.86 0.89 0.94 1.01
 1.03 1.04 1.07 1.08 1.11 1.12 1.17 1.19 1.26 1.32 1.33 1.42 1.57 1.58
 1.6  1.69 1.84 2.4 ]
var: 0.2269189999999996
| [0m80       [0m | [0m0.791    [0m | [0m0.1398   [0m | [0m43.87    [0m | [0m2.058    [0m |
=============================================================
None
num_trials:  40  inits,  40  iters,  60  per
rho:  5
pthin:  0.50

Best VPT: 2.061666666666667
Best result: {'a': 0.11830414964164489, 'g': 42.33175034453896, 's': 0.05561920284506147}

KERNEL: nu=1.5, lengthscale=2.0, alpha=0.0005
