|   iter    |  target   |     a     |     g     |     s     |
-------------------------------------------------------------
[0.   0.   0.09 0.09 0.1  0.11 0.13 0.13 0.16 0.16 0.19 0.26 0.26 0.31
 0.32 0.33 0.36 0.4  0.45 0.45 0.5  0.51 0.53 0.53 0.57 0.62 0.66 0.69
 0.69 0.77 0.79 0.82 0.84 0.85 0.86 0.87 0.89 0.9  1.   1.01 1.02 1.07
 1.13 1.17 1.24 1.26 1.28 1.35 1.43 1.44 1.52 1.81 1.94 2.16 2.18 2.22
 2.22 3.15 5.16 5.34]
var: 1.0589616388888894
| [0m1        [0m | [0m0.9882   [0m | [0m0.1391   [0m | [0m44.11    [0m | [0m2.102    [0m |
[0.03 0.03 0.13 0.14 0.29 0.42 0.42 0.43 0.44 0.45 0.48 0.5  0.51 0.52
 0.54 0.55 0.57 0.57 0.59 0.6  0.63 0.63 0.64 0.65 0.7  0.76 0.78 0.8
 0.8  0.84 0.9  0.93 0.93 0.95 0.97 1.03 1.04 1.05 1.06 1.07 1.14 1.17
 1.2  1.23 1.24 1.35 1.38 1.43 1.5  1.61 1.61 1.65 1.66 1.91 2.09 2.11
 2.26 2.52 2.92 2.92]
var: 0.42473808333333346
| [95m2        [0m | [95m1.005    [0m | [95m0.162    [0m | [95m43.68    [0m | [95m1.37     [0m |
[0.   0.02 0.05 0.06 0.08 0.13 0.14 0.2  0.24 0.26 0.33 0.34 0.45 0.56
 0.59 0.64 0.74 0.75 0.75 0.8  0.81 0.91 1.03 1.06 1.1  1.26 1.29 1.41
 1.42 1.54 1.61 1.61 1.62 1.69 1.69 1.71 1.74 1.84 1.9  1.92 1.95 1.97
 1.98 2.07 2.15 2.18 2.4  2.44 2.47 2.67 2.68 2.8  2.88 2.99 3.17 3.29
 3.52 3.75 4.15 4.19]
var: 1.2036483055555545
| [95m3        [0m | [95m1.533    [0m | [95m0.01633  [0m | [95m12.51    [0m | [95m1.416    [0m |
[0.   0.01 0.06 0.12 0.13 0.17 0.19 0.2  0.24 0.26 0.3  0.3  0.32 0.34
 0.39 0.45 0.5  0.56 0.57 0.57 0.57 0.59 0.68 0.7  0.72 0.74 0.76 0.79
 0.79 0.81 0.83 0.89 0.96 1.01 1.01 1.02 1.03 1.07 1.08 1.08 1.11 1.14
 1.18 1.21 1.22 1.24 1.29 1.33 1.36 1.42 1.44 1.48 1.51 1.53 1.55 1.6
 1.61 1.7  2.19 2.25]
var: 0.28276474999999973
| [0m4        [0m | [0m0.8695   [0m | [0m0.1574   [0m | [0m25.07    [0m | [0m2.352    [0m |
[0.02 0.04 0.06 0.14 0.18 0.2  0.24 0.27 0.35 0.44 0.49 0.58 0.58 0.65
 0.72 0.72 0.8  0.86 0.89 0.89 0.9  1.06 1.07 1.14 1.16 1.2  1.26 1.37
 1.4  1.44 1.5  1.51 1.52 1.62 1.69 1.78 1.79 1.83 1.85 1.94 1.96 2.03
 2.1  2.15 2.16 2.25 2.3  2.48 2.5  2.52 2.52 2.53 2.61 2.66 2.94 3.15
 3.24 3.64 3.68 4.5 ]
var: 1.0332947500000003
| [95m5        [0m | [95m1.535    [0m | [95m0.08647  [0m | [95m9.744    [0m | [95m0.9963   [0m |
[0.   0.02 0.04 0.05 0.06 0.07 0.08 0.08 0.08 0.19 0.19 0.2  0.3  0.35
 0.37 0.39 0.4  0.44 0.45 0.46 0.46 0.5  0.54 0.55 0.61 0.63 0.66 0.67
 0.67 0.68 0.7  0.71 0.72 0.73 0.78 0.79 0.8  0.8  0.89 0.89 0.91 0.92
 0.93 0.99 1.   1.05 1.08 1.12 1.16 1.25 1.29 1.33 1.35 1.35 1.38 1.43
 1.66 2.32 2.49 2.84]
var: 0.3420176388888893
| [0m6        [0m | [0m0.7642   [0m | [0m0.177    [0m | [0m36.18    [0m | [0m2.032    [0m |
[0.02 0.19 0.21 0.23 0.23 0.4  0.48 0.58 0.58 0.58 0.6  0.61 0.62 0.66
 0.67 0.68 0.76 0.79 0.81 0.85 0.93 0.97 1.02 1.07 1.08 1.14 1.17 1.18
 1.2  1.22 1.23 1.29 1.33 1.34 1.41 1.43 1.43 1.52 1.62 1.66 1.66 1.68
 1.69 1.82 2.02 2.04 2.04 2.07 2.22 2.4  2.57 2.67 2.7  2.73 2.81 3.42
 3.61 3.71 3.74 5.47]
var: 1.0930323333333332
| [0m7        [0m | [0m1.481    [0m | [0m0.1474   [0m | [0m25.78    [0m | [0m0.8115   [0m |
[0.04 0.26 0.3  0.37 0.51 0.72 0.75 0.81 0.94 1.   1.03 1.04 1.04 1.21
 1.21 1.27 1.27 1.3  1.37 1.41 1.45 1.62 1.65 1.66 1.7  1.7  1.74 1.75
 1.76 1.77 1.82 1.85 1.87 1.9  1.95 2.1  2.13 2.14 2.15 2.21 2.26 2.37
 2.45 2.57 2.65 2.69 2.73 2.92 2.96 3.16 3.27 3.37 3.49 3.53 3.79 3.9
 4.08 4.13 4.43 5.29]
var: 1.24560275
| [95m8        [0m | [95m2.014    [0m | [95m0.02562  [0m | [95m23.19    [0m | [95m0.4833   [0m |
[0.07 0.17 0.19 0.24 0.27 0.3  0.52 0.54 0.61 0.62 0.63 0.63 0.63 0.66
 0.67 0.73 0.73 0.74 0.75 0.79 0.83 0.83 0.84 0.88 0.93 1.04 1.08 1.09
 1.12 1.13 1.15 1.17 1.17 1.17 1.17 1.18 1.22 1.23 1.27 1.28 1.3  1.35
 1.39 1.41 1.43 1.45 1.45 1.46 1.47 1.52 1.56 1.58 1.86 1.9  1.91 2.02
 2.07 2.35 3.62 3.8 ]
var: 0.47068697222222217
| [0m9        [0m | [0m1.153    [0m | [0m0.2456   [0m | [0m20.43    [0m | [0m1.737    [0m |
[0.06 0.11 0.14 0.14 0.19 0.22 0.33 0.36 0.39 0.45 0.45 0.45 0.56 0.57
 0.64 0.66 0.75 0.76 0.77 0.78 0.82 0.82 0.86 0.86 0.92 1.01 1.01 1.03
 1.04 1.1  1.12 1.14 1.15 1.15 1.15 1.16 1.2  1.21 1.24 1.29 1.3  1.39
 1.47 1.59 1.62 1.63 1.65 1.69 1.75 1.8  1.84 1.93 2.05 2.11 2.12 2.14
 2.31 2.76 2.79 2.89]
var: 0.4717316388888888
| [0m10       [0m | [0m1.148    [0m | [0m0.1791   [0m | [0m30.02    [0m | [0m1.175    [0m |
[0.02 0.05 0.1  0.11 0.27 0.31 0.31 0.31 0.41 0.45 0.49 0.54 0.57 0.6
 0.63 0.66 0.67 0.69 0.71 0.72 0.75 0.75 0.8  0.86 0.88 0.99 1.06 1.07
 1.11 1.11 1.13 1.15 1.2  1.21 1.22 1.23 1.26 1.27 1.27 1.3  1.32 1.33
 1.36 1.4  1.42 1.47 1.48 1.52 1.61 1.62 1.62 1.75 1.97 1.98 2.   2.
 2.18 3.01 3.12 3.36]
var: 0.49616622222222106
| [0m11       [0m | [0m1.129    [0m | [0m0.1955   [0m | [0m32.66    [0m | [0m1.069    [0m |
[0.32 0.69 0.72 0.79 0.83 1.03 1.21 1.23 1.32 1.35 1.51 1.53 1.58 1.68
 1.72 1.76 1.8  1.84 1.88 1.89 1.92 1.92 1.94 2.02 2.03 2.06 2.07 2.09
 2.11 2.15 2.25 2.26 2.32 2.38 2.41 2.41 2.49 2.54 2.54 2.58 2.91 2.99
 3.   3.18 3.18 3.18 3.35 3.45 3.63 3.75 3.79 3.8  3.93 3.94 4.16 4.28
 4.67 4.67 4.74 7.46]
var: 1.5454303055555567
| [95m12       [0m | [95m2.487    [0m | [95m0.05984  [0m | [95m26.9     [0m | [95m0.1592   [0m |
[0.03 0.1  0.14 0.18 0.22 0.25 0.32 0.52 0.53 0.53 0.59 0.61 0.63 0.65
 0.71 0.73 0.74 0.75 0.77 0.82 0.91 0.96 1.01 1.03 1.05 1.06 1.08 1.09
 1.09 1.1  1.13 1.15 1.16 1.19 1.2  1.27 1.3  1.31 1.33 1.37 1.39 1.42
 1.46 1.47 1.49 1.69 1.7  1.76 1.85 1.87 2.   2.03 2.04 2.09 2.11 2.26
 2.88 3.31 3.59 4.03]
var: 0.6545776388888889
| [0m13       [0m | [0m1.251    [0m | [0m0.1384   [0m | [0m19.31    [0m | [0m1.922    [0m |
[0.   0.02 0.02 0.05 0.11 0.14 0.19 0.21 0.25 0.29 0.3  0.31 0.44 0.45
 0.48 0.48 0.56 0.62 0.63 0.75 0.76 0.78 0.8  0.83 0.84 0.85 0.93 0.94
 1.04 1.04 1.12 1.16 1.18 1.23 1.26 1.29 1.3  1.31 1.32 1.34 1.48 1.56
 1.61 1.81 1.83 1.95 2.02 2.07 2.24 2.24 2.3  2.52 2.61 2.83 2.94 3.23
 3.33 3.42 3.64 3.86]
var: 0.9989216388888887
| [0m14       [0m | [0m1.285    [0m | [0m0.1614   [0m | [0m26.25    [0m | [0m1.483    [0m |
[0.   0.   0.   0.01 0.03 0.05 0.07 0.08 0.09 0.1  0.1  0.14 0.16 0.18
 0.19 0.2  0.2  0.2  0.2  0.21 0.21 0.22 0.22 0.24 0.25 0.25 0.26 0.27
 0.32 0.32 0.36 0.37 0.37 0.38 0.4  0.43 0.44 0.46 0.47 0.48 0.54 0.6
 0.62 0.63 0.64 0.65 0.65 0.66 0.7  0.7  0.74 0.75 0.93 0.94 1.03 1.05
 1.16 1.24 1.31 1.63]
var: 0.1301083333333336
| [0m15       [0m | [0m0.435    [0m | [0m0.05086  [0m | [0m0.1453   [0m | [0m0.4376   [0m |
[0.   0.14 0.15 0.19 0.2  0.27 0.28 0.33 0.33 0.33 0.4  0.45 0.51 0.54
 0.63 0.65 0.7  0.7  0.77 0.78 0.8  0.82 0.84 0.85 0.85 0.87 0.95 1.
 1.01 1.08 1.19 1.2  1.23 1.34 1.34 1.35 1.4  1.42 1.47 1.48 1.51 1.52
 1.54 1.55 1.76 1.83 1.84 1.86 1.87 1.87 1.91 1.99 2.53 2.74 2.79 3.16
 3.69 4.22 4.25 5.29]
var: 1.1528795555555549
| [0m16       [0m | [0m1.343    [0m | [0m0.07741  [0m | [0m4.205    [0m | [0m1.567    [0m |
[0.01 0.01 0.02 0.03 0.13 0.17 0.17 0.18 0.22 0.25 0.26 0.27 0.31 0.31
 0.33 0.34 0.34 0.35 0.38 0.41 0.48 0.54 0.54 0.59 0.63 0.64 0.7  0.72
 0.73 0.75 0.8  0.8  0.83 0.86 0.86 0.86 0.87 0.91 0.92 0.94 0.95 0.96
 1.05 1.08 1.15 1.16 1.17 1.19 1.21 1.21 1.34 1.36 1.39 1.42 1.52 1.53
 1.61 1.77 1.84 2.87]
var: 0.2962528888888888
| [0m17       [0m | [0m0.7873   [0m | [0m0.07478  [0m | [0m38.54    [0m | [0m2.656    [0m |
[0.   0.11 0.14 0.15 0.15 0.21 0.29 0.3  0.42 0.46 0.51 0.51 0.56 0.57
 0.58 0.59 0.6  0.61 0.69 0.77 0.77 0.83 0.83 0.86 0.87 0.94 1.05 1.11
 1.13 1.14 1.24 1.27 1.28 1.32 1.34 1.38 1.46 1.51 1.54 1.54 1.57 1.58
 1.59 1.71 1.87 1.93 2.05 2.06 2.13 2.23 2.29 2.3  2.4  2.45 2.49 2.49
 2.52 2.55 2.92 4.63]
var: 0.7709883055555565
| [0m18       [0m | [0m1.29     [0m | [0m0.2751   [0m | [0m14.51    [0m | [0m1.278    [0m |
[0.12 0.12 0.14 0.21 0.23 0.25 0.27 0.37 0.38 0.43 0.44 0.44 0.44 0.49
 0.56 0.63 0.7  0.71 0.71 0.76 0.78 0.94 1.   1.04 1.08 1.13 1.19 1.21
 1.24 1.27 1.28 1.32 1.41 1.41 1.42 1.43 1.49 1.55 1.85 1.85 1.86 2.
 2.01 2.15 2.22 2.22 2.26 2.55 2.56 2.57 2.63 2.75 2.99 3.12 3.35 3.35
 3.36 3.82 3.84 4.53]
var: 1.1748269722222227
| [0m19       [0m | [0m1.507    [0m | [0m0.1031   [0m | [0m12.99    [0m | [0m0.9516   [0m |
[0.   0.01 0.03 0.04 0.05 0.18 0.37 0.39 0.42 0.43 0.45 0.48 0.48 0.51
 0.57 0.59 0.61 0.68 0.69 0.71 0.72 0.77 0.81 0.85 0.91 0.93 0.94 0.99
 1.   1.02 1.04 1.04 1.08 1.1  1.11 1.12 1.12 1.13 1.13 1.19 1.22 1.27
 1.29 1.38 1.39 1.4  1.43 1.47 1.57 1.61 1.63 1.64 1.73 1.76 1.79 1.93
 1.95 1.96 1.99 2.52]
var: 0.32225322222222236
| [0m20       [0m | [0m1.01     [0m | [0m0.09521  [0m | [0m27.05    [0m | [0m2.979    [0m |
[0.01 0.02 0.03 0.06 0.1  0.19 0.23 0.27 0.28 0.31 0.4  0.46 0.5  0.5
 0.51 0.54 0.55 0.57 0.6  0.6  0.63 0.64 0.68 0.7  0.71 0.73 0.77 0.81
 0.82 0.83 0.83 0.84 0.88 0.94 0.98 1.04 1.08 1.08 1.08 1.11 1.13 1.16
 1.16 1.18 1.24 1.24 1.33 1.37 1.37 1.41 1.46 1.5  1.55 1.68 2.01 2.03
 2.36 2.61 2.67 3.04]
var: 0.4314749722222218
| [0m21       [0m | [0m0.9568   [0m | [0m0.07473  [0m | [0m22.5     [0m | [0m2.851    [0m |
[0.   0.06 0.07 0.11 0.15 0.16 0.17 0.23 0.23 0.26 0.28 0.42 0.44 0.44
 0.53 0.53 0.57 0.57 0.58 0.63 0.65 0.65 0.66 0.69 0.75 0.79 0.8  0.82
 0.82 0.83 0.88 0.9  0.93 0.93 0.93 0.95 0.97 0.98 1.07 1.08 1.08 1.24
 1.28 1.3  1.35 1.37 1.38 1.42 1.45 1.5  1.69 1.84 1.96 2.11 2.19 2.2
 2.25 2.51 2.56 3.07]
var: 0.47929455555555545
| [0m22       [0m | [0m0.9877   [0m | [0m0.09176  [0m | [0m29.88    [0m | [0m2.399    [0m |
[0.03 0.14 0.29 0.31 0.35 0.57 0.75 0.76 0.89 0.92 1.03 1.03 1.04 1.08
 1.13 1.13 1.19 1.19 1.2  1.22 1.24 1.24 1.27 1.32 1.36 1.48 1.52 1.55
 1.57 1.6  1.63 1.7  1.72 1.73 1.74 1.74 1.85 1.91 1.99 2.02 2.04 2.06
 2.06 2.11 2.17 2.26 2.27 2.3  2.34 2.36 2.44 2.47 2.62 2.72 2.74 2.77
 2.98 3.11 3.51 3.84]
var: 0.6528200000000002
| [0m23       [0m | [0m1.66     [0m | [0m0.2927   [0m | [0m44.07    [0m | [0m0.1751   [0m |
[0.09 0.14 0.14 0.15 0.27 0.29 0.3  0.3  0.33 0.44 0.47 0.53 0.55 0.57
 0.63 0.65 0.7  0.76 0.8  0.81 0.88 0.9  0.94 0.94 0.96 0.99 0.99 1.03
 1.03 1.05 1.06 1.08 1.1  1.12 1.18 1.2  1.23 1.24 1.25 1.29 1.32 1.4
 1.42 1.44 1.52 1.54 1.59 1.63 1.72 1.73 1.78 1.81 1.98 2.06 2.1  2.15
 2.24 2.37 3.66 4.66]
var: 0.6417183333333338
| [0m24       [0m | [0m1.175    [0m | [0m0.1654   [0m | [0m45.15    [0m | [0m0.9709   [0m |
[0.22 0.26 0.35 0.44 0.56 0.57 0.58 0.58 0.66 0.7  0.74 0.77 0.88 0.93
 0.99 1.06 1.09 1.13 1.13 1.27 1.31 1.32 1.36 1.41 1.42 1.44 1.44 1.52
 1.54 1.55 1.7  1.81 1.93 1.94 1.94 1.97 1.98 1.99 2.03 2.07 2.09 2.11
 2.21 2.21 2.25 2.31 2.33 2.42 2.44 2.48 2.54 2.67 2.79 3.05 3.05 3.1
 3.38 3.43 3.44 5.75]
var: 0.9770169722222222
| [0m25       [0m | [0m1.744    [0m | [0m0.1417   [0m | [0m10.78    [0m | [0m0.5779   [0m |
[0.   0.   0.05 0.11 0.13 0.17 0.2  0.22 0.24 0.29 0.33 0.36 0.41 0.41
 0.44 0.47 0.48 0.49 0.53 0.53 0.59 0.6  0.6  0.61 0.62 0.65 0.66 0.68
 0.69 0.7  0.74 0.76 0.8  0.83 0.83 0.84 0.94 0.98 0.99 1.04 1.06 1.08
 1.1  1.14 1.16 1.18 1.19 1.27 1.37 1.37 1.42 1.47 1.63 1.65 1.65 1.67
 1.71 2.28 2.29 2.39]
var: 0.3190260833333331
| [0m26       [0m | [0m0.8515   [0m | [0m0.2673   [0m | [0m40.43    [0m | [0m2.246    [0m |
[0.02 0.03 0.09 0.16 0.2  0.21 0.26 0.31 0.35 0.44 0.45 0.49 0.53 0.57
 0.59 0.61 0.64 0.65 0.67 0.68 0.69 0.72 0.81 0.83 0.83 0.84 0.87 0.91
 0.92 0.94 0.97 0.99 0.99 1.02 1.02 1.03 1.06 1.09 1.15 1.15 1.17 1.18
 1.22 1.22 1.25 1.42 1.42 1.52 1.56 1.64 1.68 1.79 1.89 2.21 2.28 2.36
 2.38 2.99 3.01 3.34]
var: 0.5344616388888888
| [0m27       [0m | [0m1.072    [0m | [0m0.2424   [0m | [0m31.77    [0m | [0m1.643    [0m |
[0.   0.05 0.19 0.21 0.22 0.26 0.27 0.33 0.33 0.35 0.4  0.4  0.42 0.45
 0.46 0.51 0.54 0.55 0.63 0.63 0.69 0.71 0.73 0.73 0.76 0.81 0.88 0.88
 0.91 0.91 0.94 0.95 0.99 1.   1.01 1.04 1.07 1.07 1.15 1.18 1.25 1.26
 1.36 1.36 1.4  1.44 1.48 1.58 1.61 1.62 1.73 1.84 1.89 1.92 1.99 1.99
 2.01 2.14 2.36 2.54]
var: 0.37915988888888863
| [0m28       [0m | [0m1.006    [0m | [0m0.2857   [0m | [0m26.65    [0m | [0m1.781    [0m |
[0.02 0.11 0.14 0.15 0.15 0.15 0.23 0.33 0.4  0.43 0.45 0.49 0.5  0.51
 0.51 0.52 0.58 0.6  0.64 0.65 0.66 0.71 0.73 0.73 0.73 0.75 0.76 0.77
 0.86 0.89 0.98 1.08 1.1  1.2  1.2  1.26 1.29 1.33 1.38 1.41 1.48 1.49
 1.68 1.71 1.73 1.82 1.88 1.98 2.01 2.15 2.19 2.2  2.22 2.3  2.49 2.62
 2.66 2.69 3.18 3.22]
var: 0.6772682222222223
| [0m29       [0m | [0m1.185    [0m | [0m0.181    [0m | [0m6.239    [0m | [0m1.615    [0m |
[0.15 0.25 0.31 0.39 0.49 0.61 0.63 0.65 0.73 0.74 0.78 0.8  0.81 0.83
 0.92 1.04 1.09 1.27 1.36 1.36 1.38 1.4  1.43 1.43 1.62 1.67 1.68 1.71
 1.75 1.76 1.79 1.79 1.8  1.83 1.83 1.86 1.87 1.88 1.88 1.95 1.98 1.98
 1.99 1.99 2.12 2.12 2.16 2.23 2.33 2.35 2.45 2.47 2.53 2.58 2.58 2.67
 2.75 3.34 3.36 4.14]
var: 0.6546495555555555
| [0m30       [0m | [0m1.661    [0m | [0m0.1358   [0m | [0m28.61    [0m | [0m0.554    [0m |
[0.05 0.08 0.08 0.08 0.14 0.21 0.24 0.25 0.32 0.34 0.42 0.43 0.45 0.47
 0.5  0.5  0.52 0.58 0.68 0.73 0.73 0.8  0.83 0.85 0.9  0.95 0.95 0.97
 1.   1.07 1.1  1.11 1.21 1.21 1.23 1.26 1.27 1.28 1.32 1.33 1.44 1.44
 1.46 1.52 1.54 1.55 1.56 1.62 1.63 1.65 1.66 1.78 1.81 1.91 2.17 2.25
 2.55 3.37 3.7  4.93]
var: 0.7913898888888888
| [0m31       [0m | [0m1.166    [0m | [0m0.1878   [0m | [0m20.35    [0m | [0m1.201    [0m |
[0.32 0.45 0.55 0.65 0.66 0.67 0.69 0.7  0.77 0.87 0.88 0.91 0.94 0.99
 1.01 1.02 1.12 1.22 1.25 1.27 1.27 1.3  1.34 1.39 1.4  1.4  1.41 1.43
 1.44 1.46 1.52 1.61 1.65 1.68 1.69 1.7  1.71 1.83 1.86 1.87 1.91 1.92
 1.96 1.98 1.99 2.04 2.12 2.14 2.19 2.21 2.27 2.39 2.53 2.54 2.6  2.63
 2.87 2.87 3.44 5.2 ]
var: 0.6652172222222216
| [0m32       [0m | [0m1.628    [0m | [0m0.2842   [0m | [0m39.15    [0m | [0m0.3261   [0m |
[0.17 0.22 0.24 0.32 0.35 0.52 0.6  0.62 0.65 0.71 0.87 0.88 0.91 0.97
 1.01 1.05 1.07 1.13 1.16 1.28 1.28 1.29 1.31 1.32 1.35 1.38 1.38 1.39
 1.44 1.47 1.53 1.55 1.59 1.62 1.63 1.63 1.72 1.74 1.76 2.06 2.07 2.11
 2.19 2.29 2.33 2.37 2.42 2.49 2.52 2.55 2.57 2.69 2.71 2.81 2.87 3.15
 3.33 3.35 3.44 3.53]
var: 0.7597762222222215
| [0m33       [0m | [0m1.649    [0m | [0m0.1592   [0m | [0m40.11    [0m | [0m0.4259   [0m |
[0.13 0.18 0.28 0.34 0.34 0.35 0.36 0.4  0.47 0.58 0.63 0.63 0.65 0.67
 0.68 0.73 0.78 0.81 0.82 0.83 0.88 1.   1.   1.04 1.19 1.22 1.23 1.29
 1.3  1.32 1.32 1.32 1.35 1.37 1.37 1.46 1.47 1.53 1.56 1.58 1.63 1.78
 2.08 2.13 2.15 2.3  2.34 2.52 2.85 2.91 3.02 3.03 3.05 3.14 3.21 3.36
 3.75 4.05 4.33 4.63]
var: 1.2300548888888898
| [0m34       [0m | [0m1.579    [0m | [0m0.2731   [0m | [0m7.905    [0m | [0m0.5525   [0m |
[0.01 0.13 0.14 0.16 0.23 0.31 0.34 0.35 0.35 0.41 0.5  0.53 0.55 0.56
 0.57 0.61 0.61 0.65 0.67 0.69 0.69 0.7  0.84 0.87 0.9  0.9  0.95 0.97
 1.06 1.08 1.08 1.09 1.09 1.21 1.29 1.31 1.31 1.32 1.36 1.36 1.38 1.4
 1.43 1.45 1.47 1.48 1.51 1.54 1.61 1.66 1.7  1.78 1.85 1.94 2.02 2.1
 2.2  2.31 2.58 2.6 ]
var: 0.3941173333333332
| [0m35       [0m | [0m1.096    [0m | [0m0.2527   [0m | [0m11.26    [0m | [0m1.958    [0m |
[0.04 0.1  0.13 0.13 0.3  0.31 0.32 0.4  0.41 0.42 0.43 0.46 0.49 0.5
 0.62 0.65 0.66 0.67 0.73 0.8  0.86 0.87 0.96 1.05 1.07 1.09 1.1  1.13
 1.18 1.19 1.21 1.36 1.36 1.38 1.39 1.4  1.43 1.45 1.47 1.5  1.5  1.6
 1.64 1.65 1.7  1.9  2.1  2.1  2.11 2.18 2.27 2.31 2.48 2.57 2.61 2.7
 2.88 2.9  2.94 3.9 ]
var: 0.7288778888888884
| [0m36       [0m | [0m1.318    [0m | [0m0.1766   [0m | [0m49.93    [0m | [0m0.5277   [0m |
[0.06 0.09 0.12 0.12 0.14 0.2  0.23 0.42 0.49 0.65 0.67 0.69 0.7  0.72
 0.73 0.85 0.87 0.88 0.91 0.95 0.96 0.97 0.98 1.   1.02 1.04 1.05 1.12
 1.15 1.17 1.24 1.25 1.28 1.28 1.31 1.34 1.4  1.49 1.5  1.56 1.59 1.62
 1.65 1.76 1.77 1.78 1.78 1.79 1.8  1.9  1.93 1.94 2.25 2.28 2.36 2.36
 2.42 2.46 2.51 2.6 ]
var: 0.45693208333333285
| [0m37       [0m | [0m1.253    [0m | [0m0.2715   [0m | [0m17.12    [0m | [0m1.591    [0m |
[0.   0.   0.02 0.02 0.05 0.05 0.06 0.07 0.08 0.09 0.11 0.11 0.13 0.13
 0.17 0.21 0.24 0.27 0.28 0.38 0.39 0.48 0.52 0.53 0.54 0.58 0.61 0.62
 0.65 0.66 0.68 0.68 0.7  0.75 0.76 0.79 0.81 0.82 0.84 0.84 0.85 0.89
 0.9  0.91 0.92 0.99 0.99 1.09 1.14 1.18 1.18 1.21 1.29 1.41 1.52 1.59
 1.84 2.06 2.07 2.86]
var: 0.34380497222222217
| [0m38       [0m | [0m0.7102   [0m | [0m0.2963   [0m | [0m44.57    [0m | [0m2.356    [0m |
[0.   0.08 0.08 0.09 0.14 0.19 0.21 0.23 0.25 0.29 0.37 0.38 0.4  0.45
 0.46 0.49 0.49 0.49 0.5  0.54 0.55 0.56 0.58 0.59 0.59 0.63 0.63 0.66
 0.67 0.69 0.74 0.75 0.75 0.85 0.86 0.88 0.88 0.89 0.92 0.92 0.97 1.01
 1.08 1.1  1.13 1.14 1.15 1.18 1.23 1.25 1.37 1.4  1.42 1.5  1.51 1.53
 1.54 1.56 1.59 1.59]
var: 0.19882030555555555
| [0m39       [0m | [0m0.7828   [0m | [0m0.2194   [0m | [0m43.53    [0m | [0m2.358    [0m |
[0.03 0.04 0.05 0.1  0.16 0.2  0.21 0.25 0.33 0.42 0.46 0.49 0.49 0.51
 0.55 0.56 0.59 0.6  0.65 0.67 0.71 0.72 0.73 0.77 0.77 0.83 0.83 0.85
 0.88 0.92 0.92 0.96 0.96 1.01 1.01 1.04 1.07 1.15 1.24 1.27 1.27 1.31
 1.36 1.38 1.41 1.47 1.49 1.57 1.63 1.68 1.71 1.72 1.73 1.8  1.87 1.94
 1.99 2.06 4.03 4.23]
var: 0.6183209722222223
| [0m40       [0m | [0m1.061    [0m | [0m0.05729  [0m | [0m29.26    [0m | [0m2.194    [0m |
[0.13 0.69 0.83 0.83 0.85 1.01 1.07 1.14 1.16 1.18 1.29 1.35 1.36 1.39
 1.43 1.51 1.52 1.65 1.67 1.69 1.7  1.82 1.82 1.87 1.87 2.01 2.04 2.04
 2.05 2.09 2.12 2.14 2.16 2.16 2.32 2.35 2.4  2.46 2.51 2.73 2.73 2.74
 2.76 2.83 2.85 2.96 3.01 3.25 3.39 3.44 3.57 3.77 3.8  4.18 4.21 4.57
 4.63 4.81 5.85 6.64]
var: 1.6034222222222232
| [0m41       [0m | [0m2.373    [0m | [0m0.1477   [0m | [0m27.45    [0m | [0m0.09451  [0m |
[0.62 0.76 0.9  0.93 0.98 1.06 1.08 1.09 1.12 1.22 1.32 1.34 1.35 1.37
 1.38 1.4  1.41 1.41 1.49 1.51 1.52 1.59 1.7  1.72 1.75 1.77 1.85 1.89
 1.91 1.91 1.91 2.   2.07 2.08 2.12 2.14 2.28 2.43 2.54 2.58 2.58 2.61
 2.61 2.64 2.71 2.83 2.87 2.93 3.06 3.22 3.33 3.35 3.41 3.69 3.76 3.8
 3.9  3.97 4.16 5.09]
var: 0.9639276666666666
| [0m42       [0m | [0m2.167    [0m | [0m0.2188   [0m | [0m26.79    [0m | [0m0.06289  [0m |
[0.04 0.28 0.3  0.34 0.37 0.39 0.41 0.44 0.49 0.79 0.8  0.92 1.   1.17
 1.17 1.19 1.23 1.24 1.29 1.32 1.34 1.42 1.42 1.43 1.44 1.44 1.48 1.54
 1.57 1.62 1.69 1.76 1.76 1.78 1.85 1.88 1.94 1.95 1.95 2.09 2.14 2.16
 2.19 2.23 2.24 2.28 2.35 2.39 2.73 2.81 2.86 2.86 2.88 2.95 3.33 3.35
 3.4  3.88 4.58 5.99]
var: 1.1927803055555557
| [0m43       [0m | [0m1.802    [0m | [0m0.07457  [0m | [0m27.22    [0m | [0m0.6385   [0m |
[0.41 0.47 0.62 0.71 1.   1.07 1.08 1.08 1.22 1.31 1.44 1.66 1.67 1.72
 1.79 1.8  1.87 1.88 1.94 1.96 1.99 2.12 2.13 2.17 2.17 2.18 2.19 2.19
 2.25 2.34 2.35 2.36 2.43 2.44 2.48 2.68 2.69 2.7  2.75 2.78 2.88 3.01
 3.09 3.1  3.16 3.3  3.4  3.52 3.59 3.63 3.67 3.68 3.96 4.08 4.21 4.26
 4.43 4.46 4.59 6.55]
var: 1.3633923333333344
| [95m44       [0m | [95m2.511    [0m | [95m0.03374  [0m | [95m27.2     [0m | [95m0.1267   [0m |
[0.68 0.71 0.95 0.98 0.99 1.23 1.29 1.38 1.41 1.45 1.53 1.55 1.56 1.62
 1.7  1.73 1.75 1.78 1.82 1.83 1.83 1.85 1.93 2.07 2.07 2.09 2.18 2.26
 2.29 2.32 2.39 2.48 2.59 2.69 2.71 2.72 2.83 2.86 2.91 2.98 3.04 3.12
 3.13 3.14 3.16 3.35 3.37 3.51 3.61 3.61 3.73 3.91 3.96 4.05 4.06 4.35
 4.6  4.8  5.07 5.28]
var: 1.2381128888888886
| [95m45       [0m | [95m2.547    [0m | [95m0.05913  [0m | [95m24.0     [0m | [95m0.04815  [0m |
[0.   0.   0.   0.01 0.01 0.01 0.01 0.01 0.02 0.02 0.02 0.02 0.02 0.02
 0.03 0.03 0.03 0.03 0.03 0.03 0.03 0.03 0.03 0.03 0.04 0.04 0.04 0.04
 0.04 0.04 0.04 0.04 0.05 0.06 0.06 0.06 0.07 0.07 0.07 0.07 0.07 0.07
 0.07 0.08 0.08 0.1  0.11 0.12 0.12 0.13 0.13 0.13 0.14 0.14 0.19 0.21
 0.24 0.27 0.31 0.33]
var: 0.005461222222222234
| [0m46       [0m | [0m0.07233  [0m | [0m0.3      [0m | [0m24.52    [0m | [0m0.001    [0m |
[0.   0.   0.   0.   0.   0.   0.   0.   0.   0.   0.   0.   0.   0.
 0.   0.   0.   0.   0.   0.   0.   0.   0.   0.   0.   0.   0.   0.
 0.   0.   0.   0.   0.   0.   0.01 0.01 0.01 0.01 0.02 0.03 0.03 0.06
 0.06 0.08 0.14 0.15 0.15 0.16 0.19 0.2  0.24 0.25 0.28 0.33 0.45 0.51
 0.61 0.71 1.57 2.95]
var: 0.19303941666666696
| [0m47       [0m | [0m0.1535   [0m | [0m1e-08    [0m | [0m23.7     [0m | [0m0.1071   [0m |
[0.26 0.53 0.77 0.96 1.05 1.13 1.16 1.17 1.26 1.32 1.46 1.48 1.53 1.55
 1.57 1.63 1.64 1.66 1.75 1.79 1.85 1.88 1.88 1.92 1.93 2.03 2.08 2.11
 2.13 2.13 2.16 2.24 2.27 2.27 2.27 2.28 2.32 2.34 2.41 2.48 2.48 2.49
 2.5  2.5  2.64 2.64 2.64 2.66 2.66 2.9  2.92 2.99 3.3  3.38 3.42 3.99
 4.03 4.41 4.46 6.55]
var: 1.0535683055555565
| [0m48       [0m | [0m2.237    [0m | [0m0.1736   [0m | [0m27.1     [0m | [0m0.1971   [0m |
[0.56 0.58 0.8  0.82 0.82 0.83 0.89 0.94 0.96 0.97 0.99 1.02 1.03 1.07
 1.07 1.09 1.18 1.2  1.22 1.37 1.41 1.44 1.48 1.51 1.52 1.52 1.53 1.53
 1.54 1.58 1.61 1.66 1.72 1.92 1.92 1.93 2.   2.03 2.04 2.05 2.05 2.11
 2.23 2.23 2.27 2.31 2.31 2.43 2.45 2.46 2.46 2.55 2.61 2.71 2.76 2.82
 3.28 4.21 4.32 5.88]
var: 0.8943433333333338
| [0m49       [0m | [0m1.83     [0m | [0m0.1054   [0m | [0m26.97    [0m | [0m0.03222  [0m |
[0.31 0.35 0.44 0.54 0.73 0.85 0.87 0.88 0.91 0.95 0.97 1.   1.08 1.08
 1.13 1.14 1.19 1.29 1.34 1.39 1.44 1.5  1.52 1.52 1.57 1.61 1.63 1.63
 1.63 1.63 1.65 1.68 1.7  1.73 1.74 1.78 1.85 1.95 1.96 1.97 2.03 2.06
 2.09 2.13 2.21 2.27 2.34 2.35 2.45 2.47 2.47 2.49 2.62 2.64 2.66 2.84
 3.14 3.28 3.73 4.19]
var: 0.6255483055555559
| [0m50       [0m | [0m1.743    [0m | [0m0.0392   [0m | [0m23.99    [0m | [0m0.02342  [0m |
[0.21 0.24 0.25 0.29 0.33 0.52 0.55 0.73 0.73 0.86 0.92 0.95 0.99 1.
 1.02 1.07 1.1  1.36 1.4  1.61 1.63 1.7  1.78 1.81 1.95 1.98 2.04 2.04
 2.04 2.15 2.2  2.23 2.3  2.33 2.39 2.39 2.4  2.41 2.55 2.59 2.6  2.61
 2.68 2.69 2.76 2.97 3.09 3.12 3.19 3.22 3.27 3.4  3.46 3.53 3.62 3.86
 4.38 4.38 5.41 5.59]
var: 1.5142836388888887
| [0m51       [0m | [0m2.148    [0m | [0m0.0294   [0m | [0m23.22    [0m | [0m0.4714   [0m |
[0.69 0.84 0.93 1.05 1.23 1.34 1.44 1.45 1.5  1.5  1.66 1.67 1.75 1.85
 1.89 1.94 2.   2.1  2.12 2.13 2.2  2.29 2.32 2.36 2.41 2.41 2.41 2.42
 2.45 2.47 2.5  2.53 2.61 2.66 2.67 2.73 2.76 2.77 2.78 2.83 2.89 2.92
 2.94 2.95 2.96 3.18 3.31 3.34 3.37 3.66 3.89 3.91 4.03 4.3  4.55 4.92
 4.97 5.67 5.76 5.95]
var: 1.3874447500000004
| [95m52       [0m | [95m2.686    [0m | [95m0.07386  [0m | [95m24.03    [0m | [95m0.07582  [0m |
[0.07 0.19 0.21 0.37 0.38 0.45 0.46 0.49 0.5  0.51 0.51 0.53 0.57 0.6
 0.61 0.67 0.73 0.75 0.78 0.88 0.9  0.93 1.   1.09 1.1  1.12 1.19 1.24
 1.26 1.28 1.32 1.32 1.38 1.46 1.52 1.58 1.6  1.79 1.8  1.87 1.91 1.92
 1.95 1.97 1.98 1.99 2.03 2.12 2.16 2.19 2.19 2.26 2.33 2.44 2.59 3.
 3.08 3.17 3.36 3.5 ]
var: 0.7265676388888888
| [0m53       [0m | [0m1.419    [0m | [0m0.1567   [0m | [0m25.75    [0m | [0m0.7975   [0m |
[0.04 0.04 0.1  0.11 0.13 0.18 0.18 0.25 0.27 0.27 0.29 0.3  0.31 0.32
 0.36 0.46 0.52 0.54 0.6  0.61 0.61 0.64 0.65 0.68 0.69 0.7  0.71 0.71
 0.74 0.74 0.75 0.82 0.83 0.84 0.84 0.84 0.86 0.86 0.92 0.99 1.04 1.12
 1.15 1.15 1.17 1.18 1.22 1.22 1.31 1.37 1.37 1.42 1.43 1.48 1.59 1.76
 1.83 1.85 1.93 2.1 ]
var: 0.26213830555555534
| [0m54       [0m | [0m0.8332   [0m | [0m0.1988   [0m | [0m30.62    [0m | [0m2.329    [0m |
[0.24 0.27 0.3  0.44 0.72 0.81 0.84 0.86 0.86 0.87 0.89 0.89 0.9  0.9
 0.91 0.92 0.98 1.01 1.08 1.1  1.12 1.15 1.23 1.25 1.47 1.61 1.65 1.74
 1.77 1.83 1.83 1.94 1.94 2.07 2.12 2.14 2.28 2.29 2.33 2.36 2.48 2.5
 2.51 2.88 2.89 2.9  2.96 2.99 3.06 3.24 3.35 3.36 3.6  3.76 3.83 3.99
 4.07 4.36 4.75 4.87]
var: 1.4068412222222217
| [0m55       [0m | [0m2.004    [0m | [0m0.1443   [0m | [0m26.88    [0m | [0m0.1407   [0m |
[0.2  0.24 0.3  0.43 0.58 0.75 0.81 0.82 0.93 0.94 1.   1.02 1.04 1.05
 1.06 1.12 1.26 1.27 1.29 1.36 1.42 1.48 1.52 1.54 1.57 1.58 1.61 1.69
 1.7  1.72 1.74 1.76 1.95 1.98 2.02 2.04 2.04 2.04 2.06 2.1  2.11 2.15
 2.21 2.28 2.32 2.38 2.39 2.41 2.61 2.86 3.03 3.14 3.25 3.39 3.4  3.64
 4.13 4.48 4.72 5.85]
var: 1.2451765555555558
| [0m56       [0m | [0m1.93     [0m | [0m0.164    [0m | [0m27.23    [0m | [0m0.1146   [0m |
[0.46 0.84 0.87 1.03 1.07 1.17 1.19 1.35 1.36 1.45 1.48 1.56 1.57 1.64
 1.66 1.73 1.82 1.83 1.85 1.86 1.95 1.98 2.   2.04 2.19 2.29 2.32 2.47
 2.63 2.68 2.7  2.72 2.77 2.78 2.79 2.84 2.88 2.89 2.98 3.1  3.18 3.27
 3.35 3.46 3.54 3.56 3.56 3.67 3.74 3.82 3.84 3.89 4.02 4.38 4.39 4.69
 5.06 5.07 5.51 7.42]
var: 1.71169275
| [95m57       [0m | [95m2.704    [0m | [95m0.05264  [0m | [95m27.1     [0m | [95m0.09515  [0m |
[0.04 0.05 0.12 0.39 0.41 0.52 0.69 0.71 0.78 0.86 0.88 0.95 1.   1.38
 1.44 1.47 1.49 1.5  1.55 1.55 1.6  1.77 1.87 2.   2.11 2.16 2.2  2.28
 2.34 2.34 2.36 2.46 2.65 2.66 2.67 2.68 2.69 2.71 2.74 2.74 2.74 2.81
 2.87 2.9  3.   3.   3.04 3.05 3.1  3.3  3.39 3.39 3.48 3.67 3.84 4.08
 4.12 4.22 4.63 4.96]
var: 1.3794466666666667
| [0m58       [0m | [0m2.24     [0m | [0m0.1031   [0m | [0m27.0     [0m | [0m0.2442   [0m |
[0.1  0.26 0.26 0.29 0.45 0.48 0.5  0.59 0.59 0.6  0.6  0.61 0.68 0.68
 0.7  0.73 0.73 0.73 0.75 0.76 0.77 0.79 0.8  0.82 0.82 0.91 0.92 0.95
 0.98 0.99 1.09 1.11 1.14 1.22 1.26 1.27 1.28 1.28 1.34 1.37 1.39 1.39
 1.57 1.58 1.59 1.65 1.76 1.78 1.83 1.95 1.97 2.18 2.31 2.32 2.37 2.41
 2.45 2.67 2.77 3.69]
var: 0.5295714166666663
| [0m59       [0m | [0m1.231    [0m | [0m0.28     [0m | [0m36.28    [0m | [0m0.5774   [0m |
[0.28 0.45 0.57 0.83 0.91 1.04 1.09 1.15 1.15 1.16 1.24 1.26 1.3  1.36
 1.37 1.38 1.39 1.4  1.49 1.56 1.57 1.63 1.72 1.75 1.75 1.81 1.86 1.94
 2.06 2.07 2.15 2.16 2.19 2.3  2.3  2.37 2.39 2.43 2.44 2.53 2.55 2.57
 2.61 2.65 2.68 2.87 2.96 2.96 3.09 3.13 3.2  3.32 3.37 3.47 4.84 5.04
 5.65 5.87 6.18 6.51]
var: 1.850472666666665
| [0m60       [0m | [0m2.322    [0m | [0m0.1209   [0m | [0m27.05    [0m | [0m0.1333   [0m |
[0.23 0.24 0.37 0.51 0.56 0.63 0.76 0.84 0.84 0.95 0.97 1.04 1.1  1.14
 1.4  1.42 1.44 1.49 1.58 1.6  1.69 1.73 1.78 1.83 1.96 1.99 2.02 2.05
 2.05 2.17 2.2  2.28 2.29 2.34 2.34 2.35 2.39 2.4  2.44 2.49 2.62 2.65
 2.79 2.79 2.84 2.93 2.99 3.26 3.28 3.45 3.45 3.59 3.68 3.7  3.73 4.31
 4.6  4.71 5.14 5.55]
var: 1.4839428888888901
| [0m61       [0m | [0m2.233    [0m | [0m0.0502   [0m | [0m27.15    [0m | [0m0.259    [0m |
[0.1  0.48 0.71 0.93 1.23 1.26 1.35 1.37 1.46 1.49 1.52 1.53 1.55 1.63
 1.64 1.81 1.89 1.97 1.97 2.02 2.07 2.17 2.2  2.25 2.29 2.38 2.39 2.41
 2.44 2.5  2.51 2.52 2.54 2.57 2.69 2.71 2.71 2.72 2.8  2.83 3.05 3.1
 3.12 3.14 3.26 3.34 3.35 3.44 3.48 3.48 3.54 3.56 3.7  3.95 4.02 4.21
 4.79 4.97 5.63 8.96]
var: 1.822383888888889
| [0m62       [0m | [0m2.628    [0m | [0m0.04824  [0m | [0m27.08    [0m | [0m0.146    [0m |
[0.27 0.38 0.48 0.9  0.94 1.01 1.21 1.22 1.26 1.34 1.36 1.37 1.38 1.43
 1.44 1.46 1.46 1.5  1.58 1.65 1.66 1.74 1.84 1.87 1.88 2.01 2.02 2.05
 2.07 2.12 2.13 2.17 2.19 2.2  2.22 2.23 2.26 2.28 2.35 2.35 2.39 2.42
 2.44 2.47 2.53 2.62 2.76 2.85 2.94 2.98 3.22 3.26 3.32 3.39 3.5  4.21
 4.31 4.83 4.96 5.17]
var: 1.0924554166666665
| [0m63       [0m | [0m2.198    [0m | [0m0.189    [0m | [0m24.11    [0m | [0m0.0716   [0m |
[0.16 0.21 0.22 0.5  0.61 0.82 1.03 1.06 1.17 1.24 1.29 1.52 1.56 1.59
 1.7  1.7  1.71 1.84 1.92 1.94 1.96 1.98 2.03 2.04 2.09 2.11 2.22 2.26
 2.33 2.38 2.42 2.55 2.58 2.61 2.61 2.61 2.62 2.63 2.7  2.74 2.78 2.94
 3.   3.09 3.14 3.2  3.2  3.36 3.41 3.5  3.5  3.69 3.71 3.85 3.89 3.97
 4.1  4.17 4.47 6.19]
var: 1.3275676666666658
| [0m64       [0m | [0m2.407    [0m | [0m0.06371  [0m | [0m23.96    [0m | [0m0.1666   [0m |
[0.01 0.06 0.1  0.17 0.22 0.26 0.32 0.34 0.38 0.46 0.49 0.6  0.65 0.69
 0.71 0.72 0.79 0.79 0.84 0.84 0.84 0.85 0.92 0.93 0.94 1.02 1.05 1.05
 1.1  1.1  1.2  1.21 1.26 1.29 1.32 1.35 1.36 1.36 1.39 1.43 1.46 1.47
 1.48 1.48 1.5  1.5  1.51 1.55 1.7  1.79 1.8  2.12 2.14 2.19 2.23 2.23
 2.25 2.4  2.68 3.89]
var: 0.5211432222222221
| [0m65       [0m | [0m1.196    [0m | [0m0.2973   [0m | [0m19.86    [0m | [0m1.262    [0m |
[0.11 0.42 0.72 0.72 0.8  0.8  0.92 0.93 0.94 1.16 1.19 1.25 1.29 1.32
 1.52 1.56 1.62 1.64 1.64 1.75 1.76 1.78 1.9  1.95 2.08 2.1  2.27 2.3
 2.35 2.42 2.45 2.48 2.55 2.57 2.58 2.58 2.59 2.64 2.74 2.74 2.96 2.98
 3.02 3.03 3.05 3.13 3.21 3.35 3.4  3.45 3.6  3.78 4.11 4.15 4.32 4.77
 4.86 5.25 5.44 7.49]
var: 1.8731848888888891
| [0m66       [0m | [0m2.475    [0m | [0m0.1455   [0m | [0m23.97    [0m | [0m0.08397  [0m |
[0.02 0.03 0.12 0.12 0.13 0.15 0.36 0.41 0.46 0.53 0.58 0.62 0.66 0.71
 0.73 0.73 0.86 0.87 0.94 0.98 1.   1.   1.   1.18 1.21 1.23 1.37 1.39
 1.39 1.39 1.4  1.41 1.41 1.42 1.43 1.5  1.5  1.57 1.62 1.69 1.71 1.79
 1.8  1.89 1.94 2.03 2.04 2.07 2.17 2.19 2.33 2.34 2.39 2.58 2.63 2.67
 2.71 2.79 3.42 4.25]
var: 0.7562312222222222
| [0m67       [0m | [0m1.414    [0m | [0m0.05397  [0m | [0m32.61    [0m | [0m0.6744   [0m |
[0.   0.   0.   0.   0.   0.   0.   0.   0.   0.   0.   0.   0.   0.
 0.   0.   0.   0.   0.   0.   0.   0.   0.   0.   0.   0.   0.   0.
 0.   0.   0.   0.   0.   0.   0.   0.   0.   0.01 0.01 0.01 0.01 0.06
 0.07 0.07 0.09 0.1  0.13 0.15 0.15 0.2  0.22 0.24 0.25 0.26 0.26 0.28
 0.4  0.78 2.63 3.26]
var: 0.28799955555555556
| [0m68       [0m | [0m0.1607   [0m | [0m1e-08    [0m | [0m26.99    [0m | [0m0.1426   [0m |
[0.13 0.18 0.46 0.47 0.47 0.73 0.81 0.88 0.93 0.97 0.97 1.   1.05 1.33
 1.35 1.44 1.45 1.48 1.66 1.66 1.74 1.87 1.87 1.91 1.98 2.   2.05 2.15
 2.16 2.17 2.21 2.27 2.29 2.3  2.45 2.45 2.47 2.5  2.51 2.56 2.59 2.79
 2.9  2.94 3.19 3.26 3.32 3.45 3.45 3.53 3.6  3.66 3.74 3.79 4.57 4.62
 4.62 5.24 5.27 5.6 ]
var: 1.6818712222222219
| [0m69       [0m | [0m2.324    [0m | [0m0.08363  [0m | [0m27.14    [0m | [0m0.1444   [0m |
[0.14 0.21 0.48 0.64 0.68 0.69 0.82 0.86 1.04 1.1  1.2  1.25 1.29 1.31
 1.31 1.33 1.35 1.36 1.36 1.37 1.43 1.43 1.45 1.49 1.51 1.52 1.53 1.58
 1.59 1.6  1.63 1.71 1.72 1.72 1.73 1.79 1.93 2.02 2.03 2.05 2.11 2.16
 2.18 2.19 2.26 2.27 2.3  2.35 2.4  2.42 2.53 2.58 2.63 2.71 2.94 2.98
 2.98 3.06 3.27 3.28]
var: 0.533862083333334
| [0m70       [0m | [0m1.748    [0m | [0m0.1203   [0m | [0m47.46    [0m | [0m0.2582   [0m |
[0.93 1.06 1.12 1.17 1.25 1.37 1.55 1.62 1.69 1.71 1.8  1.84 1.94 1.96
 2.03 2.05 2.09 2.1  2.16 2.22 2.23 2.24 2.29 2.36 2.45 2.52 2.53 2.55
 2.58 2.69 2.81 2.92 2.97 3.03 3.1  3.16 3.22 3.28 3.29 3.5  3.5  3.51
 3.61 3.62 3.67 3.69 3.78 3.8  3.88 3.91 4.01 4.01 4.03 4.08 4.08 4.16
 4.36 4.57 6.01 6.42]
var: 1.292099333333333
| [95m71       [0m | [95m2.868    [0m | [95m0.01146  [0m | [95m27.19    [0m | [95m0.05553  [0m |
[0.54 0.89 0.94 1.01 1.11 1.25 1.3  1.57 1.67 1.68 1.7  1.73 1.83 1.84
 2.13 2.34 2.42 2.56 2.6  2.62 2.72 2.74 2.79 2.8  2.87 2.91 2.93 3.03
 3.06 3.08 3.11 3.12 3.18 3.28 3.34 3.38 3.39 3.43 3.45 3.54 3.56 3.72
 3.73 3.77 3.82 4.04 4.09 4.2  4.21 4.27 4.28 4.51 4.55 4.61 4.85 5.05
 5.06 5.55 7.04 7.88]
var: 1.9819347500000013
| [95m72       [0m | [95m3.145    [0m | [95m0.004484 [0m | [95m27.29    [0m | [95m0.08234  [0m |
[0.53 1.01 1.12 1.28 1.34 1.56 1.58 1.61 1.62 1.64 1.66 1.67 1.68 1.81
 1.87 1.92 1.96 1.97 1.97 1.98 1.99 2.08 2.08 2.1  2.12 2.15 2.16 2.21
 2.21 2.22 2.24 2.25 2.26 2.26 2.35 2.43 2.43 2.61 2.61 2.76 2.77 2.79
 2.86 3.02 3.04 3.12 3.23 3.29 3.39 3.43 3.43 3.44 3.9  4.18 4.19 4.35
 4.44 4.61 5.5  5.87]
var: 1.1066509722222215
| [0m73       [0m | [0m2.536    [0m | [0m0.04241  [0m | [0m27.27    [0m | [0m0.03706  [0m |
[0.05 0.26 0.27 0.38 0.79 0.98 1.01 1.13 1.28 1.49 1.55 1.63 1.64 1.65
 1.67 1.75 1.78 1.81 1.86 1.88 2.03 2.08 2.14 2.14 2.17 2.21 2.38 2.43
 2.53 2.53 2.56 2.6  2.67 2.72 2.75 2.76 2.82 2.84 2.89 2.9  2.92 2.95
 3.   3.14 3.17 3.19 3.27 3.33 3.48 3.52 3.53 3.56 3.58 3.63 3.8  3.81
 4.03 4.1  4.3  5.54]
var: 1.176811222222222
| [0m74       [0m | [0m2.448    [0m | [0m0.0578   [0m | [0m27.29    [0m | [0m0.1547   [0m |
[0.38 0.44 0.81 0.81 0.86 0.87 0.89 0.92 1.06 1.12 1.17 1.19 1.23 1.25
 1.3  1.38 1.43 1.46 1.46 1.67 1.67 1.68 1.72 1.73 1.73 1.74 1.81 1.84
 1.84 1.85 1.95 1.98 2.24 2.27 2.27 2.3  2.33 2.39 2.54 2.56 2.57 2.73
 2.75 2.78 2.8  2.88 2.95 3.34 3.59 3.62 3.71 3.73 3.94 4.12 4.25 4.55
 4.65 4.99 6.57 7.12]
var: 1.9044198888888881
| [0m75       [0m | [0m2.33     [0m | [0m0.1799   [0m | [0m24.03    [0m | [0m0.2135   [0m |
[0.32 0.33 0.4  0.42 0.42 0.45 0.47 0.5  0.52 0.54 0.56 0.56 0.57 0.57
 0.6  0.61 0.63 0.66 0.69 0.7  0.7  0.72 0.73 0.74 0.76 0.8  0.8  0.81
 0.81 0.85 0.85 0.87 0.93 0.94 0.95 1.01 1.07 1.08 1.26 1.31 1.34 1.46
 1.47 1.47 1.47 1.48 1.78 2.05 2.23 2.29 2.36 2.61 2.89 3.12 3.13 3.13
 3.47 4.2  4.33 4.5 ]
var: 1.111036083333333
| [0m76       [0m | [0m1.322    [0m | [0m0.004459 [0m | [0m27.2     [0m | [0m0.01529  [0m |
[0.   0.05 0.07 0.25 0.32 0.34 0.34 0.49 0.49 0.5  0.51 0.52 0.54 0.55
 0.56 0.57 0.67 0.74 0.75 0.76 0.77 0.77 0.77 0.79 0.8  0.83 0.86 0.88
 0.92 0.96 0.97 0.98 1.03 1.06 1.06 1.08 1.13 1.14 1.16 1.17 1.18 1.21
 1.24 1.24 1.31 1.33 1.34 1.35 1.36 1.43 1.45 1.58 1.7  1.82 1.86 1.92
 2.15 2.31 2.43 3.23]
var: 0.3610794166666667
| [0m77       [0m | [0m1.027    [0m | [0m0.2939   [0m | [0m21.16    [0m | [0m2.835    [0m |
[0.21 0.52 0.61 0.83 0.86 0.9  0.98 1.03 1.04 1.05 1.14 1.2  1.23 1.36
 1.38 1.62 1.64 1.66 1.66 1.68 1.69 1.69 1.73 1.8  1.87 1.91 1.95 1.96
 1.97 2.22 2.29 2.31 2.34 2.35 2.43 2.46 2.47 2.49 2.57 2.71 2.89 2.89
 2.94 2.96 2.99 3.   3.05 3.09 3.16 3.53 3.59 3.7  3.75 3.91 3.91 4.42
 4.6  4.69 4.77 6.18]
var: 1.4406714166666672
| [0m78       [0m | [0m2.331    [0m | [0m0.2528   [0m | [0m10.29    [0m | [0m0.406    [0m |
[0.01 0.03 0.07 0.07 0.12 0.13 0.15 0.21 0.21 0.23 0.24 0.24 0.24 0.35
 0.38 0.45 0.46 0.48 0.5  0.51 0.52 0.56 0.62 0.69 0.78 0.79 0.79 0.81
 0.85 0.91 0.92 0.93 0.96 1.13 1.13 1.17 1.2  1.2  1.21 1.3  1.31 1.33
 1.34 1.36 1.43 1.45 1.47 1.47 1.66 1.7  1.75 1.8  1.91 2.09 2.17 2.22
 2.28 2.59 3.34 3.52]
var: 0.6170090000000009
| [0m79       [0m | [0m1.029    [0m | [0m0.2447   [0m | [0m5.744    [0m | [0m1.36     [0m |
[0.11 0.12 0.23 0.28 0.39 0.43 0.48 0.63 0.66 0.68 0.74 0.8  0.89 0.97
 1.07 1.11 1.24 1.25 1.27 1.3  1.3  1.46 1.5  1.51 1.53 1.59 1.72 1.78
 1.83 1.85 1.86 1.88 1.92 2.   2.02 2.02 2.04 2.12 2.15 2.18 2.35 2.4
 2.45 2.48 2.6  2.6  2.64 2.65 2.78 2.84 3.02 3.03 3.21 3.24 3.4  3.56
 3.62 3.73 4.05 4.3 ]
var: 1.069254555555556
| [0m80       [0m | [0m1.864    [0m | [0m0.1198   [0m | [0m10.77    [0m | [0m0.5949   [0m |
=============================================================
None
num_trials:  40  inits,  40  iters,  60  per
rho:  1
pthin:  0.90

Best VPT: 3.144500000000001
Best result: {'a': 0.004483556971219457, 'g': 27.29288508599713, 's': 0.0823365212451605}

KERNEL: nu=1.5, lengthscale=2.0, alpha=0.0005
