|   iter    |  target   |     a     |     g     |     s     |
-------------------------------------------------------------
[0.   0.02 0.04 0.05 0.09 0.1  0.22 0.31 0.32 0.34 0.36 0.37 0.4  0.4
 0.45 0.48 0.48 0.5  0.55 0.59 0.61 0.61 0.66 0.71 0.71 0.72 0.73 0.74
 0.75 0.78 0.8  0.8  0.81 0.83 0.84 0.87 0.88 0.95 0.96 1.   1.09 1.11
 1.11 1.14 1.14 1.15 1.18 1.28 1.33 1.41 1.61 1.69 1.81 1.83 1.85 1.86
 1.9  2.09 2.15 2.24]
var: 0.3275099999999996
| [0m1        [0m | [0m0.88     [0m | [0m0.2364   [0m | [0m29.99    [0m | [0m2.299    [0m |
[0.   0.01 0.02 0.04 0.05 0.05 0.05 0.26 0.27 0.28 0.28 0.37 0.4  0.4
 0.44 0.45 0.45 0.48 0.52 0.55 0.55 0.6  0.64 0.67 0.68 0.7  0.75 0.75
 0.8  0.84 0.88 0.91 0.96 0.98 1.02 1.05 1.06 1.06 1.07 1.19 1.19 1.23
 1.27 1.28 1.29 1.34 1.34 1.37 1.42 1.44 1.47 1.54 1.62 1.65 1.68 1.94
 2.04 2.06 2.24 2.65]
var: 0.3698449722222215
| [95m2        [0m | [95m0.9098   [0m | [95m0.09749  [0m | [95m36.03    [0m | [95m1.228    [0m |
[0.02 0.03 0.05 0.07 0.08 0.11 0.11 0.12 0.13 0.14 0.14 0.25 0.26 0.28
 0.29 0.3  0.31 0.31 0.34 0.34 0.43 0.47 0.51 0.51 0.55 0.55 0.57 0.6
 0.62 0.64 0.66 0.68 0.71 0.73 0.74 0.76 0.77 0.8  0.83 0.88 0.92 0.92
 0.95 1.04 1.08 1.11 1.12 1.13 1.16 1.16 1.18 1.25 1.28 1.29 1.33 1.34
 1.63 2.09 2.09 2.28]
var: 0.2753228888888892
| [0m3        [0m | [0m0.7173   [0m | [0m0.0864   [0m | [0m40.37    [0m | [0m2.155    [0m |
[0.   0.05 0.07 0.08 0.08 0.09 0.12 0.14 0.15 0.16 0.16 0.2  0.3  0.31
 0.31 0.31 0.31 0.32 0.33 0.34 0.35 0.36 0.38 0.41 0.47 0.48 0.48 0.48
 0.53 0.56 0.57 0.57 0.62 0.62 0.63 0.65 0.67 0.67 0.68 0.7  0.76 0.78
 0.79 0.8  0.86 0.89 0.91 0.92 1.03 1.04 1.04 1.05 1.07 1.08 1.19 1.3
 1.42 1.43 1.89 1.9 ]
var: 0.18560122222222195
| [0m4        [0m | [0m0.6143   [0m | [0m0.07629  [0m | [0m48.59    [0m | [0m2.664    [0m |
[0.12 0.19 0.19 0.19 0.21 0.29 0.38 0.41 0.41 0.43 0.43 0.45 0.45 0.52
 0.56 0.57 0.61 0.62 0.64 0.67 0.67 0.73 0.75 0.78 0.78 0.79 0.79 0.87
 0.91 0.91 0.93 0.94 0.94 0.95 0.96 0.99 1.01 1.02 1.03 1.04 1.04 1.05
 1.08 1.1  1.11 1.14 1.18 1.2  1.21 1.23 1.26 1.3  1.35 1.36 1.46 1.55
 1.62 1.78 1.8  2.22]
var: 0.18868363888888912
| [0m5        [0m | [0m0.8862   [0m | [0m0.03977  [0m | [0m9.184    [0m | [0m2.859    [0m |
[0.   0.   0.03 0.07 0.08 0.09 0.11 0.11 0.14 0.15 0.16 0.18 0.23 0.33
 0.36 0.38 0.4  0.41 0.43 0.44 0.45 0.52 0.52 0.52 0.53 0.53 0.57 0.58
 0.62 0.62 0.66 0.68 0.69 0.72 0.73 0.74 0.78 0.81 0.82 0.88 0.93 0.95
 0.96 1.04 1.04 1.04 1.08 1.1  1.11 1.12 1.13 1.18 1.18 1.2  1.27 1.34
 1.42 1.56 1.61 1.73]
var: 0.1936678888888891
| [0m6        [0m | [0m0.6843   [0m | [0m0.09625  [0m | [0m39.73    [0m | [0m2.224    [0m |
[0.01 0.02 0.04 0.04 0.05 0.05 0.15 0.17 0.17 0.23 0.26 0.3  0.41 0.42
 0.44 0.48 0.57 0.57 0.61 0.62 0.62 0.64 0.7  0.71 0.73 0.75 0.76 0.77
 0.78 0.81 0.87 0.88 0.89 0.95 1.01 1.04 1.05 1.07 1.08 1.1  1.11 1.19
 1.2  1.24 1.25 1.26 1.26 1.26 1.29 1.32 1.34 1.41 1.46 1.59 1.65 1.95
 2.01 2.26 2.42 3.03]
var: 0.38462488888888857
| [0m7        [0m | [0m0.9053   [0m | [0m0.02502  [0m | [0m40.16    [0m | [0m1.705    [0m |
[0.08 0.11 0.13 0.16 0.16 0.18 0.22 0.25 0.26 0.29 0.36 0.4  0.45 0.45
 0.47 0.49 0.57 0.57 0.58 0.59 0.62 0.66 0.66 0.66 0.67 0.68 0.69 0.69
 0.7  0.7  0.71 0.76 0.76 0.76 0.76 0.79 0.82 0.83 0.85 0.86 0.88 0.91
 0.93 0.93 0.94 0.96 0.97 1.06 1.07 1.11 1.14 1.18 1.19 1.39 1.68 1.79
 1.8  2.   2.47 3.24]
var: 0.3178395555555556
| [0m8        [0m | [0m0.8173   [0m | [0m0.2572   [0m | [0m15.34    [0m | [0m2.545    [0m |
[0.51 0.57 0.62 0.66 0.79 0.8  0.86 0.87 0.94 0.94 0.95 0.96 1.04 1.1
 1.15 1.16 1.18 1.2  1.21 1.23 1.26 1.28 1.3  1.34 1.34 1.37 1.37 1.39
 1.45 1.45 1.45 1.46 1.53 1.58 1.6  1.61 1.61 1.62 1.74 1.75 1.81 1.82
 1.85 1.86 1.87 1.88 1.97 2.06 2.14 2.25 2.29 2.32 2.49 2.54 2.55 2.59
 2.61 2.64 2.96 4.24]
var: 0.456317666666667
| [95m9        [0m | [95m1.583    [0m | [95m0.1811   [0m | [95m31.08    [0m | [95m0.1115   [0m |
[0.01 0.06 0.11 0.11 0.14 0.14 0.17 0.17 0.19 0.19 0.19 0.26 0.28 0.33
 0.34 0.37 0.38 0.38 0.39 0.4  0.42 0.53 0.53 0.55 0.61 0.61 0.69 0.73
 0.74 0.75 0.76 0.76 0.78 0.79 0.86 0.86 0.97 0.99 1.01 1.09 1.14 1.18
 1.18 1.3  1.3  1.39 1.43 1.54 1.55 1.56 1.58 1.6  1.62 1.65 1.68 1.88
 1.97 2.14 2.5  2.59]
var: 0.40452988888888924
| [0m10       [0m | [0m0.8737   [0m | [0m0.231    [0m | [0m8.898    [0m | [0m1.202    [0m |
[0.08 0.09 0.09 0.13 0.15 0.19 0.2  0.28 0.31 0.32 0.33 0.34 0.37 0.38
 0.38 0.38 0.43 0.45 0.54 0.54 0.56 0.58 0.59 0.62 0.63 0.72 0.75 0.76
 0.78 0.79 0.82 0.82 0.82 0.87 0.91 0.94 0.95 1.04 1.06 1.07 1.08 1.08
 1.09 1.11 1.11 1.16 1.18 1.19 1.23 1.28 1.34 1.47 1.69 1.71 1.82 1.84
 1.84 1.86 2.21 2.47]
var: 0.30648655555555543
| [0m11       [0m | [0m0.8637   [0m | [0m0.05689  [0m | [0m6.952    [0m | [0m2.166    [0m |
[0.   0.03 0.09 0.11 0.16 0.2  0.2  0.21 0.22 0.23 0.26 0.29 0.31 0.31
 0.41 0.42 0.43 0.53 0.55 0.6  0.61 0.63 0.67 0.67 0.68 0.7  0.75 0.77
 0.77 0.79 0.8  0.81 0.81 0.85 0.86 0.88 0.9  0.91 0.93 0.96 0.97 0.98
 1.   1.03 1.07 1.09 1.1  1.15 1.17 1.17 1.18 1.21 1.22 1.26 1.34 1.42
 1.44 1.54 1.82 2.66]
var: 0.2302714166666665
| [0m12       [0m | [0m0.7855   [0m | [0m0.1177   [0m | [0m10.78    [0m | [0m2.736    [0m |
[0.45 0.55 0.56 0.6  0.63 0.72 0.77 0.78 0.79 0.79 0.87 0.88 0.88 0.92
 0.94 0.95 0.95 0.96 0.97 0.98 1.04 1.15 1.16 1.17 1.18 1.22 1.23 1.23
 1.24 1.24 1.25 1.31 1.32 1.45 1.46 1.5  1.51 1.51 1.58 1.59 1.63 1.65
 1.68 1.71 1.71 1.74 1.85 1.87 1.92 1.92 1.94 2.04 2.13 2.23 2.25 2.35
 2.39 2.83 3.26 3.46]
var: 0.4023906666666661
| [0m13       [0m | [0m1.414    [0m | [0m0.2798   [0m | [0m33.81    [0m | [0m0.1885   [0m |
[0.44 0.58 0.58 0.61 0.66 0.73 0.79 0.8  0.81 0.83 0.85 0.92 1.05 1.08
 1.1  1.1  1.18 1.24 1.24 1.26 1.44 1.44 1.45 1.46 1.49 1.5  1.62 1.63
 1.71 1.71 1.76 1.79 1.79 1.81 1.88 1.91 1.96 2.   2.   2.01 2.02 2.25
 2.32 2.32 2.34 2.37 2.39 2.4  2.4  2.49 2.5  2.5  2.66 2.86 2.86 2.9
 2.95 3.14 3.5  4.09]
var: 0.6312469722222221
| [95m14       [0m | [95m1.758    [0m | [95m0.1361   [0m | [95m25.3     [0m | [95m0.1395   [0m |
[0.   0.   0.05 0.05 0.05 0.07 0.08 0.14 0.14 0.18 0.21 0.28 0.34 0.36
 0.4  0.43 0.46 0.51 0.56 0.61 0.61 0.61 0.65 0.65 0.65 0.66 0.7  0.71
 0.76 0.78 0.78 0.79 0.8  0.8  0.82 0.82 0.87 0.91 0.91 0.94 0.97 1.
 1.01 1.06 1.15 1.18 1.24 1.31 1.36 1.38 1.39 1.41 1.45 1.47 1.59 1.72
 1.73 2.03 2.17 2.25]
var: 0.3011883055555557
| [0m15       [0m | [0m0.8168   [0m | [0m0.2734   [0m | [0m29.53    [0m | [0m2.279    [0m |
[0.   0.02 0.03 0.03 0.04 0.06 0.06 0.07 0.1  0.12 0.13 0.14 0.14 0.14
 0.15 0.16 0.17 0.19 0.23 0.23 0.24 0.3  0.34 0.37 0.38 0.4  0.41 0.41
 0.41 0.42 0.45 0.54 0.57 0.57 0.57 0.59 0.63 0.67 0.75 0.75 0.81 0.82
 0.83 0.84 0.84 0.9  0.92 1.08 1.09 1.1  1.12 1.12 1.26 1.37 1.42 1.47
 1.53 1.7  1.8  2.54]
var: 0.2829589999999996
| [0m16       [0m | [0m0.609    [0m | [0m0.1627   [0m | [0m42.48    [0m | [0m2.652    [0m |
[0.   0.   0.01 0.02 0.03 0.03 0.05 0.06 0.08 0.08 0.12 0.12 0.14 0.15
 0.17 0.22 0.24 0.26 0.27 0.28 0.29 0.29 0.32 0.35 0.37 0.38 0.38 0.39
 0.4  0.44 0.44 0.44 0.45 0.52 0.53 0.55 0.61 0.62 0.67 0.69 0.7  0.72
 0.75 0.75 0.8  0.82 0.83 0.86 0.86 0.9  0.97 0.97 1.07 1.14 1.19 1.23
 1.5  1.66 1.85 1.88]
var: 0.20809941666666693
| [0m17       [0m | [0m0.5485   [0m | [0m0.06723  [0m | [0m45.16    [0m | [0m2.926    [0m |
[0.   0.04 0.04 0.09 0.09 0.1  0.11 0.19 0.19 0.35 0.37 0.38 0.39 0.42
 0.45 0.46 0.5  0.6  0.61 0.62 0.63 0.65 0.66 0.66 0.67 0.68 0.7  0.71
 0.72 0.72 0.73 0.79 0.84 0.84 0.85 0.88 0.89 0.9  0.9  0.92 0.94 1.07
 1.1  1.11 1.15 1.15 1.18 1.18 1.21 1.28 1.32 1.34 1.37 1.37 1.4  1.4
 1.51 1.88 2.   3.  ]
var: 0.28506722222222197
| [0m18       [0m | [0m0.8217   [0m | [0m0.2354   [0m | [0m23.35    [0m | [0m0.864    [0m |
[0.11 0.14 0.16 0.17 0.19 0.24 0.24 0.25 0.27 0.28 0.32 0.36 0.36 0.38
 0.51 0.51 0.58 0.59 0.59 0.6  0.63 0.64 0.65 0.65 0.69 0.71 0.71 0.72
 0.73 0.76 0.78 0.78 0.84 0.85 0.85 0.88 0.88 0.93 0.97 0.99 1.05 1.08
 1.12 1.2  1.27 1.28 1.32 1.4  1.44 1.48 1.52 1.81 1.82 2.05 2.15 2.24
 2.45 2.6  2.66 3.53]
var: 0.5094840000000004
| [0m19       [0m | [0m0.966    [0m | [0m0.01047  [0m | [0m2.298    [0m | [0m0.664    [0m |
[0.   0.02 0.03 0.07 0.09 0.11 0.13 0.14 0.21 0.23 0.29 0.29 0.36 0.39
 0.4  0.4  0.44 0.5  0.56 0.58 0.6  0.63 0.63 0.66 0.66 0.67 0.7  0.71
 0.71 0.73 0.73 0.76 0.78 0.78 0.82 0.84 0.87 0.9  0.9  0.91 0.93 0.95
 0.95 1.01 1.06 1.11 1.16 1.16 1.17 1.19 1.19 1.22 1.23 1.25 1.25 1.26
 2.   2.13 2.32 3.21]
var: 0.33243322222222216
| [0m20       [0m | [0m0.7997   [0m | [0m0.271    [0m | [0m15.25    [0m | [0m1.425    [0m |
[0.04 0.06 0.12 0.14 0.17 0.17 0.19 0.23 0.28 0.29 0.36 0.39 0.51 0.51
 0.51 0.55 0.58 0.59 0.61 0.61 0.62 0.68 0.82 0.82 0.82 0.85 0.91 0.91
 0.97 1.02 1.03 1.04 1.07 1.08 1.08 1.09 1.09 1.09 1.09 1.1  1.1  1.11
 1.16 1.16 1.2  1.2  1.28 1.28 1.29 1.33 1.36 1.37 1.37 1.41 1.43 1.48
 1.53 1.63 1.9  2.03]
var: 0.2191249722222225
| [0m21       [0m | [0m0.8952   [0m | [0m0.1306   [0m | [0m15.45    [0m | [0m2.928    [0m |
[0.   0.   0.   0.   0.01 0.03 0.06 0.1  0.1  0.11 0.14 0.17 0.19 0.21
 0.22 0.26 0.28 0.28 0.3  0.38 0.43 0.44 0.46 0.48 0.49 0.53 0.53 0.56
 0.61 0.62 0.63 0.63 0.64 0.67 0.69 0.69 0.71 0.72 0.79 0.81 0.84 0.84
 0.89 0.89 0.92 0.95 0.98 0.99 1.01 1.05 1.15 1.2  1.31 1.33 1.34 1.61
 1.69 1.69 1.87 2.05]
var: 0.2505014166666667
| [0m22       [0m | [0m0.6595   [0m | [0m0.2169   [0m | [0m37.04    [0m | [0m2.447    [0m |
[0.02 0.03 0.03 0.06 0.07 0.08 0.08 0.09 0.11 0.13 0.13 0.13 0.14 0.14
 0.16 0.17 0.17 0.17 0.19 0.19 0.21 0.3  0.3  0.3  0.38 0.4  0.43 0.43
 0.44 0.47 0.5  0.53 0.54 0.55 0.56 0.62 0.63 0.66 0.73 0.76 0.83 0.86
 0.87 0.89 0.95 0.95 0.96 0.97 1.01 1.06 1.12 1.15 1.18 1.24 1.25 1.38
 1.58 1.62 1.63 1.71]
var: 0.2208928888888885
| [0m23       [0m | [0m0.5873   [0m | [0m0.01228  [0m | [0m40.62    [0m | [0m2.723    [0m |
[0.03 0.07 0.07 0.11 0.12 0.15 0.19 0.21 0.21 0.24 0.25 0.27 0.43 0.44
 0.44 0.48 0.54 0.54 0.58 0.6  0.61 0.61 0.64 0.66 0.69 0.71 0.73 0.77
 0.77 0.79 0.81 0.82 0.83 0.83 0.86 0.86 0.93 0.96 0.98 0.98 1.03 1.07
 1.08 1.12 1.13 1.15 1.18 1.26 1.26 1.37 1.42 1.46 1.46 1.6  1.64 1.67
 1.8  1.99 2.06 2.83]
var: 0.3114994166666669
| [0m24       [0m | [0m0.8565   [0m | [0m0.1971   [0m | [0m21.79    [0m | [0m1.545    [0m |
[0.01 0.01 0.04 0.04 0.1  0.14 0.26 0.26 0.31 0.31 0.33 0.37 0.46 0.48
 0.56 0.61 0.62 0.68 0.69 0.69 0.71 0.72 0.72 0.74 0.75 0.77 0.78 0.79
 0.83 0.86 0.88 0.94 0.94 0.98 1.   1.03 1.04 1.11 1.13 1.16 1.16 1.2
 1.22 1.23 1.28 1.38 1.39 1.4  1.46 1.5  1.53 1.67 1.71 1.74 1.75 1.8
 1.86 1.88 2.2  2.31]
var: 0.3142093333333342
| [0m25       [0m | [0m0.942    [0m | [0m0.09816  [0m | [0m22.01    [0m | [0m1.701    [0m |
[0.06 0.08 0.11 0.17 0.19 0.23 0.27 0.28 0.28 0.32 0.34 0.35 0.39 0.45
 0.47 0.51 0.55 0.57 0.57 0.67 0.72 0.74 0.83 0.87 0.87 0.93 0.96 0.97
 0.98 0.98 0.98 0.99 1.02 1.12 1.14 1.18 1.23 1.23 1.27 1.27 1.27 1.31
 1.31 1.35 1.43 1.44 1.47 1.48 1.53 1.57 1.57 1.58 1.62 1.66 1.77 1.77
 1.85 2.51 3.01 3.32]
var: 0.4435695555555553
| [0m26       [0m | [0m1.033    [0m | [0m0.1319   [0m | [0m24.06    [0m | [0m1.617    [0m |
[0.02 0.07 0.09 0.09 0.09 0.09 0.12 0.14 0.18 0.18 0.2  0.21 0.23 0.34
 0.34 0.46 0.46 0.49 0.5  0.5  0.54 0.62 0.62 0.63 0.63 0.64 0.74 0.74
 0.75 0.77 0.77 0.78 0.79 0.8  0.81 0.81 0.82 0.82 0.9  0.96 0.97 1.02
 1.06 1.07 1.1  1.16 1.3  1.35 1.37 1.58 1.58 1.59 1.6  1.64 1.77 1.8
 1.96 1.98 2.12 2.13]
var: 0.32807274999999986
| [0m27       [0m | [0m0.8315   [0m | [0m0.2611   [0m | [0m11.31    [0m | [0m0.511    [0m |
[0.04 0.07 0.08 0.09 0.13 0.14 0.18 0.18 0.18 0.21 0.25 0.25 0.29 0.32
 0.4  0.42 0.44 0.45 0.46 0.48 0.5  0.52 0.53 0.6  0.6  0.61 0.61 0.63
 0.65 0.67 0.69 0.7  0.73 0.73 0.74 0.76 0.77 0.82 0.82 0.91 0.92 0.95
 0.99 1.   1.02 1.05 1.06 1.07 1.22 1.27 1.28 1.28 1.29 1.51 1.53 1.74
 1.89 2.02 2.17 2.98]
var: 0.32616608333333386
| [0m28       [0m | [0m0.7815   [0m | [0m0.1052   [0m | [0m49.18    [0m | [0m1.285    [0m |
[0.   0.06 0.07 0.08 0.15 0.18 0.19 0.2  0.32 0.39 0.4  0.41 0.46 0.52
 0.66 0.66 0.7  0.71 0.73 0.74 0.75 0.8  0.82 0.89 0.9  0.96 0.98 1.
 1.   1.05 1.07 1.11 1.18 1.23 1.23 1.26 1.31 1.32 1.47 1.5  1.57 1.59
 1.61 1.62 1.72 1.73 1.81 1.88 1.9  1.93 1.96 1.97 2.02 2.42 2.42 2.49
 2.67 2.8  2.92 3.33]
var: 0.6251276666666669
| [0m29       [0m | [0m1.197    [0m | [0m0.04416  [0m | [0m19.5     [0m | [0m1.474    [0m |
[0.   0.   0.02 0.03 0.03 0.04 0.1  0.13 0.14 0.16 0.16 0.16 0.17 0.18
 0.2  0.21 0.21 0.22 0.23 0.23 0.25 0.26 0.27 0.29 0.29 0.3  0.31 0.34
 0.34 0.35 0.39 0.4  0.4  0.42 0.46 0.46 0.47 0.49 0.53 0.57 0.58 0.6
 0.71 0.73 0.76 0.81 0.89 0.92 0.92 0.97 0.97 1.08 1.1  1.18 1.21 1.24
 1.69 2.02 2.03 2.28]
var: 0.26400388888888865
| [0m30       [0m | [0m0.5483   [0m | [0m0.1852   [0m | [0m33.63    [0m | [0m2.784    [0m |
[0.01 0.01 0.04 0.05 0.07 0.09 0.09 0.11 0.24 0.24 0.26 0.28 0.29 0.34
 0.34 0.36 0.37 0.37 0.4  0.41 0.43 0.47 0.48 0.49 0.5  0.5  0.54 0.57
 0.57 0.58 0.61 0.62 0.62 0.68 0.69 0.72 0.75 0.79 0.79 0.79 0.8  0.82
 0.91 0.93 0.93 0.94 0.98 1.01 1.02 1.15 1.17 1.19 1.24 1.29 1.38 1.43
 1.46 1.52 1.6  2.61]
var: 0.2324145555555556
| [0m31       [0m | [0m0.6823   [0m | [0m0.03036  [0m | [0m1.866    [0m | [0m1.788    [0m |
[0.   0.01 0.03 0.03 0.05 0.06 0.1  0.1  0.11 0.12 0.2  0.2  0.28 0.29
 0.3  0.3  0.3  0.33 0.34 0.35 0.38 0.41 0.41 0.41 0.47 0.48 0.48 0.52
 0.53 0.53 0.53 0.56 0.56 0.59 0.59 0.64 0.64 0.7  0.75 0.76 0.77 0.83
 0.87 0.89 0.89 0.9  0.91 0.91 0.95 0.97 1.11 1.11 1.19 1.22 1.24 1.26
 1.35 1.38 1.65 2.31]
var: 0.20566763888888853
| [0m32       [0m | [0m0.6192   [0m | [0m0.2675   [0m | [0m41.73    [0m | [0m2.56     [0m |
[0.02 0.04 0.06 0.13 0.14 0.19 0.27 0.33 0.37 0.45 0.46 0.48 0.49 0.49
 0.52 0.54 0.57 0.62 0.65 0.66 0.68 0.69 0.71 0.71 0.72 0.73 0.75 0.76
 0.77 0.78 0.79 0.79 0.8  0.84 0.85 0.9  0.92 0.97 1.01 1.05 1.06 1.09
 1.11 1.12 1.15 1.16 1.22 1.29 1.32 1.32 1.32 1.42 1.46 1.62 1.8  1.85
 2.02 2.06 2.7  2.9 ]
var: 0.34135941666666675
| [0m33       [0m | [0m0.9115   [0m | [0m0.1889   [0m | [0m19.3     [0m | [0m2.605    [0m |
[0.   0.01 0.04 0.05 0.09 0.09 0.18 0.23 0.24 0.25 0.25 0.27 0.33 0.35
 0.37 0.43 0.5  0.5  0.54 0.55 0.56 0.61 0.63 0.66 0.69 0.7  0.74 0.76
 0.81 0.87 0.89 0.97 0.97 0.97 1.   1.06 1.12 1.12 1.17 1.3  1.32 1.34
 1.34 1.36 1.37 1.42 1.54 1.55 1.61 1.66 1.72 1.75 1.76 1.8  2.   2.06
 2.48 2.57 2.63 3.11]
var: 0.515877888888889
| [0m34       [0m | [0m0.9877   [0m | [0m0.09399  [0m | [0m41.51    [0m | [0m1.221    [0m |
[0.01 0.03 0.03 0.07 0.1  0.12 0.14 0.18 0.32 0.34 0.36 0.37 0.49 0.5
 0.59 0.61 0.66 0.67 0.72 0.73 0.74 0.74 0.75 0.79 0.8  0.88 0.92 0.95
 0.95 0.96 0.96 1.02 1.04 1.1  1.1  1.12 1.15 1.16 1.2  1.21 1.21 1.22
 1.25 1.28 1.31 1.32 1.33 1.34 1.36 1.4  1.47 1.61 1.7  1.73 1.79 1.82
 1.88 1.89 2.34 2.89]
var: 0.3479748888888891
| [0m35       [0m | [0m0.9787   [0m | [0m0.1121   [0m | [0m23.67    [0m | [0m2.261    [0m |
[0.07 0.09 0.15 0.16 0.23 0.23 0.24 0.24 0.29 0.3  0.3  0.3  0.3  0.33
 0.36 0.41 0.45 0.46 0.48 0.51 0.53 0.53 0.56 0.57 0.58 0.61 0.62 0.63
 0.63 0.63 0.63 0.64 0.65 0.67 0.72 0.73 0.74 0.77 0.78 0.79 0.8  0.84
 0.85 0.87 0.91 0.96 0.97 0.99 1.06 1.09 1.1  1.13 1.26 1.26 1.37 1.41
 1.56 1.63 1.78 1.97]
var: 0.178019333333333
| [0m36       [0m | [0m0.712    [0m | [0m0.04119  [0m | [0m1.546    [0m | [0m2.527    [0m |
[0.44 0.5  0.53 0.55 0.56 0.56 0.57 0.62 0.62 0.63 0.65 0.65 0.68 0.73
 0.76 0.76 0.78 0.79 0.85 0.86 0.87 0.87 0.88 0.91 1.02 1.06 1.15 1.16
 1.19 1.19 1.2  1.21 1.24 1.25 1.31 1.42 1.58 1.64 1.64 1.66 1.72 1.77
 1.86 1.86 1.89 1.9  1.92 1.94 2.   2.02 2.05 2.23 2.28 2.32 2.35 2.4
 2.41 2.84 4.1  5.13]
var: 0.7442836388888897
| [0m37       [0m | [0m1.409    [0m | [0m0.2264   [0m | [0m41.87    [0m | [0m0.08019  [0m |
[0.2  0.48 0.53 0.63 0.65 0.65 0.65 0.7  0.74 0.76 0.79 0.82 0.84 0.85
 0.86 0.86 0.9  0.91 0.92 0.93 0.93 1.14 1.17 1.22 1.22 1.29 1.29 1.31
 1.33 1.34 1.36 1.37 1.42 1.43 1.5  1.56 1.56 1.6  1.63 1.67 1.7  1.74
 1.79 1.83 1.88 1.91 1.92 1.96 2.07 2.15 2.19 2.27 2.33 2.4  2.44 2.49
 2.62 2.75 3.05 5.59]
var: 0.691461638888889
| [0m38       [0m | [0m1.485    [0m | [0m0.1042   [0m | [0m44.53    [0m | [0m0.1566   [0m |
[0.   0.   0.07 0.12 0.16 0.18 0.2  0.21 0.22 0.27 0.27 0.34 0.37 0.37
 0.39 0.39 0.4  0.43 0.44 0.47 0.52 0.54 0.56 0.6  0.67 0.69 0.7  0.72
 0.72 0.75 0.76 0.76 0.79 0.81 0.85 0.85 0.88 0.92 0.94 0.97 1.   1.
 1.01 1.03 1.08 1.1  1.1  1.17 1.19 1.23 1.23 1.3  1.31 1.35 1.43 1.44
 1.72 1.96 2.34 3.19]
var: 0.3248226666666668
| [0m39       [0m | [0m0.808    [0m | [0m0.1488   [0m | [0m16.03    [0m | [0m2.363    [0m |
[0.11 0.12 0.16 0.18 0.23 0.32 0.32 0.34 0.38 0.43 0.44 0.46 0.46 0.48
 0.49 0.52 0.54 0.56 0.58 0.63 0.64 0.64 0.67 0.68 0.72 0.88 0.92 0.95
 0.96 0.97 0.99 1.01 1.04 1.08 1.09 1.1  1.13 1.13 1.16 1.22 1.24 1.25
 1.3  1.31 1.32 1.35 1.37 1.4  1.41 1.45 1.54 1.56 1.68 1.72 1.79 1.95
 1.97 2.18 2.65 3.93]
var: 0.4437305555555552
| [0m40       [0m | [0m1.018    [0m | [0m0.2282   [0m | [0m17.01    [0m | [0m0.4844   [0m |
[0.07 0.08 0.09 0.12 0.12 0.13 0.13 0.13 0.13 0.13 0.13 0.13 0.13 0.13
 0.14 0.14 0.14 0.14 0.14 0.14 0.14 0.14 0.15 0.15 0.16 0.16 0.16 0.17
 0.17 0.19 0.19 0.19 0.2  0.21 0.21 0.22 0.24 0.25 0.27 0.3  0.3  0.34
 0.35 0.35 0.36 0.37 0.38 0.4  0.4  0.4  0.42 0.42 0.42 0.43 0.45 0.47
 0.49 0.55 0.57 1.12]
var: 0.029640972222222124
| [0m41       [0m | [0m0.2558   [0m | [0m1e-08    [0m | [0m26.3     [0m | [0m0.001    [0m |
[0.23 0.27 0.46 0.52 0.53 0.58 0.61 0.69 0.69 0.74 0.75 0.76 0.78 0.78
 0.85 0.93 0.95 0.96 0.96 1.03 1.06 1.16 1.22 1.24 1.24 1.33 1.34 1.34
 1.36 1.38 1.44 1.45 1.48 1.49 1.49 1.51 1.55 1.57 1.62 1.62 1.63 1.66
 1.7  1.7  1.8  1.8  1.81 1.9  1.91 1.92 2.02 2.04 2.05 2.09 2.1  2.15
 2.26 2.33 2.73 3.15]
var: 0.3638694166666667
| [0m42       [0m | [0m1.379    [0m | [0m0.254    [0m | [0m24.99    [0m | [0m0.1783   [0m |
[0.   0.   0.   0.01 0.01 0.01 0.04 0.04 0.07 0.07 0.08 0.1  0.1  0.13
 0.16 0.17 0.18 0.21 0.22 0.23 0.23 0.24 0.27 0.29 0.3  0.3  0.33 0.33
 0.38 0.41 0.42 0.44 0.51 0.52 0.56 0.64 0.65 0.65 0.76 0.79 0.85 0.87
 0.88 0.93 0.93 1.01 1.21 1.31 1.5  1.5  1.51 1.54 1.55 1.58 1.67 2.34
 2.47 2.8  2.9  3.15]
var: 0.6064854166666666
| [0m43       [0m | [0m0.7225   [0m | [0m1e-08    [0m | [0m25.29    [0m | [0m0.351    [0m |
[0.   0.   0.01 0.01 0.02 0.03 0.05 0.06 0.07 0.08 0.08 0.09 0.1  0.11
 0.12 0.13 0.15 0.18 0.19 0.2  0.23 0.24 0.25 0.3  0.32 0.33 0.37 0.41
 0.41 0.42 0.43 0.43 0.44 0.46 0.46 0.46 0.48 0.5  0.58 0.61 0.61 0.65
 0.66 0.66 0.68 0.73 0.78 0.79 0.81 0.94 0.94 0.94 1.01 1.05 1.08 1.23
 1.3  1.37 2.5  2.98]
var: 0.2978315555555558
| [0m44       [0m | [0m0.5253   [0m | [0m0.2111   [0m | [0m43.81    [0m | [0m2.582    [0m |
[0.02 0.04 0.12 0.13 0.14 0.2  0.21 0.22 0.23 0.24 0.28 0.28 0.31 0.34
 0.39 0.4  0.45 0.45 0.45 0.47 0.51 0.52 0.53 0.54 0.56 0.57 0.66 0.67
 0.7  0.7  0.73 0.75 0.75 0.76 0.79 0.81 0.82 0.83 0.84 0.84 0.89 0.91
 1.05 1.1  1.12 1.16 1.19 1.21 1.23 1.24 1.29 1.29 1.31 1.39 1.42 1.55
 1.57 1.78 1.83 1.84]
var: 0.22065322222222228
| [0m45       [0m | [0m0.7603   [0m | [0m0.09549  [0m | [0m3.602    [0m | [0m2.067    [0m |
[0.   0.01 0.07 0.1  0.13 0.19 0.21 0.3  0.37 0.37 0.43 0.43 0.46 0.46
 0.52 0.58 0.58 0.59 0.59 0.66 0.66 0.67 0.68 0.69 0.72 0.74 0.85 0.85
 0.91 0.91 0.92 0.96 0.97 0.98 1.02 1.03 1.05 1.08 1.16 1.18 1.21 1.21
 1.25 1.25 1.26 1.33 1.34 1.44 1.47 1.49 1.5  1.58 1.83 1.89 2.09 2.11
 2.19 2.68 2.83 3.39]
var: 0.4815943333333329
| [0m46       [0m | [0m1.007    [0m | [0m0.2383   [0m | [0m11.82    [0m | [0m2.131    [0m |
[0.08 0.09 0.17 0.18 0.31 0.37 0.41 0.44 0.47 0.48 0.54 0.56 0.58 0.58
 0.58 0.6  0.65 0.66 0.7  0.7  0.7  0.72 0.73 0.73 0.77 0.77 0.79 0.81
 0.81 0.81 0.82 0.84 0.85 0.86 0.86 0.87 0.87 0.88 0.88 0.89 0.93 0.97
 1.01 1.07 1.1  1.18 1.21 1.24 1.27 1.29 1.29 1.5  1.56 1.64 1.73 1.8
 1.93 2.07 2.19 2.49]
var: 0.2525382222222222
| [0m47       [0m | [0m0.9147   [0m | [0m0.1913   [0m | [0m10.35    [0m | [0m2.176    [0m |
[0.   0.   0.04 0.07 0.13 0.19 0.22 0.23 0.25 0.26 0.27 0.36 0.44 0.45
 0.46 0.47 0.48 0.54 0.59 0.63 0.65 0.67 0.69 0.72 0.73 0.76 0.79 0.8
 0.8  0.82 0.83 0.85 0.86 0.89 0.91 0.92 0.93 0.97 1.06 1.08 1.16 1.24
 1.25 1.27 1.3  1.3  1.3  1.3  1.35 1.4  1.45 1.52 1.57 1.63 1.65 1.79
 1.93 2.21 2.42 2.72]
var: 0.35250141666666696
| [0m48       [0m | [0m0.9095   [0m | [0m0.1267   [0m | [0m20.47    [0m | [0m1.323    [0m |
[0.01 0.04 0.11 0.11 0.15 0.15 0.19 0.24 0.29 0.29 0.35 0.41 0.45 0.46
 0.5  0.52 0.55 0.61 0.62 0.62 0.63 0.66 0.67 0.68 0.78 0.86 0.87 0.88
 0.91 1.   1.   1.01 1.02 1.05 1.12 1.19 1.21 1.22 1.25 1.26 1.27 1.29
 1.42 1.5  1.62 1.78 1.82 1.84 1.94 1.95 2.07 2.1  2.15 2.54 2.57 2.65
 2.69 3.27 3.61 3.9 ]
var: 0.8012715555555553
| [0m49       [0m | [0m1.165    [0m | [0m0.1037   [0m | [0m25.65    [0m | [0m0.5649   [0m |
[0.02 0.05 0.07 0.1  0.14 0.15 0.21 0.23 0.23 0.23 0.25 0.25 0.28 0.28
 0.28 0.28 0.36 0.38 0.4  0.4  0.46 0.47 0.47 0.49 0.51 0.52 0.53 0.56
 0.56 0.58 0.59 0.6  0.61 0.61 0.64 0.66 0.66 0.68 0.69 0.75 0.75 0.75
 0.75 0.78 0.8  0.87 0.91 0.92 0.92 0.96 0.99 1.   1.04 1.07 1.16 1.19
 1.23 1.27 1.3  1.97]
var: 0.13923122222222212
| [0m50       [0m | [0m0.6143   [0m | [0m0.2512   [0m | [0m34.0     [0m | [0m2.755    [0m |
[0.03 0.07 0.24 0.25 0.28 0.34 0.36 0.37 0.61 0.61 0.63 0.65 0.68 0.7
 0.73 0.74 0.75 0.76 0.83 0.86 0.91 0.94 0.96 0.98 0.98 1.06 1.07 1.14
 1.17 1.18 1.2  1.24 1.29 1.31 1.31 1.36 1.39 1.39 1.43 1.47 1.55 1.55
 1.55 1.55 1.6  1.62 1.68 1.7  1.72 1.74 1.87 1.93 1.96 2.02 2.04 2.27
 2.31 2.49 3.14 3.8 ]
var: 0.5043095555555561
| [0m51       [0m | [0m1.239    [0m | [0m0.06841  [0m | [0m17.25    [0m | [0m0.8001   [0m |
[0.47 0.48 0.53 0.59 0.6  0.64 0.68 0.72 0.73 0.75 0.76 0.77 0.93 0.94
 1.01 1.01 1.05 1.1  1.1  1.12 1.12 1.17 1.38 1.39 1.41 1.41 1.43 1.44
 1.45 1.47 1.48 1.5  1.53 1.58 1.66 1.74 1.75 1.77 1.77 1.91 1.92 1.93
 1.93 1.97 1.99 1.99 2.25 2.47 2.47 2.48 2.6  2.66 2.73 2.76 2.9  2.97
 2.99 3.08 3.19 3.38]
var: 0.6036122222222222
| [0m52       [0m | [0m1.617    [0m | [0m0.1044   [0m | [0m29.41    [0m | [0m0.2574   [0m |
[0.02 0.03 0.04 0.09 0.1  0.1  0.11 0.13 0.21 0.25 0.28 0.33 0.36 0.37
 0.37 0.42 0.48 0.48 0.6  0.6  0.63 0.63 0.63 0.64 0.64 0.7  0.7  0.71
 0.75 0.77 0.79 0.8  0.8  0.82 0.83 0.84 0.85 0.88 0.89 0.89 0.94 1.02
 1.02 1.05 1.09 1.09 1.2  1.28 1.31 1.42 1.45 1.46 1.51 1.56 1.65 1.81
 1.9  1.99 2.   2.26]
var: 0.29568363888888877
| [0m53       [0m | [0m0.8262   [0m | [0m0.1537   [0m | [0m11.09    [0m | [0m1.137    [0m |
[0.   0.   0.01 0.03 0.1  0.1  0.18 0.2  0.28 0.28 0.3  0.31 0.34 0.35
 0.36 0.37 0.38 0.43 0.52 0.6  0.6  0.62 0.63 0.64 0.65 0.7  0.71 0.71
 0.77 0.77 0.78 0.8  0.8  0.81 0.81 0.81 0.87 0.87 0.88 0.89 0.9  0.9
 0.91 1.01 1.06 1.07 1.08 1.11 1.23 1.3  1.43 1.43 1.44 1.45 1.48 1.5
 1.62 1.68 1.69 2.4 ]
var: 0.24773208333333294
| [0m54       [0m | [0m0.7825   [0m | [0m0.2373   [0m | [0m23.31    [0m | [0m2.944    [0m |
[0.11 0.2  0.3  0.42 0.44 0.58 0.63 0.66 0.69 0.71 0.76 0.77 0.81 0.82
 0.83 0.86 0.88 0.9  0.9  0.9  0.91 0.92 0.97 0.99 1.   1.08 1.17 1.24
 1.24 1.26 1.3  1.32 1.32 1.33 1.33 1.36 1.36 1.38 1.48 1.51 1.52 1.57
 1.58 1.6  1.62 1.66 1.68 1.71 1.85 1.85 1.88 1.89 2.28 2.32 2.33 2.34
 2.48 2.5  2.52 3.27]
var: 0.4096327500000004
| [0m55       [0m | [0m1.302    [0m | [0m0.1707   [0m | [0m29.27    [0m | [0m0.3738   [0m |
[0.57 0.63 0.64 0.64 0.69 0.69 0.74 0.77 0.87 1.06 1.06 1.07 1.14 1.16
 1.21 1.23 1.25 1.25 1.25 1.29 1.32 1.37 1.49 1.57 1.58 1.62 1.63 1.64
 1.65 1.66 1.66 1.77 1.78 1.8  1.84 1.86 1.92 1.94 1.95 1.98 2.   2.07
 2.08 2.25 2.3  2.35 2.39 2.39 2.41 2.44 2.45 2.47 2.55 2.57 2.59 2.79
 2.82 3.72 3.81 3.85]
var: 0.5863490000000002
| [95m56       [0m | [95m1.759    [0m | [95m0.2029   [0m | [95m25.22    [0m | [95m0.09338  [0m |
[0.27 0.56 0.58 0.59 0.68 0.87 0.88 0.93 0.97 0.97 1.02 1.03 1.04 1.08
 1.11 1.13 1.16 1.23 1.24 1.25 1.28 1.28 1.28 1.29 1.31 1.32 1.35 1.36
 1.36 1.36 1.38 1.4  1.4  1.43 1.46 1.48 1.48 1.51 1.51 1.51 1.52 1.61
 1.63 1.66 1.68 1.69 1.69 1.73 1.81 1.87 1.87 1.88 1.95 2.03 2.07 2.16
 2.55 2.82 2.88 5.18]
var: 0.474501
| [0m57       [0m | [0m1.477    [0m | [0m0.2091   [0m | [0m25.36    [0m | [0m0.03634  [0m |
[0.26 0.51 0.58 0.64 0.65 0.7  0.71 0.77 0.79 0.81 0.82 0.84 0.92 0.94
 0.95 0.96 1.03 1.03 1.03 1.07 1.08 1.1  1.18 1.19 1.22 1.23 1.23 1.24
 1.27 1.27 1.29 1.29 1.31 1.31 1.32 1.33 1.33 1.34 1.34 1.34 1.36 1.42
 1.49 1.5  1.53 1.69 1.69 1.8  1.86 1.95 2.17 2.17 2.29 2.35 2.45 2.61
 2.77 2.89 2.95 3.78]
var: 0.44978566666666703
| [0m58       [0m | [0m1.399    [0m | [0m0.1416   [0m | [0m30.28    [0m | [0m0.2287   [0m |
[0.01 0.05 0.08 0.12 0.32 0.35 0.38 0.39 0.4  0.41 0.41 0.42 0.44 0.45
 0.48 0.48 0.53 0.64 0.66 0.67 0.68 0.69 0.69 0.71 0.71 0.72 0.73 0.75
 0.78 0.79 0.81 0.84 0.85 0.85 0.92 0.97 1.   1.04 1.06 1.11 1.25 1.28
 1.33 1.38 1.39 1.39 1.46 1.5  1.55 1.73 1.73 1.75 1.84 2.03 2.03 2.06
 2.27 2.56 2.7  3.67]
var: 0.5041527500000006
| [0m59       [0m | [0m1.022    [0m | [0m0.09256  [0m | [0m18.85    [0m | [0m0.8599   [0m |
[0.5  0.57 0.66 0.68 0.71 0.71 0.78 0.94 1.16 1.24 1.3  1.32 1.38 1.43
 1.44 1.45 1.49 1.54 1.57 1.58 1.58 1.59 1.65 1.65 1.66 1.66 1.68 1.68
 1.75 1.76 1.91 2.01 2.03 2.04 2.07 2.12 2.18 2.23 2.31 2.4  2.41 2.42
 2.49 2.58 2.6  2.6  2.61 2.73 2.87 2.91 2.96 2.99 3.04 3.06 3.18 3.73
 3.75 3.84 3.97 4.13]
var: 0.7857648888888893
| [95m60       [0m | [95m2.021    [0m | [95m0.08227  [0m | [95m25.2     [0m | [95m0.04253  [0m |
[0.   0.   0.02 0.04 0.11 0.13 0.15 0.2  0.25 0.27 0.33 0.37 0.38 0.4
 0.41 0.46 0.46 0.48 0.49 0.5  0.51 0.59 0.59 0.62 0.62 0.63 0.64 0.64
 0.69 0.72 0.73 0.73 0.76 0.79 0.81 0.81 0.82 0.87 0.88 0.9  0.91 0.96
 0.97 0.97 1.05 1.07 1.1  1.1  1.1  1.12 1.13 1.19 1.25 1.29 1.31 1.57
 1.57 1.69 1.75 2.69]
var: 0.2410449722222219
| [0m61       [0m | [0m0.7598   [0m | [0m0.2404   [0m | [0m20.71    [0m | [0m2.507    [0m |
[0.66 0.66 0.67 0.73 0.87 0.93 0.98 1.05 1.06 1.19 1.2  1.31 1.48 1.57
 1.57 1.6  1.75 1.79 1.79 1.81 1.83 1.89 2.03 2.15 2.15 2.16 2.2  2.25
 2.27 2.27 2.28 2.32 2.45 2.46 2.51 2.58 2.58 2.59 2.63 2.64 2.65 2.67
 2.89 2.9  2.99 3.12 3.21 3.33 3.39 3.46 3.58 3.63 3.76 3.76 3.79 4.01
 4.08 4.18 4.21 7.19]
var: 1.3358449722222203
| [95m62       [0m | [95m2.395    [0m | [95m0.01297  [0m | [95m25.14    [0m | [95m0.1309   [0m |
[0.58 0.59 0.62 0.65 0.66 0.67 0.68 0.77 0.79 0.79 0.84 0.85 0.88 0.91
 0.94 0.99 1.03 1.06 1.08 1.17 1.19 1.23 1.25 1.25 1.34 1.34 1.38 1.44
 1.44 1.47 1.53 1.59 1.6  1.62 1.67 1.68 1.78 1.78 1.8  1.8  1.86 1.91
 1.94 1.97 1.98 1.99 2.01 2.08 2.17 2.18 2.21 2.37 2.42 2.43 2.5  2.54
 2.82 3.26 5.69 5.91]
var: 0.9781714166666663
| [0m63       [0m | [0m1.65     [0m | [0m0.1057   [0m | [0m25.05    [0m | [0m0.1847   [0m |
[0.01 0.02 0.03 0.05 0.05 0.07 0.08 0.13 0.13 0.24 0.26 0.28 0.32 0.32
 0.33 0.33 0.39 0.4  0.41 0.44 0.47 0.49 0.49 0.53 0.55 0.57 0.6  0.6
 0.62 0.65 0.65 0.72 0.72 0.73 0.74 0.78 0.78 0.82 0.82 0.9  0.92 0.94
 1.09 1.17 1.23 1.23 1.26 1.3  1.36 1.39 1.39 1.43 1.49 1.51 1.64 1.65
 1.74 1.83 2.13 2.16]
var: 0.30646433333333345
| [0m64       [0m | [0m0.773    [0m | [0m0.2936   [0m | [0m17.43    [0m | [0m2.487    [0m |
[0.61 0.74 0.79 0.84 0.89 0.89 0.94 0.96 1.07 1.07 1.13 1.16 1.17 1.23
 1.25 1.28 1.37 1.39 1.4  1.41 1.53 1.56 1.58 1.6  1.61 1.66 1.72 1.73
 1.75 1.79 1.82 1.86 1.98 1.99 2.05 2.12 2.15 2.21 2.31 2.31 2.32 2.33
 2.34 2.37 2.42 2.49 2.57 2.72 2.73 2.81 3.04 3.17 3.22 3.52 3.66 3.79
 3.83 4.23 4.44 6.41]
var: 1.1382647500000005
| [0m65       [0m | [0m2.056    [0m | [0m0.03525  [0m | [0m25.03    [0m | [0m0.1057   [0m |
[0.67 0.69 0.76 0.81 0.86 0.94 0.98 1.01 1.02 1.09 1.13 1.19 1.23 1.24
 1.32 1.36 1.44 1.46 1.61 1.62 1.65 1.65 1.67 1.71 1.72 1.78 1.83 1.87
 1.96 1.96 1.99 2.03 2.07 2.08 2.08 2.17 2.18 2.21 2.21 2.24 2.28 2.31
 2.56 2.59 2.62 2.68 2.73 2.77 2.79 2.91 3.1  3.14 3.14 3.23 3.32 3.33
 3.45 3.75 3.8  4.15]
var: 0.7318878888888894
| [0m66       [0m | [0m2.036    [0m | [0m0.04437  [0m | [0m25.18    [0m | [0m0.09577  [0m |
[0.05 0.08 0.08 0.1  0.1  0.12 0.13 0.16 0.18 0.29 0.3  0.3  0.31 0.32
 0.32 0.33 0.34 0.38 0.38 0.42 0.44 0.44 0.47 0.54 0.54 0.56 0.58 0.58
 0.61 0.63 0.68 0.7  0.72 0.73 0.73 0.76 0.76 0.76 0.77 0.78 0.8  0.84
 0.84 0.86 1.04 1.06 1.12 1.13 1.14 1.18 1.19 1.21 1.22 1.24 1.24 1.24
 1.45 1.46 1.47 1.9 ]
var: 0.18081499999999986
| [0m67       [0m | [0m0.685    [0m | [0m0.1927   [0m | [0m5.027    [0m | [0m2.838    [0m |
[0.000e+00 1.000e-02 1.000e-02 1.000e-01 1.500e-01 1.700e-01 1.900e-01
 2.000e-01 2.100e-01 2.400e-01 2.800e-01 3.300e-01 3.600e-01 4.500e-01
 5.400e-01 6.100e-01 6.500e-01 6.500e-01 6.700e-01 6.800e-01 6.900e-01
 6.900e-01 7.100e-01 7.200e-01 7.300e-01 7.700e-01 7.700e-01 7.800e-01
 8.000e-01 8.100e-01 8.200e-01 8.900e-01 9.700e-01 1.020e+00 1.020e+00
 1.030e+00 1.030e+00 1.060e+00 1.070e+00 1.110e+00 1.140e+00 1.140e+00
 1.290e+00 1.310e+00 1.370e+00 1.410e+00 1.490e+00 1.600e+00 1.740e+00
 1.750e+00 1.880e+00 1.910e+00 1.950e+00 2.100e+00 2.110e+00 2.600e+00
 2.920e+00 3.290e+00 4.800e+00 1.332e+01]
var: 3.19991163888889
| [0m68       [0m | [0m1.252    [0m | [0m0.2047   [0m | [0m16.97    [0m | [0m1.306    [0m |
[0.   0.   0.03 0.04 0.1  0.11 0.14 0.17 0.17 0.24 0.41 0.45 0.47 0.51
 0.51 0.52 0.54 0.59 0.59 0.61 0.63 0.68 0.69 0.7  0.7  0.72 0.73 0.77
 0.77 0.77 0.78 0.81 0.83 0.87 0.87 0.88 0.89 0.9  0.91 0.98 0.99 1.02
 1.04 1.06 1.07 1.12 1.18 1.2  1.25 1.27 1.29 1.39 1.41 1.45 1.46 1.52
 1.87 1.97 2.13 2.37]
var: 0.26786788888888874
| [0m69       [0m | [0m0.8357   [0m | [0m0.2074   [0m | [0m4.006    [0m | [0m1.707    [0m |
[0.02 0.02 0.03 0.05 0.18 0.21 0.26 0.27 0.28 0.3  0.3  0.38 0.46 0.48
 0.54 0.56 0.56 0.57 0.61 0.61 0.61 0.63 0.65 0.65 0.66 0.69 0.73 0.74
 0.76 0.78 0.81 0.86 0.9  1.09 1.1  1.11 1.18 1.23 1.27 1.27 1.27 1.29
 1.3  1.32 1.38 1.44 1.45 1.48 1.49 1.51 1.55 1.84 1.86 1.93 2.11 2.13
 2.2  2.22 2.41 2.96]
var: 0.44149874999999983
| [0m70       [0m | [0m0.9925   [0m | [0m0.148    [0m | [0m29.58    [0m | [0m0.6412   [0m |
[0.03 0.04 0.04 0.05 0.05 0.07 0.07 0.07 0.13 0.17 0.17 0.19 0.23 0.26
 0.26 0.27 0.29 0.33 0.34 0.36 0.43 0.44 0.46 0.47 0.49 0.51 0.52 0.53
 0.56 0.58 0.58 0.59 0.66 0.67 0.67 0.68 0.69 0.71 0.72 0.75 0.77 0.78
 0.8  0.82 0.9  0.93 0.93 0.97 1.05 1.16 1.17 1.3  1.31 1.39 1.47 1.65
 1.7  1.93 2.14 2.36]
var: 0.2855145555555555
| [0m71       [0m | [0m0.6777   [0m | [0m0.2751   [0m | [0m8.952    [0m | [0m0.7201   [0m |
[0.   0.02 0.02 0.03 0.03 0.09 0.17 0.19 0.2  0.28 0.29 0.3  0.32 0.44
 0.44 0.45 0.51 0.59 0.62 0.66 0.68 0.69 0.72 0.73 0.77 0.77 0.77 0.81
 0.89 0.9  0.92 0.93 0.93 0.94 0.95 0.99 0.99 1.01 1.02 1.03 1.05 1.06
 1.08 1.09 1.09 1.18 1.19 1.24 1.25 1.35 1.49 1.54 1.74 1.81 1.92 1.92
 2.02 2.11 2.31 2.66]
var: 0.36214497222222247
| [0m72       [0m | [0m0.9032   [0m | [0m0.2598   [0m | [0m25.81    [0m | [0m2.214    [0m |
[0.57 0.58 0.59 0.6  0.62 0.63 0.64 0.69 0.75 0.8  0.83 0.89 0.95 1.
 1.05 1.27 1.29 1.31 1.4  1.41 1.45 1.46 1.49 1.51 1.52 1.56 1.58 1.61
 1.69 1.76 1.77 1.78 1.81 1.83 1.85 1.86 1.86 1.91 1.94 2.   2.03 2.14
 2.17 2.21 2.22 2.27 2.28 2.36 2.5  2.58 2.62 2.68 2.69 2.84 3.23 3.29
 3.3  3.34 3.73 3.77]
var: 0.6858595555555562
| [0m73       [0m | [0m1.773    [0m | [0m0.07854  [0m | [0m25.02    [0m | [0m0.08061  [0m |
[0.   0.   0.   0.   0.   0.   0.   0.   0.01 0.01 0.02 0.02 0.02 0.03
 0.03 0.04 0.05 0.05 0.05 0.06 0.06 0.07 0.08 0.09 0.11 0.11 0.13 0.15
 0.2  0.23 0.25 0.26 0.27 0.27 0.28 0.32 0.34 0.35 0.39 0.42 0.42 0.46
 0.49 0.51 0.58 0.59 0.66 0.69 0.76 0.77 0.78 0.92 0.97 1.08 1.32 1.34
 1.39 1.52 1.96 2.82]
var: 0.29599222222222216
| [0m74       [0m | [0m0.4133   [0m | [0m1e-08    [0m | [0m25.11    [0m | [0m0.07492  [0m |
[0.1  0.26 0.6  0.61 0.62 0.64 0.74 0.74 0.76 0.8  0.8  0.84 0.85 0.87
 0.89 0.89 0.89 0.93 0.93 0.97 0.97 1.06 1.21 1.22 1.28 1.32 1.4  1.44
 1.45 1.47 1.51 1.53 1.54 1.55 1.56 1.57 1.6  1.61 1.69 1.73 1.77 1.87
 1.89 1.92 1.94 1.97 2.02 2.11 2.29 2.4  2.53 2.54 2.55 2.78 3.04 3.2
 3.3  3.5  4.1  5.55]
var: 0.938074972222223
| [0m75       [0m | [0m1.612    [0m | [0m0.1331   [0m | [0m25.15    [0m | [0m0.1542   [0m |
[0.45 0.5  0.55 0.6  0.64 0.64 0.7  0.91 0.93 1.03 1.08 1.14 1.16 1.17
 1.21 1.26 1.31 1.34 1.37 1.38 1.41 1.42 1.44 1.44 1.49 1.5  1.51 1.55
 1.58 1.62 1.68 1.72 1.72 1.73 1.74 1.75 1.78 1.82 1.95 1.98 2.03 2.08
 2.24 2.38 2.45 2.45 2.52 2.54 2.61 2.61 2.7  2.75 3.2  3.3  3.37 3.47
 3.53 3.75 3.81 4.28]
var: 0.8132536388888886
| [0m76       [0m | [0m1.838    [0m | [0m0.101    [0m | [0m12.18    [0m | [0m0.1757   [0m |
[0.42 0.59 0.62 0.64 0.73 0.79 0.82 0.91 1.   1.03 1.06 1.18 1.18 1.24
 1.35 1.37 1.38 1.42 1.45 1.48 1.48 1.5  1.57 1.59 1.73 1.77 1.79 1.79
 1.85 1.86 1.89 1.9  1.94 1.94 1.96 1.97 2.   2.1  2.11 2.16 2.19 2.2
 2.26 2.28 2.29 2.33 2.34 2.37 2.39 2.45 2.58 2.6  2.85 2.86 3.02 3.04
 3.09 3.32 3.34 3.43]
var: 0.5437494166666664
| [0m77       [0m | [0m1.847    [0m | [0m0.07382  [0m | [0m25.17    [0m | [0m0.09582  [0m |
[0.56 0.61 0.73 0.77 0.83 0.84 0.89 0.91 0.93 0.96 0.98 1.01 1.02 1.14
 1.2  1.21 1.23 1.25 1.27 1.33 1.38 1.4  1.4  1.41 1.41 1.42 1.47 1.47
 1.48 1.52 1.55 1.58 1.62 1.65 1.71 1.75 1.8  1.82 1.82 1.83 1.86 1.88
 1.92 1.98 2.12 2.14 2.23 2.25 2.31 2.38 2.55 2.6  2.69 2.72 2.83 2.95
 3.36 3.72 3.87 4.04]
var: 0.6230206666666656
| [0m78       [0m | [0m1.726    [0m | [0m0.1439   [0m | [0m25.37    [0m | [0m0.1034   [0m |
[0.21 0.59 0.62 0.62 0.62 0.74 0.76 0.76 0.85 0.91 0.93 1.   1.07 1.08
 1.08 1.16 1.19 1.21 1.41 1.45 1.48 1.55 1.56 1.59 1.68 1.68 1.75 1.83
 1.85 1.88 1.93 1.97 2.02 2.06 2.08 2.08 2.12 2.19 2.22 2.26 2.28 2.36
 2.43 2.5  2.52 2.55 2.72 2.75 2.78 2.8  2.85 2.92 2.96 3.05 3.1  3.18
 3.21 3.33 3.42 4.49]
var: 0.7901940000000006
| [0m79       [0m | [0m1.904    [0m | [0m0.04615  [0m | [0m25.32    [0m | [0m0.1035   [0m |
[0.63 0.64 0.65 0.69 0.71 0.77 0.8  0.86 0.99 1.02 1.03 1.04 1.13 1.2
 1.2  1.22 1.23 1.24 1.29 1.32 1.32 1.34 1.39 1.44 1.45 1.47 1.49 1.52
 1.6  1.6  1.67 1.7  1.73 1.76 1.83 1.86 1.87 1.87 1.93 1.94 1.97 2.
 2.04 2.1  2.2  2.31 2.33 2.37 2.43 2.61 2.62 2.62 2.84 2.94 2.99 3.16
 3.23 3.48 3.92 4.64]
var: 0.7080928888888887
| [0m80       [0m | [0m1.787    [0m | [0m0.03898  [0m | [0m25.07    [0m | [0m0.1972   [0m |
=============================================================
None
num_trials:  40  inits,  40  iters,  60  per
rho:  0.1
pthin:  0.30

Best VPT: 2.3951666666666673
Best result: {'a': 0.012970267972966241, 'g': 25.144461040539028, 's': 0.1308709675910792}

KERNEL: nu=1.5, lengthscale=2.0, alpha=0.0005
