|   iter    |  target   |     a     |     g     |     s     |
-------------------------------------------------------------
[0.   0.03 0.05 0.07 0.09 0.15 0.15 0.24 0.27 0.31 0.32 0.41 0.5  0.58
 0.59 0.6  0.61 0.66 0.69 0.69 0.69 0.71 0.75 0.8  0.84 0.89 1.   1.01
 1.07 1.09 1.13 1.15 1.16 1.2  1.23 1.26 1.27 1.3  1.32 1.34 1.36 1.37
 1.37 1.41 1.5  1.51 1.59 1.68 1.72 1.77 1.89 1.92 1.95 1.98 1.99 2.
 2.08 2.09 2.1  3.34]
var: 0.4611228888888892
| [0m1        [0m | [0m1.081    [0m | [0m0.1607   [0m | [0m24.62    [0m | [0m2.645    [0m |
[0.01 0.08 0.19 0.23 0.26 0.29 0.37 0.39 0.39 0.42 0.43 0.44 0.44 0.47
 0.6  0.65 0.68 0.69 0.69 0.74 0.78 0.78 0.83 0.9  0.91 0.92 0.92 0.93
 0.93 0.98 0.99 0.99 1.01 1.03 1.06 1.12 1.15 1.2  1.22 1.23 1.26 1.35
 1.38 1.39 1.45 1.47 1.59 1.66 1.71 1.74 1.83 1.85 1.88 2.04 2.23 2.33
 2.39 2.45 3.19 3.6 ]
var: 0.5311703055555562
| [95m2        [0m | [95m1.119    [0m | [95m0.2442   [0m | [95m22.89    [0m | [95m2.795    [0m |
[0.   0.01 0.07 0.08 0.12 0.16 0.17 0.2  0.25 0.26 0.32 0.34 0.39 0.44
 0.45 0.53 0.53 0.62 0.63 0.64 0.69 0.72 0.76 0.8  0.83 0.85 0.85 0.93
 0.94 0.97 1.02 1.03 1.09 1.1  1.13 1.14 1.18 1.25 1.47 1.57 1.58 1.63
 1.63 1.72 1.75 1.88 1.89 1.99 2.02 2.16 2.18 2.2  2.34 2.37 2.4  2.91
 3.23 3.52 3.74 3.96]
var: 0.9192369722222232
| [95m3        [0m | [95m1.227    [0m | [95m0.06384  [0m | [95m28.17    [0m | [95m1.598    [0m |
[0.41 0.79 0.92 0.97 1.46 1.47 1.54 1.64 1.7  1.73 1.83 1.83 1.88 1.92
 1.92 1.94 1.97 2.07 2.1  2.11 2.22 2.23 2.24 2.25 2.28 2.3  2.32 2.39
 2.53 2.61 2.65 2.68 2.69 2.7  2.71 2.76 2.77 2.86 2.87 2.89 2.89 2.97
 2.97 3.06 3.07 3.16 3.3  3.3  3.31 3.61 3.82 3.83 4.07 4.26 4.27 4.31
 4.67 4.8  4.97 5.8 ]
var: 1.1191683055555564
| [95m4        [0m | [95m2.66     [0m | [95m0.2236   [0m | [95m27.6     [0m | [95m0.1487   [0m |
[0.08 0.11 0.13 0.15 0.26 0.32 0.35 0.37 0.46 0.51 0.52 0.53 0.53 0.55
 0.56 0.58 0.68 0.68 0.8  0.84 0.9  0.92 1.16 1.17 1.18 1.2  1.21 1.27
 1.3  1.32 1.52 1.55 1.57 1.6  1.62 1.63 1.71 1.74 1.74 1.8  1.82 1.85
 1.89 1.9  2.03 2.05 2.05 2.07 2.11 2.14 2.15 2.26 2.53 2.68 2.75 2.83
 2.94 3.35 5.52]
var: 0.9362517667336975
| [0m5        [0m | [0m1.424    [0m | [0m0.2551   [0m | [0m27.23    [0m | [0m0.4639   [0m |
[0.14 0.44 0.48 0.5  0.62 0.67 0.79 0.79 0.87 0.92 0.93 1.02 1.03 1.1
 1.23 1.24 1.27 1.3  1.37 1.38 1.39 1.43 1.49 1.51 1.54 1.56 1.56 1.59
 1.63 1.7  1.71 1.75 1.9  1.9  2.   2.   2.02 2.04 2.12 2.14 2.18 2.25
 2.49 2.73 2.75 2.81 2.92 3.01 3.07 3.07 3.17 3.22 3.33 3.72 3.85 3.88
 4.14 4.29 4.42 4.57]
var: 1.1962245555555555
| [0m6        [0m | [0m1.982    [0m | [0m0.274    [0m | [0m4.193    [0m | [0m0.8827   [0m |
[0.02 0.07 0.1  0.34 0.36 0.41 0.43 0.45 0.47 0.64 0.64 0.65 0.66 0.69
 0.71 0.74 0.81 0.85 0.92 0.94 1.04 1.08 1.08 1.1  1.11 1.13 1.15 1.15
 1.18 1.19 1.2  1.23 1.27 1.28 1.29 1.34 1.38 1.49 1.5  1.6  1.62 1.79
 1.82 1.82 1.88 2.09 2.11 2.21 2.32 2.39 2.47 2.56 2.82 2.85 4.03 4.04
 4.91 5.24 5.28]
var: 1.4059873599540367
| [0m7        [0m | [0m1.524    [0m | [0m0.2645   [0m | [0m29.43    [0m | [0m0.413    [0m |
[0.02 0.03 0.05 0.07 0.07 0.12 0.13 0.13 0.15 0.21 0.21 0.25 0.26 0.27
 0.29 0.33 0.36 0.37 0.38 0.49 0.5  0.51 0.57 0.61 0.62 0.66 0.75 0.75
 0.79 0.91 0.97 0.97 0.98 0.98 0.99 0.99 1.03 1.07 1.1  1.15 1.19 1.31
 1.34 1.35 1.36 1.42 1.49 1.64 1.85 2.1  2.22 2.36 2.39 2.6  2.63 2.98
 3.23 3.28 4.11 4.12]
var: 1.0129423333333336
| [0m8        [0m | [0m1.101    [0m | [0m0.0348   [0m | [0m36.93    [0m | [0m2.33     [0m |
[0.05 0.06 0.12 0.13 0.24 0.27 0.3  0.31 0.33 0.36 0.38 0.42 0.47 0.52
 0.63 0.64 0.68 0.7  0.78 0.89 0.92 0.93 0.93 0.98 1.03 1.07 1.09 1.11
 1.15 1.23 1.25 1.25 1.25 1.26 1.34 1.34 1.36 1.4  1.47 1.5  1.52 1.56
 1.58 1.59 1.64 1.66 1.71 1.78 1.78 1.96 2.02 2.03 2.05 2.06 2.15 2.48
 2.62 2.73 2.9  2.94]
var: 0.5363783333333331
| [0m9        [0m | [0m1.215    [0m | [0m0.2453   [0m | [0m25.04    [0m | [0m2.361    [0m |
[0.1  0.17 0.21 0.29 0.54 0.58 0.62 0.75 0.76 0.77 0.82 0.89 0.91 0.94
 1.   1.01 1.08 1.12 1.15 1.17 1.19 1.32 1.32 1.34 1.34 1.38 1.42 1.5
 1.5  1.51 1.6  1.74 1.75 1.75 1.76 1.78 1.81 1.81 1.81 1.82 1.87 1.95
 1.99 2.   2.01 2.02 2.09 2.13 2.19 2.2  2.27 2.36 2.47 2.5  2.68 2.79
 2.88 3.16 3.25 3.33]
var: 0.5780447500000006
| [0m10       [0m | [0m1.575    [0m | [0m0.2127   [0m | [0m18.85    [0m | [0m1.811    [0m |
[0.06 0.08 0.11 0.16 0.23 0.26 0.28 0.36 0.45 0.53 0.56 0.59 0.61 0.66
 0.69 0.7  0.73 0.75 0.76 0.78 0.81 0.88 0.96 0.98 1.   1.   1.03 1.03
 1.03 1.07 1.1  1.21 1.22 1.26 1.28 1.29 1.32 1.33 1.35 1.37 1.38 1.48
 1.55 1.58 1.6  1.65 1.68 1.79 2.27 2.32 2.47 2.61 2.67 2.74 3.2  3.22
 3.23 3.3  3.89 4.64]
var: 0.9788678888888892
| [0m11       [0m | [0m1.352    [0m | [0m0.2709   [0m | [0m20.54    [0m | [0m2.453    [0m |
[0.14 0.16 0.16 0.28 0.29 0.37 0.43 0.44 0.52 0.66 0.72 0.85 0.93 0.98
 1.02 1.09 1.12 1.14 1.17 1.2  1.31 1.32 1.39 1.39 1.4  1.41 1.46 1.47
 1.58 1.6  1.6  1.61 1.63 1.67 1.7  1.7  1.74 1.75 1.77 1.8  1.98 1.98
 2.   2.02 2.09 2.14 2.2  2.47 2.56 2.57 2.62 2.62 2.71 2.86 3.11 3.12
 3.13 3.64 3.71 4.48]
var: 0.879953222222222
| [0m12       [0m | [0m1.65     [0m | [0m0.09245  [0m | [0m5.042    [0m | [0m2.533    [0m |
[0.   0.02 0.06 0.09 0.12 0.12 0.13 0.2  0.2  0.22 0.22 0.26 0.29 0.32
 0.33 0.36 0.4  0.48 0.48 0.49 0.54 0.57 0.65 0.69 0.76 0.78 0.83 0.84
 0.84 0.85 0.91 0.97 1.09 1.15 1.19 1.2  1.21 1.22 1.23 1.32 1.34 1.35
 1.41 1.41 1.45 1.49 1.57 1.61 1.62 1.68 1.76 1.77 1.89 1.94 2.01 2.23
 2.26 2.4  3.03 3.19]
var: 0.5596962222222219
| [0m13       [0m | [0m1.017    [0m | [0m0.2916   [0m | [0m43.26    [0m | [0m1.711    [0m |
[0.03 0.08 0.09 0.12 0.13 0.13 0.14 0.18 0.19 0.19 0.24 0.25 0.38 0.44
 0.47 0.5  0.51 0.52 0.54 0.57 0.58 0.59 0.69 0.69 0.7  0.7  0.71 0.72
 0.77 0.8  0.81 0.84 0.85 0.87 0.89 0.89 0.9  0.95 0.97 1.01 1.03 1.05
 1.18 1.28 1.34 1.47 1.48 1.48 1.51 1.74 1.74 1.74 1.88 1.93 2.   2.35
 2.41 2.43 2.54 4.26]
var: 0.6040680833333334
| [0m14       [0m | [0m0.9745   [0m | [0m0.2829   [0m | [0m34.99    [0m | [0m2.194    [0m |
[0.22 0.64 0.77 0.77 1.18 1.2  1.22 1.23 1.37 1.51 1.52 1.63 1.69 2.1
 2.17 2.23 2.51 2.51 2.62 2.64 2.74 2.97 2.98 3.   3.11 3.17 3.32 3.36
 3.37 3.48 3.57 3.57 3.63 3.64 3.65 3.71 3.84 3.91 3.96 4.09 4.24 4.24
 4.28 4.33 4.57 4.59 4.67 4.72 4.76 5.51 5.62 5.74 5.78 5.79 5.82 5.98
 6.7  9.27 9.39]
var: 3.533231772479173
| [95m15       [0m | [95m3.505    [0m | [95m0.03336  [0m | [95m29.45    [0m | [95m0.2815   [0m |
[0.23 0.43 0.55 0.61 0.65 0.92 0.93 0.93 0.96 0.96 0.99 1.02 1.11 1.23
 1.27 1.36 1.48 1.53 1.59 1.63 1.63 1.64 1.71 1.73 1.76 1.84 1.86 1.9
 1.94 1.94 1.98 2.05 2.1  2.12 2.44 2.5  2.66 2.73 2.82 2.84 2.86 2.92
 2.96 2.96 3.03 3.07 3.11 3.12 3.12 3.2  3.33 3.44 3.63 3.82 3.86 4.22
 4.48 5.07 6.05 6.25]
var: 1.6623180833333329
| [0m16       [0m | [0m2.285    [0m | [0m0.1732   [0m | [0m31.98    [0m | [0m0.1011   [0m |
[0.01 0.02 0.05 0.05 0.06 0.1  0.12 0.12 0.12 0.18 0.21 0.26 0.29 0.3
 0.32 0.32 0.36 0.4  0.43 0.45 0.47 0.48 0.51 0.55 0.62 0.64 0.66 0.72
 0.76 0.77 0.8  0.85 0.9  0.95 1.04 1.05 1.12 1.16 1.22 1.28 1.3  1.32
 1.34 1.35 1.39 1.46 1.56 1.62 1.62 1.63 1.9  1.93 2.12 2.15 2.17 2.24
 2.26 2.9  3.02 3.5 ]
var: 0.6616038888888887
| [0m17       [0m | [0m0.9917   [0m | [0m0.1721   [0m | [0m33.66    [0m | [0m2.739    [0m |
[0.43 0.58 0.75 1.33 1.4  1.47 1.48 1.68 1.89 2.06 2.08 2.15 2.31 2.42
 2.49 2.58 2.58 2.64 2.84 2.9  3.03 3.04 3.05 3.06 3.07 3.11 3.26 3.38
 3.43 3.53 3.58 3.61 3.83 3.84 3.86 3.9  4.06 4.07 4.1  4.21 4.32 4.34
 4.35 4.51 4.86 4.94 5.34 5.38 5.39 5.6  5.76 5.93 6.41]
var: 1.972798504805982
| [0m18       [0m | [0m3.325    [0m | [0m0.2749   [0m | [0m16.84    [0m | [0m0.1659   [0m |
[0.08 0.1  0.21 0.26 0.28 0.33 0.35 0.37 0.62 0.69 0.69 0.72 0.75 0.8
 0.8  0.94 1.1  1.1  1.27 1.33 1.36 1.4  1.53 1.59 1.63 1.66 1.67 1.71
 1.76 1.78 1.99 2.13 2.21 2.24 2.32 2.36 2.38 2.39 2.57 2.65 2.65 2.66
 2.71 2.73 2.8  2.86 2.92 2.98 3.01 3.03 3.09 3.24 3.35 3.65 3.73 3.78
 3.91 4.22 5.53 5.64]
var: 1.629628305555557
| [0m19       [0m | [0m2.01     [0m | [0m0.2148   [0m | [0m7.143    [0m | [0m1.532    [0m |
[0.01 0.03 0.05 0.06 0.06 0.08 0.09 0.1  0.11 0.2  0.24 0.29 0.31 0.32
 0.32 0.32 0.32 0.34 0.35 0.37 0.38 0.4  0.47 0.48 0.53 0.54 0.55 0.58
 0.59 0.59 0.7  0.72 0.74 0.75 0.76 0.86 0.88 0.9  0.95 0.96 0.99 1.02
 1.04 1.1  1.14 1.14 1.17 1.18 1.22 1.23 1.34 1.36 1.49 1.66 1.71 1.79
 2.07 2.19 3.13 5.19]
var: 0.6902889999999996
| [0m20       [0m | [0m0.841    [0m | [0m0.1561   [0m | [0m44.8     [0m | [0m2.802    [0m |
[0.03 0.05 0.09 0.11 0.13 0.13 0.19 0.31 0.48 0.57 0.67 0.76 0.84 0.85
 0.87 0.89 0.93 1.   1.05 1.11 1.22 1.35 1.38 1.44 1.45 1.46 1.57 1.64
 1.7  1.7  1.71 1.73 1.77 1.83 1.97 2.01 2.04 2.06 2.08 2.09 2.1  2.11
 2.3  2.33 2.36 2.37 2.54 2.55 2.65 2.81 2.91 2.94 3.11 3.14 3.27 3.3
 3.49 3.67 5.38 6.65]
var: 1.5472295555555555
| [0m21       [0m | [0m1.787    [0m | [0m0.0277   [0m | [0m20.14    [0m | [0m1.06     [0m |
[0.05 0.06 0.15 0.21 0.23 0.27 0.31 0.33 0.43 0.45 0.47 0.54 0.54 0.6
 0.64 0.68 0.7  0.75 0.94 0.97 0.98 1.01 1.02 1.04 1.05 1.09 1.21 1.22
 1.23 1.27 1.29 1.32 1.36 1.37 1.39 1.41 1.41 1.41 1.49 1.54 1.59 1.7
 1.71 1.73 1.78 1.83 1.89 1.95 2.06 2.08 2.21 2.24 2.27 2.32 2.51 2.63
 2.67 2.88 2.92 4.12]
var: 0.6796848888888888
| [0m22       [0m | [0m1.325    [0m | [0m0.2381   [0m | [0m5.864    [0m | [0m2.912    [0m |
[0.11 0.12 0.16 0.18 0.19 0.19 0.19 0.23 0.23 0.24 0.3  0.33 0.39 0.43
 0.45 0.46 0.48 0.49 0.49 0.58 0.74 0.75 0.8  0.91 0.91 0.91 1.06 1.08
 1.13 1.14 1.14 1.27 1.29 1.35 1.36 1.38 1.47 1.53 1.6  1.7  1.74 1.85
 1.89 1.91 1.99 2.01 2.03 2.03 2.09 2.09 2.14 2.27 2.28 2.29 2.33 2.37
 2.41 3.1  4.   6.57]
var: 1.193320972222222
| [0m23       [0m | [0m1.319    [0m | [0m0.08942  [0m | [0m40.73    [0m | [0m0.8971   [0m |
[0.05 0.08 0.09 0.14 0.19 0.27 0.31 0.31 0.36 0.38 0.41 0.44 0.48 0.5
 0.54 0.64 0.67 0.7  0.73 0.74 0.75 0.77 0.82 0.84 0.84 0.85 0.95 0.97
 0.99 1.03 1.05 1.06 1.15 1.23 1.24 1.33 1.36 1.36 1.37 1.38 1.38 1.62
 1.63 1.66 1.67 1.68 1.79 1.83 1.84 1.87 1.9  1.95 2.01 2.27 2.31 2.31
 2.7  2.79 3.42 4.27]
var: 0.7014814166666665
| [0m24       [0m | [0m1.205    [0m | [0m0.2413   [0m | [0m27.92    [0m | [0m2.094    [0m |
[0.   0.03 0.07 0.07 0.08 0.09 0.13 0.15 0.15 0.17 0.17 0.31 0.32 0.34
 0.35 0.37 0.38 0.41 0.41 0.43 0.48 0.51 0.52 0.53 0.54 0.55 0.55 0.69
 0.74 0.83 0.84 0.91 0.93 0.94 1.   1.02 1.02 1.05 1.12 1.17 1.19 1.19
 1.2  1.23 1.37 1.39 1.4  1.44 1.5  1.64 1.78 1.8  1.82 1.86 1.92 1.99
 2.03 2.31 2.38 2.44]
var: 0.44236430555555534
| [0m25       [0m | [0m0.9042   [0m | [0m0.04211  [0m | [0m44.23    [0m | [0m2.578    [0m |
[0.01 0.02 0.04 0.05 0.06 0.06 0.06 0.06 0.06 0.07 0.07 0.07 0.08 0.1
 0.1  0.1  0.11 0.12 0.12 0.13 0.13 0.13 0.13 0.15 0.15 0.15 0.16 0.16
 0.16 0.16 0.17 0.18 0.18 0.19 0.19 0.2  0.2  0.21 0.21 0.22 0.23 0.23
 0.23 0.23 0.24 0.26 0.27 0.31 0.31 0.32 0.34 0.34 0.35 0.37 0.39 0.43
 0.45 0.5  0.54 0.68]
var: 0.018282333333333296
| [0m26       [0m | [0m0.199    [0m | [0m0.2783   [0m | [0m27.87    [0m | [0m0.01262  [0m |
[0.04 0.05 0.1  0.15 0.18 0.18 0.2  0.22 0.29 0.3  0.52 0.55 0.65 0.72
 0.77 0.8  0.85 0.85 0.88 0.89 0.96 1.   1.   1.   1.06 1.1  1.21 1.23
 1.28 1.28 1.35 1.36 1.52 1.52 1.68 1.73 1.88 1.95 2.08 2.21 2.32 2.34
 2.57 2.62 2.68 2.71 2.72 2.77 2.94 3.04 3.15 3.33 3.43 3.46 3.95 4.12
 4.13 4.26 4.32 4.71]
var: 1.6184395555555544
| [0m27       [0m | [0m1.719    [0m | [0m0.01328  [0m | [0m11.34    [0m | [0m2.213    [0m |
[0.04 0.07 0.17 0.19 0.2  0.2  0.24 0.29 0.34 0.37 0.47 0.47 0.56 0.6
 0.61 0.63 0.64 0.65 0.68 0.68 0.69 0.7  0.76 0.77 1.04 1.13 1.15 1.15
 1.17 1.18 1.19 1.21 1.33 1.35 1.35 1.46 1.49 1.52 1.63 1.66 1.68 1.71
 1.78 1.79 1.84 1.85 1.86 1.96 2.2  2.23 2.51 2.57 2.63 2.65 2.76 3.
 3.   3.07 3.08 3.52]
var: 0.8056782222222224
| [0m28       [0m | [0m1.329    [0m | [0m0.1879   [0m | [0m27.13    [0m | [0m1.952    [0m |
[0.   0.   0.01 0.02 0.03 0.04 0.07 0.09 0.11 0.14 0.15 0.16 0.17 0.17
 0.18 0.2  0.24 0.24 0.28 0.32 0.35 0.4  0.41 0.42 0.44 0.46 0.49 0.5
 0.51 0.53 0.57 0.6  0.61 0.61 0.62 0.64 0.64 0.65 0.67 0.68 0.72 0.84
 0.85 0.93 0.98 1.01 1.02 1.07 1.22 1.26 1.27 1.32 1.56 1.62 1.63 1.65
 1.66 1.81 2.04 2.91]
var: 0.35547830555555565
| [0m29       [0m | [0m0.6798   [0m | [0m0.02825  [0m | [0m43.1     [0m | [0m2.967    [0m |
[0.02 0.03 0.08 0.17 0.18 0.19 0.28 0.3  0.31 0.37 0.49 0.5  0.51 0.55
 0.55 0.56 0.65 0.69 0.69 0.69 0.69 0.72 0.75 0.75 0.78 0.83 0.84 0.87
 0.88 0.96 0.96 0.98 1.   1.03 1.03 1.08 1.1  1.1  1.13 1.17 1.18 1.22
 1.22 1.25 1.33 1.34 1.38 1.43 1.51 1.54 1.65 1.67 1.76 1.88 1.98 2.09
 2.1  2.25 2.29 2.42]
var: 0.350657638888889
| [0m30       [0m | [0m0.9992   [0m | [0m0.2178   [0m | [0m33.02    [0m | [0m2.015    [0m |
[0.   0.   0.   0.01 0.07 0.09 0.11 0.11 0.12 0.13 0.13 0.13 0.25 0.25
 0.26 0.27 0.33 0.39 0.4  0.41 0.41 0.42 0.42 0.44 0.44 0.51 0.53 0.54
 0.55 0.57 0.58 0.6  0.62 0.68 0.69 0.7  0.71 0.72 0.74 0.77 0.82 0.9
 0.98 0.99 1.09 1.1  1.12 1.18 1.25 1.29 1.56 1.85 1.87 1.97 2.   2.52
 2.55 3.15 3.16 3.35]
var: 0.6595866666666672
| [0m31       [0m | [0m0.83     [0m | [0m0.1262   [0m | [0m48.54    [0m | [0m2.311    [0m |
[0.   0.   0.   0.02 0.03 0.11 0.13 0.15 0.17 0.2  0.21 0.21 0.24 0.24
 0.25 0.32 0.34 0.46 0.5  0.5  0.55 0.57 0.58 0.65 0.66 0.67 0.67 0.78
 0.79 0.83 0.84 0.93 0.93 0.97 1.06 1.09 1.09 1.19 1.22 1.25 1.32 1.39
 1.4  1.53 1.54 1.57 1.58 1.71 1.74 1.77 1.99 2.03 2.21 2.34 2.37 2.38
 2.68 2.68 3.09 3.11]
var: 0.6880914166666666
| [0m32       [0m | [0m1.031    [0m | [0m0.1019   [0m | [0m41.83    [0m | [0m1.228    [0m |
[0.14 0.23 0.23 0.36 0.46 0.5  0.51 0.52 0.55 0.58 0.58 0.59 0.68 0.73
 0.79 0.8  1.18 1.25 1.27 1.33 1.36 1.37 1.37 1.39 1.44 1.52 1.55 1.67
 1.69 1.75 2.06 2.12 2.13 2.14 2.14 2.45 2.46 2.5  2.53 2.63 2.64 2.65
 2.72 2.84 2.92 2.97 2.97 3.07 3.12 3.3  3.37 3.47 3.54 3.64 3.66 3.67
 3.82 4.29 4.45 5.43]
var: 1.5315494166666663
| [0m33       [0m | [0m2.002    [0m | [0m0.2048   [0m | [0m14.12    [0m | [0m1.225    [0m |
[0.64 0.9  1.98 2.21 2.38 2.4  2.41 2.46 2.48 2.61 2.68 2.8  2.92 2.93
 2.95 3.02 3.05 3.14 3.16 3.26 3.36 3.36 3.36 3.42 3.58 3.67 3.76 3.76
 3.8  3.84 3.9  3.9  3.91 3.95 3.95 3.95 3.96 3.97 4.07 4.14 4.24 4.25
 4.29 4.4  4.43 4.55 4.57 4.72 4.78 4.79 4.91 4.91 5.07 5.32 5.54 5.89
 6.25 7.03 7.09 7.39]
var: 1.7036983055555552
| [95m34       [0m | [95m3.84     [0m | [95m0.07684  [0m | [95m9.678    [0m | [95m0.192    [0m |
[0.02 0.03 0.07 0.12 0.12 0.16 0.23 0.32 0.36 0.39 0.55 0.6  0.61 0.62
 0.62 0.66 0.66 0.75 0.77 0.81 0.84 0.85 0.86 0.94 0.94 0.98 1.03 1.03
 1.08 1.15 1.19 1.21 1.28 1.29 1.33 1.35 1.41 1.42 1.43 1.58 1.58 1.59
 1.68 1.69 1.73 1.79 1.84 1.92 1.97 1.99 1.99 2.06 2.1  2.16 2.16 2.42
 2.43 2.87 2.93 3.12]
var: 0.5734326666666664
| [0m35       [0m | [0m1.228    [0m | [0m0.2747   [0m | [0m26.97    [0m | [0m1.726    [0m |
[0.03 0.08 0.1  0.1  0.11 0.11 0.14 0.16 0.19 0.24 0.26 0.31 0.38 0.41
 0.43 0.53 0.55 0.63 0.64 0.65 0.66 0.7  0.73 0.75 0.77 0.83 0.95 0.95
 0.98 0.98 0.98 1.2  1.24 1.26 1.36 1.41 1.42 1.44 1.55 1.65 1.66 1.66
 1.7  1.89 2.03 2.06 2.13 2.28 2.79 3.03 3.07 3.11 3.14 3.14 3.19 3.2
 3.87]
var: 1.035966635887965
| [0m36       [0m | [0m1.26     [0m | [0m0.1717   [0m | [0m35.82    [0m | [0m0.7777   [0m |
[0.03 0.04 0.05 0.14 0.24 0.24 0.3  0.31 0.33 0.37 0.42 0.43 0.43 0.48
 0.52 0.57 0.61 0.63 0.66 0.68 0.82 0.84 0.88 0.98 0.99 1.02 1.03 1.14
 1.3  1.34 1.36 1.36 1.45 1.53 1.66 1.74 1.76 1.76 1.87 1.87 1.9  1.92
 1.94 1.96 2.06 2.36 2.48 2.51 2.63 2.74 2.98 3.09 3.33 3.35 3.39 3.42
 4.03 4.34 4.81 4.94]
var: 1.5240395555555553
| [0m37       [0m | [0m1.573    [0m | [0m0.01539  [0m | [0m24.89    [0m | [0m1.407    [0m |
[0.04 0.05 0.07 0.08 0.1  0.13 0.17 0.21 0.22 0.35 0.39 0.4  0.42 0.48
 0.52 0.52 0.56 0.57 0.61 0.61 0.63 0.65 0.66 0.67 0.7  0.71 0.72 0.72
 0.74 0.75 0.75 0.76 0.77 0.94 0.96 1.07 1.15 1.2  1.36 1.37 1.45 1.49
 1.5  1.51 1.51 1.57 1.63 1.67 1.9  1.97 2.15 2.32 2.34 2.36 2.38 2.55
 2.6  2.9  2.91 3.59]
var: 0.7074515555555557
| [0m38       [0m | [0m1.101    [0m | [0m0.1152   [0m | [0m32.73    [0m | [0m0.5585   [0m |
[ 0.19  0.61  0.65  0.76  0.79  0.9   1.08  1.17  1.26  1.53  1.59  1.63
  1.83  1.84  1.9   1.92  1.99  2.05  2.13  2.26  2.29  2.5   2.54  2.64
  2.7   2.76  2.79  3.14  3.14  3.2   3.21  3.3   3.48  3.52  3.54  3.58
  3.69  3.8   3.92  3.92  4.    4.14  4.19  4.19  4.22  4.27  4.32  4.33
  4.43  4.68  4.79  4.88  6.35  6.4   6.61  6.65 10.56]
var: 3.355444506001847
| [0m39       [0m | [0m3.171    [0m | [0m0.1218   [0m | [0m35.96    [0m | [0m0.2051   [0m |
[0.12 0.15 0.19 0.2  0.22 0.24 0.25 0.27 0.29 0.3  0.31 0.33 0.38 0.49
 0.52 0.57 0.62 0.63 0.66 0.69 0.7  0.75 0.75 0.77 0.79 0.8  0.83 0.85
 0.97 0.98 0.98 1.   1.04 1.07 1.07 1.07 1.13 1.17 1.25 1.44 1.46 1.52
 1.52 1.54 1.62 1.64 1.65 1.79 1.86 1.9  1.94 2.01 2.1  2.13 2.17 2.22
 2.32 2.4  2.53 3.66]
var: 0.554923222222222
| [0m40       [0m | [0m1.114    [0m | [0m0.2444   [0m | [0m21.48    [0m | [0m2.764    [0m |
[0.   0.   0.11 0.11 0.12 0.13 0.14 0.15 0.16 0.18 0.19 0.24 0.32 0.33
 0.33 0.34 0.35 0.35 0.37 0.38 0.41 0.49 0.5  0.52 0.53 0.55 0.56 0.59
 0.63 0.64 0.68 0.75 0.82 1.01 1.02 1.05 1.05 1.13 1.16 1.18 1.18 1.26
 1.27 1.28 1.33 1.5  1.54 1.57 1.69 1.76 1.78 1.78 1.91 2.11 2.18 2.2
 2.28 2.48 2.68 3.71]
var: 0.6211723333333335
| [0m41       [0m | [0m0.951    [0m | [0m0.05027  [0m | [0m40.16    [0m | [0m2.452    [0m |
[0.05 0.1  0.26 0.29 0.42 0.48 0.51 0.55 0.57 0.61 0.66 0.74 0.76 0.77
 0.78 0.83 0.84 0.87 0.93 0.94 0.97 1.   1.01 1.02 1.1  1.12 1.18 1.21
 1.33 1.37 1.55 1.55 1.56 1.57 1.58 1.59 1.62 1.63 1.64 1.7  1.76 1.88
 1.91 1.99 2.01 2.02 2.03 2.06 2.25 2.36 2.39 2.51 2.64 2.91 3.07 3.34
 3.41 3.56 3.78 4.14]
var: 0.8883282222222227
| [0m42       [0m | [0m1.521    [0m | [0m0.2646   [0m | [0m2.554    [0m | [0m1.215    [0m |
[0.   0.03 0.04 0.07 0.09 0.13 0.16 0.16 0.24 0.28 0.36 0.41 0.41 0.46
 0.47 0.51 0.53 0.55 0.63 0.68 0.69 0.78 0.79 0.8  0.85 0.91 0.93 0.99
 1.13 1.14 1.18 1.2  1.21 1.24 1.26 1.27 1.29 1.34 1.39 1.43 1.44 1.45
 1.49 1.52 1.54 1.56 1.68 1.7  1.76 1.92 2.11 2.11 2.27 2.31 2.46 2.6
 2.62 2.97 3.22 3.43]
var: 0.6922283055555548
| [0m43       [0m | [0m1.17     [0m | [0m0.04028  [0m | [0m29.78    [0m | [0m1.467    [0m |
[0.02 0.12 0.13 0.13 0.13 0.14 0.2  0.32 0.49 0.51 0.52 0.52 0.52 0.56
 0.56 0.66 0.66 0.79 0.81 0.85 0.9  0.91 0.97 1.04 1.05 1.06 1.31 1.35
 1.35 1.37 1.38 1.39 1.4  1.51 1.53 1.58 1.64 1.67 1.68 1.76 1.78 1.8
 1.87 1.91 1.92 2.02 2.11 2.19 2.29 2.3  2.34 2.37 2.43 2.46 2.48 2.51
 2.71 2.8  2.87 3.02]
var: 0.6742336388888883
| [0m44       [0m | [0m1.361    [0m | [0m0.1586   [0m | [0m20.39    [0m | [0m0.8955   [0m |
[0.   0.   0.   0.   0.   0.   0.   0.   0.   0.   0.   0.   0.   0.
 0.   0.   0.   0.   0.   0.   0.   0.   0.   0.   0.   0.   0.   0.
 0.   0.   0.   0.   0.   0.   0.   0.   0.   0.   0.   0.   0.   0.
 0.   0.   0.   0.   0.   0.   0.   0.   0.01 0.01 0.02 0.02 0.05 0.06
 0.08 0.09 0.12 0.14]
var: 0.0008266666666666764
| [0m45       [0m | [0m0.01     [0m | [0m0.1878   [0m | [0m0.1344   [0m | [0m0.04079  [0m |
[0.29 0.4  0.48 0.5  0.64 0.94 1.01 1.06 1.12 1.12 1.17 1.24 1.29 1.4
 1.55 1.58 1.61 1.63 1.72 1.82 2.04 2.1  2.11 2.13 2.14 2.21 2.22 2.27
 2.28 2.42 2.5  2.5  2.57 2.57 2.59 2.61 2.63 2.71 2.81 2.87 2.95 3.07
 3.12 3.17 3.26 3.29 3.3  3.37 3.48 3.56 3.62 4.1  4.16 4.41 4.48 5.44
 6.24 6.35]
var: 1.7354508917954827
| [0m46       [0m | [0m2.452    [0m | [0m0.2861   [0m | [0m40.23    [0m | [0m0.1682   [0m |
[0.03 0.03 0.06 0.2  0.29 0.45 0.64 0.79 0.91 0.99 0.99 1.06 1.07 1.08
 1.08 1.13 1.16 1.17 1.28 1.32 1.35 1.39 1.5  1.54 1.57 1.58 1.58 1.7
 1.72 1.75 1.75 1.79 1.82 1.84 1.85 1.93 1.98 2.06 2.16 2.18 2.19 2.29
 2.4  2.74 2.75 2.79 2.79 2.97 3.   3.12 3.19 3.39 3.65 3.69 3.79 3.83
 4.   4.25 4.51 5.1 ]
var: 1.360712749999998
| [0m47       [0m | [0m1.954    [0m | [0m0.1563   [0m | [0m7.368    [0m | [0m2.237    [0m |
[0.07 0.07 0.08 0.11 0.2  0.21 0.23 0.29 0.29 0.32 0.33 0.34 0.35 0.36
 0.43 0.5  0.51 0.52 0.53 0.53 0.59 0.6  0.63 0.63 0.64 0.64 0.69 0.72
 0.73 0.81 0.89 0.91 0.93 0.94 1.07 1.16 1.17 1.23 1.25 1.32 1.33 1.37
 1.37 1.43 1.44 1.56 1.6  1.64 1.65 1.68 1.81 1.81 1.82 1.88 2.11 2.21
 2.26 2.48 2.57 3.36]
var: 0.5220533333333333
| [0m48       [0m | [0m1.02     [0m | [0m0.247    [0m | [0m36.02    [0m | [0m1.362    [0m |
[0.   0.02 0.03 0.04 0.04 0.06 0.06 0.09 0.09 0.1  0.1  0.12 0.15 0.17
 0.17 0.21 0.22 0.32 0.33 0.41 0.44 0.46 0.47 0.48 0.49 0.53 0.53 0.58
 0.58 0.6  0.62 0.67 0.7  0.7  0.75 0.77 0.91 0.92 0.99 1.02 1.05 1.13
 1.2  1.3  1.3  1.36 1.38 1.38 1.48 1.49 1.59 1.62 1.68 1.72 1.77 1.78
 1.84 2.14 2.26 2.58]
var: 0.430291638888889
| [0m49       [0m | [0m0.7998   [0m | [0m0.25     [0m | [0m45.62    [0m | [0m2.336    [0m |
[0.01 0.03 0.04 0.06 0.08 0.1  0.1  0.1  0.1  0.18 0.19 0.24 0.24 0.25
 0.26 0.27 0.28 0.29 0.29 0.38 0.4  0.4  0.41 0.43 0.45 0.46 0.49 0.5
 0.53 0.54 0.55 0.59 0.59 0.59 0.6  0.61 0.63 0.64 0.66 0.66 0.67 0.76
 0.76 0.77 0.91 0.97 1.02 1.07 1.12 1.13 1.18 1.2  1.38 1.44 1.65 1.88
 1.92 1.95 2.09 2.68]
var: 0.33037808333333357
| [0m50       [0m | [0m0.6795   [0m | [0m0.2701   [0m | [0m45.49    [0m | [0m2.019    [0m |
[0.   0.01 0.11 0.14 0.18 0.34 0.35 0.35 0.36 0.36 0.38 0.39 0.44 0.44
 0.46 0.49 0.49 0.5  0.51 0.59 0.75 0.79 0.85 1.01 1.06 1.1  1.18 1.2
 1.24 1.26 1.27 1.28 1.31 1.37 1.55 1.7  1.7  1.72 1.78 1.9  1.9  1.91
 1.92 1.93 1.95 1.96 1.98 2.05 2.15 2.24 2.31 2.45 2.64 2.66 2.69 2.72
 2.74 2.74 3.61 3.61]
var: 0.8422803055555561
| [0m51       [0m | [0m1.351    [0m | [0m0.1978   [0m | [0m29.64    [0m | [0m1.457    [0m |
[0.27 0.67 0.87 0.98 1.04 1.19 1.22 1.35 1.5  1.5  1.53 1.54 1.61 1.62
 1.62 1.65 1.66 1.71 1.71 1.81 1.83 1.85 1.86 1.86 1.88 1.89 1.98 2.03
 2.06 2.21 2.23 2.31 2.32 2.33 2.33 2.34 2.5  2.5  2.52 2.57 2.59 2.68
 2.76 2.79 2.86 2.98 2.99 3.02 3.06 3.06 3.3  3.31 3.81 4.01 4.17 4.2
 4.3  4.32 5.05 5.84]
var: 1.1430209722222238
| [0m52       [0m | [0m2.359    [0m | [0m0.2038   [0m | [0m27.61    [0m | [0m0.09331  [0m |
[0.28 0.52 1.06 1.18 1.28 1.55 1.64 1.69 1.71 1.71 1.8  1.82 1.89 2.05
 2.16 2.16 2.37 2.37 2.44 2.5  2.51 2.52 2.52 2.6  2.76 2.79 2.85 2.95
 3.01 3.01 3.13 3.18 3.22 3.33 3.35 3.36 3.36 3.37 3.41 3.43 3.48 3.48
 3.62 3.68 3.81 3.9  3.97 4.   4.09 4.19 4.24 4.25 4.78 4.94 5.01 6.45
 6.64 6.65 7.73 7.83]
var: 2.4285609999999993
| [0m53       [0m | [0m3.193    [0m | [0m0.1239   [0m | [0m9.657    [0m | [0m0.1375   [0m |
[0.69 1.6  1.73 2.07 2.16 2.56 2.69 2.73 2.77 2.84 2.87 2.98 3.1  3.24
 3.28 3.29 3.31 3.33 3.36 3.41 3.48 3.57 3.67 3.67 3.75 3.76 3.77 3.85
 3.95 3.99 4.02 4.09 4.21 4.25 4.29 4.36 4.46 4.5  4.52 4.54 4.63 4.71
 4.8  4.88 4.92 5.05 5.11 5.19 5.27 5.43 5.52 5.72 5.74 6.01 6.3  6.61
 7.42 7.74 9.  ]
var: 2.207907842573973
| [95m54       [0m | [95m4.148    [0m | [95m0.03389  [0m | [95m9.747    [0m | [95m0.1843   [0m |
[0.08 0.12 0.14 0.28 0.36 0.47 0.52 0.59 0.66 0.76 0.82 0.86 0.89 1.
 1.12 1.15 1.15 1.29 1.32 1.33 1.35 1.36 1.42 1.44 1.58 1.59 1.73 1.79
 1.8  1.81 1.9  2.14 2.28 2.28 2.29 2.35 2.37 2.38 2.41 2.42 2.58 2.6
 2.61 2.63 2.78 2.78 2.78 2.83 2.87 2.89 2.91 2.97 3.   3.02 3.27 3.29
 4.19 5.08 5.19]
var: 1.2637762711864409
| [0m55       [0m | [0m1.93     [0m | [0m0.07516  [0m | [0m9.947    [0m | [0m1.336    [0m |
[0.73 1.08 1.15 1.37 1.48 1.53 1.58 1.85 1.94 2.45 2.5  2.62 2.69 2.69
 2.7  2.74 2.77 2.78 2.97 3.07 3.14 3.27 3.31 3.34 3.39 3.57 3.68 3.7
 3.77 3.79 3.82 3.85 3.9  3.91 3.94 3.96 3.99 4.05 4.12 4.13 4.19 4.21
 4.39 4.46 4.47 4.7  4.74 4.83 4.85 4.86 5.21 5.25 5.37 5.4  5.52 5.72
 5.85 6.18 6.71 9.05]
var: 2.2519482222222234
| [0m56       [0m | [0m3.721    [0m | [0m0.01137  [0m | [0m9.705    [0m | [0m0.2654   [0m |
[0.05 0.08 0.16 0.23 0.28 0.4  0.42 0.61 0.74 0.76 1.84 1.91 1.92 2.03
 2.11 2.13 2.13 2.14 2.2  2.26 2.33 2.33 2.41 2.41 2.54 2.54 2.57 2.6
 2.63 2.64 2.64 2.79 2.83 2.89 2.9  2.92 2.99 3.06 3.31 3.39 3.4  3.4
 3.4  3.44 3.62 3.66 3.85 3.86 4.05 4.06 4.56 4.67 4.69 4.7  4.75 5.2
 5.86 6.08 6.14]
var: 2.1970348175811543
| [0m57       [0m | [0m2.754    [0m | [0m0.03285  [0m | [0m29.46    [0m | [0m0.3125   [0m |
[0.44 0.64 0.66 1.1  1.13 1.15 1.15 1.21 1.26 1.47 1.5  1.52 1.55 1.68
 1.7  1.74 1.99 2.06 2.14 2.16 2.26 2.33 2.33 2.36 2.48 2.69 2.76 2.82
 2.84 2.85 2.86 2.9  2.92 2.95 3.01 3.01 3.21 3.27 3.38 3.47 3.59 3.59
 3.59 3.62 3.98 4.1  4.21 4.36 4.38 4.43 4.88 4.93 5.17 5.36 5.45 5.69
 5.71 6.45 6.58 7.9 ]
var: 2.591418222222222
| [0m58       [0m | [0m3.049    [0m | [0m0.1324   [0m | [0m35.94    [0m | [0m0.1913   [0m |
[ 0.77  0.91  1.27  1.35  2.19  2.33  2.39  2.4   2.44  2.57  2.71  2.79
  2.81  2.88  2.9   2.95  3.02  3.05  3.2   3.22  3.26  3.27  3.52  3.54
  3.59  3.6   3.62  3.72  3.75  3.89  3.95  4.04  4.17  4.19  4.22  4.24
  4.27  4.29  4.33  4.35  4.44  4.54  5.    5.03  5.19  5.25  5.29  5.34
  5.62  5.65  5.69  5.86  6.05  6.06  6.1   6.59  6.71  7.32  7.88 10.69]
var: 3.030351222222221
| [0m59       [0m | [0m4.104    [0m | [0m0.01113  [0m | [0m9.688    [0m | [0m0.1203   [0m |
[1.64 1.73 1.82 1.86 1.98 2.07 2.11 2.11 2.25 2.39 2.42 2.49 2.56 2.57
 2.71 2.75 2.76 2.8  2.8  2.82 2.87 2.89 2.93 2.94 2.94 3.05 3.09 3.35
 3.41 3.5  3.52 3.53 3.62 3.75 3.79 3.79 3.82 3.89 3.96 4.01 4.01 4.09
 4.14 4.15 4.16 4.17 4.19 4.25 4.33 4.54 4.63 4.71 4.73 4.8  5.33 5.5
 5.67 5.72 6.67 7.21]
var: 1.4185783055555554
| [0m60       [0m | [0m3.538    [0m | [0m0.02609  [0m | [0m29.44    [0m | [0m0.1611   [0m |
[0.88 1.03 1.4  1.54 1.56 1.91 1.99 2.02 2.04 2.08 2.18 2.31 2.36 2.42
 2.46 2.5  2.6  2.61 2.65 2.66 2.71 2.84 2.92 3.13 3.14 3.17 3.18 3.22
 3.36 3.38 3.55 3.62 3.68 3.69 3.69 3.72 3.72 3.73 3.83 3.91 3.93 3.95
 4.01 4.14 4.25 4.3  4.3  4.59 4.62 4.64 4.66 5.44 5.69 5.78 5.8  6.22
 6.94 7.47 7.48 8.  ]
var: 2.449898888888889
| [0m61       [0m | [0m3.593    [0m | [0m0.02217  [0m | [0m9.903    [0m | [0m0.101    [0m |
[0.08 0.11 0.12 0.14 0.15 0.22 0.22 0.22 0.24 0.29 0.3  0.33 0.4  0.43
 0.45 0.52 0.6  0.61 0.63 0.65 0.71 0.75 0.84 0.85 0.92 0.94 1.05 1.08
 1.09 1.12 1.12 1.16 1.19 1.32 1.42 1.42 1.52 1.54 1.56 1.59 1.66 1.91
 1.95 2.05 2.18 2.26 2.26 2.27 2.41 2.42 2.47 2.56 2.59 2.64 2.69 2.7
 2.85 3.04 3.41 5.  ]
var: 1.0400098888888898
| [0m62       [0m | [0m1.354    [0m | [0m1e-08    [0m | [0m9.778    [0m | [0m0.03922  [0m |
[0.   0.01 0.16 0.18 0.23 0.28 0.44 0.5  0.51 0.52 0.54 0.54 0.56 0.58
 0.63 0.65 0.67 0.72 0.83 0.84 0.88 0.88 1.04 1.19 1.27 1.31 1.34 1.35
 1.36 1.37 1.48 1.55 1.59 1.61 1.69 1.74 1.77 1.8  1.82 1.85 1.93 1.97
 2.02 2.07 2.14 2.19 2.2  2.21 2.32 2.33 2.5  2.53 2.54 2.61 2.73 2.73
 3.01 3.13 3.18 4.24]
var: 0.8508423333333338
| [0m63       [0m | [0m1.481    [0m | [0m0.1322   [0m | [0m19.46    [0m | [0m2.141    [0m |
[0.26 0.62 0.65 0.65 0.85 1.06 1.79 1.83 1.99 2.13 2.26 2.53 2.62 2.63
 2.67 2.68 2.68 2.95 2.98 3.17 3.3  3.52 3.58 3.64 3.65 3.7  3.77 3.84
 3.86 3.88 3.96 3.99 4.05 4.11 4.14 4.14 4.19 4.21 4.28 4.3  4.41 4.46
 4.47 4.61 4.68 4.74 4.77 5.25 5.36 5.59 5.59 6.07 6.16 6.25 6.48 6.96
 8.07 8.29]
var: 3.0074084423305605
| [0m64       [0m | [0m3.781    [0m | [0m0.01096  [0m | [0m9.588    [0m | [0m0.1487   [0m |
[0.22 0.24 0.27 0.36 0.68 0.73 0.77 0.83 0.84 0.9  0.9  0.93 0.99 1.03
 1.11 1.12 1.19 1.2  1.25 1.29 1.42 1.45 1.5  1.5  1.58 1.62 1.78 1.79
 1.82 1.84 1.9  1.99 2.05 2.05 2.1  2.13 2.14 2.27 2.37 2.38 2.38 2.39
 2.43 2.49 2.52 2.62 2.77 2.81 2.82 2.86 2.98 3.08 3.15 3.24 3.79 3.94
 3.99 4.47 5.34 5.61]
var: 1.3542027499999996
| [0m65       [0m | [0m2.004    [0m | [0m0.1699   [0m | [0m33.77    [0m | [0m0.3469   [0m |
[0.89 0.91 1.2  1.24 1.57 1.64 1.71 1.97 2.16 2.3  2.38 2.4  2.55 2.55
 2.67 2.7  2.83 2.89 3.04 3.09 3.26 3.31 3.38 3.42 3.65 3.76 3.8  3.81
 3.83 3.84 3.86 4.02 4.06 4.06 4.3  4.44 4.45 4.51 4.55 4.69 4.98 5.
 5.05 5.06 5.06 5.12 5.27 5.29 5.4  5.6  5.85 6.   6.15 6.18 6.26 6.28
 6.46 6.66 6.81 7.05]
var: 2.571016555555554
| [0m66       [0m | [0m3.954    [0m | [0m0.03167  [0m | [0m9.865    [0m | [0m0.2205   [0m |
[ 0.63  0.67  0.88  1.35  1.61  1.88  1.91  1.93  1.96  2.2   2.54  2.74
  2.74  2.81  2.85  3.    3.1   3.18  3.23  3.29  3.43  3.57  3.69  3.71
  3.74  3.81  3.82  3.87  3.89  3.9   3.95  4.01  4.11  4.17  4.19  4.22
  4.24  4.42  4.57  4.68  4.71  4.73  4.93  4.97  4.97  5.2   5.22  5.22
  5.23  5.24  5.36  5.44  5.5   5.93  6.09  6.55  6.62  8.09  9.01 12.13]
var: 3.756400305555556
| [0m67       [0m | [0m4.094    [0m | [0m0.0169   [0m | [0m9.984    [0m | [0m0.1893   [0m |
[0.38 0.6  0.7  1.09 1.31 1.54 1.57 1.62 2.22 2.25 2.32 2.47 2.66 2.66
 2.68 2.69 2.74 2.89 2.91 2.95 2.96 3.21 3.32 3.42 3.45 3.62 3.68 3.69
 3.83 3.93 4.2  4.29 4.29 4.37 4.44 4.45 4.46 4.47 4.48 4.56 4.6  4.67
 4.69 4.75 4.93 5.02 5.09 5.26 5.28 5.37 5.52 5.6  5.64 5.67 5.7  5.8
 6.01 6.64 6.91 7.49]
var: 2.564206083333333
| [0m68       [0m | [0m3.834    [0m | [0m0.1117   [0m | [0m9.962    [0m | [0m0.207    [0m |
[0.04 0.24 0.31 0.33 0.42 0.53 0.55 0.63 0.66 0.75 0.84 0.84 0.85 0.88
 0.97 0.97 1.04 1.11 1.16 1.2  1.2  1.2  1.21 1.33 1.39 1.4  1.41 1.43
 1.46 1.52 1.66 1.74 1.77 1.85 1.93 1.95 2.11 2.14 2.38 2.39 2.57 2.61
 2.8  2.98 3.05 3.17 3.19 3.24 3.26 3.53 3.59 3.68 3.77 4.03 4.07 4.45
 4.79 4.83 5.03 6.24]
var: 1.9546314166666658
| [0m69       [0m | [0m2.045    [0m | [0m0.006932 [0m | [0m9.923    [0m | [0m0.3655   [0m |
[0.41 0.54 0.94 1.23 1.36 1.52 1.57 1.8  1.9  2.01 2.1  2.16 2.45 2.51
 2.66 2.68 2.74 2.82 2.87 2.91 3.06 3.13 3.19 3.27 3.28 3.29 3.29 3.33
 3.37 3.43 3.55 3.78 3.8  3.86 3.91 4.01 4.06 4.22 4.46 4.53 4.56 4.64
 4.7  4.82 4.86 4.89 4.93 4.93 5.   5.03 5.5  5.5  5.6  5.81 8.83]
var: 2.3151031404958666
| [0m70       [0m | [0m3.484    [0m | [0m0.04344  [0m | [0m29.55    [0m | [0m0.1971   [0m |
[0.31 0.37 0.83 0.9  1.02 1.11 1.2  1.4  1.51 1.66 1.78 1.8  1.85 2.12
 2.17 2.28 2.32 2.37 2.44 2.44 2.46 2.54 2.66 2.69 2.77 2.84 2.88 2.92
 3.07 3.08 3.34 3.36 3.36 3.38 3.4  3.47 3.5  3.59 3.72 3.76 3.92 4.01
 4.02 4.27 4.71 4.74 4.77 4.92 4.99 5.13 5.14 5.14 5.29 5.42 5.59 6.
 6.17 6.45 6.68 8.03]
var: 2.79270788888889
| [0m71       [0m | [0m3.334    [0m | [0m0.03876  [0m | [0m29.47    [0m | [0m0.2945   [0m |
[0.05 0.31 1.39 1.99 2.02 2.05 2.2  2.4  2.59 2.6  2.63 2.81 2.87 2.9
 2.99 3.09 3.18 3.33 3.35 3.51 3.57 3.65 3.85 3.89 3.91 3.99 3.99 4.11
 4.23 4.23 4.24 4.25 4.37 4.62 4.68 4.73 4.74 4.84 5.   5.07 5.11 5.18
 5.26 5.26 5.3  5.37 5.48 5.5  5.55 5.56 6.01 6.01 6.08 6.13 6.64 6.67
 7.3  7.83 8.41 9.25]
var: 3.153985999999999
| [95m72       [0m | [95m4.302    [0m | [95m0.0008409[0m | [95m29.43    [0m | [95m0.168    [0m |
[0.69 0.81 0.87 1.06 1.14 1.18 1.39 1.46 1.75 1.8  1.82 1.92 2.05 2.08
 2.15 2.24 2.29 2.29 2.31 2.37 2.37 2.4  2.49 2.64 2.65 2.72 2.73 2.81
 2.81 2.83 2.87 2.92 2.99 3.   3.23 3.24 3.24 3.26 3.27 3.29 3.33 3.4
 3.44 3.47 3.5  3.52 3.57 3.64 3.7  3.9  3.98 4.14 4.18 4.55 4.94 5.37
 5.83 5.92 6.59 6.66]
var: 1.7345912222222226
| [0m73       [0m | [0m2.984    [0m | [0m0.07525  [0m | [0m10.03    [0m | [0m0.1081   [0m |
[0.44 0.85 1.   1.5  1.57 1.66 1.99 2.16 2.21 2.45 2.62 2.62 2.66 2.68
 2.78 2.79 2.85 2.98 2.99 3.02 3.03 3.03 3.08 3.16 3.21 3.27 3.32 3.4
 3.46 3.47 3.47 3.57 3.75 3.81 3.93 4.07 4.17 4.19 4.44 4.51 4.57 4.62
 4.73 4.81 4.86 4.93 4.94 5.06 5.34 5.56 5.6  5.66 5.76 6.15 6.2  6.5
 7.5  7.62 8.43]
var: 2.724975466819878
| [0m74       [0m | [0m3.814    [0m | [0m0.03824  [0m | [0m29.3     [0m | [0m0.2284   [0m |
[0.37 0.68 1.14 1.54 1.85 2.07 2.11 2.17 2.29 2.44 2.55 2.57 2.73 2.82
 2.82 3.04 3.09 3.11 3.14 3.14 3.2  3.23 3.25 3.26 3.27 3.41 3.53 3.54
 3.55 3.58 3.58 3.65 3.67 3.73 3.74 3.78 3.85 3.92 3.96 4.03 4.07 4.09
 4.11 4.12 4.38 4.39 4.53 4.56 4.71 4.73 4.88 5.03 5.31 5.36 5.55 5.7
 5.9  7.49 7.56 9.34]
var: 2.3538016388888905
| [0m75       [0m | [0m3.72     [0m | [0m0.1482   [0m | [0m9.88     [0m | [0m0.243    [0m |
[0.18 0.38 0.49 0.58 0.77 0.88 1.36 1.37 1.92 2.06 2.07 2.14 2.14 2.22
 2.3  2.39 2.45 2.46 2.51 2.65 2.67 2.67 2.71 2.81 2.83 2.85 2.89 3.1
 3.1  3.13 3.16 3.22 3.39 3.5  3.56 3.58 3.58 3.63 3.66 3.71 3.84 3.88
 4.19 4.39 4.41 4.47 4.56 4.59 4.86 4.89 4.9  5.04 5.31 5.65 6.34 6.61
 7.1 ]
var: 2.3119793167128346
| [0m76       [0m | [0m3.195    [0m | [0m0.1002   [0m | [0m9.765    [0m | [0m0.2667   [0m |
[0.   0.   0.   0.   0.02 0.05 0.05 0.06 0.07 0.07 0.1  0.11 0.13 0.17
 0.19 0.2  0.23 0.24 0.26 0.26 0.27 0.32 0.34 0.36 0.38 0.39 0.39 0.39
 0.41 0.42 0.44 0.44 0.47 0.51 0.53 0.53 0.57 0.62 0.64 0.65 0.67 0.71
 0.82 0.89 0.94 1.   1.05 1.06 1.1  1.11 1.15 1.19 1.23 1.4  1.59 1.71
 1.87 1.99 2.12 2.39]
var: 0.33152030555555506
| [0m77       [0m | [0m0.6212   [0m | [0m0.0006464[0m | [0m42.9     [0m | [0m2.606    [0m |
[0.65 1.3  1.42 1.44 1.87 2.1  2.17 2.18 2.19 2.2  2.2  2.36 2.38 2.45
 2.49 2.56 2.64 2.87 2.88 2.95 2.95 2.98 3.04 3.13 3.15 3.16 3.16 3.25
 3.27 3.32 3.33 3.49 3.55 3.9  4.06 4.15 4.16 4.18 4.22 4.31 4.56 4.65
 4.68 4.89 5.02 5.05 5.28 5.3  5.97 6.23 6.68 6.79 6.94 7.55 8.59]
var: 2.733907900826447
| [0m78       [0m | [0m3.677    [0m | [0m0.08225  [0m | [0m9.905    [0m | [0m0.1745   [0m |
[0.45 0.83 0.94 0.98 1.08 1.18 1.34 1.56 1.72 1.74 1.82 1.83 1.88 1.96
 1.98 2.08 2.13 2.18 2.31 2.32 2.44 2.6  2.75 2.87 2.88 2.96 2.96 3.05
 3.11 3.14 3.17 3.37 3.38 3.41 3.5  3.72 3.78 3.93 4.01 4.17 4.19 4.37
 4.38 4.39 4.54 4.54 4.7  5.07 5.07 5.08 5.12 5.75 6.12 8.58]
var: 2.393053395061727
| [0m79       [0m | [0m3.137    [0m | [0m0.2792   [0m | [0m9.956    [0m | [0m0.1651   [0m |
[0.23 0.38 0.39 0.61 0.76 0.77 0.86 0.88 0.96 1.15 1.25 1.27 1.28 1.58
 1.63 1.74 1.86 1.9  1.99 2.03 2.06 2.21 2.26 2.28 2.29 2.47 2.61 2.61
 2.77 2.83 2.88 2.88 2.94 2.99 3.   3.03 3.04 3.12 3.18 3.27 3.28 3.42
 3.58 3.67 3.68 3.69 3.75 3.77 3.79 3.94 4.03 4.07 4.38 4.43 4.52 4.63
 4.93 4.99 5.35 5.41]
var: 1.7613520833333334
| [0m80       [0m | [0m2.693    [0m | [0m0.1222   [0m | [0m34.59    [0m | [0m0.3092   [0m |
=============================================================
None
num_trials:  40  inits,  40  iters,  60  per
rho:  10
pthin:  0.40

Best VPT: 4.302000000000001
Best result: {'a': 0.0008409295485282547, 'g': 29.42829852378099, 's': 0.16804102441334964}

KERNEL: nu=1.5, lengthscale=2.0, alpha=0.0005
