|   iter    |  target   |     a     |     g     |     s     |
-------------------------------------------------------------
[0.09 0.12 0.15 0.15 0.15 0.15 0.24 0.26 0.26 0.38 0.38 0.4  0.42 0.43
 0.44 0.5  0.53 0.57 0.57 0.65 0.67 0.71 0.72 0.76 0.82 0.93 0.98 1.01
 1.01 1.02 1.04 1.1  1.17 1.2  1.22 1.26 1.41 1.41 1.45 1.48 1.54 1.55
 1.6  1.63 1.64 1.65 1.71 1.72 1.73 1.74 1.92 1.95 1.96 2.01 2.06 2.08
 2.22 2.23 2.23 2.26]
var: 0.4400573333333341
| [0m1        [0m | [0m1.094    [0m | [0m0.1325   [0m | [0m10.58    [0m | [0m2.619    [0m |
[0.12 0.18 0.28 0.34 0.42 0.52 0.57 0.6  0.65 0.76 0.77 0.81 0.81 0.82
 0.82 0.93 0.94 0.99 0.99 1.11 1.11 1.22 1.27 1.3  1.31 1.35 1.36 1.37
 1.39 1.45 1.46 1.47 1.47 1.48 1.54 1.57 1.57 1.58 1.67 1.67 1.7  1.75
 1.82 1.83 1.9  2.06 2.12 2.24 2.36 2.62 2.66 3.11 3.12 3.23 3.28 3.3
 3.6  4.21 5.14 5.26]
var: 1.2191143055555556
| [95m2        [0m | [95m1.656    [0m | [95m0.03984  [0m | [95m6.127    [0m | [95m0.4116   [0m |
[0.06 0.07 0.08 0.08 0.08 0.09 0.09 0.09 0.1  0.11 0.12 0.14 0.15 0.15
 0.17 0.18 0.22 0.22 0.23 0.24 0.25 0.29 0.3  0.36 0.39 0.39 0.39 0.43
 0.46 0.48 0.49 0.54 0.6  0.63 0.65 0.66 0.67 0.67 0.7  0.71 0.78 0.78
 0.79 0.8  0.8  1.03 1.05 1.07 1.12 1.14 1.26 1.26 1.28 1.3  1.37 1.4
 1.58 2.  ]
var: 0.21266254458977396
| [0m3        [0m | [0m0.5783   [0m | [0m0.2696   [0m | [0m43.17    [0m | [0m2.133    [0m |
[0.   0.   0.   0.   0.   0.04 0.07 0.1  0.1  0.11 0.11 0.12 0.12 0.13
 0.15 0.15 0.15 0.16 0.17 0.18 0.19 0.23 0.24 0.27 0.27 0.27 0.27 0.27
 0.28 0.3  0.35 0.36 0.37 0.38 0.38 0.39 0.39 0.41 0.42 0.42 0.43 0.51
 0.55 0.56 0.58 0.58 0.62 0.64 0.66 0.66 0.67 0.69 0.69 0.78 0.93 0.97
 0.98 1.01 1.15 1.26]
var: 0.09227622222222212
| [0m4        [0m | [0m0.3873   [0m | [0m0.2541   [0m | [0m39.39    [0m | [0m0.5159   [0m |
[0.06 0.1  0.21 0.26 0.37 0.39 0.44 0.44 0.46 0.46 0.54 0.56 0.57 0.59
 0.59 0.62 0.64 0.69 0.7  0.72 0.73 0.74 0.76 0.78 0.79 0.81 0.84 0.85
 0.85 0.88 0.91 0.91 0.92 0.93 1.   1.01 1.03 1.07 1.08 1.1  1.16 1.17
 1.19 1.21 1.21 1.21 1.22 1.26 1.28 1.35 1.44 1.49 1.5  1.64 1.71 1.77
 1.8  2.09 2.2  3.13]
var: 0.287750305555556
| [0m5        [0m | [0m0.9738   [0m | [0m0.128    [0m | [0m9.071    [0m | [0m0.3243   [0m |
[0.04 0.05 0.1  0.1  0.11 0.14 0.18 0.18 0.19 0.22 0.22 0.24 0.26 0.27
 0.27 0.28 0.31 0.33 0.37 0.42 0.52 0.53 0.53 0.58 0.61 0.62 0.63 0.63
 0.63 0.68 0.68 0.71 0.75 0.76 0.81 0.85 0.86 0.9  0.92 0.93 1.01 1.01
 1.02 1.05 1.14 1.31 1.32 1.37 1.37 1.47 1.52 1.59 1.62 1.87 1.88 2.02
 2.18 2.57]
var: 0.34788897146254455
| [0m6        [0m | [0m0.7884   [0m | [0m0.07929  [0m | [0m25.09    [0m | [0m2.415    [0m |
[0.15 0.18 0.28 0.35 0.48 0.52 0.52 0.56 0.72 0.82 0.84 0.94 0.99 1.01
 1.03 1.08 1.09 1.14 1.14 1.14 1.22 1.25 1.3  1.35 1.36 1.43 1.44 1.53
 1.56 1.56 1.58 1.62 1.63 1.8  1.98 1.98 2.07 2.09 2.09 2.09 2.13 2.14
 2.2  2.25 2.27 2.28 2.53 2.61 2.68 2.73 2.75 2.86 2.96 3.16 3.3  3.36
 3.36 3.49 3.52 4.61]
var: 0.9386972222222225
| [95m7        [0m | [95m1.752    [0m | [95m0.208    [0m | [95m4.661    [0m | [95m0.9209   [0m |
[0.14 0.25 0.36 0.36 0.4  0.45 0.45 0.47 0.48 0.52 0.54 0.59 0.78 0.83
 0.86 0.93 0.94 0.96 1.05 1.15 1.16 1.21 1.23 1.24 1.24 1.24 1.24 1.27
 1.3  1.37 1.45 1.45 1.46 1.55 1.57 1.59 1.6  1.6  1.65 1.8  1.82 1.87
 1.9  1.92 2.   2.06 2.07 2.1  2.11 2.16 2.31 2.5  2.67 2.84 2.99 3.66
 3.75 4.03]
var: 0.7489549643281812
| [0m8        [0m | [0m1.474    [0m | [0m0.08305  [0m | [0m4.75     [0m | [0m1.411    [0m |
[0.07 0.09 0.09 0.1  0.14 0.2  0.21 0.23 0.23 0.26 0.28 0.32 0.34 0.35
 0.35 0.4  0.41 0.41 0.43 0.52 0.56 0.56 0.59 0.59 0.61 0.64 0.65 0.65
 0.7  0.7  0.74 0.74 0.74 0.82 0.9  0.99 0.99 1.   1.14 1.19 1.2  1.25
 1.31 1.35 1.38 1.42 1.47 1.48 1.62 1.63 1.67 1.86 2.14 2.45 2.65 2.9
 3.17 4.47]
var: 0.7271165576694402
| [0m9        [0m | [0m0.9716   [0m | [0m0.000243 [0m | [0m31.01    [0m | [0m1.208    [0m |
[0.1  0.13 0.18 0.21 0.23 0.24 0.24 0.25 0.27 0.35 0.4  0.49 0.53 0.61
 0.61 0.61 0.65 0.66 0.66 0.67 0.67 0.68 0.75 0.77 0.78 0.85 0.86 0.87
 0.89 0.91 0.96 1.01 1.06 1.06 1.12 1.12 1.13 1.15 1.18 1.26 1.32 1.34
 1.42 1.44 1.49 1.5  1.51 1.53 1.55 1.73 1.73 1.74 1.75 1.76 1.83 1.86
 1.98 2.   2.12 2.78]
var: 0.3494576388888886
| [0m10       [0m | [0m1.026    [0m | [0m0.2627   [0m | [0m17.49    [0m | [0m0.56     [0m |
[0.04 0.05 0.06 0.1  0.1  0.1  0.1  0.11 0.12 0.13 0.14 0.14 0.18 0.2
 0.23 0.24 0.24 0.26 0.26 0.28 0.3  0.32 0.33 0.33 0.38 0.38 0.4  0.4
 0.42 0.43 0.43 0.43 0.5  0.52 0.53 0.55 0.63 0.66 0.7  0.73 0.75 0.76
 0.79 0.9  0.94 0.97 1.   1.01 1.02 1.04 1.08 1.12 1.23 1.3  1.34 1.6
 1.95 2.23 2.24 2.55]
var: 0.32832363888888944
| [0m11       [0m | [0m0.6378   [0m | [0m0.06491  [0m | [0m28.84    [0m | [0m2.154    [0m |
[0.05 0.05 0.07 0.11 0.11 0.18 0.21 0.21 0.22 0.23 0.24 0.29 0.32 0.33
 0.43 0.53 0.55 0.67 0.67 0.69 0.72 0.72 0.76 0.79 0.82 0.85 0.85 0.86
 0.88 0.9  0.91 0.92 0.92 0.96 1.02 1.03 1.06 1.18 1.19 1.2  1.26 1.27
 1.4  1.41 1.43 1.44 1.49 1.58 1.63 1.79 1.86 1.92 2.16 2.19 2.2  2.6
 2.64 2.95 3.07 3.15]
var: 0.614219
| [0m12       [0m | [0m1.069    [0m | [0m0.2032   [0m | [0m47.68    [0m | [0m1.592    [0m |
[0.04 0.06 0.07 0.09 0.09 0.09 0.11 0.11 0.12 0.12 0.12 0.13 0.14 0.16
 0.16 0.17 0.18 0.18 0.2  0.21 0.22 0.22 0.23 0.27 0.31 0.32 0.33 0.36
 0.37 0.38 0.41 0.46 0.47 0.48 0.49 0.49 0.5  0.51 0.52 0.54 0.57 0.59
 0.62 0.63 0.64 0.67 0.7  0.72 0.74 0.8  0.81 0.83 0.85 1.04 1.18 1.2
 1.36 1.37 1.82 2.39]
var: 0.19954622222222204
| [0m13       [0m | [0m0.4993   [0m | [0m0.1288   [0m | [0m46.69    [0m | [0m2.485    [0m |
[0.09 0.11 0.12 0.24 0.25 0.28 0.31 0.46 0.52 0.59 0.69 0.7  0.82 0.82
 0.87 0.88 0.89 0.91 0.92 0.93 0.93 0.97 0.98 1.01 1.03 1.09 1.09 1.09
 1.15 1.2  1.21 1.25 1.26 1.29 1.33 1.33 1.35 1.37 1.37 1.37 1.38 1.38
 1.42 1.44 1.48 1.49 1.54 1.65 1.87 1.91 1.96 1.97 2.02 2.09 2.2  2.21
 2.77 3.19 3.69 4.52]
var: 0.6609320833333332
| [0m14       [0m | [0m1.288    [0m | [0m0.2778   [0m | [0m9.176    [0m | [0m2.633    [0m |
[0.17 0.23 0.26 0.28 0.31 0.32 0.39 0.49 0.54 0.61 0.64 0.75 0.78 0.78
 0.81 0.85 0.87 0.99 1.   1.07 1.09 1.1  1.1  1.11 1.2  1.31 1.33 1.38
 1.58 1.74 1.84 1.9  1.9  1.97 2.03 2.11 2.12 2.23 2.35 2.38 2.38 2.4
 2.42 2.45 2.58 2.59 2.67 2.7  2.73 2.73 2.88 2.89 3.16 3.28 3.42 3.44
 3.54 3.61 4.32 5.81]
var: 1.3439660833333338
| [95m15       [0m | [95m1.799    [0m | [95m0.1097   [0m | [95m8.441    [0m | [95m1.328    [0m |
[0.36 0.49 0.51 0.55 0.56 0.57 0.68 0.68 0.73 0.8  0.93 0.93 1.01 1.03
 1.04 1.05 1.09 1.1  1.11 1.12 1.12 1.15 1.19 1.23 1.25 1.25 1.26 1.28
 1.29 1.35 1.41 1.41 1.48 1.52 1.62 1.64 1.67 1.72 1.76 1.89 1.94 2.05
 2.09 2.13 2.18 2.24 2.25 2.66 2.73 2.73 2.74 2.76 2.83 2.91 2.92 3.1
 3.33 3.57 3.59 4.  ]
var: 0.7829232222222228
| [0m16       [0m | [0m1.66     [0m | [0m0.2511   [0m | [0m5.188    [0m | [0m0.5969   [0m |
[0.14 0.22 0.23 0.4  0.43 0.44 0.48 0.5  0.54 0.55 0.55 0.56 0.6  0.66
 0.68 0.73 0.8  0.8  0.9  0.94 0.95 0.98 0.98 0.99 1.05 1.09 1.09 1.09
 1.11 1.14 1.19 1.22 1.26 1.33 1.45 1.45 1.56 1.64 1.66 1.72 1.74 1.76
 1.78 1.84 1.85 1.95 1.97 2.39 2.62 2.76 2.88 2.91 3.12 3.15 3.24 3.41
 3.63 3.72 3.77 5.61]
var: 1.2160588888888884
| [0m17       [0m | [0m1.537    [0m | [0m0.2436   [0m | [0m19.41    [0m | [0m1.055    [0m |
[0.21 0.31 0.32 0.35 0.38 0.4  0.4  0.49 0.62 0.62 0.68 0.79 0.86 0.93
 0.94 0.95 1.01 1.03 1.05 1.15 1.22 1.38 1.41 1.44 1.45 1.51 1.6  1.62
 1.65 1.68 1.77 1.79 1.83 1.83 1.86 1.86 1.87 1.87 2.02 2.09 2.11 2.29
 2.36 2.36 2.42 2.63 2.67 2.84 3.14 3.16 3.26 3.29 3.56 3.68 3.87 4.05
 4.07 4.23 4.32 4.63]
var: 1.3549598888888899
| [95m18       [0m | [95m1.87     [0m | [95m0.05932  [0m | [95m2.765    [0m | [95m0.9282   [0m |
[0.05 0.07 0.11 0.17 0.17 0.18 0.18 0.2  0.2  0.2  0.21 0.22 0.23 0.24
 0.24 0.24 0.27 0.27 0.3  0.31 0.33 0.33 0.35 0.42 0.44 0.46 0.48 0.54
 0.55 0.56 0.57 0.65 0.65 0.67 0.68 0.69 0.7  0.72 0.78 0.82 0.87 0.89
 0.96 0.96 0.99 1.02 1.16 1.18 1.28 1.34 1.44 1.46 1.64 1.65 1.71 1.94
 2.39 2.41 2.74 3.29]
var: 0.48505141666666624
| [0m19       [0m | [0m0.7795   [0m | [0m0.04851  [0m | [0m44.28    [0m | [0m1.584    [0m |
[0.1  0.32 0.35 0.37 0.37 0.38 0.38 0.39 0.4  0.43 0.44 0.46 0.47 0.47
 0.5  0.52 0.55 0.55 0.58 0.61 0.63 0.64 0.67 0.68 0.69 0.7  0.71 0.73
 0.74 0.74 0.75 0.78 0.8  0.84 0.84 0.86 0.9  0.94 0.94 0.94 1.03 1.04
 1.08 1.1  1.1  1.12 1.12 1.14 1.16 1.27 1.36 1.39 1.43 1.56 1.83 1.86
 1.87 2.27 2.31 2.43]
var: 0.2622169722222222
| [0m20       [0m | [0m0.8938   [0m | [0m0.173    [0m | [0m48.45    [0m | [0m0.1171   [0m |
[0.09 0.09 0.12 0.13 0.16 0.17 0.2  0.21 0.25 0.27 0.29 0.33 0.34 0.35
 0.37 0.39 0.43 0.44 0.45 0.52 0.58 0.64 0.65 0.67 0.69 0.73 0.75 0.76
 0.77 0.89 0.91 0.97 1.   1.01 1.07 1.09 1.12 1.2  1.26 1.29 1.33 1.34
 1.36 1.37 1.41 1.44 1.52 1.58 1.59 1.59 1.6  1.71 1.77 2.1  2.35 2.8
 2.88]
var: 0.43866081871345064
| [0m21       [0m | [0m0.9367   [0m | [0m0.2368   [0m | [0m47.77    [0m | [0m1.383    [0m |
[0.02 0.02 0.03 0.04 0.06 0.07 0.09 0.12 0.14 0.14 0.18 0.18 0.19 0.19
 0.2  0.23 0.24 0.27 0.28 0.29 0.33 0.33 0.34 0.35 0.36 0.37 0.42 0.43
 0.44 0.44 0.49 0.49 0.51 0.52 0.53 0.56 0.56 0.57 0.59 0.59 0.65 0.67
 0.69 0.69 0.69 0.72 0.73 0.73 0.77 0.9  0.91 0.91 1.02 1.02 1.13 1.16
 1.17 1.35 1.37 2.46]
var: 0.17951122222222235
| [0m22       [0m | [0m0.5323   [0m | [0m0.01753  [0m | [0m38.97    [0m | [0m2.205    [0m |
[0.08 0.09 0.1  0.11 0.12 0.13 0.16 0.17 0.17 0.18 0.2  0.21 0.27 0.35
 0.41 0.42 0.43 0.46 0.48 0.58 0.58 0.61 0.61 0.61 0.64 0.66 0.67 0.68
 0.71 0.73 0.75 0.8  0.82 0.83 0.86 0.92 0.92 0.95 0.99 0.99 1.01 1.1
 1.19 1.22 1.23 1.39 1.4  1.44 1.46 1.48 1.69 1.75 1.81 1.87 1.91 2.04
 2.26 2.93 3.82]
var: 0.5283970123527717
| [0m23       [0m | [0m0.9059   [0m | [0m0.05502  [0m | [0m15.02    [0m | [0m2.668    [0m |
[0.06 0.07 0.09 0.11 0.12 0.14 0.15 0.15 0.16 0.17 0.18 0.19 0.2  0.22
 0.23 0.26 0.26 0.28 0.28 0.29 0.3  0.3  0.31 0.34 0.34 0.35 0.37 0.39
 0.39 0.41 0.42 0.44 0.44 0.49 0.51 0.51 0.53 0.53 0.55 0.55 0.55 0.56
 0.56 0.58 0.59 0.6  0.63 0.63 0.63 0.64 0.64 0.7  0.81 0.83 0.85 0.87
 1.37 1.42 1.8  2.77]
var: 0.1912049722222225
| [0m24       [0m | [0m0.5018   [0m | [0m0.2253   [0m | [0m12.69    [0m | [0m0.2453   [0m |
[0.03 0.04 0.07 0.08 0.08 0.1  0.1  0.1  0.12 0.13 0.14 0.14 0.15 0.16
 0.17 0.17 0.2  0.21 0.25 0.25 0.29 0.29 0.3  0.3  0.32 0.33 0.36 0.36
 0.39 0.39 0.43 0.43 0.44 0.46 0.48 0.49 0.49 0.49 0.5  0.5  0.51 0.53
 0.53 0.54 0.54 0.54 0.55 0.56 0.59 0.75 0.79 0.85 0.9  0.95 1.01 1.37
 1.61 1.71 1.97 2.23]
var: 0.20954733333333336
| [0m25       [0m | [0m0.496    [0m | [0m0.03795  [0m | [0m48.96    [0m | [0m2.471    [0m |
[0.   0.01 0.05 0.06 0.07 0.12 0.15 0.16 0.17 0.17 0.18 0.21 0.23 0.24
 0.24 0.28 0.29 0.34 0.35 0.36 0.37 0.39 0.4  0.4  0.4  0.41 0.41 0.42
 0.45 0.48 0.49 0.49 0.5  0.53 0.53 0.55 0.57 0.57 0.58 0.6  0.61 0.61
 0.65 0.68 0.81 0.83 0.92 0.92 0.93 0.98 0.99 1.01 1.02 1.07 1.16 1.21
 1.31 1.33 1.39 1.43]
var: 0.1378782222222222
| [0m26       [0m | [0m0.5513   [0m | [0m0.131    [0m | [0m35.93    [0m | [0m0.6278   [0m |
[0.02 0.04 0.08 0.08 0.1  0.11 0.13 0.13 0.17 0.17 0.22 0.24 0.25 0.25
 0.26 0.29 0.3  0.3  0.33 0.35 0.38 0.39 0.43 0.45 0.46 0.49 0.5  0.59
 0.59 0.65 0.65 0.68 0.69 0.69 0.71 0.72 0.75 0.75 0.79 0.82 0.85 0.91
 0.97 1.05 1.17 1.19 1.32 1.36 1.46 1.53 1.54 1.63 1.64 1.66 1.71 2.12
 2.66 2.73 3.37 3.85]
var: 0.6479382222222224
| [0m27       [0m | [0m0.8453   [0m | [0m0.2503   [0m | [0m24.4     [0m | [0m0.6063   [0m |
[0.01 0.02 0.02 0.04 0.05 0.07 0.07 0.08 0.09 0.11 0.12 0.12 0.13 0.13
 0.13 0.14 0.14 0.14 0.15 0.17 0.17 0.17 0.17 0.19 0.19 0.21 0.23 0.25
 0.28 0.3  0.3  0.3  0.33 0.34 0.38 0.4  0.4  0.43 0.43 0.45 0.46 0.46
 0.49 0.49 0.5  0.51 0.52 0.56 0.6  0.61 0.65 0.67 0.67 0.68 0.68 0.78
 0.88 0.96 1.03 1.36]
var: 0.07848163888888886
| [0m28       [0m | [0m0.3568   [0m | [0m0.2702   [0m | [0m47.78    [0m | [0m0.7479   [0m |
[0.07 0.17 0.17 0.17 0.23 0.26 0.33 0.34 0.34 0.38 0.4  0.46 0.51 0.54
 0.56 0.57 0.59 0.59 0.6  0.61 0.62 0.64 0.67 0.68 0.73 0.79 0.79 0.84
 0.85 0.88 0.93 0.96 1.11 1.16 1.17 1.18 1.19 1.19 1.2  1.3  1.36 1.37
 1.37 1.38 1.41 1.42 1.53 1.58 1.7  1.72 1.81 1.86 2.1  2.3  2.46 2.66
 2.81]
var: 0.4191889812249926
| [0m29       [0m | [0m1.011    [0m | [0m0.2027   [0m | [0m16.68    [0m | [0m2.453    [0m |
[0.22 0.35 0.41 0.44 0.52 0.56 0.57 0.67 0.69 0.73 0.78 0.78 0.83 0.88
 0.93 0.96 0.99 0.99 0.99 1.06 1.1  1.1  1.12 1.13 1.2  1.24 1.3  1.3
 1.39 1.54 1.59 1.6  1.66 1.66 1.71 1.76 1.77 1.79 1.83 1.83 1.83 1.89
 2.05 2.1  2.12 2.18 2.23 2.26 2.33 2.38 2.39 2.48 2.67 2.88 2.9  3.02
 3.07 3.56 3.82 4.34]
var: 0.798123638888889
| [0m30       [0m | [0m1.608    [0m | [0m0.2926   [0m | [0m19.42    [0m | [0m1.234    [0m |
[0.02 0.1  0.1  0.2  0.22 0.26 0.26 0.27 0.27 0.38 0.4  0.41 0.42 0.43
 0.44 0.49 0.53 0.56 0.56 0.6  0.61 0.67 0.68 0.75 0.76 0.76 0.77 0.79
 0.79 0.93 0.97 0.99 0.99 1.08 1.13 1.14 1.22 1.26 1.3  1.31 1.43 1.44
 1.56 1.56 1.65 1.82 1.9  2.07 2.08 2.08 2.27 2.31 2.35 2.44 2.85 2.93
 3.01 3.6  3.65 4.4 ]
var: 0.9558198888888881
| [0m31       [0m | [0m1.22     [0m | [0m0.08887  [0m | [0m13.11    [0m | [0m1.636    [0m |
[0.08 0.12 0.17 0.19 0.19 0.2  0.2  0.21 0.22 0.24 0.27 0.28 0.29 0.32
 0.35 0.36 0.4  0.4  0.41 0.42 0.47 0.47 0.5  0.55 0.63 0.64 0.65 0.66
 0.67 0.68 0.72 0.72 0.73 0.74 0.74 0.77 0.79 0.8  0.85 0.88 0.95 1.05
 1.06 1.17 1.19 1.2  1.27 1.28 1.37 1.39 1.55 1.59 1.68 1.7  1.86 2.1
 2.35 2.63 2.97 3.15]
var: 0.4897449722222224
| [0m32       [0m | [0m0.8748   [0m | [0m0.1928   [0m | [0m3.111    [0m | [0m2.69     [0m |
[0.08 0.08 0.09 0.16 0.16 0.16 0.2  0.22 0.22 0.24 0.32 0.32 0.35 0.35
 0.42 0.42 0.44 0.61 0.65 0.67 0.68 0.7  0.72 0.72 0.74 0.81 0.81 0.87
 0.89 0.93 0.94 0.95 0.99 1.   1.1  1.13 1.17 1.23 1.24 1.25 1.33 1.33
 1.45 1.54 1.55 1.58 1.71 1.82 1.83 1.85 2.   2.01 2.04 2.42 2.62 2.79
 2.83 3.   3.26]
var: 0.6421943119793153
| [0m33       [0m | [0m1.085    [0m | [0m0.2991   [0m | [0m15.8     [0m | [0m2.755    [0m |
[0.01 0.05 0.08 0.12 0.15 0.15 0.19 0.2  0.2  0.21 0.21 0.24 0.24 0.25
 0.26 0.29 0.3  0.31 0.32 0.33 0.36 0.37 0.37 0.39 0.4  0.41 0.42 0.45
 0.45 0.47 0.5  0.51 0.53 0.55 0.55 0.55 0.55 0.57 0.62 0.66 0.69 0.7
 0.7  0.71 0.73 0.75 0.77 0.81 0.98 1.01 1.11 1.2  1.28 1.32 1.34 1.35
 1.54 1.69 2.16 2.5 ]
var: 0.24922363888888913
| [0m34       [0m | [0m0.6188   [0m | [0m0.2674   [0m | [0m28.91    [0m | [0m0.4449   [0m |
[0.07 0.1  0.12 0.15 0.17 0.24 0.24 0.27 0.31 0.34 0.34 0.36 0.37 0.37
 0.4  0.4  0.41 0.42 0.44 0.46 0.46 0.47 0.47 0.5  0.5  0.53 0.53 0.55
 0.55 0.57 0.6  0.61 0.63 0.64 0.68 0.68 0.69 0.81 0.82 0.88 0.91 0.96
 0.97 0.97 0.99 1.01 1.09 1.19 1.22 1.23 1.27 1.29 1.45 1.57 1.6  1.68
 1.81 2.11 2.21]
var: 0.24567785119218621
| [0m35       [0m | [0m0.7403   [0m | [0m0.2553   [0m | [0m33.36    [0m | [0m0.895    [0m |
[0.07 0.1  0.21 0.28 0.31 0.32 0.33 0.38 0.46 0.5  0.59 0.59 0.62 0.64
 0.65 0.69 0.69 0.73 0.77 0.81 0.96 0.97 0.98 1.14 1.15 1.19 1.19 1.34
 1.4  1.42 1.46 1.6  1.7  1.86 1.93 1.95 1.96 1.99 2.01 2.06 2.08 2.33
 2.43 2.45 2.46 2.47 2.59 2.64 2.67 2.67 2.8  3.01 3.15 3.22 3.3  3.51
 3.8  3.83 4.85]
var: 1.2225993679977019
| [0m36       [0m | [0m1.632    [0m | [0m0.08496  [0m | [0m18.72    [0m | [0m0.9566   [0m |
[0.02 0.05 0.05 0.05 0.09 0.11 0.11 0.13 0.17 0.23 0.25 0.28 0.29 0.31
 0.32 0.34 0.39 0.42 0.43 0.44 0.46 0.46 0.47 0.47 0.47 0.48 0.49 0.49
 0.5  0.51 0.51 0.52 0.55 0.57 0.6  0.62 0.69 0.72 0.76 0.78 0.78 0.82
 0.83 0.85 0.93 0.95 0.96 0.98 1.01 1.05 1.07 1.07 1.14 1.15 1.18 1.19
 1.28 1.45 1.99 3.01]
var: 0.24986163888888838
| [0m37       [0m | [0m0.6548   [0m | [0m0.08881  [0m | [0m7.958    [0m | [0m0.2416   [0m |
[0.01 0.04 0.04 0.05 0.06 0.06 0.06 0.06 0.07 0.07 0.09 0.09 0.09 0.11
 0.14 0.16 0.2  0.2  0.21 0.22 0.23 0.24 0.25 0.27 0.39 0.4  0.4  0.44
 0.44 0.46 0.46 0.46 0.47 0.48 0.48 0.48 0.5  0.5  0.51 0.52 0.56 0.62
 0.63 0.63 0.64 0.67 0.68 0.78 0.86 0.93 0.98 1.02 1.1  1.25 1.27 1.32
 1.55 1.89 1.92]
var: 0.200358517667337
| [0m38       [0m | [0m0.5036   [0m | [0m0.2587   [0m | [0m48.27    [0m | [0m2.494    [0m |
[0.01 0.02 0.04 0.06 0.07 0.07 0.1  0.12 0.12 0.16 0.19 0.2  0.2  0.24
 0.28 0.3  0.36 0.36 0.39 0.4  0.45 0.47 0.5  0.55 0.55 0.56 0.61 0.63
 0.65 0.67 0.67 0.7  0.7  0.72 0.72 0.75 0.75 0.91 0.96 1.01 1.02 1.05
 1.08 1.15 1.18 1.23 1.27 1.33 1.34 1.36 1.37 1.38 1.54 1.76 1.83 1.97
 2.23 2.34 3.42 3.87]
var: 0.5917389999999998
| [0m39       [0m | [0m0.849    [0m | [0m0.06044  [0m | [0m26.19    [0m | [0m2.71     [0m |
[0.39 0.39 0.45 0.48 0.49 0.63 0.66 0.67 0.73 0.75 0.77 0.77 0.78 0.79
 0.81 0.82 0.83 0.83 0.87 0.87 0.88 0.89 0.9  0.92 0.93 0.96 0.98 0.99
 1.02 1.03 1.04 1.04 1.07 1.1  1.12 1.15 1.26 1.35 1.36 1.37 1.44 1.48
 1.57 1.58 1.58 1.59 1.59 1.65 1.72 1.72 1.74 1.78 1.83 1.93 1.97 2.33
 3.11 3.19 3.47 5.61]
var: 0.7196865555555544
| [0m40       [0m | [0m1.3      [0m | [0m0.09337  [0m | [0m35.22    [0m | [0m0.1066   [0m |
[0.   0.1  0.24 0.26 0.28 0.37 0.39 0.4  0.41 0.51 0.54 0.63 0.66 0.66
 0.77 0.77 0.89 0.96 1.01 1.04 1.08 1.13 1.14 1.19 1.2  1.21 1.24 1.27
 1.33 1.36 1.36 1.4  1.44 1.47 1.52 1.62 1.62 1.63 1.69 1.77 1.79 1.83
 1.83 1.94 2.07 2.09 2.11 2.14 2.18 2.21 2.35 2.45 2.55 2.6  2.88 3.02
 3.05 3.18 3.49 4.04]
var: 0.7952295555555559
| [0m41       [0m | [0m1.473    [0m | [0m0.09348  [0m | [0m3.586    [0m | [0m0.5091   [0m |
[0.23 0.32 0.4  0.42 0.49 0.55 0.55 0.63 0.74 0.76 0.78 0.79 0.85 0.9
 0.91 0.97 0.98 1.04 1.1  1.14 1.18 1.18 1.18 1.21 1.28 1.29 1.34 1.45
 1.47 1.55 1.56 1.57 1.59 1.6  1.77 1.77 1.78 1.84 1.85 1.89 1.99 2.03
 2.04 2.04 2.33 2.36 2.48 2.49 2.58 2.59 2.77 3.09 3.89 3.94 4.39 4.61
 4.69 4.98 5.17 5.97]
var: 1.7210480833333328
| [0m42       [0m | [0m1.856    [0m | [0m0.2507   [0m | [0m4.64     [0m | [0m0.9305   [0m |
[0.04 0.25 0.27 0.33 0.48 0.52 0.53 0.54 0.71 0.76 0.77 0.83 0.83 0.85
 0.94 1.   1.01 1.02 1.04 1.12 1.18 1.2  1.22 1.27 1.36 1.45 1.5  1.52
 1.53 1.54 1.57 1.59 1.59 1.6  1.7  1.7  1.72 1.77 1.84 1.87 1.89 1.92
 1.98 2.03 2.14 2.42 2.5  2.57 2.57 2.59 2.59 2.76 2.86 2.9  2.98 3.07
 3.32 3.8  4.62 7.13]
var: 1.343863333333334
| [0m43       [0m | [0m1.72     [0m | [0m0.2448   [0m | [0m4.06     [0m | [0m1.216    [0m |
[0.   0.02 0.02 0.1  0.1  0.1  0.11 0.12 0.13 0.17 0.2  0.25 0.29 0.3
 0.39 0.4  0.42 0.43 0.44 0.45 0.46 0.46 0.47 0.49 0.5  0.52 0.52 0.53
 0.6  0.62 0.65 0.67 0.69 0.69 0.73 0.81 0.85 0.88 1.02 1.08 1.09 1.09
 1.11 1.21 1.24 1.27 1.27 1.31 1.42 1.42 1.43 1.52 1.67 1.74 1.94 2.32
 2.75]
var: 0.3537535241612805
| [0m44       [0m | [0m0.7628   [0m | [0m0.04777  [0m | [0m8.066    [0m | [0m1.951    [0m |
[0.06 0.15 0.23 0.33 0.35 0.37 0.41 0.46 0.46 0.48 0.48 0.61 0.63 0.65
 0.66 0.73 0.82 0.84 0.92 0.93 0.97 0.98 0.99 0.99 1.03 1.04 1.06 1.13
 1.18 1.2  1.27 1.3  1.32 1.34 1.35 1.39 1.41 1.56 1.57 1.59 1.59 1.64
 1.64 1.7  1.78 1.83 1.89 1.96 2.13 2.18 2.21 2.27 2.49 2.54 2.58 2.67
 2.81 3.   3.07 3.34]
var: 0.6299795555555553
| [0m45       [0m | [0m1.343    [0m | [0m0.2907   [0m | [0m3.208    [0m | [0m1.179    [0m |
[0.   0.   0.   0.   0.01 0.13 0.15 0.15 0.17 0.18 0.24 0.27 0.28 0.35
 0.38 0.5  0.51 0.52 0.56 0.57 0.59 0.73 0.78 0.78 0.83 0.86 0.9  0.97
 1.   1.   1.09 1.17 1.24 1.26 1.31 1.36 1.49 1.58 1.64 1.7  1.72 1.75
 1.8  1.84 1.98 2.04 2.08 2.09 2.14 2.23 2.25 2.28 2.43 2.61 2.69 3.26
 3.41 5.29 5.44]
var: 1.3298975581729384
| [0m46       [0m | [0m1.298    [0m | [0m1e-08    [0m | [0m2.475    [0m | [0m0.4657   [0m |
[0.41 0.43 0.45 0.51 0.56 0.58 0.59 0.71 0.75 0.8  0.83 0.85 0.85 0.88
 0.92 0.93 0.94 0.95 1.14 1.2  1.21 1.22 1.22 1.33 1.39 1.41 1.43 1.47
 1.59 1.63 1.77 1.78 1.92 1.96 2.   2.03 2.1  2.13 2.37 2.46 2.5  2.52
 2.52 2.77 2.78 2.85 2.87 3.05 3.06 3.11 3.41 3.53 3.56 3.62 3.82 3.85
 3.88 4.17 7.49]
var: 1.6481440390692335
| [95m47       [0m | [95m1.95     [0m | [95m0.2645   [0m | [95m4.179    [0m | [95m0.7571   [0m |
[0.03 0.07 0.08 0.09 0.11 0.12 0.14 0.15 0.17 0.18 0.19 0.19 0.2  0.23
 0.23 0.23 0.24 0.24 0.26 0.28 0.29 0.34 0.35 0.36 0.39 0.39 0.4  0.46
 0.49 0.51 0.52 0.57 0.59 0.6  0.66 0.68 0.72 0.74 0.75 0.78 0.78 0.79
 0.83 0.85 0.95 0.98 0.99 1.06 1.09 1.14 1.17 1.18 1.19 1.29 1.32 1.32
 1.38 1.39 1.55 2.72]
var: 0.2459383055555556
| [0m48       [0m | [0m0.6332   [0m | [0m0.2864   [0m | [0m4.383    [0m | [0m0.278    [0m |
[0.   0.   0.   0.   0.06 0.07 0.13 0.24 0.27 0.34 0.37 0.48 0.52 0.56
 0.59 0.6  0.63 0.63 0.69 0.7  0.71 0.72 0.75 0.78 0.8  0.91 0.91 0.92
 1.   1.17 1.3  1.31 1.48 1.5  1.5  1.55 1.74 1.85 1.87 1.96 2.02 2.03
 2.03 2.11 2.29 2.29 2.3  2.32 2.33 2.53 2.69 2.84 3.05 3.17 3.17 3.42
 3.49 3.97 4.68 4.97]
var: 1.4242127499999993
| [0m49       [0m | [0m1.489    [0m | [0m1e-08    [0m | [0m4.199    [0m | [0m0.9526   [0m |
[0.03 0.07 0.1  0.11 0.13 0.14 0.14 0.2  0.24 0.34 0.34 0.34 0.34 0.35
 0.38 0.39 0.45 0.46 0.46 0.48 0.49 0.52 0.54 0.56 0.58 0.61 0.66 0.67
 0.68 0.74 0.77 0.77 0.78 0.88 0.9  0.91 0.95 1.01 1.02 1.02 1.02 1.06
 1.09 1.18 1.2  1.28 1.36 1.37 1.45 1.58 1.68 1.69 1.97 2.27 2.51 2.53
 2.54 2.61 2.74 3.17]
var: 0.5727387499999992
| [0m50       [0m | [0m0.9475   [0m | [0m0.1747   [0m | [0m12.81    [0m | [0m2.066    [0m |
[0.24 0.25 0.29 0.3  0.39 0.41 0.59 0.65 0.65 0.67 0.77 0.78 0.87 0.9
 0.95 0.99 1.05 1.06 1.07 1.23 1.24 1.25 1.32 1.32 1.33 1.33 1.39 1.43
 1.47 1.53 1.66 1.71 1.73 1.76 1.81 1.85 1.9  1.99 2.13 2.14 2.16 2.24
 2.27 2.31 2.36 2.55 2.57 2.59 2.69 2.83 2.98 3.53 3.64 3.78 3.82 4.13
 4.27 4.52 4.58 6.25]
var: 1.5792680833333335
| [0m51       [0m | [0m1.875    [0m | [0m0.3      [0m | [0m5.704    [0m | [0m0.8321   [0m |
[0.14 0.21 0.26 0.3  0.42 0.59 0.7  0.7  0.76 0.78 0.88 0.93 0.94 0.98
 1.06 1.16 1.17 1.18 1.21 1.23 1.25 1.27 1.29 1.31 1.31 1.32 1.34 1.35
 1.35 1.36 1.48 1.54 1.74 1.75 1.75 1.76 1.78 1.8  1.82 1.85 2.15 2.18
 2.19 2.23 2.26 2.3  2.37 2.4  2.47 2.58 2.61 2.67 2.74 2.83 3.04 3.18
 3.22 3.92 4.13 5.94]
var: 1.0688136388888876
| [0m52       [0m | [0m1.724    [0m | [0m0.2482   [0m | [0m5.239    [0m | [0m1.089    [0m |
[0.16 0.36 0.5  0.59 0.63 0.74 0.78 0.83 1.   1.05 1.1  1.17 1.2  1.22
 1.31 1.32 1.4  1.4  1.48 1.48 1.56 1.57 1.73 1.73 1.74 1.74 1.76 1.84
 1.87 1.89 1.91 1.95 1.97 2.02 2.1  2.12 2.15 2.15 2.19 2.24 2.27 2.3
 2.42 2.43 2.47 2.76 2.78 2.81 2.86 2.93 3.02 3.18 3.34 3.47 3.65 3.73
 3.88 4.51 5.15 7.  ]
var: 1.418041638888888
| [95m53       [0m | [95m2.082    [0m | [95m0.03665  [0m | [95m6.089    [0m | [95m1.06     [0m |
[0.02 0.02 0.05 0.05 0.08 0.09 0.09 0.09 0.09 0.1  0.11 0.13 0.14 0.15
 0.16 0.16 0.17 0.18 0.19 0.21 0.23 0.23 0.23 0.26 0.27 0.33 0.35 0.43
 0.46 0.47 0.49 0.49 0.5  0.53 0.55 0.55 0.56 0.56 0.58 0.6  0.6  0.61
 0.62 0.68 0.7  0.71 0.72 0.77 0.81 0.85 1.03 1.04 1.06 1.06 1.15 1.22
 1.3  1.47 1.7  2.23]
var: 0.2012682222222221
| [0m54       [0m | [0m0.5213   [0m | [0m0.2827   [0m | [0m42.53    [0m | [0m2.663    [0m |
[0.3  0.32 0.35 0.36 0.42 0.42 0.57 0.58 0.63 0.7  0.75 0.75 0.79 0.79
 0.89 0.9  1.   1.1  1.16 1.26 1.26 1.26 1.3  1.32 1.32 1.34 1.34 1.36
 1.46 1.46 1.62 1.63 1.69 1.79 1.86 1.87 1.94 1.97 2.16 2.17 2.25 2.52
 2.53 2.54 2.59 2.88 3.65 3.83 3.88 3.9  4.49 4.51 4.94]
var: 1.3612899964400136
| [0m55       [0m | [0m1.711    [0m | [0m0.3      [0m | [0m5.996    [0m | [0m1.437    [0m |
[0.   0.01 0.07 0.09 0.09 0.1  0.1  0.11 0.13 0.16 0.17 0.18 0.18 0.19
 0.21 0.23 0.24 0.25 0.26 0.26 0.28 0.31 0.37 0.38 0.41 0.44 0.44 0.46
 0.48 0.49 0.5  0.5  0.54 0.55 0.55 0.56 0.56 0.62 0.62 0.62 0.63 0.64
 0.67 0.7  0.75 0.75 0.77 0.82 0.83 0.88 0.93 0.95 1.07 1.09 1.12 1.22
 1.3  1.53 2.1  2.21]
var: 0.20534697222222226
| [0m56       [0m | [0m0.5612   [0m | [0m0.06184  [0m | [0m34.13    [0m | [0m0.4644   [0m |
[0.21 0.24 0.52 0.56 0.57 0.73 0.8  0.82 0.85 0.85 0.98 1.07 1.11 1.28
 1.29 1.35 1.37 1.44 1.5  1.58 1.63 1.63 1.64 1.65 1.68 1.7  1.77 1.77
 1.8  1.81 1.99 2.01 2.03 2.08 2.09 2.1  2.17 2.2  2.23 2.32 2.38 2.43
 2.46 2.62 2.79 2.94 3.08 3.13 3.15 3.19 3.21 3.26 3.29 3.63 3.9  3.93
 4.14 4.3  4.6  6.54]
var: 1.4168894166666657
| [95m57       [0m | [95m2.107    [0m | [95m0.2877   [0m | [95m6.432    [0m | [95m1.002    [0m |
[0.14 0.42 0.48 0.5  0.53 0.58 0.67 0.78 0.94 1.   1.04 1.05 1.09 1.09
 1.11 1.12 1.19 1.21 1.27 1.27 1.32 1.36 1.47 1.48 1.49 1.54 1.54 1.55
 1.69 1.76 1.76 1.88 1.89 1.92 2.05 2.05 2.08 2.09 2.16 2.21 2.37 2.4
 2.49 2.54 2.69 2.75 2.78 2.82 2.83 2.87 3.12 3.15 3.18 3.48 3.99 4.05
 4.5  4.52 4.74]
var: 1.1672577994829076
| [0m58       [0m | [0m1.933    [0m | [0m0.01524  [0m | [0m6.633    [0m | [0m1.254    [0m |
[0.1  0.15 0.32 0.35 0.58 0.62 0.69 0.69 0.74 0.81 0.83 0.87 0.9  0.9
 0.9  0.97 1.02 1.04 1.21 1.21 1.22 1.23 1.27 1.29 1.4  1.41 1.5  1.51
 1.54 1.57 1.59 1.71 1.74 1.78 1.86 1.87 1.92 1.92 1.95 1.95 1.95 1.99
 2.13 2.33 2.39 2.68 2.72 2.74 2.8  2.85 2.9  3.06 3.09 3.11 3.2  3.25
 3.27 3.75 4.25 4.89]
var: 1.0537948888888897
| [0m59       [0m | [0m1.775    [0m | [0m0.0224   [0m | [0m14.33    [0m | [0m1.267    [0m |
[0.14 0.24 0.27 0.53 0.59 0.77 0.82 0.88 0.99 1.04 1.06 1.12 1.21 1.22
 1.24 1.41 1.42 1.47 1.6  1.64 1.66 1.77 1.79 1.8  1.84 1.84 1.85 1.88
 1.89 1.91 1.94 1.94 1.95 1.96 2.01 2.05 2.08 2.09 2.14 2.16 2.2  2.22
 2.22 2.27 2.35 2.46 2.49 2.57 2.63 2.65 2.71 2.73 2.8  2.81 2.86 2.92
 3.5  3.59 4.36 4.47]
var: 0.7806776666666663
| [0m60       [0m | [0m1.917    [0m | [0m0.0253   [0m | [0m6.573    [0m | [0m0.7012   [0m |
[0.12 0.47 0.51 0.57 0.62 0.66 0.69 0.74 0.84 0.85 0.98 1.01 1.1  1.15
 1.21 1.27 1.3  1.33 1.34 1.43 1.46 1.54 1.59 1.63 1.64 1.68 1.71 1.76
 1.76 1.79 1.82 1.84 1.85 1.88 2.15 2.16 2.16 2.17 2.21 2.24 2.27 2.3
 2.4  2.42 2.45 2.46 2.5  2.88 3.02 3.07 3.09 3.21 3.32 3.42 3.45 3.72
 3.73 4.43 5.43]
var: 1.0828549267451888
| [0m61       [0m | [0m1.946    [0m | [0m0.2697   [0m | [0m6.428    [0m | [0m0.973    [0m |
[0.25 0.36 0.38 0.41 0.44 0.45 0.48 0.53 0.54 0.74 0.77 0.89 0.92 0.95
 1.02 1.07 1.1  1.17 1.23 1.3  1.3  1.32 1.35 1.41 1.43 1.44 1.47 1.62
 1.72 1.73 1.77 1.77 1.84 1.93 1.94 1.99 2.   2.03 2.15 2.2  2.29 2.31
 2.41 2.5  2.69 2.74 2.83 2.85 2.9  2.9  2.96 2.99 3.06 3.15 3.21 3.64
 3.76 3.94 4.16 6.27]
var: 1.3097436388888886
| [0m62       [0m | [0m1.883    [0m | [0m0.3      [0m | [0m6.44     [0m | [0m1.308    [0m |
[0.09 0.11 0.11 0.11 0.15 0.16 0.16 0.16 0.18 0.2  0.2  0.21 0.21 0.29
 0.3  0.3  0.31 0.33 0.33 0.35 0.35 0.37 0.37 0.38 0.38 0.45 0.48 0.49
 0.49 0.49 0.5  0.51 0.52 0.53 0.54 0.55 0.57 0.6  0.6  0.6  0.64 0.65
 0.66 0.67 0.7  0.7  0.74 0.77 0.79 0.83 0.87 0.87 0.98 0.98 1.26 1.29
 1.29 1.36 1.68 1.89]
var: 0.14693430555555526
| [0m63       [0m | [0m0.5608   [0m | [0m0.09088  [0m | [0m1.037    [0m | [0m1.993    [0m |
[0.14 0.17 0.5  0.55 0.58 0.65 0.72 0.76 0.81 0.94 1.1  1.15 1.24 1.26
 1.29 1.3  1.3  1.4  1.47 1.48 1.48 1.51 1.51 1.62 1.63 1.63 1.65 1.65
 1.71 1.74 1.87 2.05 2.1  2.16 2.22 2.23 2.38 2.48 2.5  2.55 2.57 2.73
 2.79 2.85 2.86 2.87 2.91 3.09 3.12 3.24 3.57 3.98 4.07 4.15 4.17 4.44
 4.94 5.03 5.8  6.13]
var: 1.8246183055555565
| [95m64       [0m | [95m2.213    [0m | [95m0.3      [0m | [95m6.846    [0m | [95m1.038    [0m |
[0.   0.   0.04 0.11 0.12 0.19 0.24 0.32 0.34 0.47 0.48 0.5  0.51 0.6
 0.6  0.71 0.73 0.81 0.83 0.95 0.96 1.08 1.1  1.14 1.21 1.26 1.27 1.34
 1.36 1.59 1.61 1.62 1.62 1.73 1.76 1.81 1.83 1.86 2.02 2.05 2.06 2.11
 2.21 2.31 2.31 2.36 2.55 2.6  2.68 2.75 2.83 2.83 2.85 3.04 3.17 3.21
 3.57 4.11 4.18]
var: 1.130376501005458
| [0m65       [0m | [0m1.568    [0m | [0m1e-08    [0m | [0m7.034    [0m | [0m0.8956   [0m |
[0.35 0.36 0.38 0.45 0.46 0.57 0.59 0.61 0.62 0.62 0.63 0.68 0.71 0.71
 0.75 0.8  0.81 0.82 0.84 0.84 0.84 0.84 0.85 0.88 0.93 0.93 0.95 0.99
 1.07 1.1  1.16 1.19 1.19 1.29 1.29 1.36 1.4  1.43 1.53 1.64 1.7  1.81
 1.83 2.12 2.18 2.34 2.37 2.4  2.49 2.58 2.59 2.66 2.71 2.84 2.84 2.96
 2.98 3.36 4.01 4.21]
var: 0.8967606666666664
| [0m66       [0m | [0m1.474    [0m | [0m0.272    [0m | [0m7.04     [0m | [0m1.51     [0m |
[0.   0.12 0.12 0.14 0.21 0.33 0.34 0.39 0.42 0.45 0.53 0.56 0.64 0.71
 0.73 0.8  0.81 0.82 0.91 0.95 1.   1.   1.   1.14 1.19 1.21 1.27 1.29
 1.31 1.31 1.34 1.39 1.4  1.44 1.47 1.47 1.48 1.52 1.53 1.54 1.76 1.86
 1.98 1.99 2.05 2.06 2.1  2.19 2.22 2.28 2.29 2.36 2.38 2.53 2.6  2.81
 2.96 3.49]
var: 0.6389464030915578
| [0m67       [0m | [0m1.348    [0m | [0m1e-08    [0m | [0m5.706    [0m | [0m1.133    [0m |
[0.16 0.23 0.27 0.31 0.32 0.34 0.36 0.47 0.47 0.53 0.78 0.9  0.92 1.06
 1.14 1.19 1.29 1.33 1.38 1.39 1.44 1.46 1.58 1.61 1.62 1.63 1.79 1.81
 1.87 1.89 1.98 2.09 2.16 2.3  2.3  2.35 2.49 2.54 2.54 2.7  2.77 2.83
 3.   3.04 3.15 3.21 3.29 3.3  3.32 3.35 3.4  3.43 3.53 3.64 3.94 3.94
 4.96 5.06 5.57 6.46]
var: 1.949526555555555
| [0m68       [0m | [0m2.17     [0m | [0m0.03063  [0m | [0m14.32    [0m | [0m1.272    [0m |
[0.27 0.3  0.33 0.53 0.56 0.59 0.6  0.62 0.63 0.7  0.72 0.75 0.88 0.89
 0.96 1.13 1.27 1.29 1.3  1.34 1.41 1.48 1.56 1.56 1.65 1.67 1.69 1.74
 1.79 1.8  1.83 1.87 1.88 1.9  1.92 1.97 2.02 2.05 2.06 2.09 2.15 2.31
 2.37 2.54 2.56 2.8  2.83 2.83 3.11 3.15 3.24 3.37 3.59 3.63 3.86 4.57
 5.3  7.3  8.87 9.45]
var: 3.2831714166666677
| [0m69       [0m | [0m2.191    [0m | [0m0.1218   [0m | [0m10.59    [0m | [0m1.122    [0m |
[0.07 0.07 0.15 0.2  0.2  0.21 0.23 0.25 0.26 0.27 0.27 0.29 0.3  0.3
 0.31 0.38 0.39 0.4  0.42 0.48 0.48 0.5  0.5  0.56 0.58 0.59 0.68 0.72
 0.73 0.74 0.77 0.77 0.79 0.8  0.85 0.86 0.89 0.9  0.99 1.   1.04 1.13
 1.16 1.23 1.25 1.37 1.48 1.58 1.67 1.73 1.78 1.78 1.87 2.11 2.25 2.31
 2.35 2.5  2.7  2.78]
var: 0.5152476666666665
| [0m70       [0m | [0m0.937    [0m | [0m0.1837   [0m | [0m37.51    [0m | [0m1.397    [0m |
[0.   0.   0.   0.   0.01 0.01 0.01 0.02 0.03 0.03 0.03 0.03 0.04 0.04
 0.04 0.05 0.05 0.05 0.06 0.06 0.08 0.1  0.1  0.12 0.13 0.14 0.14 0.16
 0.16 0.17 0.17 0.18 0.19 0.2  0.21 0.21 0.23 0.24 0.26 0.28 0.3  0.32
 0.35 0.36 0.37 0.39 0.39 0.43 0.51 0.54 0.61 0.64 0.64 0.66 0.68 0.81
 0.86 1.19 1.36 1.41]
var: 0.1051976388888888
| [0m71       [0m | [0m0.2808   [0m | [0m0.2086   [0m | [0m0.1172   [0m | [0m2.15     [0m |
[0.23 0.26 0.31 0.39 0.42 0.43 0.45 0.47 0.51 0.73 0.77 0.78 0.86 0.87
 0.96 0.98 0.98 1.01 1.02 1.05 1.08 1.14 1.19 1.19 1.19 1.23 1.25 1.29
 1.31 1.38 1.54 1.56 1.6  1.62 1.74 1.75 1.86 1.89 1.93 1.96 1.97 1.99
 2.09 2.2  2.22 2.26 2.33 2.37 2.45 2.47 2.48 2.5  2.64 2.71 2.74 3.02
 3.27 3.55 4.79 5.05]
var: 1.0122926666666674
| [0m72       [0m | [0m1.638    [0m | [0m0.1889   [0m | [0m2.6      [0m | [0m0.7038   [0m |
[0.16 0.19 0.33 0.39 0.43 0.52 0.54 0.59 0.6  0.75 0.79 0.82 0.82 0.87
 0.9  0.92 0.94 0.98 1.06 1.13 1.13 1.21 1.27 1.29 1.34 1.45 1.46 1.55
 1.55 1.58 1.59 1.6  1.6  1.61 1.63 1.64 1.7  1.73 1.93 2.1  2.2  2.33
 2.35 2.4  2.42 2.43 2.51 2.6  2.6  2.69 2.79 3.   3.06 3.3  3.33 3.44
 3.75 4.38 4.96 5.03]
var: 1.253542333333333
| [0m73       [0m | [0m1.771    [0m | [0m0.06107  [0m | [0m14.25    [0m | [0m1.252    [0m |
[0.01 0.14 0.26 0.4  0.56 0.67 0.72 0.86 0.88 0.99 1.08 1.15 1.19 1.21
 1.22 1.28 1.28 1.5  1.54 1.56 1.65 1.65 1.66 1.7  1.77 1.81 1.83 1.85
 2.01 2.01 2.02 2.08 2.28 2.33 2.37 2.44 2.47 2.5  2.55 2.72 2.77 2.79
 2.85 2.86 2.88 2.93 2.94 3.22 3.27 3.57 3.71 4.04 4.17 4.18 4.7  4.72
 5.07 5.1  5.17 6.08]
var: 1.8735176666666673
| [95m74       [0m | [95m2.287    [0m | [95m0.01027  [0m | [95m6.096    [0m | [95m1.107    [0m |
[0.1  0.13 0.31 0.39 0.43 0.47 0.52 0.53 0.55 0.56 0.6  0.6  0.78 0.81
 0.81 0.82 0.85 0.87 0.93 1.06 1.09 1.11 1.21 1.23 1.32 1.37 1.41 1.44
 1.47 1.5  1.53 1.57 1.59 1.64 1.9  1.9  1.91 2.03 2.03 2.17 2.23 2.24
 2.29 2.32 2.36 2.4  2.45 2.45 2.51 2.62 2.88 3.05 3.08 3.14 3.25 3.3
 3.46 3.75 3.88 4.71]
var: 1.0941760833333332
| [0m75       [0m | [0m1.699    [0m | [0m0.06365  [0m | [0m14.34    [0m | [0m1.316    [0m |
[0.1  0.22 0.33 0.42 0.52 0.61 0.63 0.75 0.89 0.93 0.95 1.02 1.09 1.16
 1.2  1.21 1.28 1.48 1.49 1.57 1.59 1.66 1.69 1.71 1.76 1.81 1.95 1.97
 2.03 2.08 2.1  2.1  2.11 2.12 2.16 2.37 2.4  2.66 2.69 2.69 2.75 2.8
 2.81 2.82 2.86 2.9  2.98 3.01 3.02 3.07 3.24 3.4  3.5  3.65 3.7  3.78
 3.86 3.95 5.77]
var: 1.257344728526285
| [0m76       [0m | [0m2.091    [0m | [0m0.2458   [0m | [0m6.88     [0m | [0m1.092    [0m |
[0.25 0.4  0.55 0.58 0.66 0.68 0.7  0.9  1.01 1.02 1.02 1.13 1.15 1.24
 1.28 1.32 1.33 1.34 1.37 1.45 1.52 1.59 1.6  1.72 1.74 1.81 1.83 1.85
 1.86 1.9  1.93 1.98 1.99 2.03 2.08 2.14 2.15 2.23 2.35 2.39 2.51 2.61
 2.66 2.7  2.71 2.72 2.75 2.78 2.8  2.84 2.87 3.   3.01 3.04 3.1  3.22
 3.42 3.49 3.67 4.9 ]
var: 0.8662303055555554
| [0m77       [0m | [0m1.981    [0m | [0m0.1932   [0m | [0m6.839    [0m | [0m1.046    [0m |
[0.15 0.33 0.35 0.36 0.36 0.6  0.62 0.76 0.84 1.02 1.05 1.07 1.07 1.11
 1.18 1.19 1.19 1.24 1.24 1.25 1.25 1.31 1.35 1.42 1.45 1.48 1.56 1.62
 1.63 1.68 1.7  1.71 1.73 1.74 1.8  1.81 1.86 1.94 2.03 2.15 2.25 2.26
 2.43 2.55 2.58 2.65 2.75 2.84 2.87 2.92 3.06 3.15 3.29 3.62 3.67 3.72
 4.04 4.4  4.52 4.55]
var: 1.1916548888888892
| [0m78       [0m | [0m1.905    [0m | [0m0.01129  [0m | [0m14.27    [0m | [0m1.318    [0m |
[0.1  0.15 0.16 0.22 0.26 0.28 0.37 0.37 0.42 0.43 0.47 0.48 0.52 0.59
 0.6  0.65 0.73 0.83 0.85 0.86 0.96 1.12 1.17 1.38 1.56 1.6  1.6  1.62
 1.64 1.73 1.8  1.87 1.94 2.12 2.21 2.21 2.23 2.25 2.27 2.3  2.46 2.47
 2.59 2.71 2.71 2.73 2.74 2.74 2.75 2.82 2.86 2.97 3.18 3.35 3.53 3.79
 3.92 4.13 5.01 5.91]
var: 1.6397883055555555
| [0m79       [0m | [0m1.838    [0m | [0m0.1444   [0m | [0m10.6     [0m | [0m1.051    [0m |
[0.28 0.46 0.52 0.56 0.57 0.58 0.62 0.81 0.83 0.87 0.9  1.18 1.22 1.27
 1.31 1.33 1.38 1.39 1.41 1.47 1.51 1.52 1.52 1.52 1.52 1.53 1.62 1.7
 1.73 1.82 1.83 1.94 2.03 2.05 2.07 2.22 2.28 2.46 2.47 2.48 2.48 2.65
 2.68 2.7  2.71 2.73 2.82 2.84 2.94 3.01 3.08 3.11 3.11 3.14 3.16 3.99
 4.72 4.88 5.44 6.03]
var: 1.4503188888888885
| [0m80       [0m | [0m2.083    [0m | [0m0.2943   [0m | [0m6.761    [0m | [0m1.028    [0m |
=============================================================
None
num_trials:  40  inits,  40  iters,  60  per
rho:  25
pthin:  0.30

Best VPT: 2.287
Best result: {'a': 0.010274376014699577, 'g': 6.095951927972625, 's': 1.1073997832867493}

KERNEL: nu=1.5, lengthscale=2.0, alpha=0.0005
