|   iter    |  target   |     a     |     g     |     s     |
-------------------------------------------------------------
[0.   0.01 0.02 0.04 0.06 0.07 0.15 0.22 0.26 0.27 0.28 0.29 0.29 0.29
 0.33 0.35 0.36 0.45 0.47 0.47 0.48 0.5  0.5  0.51 0.53 0.54 0.54 0.59
 0.59 0.64 0.64 0.65 0.66 0.67 0.7  0.71 0.72 0.75 0.77 0.79 0.84 0.93
 0.93 0.97 0.98 1.02 1.04 1.07 1.11 1.12 1.14 1.2  1.21 1.21 1.22 1.28
 1.32 1.35 1.42 1.75]
var: 0.1671269722222224
| [0m1        [0m | [0m0.6712   [0m | [0m0.09413  [0m | [0m39.59    [0m | [0m2.727    [0m |
[0.09 0.18 0.23 0.24 0.24 0.24 0.37 0.45 0.49 0.51 0.52 0.56 0.56 0.65
 0.69 0.71 0.73 0.75 0.76 0.77 0.77 0.78 0.78 0.81 0.81 0.82 0.83 0.85
 0.86 0.9  0.91 0.91 0.92 0.93 0.95 1.   1.05 1.09 1.1  1.18 1.19 1.19
 1.21 1.22 1.27 1.29 1.38 1.39 1.44 1.46 1.46 1.48 1.51 1.62 1.71 1.79
 2.05 2.25 2.5  3.14]
var: 0.3223023333333329
| [95m2        [0m | [95m1.009    [0m | [95m0.1311   [0m | [95m7.165    [0m | [95m2.541    [0m |
[0.   0.   0.   0.   0.02 0.03 0.05 0.06 0.07 0.08 0.14 0.17 0.21 0.22
 0.22 0.22 0.23 0.29 0.34 0.34 0.35 0.37 0.39 0.4  0.45 0.45 0.5  0.52
 0.58 0.6  0.61 0.62 0.63 0.64 0.64 0.64 0.65 0.67 0.68 0.68 0.73 0.76
 0.85 0.85 0.87 0.95 0.95 1.   1.02 1.11 1.15 1.23 1.27 1.29 1.31 1.73
 1.92 1.95 2.05 2.47]
var: 0.3060532222222226
| [0m3        [0m | [0m0.6537   [0m | [0m0.2338   [0m | [0m38.52    [0m | [0m1.439    [0m |
[0.   0.   0.01 0.01 0.01 0.01 0.05 0.05 0.2  0.29 0.3  0.33 0.35 0.4
 0.41 0.41 0.45 0.47 0.55 0.57 0.58 0.62 0.63 0.64 0.64 0.72 0.74 0.75
 0.8  0.8  0.85 0.85 0.89 0.92 0.93 0.96 0.98 0.99 1.03 1.05 1.06 1.13
 1.25 1.29 1.34 1.37 1.39 1.48 1.49 1.5  1.5  1.52 1.6  1.62 1.7  1.85
 1.85 2.09 2.74 3.33]
var: 0.4489978888888891
| [0m4        [0m | [0m0.9057   [0m | [0m0.08482  [0m | [0m20.17    [0m | [0m2.42     [0m |
[0.64 0.77 0.78 0.85 0.87 0.88 0.88 0.94 0.98 1.03 1.03 1.17 1.18 1.21
 1.22 1.23 1.32 1.32 1.33 1.34 1.39 1.45 1.48 1.49 1.52 1.55 1.66 1.66
 1.67 1.71 1.74 1.74 1.75 1.76 1.76 1.79 1.81 1.81 1.86 1.88 1.91 1.92
 1.95 1.95 1.96 1.97 2.02 2.06 2.24 2.32 2.46 2.63 2.66 2.79 2.83 2.93
 3.15 3.45 4.25 4.96]
var: 0.6550956666666665
| [95m5        [0m | [95m1.781    [0m | [95m0.02412  [0m | [95m42.03    [0m | [95m0.3007   [0m |
[0.63 0.63 0.65 0.75 0.79 0.83 0.83 1.23 1.25 1.26 1.3  1.35 1.37 1.39
 1.42 1.45 1.51 1.51 1.54 1.58 1.61 1.62 1.64 1.68 1.72 1.77 1.82 1.83
 1.84 1.86 1.9  1.92 1.94 1.96 1.98 2.03 2.03 2.15 2.18 2.25 2.26 2.35
 2.42 2.49 2.58 2.64 2.67 2.68 2.69 2.7  2.81 3.04 3.05 3.08 3.09 3.2
 3.68 4.34 5.29 6.2 ]
var: 1.0577356666666677
| [95m6        [0m | [95m2.071    [0m | [95m0.03917  [0m | [95m15.57    [0m | [95m0.2015   [0m |
[0.   0.03 0.05 0.05 0.05 0.05 0.06 0.06 0.07 0.08 0.08 0.1  0.1  0.18
 0.22 0.26 0.28 0.31 0.37 0.38 0.52 0.61 0.7  0.7  0.71 0.71 0.72 0.72
 0.75 0.77 0.78 0.8  0.81 0.83 0.84 0.86 0.95 0.96 0.98 1.02 1.07 1.1
 1.14 1.14 1.14 1.18 1.19 1.2  1.26 1.31 1.36 1.38 1.41 1.44 1.53 1.59
 1.89 2.21 2.4  2.52]
var: 0.3672598888888887
| [0m7        [0m | [0m0.7997   [0m | [0m0.1217   [0m | [0m44.69    [0m | [0m1.423    [0m |
[0.38 0.59 0.62 0.65 0.67 0.7  0.74 0.89 0.95 1.15 1.24 1.27 1.29 1.34
 1.38 1.4  1.43 1.43 1.46 1.47 1.52 1.56 1.63 1.65 1.67 1.71 1.76 1.84
 1.84 1.84 1.84 1.87 1.88 1.9  1.94 1.94 1.96 1.98 1.99 2.05 2.12 2.14
 2.19 2.25 2.3  2.48 2.56 2.7  2.81 2.83 2.85 3.   3.08 3.19 3.24 3.32
 3.33 3.92 4.53 4.82]
var: 0.8567082222222218
| [0m8        [0m | [0m1.951    [0m | [0m0.1288   [0m | [0m46.58    [0m | [0m0.05245  [0m |
[0.04 0.05 0.06 0.07 0.08 0.12 0.12 0.16 0.17 0.18 0.21 0.26 0.26 0.28
 0.29 0.32 0.32 0.33 0.42 0.46 0.51 0.53 0.55 0.65 0.66 0.69 0.71 0.72
 0.75 0.77 0.77 0.78 0.8  0.8  0.83 0.84 0.87 0.92 0.94 0.98 0.98 0.98
 1.06 1.06 1.1  1.12 1.19 1.21 1.32 1.37 1.37 1.5  1.52 1.65 1.77 1.83
 1.85 1.89 2.03 2.68]
var: 0.3386487500000001
| [0m9        [0m | [0m0.8125   [0m | [0m0.2916   [0m | [0m19.16    [0m | [0m2.478    [0m |
[0.09 0.14 0.14 0.16 0.27 0.28 0.28 0.36 0.47 0.51 0.51 0.56 0.58 0.59
 0.59 0.63 0.64 0.65 0.66 0.68 0.71 0.73 0.74 0.78 0.79 0.81 0.87 0.88
 0.89 0.91 0.91 0.91 0.93 0.93 0.95 0.96 0.97 1.02 1.02 1.02 1.09 1.11
 1.16 1.16 1.19 1.2  1.21 1.28 1.31 1.31 1.35 1.4  1.48 1.51 1.66 1.75
 1.79 2.02 2.04 2.31]
var: 0.23186430555555557
| [0m10       [0m | [0m0.9308   [0m | [0m0.2383   [0m | [0m20.42    [0m | [0m1.744    [0m |
[0.   0.01 0.09 0.12 0.15 0.16 0.21 0.21 0.24 0.25 0.3  0.32 0.39 0.39
 0.49 0.54 0.54 0.55 0.6  0.61 0.68 0.71 0.75 0.77 0.78 0.78 0.78 0.81
 0.82 0.86 0.89 0.9  0.92 0.96 0.98 1.01 1.01 1.05 1.06 1.06 1.28 1.29
 1.29 1.33 1.35 1.36 1.36 1.42 1.43 1.43 1.44 1.52 1.57 1.69 1.72 1.86
 1.99 2.04 2.35 4.71]
var: 0.5378098888888887
| [0m11       [0m | [0m0.9697   [0m | [0m0.0872   [0m | [0m9.031    [0m | [0m2.274    [0m |
[0.   0.01 0.08 0.09 0.11 0.11 0.11 0.12 0.17 0.19 0.22 0.23 0.26 0.27
 0.27 0.27 0.28 0.28 0.3  0.31 0.38 0.39 0.4  0.43 0.47 0.49 0.5  0.52
 0.53 0.54 0.55 0.56 0.63 0.64 0.65 0.66 0.68 0.69 0.73 0.79 0.84 0.87
 0.9  0.93 0.98 1.06 1.17 1.23 1.32 1.33 1.49 1.54 1.54 1.68 1.79 1.92
 2.04 2.05 2.05 2.49]
var: 0.3672014166666669
| [0m12       [0m | [0m0.7355   [0m | [0m0.1083   [0m | [0m3.855    [0m | [0m0.9353   [0m |
[0.05 0.49 0.59 0.7  0.75 0.8  0.84 0.93 0.97 1.01 1.08 1.08 1.14 1.21
 1.24 1.32 1.38 1.42 1.49 1.51 1.51 1.53 1.54 1.55 1.6  1.61 1.65 1.68
 1.73 1.76 1.77 1.92 1.97 2.   2.06 2.07 2.08 2.09 2.15 2.15 2.16 2.18
 2.19 2.21 2.31 2.31 2.37 2.5  2.51 2.64 2.66 2.73 2.8  2.87 2.87 2.94
 3.14 3.87 4.12 5.22]
var: 0.8087198888888877
| [0m13       [0m | [0m1.884    [0m | [0m0.01123  [0m | [0m21.78    [0m | [0m0.567    [0m |
[0.   0.03 0.05 0.07 0.08 0.21 0.22 0.25 0.35 0.35 0.39 0.39 0.41 0.5
 0.58 0.6  0.6  0.61 0.61 0.65 0.72 0.74 0.76 0.77 0.82 0.82 0.87 0.88
 0.92 0.92 0.92 1.   1.1  1.12 1.13 1.19 1.22 1.22 1.23 1.31 1.35 1.35
 1.35 1.42 1.46 1.5  1.51 1.54 1.57 1.57 1.59 2.01 2.2  2.38 2.47 2.93
 3.32 3.42 3.45 3.78]
var: 0.7774232222222228
| [0m14       [0m | [0m1.146    [0m | [0m0.02735  [0m | [0m9.304    [0m | [0m1.133    [0m |
[0.   0.02 0.04 0.08 0.12 0.15 0.15 0.15 0.18 0.18 0.18 0.2  0.2  0.21
 0.25 0.25 0.25 0.25 0.32 0.32 0.34 0.36 0.36 0.37 0.39 0.48 0.51 0.53
 0.55 0.55 0.57 0.6  0.62 0.64 0.67 0.68 0.69 0.69 0.78 0.8  0.84 0.88
 0.94 0.95 0.99 1.02 1.02 1.03 1.1  1.13 1.15 1.15 1.18 1.19 1.35 1.37
 1.5  1.51 1.76 2.64]
var: 0.2529332222222222
| [0m15       [0m | [0m0.6563   [0m | [0m0.2207   [0m | [0m30.82    [0m | [0m1.179    [0m |
[0.   0.   0.02 0.03 0.07 0.09 0.17 0.21 0.23 0.26 0.29 0.31 0.32 0.37
 0.38 0.39 0.4  0.43 0.45 0.49 0.51 0.54 0.57 0.58 0.59 0.59 0.61 0.61
 0.63 0.63 0.63 0.65 0.65 0.69 0.71 0.76 0.78 0.82 0.82 0.84 0.88 0.94
 0.98 0.99 0.99 1.01 1.05 1.06 1.08 1.1  1.16 1.17 1.23 1.23 1.27 1.29
 1.34 1.65 1.81 2.07]
var: 0.1987276666666669
| [0m16       [0m | [0m0.707    [0m | [0m0.2346   [0m | [0m39.18    [0m | [0m2.008    [0m |
[0.01 0.07 0.08 0.09 0.17 0.18 0.28 0.32 0.35 0.36 0.37 0.41 0.49 0.51
 0.58 0.59 0.62 0.67 0.68 0.69 0.69 0.69 0.7  0.71 0.72 0.73 0.73 0.73
 0.74 0.79 0.79 0.79 0.81 0.81 0.82 0.84 0.87 0.93 0.96 0.98 1.   1.02
 1.04 1.09 1.14 1.16 1.16 1.16 1.18 1.24 1.3  1.31 1.4  1.6  1.7  1.85
 1.9  1.99 2.18 3.83]
var: 0.37293888888888893
| [0m17       [0m | [0m0.8933   [0m | [0m0.1219   [0m | [0m22.2     [0m | [0m2.306    [0m |
[0.   0.01 0.02 0.04 0.06 0.08 0.08 0.09 0.14 0.15 0.16 0.18 0.18 0.2
 0.24 0.25 0.25 0.28 0.32 0.34 0.35 0.4  0.43 0.44 0.49 0.5  0.5  0.52
 0.52 0.56 0.57 0.58 0.63 0.63 0.68 0.7  0.71 0.74 0.75 0.76 0.76 0.79
 0.82 0.82 0.87 0.91 0.91 0.94 0.97 1.   1.05 1.09 1.09 1.1  1.12 1.13
 1.28 1.56 2.95 3.03]
var: 0.3250848888888892
| [0m18       [0m | [0m0.6453   [0m | [0m0.2279   [0m | [0m43.32    [0m | [0m2.489    [0m |
[0.   0.   0.   0.   0.11 0.11 0.16 0.16 0.18 0.2  0.2  0.21 0.32 0.33
 0.33 0.38 0.38 0.4  0.41 0.43 0.44 0.47 0.48 0.5  0.56 0.56 0.58 0.59
 0.6  0.61 0.68 0.7  0.71 0.74 0.76 0.81 0.82 0.82 0.83 0.84 0.89 0.91
 0.95 0.96 0.98 0.98 1.   1.   1.04 1.09 1.18 1.23 1.28 1.36 1.45 1.5
 1.58 1.61 1.73 1.75]
var: 0.20936600000000016
| [0m19       [0m | [0m0.698    [0m | [0m0.1506   [0m | [0m29.91    [0m | [0m2.179    [0m |
[0.03 0.04 0.05 0.08 0.1  0.1  0.12 0.12 0.16 0.2  0.25 0.27 0.31 0.35
 0.41 0.42 0.46 0.46 0.49 0.51 0.56 0.56 0.57 0.62 0.64 0.64 0.67 0.7
 0.7  0.72 0.84 0.87 0.93 0.93 0.95 0.99 1.   1.05 1.06 1.07 1.08 1.14
 1.17 1.21 1.23 1.23 1.31 1.32 1.32 1.4  1.67 1.81 1.91 2.01 2.05 2.22
 2.27 2.59 2.65 3.41]
var: 0.531855555555556
| [0m20       [0m | [0m0.9333   [0m | [0m0.003352 [0m | [0m40.86    [0m | [0m1.974    [0m |
[0.06 0.08 0.09 0.15 0.24 0.27 0.29 0.32 0.32 0.43 0.45 0.48 0.51 0.51
 0.58 0.59 0.64 0.65 0.65 0.65 0.69 0.71 0.71 0.74 0.74 0.76 0.76 0.78
 0.79 0.79 0.81 0.83 0.84 0.84 0.86 0.87 0.88 0.92 0.93 0.98 1.02 1.05
 1.09 1.1  1.13 1.15 1.15 1.2  1.2  1.21 1.23 1.25 1.26 1.27 1.31 1.37
 1.42 1.62 1.82 2.21]
var: 0.17797541666666677
| [0m21       [0m | [0m0.8375   [0m | [0m0.2614   [0m | [0m6.278    [0m | [0m2.675    [0m |
[0.08 0.38 0.45 0.47 0.51 0.55 0.6  0.6  0.61 0.63 0.66 0.67 0.69 0.7
 0.74 0.75 0.75 0.76 0.77 0.78 0.89 0.92 1.01 1.07 1.11 1.12 1.17 1.17
 1.18 1.18 1.22 1.25 1.26 1.26 1.32 1.34 1.36 1.45 1.47 1.47 1.54 1.55
 1.55 1.58 1.59 1.65 1.72 1.76 1.79 1.81 1.83 1.84 1.96 1.98 2.04 2.47
 2.59 2.87 3.34 4.18]
var: 0.5357383055555556
| [0m22       [0m | [0m1.3      [0m | [0m0.2857   [0m | [0m27.17    [0m | [0m0.2237   [0m |
[0.03 0.07 0.09 0.1  0.1  0.1  0.11 0.17 0.17 0.19 0.19 0.21 0.22 0.24
 0.24 0.26 0.26 0.27 0.27 0.28 0.3  0.3  0.33 0.33 0.34 0.35 0.35 0.39
 0.39 0.39 0.4  0.4  0.4  0.41 0.41 0.45 0.46 0.49 0.49 0.5  0.54 0.54
 0.55 0.56 0.58 0.61 0.62 0.63 0.66 0.66 0.67 0.68 0.68 0.68 0.69 0.7
 0.8  0.85 0.98 1.08]
var: 0.05312830555555559
| [0m23       [0m | [0m0.4202   [0m | [0m0.05577  [0m | [0m0.3945   [0m | [0m1.004    [0m |
[0.05 0.05 0.08 0.18 0.18 0.21 0.22 0.27 0.33 0.42 0.42 0.44 0.48 0.5
 0.5  0.51 0.64 0.64 0.65 0.66 0.66 0.67 0.68 0.68 0.7  0.72 0.73 0.76
 0.8  0.82 0.83 0.83 0.85 0.89 0.96 0.98 0.99 1.02 1.07 1.09 1.1  1.15
 1.15 1.2  1.24 1.25 1.26 1.27 1.29 1.44 1.47 1.48 1.48 1.66 1.67 1.78
 1.8  1.92 1.96 2.  ]
var: 0.2528980833333335
| [0m24       [0m | [0m0.8955   [0m | [0m0.2101   [0m | [0m16.65    [0m | [0m0.8685   [0m |
[0.23 0.26 0.35 0.54 0.55 0.57 0.57 0.6  0.64 0.65 0.66 0.82 0.89 0.94
 0.99 1.18 1.22 1.25 1.26 1.27 1.29 1.29 1.33 1.35 1.4  1.42 1.43 1.44
 1.45 1.48 1.49 1.51 1.53 1.57 1.58 1.59 1.72 1.72 1.73 1.75 1.75 1.75
 1.81 1.83 1.84 1.84 1.91 1.94 2.   2.   2.19 2.24 2.24 2.38 2.45 2.54
 2.71 2.85 3.02 3.03]
var: 0.44761363888888916
| [0m25       [0m | [0m1.497    [0m | [0m0.1549   [0m | [0m43.64    [0m | [0m0.03378  [0m |
[0.   0.01 0.05 0.07 0.15 0.15 0.21 0.22 0.31 0.32 0.39 0.41 0.43 0.57
 0.6  0.6  0.62 0.62 0.64 0.68 0.7  0.72 0.75 0.76 0.77 0.79 0.81 0.82
 0.83 0.87 0.92 0.95 0.97 0.97 0.98 0.98 1.01 1.04 1.07 1.08 1.2  1.21
 1.21 1.22 1.22 1.27 1.28 1.32 1.33 1.36 1.41 1.45 1.46 1.46 1.52 1.69
 1.92 2.36 2.63 2.77]
var: 0.3408714166666671
| [0m26       [0m | [0m0.9355   [0m | [0m0.1829   [0m | [0m33.04    [0m | [0m1.546    [0m |
[0.06 0.07 0.08 0.1  0.11 0.13 0.15 0.17 0.17 0.18 0.2  0.21 0.22 0.25
 0.27 0.31 0.32 0.33 0.33 0.34 0.34 0.34 0.36 0.36 0.37 0.37 0.39 0.4
 0.41 0.53 0.53 0.54 0.55 0.6  0.61 0.64 0.64 0.66 0.69 0.72 0.74 0.8
 0.81 0.82 0.82 0.84 0.87 0.92 0.93 0.94 1.2  1.21 1.25 1.27 1.33 1.34
 1.45 1.46 1.64 2.13]
var: 0.20172322222222244
| [0m27       [0m | [0m0.6137   [0m | [0m0.2464   [0m | [0m3.204    [0m | [0m0.6052   [0m |
[0.06 0.08 0.11 0.19 0.23 0.24 0.26 0.29 0.38 0.41 0.43 0.5  0.55 0.59
 0.59 0.6  0.6  0.7  0.72 0.73 0.76 0.76 0.77 0.78 0.8  0.81 0.85 0.87
 0.9  0.9  0.94 0.95 0.98 0.98 1.01 1.05 1.06 1.11 1.12 1.12 1.13 1.13
 1.16 1.17 1.17 1.23 1.23 1.27 1.28 1.3  1.3  1.31 1.31 1.46 1.5  1.61
 1.67 1.73 1.84 2.66]
var: 0.23098955555555606
| [0m28       [0m | [0m0.9207   [0m | [0m0.2642   [0m | [0m21.01    [0m | [0m2.509    [0m |
[0.05 0.07 0.08 0.08 0.1  0.17 0.17 0.18 0.25 0.25 0.26 0.29 0.31 0.34
 0.36 0.41 0.46 0.5  0.52 0.55 0.55 0.56 0.58 0.6  0.6  0.63 0.65 0.69
 0.7  0.7  0.73 0.74 0.75 0.81 0.88 0.89 0.93 0.93 0.98 1.05 1.07 1.07
 1.16 1.21 1.21 1.24 1.29 1.3  1.33 1.38 1.39 1.52 1.6  1.63 1.66 1.74
 1.75 1.94 2.23 3.05]
var: 0.35776266666666723
| [0m29       [0m | [0m0.852    [0m | [0m0.2122   [0m | [0m17.23    [0m | [0m0.9195   [0m |
[0.   0.   0.   0.04 0.05 0.07 0.15 0.16 0.17 0.25 0.28 0.28 0.28 0.29
 0.31 0.35 0.36 0.39 0.4  0.41 0.42 0.47 0.52 0.52 0.53 0.57 0.59 0.61
 0.61 0.63 0.65 0.66 0.71 0.73 0.76 0.76 0.83 0.84 0.86 0.88 0.88 0.88
 0.89 0.93 0.97 0.98 1.01 1.01 1.01 1.04 1.11 1.13 1.18 1.25 1.3  1.35
 1.36 1.42 1.77 8.07]
var: 1.0655036388888888
| [0m30       [0m | [0m0.7822   [0m | [0m0.1078   [0m | [0m41.66    [0m | [0m2.362    [0m |
[0.29 0.54 0.55 0.6  0.62 0.63 0.65 0.65 0.69 0.75 0.75 0.84 0.85 0.85
 0.9  0.93 0.95 0.97 0.97 1.03 1.09 1.17 1.18 1.31 1.36 1.39 1.41 1.47
 1.51 1.53 1.56 1.61 1.63 1.72 1.74 1.75 1.76 1.76 1.86 1.89 1.91 1.91
 1.91 1.93 1.94 1.95 2.03 2.08 2.24 2.38 2.41 2.42 2.49 2.51 2.61 2.71
 2.81 2.89 3.25 4.06]
var: 0.5892376388888894
| [0m31       [0m | [0m1.569    [0m | [0m0.1488   [0m | [0m38.06    [0m | [0m0.2939   [0m |
[0.01 0.04 0.06 0.11 0.12 0.12 0.15 0.16 0.17 0.18 0.18 0.21 0.27 0.35
 0.38 0.39 0.45 0.48 0.48 0.51 0.51 0.54 0.56 0.58 0.6  0.64 0.68 0.71
 0.71 0.72 0.74 0.79 0.83 0.86 0.88 0.92 0.96 0.98 0.98 1.   1.01 1.01
 1.05 1.09 1.14 1.18 1.18 1.28 1.3  1.44 1.46 1.5  1.7  1.72 1.77 1.84
 1.93 1.97 2.08 3.51]
var: 0.41416030555555555
| [0m32       [0m | [0m0.8528   [0m | [0m0.2292   [0m | [0m12.99    [0m | [0m0.6175   [0m |
[0.02 0.03 0.03 0.06 0.06 0.13 0.13 0.15 0.19 0.2  0.21 0.25 0.27 0.32
 0.36 0.37 0.41 0.41 0.42 0.43 0.43 0.44 0.48 0.49 0.5  0.51 0.53 0.56
 0.63 0.66 0.67 0.68 0.68 0.69 0.74 0.84 0.87 0.9  0.9  1.01 1.11 1.12
 1.15 1.15 1.16 1.3  1.31 1.31 1.32 1.34 1.37 1.41 1.47 1.65 1.68 1.94
 1.99 2.43 2.43 4.96]
var: 0.6287312222222218
| [0m33       [0m | [0m0.8543   [0m | [0m0.2036   [0m | [0m35.65    [0m | [0m0.9179   [0m |
[0.02 0.05 0.06 0.09 0.1  0.12 0.13 0.15 0.18 0.19 0.19 0.22 0.24 0.24
 0.24 0.28 0.29 0.31 0.31 0.31 0.32 0.32 0.36 0.38 0.43 0.46 0.47 0.52
 0.54 0.62 0.64 0.65 0.67 0.68 0.69 0.71 0.71 0.75 0.76 0.79 0.8  0.82
 0.84 0.89 0.92 0.94 0.96 0.96 1.04 1.21 1.27 1.3  1.32 1.36 1.4  1.61
 1.85 1.86 1.89 2.01]
var: 0.2583873333333331
| [0m34       [0m | [0m0.674    [0m | [0m0.1778   [0m | [0m40.94    [0m | [0m2.156    [0m |
[0.05 0.08 0.08 0.1  0.12 0.16 0.16 0.17 0.25 0.28 0.3  0.3  0.33 0.33
 0.39 0.42 0.48 0.51 0.51 0.52 0.53 0.54 0.56 0.58 0.58 0.59 0.6  0.6
 0.63 0.65 0.65 0.67 0.72 0.72 0.74 0.76 0.78 0.8  0.8  0.83 0.9  0.91
 0.92 0.94 0.96 1.07 1.07 1.11 1.12 1.16 1.16 1.18 1.23 1.27 1.34 1.36
 1.51 1.55 2.34 3.34]
var: 0.3013816388888893
| [0m35       [0m | [0m0.7552   [0m | [0m0.2136   [0m | [0m4.579    [0m | [0m0.8269   [0m |
[0.47 0.53 0.54 0.57 0.58 0.59 0.6  0.62 0.62 0.64 0.68 0.7  0.76 0.81
 0.83 0.85 0.86 0.88 0.94 0.98 0.99 1.   1.04 1.05 1.1  1.1  1.11 1.12
 1.14 1.17 1.18 1.22 1.27 1.32 1.44 1.47 1.47 1.51 1.58 1.65 1.66 1.68
 1.72 1.73 1.78 1.82 1.84 1.88 1.89 1.93 1.94 2.01 2.04 2.34 2.35 2.46
 2.47 2.52 2.74 3.31]
var: 0.41217275000000053
| [0m36       [0m | [0m1.352    [0m | [0m0.1723   [0m | [0m48.42    [0m | [0m0.1527   [0m |
[0.01 0.02 0.05 0.09 0.12 0.17 0.17 0.21 0.23 0.25 0.25 0.29 0.3  0.31
 0.35 0.36 0.37 0.37 0.39 0.39 0.4  0.41 0.42 0.42 0.44 0.44 0.45 0.46
 0.47 0.47 0.47 0.48 0.49 0.49 0.49 0.5  0.5  0.51 0.51 0.52 0.52 0.56
 0.58 0.59 0.62 0.64 0.67 0.69 0.77 0.8  0.81 0.82 0.86 0.86 0.89 0.91
 0.91 1.07 1.1  1.1 ]
var: 0.06704163888888894
| [0m37       [0m | [0m0.4968   [0m | [0m0.03356  [0m | [0m0.7196   [0m | [0m2.481    [0m |
[0.   0.07 0.09 0.09 0.11 0.17 0.18 0.22 0.27 0.3  0.31 0.32 0.53 0.53
 0.54 0.56 0.56 0.58 0.59 0.6  0.6  0.61 0.65 0.67 0.69 0.71 0.72 0.73
 0.75 0.77 0.77 0.84 0.86 0.89 0.9  0.92 0.93 0.95 0.97 0.98 1.   1.01
 1.01 1.02 1.04 1.05 1.05 1.06 1.1  1.1  1.12 1.16 1.17 1.2  1.2  1.34
 1.43 1.47 1.87 2.07]
var: 0.17835555555555535
| [0m38       [0m | [0m0.7833   [0m | [0m0.2826   [0m | [0m14.04    [0m | [0m2.731    [0m |
[0.01 0.01 0.04 0.08 0.12 0.15 0.15 0.15 0.15 0.17 0.25 0.26 0.28 0.29
 0.3  0.34 0.36 0.36 0.39 0.44 0.46 0.46 0.46 0.47 0.49 0.52 0.53 0.56
 0.58 0.59 0.63 0.64 0.67 0.67 0.69 0.7  0.71 0.72 0.74 0.75 0.76 0.77
 0.78 0.8  0.8  0.83 0.88 0.88 0.9  0.91 0.92 0.95 1.   1.02 1.52 1.64
 1.74 1.75 1.78 1.98]
var: 0.20517763888888965
| [0m39       [0m | [0m0.6492   [0m | [0m0.03941  [0m | [0m47.11    [0m | [0m2.226    [0m |
[0.   0.01 0.03 0.04 0.06 0.06 0.07 0.08 0.14 0.14 0.2  0.23 0.3  0.32
 0.35 0.39 0.42 0.42 0.47 0.48 0.49 0.52 0.52 0.53 0.53 0.55 0.58 0.59
 0.6  0.63 0.63 0.63 0.65 0.68 0.7  0.71 0.71 0.72 0.87 0.87 0.91 0.94
 0.94 0.97 1.02 1.03 1.04 1.04 1.08 1.11 1.13 1.17 1.24 1.3  1.4  1.45
 1.53 1.58 1.76 1.81]
var: 0.2090247499999998
| [0m40       [0m | [0m0.6895   [0m | [0m0.1456   [0m | [0m36.36    [0m | [0m2.509    [0m |
[0.   0.03 0.06 0.13 0.13 0.15 0.23 0.24 0.29 0.31 0.32 0.38 0.47 0.49
 0.56 0.57 0.58 0.63 0.64 0.66 0.66 0.69 0.73 0.73 0.75 0.79 0.84 0.87
 0.89 0.91 0.96 1.   1.06 1.06 1.09 1.1  1.19 1.21 1.22 1.24 1.3  1.36
 1.43 1.44 1.51 1.55 1.56 1.62 1.71 1.81 1.9  1.92 1.93 2.04 2.14 2.36
 2.43 2.48 2.84 2.9 ]
var: 0.5166549722222219
| [0m41       [0m | [0m1.068    [0m | [0m0.09206  [0m | [0m21.26    [0m | [0m1.233    [0m |
[0.02 0.04 0.08 0.11 0.13 0.15 0.17 0.19 0.22 0.23 0.26 0.26 0.28 0.28
 0.33 0.36 0.4  0.42 0.44 0.45 0.47 0.47 0.49 0.51 0.56 0.61 0.64 0.64
 0.65 0.69 0.69 0.7  0.71 0.72 0.72 0.76 0.77 0.78 0.81 0.83 0.85 0.85
 0.85 0.85 0.86 0.87 0.88 0.88 0.91 0.92 0.92 0.93 1.05 1.1  1.17 1.34
 1.53 1.6  1.67 2.05]
var: 0.17215155555555617
| [0m42       [0m | [0m0.6687   [0m | [0m0.2719   [0m | [0m5.493    [0m | [0m1.349    [0m |
[0.05 0.11 0.19 0.2  0.26 0.29 0.32 0.42 0.45 0.47 0.48 0.49 0.54 0.58
 0.61 0.63 0.66 0.67 0.69 0.7  0.73 0.76 0.83 0.86 0.88 0.91 1.   1.02
 1.13 1.18 1.23 1.24 1.24 1.25 1.25 1.28 1.32 1.34 1.38 1.48 1.51 1.56
 1.59 1.61 1.67 1.67 1.72 1.74 1.76 1.78 1.83 1.95 2.04 2.08 2.1  2.12
 2.27 2.36 2.42 3.  ]
var: 0.4475183333333331
| [0m43       [0m | [0m1.165    [0m | [0m0.08314  [0m | [0m16.11    [0m | [0m0.566    [0m |
[0.   0.   0.03 0.04 0.05 0.07 0.08 0.09 0.09 0.1  0.11 0.11 0.13 0.17
 0.18 0.23 0.28 0.34 0.35 0.38 0.41 0.48 0.51 0.52 0.63 0.66 0.68 0.69
 0.7  0.72 0.75 0.77 0.81 0.82 0.83 0.84 0.84 0.89 0.89 0.94 0.98 1.04
 1.06 1.1  1.17 1.17 1.19 1.26 1.3  1.38 1.42 1.43 1.49 1.59 1.68 1.78
 2.07 2.17 2.35 3.26]
var: 0.44190722222222184
| [0m44       [0m | [0m0.8017   [0m | [0m0.2245   [0m | [0m30.72    [0m | [0m1.897    [0m |
[0.   0.01 0.02 0.06 0.06 0.07 0.09 0.09 0.13 0.14 0.16 0.18 0.25 0.25
 0.25 0.28 0.29 0.3  0.3  0.36 0.43 0.45 0.45 0.48 0.48 0.52 0.54 0.56
 0.56 0.56 0.57 0.69 0.71 0.75 0.75 0.77 0.77 0.79 0.8  0.87 0.91 0.95
 0.96 0.97 0.97 0.99 1.   1.03 1.09 1.1  1.13 1.19 1.2  1.39 1.83 2.14
 2.16 2.33 2.45 2.93]
var: 0.4100483055555553
| [0m45       [0m | [0m0.7418   [0m | [0m0.2523   [0m | [0m45.08    [0m | [0m1.748    [0m |
[0.5  0.72 0.87 0.88 1.05 1.15 1.25 1.41 1.42 1.45 1.46 1.73 1.74 1.8
 1.81 2.01 2.03 2.07 2.1  2.19 2.19 2.25 2.26 2.34 2.34 2.46 2.51 2.66
 2.7  2.72 2.72 2.79 2.84 2.87 2.99 3.12 3.17 3.21 3.25 3.31 3.38 3.4
 3.51 3.53 3.67 3.79 3.83 3.85 3.88 3.9  4.04 4.05 4.09 4.14 4.15 4.17
 4.34 4.42 4.58 5.28]
var: 1.2405923333333333
| [95m46       [0m | [95m2.739    [0m | [95m0.009366 [0m | [95m15.07    [0m | [95m0.0571   [0m |
[0.01 0.06 0.12 0.13 0.17 0.22 0.3  0.31 0.31 0.31 0.31 0.32 0.33 0.33
 0.33 0.33 0.39 0.4  0.4  0.45 0.51 0.52 0.52 0.53 0.55 0.58 0.59 0.61
 0.61 0.63 0.63 0.64 0.67 0.69 0.71 0.75 0.78 0.78 0.79 0.79 0.8  0.83
 0.86 0.88 0.88 0.89 0.9  0.93 1.09 1.09 1.14 1.14 1.15 1.19 1.21 1.25
 1.44 1.75 2.06 2.45]
var: 0.21002455555555566
| [0m47       [0m | [0m0.7057   [0m | [0m0.2899   [0m | [0m14.82    [0m | [0m0.01607  [0m |
[0.36 0.62 0.63 0.64 0.66 0.71 0.84 0.91 0.97 1.   1.02 1.06 1.08 1.09
 1.12 1.15 1.24 1.25 1.28 1.3  1.32 1.32 1.33 1.35 1.4  1.42 1.42 1.48
 1.53 1.59 1.64 1.65 1.7  1.74 1.76 1.78 1.82 1.84 1.86 1.88 1.91 1.92
 1.94 1.95 1.97 2.12 2.31 2.39 2.45 2.45 2.45 2.5  2.65 2.76 3.36 3.5
 3.61 3.63 3.99 4.17]
var: 0.7323060833333332
| [0m48       [0m | [0m1.747    [0m | [0m0.08582  [0m | [0m42.07    [0m | [0m0.2732   [0m |
[0.01 0.03 0.04 0.08 0.1  0.11 0.14 0.15 0.18 0.25 0.26 0.27 0.31 0.34
 0.35 0.35 0.37 0.43 0.48 0.49 0.51 0.54 0.56 0.58 0.59 0.66 0.71 0.74
 0.74 0.86 0.91 0.92 1.1  1.11 1.12 1.16 1.16 1.21 1.27 1.32 1.52 1.77
 1.79 1.83 1.85 1.89 1.95 2.19 2.42 2.42 2.46 2.61 2.93 2.94 3.03 3.1
 3.56 3.7  4.16 4.38]
var: 1.267124972222223
| [0m49       [0m | [0m1.25     [0m | [0m1e-08    [0m | [0m15.22    [0m | [0m0.09437  [0m |
[0.04 0.05 0.12 0.14 0.17 0.23 0.25 0.29 0.31 0.32 0.34 0.35 0.36 0.42
 0.42 0.43 0.44 0.5  0.51 0.52 0.53 0.53 0.56 0.59 0.6  0.61 0.63 0.66
 0.68 0.69 0.72 0.73 0.76 0.79 0.82 0.83 0.94 0.94 0.95 1.06 1.08 1.1
 1.2  1.24 1.34 1.38 1.38 1.4  1.44 1.46 1.46 1.47 1.62 1.69 1.79 1.82
 1.86 2.01 2.11 2.3 ]
var: 0.31835988888888855
| [0m50       [0m | [0m0.8663   [0m | [0m0.2505   [0m | [0m21.11    [0m | [0m0.5235   [0m |
[0.12 0.26 0.39 0.5  0.64 0.67 0.7  0.72 0.74 0.77 0.78 0.79 0.8  0.84
 0.84 0.86 0.86 0.87 0.87 0.9  0.91 0.94 1.   1.02 1.06 1.1  1.17 1.17
 1.17 1.19 1.2  1.21 1.23 1.23 1.24 1.25 1.33 1.36 1.39 1.43 1.54 1.55
 1.55 1.57 1.59 1.59 1.6  1.63 1.63 1.8  1.8  1.85 1.88 1.88 1.9  2.12
 2.36 2.56 2.87 2.99]
var: 0.3341576666666669
| [0m51       [0m | [0m1.263    [0m | [0m0.002388 [0m | [0m15.07    [0m | [0m0.02276  [0m |
[0.13 0.25 0.34 0.37 0.38 0.39 0.4  0.47 0.5  0.54 0.54 0.56 0.62 0.65
 0.67 0.81 0.83 0.84 0.86 0.86 0.89 0.9  0.98 1.04 1.04 1.15 1.21 1.33
 1.34 1.36 1.4  1.45 1.49 1.67 1.68 1.72 1.76 1.76 1.82 1.86 2.   2.03
 2.06 2.07 2.09 2.14 2.15 2.18 2.49 2.61 2.61 2.62 2.7  2.84 3.21 3.26
 3.44 3.45 3.92 3.95]
var: 0.9530148888888892
| [0m52       [0m | [0m1.545    [0m | [0m0.002456 [0m | [0m15.46    [0m | [0m1.381    [0m |
[0.04 0.07 0.08 0.21 0.21 0.24 0.29 0.29 0.3  0.32 0.33 0.35 0.4  0.41
 0.43 0.43 0.44 0.46 0.47 0.47 0.47 0.5  0.5  0.54 0.55 0.55 0.57 0.58
 0.58 0.59 0.62 0.63 0.63 0.64 0.64 0.64 0.73 0.73 0.76 0.78 0.81 1.
 1.02 1.03 1.06 1.15 1.21 1.22 1.22 1.24 1.28 1.29 1.37 1.46 1.66 1.88
 2.1  2.11 2.34 2.77]
var: 0.3300949722222227
| [0m53       [0m | [0m0.7948   [0m | [0m0.2959   [0m | [0m8.475    [0m | [0m0.7343   [0m |
[0.   0.   0.   0.01 0.02 0.03 0.04 0.05 0.07 0.09 0.14 0.16 0.19 0.27
 0.32 0.32 0.33 0.37 0.39 0.43 0.45 0.49 0.53 0.56 0.58 0.59 0.61 0.63
 0.65 0.66 0.7  0.71 0.72 0.72 0.74 0.76 0.78 0.8  0.82 0.86 0.89 0.93
 0.96 0.99 0.99 1.04 1.04 1.07 1.08 1.12 1.16 1.16 1.17 1.2  1.23 1.46
 1.47 1.57 1.75 2.61]
var: 0.25602822222222216
| [0m54       [0m | [0m0.6913   [0m | [0m0.2822   [0m | [0m43.27    [0m | [0m1.576    [0m |
[0.04 0.05 0.06 0.24 0.31 0.34 0.4  0.42 0.44 0.46 0.57 0.63 0.66 0.67
 0.68 0.73 0.74 0.78 0.79 0.84 0.86 0.86 0.87 0.9  0.91 0.92 0.95 0.96
 0.97 1.04 1.06 1.07 1.07 1.07 1.22 1.25 1.26 1.31 1.33 1.37 1.42 1.43
 1.47 1.53 1.57 1.58 1.62 1.66 1.67 1.73 1.77 1.8  1.83 1.93 2.04 2.06
 2.06 2.26 2.3  2.92]
var: 0.37394097222222206
| [0m55       [0m | [0m1.129    [0m | [0m0.1385   [0m | [0m46.62    [0m | [0m0.02046  [0m |
[0.   0.06 0.11 0.16 0.2  0.23 0.24 0.29 0.33 0.33 0.39 0.43 0.47 0.47
 0.51 0.53 0.55 0.56 0.56 0.57 0.6  0.6  0.7  0.72 0.75 0.75 0.77 0.78
 0.82 0.85 0.89 0.89 0.89 0.9  0.9  0.93 0.95 0.98 0.99 1.   1.   1.01
 1.15 1.18 1.22 1.22 1.32 1.48 1.5  1.53 1.67 1.69 1.73 1.77 1.77 1.79
 1.83 2.2  2.28 2.67]
var: 0.34079122222222236
| [0m56       [0m | [0m0.9277   [0m | [0m0.08841  [0m | [0m39.93    [0m | [0m1.417    [0m |
[0.56 0.62 0.71 0.8  0.87 0.87 0.87 0.91 0.94 0.95 0.95 1.02 1.02 1.11
 1.12 1.19 1.21 1.23 1.23 1.3  1.34 1.34 1.36 1.37 1.41 1.44 1.47 1.47
 1.5  1.56 1.57 1.6  1.61 1.61 1.66 1.68 1.71 1.73 1.76 1.79 1.79 1.84
 1.85 1.89 1.9  1.93 2.01 2.04 2.06 2.09 2.1  2.13 2.13 2.32 2.34 2.5
 2.51 2.54 2.69 2.73]
var: 0.2858576388888889
| [0m57       [0m | [0m1.564    [0m | [0m0.1761   [0m | [0m43.68    [0m | [0m0.03142  [0m |
[0.43 0.5  0.57 0.6  0.61 0.62 0.64 0.72 0.73 0.73 0.75 0.78 0.79 0.83
 0.94 0.96 0.96 0.97 0.98 1.   1.09 1.12 1.17 1.19 1.25 1.27 1.31 1.31
 1.31 1.34 1.34 1.36 1.4  1.43 1.51 1.56 1.56 1.57 1.58 1.76 1.79 1.86
 1.86 1.89 1.93 1.93 1.97 2.03 2.1  2.13 2.15 2.18 2.2  2.23 2.29 2.34
 2.41 2.6  2.82 3.1 ]
var: 0.40075097222222245
| [0m58       [0m | [0m1.439    [0m | [0m0.1365   [0m | [0m38.04    [0m | [0m0.2771   [0m |
[0.02 0.07 0.08 0.09 0.11 0.13 0.21 0.23 0.27 0.4  0.42 0.65 0.66 0.68
 0.68 0.74 0.75 0.84 0.96 1.   1.03 1.19 1.19 1.24 1.29 1.29 1.38 1.39
 1.4  1.41 1.5  1.59 1.59 1.69 1.71 1.74 1.83 1.84 1.86 1.87 1.93 1.99
 2.05 2.06 2.07 2.07 2.13 2.17 2.18 2.23 2.33 2.35 2.43 2.87 2.89 3.03
 3.2  3.3  3.55 3.58]
var: 0.8662580833333333
| [0m59       [0m | [0m1.491    [0m | [0m0.05158  [0m | [0m21.76    [0m | [0m0.5635   [0m |
[0.02 0.03 0.04 0.05 0.07 0.12 0.17 0.18 0.2  0.24 0.25 0.25 0.35 0.37
 0.37 0.38 0.41 0.44 0.48 0.49 0.51 0.53 0.53 0.63 0.63 0.63 0.66 0.67
 0.68 0.69 0.72 0.73 0.73 0.74 0.75 0.76 0.79 0.79 0.84 0.86 0.92 0.95
 0.95 1.   1.01 1.1  1.15 1.16 1.16 1.17 1.18 1.22 1.23 1.26 1.31 1.31
 1.5  1.77 2.4  2.59]
var: 0.2680126666666668
| [0m60       [0m | [0m0.752    [0m | [0m0.2632   [0m | [0m28.97    [0m | [0m2.023    [0m |
[0.48 0.55 0.56 0.56 0.58 0.58 0.66 0.79 0.86 0.86 0.93 1.01 1.07 1.12
 1.15 1.2  1.21 1.22 1.22 1.26 1.29 1.32 1.34 1.4  1.4  1.42 1.46 1.49
 1.51 1.56 1.59 1.62 1.62 1.62 1.66 1.7  1.73 1.75 1.76 1.77 1.81 1.83
 1.84 1.9  1.93 1.96 2.03 2.07 2.07 2.08 2.16 2.37 2.53 2.61 2.63 2.8
 2.94 3.09 3.19 3.34]
var: 0.46952900000000014
| [0m61       [0m | [0m1.601    [0m | [0m0.08063  [0m | [0m46.63    [0m | [0m0.08457  [0m |
[0.   0.02 0.05 0.06 0.07 0.1  0.1  0.1  0.11 0.12 0.14 0.14 0.18 0.24
 0.26 0.26 0.26 0.26 0.28 0.29 0.32 0.35 0.43 0.46 0.48 0.51 0.55 0.58
 0.6  0.7  0.71 0.73 0.73 0.8  0.84 0.86 0.88 0.88 0.9  0.9  0.94 0.95
 0.95 1.03 1.04 1.05 1.07 1.08 1.21 1.24 1.28 1.3  1.38 1.39 1.4  1.51
 1.66 2.23 2.52 3.55]
var: 0.4265447500000008
| [0m62       [0m | [0m0.7505   [0m | [0m0.008367 [0m | [0m41.46    [0m | [0m2.255    [0m |
[0.01 0.08 0.18 0.19 0.23 0.27 0.34 0.36 0.46 0.47 0.55 0.64 0.65 0.66
 0.66 0.66 0.67 0.75 0.78 0.78 0.79 0.8  0.8  0.82 0.83 0.87 0.88 0.9
 0.95 0.95 1.03 1.09 1.21 1.22 1.23 1.24 1.25 1.26 1.28 1.39 1.42 1.5
 1.63 1.66 1.72 1.89 1.96 2.   2.05 2.09 2.16 2.21 2.21 2.3  2.67 2.68
 2.71 2.87 3.01 3.75]
var: 0.6727647499999997
| [0m63       [0m | [0m1.245    [0m | [0m0.03867  [0m | [0m15.52    [0m | [0m1.403    [0m |
[0.09 0.14 0.26 0.29 0.32 0.42 0.45 0.48 0.53 0.61 0.64 0.66 0.67 0.68
 0.69 0.79 0.87 0.9  0.97 0.97 0.98 0.99 1.03 1.09 1.1  1.18 1.23 1.31
 1.37 1.44 1.49 1.51 1.54 1.55 1.63 1.73 1.75 1.9  1.91 1.92 1.93 1.96
 1.99 2.24 2.38 2.46 2.48 2.49 2.5  2.58 3.13 3.5  3.51 3.83 3.92 4.12
 4.58 4.66 4.85 7.01]
var: 1.8837733333333324
| [0m64       [0m | [0m1.77     [0m | [0m0.04641  [0m | [0m21.79    [0m | [0m0.5254   [0m |
[0.67 0.67 0.69 0.75 0.76 0.98 1.03 1.12 1.21 1.31 1.31 1.33 1.44 1.44
 1.46 1.47 1.51 1.55 1.56 1.6  1.62 1.78 1.78 1.81 1.83 1.91 1.93 1.93
 1.95 1.97 1.97 2.02 2.14 2.22 2.22 2.22 2.34 2.35 2.37 2.4  2.41 2.42
 2.48 2.5  2.55 2.56 2.69 2.71 2.87 2.93 3.   3.14 3.21 3.24 3.36 3.46
 3.51 3.62 3.68 4.79]
var: 0.7407476388888886
| [0m65       [0m | [0m2.096    [0m | [0m0.09584  [0m | [0m46.58    [0m | [0m0.03803  [0m |
[0.03 0.07 0.07 0.1  0.14 0.15 0.18 0.21 0.22 0.25 0.26 0.27 0.31 0.33
 0.35 0.39 0.42 0.43 0.43 0.47 0.51 0.53 0.54 0.56 0.58 0.61 0.62 0.68
 0.72 0.72 0.73 0.75 0.76 0.76 0.77 0.79 0.8  0.81 1.02 1.09 1.1  1.13
 1.13 1.14 1.15 1.16 1.17 1.18 1.18 1.21 1.25 1.33 1.33 1.41 1.6  1.69
 1.74 1.88 1.93 2.43]
var: 0.27830697222222245
| [0m66       [0m | [0m0.7928   [0m | [0m0.2089   [0m | [0m5.453    [0m | [0m1.411    [0m |
[0.01 0.03 0.05 0.06 0.06 0.06 0.07 0.15 0.16 0.16 0.2  0.21 0.21 0.21
 0.21 0.23 0.23 0.23 0.23 0.27 0.29 0.34 0.37 0.45 0.46 0.46 0.47 0.48
 0.51 0.53 0.58 0.58 0.61 0.66 0.72 0.75 0.76 0.76 0.79 0.81 0.81 0.81
 0.83 0.91 0.98 0.99 0.99 1.06 1.07 1.09 1.11 1.17 1.34 1.37 1.37 1.4
 1.41 1.46 1.55 1.99]
var: 0.21854474999999982
| [0m67       [0m | [0m0.6355   [0m | [0m0.2498   [0m | [0m45.64    [0m | [0m1.944    [0m |
[0.05 0.1  0.11 0.13 0.14 0.39 0.4  0.4  0.42 0.43 0.44 0.45 0.48 0.62
 0.65 0.66 0.68 0.72 0.75 0.8  0.89 0.92 0.94 0.95 0.97 1.   1.01 1.01
 1.05 1.08 1.12 1.15 1.16 1.18 1.2  1.21 1.22 1.27 1.28 1.28 1.3  1.39
 1.4  1.43 1.43 1.44 1.46 1.6  1.64 1.68 1.77 1.79 1.88 2.04 2.1  2.17
 2.22 2.25 2.29 2.98]
var: 0.394753638888889
| [0m68       [0m | [0m1.116    [0m | [0m0.1754   [0m | [0m43.68    [0m | [0m0.01963  [0m |
[0.52 0.6  0.61 0.65 0.66 0.74 0.88 0.88 1.01 1.05 1.15 1.22 1.23 1.28
 1.29 1.34 1.34 1.46 1.59 1.62 1.63 1.68 1.74 1.79 1.88 1.91 1.93 1.95
 1.96 1.97 2.   2.02 2.04 2.07 2.09 2.11 2.2  2.24 2.28 2.33 2.38 2.47
 2.48 2.49 2.55 2.58 2.62 2.64 2.64 2.91 3.04 3.09 3.22 3.32 3.35 3.43
 3.56 3.88 3.93 4.47]
var: 0.8233116388888884
| [0m69       [0m | [0m2.033    [0m | [0m0.09763  [0m | [0m46.56    [0m | [0m0.05297  [0m |
[0.21 0.23 0.24 0.53 0.81 0.83 0.83 0.94 1.02 1.14 1.16 1.18 1.22 1.22
 1.24 1.26 1.27 1.29 1.33 1.35 1.4  1.41 1.43 1.45 1.45 1.48 1.49 1.51
 1.51 1.52 1.53 1.53 1.55 1.55 1.56 1.56 1.57 1.63 1.64 1.64 1.64 1.69
 1.84 1.84 1.86 1.87 1.88 1.96 1.97 2.01 2.07 2.08 2.14 2.54 2.55 2.56
 2.69 2.78 2.91 3.2 ]
var: 0.3677949722222222
| [0m70       [0m | [0m1.563    [0m | [0m0.1128   [0m | [0m46.56    [0m | [0m0.03097  [0m |
[0.08 0.18 0.26 0.41 0.51 0.63 0.65 0.67 0.68 0.69 0.75 0.78 0.81 0.87
 0.95 0.95 1.02 1.04 1.08 1.15 1.26 1.28 1.29 1.29 1.42 1.42 1.43 1.51
 1.53 1.53 1.57 1.58 1.58 1.63 1.65 1.71 1.82 1.93 1.99 2.   2.02 2.11
 2.17 2.22 2.25 2.3  2.4  2.44 2.46 2.48 2.63 2.69 2.8  2.81 2.83 3.16
 3.71 3.78 3.78 4.17]
var: 0.8805749722222231
| [0m71       [0m | [0m1.68     [0m | [0m0.01157  [0m | [0m21.82    [0m | [0m0.6113   [0m |
[0.48 0.53 0.57 0.58 0.59 0.61 0.68 0.74 0.74 0.77 0.77 0.8  0.89 1.
 1.02 1.17 1.19 1.22 1.23 1.25 1.26 1.28 1.35 1.43 1.44 1.44 1.5  1.51
 1.53 1.54 1.56 1.56 1.57 1.58 1.64 1.67 1.72 1.75 1.78 1.8  1.81 1.83
 1.83 1.9  1.94 2.   2.07 2.1  2.23 2.25 2.25 2.3  2.34 2.41 2.53 2.61
 2.73 2.73 2.91 3.4 ]
var: 0.44255163888888904
| [0m72       [0m | [0m1.565    [0m | [0m0.1835   [0m | [0m43.68    [0m | [0m0.05816  [0m |
[0.03 0.15 0.15 0.16 0.19 0.23 0.24 0.26 0.29 0.31 0.32 0.44 0.48 0.48
 0.48 0.51 0.52 0.53 0.53 0.56 0.56 0.57 0.61 0.64 0.66 0.67 0.68 0.71
 0.71 0.73 0.78 0.78 0.79 0.8  0.82 0.83 0.84 0.88 0.9  0.94 0.96 1.01
 1.05 1.11 1.11 1.13 1.14 1.22 1.23 1.23 1.23 1.32 1.36 1.37 1.46 1.61
 1.62 1.7  1.79 1.99]
var: 0.2020588888888888
| [0m73       [0m | [0m0.8067   [0m | [0m0.1166   [0m | [0m5.651    [0m | [0m2.79     [0m |
[0.47 0.55 0.61 0.64 0.64 0.79 0.87 1.26 1.26 1.28 1.29 1.35 1.42 1.44
 1.45 1.49 1.5  1.5  1.5  1.54 1.6  1.63 1.66 1.76 1.77 1.78 1.79 1.81
 1.83 1.85 1.91 1.99 2.03 2.06 2.06 2.07 2.08 2.14 2.2  2.3  2.43 2.48
 2.49 2.49 2.54 2.58 2.67 2.72 2.9  2.95 3.14 3.2  3.21 3.45 3.47 3.48
 3.88 4.14 4.18 4.25]
var: 0.8492798888888894
| [0m74       [0m | [0m2.064    [0m | [0m0.03693  [0m | [0m46.64    [0m | [0m0.06717  [0m |
[0.37 0.67 0.69 0.79 0.82 0.89 0.92 1.1  1.14 1.28 1.3  1.3  1.33 1.38
 1.38 1.39 1.44 1.46 1.47 1.49 1.5  1.6  1.6  1.61 1.62 1.65 1.75 1.76
 1.91 1.91 1.92 1.94 1.99 2.01 2.11 2.14 2.23 2.23 2.26 2.35 2.38 2.47
 2.56 2.56 2.57 2.79 2.82 2.83 2.83 2.84 2.84 2.86 3.1  3.22 3.27 3.44
 3.55 3.96 4.16 4.95]
var: 0.844368333333334
| [0m75       [0m | [0m2.045    [0m | [0m0.03129  [0m | [0m15.04    [0m | [0m0.1144   [0m |
[0.6  0.66 0.72 1.05 1.14 1.18 1.22 1.28 1.33 1.35 1.38 1.44 1.47 1.54
 1.57 1.58 1.59 1.69 1.73 1.74 1.87 1.96 2.04 2.04 2.08 2.09 2.1  2.12
 2.13 2.14 2.15 2.19 2.2  2.22 2.25 2.26 2.29 2.31 2.48 2.5  2.52 2.65
 2.72 2.97 3.1  3.13 3.17 3.24 3.44 3.49 3.5  3.5  3.62 3.74 4.01 4.17
 4.41 4.74 4.75 4.97]
var: 1.0903148888888892
| [0m76       [0m | [0m2.359    [0m | [0m0.01875  [0m | [0m15.07    [0m | [0m0.08192  [0m |
[0.37 0.48 0.5  0.5  0.56 0.64 0.7  0.7  0.75 0.78 0.81 0.82 0.82 0.85
 0.85 0.86 0.87 0.93 1.02 1.12 1.13 1.17 1.22 1.22 1.22 1.22 1.24 1.26
 1.28 1.31 1.36 1.37 1.39 1.4  1.43 1.43 1.49 1.53 1.58 1.6  1.6  1.62
 1.62 1.64 1.65 1.7  1.72 1.81 1.97 1.97 1.99 2.03 2.42 2.62 2.86 2.87
 3.13 3.19 3.37 3.52]
var: 0.5485348888888885
| [0m77       [0m | [0m1.451    [0m | [0m0.1626   [0m | [0m40.33    [0m | [0m0.1792   [0m |
[0.   0.05 0.06 0.07 0.09 0.1  0.12 0.16 0.16 0.19 0.19 0.22 0.25 0.42
 0.42 0.42 0.46 0.46 0.51 0.52 0.54 0.55 0.55 0.55 0.56 0.59 0.65 0.67
 0.68 0.7  0.71 0.75 0.75 0.78 0.81 0.86 0.86 0.88 0.99 1.   1.01 1.04
 1.04 1.06 1.1  1.13 1.14 1.22 1.24 1.26 1.35 1.37 1.38 1.44 1.45 1.51
 1.77 1.81 1.96 2.08]
var: 0.2605112222222219
| [0m78       [0m | [0m0.7777   [0m | [0m0.2096   [0m | [0m36.08    [0m | [0m1.3      [0m |
[0.02 0.02 0.03 0.07 0.1  0.16 0.16 0.22 0.22 0.24 0.24 0.27 0.34 0.43
 0.54 0.55 0.58 0.59 0.59 0.62 0.63 0.68 0.71 0.72 0.79 0.83 0.91 0.91
 0.92 0.94 0.94 0.96 0.97 1.02 1.02 1.02 1.04 1.06 1.08 1.08 1.1  1.13
 1.17 1.21 1.24 1.26 1.27 1.28 1.32 1.33 1.36 1.49 1.5  1.53 1.62 1.77
 1.89 1.91 1.97 2.36]
var: 0.29121363888888846
| [0m79       [0m | [0m0.8988   [0m | [0m0.1632   [0m | [0m22.86    [0m | [0m1.066    [0m |
[0.12 0.19 0.23 0.24 0.27 0.28 0.3  0.35 0.4  0.48 0.5  0.53 0.55 0.58
 0.61 0.62 0.62 0.64 0.66 0.7  0.72 0.76 0.76 0.78 0.8  0.81 0.83 0.85
 0.88 0.9  0.92 0.93 0.97 1.02 1.04 1.04 1.05 1.1  1.14 1.16 1.18 1.18
 1.19 1.27 1.28 1.29 1.31 1.36 1.37 1.41 1.56 1.6  1.63 1.74 1.78 1.8
 1.9  1.97 2.08 2.54]
var: 0.27142808333333324
| [0m80       [0m | [0m0.9795   [0m | [0m0.2638   [0m | [0m27.22    [0m | [0m1.502    [0m |
=============================================================
None
num_trials:  40  inits,  40  iters,  60  per
rho:  1.1
pthin:  0.70

Best VPT: 2.7390000000000003
Best result: {'a': 0.009365501467745788, 'g': 15.068584320843241, 's': 0.05709685304897275}

KERNEL: nu=1.5, lengthscale=2.0, alpha=0.0005
