|   iter    |  target   |     a     |     g     |     s     |
-------------------------------------------------------------
[0.01 0.01 0.03 0.06 0.07 0.09 0.11 0.14 0.16 0.17 0.17 0.2  0.22 0.24
 0.24 0.31 0.32 0.36 0.36 0.37 0.39 0.4  0.4  0.4  0.41 0.43 0.44 0.46
 0.5  0.52 0.52 0.53 0.54 0.59 0.6  0.62 0.65 0.66 0.73 0.74 0.75 0.8
 0.81 0.82 0.83 0.88 0.96 1.04 1.07 1.07 1.11 1.15 1.19 1.22 1.22 1.27
 1.37 1.54 1.54 1.58]
var: 0.1768227499999996
| [0m1        [0m | [0m0.6065   [0m | [0m0.204    [0m | [0m38.12    [0m | [0m2.879    [0m |
[0.01 0.03 0.07 0.07 0.08 0.12 0.14 0.14 0.17 0.2  0.21 0.22 0.3  0.33
 0.33 0.4  0.52 0.54 0.59 0.64 0.64 0.64 0.64 0.64 0.65 0.66 0.66 0.68
 0.73 0.73 0.75 0.76 0.76 0.8  0.8  0.86 0.87 0.99 1.01 1.01 1.08 1.1
 1.17 1.24 1.26 1.26 1.36 1.37 1.39 1.44 1.54 1.55 1.64 1.68 1.71 1.94
 2.03 2.15 2.47 2.9 ]
var: 0.40295697222222177
| [95m2        [0m | [95m0.8778   [0m | [95m0.1773   [0m | [95m12.34    [0m | [95m1.309    [0m |
[0.   0.   0.01 0.01 0.02 0.07 0.11 0.14 0.19 0.24 0.28 0.32 0.35 0.41
 0.41 0.41 0.42 0.44 0.45 0.46 0.46 0.48 0.49 0.51 0.53 0.53 0.55 0.56
 0.6  0.61 0.61 0.61 0.61 0.63 0.64 0.7  0.7  0.73 0.73 0.73 0.76 0.76
 0.78 0.84 0.89 0.93 0.96 0.96 0.99 1.01 1.05 1.1  1.11 1.11 1.12 1.24
 1.59 1.6  2.66 2.68]
var: 0.2682360833333336
| [0m3        [0m | [0m0.6815   [0m | [0m0.2552   [0m | [0m45.81    [0m | [0m2.064    [0m |
[0.03 0.04 0.15 0.16 0.3  0.37 0.41 0.45 0.48 0.57 0.59 0.6  0.67 0.69
 0.71 0.78 0.81 0.98 1.03 1.07 1.11 1.12 1.15 1.27 1.28 1.32 1.35 1.37
 1.37 1.38 1.44 1.46 1.48 1.53 1.53 1.56 1.57 1.58 1.59 1.59 1.6  1.63
 1.65 1.67 1.76 1.87 2.04 2.07 2.11 2.12 2.15 2.22 2.23 2.3  2.48 2.91
 3.08 3.29 3.42 3.46]
var: 0.671552222222222
| [95m4        [0m | [95m1.417    [0m | [95m0.05892  [0m | [95m17.27    [0m | [95m0.6313   [0m |
[0.   0.03 0.04 0.1  0.15 0.18 0.2  0.2  0.23 0.24 0.3  0.34 0.34 0.34
 0.35 0.36 0.37 0.38 0.41 0.42 0.43 0.46 0.54 0.58 0.6  0.6  0.61 0.61
 0.64 0.66 0.68 0.69 0.7  0.72 0.77 0.82 0.83 0.86 0.92 0.94 0.95 0.95
 1.   1.04 1.13 1.17 1.27 1.29 1.35 1.37 1.38 1.39 1.4  1.42 1.44 1.5
 1.68 1.74 1.99 2.15]
var: 0.2617343055555552
| [0m5        [0m | [0m0.7708   [0m | [0m0.2622   [0m | [0m25.99    [0m | [0m0.8577   [0m |
[0.   0.   0.04 0.04 0.05 0.05 0.07 0.08 0.13 0.17 0.19 0.2  0.2  0.25
 0.31 0.37 0.39 0.42 0.53 0.55 0.55 0.58 0.6  0.63 0.63 0.63 0.65 0.65
 0.69 0.71 0.76 0.76 0.78 0.81 0.82 0.82 0.83 0.89 0.9  0.94 0.97 0.99
 1.01 1.01 1.07 1.19 1.22 1.26 1.26 1.32 1.33 1.35 1.41 1.43 1.46 1.46
 1.5  1.78 1.81 1.87]
var: 0.2507103055555551
| [0m6        [0m | [0m0.7562   [0m | [0m0.0546   [0m | [0m22.85    [0m | [0m2.946    [0m |
[0.02 0.04 0.04 0.05 0.07 0.09 0.14 0.17 0.2  0.21 0.24 0.27 0.28 0.29
 0.31 0.32 0.35 0.4  0.4  0.43 0.54 0.54 0.6  0.63 0.63 0.65 0.66 0.69
 0.71 0.71 0.72 0.73 0.75 0.76 0.76 0.79 0.82 0.82 0.85 0.86 0.94 0.95
 0.96 0.97 0.99 1.02 1.05 1.08 1.1  1.13 1.15 1.16 1.17 1.2  1.26 1.29
 1.39 1.6  2.28 2.58]
var: 0.2510316388888887
| [0m7        [0m | [0m0.7302   [0m | [0m0.255    [0m | [0m44.99    [0m | [0m0.5586   [0m |
[0.01 0.01 0.02 0.02 0.04 0.04 0.04 0.05 0.05 0.06 0.06 0.08 0.14 0.18
 0.18 0.18 0.18 0.19 0.2  0.2  0.2  0.24 0.27 0.32 0.33 0.35 0.38 0.38
 0.39 0.39 0.4  0.41 0.42 0.43 0.43 0.46 0.46 0.47 0.5  0.52 0.54 0.6
 0.67 0.71 0.73 0.76 0.77 0.82 0.93 0.94 0.97 0.98 1.07 1.11 1.11 1.12
 1.17 1.2  1.24 1.31]
var: 0.1418503055555555
| [0m8        [0m | [0m0.4738   [0m | [0m0.1811   [0m | [0m49.81    [0m | [0m2.893    [0m |
[0.   0.   0.01 0.03 0.09 0.13 0.16 0.26 0.27 0.27 0.28 0.29 0.35 0.41
 0.46 0.47 0.47 0.5  0.51 0.56 0.58 0.62 0.64 0.65 0.66 0.66 0.67 0.69
 0.69 0.71 0.73 0.73 0.75 0.76 0.76 0.76 0.79 0.8  1.   1.05 1.06 1.06
 1.08 1.12 1.13 1.2  1.22 1.22 1.23 1.23 1.26 1.29 1.31 1.38 1.51 1.55
 1.59 1.61 1.87 1.97]
var: 0.22838830555555545
| [0m9        [0m | [0m0.7852   [0m | [0m0.1531   [0m | [0m45.49    [0m | [0m1.32     [0m |
[0.06 0.21 0.21 0.29 0.32 0.43 0.43 0.51 0.52 0.56 0.59 0.66 0.66 0.66
 0.68 0.75 0.78 0.81 0.83 0.85 1.   1.08 1.14 1.15 1.2  1.21 1.21 1.22
 1.26 1.28 1.28 1.37 1.39 1.48 1.49 1.51 1.57 1.62 1.64 1.71 1.73 1.88
 1.89 1.9  1.91 1.97 1.98 1.98 2.   2.04 2.07 2.16 2.6  2.83 3.05 3.35
 3.75 3.95 4.73 6.34]
var: 1.2839803055555568
| [95m10       [0m | [95m1.529    [0m | [95m0.06518  [0m | [95m22.36    [0m | [95m0.5231   [0m |
[0.03 0.05 0.07 0.07 0.08 0.11 0.18 0.28 0.29 0.31 0.31 0.34 0.38 0.41
 0.43 0.45 0.46 0.51 0.51 0.54 0.57 0.59 0.62 0.62 0.62 0.64 0.64 0.65
 0.69 0.69 0.74 0.76 0.78 0.85 0.89 0.89 0.9  0.92 0.93 0.96 1.01 1.03
 1.03 1.04 1.08 1.09 1.1  1.13 1.2  1.3  1.4  1.41 1.46 1.79 1.91 2.06
 2.44 2.52 3.24 3.31]
var: 0.49205275000000054
| [0m11       [0m | [0m0.8885   [0m | [0m0.2777   [0m | [0m42.75    [0m | [0m1.785    [0m |
[0.01 0.04 0.06 0.07 0.1  0.1  0.1  0.12 0.13 0.14 0.15 0.16 0.17 0.19
 0.2  0.2  0.26 0.26 0.29 0.31 0.31 0.32 0.35 0.35 0.36 0.37 0.37 0.4
 0.41 0.41 0.42 0.42 0.42 0.5  0.55 0.56 0.57 0.58 0.58 0.61 0.62 0.65
 0.66 0.67 0.67 0.68 0.68 0.69 0.69 0.7  0.7  0.75 0.75 0.78 0.79 0.8
 0.83 0.86 1.38 1.61]
var: 0.09454488888888889
| [0m12       [0m | [0m0.4647   [0m | [0m0.1774   [0m | [0m0.7058   [0m | [0m1.205    [0m |
[0.   0.02 0.05 0.09 0.09 0.09 0.12 0.15 0.16 0.16 0.18 0.2  0.24 0.24
 0.3  0.33 0.34 0.34 0.35 0.36 0.37 0.37 0.38 0.39 0.4  0.41 0.44 0.48
 0.51 0.53 0.58 0.63 0.65 0.67 0.76 0.76 0.78 0.8  0.8  0.81 0.86 0.87
 0.87 0.92 0.99 1.01 1.05 1.15 1.17 1.18 1.25 1.25 1.3  1.34 1.41 1.41
 1.61 1.74 1.98 2.63]
var: 0.2837882222222224
| [0m13       [0m | [0m0.6887   [0m | [0m0.09843  [0m | [0m47.56    [0m | [0m1.874    [0m |
[0.03 0.04 0.06 0.09 0.1  0.11 0.14 0.16 0.17 0.17 0.19 0.25 0.28 0.3
 0.33 0.38 0.38 0.42 0.44 0.45 0.47 0.51 0.52 0.53 0.54 0.56 0.56 0.59
 0.6  0.6  0.62 0.66 0.67 0.68 0.7  0.71 0.75 0.75 0.83 0.83 0.84 0.85
 0.87 0.92 0.95 0.97 1.   1.06 1.07 1.1  1.15 1.16 1.26 1.26 1.29 1.37
 1.49 1.62 1.65 1.94]
var: 0.19481830555555496
| [0m14       [0m | [0m0.6832   [0m | [0m0.06976  [0m | [0m44.97    [0m | [0m1.771    [0m |
[0.14 0.21 0.25 0.25 0.38 0.47 0.47 0.48 0.5  0.52 0.54 0.62 0.64 0.68
 0.69 0.71 0.72 0.72 0.74 0.78 0.78 0.92 0.95 0.96 0.97 0.97 1.   1.
 1.02 1.04 1.04 1.08 1.22 1.22 1.23 1.24 1.25 1.27 1.28 1.29 1.3  1.3
 1.32 1.32 1.33 1.42 1.45 1.47 1.52 1.69 1.74 1.78 1.79 1.79 1.98 2.
 2.06 2.22 2.33 2.89]
var: 0.3192912222222222
| [0m15       [0m | [0m1.116    [0m | [0m0.2248   [0m | [0m15.61    [0m | [0m0.4473   [0m |
[0.05 0.05 0.07 0.07 0.08 0.1  0.12 0.26 0.29 0.32 0.33 0.38 0.38 0.47
 0.48 0.53 0.56 0.57 0.63 0.69 0.7  0.7  0.72 0.75 0.78 0.79 0.83 0.89
 0.9  0.9  0.92 0.97 1.01 1.03 1.03 1.07 1.09 1.12 1.16 1.22 1.22 1.23
 1.23 1.25 1.31 1.36 1.38 1.55 1.57 1.57 1.58 1.6  1.6  1.65 1.79 1.82
 2.06 2.2  2.55 2.65]
var: 0.37689988888888915
| [0m16       [0m | [0m0.9697   [0m | [0m0.05564  [0m | [0m38.61    [0m | [0m1.13     [0m |
[0.07 0.08 0.11 0.2  0.25 0.28 0.31 0.36 0.38 0.39 0.45 0.46 0.47 0.48
 0.51 0.52 0.53 0.58 0.63 0.68 0.68 0.68 0.69 0.7  0.71 0.73 0.74 0.75
 0.75 0.75 0.78 0.8  0.82 0.82 0.82 0.85 0.88 0.91 0.93 0.93 0.96 0.98
 1.06 1.08 1.08 1.09 1.12 1.14 1.17 1.21 1.22 1.34 1.47 1.47 1.49 1.54
 1.76 1.77 1.99 3.07]
var: 0.2609369722222222
| [0m17       [0m | [0m0.8578   [0m | [0m0.2953   [0m | [0m21.79    [0m | [0m2.954    [0m |
[0.03 0.06 0.07 0.08 0.13 0.13 0.14 0.15 0.15 0.16 0.24 0.26 0.26 0.27
 0.29 0.31 0.32 0.34 0.36 0.42 0.47 0.5  0.56 0.56 0.59 0.6  0.6  0.61
 0.63 0.66 0.71 0.73 0.74 0.77 0.83 0.83 0.83 0.83 0.83 0.86 0.87 0.89
 0.92 0.93 0.98 1.02 1.04 1.08 1.1  1.11 1.14 1.19 1.22 1.22 1.28 1.6
 1.8  1.97 2.17 2.82]
var: 0.2969545555555555
| [0m18       [0m | [0m0.7377   [0m | [0m0.2947   [0m | [0m19.83    [0m | [0m2.078    [0m |
[0.   0.06 0.06 0.15 0.16 0.17 0.22 0.25 0.29 0.39 0.41 0.42 0.48 0.49
 0.5  0.53 0.54 0.54 0.55 0.57 0.58 0.6  0.69 0.72 0.72 0.73 0.75 0.76
 0.78 0.8  0.81 0.86 0.87 0.87 0.88 1.   1.04 1.06 1.07 1.14 1.22 1.23
 1.24 1.26 1.31 1.42 1.45 1.46 1.47 1.56 1.59 1.65 1.68 1.71 1.76 1.87
 1.88 2.02 2.15 2.64]
var: 0.3420348888888887
| [0m19       [0m | [0m0.9347   [0m | [0m0.2453   [0m | [0m30.75    [0m | [0m1.404    [0m |
[0.01 0.02 0.04 0.07 0.07 0.09 0.16 0.18 0.19 0.19 0.21 0.22 0.23 0.23
 0.29 0.32 0.32 0.34 0.41 0.44 0.53 0.53 0.59 0.59 0.61 0.62 0.63 0.64
 0.66 0.69 0.69 0.71 0.73 0.74 0.75 0.75 0.8  0.83 0.84 0.86 0.88 0.9
 0.9  0.93 0.98 0.99 1.   1.15 1.17 1.2  1.26 1.38 1.44 1.45 1.49 1.61
 1.64 1.92 2.38 2.41]
var: 0.2977838888888892
| [0m20       [0m | [0m0.7483   [0m | [0m0.02572  [0m | [0m30.31    [0m | [0m2.396    [0m |
[0.   0.   0.01 0.05 0.07 0.09 0.12 0.13 0.13 0.2  0.23 0.32 0.35 0.39
 0.39 0.4  0.42 0.45 0.46 0.47 0.55 0.65 0.65 0.66 0.73 0.76 0.76 0.77
 0.83 0.83 0.83 0.87 0.88 0.91 0.95 0.95 0.95 0.98 1.01 1.07 1.13 1.17
 1.22 1.24 1.26 1.27 1.27 1.29 1.34 1.38 1.46 1.47 1.49 1.57 1.58 2.03
 2.03 2.22 2.52 2.76]
var: 0.39130030555555534
| [0m21       [0m | [0m0.8828   [0m | [0m0.1346   [0m | [0m36.75    [0m | [0m0.9792   [0m |
[0.37 0.72 0.86 0.9  0.9  0.91 0.94 0.97 0.98 1.   1.08 1.2  1.33 1.34
 1.34 1.35 1.44 1.46 1.51 1.54 1.55 1.59 1.59 1.61 1.62 1.68 1.72 1.78
 1.78 1.79 1.81 1.87 1.92 1.94 2.01 2.04 2.04 2.1  2.18 2.23 2.31 2.37
 2.48 2.48 2.51 2.52 2.53 2.54 2.57 2.67 2.7  3.01 3.23 3.26 3.36 3.49
 3.78 3.85 3.88 4.34]
var: 0.7643803055555565
| [95m22       [0m | [95m1.981    [0m | [95m0.009342 [0m | [95m3.207    [0m | [95m0.257    [0m |
[0.01 0.02 0.05 0.07 0.14 0.14 0.15 0.18 0.19 0.2  0.22 0.35 0.36 0.43
 0.47 0.55 0.6  0.61 0.62 0.64 0.65 0.66 0.69 0.7  0.76 0.76 0.8  0.81
 0.83 0.84 0.91 0.93 0.93 0.95 1.03 1.1  1.1  1.18 1.19 1.19 1.23 1.24
 1.26 1.27 1.3  1.35 1.43 1.46 1.68 1.73 1.73 1.77 1.86 1.87 1.91 1.97
 2.01 2.17 2.32 2.59]
var: 0.40630955555555587
| [0m23       [0m | [0m0.9693   [0m | [0m0.04733  [0m | [0m36.8     [0m | [0m1.748    [0m |
[0.21 0.26 0.35 0.55 0.61 0.65 0.66 0.68 0.69 0.75 0.86 0.88 0.89 0.9
 0.94 0.95 0.95 0.96 1.02 1.03 1.08 1.1  1.11 1.12 1.19 1.25 1.36 1.41
 1.41 1.42 1.52 1.53 1.54 1.56 1.58 1.63 1.68 1.7  1.75 1.78 1.81 1.85
 1.92 1.94 2.01 2.02 2.07 2.1  2.13 2.13 2.17 2.27 2.38 2.45 2.52 2.6
 2.91 2.92 4.09 4.38]
var: 0.6716165555555568
| [0m24       [0m | [0m1.536    [0m | [0m0.02644  [0m | [0m30.63    [0m | [0m0.5336   [0m |
[0.   0.02 0.06 0.07 0.07 0.07 0.08 0.09 0.13 0.15 0.15 0.15 0.18 0.2
 0.2  0.2  0.21 0.22 0.23 0.24 0.3  0.3  0.32 0.33 0.35 0.36 0.36 0.36
 0.41 0.41 0.41 0.41 0.43 0.43 0.45 0.45 0.47 0.49 0.5  0.52 0.52 0.54
 0.54 0.55 0.55 0.58 0.58 0.64 0.66 0.68 0.68 0.74 0.74 0.77 0.87 0.95
 1.1  1.24 1.27 1.32]
var: 0.09379722222222231
| [0m25       [0m | [0m0.4383   [0m | [0m0.2485   [0m | [0m1.401    [0m | [0m0.6036   [0m |
[0.2  0.32 0.35 0.54 0.55 0.55 0.62 0.62 0.65 0.66 0.67 0.68 0.69 0.7
 0.79 0.79 0.83 0.86 0.86 0.9  0.93 0.97 0.97 1.   1.03 1.03 1.04 1.06
 1.11 1.19 1.2  1.2  1.23 1.25 1.25 1.27 1.29 1.3  1.3  1.37 1.38 1.39
 1.4  1.48 1.48 1.49 1.5  1.56 1.7  1.77 1.77 1.83 1.88 1.99 2.01 2.09
 2.57 2.95 3.5  3.78]
var: 0.47330122222222265
| [0m26       [0m | [0m1.256    [0m | [0m0.2586   [0m | [0m37.0     [0m | [0m0.2162   [0m |
[0.1  0.28 0.47 0.51 0.61 0.63 0.64 0.65 0.69 0.72 0.73 0.73 0.74 0.75
 0.75 0.83 0.91 0.96 0.98 0.99 1.06 1.1  1.14 1.15 1.19 1.26 1.35 1.41
 1.48 1.49 1.5  1.52 1.54 1.58 1.58 1.62 1.64 1.77 1.79 1.79 1.85 1.86
 1.87 1.88 1.9  1.93 1.93 1.93 2.03 2.07 2.18 2.27 2.59 2.72 3.04 3.54
 3.59 4.55 4.61 5.7 ]
var: 1.1285503055555561
| [0m27       [0m | [0m1.611    [0m | [0m0.1051   [0m | [0m35.56    [0m | [0m0.3665   [0m |
[0.   0.03 0.1  0.18 0.23 0.27 0.27 0.31 0.41 0.43 0.46 0.52 0.53 0.54
 0.55 0.55 0.58 0.67 0.68 0.68 0.69 0.7  0.72 0.72 0.73 0.74 0.74 0.74
 0.74 0.76 0.77 0.77 0.77 0.82 0.87 0.93 0.93 0.93 0.94 0.95 0.98 0.98
 1.01 1.02 1.08 1.08 1.12 1.13 1.18 1.18 1.25 1.28 1.36 1.37 1.38 1.76
 1.85 1.93 1.94 1.95]
var: 0.20415988888888834
| [0m28       [0m | [0m0.8463   [0m | [0m0.1649   [0m | [0m21.01    [0m | [0m2.589    [0m |
[0.   0.   0.02 0.02 0.02 0.03 0.05 0.08 0.12 0.13 0.16 0.21 0.22 0.23
 0.23 0.23 0.23 0.24 0.33 0.39 0.39 0.4  0.4  0.45 0.45 0.45 0.47 0.49
 0.51 0.58 0.58 0.58 0.63 0.65 0.65 0.66 0.67 0.7  0.71 0.77 0.79 0.8
 0.81 0.93 0.97 0.98 1.04 1.04 1.06 1.11 1.16 1.19 1.24 1.24 1.31 1.35
 1.43 1.44 1.65 1.81]
var: 0.2083215555555552
| [0m29       [0m | [0m0.6247   [0m | [0m0.2874   [0m | [0m48.68    [0m | [0m2.586    [0m |
[0.53 0.53 0.55 0.56 0.57 0.6  0.62 0.62 0.64 0.68 0.7  0.72 0.73 0.75
 0.76 0.82 0.86 0.92 1.07 1.11 1.17 1.22 1.25 1.26 1.26 1.31 1.33 1.34
 1.37 1.42 1.43 1.44 1.45 1.47 1.51 1.56 1.71 1.72 1.9  1.93 2.04 2.05
 2.07 2.08 2.09 2.33 2.44 2.47 2.47 2.48 2.53 2.56 2.58 2.7  2.73 2.74
 3.33 3.48 3.8  4.11]
var: 0.7710936388888894
| [0m30       [0m | [0m1.608    [0m | [0m0.1668   [0m | [0m41.1     [0m | [0m0.1591   [0m |
[0.04 0.1  0.1  0.16 0.16 0.18 0.21 0.24 0.27 0.31 0.33 0.36 0.41 0.49
 0.58 0.59 0.6  0.62 0.64 0.69 0.71 0.71 0.83 0.86 0.88 0.91 0.93 0.95
 0.98 1.   1.01 1.05 1.07 1.11 1.13 1.17 1.18 1.2  1.21 1.22 1.23 1.24
 1.35 1.38 1.41 1.5  1.59 1.71 1.77 1.79 1.8  1.84 1.85 1.89 1.9  1.94
 1.95 2.3  2.31 3.2 ]
var: 0.4342878888888893
| [0m31       [0m | [0m1.052    [0m | [0m0.02936  [0m | [0m14.74    [0m | [0m1.451    [0m |
[0.   0.01 0.01 0.01 0.02 0.06 0.08 0.1  0.11 0.12 0.12 0.13 0.13 0.14
 0.15 0.16 0.16 0.18 0.19 0.23 0.24 0.25 0.26 0.28 0.3  0.34 0.34 0.35
 0.38 0.39 0.39 0.39 0.41 0.41 0.42 0.43 0.44 0.46 0.49 0.5  0.5  0.53
 0.53 0.54 0.54 0.54 0.55 0.63 0.66 0.68 0.72 0.73 0.79 0.83 0.83 0.85
 0.89 0.92 0.98 1.05]
var: 0.07463697222222244
| [0m32       [0m | [0m0.3978   [0m | [0m0.1464   [0m | [0m0.575    [0m | [0m0.7264   [0m |
[0.08 0.13 0.13 0.14 0.18 0.18 0.22 0.23 0.26 0.33 0.34 0.4  0.4  0.41
 0.44 0.46 0.46 0.55 0.56 0.57 0.57 0.66 0.69 0.75 0.76 0.79 0.93 0.94
 0.95 0.98 1.03 1.04 1.05 1.07 1.09 1.09 1.16 1.19 1.27 1.27 1.31 1.31
 1.35 1.37 1.39 1.44 1.49 1.51 1.63 1.65 1.66 1.68 1.8  1.88 1.97 2.06
 2.19 2.32 2.77 2.92]
var: 0.4477709722222226
| [0m33       [0m | [0m1.024    [0m | [0m0.1692   [0m | [0m11.1     [0m | [0m0.5516   [0m |
[0.   0.01 0.02 0.04 0.06 0.09 0.09 0.11 0.12 0.17 0.18 0.21 0.21 0.23
 0.26 0.33 0.39 0.39 0.4  0.44 0.46 0.48 0.53 0.56 0.57 0.61 0.65 0.67
 0.7  0.86 0.93 0.95 1.01 1.03 1.04 1.06 1.06 1.07 1.08 1.09 1.14 1.3
 1.3  1.31 1.33 1.35 1.36 1.36 1.43 1.44 1.48 1.55 1.61 1.71 1.73 1.99
 2.05 2.08 2.22 3.47]
var: 0.47481141666666665
| [0m34       [0m | [0m0.8895   [0m | [0m0.075    [0m | [0m37.58    [0m | [0m0.8255   [0m |
[0.   0.01 0.05 0.05 0.09 0.12 0.12 0.14 0.2  0.21 0.26 0.33 0.36 0.41
 0.47 0.48 0.48 0.51 0.52 0.55 0.55 0.57 0.62 0.63 0.64 0.65 0.68 0.71
 0.72 0.74 0.74 0.74 0.75 0.76 0.77 0.78 0.8  0.81 0.82 0.83 0.86 0.97
 1.01 1.03 1.06 1.1  1.11 1.11 1.13 1.14 1.15 1.18 1.26 1.28 1.29 1.32
 1.42 1.55 1.77 1.83]
var: 0.18776955555555547
| [0m35       [0m | [0m0.7373   [0m | [0m0.2482   [0m | [0m5.659    [0m | [0m1.26     [0m |
[0.   0.   0.03 0.03 0.04 0.05 0.05 0.06 0.15 0.16 0.2  0.23 0.24 0.26
 0.3  0.33 0.33 0.35 0.35 0.39 0.39 0.4  0.46 0.46 0.49 0.53 0.53 0.56
 0.6  0.6  0.61 0.61 0.62 0.63 0.66 0.67 0.67 0.67 0.73 0.73 0.74 0.76
 0.77 0.8  0.88 0.89 0.9  0.93 0.97 0.99 1.09 1.11 1.16 1.18 1.19 1.32
 1.37 1.59 2.02 3.5 ]
var: 0.3119880833333331
| [0m36       [0m | [0m0.6555   [0m | [0m0.1644   [0m | [0m43.5     [0m | [0m2.676    [0m |
[0.02 0.03 0.08 0.13 0.17 0.2  0.2  0.2  0.24 0.24 0.28 0.3  0.3  0.42
 0.46 0.47 0.53 0.53 0.54 0.65 0.65 0.7  0.7  0.7  0.7  0.71 0.74 0.77
 0.77 0.79 0.84 0.84 0.89 0.9  0.91 0.92 0.93 0.97 0.98 1.   1.01 1.02
 1.04 1.07 1.08 1.1  1.11 1.19 1.2  1.22 1.24 1.26 1.35 1.47 1.75 2.18
 2.42 2.9  3.31 5.66]
var: 0.7739932222222221
| [0m37       [0m | [0m0.9497   [0m | [0m0.2717   [0m | [0m20.14    [0m | [0m0.8298   [0m |
[0.03 0.05 0.07 0.07 0.12 0.12 0.13 0.16 0.17 0.19 0.21 0.22 0.25 0.26
 0.31 0.36 0.36 0.41 0.44 0.44 0.48 0.52 0.52 0.66 0.67 0.68 0.68 0.72
 0.73 0.74 0.74 0.74 0.8  0.82 0.85 0.86 0.92 0.93 0.95 0.96 1.01 1.02
 1.05 1.06 1.09 1.1  1.15 1.16 1.16 1.18 1.19 1.25 1.27 1.27 1.29 1.32
 1.58 1.65 1.79 1.93]
var: 0.21960788888888888
| [0m38       [0m | [0m0.7477   [0m | [0m0.09585  [0m | [0m5.705    [0m | [0m1.797    [0m |
[0.   0.01 0.01 0.02 0.05 0.08 0.08 0.08 0.1  0.1  0.15 0.23 0.3  0.37
 0.39 0.44 0.52 0.53 0.54 0.55 0.55 0.56 0.61 0.67 0.69 0.7  0.73 0.74
 0.75 0.79 0.79 0.8  0.8  0.81 0.81 0.82 0.84 0.88 0.97 1.12 1.13 1.13
 1.14 1.17 1.17 1.19 1.19 1.19 1.27 1.28 1.33 1.51 1.6  1.66 1.66 1.73
 1.81 1.83 1.85 2.55]
var: 0.32001030555555593
| [0m39       [0m | [0m0.8228   [0m | [0m0.2491   [0m | [0m20.36    [0m | [0m2.604    [0m |
[0.06 0.06 0.13 0.15 0.15 0.23 0.27 0.3  0.34 0.43 0.43 0.44 0.45 0.54
 0.55 0.6  0.66 0.66 0.67 0.68 0.7  0.7  0.73 0.74 0.76 0.77 0.79 0.81
 0.82 0.87 0.91 0.94 0.94 0.96 1.02 1.03 1.07 1.07 1.09 1.14 1.16 1.19
 1.19 1.21 1.22 1.24 1.29 1.32 1.33 1.34 1.42 1.51 1.71 1.84 1.89 1.93
 2.17 2.21 2.34 2.5 ]
var: 0.3278236388888886
| [0m40       [0m | [0m0.9612   [0m | [0m0.2476   [0m | [0m12.6     [0m | [0m2.205    [0m |
[0.15 0.19 0.2  0.22 0.23 0.24 0.26 0.3  0.3  0.33 0.38 0.38 0.39 0.43
 0.44 0.45 0.48 0.5  0.54 0.57 0.59 0.66 0.67 0.68 0.71 0.72 0.72 0.76
 0.76 0.77 0.78 0.78 0.79 0.81 0.86 0.91 0.92 0.94 0.96 0.97 0.98 0.99
 1.   1.04 1.04 1.06 1.1  1.16 1.43 1.5  1.58 1.6  1.69 1.71 1.8  1.81
 1.9  2.   2.4  3.3 ]
var: 0.36283363888888887
| [0m41       [0m | [0m0.8972   [0m | [0m0.187    [0m | [0m3.636    [0m | [0m0.02902  [0m |
[0.   0.01 0.02 0.03 0.04 0.06 0.06 0.07 0.11 0.13 0.13 0.14 0.2  0.22
 0.23 0.26 0.41 0.46 0.46 0.53 0.57 0.59 0.61 0.64 0.66 0.67 0.67 0.68
 0.69 0.71 0.75 0.76 0.79 0.81 0.83 0.84 0.87 0.87 0.88 0.91 0.91 0.99
 1.02 1.03 1.05 1.11 1.17 1.31 1.31 1.32 1.33 1.38 1.39 1.43 1.44 1.73
 1.92 2.01 2.08 2.53]
var: 0.32884808333333315
| [0m42       [0m | [0m0.7805   [0m | [0m0.2782   [0m | [0m27.87    [0m | [0m2.072    [0m |
[0.02 0.04 0.05 0.06 0.09 0.11 0.18 0.21 0.24 0.28 0.28 0.3  0.3  0.39
 0.41 0.45 0.5  0.51 0.54 0.59 0.64 0.67 0.74 0.76 0.82 0.84 0.84 0.84
 0.84 0.85 0.89 0.93 0.98 0.98 1.02 1.04 1.06 1.09 1.12 1.15 1.16 1.17
 1.23 1.24 1.25 1.35 1.36 1.43 1.48 1.49 1.49 1.56 1.68 1.69 1.72 1.74
 1.75 1.84 2.05 3.2 ]
var: 0.3705314166666666
| [0m43       [0m | [0m0.9255   [0m | [0m0.1596   [0m | [0m25.44    [0m | [0m1.686    [0m |
[0.05 0.09 0.09 0.12 0.16 0.2  0.22 0.39 0.43 0.45 0.61 0.75 0.75 0.88
 0.98 1.   1.11 1.12 1.12 1.15 1.42 1.44 1.62 1.7  1.75 1.79 1.87 1.89
 1.97 2.02 2.08 2.22 2.46 2.47 2.54 2.69 2.71 2.73 2.73 2.74 2.76 2.78
 2.81 2.91 2.94 3.39 3.5  3.68 3.86 4.   4.27 4.35 4.46 4.47 4.63 4.78
 4.82 4.85 5.77 5.87]
var: 2.4082283055555553
| [95m44       [0m | [95m2.257    [0m | [95m1e-08    [0m | [95m2.995    [0m | [95m0.3845   [0m |
[0.03 0.08 0.21 0.29 0.53 0.63 0.71 0.72 0.79 0.81 0.93 1.07 1.17 1.23
 1.24 1.36 1.45 1.5  1.5  1.54 1.57 1.61 1.7  1.77 1.79 1.88 1.9  1.93
 2.05 2.08 2.12 2.13 2.14 2.15 2.26 2.31 2.35 2.36 2.36 2.38 2.41 2.43
 2.64 2.74 2.85 2.99 3.07 3.1  3.13 3.31 3.4  3.55 3.59 3.95 4.01 4.49
 5.16 5.52 5.6  5.71]
var: 1.77358488888889
| [0m45       [0m | [0m2.205    [0m | [0m1e-08    [0m | [0m3.031    [0m | [0m0.7308   [0m |
[0.24 0.56 0.58 0.62 0.63 0.66 0.71 0.73 0.9  0.92 0.94 1.02 1.03 1.29
 1.34 1.35 1.36 1.41 1.44 1.47 1.5  1.52 1.53 1.55 1.59 1.6  1.63 1.8
 2.13 2.13 2.24 2.25 2.29 2.29 2.3  2.37 2.38 2.4  2.4  2.45 2.46 2.52
 2.57 2.62 2.64 2.69 2.74 3.   3.04 3.09 3.14 3.2  3.23 3.26 3.33 3.51
 4.12 4.17 4.32 4.47]
var: 1.0504569722222212
| [0m46       [0m | [0m2.061    [0m | [0m1e-08    [0m | [0m2.683    [0m | [0m0.5639   [0m |
[0.   0.04 0.05 0.07 0.08 0.09 0.1  0.11 0.14 0.14 0.17 0.17 0.18 0.18
 0.19 0.2  0.2  0.21 0.24 0.24 0.25 0.29 0.3  0.31 0.32 0.34 0.35 0.4
 0.4  0.41 0.42 0.42 0.44 0.48 0.48 0.49 0.49 0.49 0.5  0.54 0.55 0.56
 0.59 0.61 0.63 0.64 0.64 0.66 0.69 0.75 0.76 0.8  0.82 0.83 0.9  0.93
 1.05 1.08 1.24 1.31]
var: 0.09336955555555555
| [0m47       [0m | [0m0.4493   [0m | [0m0.247    [0m | [0m2.914    [0m | [0m0.5731   [0m |
[0.1  0.13 0.13 0.15 0.38 0.44 0.48 0.55 0.57 0.59 0.66 0.73 0.81 0.91
 0.92 1.04 1.18 1.19 1.21 1.35 1.38 1.43 1.44 1.55 1.62 1.63 1.7  1.74
 1.9  1.9  1.93 2.   2.02 2.04 2.08 2.09 2.1  2.2  2.36 2.38 2.48 2.54
 2.6  2.63 2.79 3.05 3.06 3.34 3.66 3.75 3.9  4.04 4.17 4.25 4.61 4.67
 4.67 4.69 4.86 7.23]
var: 2.201555555555555
| [0m48       [0m | [0m2.133    [0m | [0m1e-08    [0m | [0m3.097    [0m | [0m0.5161   [0m |
[0.06 0.07 0.48 0.5  0.57 0.6  0.68 0.7  0.75 0.82 0.91 0.92 0.95 0.98
 0.98 1.21 1.22 1.24 1.31 1.46 1.61 1.62 1.62 1.7  1.89 1.9  2.   2.04
 2.11 2.11 2.15 2.35 2.36 2.4  2.42 2.47 2.55 2.64 2.7  2.71 2.72 2.79
 3.06 3.12 3.18 3.2  3.21 3.21 3.31 3.33 3.34 3.92 4.01 4.17 4.41 5.29
 5.38 5.45 6.37 6.65]
var: 2.246038222222221
| [95m49       [0m | [95m2.331    [0m | [95m1e-08    [0m | [95m2.915    [0m | [95m0.5683   [0m |
[0.16 0.19 0.49 0.53 0.63 0.68 0.69 0.73 0.79 0.8  0.81 0.82 0.89 1.
 1.01 1.08 1.1  1.12 1.14 1.17 1.25 1.27 1.31 1.32 1.35 1.37 1.41 1.48
 1.48 1.57 1.63 1.71 1.72 1.74 1.75 1.93 1.96 2.   2.1  2.19 2.24 2.25
 2.28 2.28 2.29 2.32 2.51 2.64 2.74 2.96 2.96 3.14 3.28 3.3  3.44 3.55
 3.66 4.49 4.53 4.91]
var: 1.1679445555555563
| [0m50       [0m | [0m1.836    [0m | [0m0.01806  [0m | [0m3.017    [0m | [0m0.1677   [0m |
[0.22 0.39 0.4  0.5  0.51 0.57 0.59 0.61 0.62 0.65 0.73 0.87 0.91 0.96
 0.99 1.04 1.09 1.09 1.2  1.24 1.33 1.34 1.38 1.4  1.44 1.49 1.61 1.63
 1.64 1.66 1.67 1.73 1.74 1.77 1.78 1.88 1.95 1.96 1.96 2.01 2.06 2.09
 2.11 2.16 2.23 2.3  2.3  2.31 2.33 2.48 2.5  2.66 2.71 2.84 2.86 2.91
 3.1  3.11 3.25 4.42]
var: 0.7294393333333341
| [0m51       [0m | [0m1.688    [0m | [0m0.02465  [0m | [0m2.736    [0m | [0m0.2216   [0m |
[0.04 0.07 0.08 0.08 0.17 0.19 0.2  0.23 0.31 0.33 0.41 0.41 0.43 0.46
 0.51 0.56 0.6  0.61 0.61 0.67 0.7  0.81 0.84 0.84 0.84 0.85 0.85 0.89
 0.95 0.97 1.   1.03 1.05 1.06 1.11 1.12 1.14 1.14 1.17 1.17 1.18 1.19
 1.23 1.23 1.26 1.28 1.28 1.31 1.34 1.37 1.4  1.43 1.45 1.49 1.72 1.86
 2.02 2.05 2.54 2.66]
var: 0.32795163888888906
| [0m52       [0m | [0m0.9632   [0m | [0m0.01634  [0m | [0m2.988    [0m | [0m0.989    [0m |
[0.   0.04 0.05 0.1  0.13 0.13 0.16 0.18 0.21 0.23 0.24 0.28 0.32 0.37
 0.4  0.42 0.43 0.44 0.45 0.45 0.52 0.52 0.55 0.55 0.57 0.57 0.58 0.6
 0.64 0.66 0.67 0.68 0.68 0.69 0.72 0.74 0.74 0.87 0.88 0.9  0.9  0.91
 0.93 1.   1.02 1.06 1.08 1.08 1.1  1.15 1.18 1.19 1.21 1.25 1.26 1.48
 1.57 2.06 2.2  2.33]
var: 0.25375155555555523
| [0m53       [0m | [0m0.7387   [0m | [0m0.2518   [0m | [0m30.72    [0m | [0m2.752    [0m |
[0.27 0.42 0.55 0.56 0.64 0.67 0.74 0.76 0.76 0.79 0.91 0.99 1.02 1.03
 1.04 1.1  1.16 1.19 1.21 1.21 1.28 1.28 1.31 1.34 1.37 1.38 1.39 1.45
 1.48 1.51 1.52 1.54 1.54 1.55 1.56 1.61 1.72 1.72 1.74 1.75 1.76 1.77
 1.78 1.81 1.88 1.93 1.95 2.   2.02 2.03 2.04 2.28 2.32 2.52 2.53 2.95
 3.09 3.23 3.48 3.6 ]
var: 0.5221736388888893
| [0m54       [0m | [0m1.567    [0m | [0m0.07665  [0m | [0m2.711    [0m | [0m0.2314   [0m |
[0.01 0.2  0.27 0.45 0.57 0.62 0.63 0.64 0.75 0.76 0.83 0.83 0.89 0.95
 0.96 0.97 0.97 1.17 1.18 1.23 1.36 1.39 1.41 1.44 1.51 1.55 1.55 1.7
 1.72 1.72 1.75 1.83 1.89 1.9  1.9  1.93 1.94 1.99 2.03 2.03 2.15 2.17
 2.21 2.24 2.28 2.43 2.44 2.61 2.76 2.93 2.96 3.11 3.14 3.2  3.27 3.29
 3.41 3.71 3.86 4.69]
var: 0.9997348888888887
| [0m55       [0m | [0m1.805    [0m | [0m1e-08    [0m | [0m3.222    [0m | [0m0.6844   [0m |
[0.56 0.8  0.83 0.94 0.96 0.98 1.04 1.08 1.09 1.13 1.14 1.17 1.24 1.34
 1.38 1.4  1.43 1.43 1.48 1.51 1.53 1.54 1.57 1.58 1.66 1.77 1.78 1.8
 1.8  1.82 1.83 1.94 1.96 1.96 1.98 2.04 2.09 2.14 2.28 2.31 2.34 2.37
 2.38 2.42 2.45 2.58 2.63 2.68 2.83 2.87 2.88 2.93 3.05 3.08 3.12 3.33
 3.37 3.48 3.79 4.85]
var: 0.715534555555555
| [0m56       [0m | [0m1.996    [0m | [0m0.01134  [0m | [0m2.925    [0m | [0m0.3389   [0m |
[0.08 0.22 0.24 0.28 0.29 0.3  0.31 0.32 0.34 0.38 0.38 0.42 0.47 0.53
 0.56 0.57 0.6  0.73 0.75 0.78 0.78 0.83 0.86 0.87 0.9  0.91 0.95 0.97
 0.98 1.   1.03 1.03 1.08 1.1  1.13 1.19 1.24 1.24 1.37 1.38 1.43 1.45
 1.47 1.58 1.59 1.59 1.66 1.68 1.73 1.79 1.83 1.91 2.07 2.08 2.27 2.63
 2.66 2.77 3.11 3.28]
var: 0.5588003055555557
| [0m57       [0m | [0m1.166    [0m | [0m0.02413  [0m | [0m17.41    [0m | [0m1.69     [0m |
[0.11 0.19 0.24 0.24 0.25 0.33 0.35 0.39 0.43 0.5  0.57 0.61 0.66 0.7
 0.71 0.72 0.74 0.76 0.77 0.78 0.81 0.83 0.84 0.85 0.88 0.89 0.9  0.94
 0.95 0.95 0.97 0.98 1.05 1.06 1.08 1.11 1.17 1.22 1.24 1.29 1.3  1.31
 1.31 1.31 1.32 1.33 1.36 1.46 1.5  1.53 1.53 1.81 1.86 1.99 2.29 3.01
 3.18 3.27 3.57 3.88]
var: 0.6536498888888891
| [0m58       [0m | [0m1.17     [0m | [0m0.004831 [0m | [0m2.97     [0m | [0m0.6463   [0m |
[0.   0.02 0.03 0.15 0.18 0.18 0.22 0.37 0.41 0.45 0.47 0.48 0.48 0.49
 0.53 0.56 0.57 0.57 0.57 0.6  0.6  0.6  0.65 0.67 0.67 0.68 0.72 0.74
 0.74 0.76 0.76 0.78 0.79 0.79 0.8  0.82 0.84 0.9  0.92 0.92 1.01 1.04
 1.1  1.12 1.13 1.18 1.18 1.21 1.25 1.29 1.4  1.49 1.61 1.71 1.72 1.87
 2.22 2.62 3.12 3.7 ]
var: 0.4764443055555549
| [0m59       [0m | [0m0.9242   [0m | [0m0.2508   [0m | [0m30.35    [0m | [0m0.9      [0m |
[0.01 0.02 0.05 0.06 0.08 0.13 0.13 0.18 0.19 0.2  0.2  0.2  0.22 0.27
 0.34 0.39 0.4  0.42 0.43 0.45 0.48 0.53 0.53 0.55 0.57 0.58 0.6  0.67
 0.67 0.71 0.71 0.71 0.73 0.79 0.85 0.93 0.96 1.04 1.06 1.09 1.16 1.25
 1.26 1.37 1.37 1.52 1.52 1.53 1.69 1.77 1.78 1.91 1.96 1.99 2.17 2.39
 2.45 2.77 3.09 3.42]
var: 0.6498105555555559
| [0m60       [0m | [0m0.9583   [0m | [0m0.1279   [0m | [0m37.19    [0m | [0m1.189    [0m |
[0.16 0.19 0.21 0.39 0.44 0.44 0.46 0.46 0.54 0.54 0.6  0.61 0.66 0.73
 0.73 0.76 0.91 0.93 1.06 1.1  1.15 1.17 1.19 1.19 1.28 1.32 1.35 1.37
 1.4  1.41 1.42 1.43 1.43 1.46 1.57 1.6  1.63 1.67 1.71 1.74 1.83 1.97
 1.99 2.08 2.11 2.23 2.28 2.29 2.32 2.33 2.38 2.49 2.58 2.65 2.67 2.72
 2.8  3.06 4.54 4.58]
var: 0.8789960833333331
| [0m61       [0m | [0m1.538    [0m | [0m0.007104 [0m | [0m2.81     [0m | [0m0.5816   [0m |
[0.   0.04 0.05 0.07 0.07 0.07 0.12 0.13 0.13 0.14 0.23 0.23 0.24 0.26
 0.33 0.34 0.39 0.41 0.43 0.45 0.55 0.56 0.56 0.59 0.63 0.65 0.69 0.69
 0.73 0.8  0.8  0.84 0.84 0.87 0.87 0.88 0.96 0.97 0.97 0.98 0.98 1.04
 1.05 1.06 1.08 1.14 1.14 1.15 1.25 1.26 1.28 1.32 1.35 1.36 1.41 1.47
 1.68 1.73 1.76 1.85]
var: 0.24124488888888868
| [0m62       [0m | [0m0.7653   [0m | [0m0.1134   [0m | [0m22.93    [0m | [0m2.077    [0m |
[0.   0.16 0.19 0.43 0.55 0.57 0.62 0.67 0.7  0.72 0.74 0.74 0.79 0.81
 0.82 0.83 0.83 0.83 0.87 0.89 0.89 0.89 0.89 0.9  0.94 1.01 1.01 1.02
 1.04 1.08 1.11 1.12 1.17 1.21 1.24 1.31 1.33 1.36 1.37 1.38 1.39 1.45
 1.46 1.47 1.48 1.54 1.61 1.64 1.65 1.69 1.72 1.77 1.88 2.03 2.06 2.13
 2.34 2.39 3.02 3.2 ]
var: 0.38133763888888955
| [0m63       [0m | [0m1.216    [0m | [0m0.09155  [0m | [0m3.004    [0m | [0m0.2563   [0m |
[0.06 0.1  0.16 0.19 0.31 0.38 0.42 0.44 0.49 0.5  0.56 0.64 0.64 0.65
 0.66 0.7  0.71 0.74 0.76 0.79 0.81 0.81 0.82 0.84 0.84 0.86 0.86 0.88
 0.92 0.94 1.09 1.19 1.2  1.26 1.29 1.33 1.39 1.4  1.41 1.42 1.45 1.47
 1.62 1.62 1.66 1.71 1.71 1.73 1.82 1.85 1.95 2.12 2.13 2.15 2.37 2.37
 2.76 2.86 2.87 3.19]
var: 0.5415747499999988
| [0m64       [0m | [0m1.215    [0m | [0m0.03335  [0m | [0m3.124    [0m | [0m0.4514   [0m |
[0.09 0.12 0.15 0.16 0.18 0.19 0.21 0.21 0.22 0.25 0.25 0.26 0.27 0.31
 0.31 0.32 0.35 0.35 0.37 0.37 0.38 0.41 0.44 0.45 0.46 0.48 0.52 0.54
 0.6  0.64 0.64 0.64 0.67 0.7  0.76 0.83 0.84 0.84 0.87 0.88 1.   1.
 1.02 1.03 1.06 1.2  1.23 1.24 1.25 1.29 1.33 1.33 1.34 1.45 1.69 1.84
 1.95 2.03 2.12 3.79]
var: 0.4208682222222222
| [0m65       [0m | [0m0.7953   [0m | [0m0.07769  [0m | [0m3.038    [0m | [0m0.5114   [0m |
[0.03 0.09 0.1  0.11 0.13 0.13 0.14 0.19 0.22 0.22 0.24 0.29 0.29 0.33
 0.36 0.38 0.38 0.38 0.39 0.44 0.46 0.46 0.48 0.48 0.53 0.61 0.61 0.61
 0.61 0.61 0.63 0.63 0.64 0.65 0.68 0.68 0.7  0.71 0.73 0.75 0.76 0.78
 0.8  0.81 0.91 0.96 1.01 1.18 1.22 1.34 1.42 1.46 1.72 1.83 1.91 1.96
 2.46 2.83 3.88 4.38]
var: 0.7070582222222226
| [0m66       [0m | [0m0.8453   [0m | [0m0.06416  [0m | [0m3.057    [0m | [0m0.747    [0m |
[0.01 0.03 0.06 0.07 0.07 0.07 0.08 0.1  0.1  0.12 0.14 0.19 0.42 0.44
 0.48 0.49 0.53 0.55 0.56 0.59 0.6  0.63 0.63 0.63 0.65 0.66 0.67 0.68
 0.72 0.74 0.77 0.79 0.8  0.8  0.81 0.84 0.88 0.89 0.89 0.89 0.91 0.97
 0.98 0.98 1.04 1.07 1.1  1.17 1.19 1.23 1.25 1.45 1.48 1.5  1.56 1.56
 1.83 2.09 2.5  3.01]
var: 0.3517012222222224
| [0m67       [0m | [0m0.8157   [0m | [0m0.1876   [0m | [0m35.18    [0m | [0m0.5998   [0m |
[0.13 0.26 0.37 0.41 0.51 0.59 0.71 0.72 0.73 0.75 0.77 0.79 0.81 0.82
 0.85 0.93 0.94 0.98 1.07 1.13 1.14 1.24 1.28 1.29 1.3  1.34 1.35 1.36
 1.36 1.37 1.39 1.41 1.43 1.46 1.48 1.49 1.52 1.54 1.56 1.57 1.6  1.71
 1.72 1.73 1.73 1.77 1.82 1.82 1.93 1.95 2.07 2.09 2.17 2.54 2.61 2.77
 2.81 2.86 3.3  3.41]
var: 0.5059062222222228
| [0m68       [0m | [0m1.443    [0m | [0m0.06023  [0m | [0m2.889    [0m | [0m0.3324   [0m |
[0.05 0.13 0.19 0.28 0.46 0.58 0.65 0.68 0.76 0.99 1.03 1.05 1.07 1.1
 1.12 1.15 1.17 1.2  1.31 1.35 1.35 1.36 1.44 1.49 1.5  1.53 1.55 1.55
 1.58 1.64 1.75 1.77 1.85 1.92 1.94 1.95 1.98 2.   2.01 2.02 2.03 2.09
 2.15 2.19 2.25 2.31 2.31 2.53 2.61 2.65 2.81 2.86 3.04 3.12 3.25 3.42
 3.44 3.76 3.82 4.42]
var: 0.9082562222222216
| [0m69       [0m | [0m1.793    [0m | [0m0.002254 [0m | [0m2.749    [0m | [0m0.5088   [0m |
[0.1  0.11 0.12 0.12 0.13 0.25 0.26 0.27 0.37 0.38 0.46 0.46 0.47 0.52
 0.52 0.52 0.52 0.55 0.59 0.61 0.61 0.61 0.66 0.69 0.7  0.71 0.71 0.75
 0.8  0.86 0.86 0.87 0.89 0.9  0.9  0.92 1.04 1.06 1.07 1.13 1.19 1.2
 1.24 1.25 1.26 1.27 1.34 1.37 1.39 1.53 1.54 1.56 1.63 1.73 1.74 1.89
 2.22 2.27 3.45 3.88]
var: 0.5152965555555561
| [0m70       [0m | [0m0.9837   [0m | [0m0.04213  [0m | [0m2.952    [0m | [0m0.4574   [0m |
[0.05 0.14 0.15 0.22 0.28 0.29 0.56 0.57 0.59 0.64 0.66 0.71 0.71 0.71
 0.74 0.76 0.78 0.79 0.86 0.97 0.97 1.   1.03 1.04 1.06 1.08 1.12 1.13
 1.13 1.13 1.14 1.14 1.14 1.16 1.17 1.24 1.31 1.46 1.49 1.51 1.51 1.56
 1.6  1.62 1.74 1.78 1.82 1.94 1.97 2.04 2.07 2.15 2.3  2.51 2.59 2.83
 2.84 2.93 2.99 3.35]
var: 0.5903903055555555
| [0m71       [0m | [0m1.313    [0m | [0m0.04098  [0m | [0m2.913    [0m | [0m0.3665   [0m |
[0.3  0.49 0.58 0.6  0.64 0.76 0.76 0.87 0.89 0.91 0.91 0.99 1.01 1.03
 1.11 1.14 1.15 1.17 1.2  1.21 1.27 1.29 1.3  1.31 1.31 1.32 1.33 1.38
 1.4  1.42 1.45 1.45 1.49 1.51 1.53 1.53 1.53 1.6  1.72 1.72 1.72 1.77
 1.82 1.83 1.84 1.87 1.88 1.88 1.92 1.93 1.99 2.14 2.18 2.24 2.33 2.41
 2.78 2.84 2.9  3.1 ]
var: 0.3601109722222224
| [0m72       [0m | [0m1.499    [0m | [0m0.04858  [0m | [0m3.167    [0m | [0m0.2534   [0m |
[0.08 0.13 0.33 0.37 0.41 0.47 0.49 0.62 0.64 0.64 0.66 0.66 0.67 0.68
 0.69 0.72 0.75 0.75 0.77 0.78 0.81 0.81 0.85 0.85 0.98 0.98 0.99 1.01
 1.04 1.05 1.05 1.05 1.08 1.08 1.09 1.09 1.14 1.14 1.18 1.19 1.25 1.26
 1.28 1.31 1.35 1.45 1.48 1.5  1.51 1.57 1.6  1.63 1.82 1.93 2.11 2.29
 2.33 2.59 2.79 3.55]
var: 0.40950808333333355
| [0m73       [0m | [0m1.14     [0m | [0m0.2116   [0m | [0m21.76    [0m | [0m0.4092   [0m |
[0.   0.01 0.02 0.05 0.08 0.09 0.12 0.13 0.17 0.27 0.28 0.38 0.41 0.41
 0.45 0.46 0.49 0.5  0.55 0.56 0.6  0.6  0.61 0.62 0.64 0.64 0.66 0.66
 0.67 0.69 0.69 0.7  0.71 0.71 0.74 0.76 0.76 0.76 0.83 0.88 0.89 0.94
 0.94 0.95 0.99 1.06 1.08 1.15 1.19 1.23 1.25 1.29 1.35 1.47 1.49 1.51
 1.61 1.63 1.91 2.9 ]
var: 0.2746983055555552
| [0m74       [0m | [0m0.7698   [0m | [0m0.2962   [0m | [0m28.63    [0m | [0m2.91     [0m |
[0.07 0.08 0.09 0.11 0.15 0.17 0.17 0.18 0.22 0.27 0.27 0.27 0.3  0.34
 0.42 0.43 0.49 0.52 0.54 0.55 0.55 0.61 0.64 0.64 0.65 0.68 0.72 0.74
 0.74 0.75 0.76 0.83 0.83 0.85 0.89 0.89 0.94 0.97 1.01 1.02 1.08 1.08
 1.16 1.18 1.24 1.32 1.38 1.42 1.47 1.49 1.64 1.67 1.96 1.96 1.99 2.24
 2.33 2.65 3.43 3.73]
var: 0.6013836388888888
| [0m75       [0m | [0m0.9628   [0m | [0m0.05307  [0m | [0m2.92     [0m | [0m0.5361   [0m |
[0.03 0.03 0.04 0.11 0.12 0.15 0.15 0.21 0.23 0.24 0.25 0.26 0.29 0.3
 0.3  0.34 0.48 0.49 0.52 0.56 0.56 0.6  0.62 0.64 0.66 0.68 0.69 0.75
 0.77 0.78 0.82 0.88 1.03 1.05 1.08 1.11 1.13 1.15 1.16 1.18 1.2  1.21
 1.22 1.22 1.23 1.28 1.32 1.46 1.66 1.68 1.75 1.84 1.84 1.85 1.86 1.89
 2.04 2.13 2.28 2.48]
var: 0.4086982222222226
| [0m76       [0m | [0m0.9313   [0m | [0m0.02819  [0m | [0m2.899    [0m | [0m0.5952   [0m |
[0.1  0.12 0.15 0.29 0.29 0.39 0.43 0.73 0.76 0.83 0.94 0.98 1.   1.05
 1.05 1.06 1.08 1.12 1.14 1.17 1.17 1.22 1.29 1.3  1.32 1.34 1.39 1.47
 1.62 1.63 1.71 1.71 1.81 1.88 1.95 1.97 1.98 2.01 2.04 2.05 2.08 2.19
 2.26 2.27 2.39 2.4  2.45 2.51 2.59 2.62 2.74 2.81 2.81 2.92 3.28 3.34
 3.45 3.62 4.23 4.87]
var: 1.0240603055555557
| [0m77       [0m | [0m1.756    [0m | [0m0.01639  [0m | [0m3.031    [0m | [0m0.3872   [0m |
[0.   0.01 0.03 0.05 0.06 0.08 0.1  0.15 0.17 0.29 0.3  0.35 0.37 0.38
 0.44 0.49 0.49 0.52 0.54 0.56 0.6  0.63 0.65 0.65 0.67 0.7  0.73 0.77
 0.78 0.79 0.85 0.87 0.87 0.9  0.92 0.93 0.94 0.94 0.98 0.98 1.01 1.03
 1.05 1.07 1.09 1.09 1.12 1.16 1.21 1.22 1.31 1.33 1.43 1.51 1.61 1.73
 1.85 1.89 2.3  2.38]
var: 0.2935760000000002
| [0m78       [0m | [0m0.832    [0m | [0m0.2701   [0m | [0m26.01    [0m | [0m2.385    [0m |
[0.06 0.08 0.1  0.1  0.15 0.16 0.17 0.21 0.26 0.27 0.29 0.29 0.33 0.36
 0.37 0.39 0.4  0.42 0.46 0.46 0.46 0.5  0.53 0.54 0.56 0.56 0.56 0.62
 0.62 0.62 0.64 0.71 0.72 0.81 0.83 0.85 0.86 0.94 0.97 0.97 1.11 1.11
 1.13 1.18 1.26 1.27 1.27 1.29 1.3  1.42 1.54 1.58 1.65 1.67 1.91 2.
 2.04 2.23 2.47 3.19]
var: 0.4313465555555555
| [0m79       [0m | [0m0.8637   [0m | [0m0.04861  [0m | [0m2.775    [0m | [0m0.4995   [0m |
[0.39 0.39 0.46 0.51 0.51 0.55 0.61 0.65 0.68 0.73 0.74 0.74 0.75 0.76
 0.81 0.85 0.87 0.9  0.94 1.   1.15 1.15 1.16 1.16 1.19 1.27 1.28 1.29
 1.31 1.35 1.43 1.45 1.46 1.49 1.49 1.52 1.53 1.61 1.64 1.67 1.68 1.71
 1.72 1.75 1.79 1.8  1.84 1.85 1.95 1.99 2.03 2.07 2.18 2.2  2.4  2.46
 2.51 2.62 3.35 3.36]
var: 0.4590105555555556
| [0m80       [0m | [0m1.412    [0m | [0m0.2271   [0m | [0m37.39    [0m | [0m0.2171   [0m |
=============================================================
None
num_trials:  40  inits,  40  iters,  60  per
rho:  0.9
pthin:  0.60

Best VPT: 2.331333333333334
Best result: {'a': 1e-08, 'g': 2.914762278666535, 's': 0.5682974925910578}

KERNEL: nu=1.5, lengthscale=2.0, alpha=0.0005
