|   iter    |  target   |     a     |     g     |     s     |
-------------------------------------------------------------
[0.   0.04 0.04 0.12 0.15 0.18 0.18 0.19 0.2  0.26 0.38 0.44 0.49 0.55
 0.64 0.64 0.71 0.72 0.72 0.74 0.8  0.83 0.91 0.93 0.94 0.97 1.04 1.07
 1.09 1.09 1.12 1.2  1.22 1.34 1.35 1.45 1.48 1.51 1.51 1.64 1.72 1.76
 1.8  1.81 1.83 1.87 1.91 1.92 2.04 2.06 2.13 2.31 2.35 2.64 2.65 2.66
 2.68 3.24 3.27 3.72]
var: 0.7867054166666674
| [0m1        [0m | [0m1.288    [0m | [0m0.08447  [0m | [0m12.46    [0m | [0m2.575    [0m |
[0.04 0.04 0.11 0.12 0.13 0.14 0.14 0.17 0.17 0.18 0.19 0.24 0.28 0.31
 0.31 0.41 0.44 0.45 0.45 0.48 0.49 0.55 0.56 0.57 0.59 0.59 0.63 0.66
 0.7  0.71 0.74 0.85 0.87 1.07 1.1  1.11 1.17 1.21 1.38 1.41 1.46 1.47
 1.49 1.51 1.52 1.56 1.61 1.63 1.65 1.73 1.76 1.8  1.88 2.04 2.11 2.33
 2.39 2.61 2.62 4.12]
var: 0.6706854166666659
| [0m2        [0m | [0m1.018    [0m | [0m0.1934   [0m | [0m27.42    [0m | [0m2.85     [0m |
[0.02 0.03 0.04 0.07 0.08 0.09 0.1  0.13 0.14 0.14 0.15 0.16 0.17 0.18
 0.21 0.22 0.22 0.22 0.23 0.24 0.3  0.31 0.32 0.33 0.33 0.34 0.35 0.38
 0.41 0.41 0.45 0.45 0.45 0.5  0.52 0.54 0.55 0.56 0.59 0.63 0.66 0.67
 0.7  0.76 0.83 0.86 1.08 1.08 1.13 1.14 1.15 1.17 1.22 1.24 1.64 1.75
 1.83 2.13 2.75 2.8 ]
var: 0.388230972222222
| [0m3        [0m | [0m0.6358   [0m | [0m0.1899   [0m | [0m43.16    [0m | [0m1.264    [0m |
[0.06 0.1  0.11 0.12 0.12 0.15 0.17 0.17 0.21 0.21 0.23 0.25 0.26 0.3
 0.34 0.47 0.48 0.5  0.57 0.59 0.61 0.65 0.7  0.71 0.71 0.73 0.73 0.76
 0.79 0.8  0.84 0.85 0.95 1.01 1.06 1.11 1.13 1.14 1.17 1.17 1.29 1.37
 1.51 1.52 1.52 1.53 1.58 1.72 1.87 1.93 1.93 1.95 1.97 2.04 2.27 2.35
 5.03 5.04]
var: 0.9570497324613549
| [0m4        [0m | [0m1.059    [0m | [0m0.1716   [0m | [0m16.33    [0m | [0m1.039    [0m |
[0.   0.04 0.05 0.05 0.06 0.07 0.21 0.22 0.23 0.26 0.33 0.46 0.46 0.67
 0.7  0.7  0.75 0.77 0.82 0.91 1.   1.01 1.05 1.08 1.13 1.18 1.18 1.18
 1.19 1.19 1.23 1.25 1.29 1.31 1.35 1.36 1.55 1.59 1.62 1.67 1.72 1.73
 1.8  1.84 1.85 1.87 2.04 2.07 2.11 2.33 2.51 2.55 2.71 2.85 3.12 3.29
 3.39 3.44 3.46 3.55]
var: 0.9419533333333328
| [95m5        [0m | [95m1.39     [0m | [95m0.2986   [0m | [95m10.15    [0m | [95m2.15     [0m |
[0.01 0.02 0.07 0.07 0.09 0.09 0.1  0.12 0.12 0.22 0.22 0.38 0.41 0.44
 0.48 0.5  0.53 0.54 0.59 0.62 0.68 0.84 0.86 0.93 0.97 1.   1.01 1.03
 1.04 1.05 1.07 1.13 1.26 1.26 1.37 1.47 1.47 1.52 1.71 1.72 1.73 1.92
 1.95 2.07 2.08 2.19 2.23 2.5  2.58 2.59 2.61 2.69 2.84 2.86 3.28]
var: 0.7967879669421487
| [0m6        [0m | [0m1.184    [0m | [0m0.03716  [0m | [0m9.321    [0m | [0m1.941    [0m |
[0.11 0.12 0.16 0.19 0.19 0.19 0.32 0.35 0.37 0.49 0.55 0.66 0.66 0.68
 0.7  0.71 0.78 0.83 0.86 0.94 0.97 0.98 0.98 1.   1.04 1.12 1.15 1.23
 1.48 1.51 1.54 1.7  1.71 1.71 1.75 1.78 1.81 1.84 1.86 2.02 2.11 2.11
 2.13 2.16 2.18 2.24 2.27 2.28 2.37 2.5  2.6  2.6  2.61 2.7  2.99 3.4
 3.42 3.64 4.2  4.76]
var: 1.1096683055555558
| [95m7        [0m | [95m1.572    [0m | [95m0.296    [0m | [95m29.86    [0m | [95m0.8402   [0m |
[0.05 0.08 0.11 0.11 0.13 0.13 0.18 0.19 0.19 0.24 0.27 0.3  0.34 0.34
 0.35 0.37 0.41 0.44 0.45 0.45 0.49 0.55 0.6  0.64 0.67 0.77 0.77 0.78
 0.78 0.82 1.   1.1  1.11 1.27 1.29 1.34 1.38 1.4  1.41 1.43 1.46 1.5
 1.59 1.66 1.7  1.71 1.81 1.85 1.94 2.05 2.06 2.19 2.2  2.3  2.37 2.65
 2.73 2.89 2.91 4.27]
var: 0.8165436388888893
| [0m8        [0m | [0m1.143    [0m | [0m0.2063   [0m | [0m42.84    [0m | [0m0.9253   [0m |
[0.48 0.68 0.7  0.75 0.87 0.95 1.04 1.04 1.06 1.4  1.4  1.41 1.42 1.5
 1.55 1.56 1.75 1.83 1.94 2.02 2.03 2.03 2.11 2.19 2.23 2.27 2.3  2.43
 2.47 2.49 2.52 2.6  2.71 2.71 2.86 3.   3.21 3.32 3.32 3.53 3.54 3.73
 4.03 4.03 4.1  4.12 4.24 4.33 4.56 4.64 4.69 4.88 4.99 7.57]
var: 1.9960598422496572
| [95m9        [0m | [95m2.614    [0m | [95m0.09139  [0m | [95m7.747    [0m | [95m0.4172   [0m |
[0.15 0.17 0.22 0.25 0.27 0.32 0.32 0.36 0.36 0.4  0.4  0.44 0.48 0.54
 0.56 0.61 0.62 0.62 0.65 0.67 0.69 0.71 0.74 0.76 0.78 0.78 0.83 0.88
 0.89 0.93 0.94 0.97 0.97 0.98 1.01 1.01 1.03 1.06 1.1  1.21 1.27 1.31
 1.34 1.36 1.36 1.39 1.4  1.41 1.43 1.46 1.74 1.87 1.88 2.17 2.29 2.39
 2.5  2.61 3.45 4.72]
var: 0.671821416666667
| [0m10       [0m | [0m1.101    [0m | [0m0.04645  [0m | [0m12.93    [0m | [0m1.178    [0m |
[0.01 0.04 0.05 0.05 0.07 0.09 0.1  0.13 0.14 0.15 0.16 0.17 0.19 0.23
 0.23 0.24 0.24 0.31 0.32 0.34 0.36 0.37 0.38 0.38 0.39 0.41 0.42 0.45
 0.45 0.46 0.47 0.5  0.52 0.52 0.55 0.56 0.59 0.62 0.62 0.64 0.65 0.72
 0.74 0.75 0.85 0.86 0.98 1.01 1.07 1.25 1.25 1.27 1.28 1.29 1.82 1.87
 2.02 2.42 2.42]
var: 0.32305193909796015
| [0m11       [0m | [0m0.6346   [0m | [0m0.2067   [0m | [0m38.68    [0m | [0m1.351    [0m |
[0.   0.06 0.14 0.19 0.2  0.24 0.25 0.27 0.31 0.31 0.33 0.37 0.39 0.39
 0.41 0.41 0.52 0.53 0.55 0.57 0.58 0.6  0.61 0.62 0.63 0.63 0.63 0.64
 0.64 0.64 0.65 0.69 0.7  0.71 0.87 0.88 0.89 0.89 1.01 1.03 1.05 1.11
 1.11 1.21 1.23 1.26 1.41 1.47 1.49 1.7  1.78 1.86 1.92 2.07 2.2  2.31
 2.83 2.95 4.6 ]
var: 0.6672140764148236
| [0m12       [0m | [0m0.9583   [0m | [0m0.2822   [0m | [0m18.93    [0m | [0m1.293    [0m |
[0.03 0.04 0.04 0.07 0.08 0.1  0.11 0.11 0.16 0.16 0.17 0.22 0.24 0.26
 0.27 0.27 0.29 0.3  0.31 0.34 0.35 0.38 0.42 0.42 0.45 0.46 0.47 0.47
 0.5  0.52 0.53 0.53 0.55 0.58 0.58 0.61 0.62 0.62 0.64 0.68 0.69 0.7
 0.74 0.8  0.83 0.91 0.98 1.03 1.06 1.09 1.16 1.2  1.25 1.28 1.59 1.66
 1.8  1.82]
var: 0.20065576694411466
| [0m13       [0m | [0m0.5955   [0m | [0m0.1174   [0m | [0m44.39    [0m | [0m2.282    [0m |
[0.   0.   0.   0.01 0.03 0.04 0.05 0.06 0.06 0.07 0.08 0.09 0.09 0.09
 0.1  0.1  0.15 0.15 0.16 0.18 0.2  0.21 0.24 0.24 0.28 0.31 0.31 0.33
 0.37 0.41 0.44 0.46 0.51 0.56 0.59 0.61 0.62 0.63 0.65 0.65 0.66 0.67
 0.68 0.69 0.76 0.78 0.79 0.98 1.09 1.13 1.19 1.32 1.56 1.75 1.78 1.81
 3.14 3.43]
var: 0.47983709869203317
| [0m14       [0m | [0m0.5921   [0m | [0m0.0001549[0m | [0m32.68    [0m | [0m2.585    [0m |
[0.44 0.46 0.66 0.66 0.82 0.82 1.   1.05 1.14 1.15 1.21 1.21 1.25 1.37
 1.4  1.41 1.45 1.52 1.58 1.6  1.67 1.77 1.87 1.87 1.88 1.95 1.97 2.
 2.02 2.08 2.1  2.13 2.13 2.18 2.19 2.23 2.26 2.35 2.43 2.46 2.48 2.54
 2.66 2.76 2.77 3.24 3.3  3.45 3.67 3.75 3.77 3.78 4.17 4.22 4.26 4.59
 4.77 5.95 6.31 6.45]
var: 1.8914236388888903
| [0m15       [0m | [0m2.377    [0m | [0m0.1661   [0m | [0m6.347    [0m | [0m0.4255   [0m |
[0.   0.02 0.05 0.05 0.09 0.13 0.13 0.15 0.16 0.22 0.23 0.24 0.28 0.28
 0.31 0.35 0.38 0.49 0.49 0.51 0.54 0.58 0.6  0.63 0.65 0.68 0.72 0.92
 0.94 0.97 0.98 0.99 1.01 1.06 1.14 1.18 1.38 1.39 1.39 1.45 1.45 1.45
 1.46 1.46 1.48 1.49 1.53 1.56 1.64 1.77 2.01 2.23 2.31 2.39 2.71 2.76
 2.98 3.3 ]
var: 0.661337931034483
| [0m16       [0m | [0m1.03     [0m | [0m0.02157  [0m | [0m22.32    [0m | [0m2.798    [0m |
[0.03 0.04 0.1  0.12 0.15 0.18 0.23 0.27 0.29 0.35 0.39 0.45 0.47 0.55
 0.59 0.65 0.71 0.73 0.87 0.95 0.95 0.97 0.98 1.15 1.16 1.17 1.2  1.21
 1.26 1.29 1.34 1.37 1.4  1.47 1.47 1.54 1.56 1.56 1.6  1.6  1.63 1.65
 1.69 1.71 1.72 1.76 1.81 1.87 1.87 1.89 1.94 2.01 2.04 2.06 2.29 2.32
 2.45 4.28 4.41]
var: 0.7529532318299337
| [0m17       [0m | [0m1.284    [0m | [0m0.1778   [0m | [0m10.98    [0m | [0m2.402    [0m |
[0.   0.03 0.05 0.07 0.09 0.09 0.09 0.11 0.14 0.2  0.21 0.21 0.22 0.23
 0.24 0.28 0.28 0.3  0.38 0.4  0.43 0.44 0.44 0.49 0.5  0.51 0.57 0.59
 0.63 0.67 0.67 0.68 0.69 0.7  0.72 0.73 0.74 0.77 0.82 0.83 0.85 0.89
 0.89 0.91 1.01 1.06 1.06 1.12 1.12 1.12 1.18 1.26 1.31 1.34 1.34 1.41
 1.65 2.07 2.59 3.96]
var: 0.4364265555555553
| [0m18       [0m | [0m0.7397   [0m | [0m0.2691   [0m | [0m34.14    [0m | [0m1.202    [0m |
[0.   0.01 0.02 0.03 0.03 0.03 0.04 0.06 0.07 0.08 0.08 0.1  0.1  0.11
 0.12 0.13 0.14 0.19 0.2  0.2  0.21 0.21 0.25 0.28 0.28 0.29 0.33 0.35
 0.36 0.37 0.4  0.42 0.45 0.47 0.47 0.48 0.51 0.53 0.58 0.58 0.6  0.64
 0.71 0.72 0.73 0.73 0.83 0.93 1.05 1.06 1.08 1.2  1.23 1.3  1.54 2.5
 2.56 2.58 2.62]
var: 0.4219162309681127
| [0m19       [0m | [0m0.5792   [0m | [0m0.1405   [0m | [0m46.09    [0m | [0m1.536    [0m |
[0.1  0.47 0.66 0.68 0.74 0.91 1.01 1.02 1.02 1.18 1.21 1.22 1.34 1.36
 1.37 1.39 1.43 1.53 1.7  1.74 1.81 1.88 2.08 2.09 2.14 2.21 2.24 2.4
 2.47 2.55 2.56 2.58 2.72 2.74 2.9  2.95 3.   3.03 3.13 3.15 3.17 3.19
 3.32 3.33 3.38 3.48 3.64 3.85 3.89 3.98 3.98 4.16 4.18 4.21 4.74 5.
 5.05 5.1  5.2  6.23]
var: 1.8794827500000009
| [0m20       [0m | [0m2.597    [0m | [0m0.1287   [0m | [0m8.861    [0m | [0m0.3818   [0m |
[0.   0.04 0.06 0.06 0.08 0.11 0.12 0.13 0.14 0.14 0.19 0.2  0.21 0.23
 0.24 0.25 0.26 0.28 0.31 0.34 0.35 0.35 0.36 0.37 0.41 0.43 0.44 0.45
 0.45 0.46 0.48 0.5  0.51 0.51 0.51 0.51 0.56 0.57 0.62 0.65 0.74 0.79
 0.82 0.83 0.84 1.02 1.19 1.24 1.33 1.52 1.55 1.62 1.77 1.92 2.12 2.27
 2.35 2.48 2.69 2.84]
var: 0.5284016388888894
| [0m21       [0m | [0m0.7468   [0m | [0m0.0007721[0m | [0m39.62    [0m | [0m1.805    [0m |
[0.02 0.03 0.03 0.05 0.09 0.14 0.14 0.15 0.15 0.17 0.18 0.27 0.29 0.29
 0.31 0.33 0.36 0.37 0.42 0.43 0.45 0.46 0.48 0.5  0.5  0.55 0.56 0.57
 0.6  0.68 0.68 0.71 0.71 0.74 0.74 0.74 0.75 0.84 0.85 0.93 0.96 0.98
 1.01 1.16 1.18 1.21 1.28 1.35 1.44 1.46 1.6  1.63 1.75 1.92 2.1  2.12
 2.14 2.18 2.53 3.19]
var: 0.48730763888888834
| [0m22       [0m | [0m0.8408   [0m | [0m0.02265  [0m | [0m34.01    [0m | [0m1.054    [0m |
[0.02 0.04 0.07 0.09 0.11 0.13 0.2  0.23 0.24 0.26 0.32 0.37 0.38 0.44
 0.48 0.49 0.52 0.52 0.53 0.54 0.54 0.59 0.6  0.62 0.64 0.67 0.68 0.7
 0.72 0.73 0.75 0.75 0.75 0.76 0.78 0.8  0.92 0.92 1.   1.02 1.03 1.04
 1.05 1.12 1.16 1.19 1.25 1.34 1.35 1.36 1.55 1.6  1.64 1.69 1.72 1.76
 1.9  2.06 2.7  4.11]
var: 0.48386455555555513
| [0m23       [0m | [0m0.8923   [0m | [0m0.2911   [0m | [0m32.19    [0m | [0m2.115    [0m |
[0.02 0.02 0.02 0.02 0.03 0.04 0.08 0.08 0.13 0.17 0.2  0.28 0.34 0.35
 0.36 0.38 0.39 0.45 0.46 0.47 0.47 0.51 0.53 0.58 0.59 0.6  0.61 0.62
 0.62 0.64 0.64 0.69 0.7  0.71 0.72 0.74 0.75 0.77 0.77 0.79 0.8  0.81
 0.87 0.89 0.91 0.96 1.   1.04 1.32 1.34 1.54 1.65 1.7  1.97 2.14 2.16
 2.4  2.78 2.84 3.21]
var: 0.5369936388888888
| [0m24       [0m | [0m0.8278   [0m | [0m0.03635  [0m | [0m30.44    [0m | [0m2.574    [0m |
[0.12 0.12 0.16 0.2  0.22 0.22 0.22 0.23 0.23 0.24 0.28 0.28 0.29 0.3
 0.31 0.32 0.33 0.34 0.34 0.37 0.38 0.4  0.41 0.44 0.45 0.46 0.47 0.5
 0.51 0.51 0.54 0.56 0.57 0.62 0.64 0.67 0.68 0.7  0.71 0.74 0.79 0.8
 0.81 0.85 0.87 1.01 1.04 1.07 1.1  1.19 1.22 1.39 1.4  1.46 1.62 1.74
 1.76 2.01 2.14 2.28]
var: 0.27868808333333295
| [0m25       [0m | [0m0.7105   [0m | [0m0.2821   [0m | [0m1.828    [0m | [0m1.165    [0m |
[0.   0.   0.   0.01 0.04 0.04 0.11 0.14 0.15 0.16 0.2  0.23 0.26 0.34
 0.37 0.4  0.4  0.4  0.41 0.41 0.45 0.5  0.53 0.53 0.62 0.7  0.71 0.73
 0.74 0.76 0.82 0.94 0.95 0.98 1.07 1.07 1.11 1.12 1.13 1.18 1.21 1.25
 1.3  1.36 1.37 1.38 1.42 1.57 1.6  1.6  1.63 1.85 1.9  1.99 2.03 2.19
 2.27 2.29 2.71 2.76]
var: 0.5184083055555556
| [0m26       [0m | [0m0.9398   [0m | [0m0.02956  [0m | [0m22.78    [0m | [0m2.945    [0m |
[0.04 0.05 0.06 0.07 0.11 0.14 0.25 0.32 0.33 0.34 0.55 0.57 0.58 0.63
 0.63 0.64 0.65 0.66 0.85 0.87 0.91 0.92 0.99 1.07 1.08 1.1  1.12 1.14
 1.16 1.2  1.23 1.24 1.28 1.3  1.36 1.42 1.45 1.63 1.64 1.74 1.83 1.87
 2.02 2.11 2.13 2.37 2.38 2.44 2.68 2.69 2.71 3.02 3.07 3.08 3.21 3.28
 3.86 4.   4.15]
var: 1.1407846021258248
| [0m27       [0m | [0m1.461    [0m | [0m0.233    [0m | [0m13.61    [0m | [0m1.993    [0m |
[0.01 0.03 0.08 0.21 0.22 0.32 0.38 0.39 0.46 0.47 0.47 0.54 0.55 0.57
 0.59 0.65 0.67 0.77 0.82 0.82 0.85 0.89 0.94 0.94 0.95 1.03 1.15 1.19
 1.43 1.43 1.5  1.51 1.71 1.71 1.73 1.79 1.9  1.91 2.05 2.07 2.17 2.18
 2.28 2.29 2.39 2.43 3.03 3.87 5.51]
var: 1.0706334860474798
| [0m28       [0m | [0m1.303    [0m | [0m0.02438  [0m | [0m48.19    [0m | [0m0.8071   [0m |
[0.11 0.25 0.56 0.6  0.62 0.65 0.67 0.69 0.73 0.75 0.82 0.86 0.88 0.91
 0.91 0.93 0.94 0.98 1.   1.08 1.11 1.12 1.14 1.26 1.28 1.34 1.42 1.65
 1.66 1.77 1.84 1.99 2.   2.   2.04 2.08 2.21 2.33 2.33 2.4  2.4  2.45
 2.53 2.55 2.6  2.72 2.85 2.93 2.96 3.07 3.07 3.21 3.27 3.47 3.61 3.77
 4.16 4.87 4.96 5.52]
var: 1.4817060000000004
| [0m29       [0m | [0m1.948    [0m | [0m0.009256 [0m | [0m27.37    [0m | [0m0.464    [0m |
[0.01 0.02 0.03 0.04 0.05 0.05 0.06 0.1  0.11 0.11 0.12 0.12 0.17 0.17
 0.18 0.21 0.22 0.22 0.25 0.25 0.25 0.28 0.31 0.32 0.34 0.36 0.36 0.41
 0.46 0.46 0.47 0.48 0.5  0.5  0.51 0.52 0.53 0.53 0.54 0.56 0.57 0.6
 0.61 0.62 0.66 0.77 0.78 1.08 1.13 1.18 1.21 1.28 1.32 1.34 1.44 1.59
 1.69 1.96 2.82 3.32]
var: 0.42019430555555537
| [0m30       [0m | [0m0.6192   [0m | [0m0.1027   [0m | [0m45.75    [0m | [0m2.16     [0m |
[0.07 0.07 0.12 0.14 0.15 0.16 0.21 0.23 0.25 0.27 0.28 0.29 0.38 0.38
 0.39 0.39 0.42 0.52 0.53 0.61 0.63 0.66 0.7  0.82 0.83 0.83 0.87 0.91
 0.91 0.93 0.94 1.14 1.14 1.19 1.21 1.23 1.25 1.26 1.3  1.32 1.32 1.39
 1.4  1.41 1.42 1.44 1.47 1.55 1.55 1.72 1.72 1.85 1.88 2.07 2.11 2.42
 2.65 2.71 2.77 3.04]
var: 0.5472032222222221
| [0m31       [0m | [0m1.064    [0m | [0m0.2722   [0m | [0m24.6     [0m | [0m1.912    [0m |
[0.   0.04 0.09 0.1  0.11 0.11 0.11 0.15 0.16 0.16 0.19 0.21 0.23 0.23
 0.24 0.25 0.25 0.25 0.26 0.26 0.26 0.27 0.29 0.29 0.31 0.33 0.35 0.43
 0.43 0.45 0.48 0.48 0.55 0.59 0.62 0.65 0.65 0.66 0.66 0.68 0.72 0.84
 0.86 0.86 0.92 0.95 0.97 0.97 1.   1.03 1.06 1.21 1.23 1.35 1.56 1.61
 2.31]
var: 0.2101390581717454
| [0m32       [0m | [0m0.5663   [0m | [0m0.1573   [0m | [0m0.6053   [0m | [0m0.9092   [0m |
[0.01 0.03 0.05 0.06 0.06 0.1  0.11 0.13 0.13 0.19 0.25 0.27 0.28 0.29
 0.3  0.31 0.38 0.38 0.39 0.42 0.47 0.48 0.49 0.5  0.5  0.5  0.54 0.56
 0.56 0.6  0.63 0.65 0.66 0.67 0.69 0.75 0.76 0.86 0.95 0.95 1.   1.
 1.02 1.06 1.12 1.23 1.32 1.32 1.32 1.45 1.66 1.68 1.83 1.88 2.1  2.16
 2.17 2.27 2.31 3.07]
var: 0.4790448888888891
| [0m33       [0m | [0m0.8313   [0m | [0m0.2698   [0m | [0m32.63    [0m | [0m2.986    [0m |
[0.09 0.17 0.29 0.35 0.37 0.43 0.44 0.47 0.58 0.6  0.66 0.76 0.84 0.85
 0.89 0.94 0.94 0.97 1.05 1.17 1.25 1.32 1.42 1.42 1.44 1.5  1.6  1.66
 1.76 1.77 1.78 1.88 1.89 1.93 1.94 1.99 2.02 2.04 2.05 2.14 2.22 2.42
 2.45 2.48 2.5  2.51 2.58 2.63 2.68 2.68 2.7  2.76 2.83 2.9  3.56 3.72
 3.8  4.15 4.66 5.4 ]
var: 1.2795827500000005
| [0m34       [0m | [0m1.822    [0m | [0m0.296    [0m | [0m35.08    [0m | [0m0.5489   [0m |
[0.03 0.05 0.11 0.11 0.14 0.22 0.24 0.24 0.26 0.28 0.3  0.31 0.31 0.33
 0.34 0.36 0.37 0.37 0.39 0.4  0.43 0.43 0.51 0.55 0.55 0.57 0.58 0.59
 0.68 0.7  0.71 0.74 0.84 0.85 0.85 0.87 0.9  0.91 0.91 0.93 0.95 0.96
 0.99 1.01 1.01 1.04 1.07 1.12 1.16 1.28 1.31 1.32 1.37 1.49 1.57 1.66
 1.98 2.34 2.49 4.31]
var: 0.4861983055555561
| [0m35       [0m | [0m0.8282   [0m | [0m0.2669   [0m | [0m0.4704   [0m | [0m0.6572   [0m |
[0.05 0.1  0.12 0.13 0.21 0.22 0.24 0.27 0.34 0.34 0.35 0.41 0.42 0.42
 0.43 0.49 0.6  0.6  0.61 0.63 0.81 0.83 0.84 0.85 0.87 0.88 0.89 0.92
 0.93 0.93 0.93 0.97 1.   1.04 1.04 1.11 1.17 1.2  1.28 1.31 1.36 1.39
 1.39 1.66 1.7  1.76 1.87 1.9  1.92 1.95 2.04 2.07 2.19 2.59 2.75 2.81
 2.94 2.97 3.05 3.09]
var: 0.6963765555555551
| [0m36       [0m | [0m1.17     [0m | [0m0.198    [0m | [0m7.657    [0m | [0m2.821    [0m |
[0.   0.   0.   0.   0.   0.03 0.03 0.03 0.03 0.04 0.04 0.07 0.07 0.07
 0.07 0.08 0.08 0.09 0.09 0.1  0.1  0.11 0.12 0.12 0.13 0.14 0.15 0.16
 0.16 0.18 0.18 0.19 0.21 0.21 0.23 0.23 0.26 0.26 0.27 0.27 0.28 0.28
 0.34 0.36 0.4  0.4  0.42 0.51 0.53 0.56 0.59 0.63 0.73 0.77 0.78 0.78
 0.8  0.86 0.9  1.47]
var: 0.08637497222222236
| [0m37       [0m | [0m0.2832   [0m | [0m0.1215   [0m | [0m0.1121   [0m | [0m2.739    [0m |
[0.02 0.03 0.09 0.11 0.11 0.12 0.13 0.17 0.17 0.2  0.22 0.23 0.24 0.25
 0.26 0.26 0.26 0.31 0.33 0.33 0.33 0.34 0.34 0.35 0.35 0.35 0.35 0.36
 0.38 0.38 0.39 0.42 0.44 0.45 0.46 0.52 0.54 0.54 0.63 0.64 0.67 0.7
 0.73 0.75 0.79 0.8  0.84 0.84 0.85 0.97 1.04 1.04 1.09 1.15 1.22 1.22
 1.27 2.18 2.57 4.19]
var: 0.43491497222222175
| [0m38       [0m | [0m0.6218   [0m | [0m0.1302   [0m | [0m44.36    [0m | [0m2.986    [0m |
[0.1  0.13 0.32 0.38 0.4  0.43 0.44 0.58 0.59 0.66 0.68 0.71 0.76 0.77
 0.78 0.78 0.8  0.87 0.9  0.97 1.04 1.05 1.06 1.08 1.13 1.16 1.3  1.31
 1.32 1.35 1.42 1.48 1.51 1.52 1.59 1.73 1.75 1.8  1.82 1.89 1.93 1.94
 2.02 2.09 2.19 2.19 2.24 2.36 2.41 2.45 2.51 2.7  2.76 2.97 3.04 3.06
 3.14 3.27 3.93 4.21]
var: 0.8957036388888887
| [0m39       [0m | [0m1.563    [0m | [0m0.1166   [0m | [0m3.574    [0m | [0m0.1763   [0m |
[0.02 0.06 0.08 0.09 0.14 0.17 0.17 0.19 0.19 0.2  0.2  0.21 0.24 0.24
 0.25 0.28 0.29 0.31 0.38 0.43 0.43 0.45 0.48 0.5  0.5  0.5  0.5  0.51
 0.56 0.57 0.6  0.62 0.64 0.65 0.71 0.75 0.77 0.8  0.83 0.89 0.9  0.9
 0.95 1.03 1.04 1.07 1.22 1.26 1.38 1.4  1.44 1.75 2.09 2.21 2.36 2.59
 2.83 2.92]
var: 0.49674637336504146
| [0m40       [0m | [0m0.7886   [0m | [0m0.08931  [0m | [0m30.75    [0m | [0m2.092    [0m |
[0.05 0.14 0.16 0.17 0.29 0.37 0.4  0.41 0.42 0.43 0.45 0.45 0.49 0.49
 0.5  0.53 0.54 0.57 0.6  0.62 0.65 0.74 0.74 0.78 0.79 0.83 0.84 0.85
 0.85 0.85 0.86 0.89 0.9  0.94 0.96 0.97 1.02 1.09 1.14 1.22 1.27 1.29
 1.48 1.48 1.54 1.58 1.6  1.64 1.64 1.67 1.7  2.06 2.07 2.11 2.16 2.16
 2.67]
var: 0.36019655278547275
| [0m41       [0m | [0m0.9844   [0m | [0m0.229    [0m | [0m8.309    [0m | [0m0.04747  [0m |
[0.13 0.31 0.33 0.61 0.73 0.85 0.97 1.   1.22 1.24 1.29 1.4  1.44 1.58
 1.62 1.71 1.75 1.78 1.87 1.95 1.96 1.97 2.02 2.04 2.11 2.24 2.29 2.4
 2.42 2.44 2.44 2.58 2.59 2.61 2.64 2.68 2.69 2.78 2.78 2.82 2.83 2.85
 2.86 3.01 3.08 3.11 3.18 3.62 3.8  3.85 3.86 3.92 4.06 4.62 4.7  4.82
 4.96 5.65 5.74 5.84]
var: 1.7825240000000002
| [0m42       [0m | [0m2.544    [0m | [0m0.07386  [0m | [0m7.337    [0m | [0m0.5256   [0m |
[0.32 0.47 0.5  0.55 0.56 0.61 0.62 0.78 0.88 0.9  0.93 0.94 0.98 1.06
 1.08 1.08 1.11 1.15 1.21 1.27 1.37 1.39 1.4  1.48 1.56 1.57 1.64 1.64
 1.65 1.81 1.85 1.87 1.89 2.06 2.07 2.12 2.16 2.17 2.19 2.19 2.22 2.27
 2.28 2.34 2.5  2.9  2.93 2.96 3.13 3.23 3.27 3.3  3.5  3.52 3.74 3.81
 4.2  4.82 4.83 5.2 ]
var: 1.3582047500000012
| [0m43       [0m | [0m2.001    [0m | [0m0.01522  [0m | [0m27.34    [0m | [0m0.4484   [0m |
[0.01 0.01 0.01 0.04 0.06 0.06 0.06 0.08 0.1  0.17 0.2  0.24 0.25 0.36
 0.38 0.4  0.41 0.41 0.43 0.44 0.45 0.47 0.48 0.52 0.53 0.56 0.57 0.59
 0.66 0.69 0.73 0.79 0.87 0.89 0.93 0.93 1.02 1.05 1.06 1.07 1.15 1.23
 1.25 1.27 1.43 1.49 1.53 1.53 1.58 1.8  1.8  1.93 1.99 2.05 2.12 2.15
 2.29 2.38 2.42 3.16]
var: 0.560221416666667
| [0m44       [0m | [0m0.9255   [0m | [0m1e-08    [0m | [0m7.821    [0m | [0m0.879    [0m |
[0.01 0.15 0.31 0.37 0.44 0.49 0.6  0.66 0.71 0.82 0.9  0.9  1.   1.02
 1.13 1.16 1.16 1.16 1.17 1.19 1.23 1.29 1.35 1.38 1.41 1.44 1.46 1.48
 1.51 1.52 1.56 1.59 1.6  1.6  1.61 1.62 1.63 1.69 1.75 1.8  1.96 1.99
 2.13 2.16 2.22 2.45 2.52 2.54 2.65 2.78 2.89 3.42 3.54 3.63 4.13]
var: 0.7722798677685956
| [0m45       [0m | [0m1.58     [0m | [0m0.2459   [0m | [0m7.426    [0m | [0m0.1814   [0m |
[0.35 0.45 0.51 0.73 0.76 0.86 0.91 1.07 1.23 1.23 1.27 1.32 1.36 1.41
 1.42 1.46 1.5  1.51 1.52 1.53 1.65 1.78 1.79 1.89 1.95 1.98 2.03 2.11
 2.16 2.16 2.19 2.34 2.46 2.58 2.6  2.63 2.76 2.77 2.8  2.82 2.83 2.93
 2.97 3.04 3.05 3.11 3.14 3.17 3.21 3.24 3.39 3.54 3.6  3.96 4.19 4.69
 6.   6.01 7.31]
var: 1.8311623671358792
| [0m46       [0m | [0m2.394    [0m | [0m0.2553   [0m | [0m7.553    [0m | [0m0.5126   [0m |
[0.   0.   0.   0.04 0.09 0.2  0.25 0.3  0.3  0.37 0.41 0.43 0.6  0.7
 0.72 0.74 0.76 0.89 0.95 1.   1.02 1.05 1.06 1.09 1.13 1.19 1.23 1.26
 1.31 1.34 1.4  1.5  1.55 1.63 1.64 1.65 1.68 1.68 1.76 1.8  1.83 1.83
 1.84 1.93 2.03 2.19 2.2  2.29 2.32 2.35 2.47 2.48 2.51 2.54 2.58 2.69
 2.75 3.56 3.67 4.92]
var: 0.9787838888888883
| [0m47       [0m | [0m1.462    [0m | [0m1e-08    [0m | [0m7.552    [0m | [0m0.4379   [0m |
[0.03 0.07 0.24 0.44 0.83 0.88 1.49 1.56 1.58 1.63 1.66 1.77 1.83 1.84
 1.96 1.96 2.01 2.06 2.13 2.19 2.21 2.24 2.33 2.35 2.39 2.47 2.56 2.61
 2.63 2.65 2.67 2.68 2.81 2.84 2.88 2.93 3.02 3.03 3.03 3.05 3.12 3.14
 3.29 3.3  3.32 3.44 3.48 3.6  3.6  3.93 4.01 4.02 4.16 4.41 4.47 4.68
 5.07 5.09 5.2  5.79]
var: 1.5513523333333337
| [95m48       [0m | [95m2.711    [0m | [95m0.1587   [0m | [95m7.834    [0m | [95m0.4522   [0m |
[0.13 0.38 0.47 0.84 0.89 0.96 1.06 1.11 1.24 1.26 1.35 1.39 1.46 1.78
 1.78 1.8  1.86 1.88 2.11 2.26 2.33 2.35 2.37 2.4  2.42 2.43 2.45 2.46
 2.48 2.49 2.56 2.59 2.61 2.72 2.72 2.83 2.87 2.91 2.93 2.99 3.11 3.12
 3.31 3.33 3.5  3.6  3.63 3.74 3.78 3.87 3.91 3.93 3.94 4.11 4.29 4.3
 5.06 5.14 5.38 5.58]
var: 1.5362087499999997
| [0m49       [0m | [0m2.643    [0m | [0m0.07454  [0m | [0m7.329    [0m | [0m0.5558   [0m |
[0.31 0.5  0.54 0.55 0.64 0.71 0.72 0.77 0.84 0.88 1.05 1.07 1.19 1.23
 1.24 1.24 1.46 1.51 1.53 1.65 1.66 1.67 1.69 1.77 1.83 1.93 1.93 2.07
 2.11 2.29 2.29 2.29 2.31 2.34 2.36 2.38 2.53 2.56 2.66 2.67 2.84 2.84
 3.04 3.05 3.17 3.29 3.49 3.55 3.6  3.64 3.64 4.05 4.06 4.15 4.55 5.06
 5.45 5.61 5.67 6.03]
var: 1.9944376388888896
| [0m50       [0m | [0m2.396    [0m | [0m0.2251   [0m | [0m7.166    [0m | [0m0.5371   [0m |
[0.01 0.02 0.09 0.12 0.12 0.12 0.14 0.16 0.2  0.22 0.28 0.29 0.32 0.33
 0.36 0.36 0.36 0.37 0.41 0.42 0.45 0.49 0.52 0.63 0.64 0.69 0.8  0.83
 0.85 0.87 0.88 0.91 0.91 1.04 1.15 1.18 1.3  1.31 1.34 1.45 1.47 1.6
 1.6  1.62 1.62 1.71 1.81 1.9  2.06 2.18 2.44 2.55 2.56 2.66 2.81 2.99
 5.6 ]
var: 1.0119666358879662
| [0m51       [0m | [0m1.09     [0m | [0m0.2584   [0m | [0m29.12    [0m | [0m1.446    [0m |
[0.   0.   0.   0.   0.   0.09 0.12 0.15 0.17 0.27 0.5  0.53 0.54 0.54
 0.57 0.59 0.67 0.73 0.75 0.82 0.92 0.94 0.99 1.01 1.05 1.14 1.23 1.4
 1.42 1.42 1.48 1.5  1.58 1.62 1.63 1.7  1.71 1.75 1.78 1.86 1.94 1.96
 2.22 2.25 2.28 2.36 2.37 2.39 2.58 2.62 2.64 2.64 2.77 3.06 3.1  3.22
 3.92 4.4  5.03 5.72]
var: 1.5524362222222217
| [0m52       [0m | [0m1.577    [0m | [0m1e-08    [0m | [0m7.119    [0m | [0m0.6754   [0m |
[0.18 0.41 0.45 0.65 0.67 0.84 0.88 0.99 1.   1.03 1.06 1.14 1.16 1.18
 1.21 1.22 1.27 1.3  1.41 1.43 1.48 1.5  1.5  1.51 1.52 1.55 1.6  1.62
 1.64 1.66 1.69 1.7  1.74 1.79 1.82 1.82 1.87 1.89 1.91 1.98 2.08 2.11
 2.12 2.14 2.69 2.7  2.73 2.76 2.84 2.85 3.01 3.03 3.03 3.06 3.27 3.89
 4.43 5.08 5.45 6.69]
var: 1.4667636388888878
| [0m53       [0m | [0m1.987    [0m | [0m0.2509   [0m | [0m7.828    [0m | [0m0.3158   [0m |
[0.43 0.54 0.66 0.72 0.75 0.8  0.84 0.95 1.09 1.27 1.3  1.33 1.34 1.36
 1.42 1.44 1.47 1.47 1.48 1.61 1.65 1.69 1.78 1.85 1.88 2.03 2.19 2.23
 2.31 2.39 2.42 2.44 2.5  2.52 2.57 2.58 2.59 2.62 2.64 2.68 2.72 2.78
 2.83 2.91 2.91 3.04 3.15 3.17 3.27 3.47 3.63 3.75 3.89 3.98 4.12 4.2
 4.37 4.59 4.69 9.35]
var: 1.984670972222222
| [0m54       [0m | [0m2.411    [0m | [0m0.2466   [0m | [0m7.319    [0m | [0m0.6751   [0m |
[0.13 0.53 0.94 1.1  1.14 1.16 1.21 1.31 1.38 1.4  1.45 1.49 1.52 1.62
 1.75 1.92 1.99 2.07 2.12 2.14 2.54 2.55 2.57 2.64 2.73 2.73 2.8  2.95
 2.96 3.   3.09 3.16 3.21 3.23 3.27 3.28 3.4  3.46 3.46 3.48 3.57 3.61
 3.76 3.92 3.93 3.96 4.06 4.09 4.15 4.2  4.31 4.44 4.45 4.83 4.9  5.07
 5.14]
var: 1.5129293321021848
| [95m55       [0m | [95m2.829    [0m | [95m0.06642  [0m | [95m9.064    [0m | [95m0.4623   [0m |
[0.2  0.29 0.36 0.58 0.59 0.65 0.79 0.94 1.   1.03 1.1  1.51 1.7  1.79
 1.82 1.91 1.92 1.94 1.98 2.   2.04 2.07 2.11 2.15 2.17 2.19 2.22 2.32
 2.36 2.44 2.45 2.53 2.53 2.58 2.65 2.68 2.68 2.85 2.95 3.   3.05 3.13
 3.24 3.25 3.3  3.35 3.37 3.55 3.61 3.7  3.83 3.91 4.28 4.36 4.4  4.78
 4.89 5.11 5.34 5.71]
var: 1.6774069722222231
| [0m56       [0m | [0m2.554    [0m | [0m0.2299   [0m | [0m8.982    [0m | [0m0.5895   [0m |
[0.03 0.07 0.12 0.15 0.16 0.39 0.4  0.4  0.45 0.51 0.51 0.52 0.53 0.54
 0.71 0.72 0.77 0.81 0.83 0.84 0.92 0.96 1.01 1.03 1.05 1.11 1.18 1.23
 1.36 1.39 1.41 1.42 1.43 1.54 1.59 1.61 1.64 1.75 1.87 1.94 2.03 2.03
 2.12 2.17 2.31 2.47 2.53 2.61 2.67 2.72 2.78 2.97 3.02 3.04 3.15 3.17
 3.18 3.22 4.05 4.14]
var: 1.0950848888888889
| [0m57       [0m | [0m1.555    [0m | [0m0.1572   [0m | [0m11.34    [0m | [0m2.329    [0m |
[0.08 0.1  0.11 0.11 0.11 0.16 0.22 0.26 0.27 0.27 0.28 0.29 0.31 0.35
 0.38 0.42 0.42 0.43 0.49 0.51 0.53 0.55 0.56 0.58 0.6  0.6  0.61 0.69
 0.73 0.82 0.91 0.91 0.97 0.97 1.02 1.05 1.06 1.17 1.19 1.19 1.22 1.23
 1.3  1.34 1.41 1.45 1.8  1.87 1.92 2.16 2.28 2.28 2.72 3.3 ]
var: 0.5111031550068592
| [0m58       [0m | [0m0.8993   [0m | [0m0.1725   [0m | [0m22.29    [0m | [0m1.733    [0m |
[0.56 0.62 0.84 1.06 1.13 1.27 1.28 1.3  1.33 1.53 1.66 1.67 1.72 1.83
 1.88 1.94 1.99 2.1  2.12 2.17 2.17 2.23 2.24 2.28 2.29 2.35 2.36 2.39
 2.4  2.46 2.62 2.65 2.67 2.8  2.86 2.87 2.95 3.05 3.18 3.19 3.2  3.21
 3.35 3.39 3.4  3.48 3.7  3.77 3.77 3.8  3.83 3.97 4.01 4.07 4.3  4.42
 4.51 4.51 5.12 6.09]
var: 1.309276083333333
| [0m59       [0m | [0m2.699    [0m | [0m0.2741   [0m | [0m9.004    [0m | [0m0.5926   [0m |
[0.49 0.72 0.74 0.76 0.92 1.06 1.11 1.13 1.21 1.35 1.4  1.43 1.44 1.45
 1.45 1.46 1.52 1.54 1.54 1.54 1.64 1.64 1.71 1.75 1.75 1.76 1.77 1.8
 1.84 1.87 1.92 1.97 1.98 1.98 2.06 2.06 2.22 2.26 2.27 2.32 2.45 2.49
 2.5  2.55 2.64 2.64 2.65 2.66 2.69 2.71 2.86 2.89 2.91 2.95 2.97 3.07
 3.47 3.82 3.87 4.14]
var: 0.6319395555555553
| [0m60       [0m | [0m2.029    [0m | [0m0.1872   [0m | [0m9.159    [0m | [0m0.3057   [0m |
[ 0.45  0.46  0.67  0.72  0.92  1.08  1.15  1.19  1.25  1.58  1.58  1.7
  1.7   1.71  1.72  1.9   1.93  2.1   2.12  2.13  2.28  2.28  2.33  2.42
  2.44  2.5   2.51  2.52  2.52  2.53  2.55  2.57  2.58  2.63  2.78  2.85
  2.88  2.9   2.91  2.99  3.    3.04  3.04  3.14  3.14  3.15  3.16  3.47
  3.55  3.65  3.7   3.7   3.7   3.96  4.01  4.27  4.61  5.08  5.38 10.03]
var: 2.0467616388888894
| [0m61       [0m | [0m2.68     [0m | [0m0.1649   [0m | [0m9.164    [0m | [0m0.6703   [0m |
[0.2  0.22 0.4  0.55 0.56 0.64 0.78 0.8  0.83 0.98 1.03 1.09 1.16 1.27
 1.28 1.4  1.41 1.45 1.48 1.58 1.62 1.75 1.81 1.84 1.97 1.98 2.02 2.02
 2.05 2.05 2.13 2.21 2.22 2.37 2.38 2.46 2.52 2.66 2.69 2.76 2.85 2.91
 3.04 3.09 3.18 3.24 3.28 3.28 3.38 3.66 3.74 3.79 4.03 4.25 4.35 4.38
 4.46 4.83 5.11 8.27]
var: 2.0735045555555547
| [0m62       [0m | [0m2.362    [0m | [0m0.1283   [0m | [0m7.822    [0m | [0m0.4365   [0m |
[0.33 0.65 0.89 1.07 1.1  1.15 1.42 1.53 1.6  1.69 1.7  1.71 1.76 1.77
 1.79 1.79 1.8  1.88 1.91 1.96 1.98 1.99 2.01 2.03 2.04 2.08 2.13 2.16
 2.18 2.19 2.23 2.4  2.45 2.51 2.56 2.57 2.67 2.68 2.8  2.81 3.01 3.12
 3.12 3.35 3.37 3.45 3.46 3.52 3.6  3.69 3.78 3.78 3.81 3.83 4.12 4.15
 4.45 4.93 5.75 6.13]
var: 1.3399383055555554
| [0m63       [0m | [0m2.573    [0m | [0m0.2908   [0m | [0m7.79     [0m | [0m0.5504   [0m |
[0.3  0.37 0.37 0.37 0.44 0.46 0.54 0.54 0.63 0.65 0.92 1.16 1.21 1.25
 1.25 1.42 1.45 1.52 1.55 1.61 1.65 1.66 1.68 1.73 1.76 1.77 1.8  1.81
 1.84 1.86 1.92 2.01 2.01 2.03 2.09 2.11 2.16 2.21 2.28 2.33 2.63 2.76
 2.86 2.98 2.99 3.07 3.07 3.13 3.14 3.26 3.28 3.93 4.07 4.14 4.14 4.37
 4.6  4.75 5.54 8.25]
var: 2.1122293333333326
| [0m64       [0m | [0m2.228    [0m | [0m0.1367   [0m | [0m8.875    [0m | [0m0.3494   [0m |
[0.73 0.91 1.   1.06 1.16 1.4  1.41 1.49 1.58 1.79 1.94 1.95 1.95 1.98
 2.1  2.13 2.18 2.22 2.33 2.44 2.54 2.58 2.58 2.74 2.77 2.78 2.83 2.91
 2.95 2.98 3.07 3.13 3.29 3.35 3.4  3.41 3.46 3.58 3.61 3.72 3.73 3.86
 3.91 3.94 3.97 4.09 4.37 4.48 5.15 5.58 5.63 6.37 6.99 7.06 9.28]
var: 2.7531049256198346
| [95m65       [0m | [95m3.161    [0m | [95m0.01132  [0m | [95m8.962    [0m | [95m0.4939   [0m |
[0.   0.   0.   0.   0.04 0.2  0.25 0.27 0.43 0.43 0.47 0.5  0.54 0.56
 0.57 0.57 0.59 0.62 0.64 0.71 0.73 0.76 0.77 0.78 0.82 0.87 0.89 1.
 1.02 1.1  1.11 1.15 1.16 1.18 1.26 1.29 1.3  1.53 1.7  1.7  1.98 2.07
 2.28 2.3  2.47 2.66 2.67 2.76 2.79 2.88 2.98 3.07 3.22 3.31 3.43 4.09
 5.19 6.28]
var: 1.7226004756242572
| [0m66       [0m | [0m1.482    [0m | [0m1e-08    [0m | [0m8.795    [0m | [0m0.5391   [0m |
[0.1  0.21 0.24 0.28 0.31 0.31 0.32 0.39 0.46 0.53 0.59 0.64 0.69 0.7
 0.76 0.76 0.78 0.78 0.8  0.84 0.85 0.87 0.92 0.92 0.98 0.99 1.1  1.19
 1.23 1.24 1.27 1.28 1.35 1.37 1.44 1.57 1.62 1.66 1.73 1.77 1.78 1.79
 1.91 2.   2.03 2.04 2.23 2.26 2.26 2.29 2.36 2.38 2.45 2.46 2.53 2.89
 3.04 3.29 3.57 4.46]
var: 0.8494656666666661
| [0m67       [0m | [0m1.431    [0m | [0m0.09197  [0m | [0m40.84    [0m | [0m0.5349   [0m |
[0.18 0.44 0.46 0.7  0.8  0.88 0.95 1.02 1.05 1.05 1.17 1.26 1.34 1.38
 1.41 1.46 1.61 1.64 1.69 1.79 1.81 1.86 1.96 1.97 1.98 2.11 2.11 2.12
 2.26 2.28 2.31 2.34 2.42 2.42 2.43 2.43 2.57 2.73 2.82 2.87 3.02 3.04
 3.06 3.09 3.14 3.19 3.22 3.28 3.38 3.41 3.61 3.67 3.68 3.78 3.83 3.86
 4.07 4.24 4.95 5.17]
var: 1.2694269722222216
| [0m68       [0m | [0m2.346    [0m | [0m0.2901   [0m | [0m9.089    [0m | [0m0.488    [0m |
[0.45 0.62 0.69 0.81 0.85 0.92 0.97 1.01 1.01 1.03 1.08 1.17 1.37 1.45
 1.47 1.56 1.57 1.65 1.69 1.75 1.79 1.82 1.95 2.01 2.07 2.21 2.24 2.35
 2.36 2.37 2.41 2.45 2.46 2.47 2.48 2.51 2.56 2.64 2.66 2.81 3.12 3.43
 3.59 3.62 3.68 3.79 3.83 3.86 3.88 4.02 4.11 4.22 4.39 4.45 4.51 4.54
 5.48 5.93 6.25 8.62]
var: 2.458515666666668
| [0m69       [0m | [0m2.651    [0m | [0m0.07294  [0m | [0m9.07     [0m | [0m0.6197   [0m |
[0.13 0.38 0.41 0.52 0.62 0.83 0.83 0.97 1.02 1.08 1.09 1.12 1.18 1.18
 1.22 1.24 1.25 1.26 1.37 1.39 1.42 1.47 1.51 1.54 1.64 1.72 1.77 1.84
 1.9  1.91 1.92 1.93 1.99 2.05 2.07 2.21 2.26 2.32 2.52 2.54 2.55 2.59
 2.59 2.66 2.7  2.95 2.96 3.01 3.03 3.04 3.22 3.63 3.65 3.68 3.7  4.04
 4.09 4.41 4.48 9.86]
var: 2.1077678888888896
| [0m70       [0m | [0m2.174    [0m | [0m0.2894   [0m | [0m9.22     [0m | [0m0.7736   [0m |
[0.   0.   0.01 0.01 0.05 0.06 0.07 0.15 0.16 0.18 0.19 0.21 0.22 0.26
 0.27 0.27 0.28 0.3  0.31 0.31 0.32 0.34 0.38 0.4  0.41 0.43 0.45 0.57
 0.58 0.61 0.62 0.72 0.75 0.76 0.76 0.77 0.85 0.87 0.88 0.97 1.   1.03
 1.03 1.05 1.06 1.07 1.15 1.19 1.3  1.32 1.4  1.7  1.86 2.02 2.11 2.21
 2.22 2.39 3.13 3.59]
var: 0.6009932222222226
| [0m71       [0m | [0m0.8263   [0m | [0m0.2782   [0m | [0m36.45    [0m | [0m2.867    [0m |
[0.28 0.33 0.36 0.38 0.69 0.75 0.76 0.82 0.84 0.94 1.09 1.12 1.22 1.25
 1.25 1.36 1.39 1.39 1.53 1.56 1.58 1.62 1.62 1.63 1.68 1.7  1.71 1.76
 1.87 1.91 1.93 1.98 2.05 2.18 2.32 2.32 2.33 2.35 2.39 2.48 2.58 2.6
 2.62 2.63 2.66 2.69 2.72 2.75 2.94 3.09 3.16 3.5  3.65 4.02 4.58]
var: 0.8834407933884302
| [0m72       [0m | [0m1.907    [0m | [0m0.0121   [0m | [0m16.0     [0m | [0m0.2378   [0m |
[0.   0.   0.01 0.03 0.05 0.06 0.07 0.1  0.12 0.13 0.14 0.14 0.14 0.16
 0.19 0.19 0.21 0.21 0.25 0.26 0.27 0.27 0.33 0.35 0.38 0.4  0.41 0.44
 0.46 0.48 0.49 0.5  0.5  0.54 0.57 0.59 0.6  0.61 0.62 0.63 0.64 0.65
 0.7  0.76 0.77 0.8  0.81 0.81 0.85 0.9  0.91 0.92 1.01 1.21 1.61 1.8
 2.26 2.36 2.49 2.59]
var: 0.3695954166666669
| [0m73       [0m | [0m0.6125   [0m | [0m0.2624   [0m | [0m46.09    [0m | [0m2.087    [0m |
[0.48 0.66 0.93 1.05 1.06 1.06 1.14 1.16 1.2  1.21 1.22 1.23 1.3  1.47
 1.57 1.64 1.72 1.83 1.87 1.89 1.94 2.09 2.12 2.23 2.38 2.41 2.44 2.44
 2.45 2.46 2.47 2.5  2.52 2.53 2.58 2.58 2.62 2.67 2.7  2.72 3.04 3.04
 3.05 3.09 3.15 3.2  3.24 3.26 3.29 3.4  3.59 3.7  3.8  3.98 4.17 4.3
 4.56 4.87 6.34]
var: 1.2717111174949725
| [0m74       [0m | [0m2.468    [0m | [0m0.008373 [0m | [0m9.234    [0m | [0m0.5432   [0m |
[0.15 0.53 0.81 0.89 1.1  1.13 1.32 1.41 1.57 1.68 1.75 1.75 1.75 1.79
 1.81 1.83 1.84 1.87 1.88 1.92 2.05 2.08 2.11 2.15 2.17 2.19 2.23 2.3
 2.33 2.38 2.42 2.49 2.53 2.61 2.66 2.77 2.87 2.92 3.   3.02 3.02 3.03
 3.24 3.24 3.24 3.25 3.26 3.26 3.28 3.33 3.38 3.43 3.79 3.95 3.96 4.01
 4.1  4.22 4.36 4.58]
var: 0.9628949722222219
| [0m75       [0m | [0m2.5      [0m | [0m0.2802   [0m | [0m7.936    [0m | [0m0.5284   [0m |
[0.08 0.08 0.08 0.1  0.12 0.13 0.18 0.18 0.19 0.21 0.22 0.24 0.26 0.29
 0.29 0.31 0.32 0.32 0.32 0.32 0.33 0.36 0.4  0.42 0.42 0.44 0.44 0.48
 0.49 0.5  0.55 0.57 0.57 0.57 0.59 0.65 0.65 0.66 0.67 0.68 0.74 0.76
 0.76 0.8  0.84 0.86 0.94 0.94 1.09 1.11 1.12 1.19 1.19 1.25 1.26 1.38
 1.96 2.21 2.76]
var: 0.26983205975294455
| [0m76       [0m | [0m0.6414   [0m | [0m0.175    [0m | [0m44.92    [0m | [0m1.262    [0m |
[0.12 0.35 0.57 0.7  1.06 1.07 1.11 1.13 1.18 1.3  1.43 1.44 1.44 1.54
 1.58 1.59 1.74 1.74 1.87 1.88 1.9  1.94 1.99 2.   2.   2.09 2.1  2.17
 2.28 2.28 2.42 2.55 2.56 2.56 2.56 2.59 2.59 2.63 2.95 2.95 2.99 3.01
 3.05 3.06 3.08 3.22 3.27 3.38 3.38 3.4  3.79 3.85 4.01 4.09 4.09 4.29
 4.3  6.49 6.63 6.94]
var: 1.891770305555556
| [0m77       [0m | [0m2.538    [0m | [0m0.2429   [0m | [0m6.59     [0m | [0m0.4157   [0m |
[0.13 0.42 0.5  0.63 0.63 0.71 0.85 1.05 1.12 1.16 1.27 1.29 1.35 1.6
 1.62 1.81 1.85 1.92 1.97 2.09 2.16 2.16 2.32 2.42 2.42 2.65 2.66 2.74
 2.75 2.83 2.85 2.93 2.93 2.96 3.13 3.19 3.22 3.27 3.35 3.39 3.4  3.42
 3.42 3.64 3.71 3.72 3.86 3.93 3.98 4.1  4.1  4.42 4.48 4.67 4.68 5.36
 5.9 ]
var: 1.7274275777162196
| [0m78       [0m | [0m2.651    [0m | [0m0.02178  [0m | [0m9.089    [0m | [0m0.4745   [0m |
[0.37 0.52 0.63 0.76 0.79 0.97 1.04 1.09 1.09 1.14 1.18 1.22 1.35 1.36
 1.38 1.39 1.5  1.52 1.53 1.55 1.6  1.66 1.67 1.67 1.68 1.69 1.73 1.77
 1.78 1.81 1.99 2.   2.05 2.06 2.11 2.14 2.16 2.17 2.27 2.33 2.41 2.41
 2.51 2.62 2.93 3.01 3.08 3.13 3.2  3.65 3.65 3.87 3.94 4.12 4.24 4.36
 4.46 5.02 5.37 5.51]
var: 1.4845583055555545
| [0m79       [0m | [0m2.237    [0m | [0m0.03937  [0m | [0m6.586    [0m | [0m0.3113   [0m |
[0.26 0.27 0.35 0.41 0.43 0.53 0.59 0.59 0.6  0.6  0.6  0.62 0.63 0.64
 0.7  0.73 0.75 0.75 0.79 0.85 0.86 0.87 0.9  0.93 1.   1.   1.02 1.04
 1.06 1.15 1.17 1.18 1.19 1.19 1.22 1.22 1.23 1.24 1.24 1.28 1.33 1.39
 1.41 1.48 1.55 1.57 1.79 1.88 1.97 1.97 2.13 2.22 2.32 2.51 2.55 2.9
 2.99 3.04]
var: 0.4698601664684896
| [0m80       [0m | [0m1.219    [0m | [0m0.04023  [0m | [0m20.97    [0m | [0m0.0501   [0m |
=============================================================
None
num_trials:  40  inits,  40  iters,  60  per
rho:  50
pthin:  0.60

Best VPT: 3.1607272727272737
Best result: {'a': 0.011321216221157521, 'g': 8.96236317223943, 's': 0.4939496871309395}

KERNEL: nu=1.5, lengthscale=2.0, alpha=0.0005
