|   iter    |  target   |     a     |     g     |     s     |
-------------------------------------------------------------
[0.09 0.1  0.13 0.14 0.18 0.21 0.22 0.22 0.23 0.24 0.25 0.26 0.26 0.28
 0.29 0.29 0.3  0.33 0.37 0.37 0.38 0.44 0.46 0.49 0.5  0.51 0.53 0.56
 0.6  0.65 0.68 0.69 0.69 0.69 0.7  0.73 0.73 0.88 0.89 0.92 0.96 0.97
 0.98 1.   1.03 1.04 1.11 1.13 1.29 1.32 1.43 1.49 1.55 1.63 1.64 1.73
 1.87 2.05 2.14 2.14]
var: 0.3050332222222226
| [0m1        [0m | [0m0.7663   [0m | [0m0.01305  [0m | [0m20.16    [0m | [0m2.321    [0m |
[0.02 0.07 0.08 0.1  0.15 0.17 0.19 0.21 0.22 0.24 0.25 0.27 0.28 0.28
 0.29 0.29 0.33 0.34 0.41 0.42 0.43 0.44 0.45 0.49 0.5  0.51 0.54 0.57
 0.64 0.65 0.69 0.72 0.73 0.75 0.77 0.81 0.88 0.88 0.92 0.96 1.   1.05
 1.05 1.13 1.21 1.22 1.23 1.34 1.39 1.4  1.4  1.49 1.57 1.63 1.79 1.8
 2.16 2.76 2.85]
var: 0.3968500430910661
| [95m2        [0m | [95m0.8036   [0m | [95m0.1179   [0m | [95m21.31    [0m | [95m0.7404   [0m |
[0.07 0.09 0.11 0.16 0.17 0.23 0.24 0.28 0.29 0.31 0.32 0.34 0.35 0.39
 0.43 0.44 0.45 0.47 0.52 0.63 0.63 0.69 0.69 0.7  0.7  0.74 0.74 0.75
 0.8  0.82 0.86 0.92 0.96 0.96 0.99 1.01 1.03 1.04 1.09 1.09 1.11 1.2
 1.27 1.28 1.3  1.3  1.31 1.32 1.35 1.42 1.42 1.46 1.71 2.17 2.25 2.27
 2.77 2.99 3.53 3.61]
var: 0.6212690000000002
| [95m3        [0m | [95m1.009    [0m | [95m0.2308   [0m | [95m7.142    [0m | [95m2.989    [0m |
[0.02 0.03 0.04 0.06 0.07 0.08 0.09 0.1  0.12 0.13 0.14 0.2  0.2  0.22
 0.24 0.24 0.25 0.26 0.29 0.3  0.32 0.32 0.39 0.4  0.44 0.55 0.58 0.58
 0.6  0.61 0.61 0.61 0.64 0.64 0.65 0.68 0.71 0.77 0.78 0.79 0.8  0.84
 0.88 0.92 0.96 1.04 1.09 1.17 1.23 1.33 1.34 1.46 1.66 1.69 1.74 1.97
 2.23]
var: 0.2791483533394894
| [0m4        [0m | [0m0.6509   [0m | [0m0.01913  [0m | [0m8.47     [0m | [0m0.2389   [0m |
[0.04 0.07 0.11 0.11 0.13 0.21 0.22 0.24 0.26 0.32 0.34 0.35 0.35 0.35
 0.37 0.37 0.39 0.43 0.46 0.47 0.47 0.48 0.48 0.49 0.49 0.52 0.53 0.53
 0.57 0.59 0.63 0.68 0.7  0.72 0.78 0.8  0.8  0.81 0.81 0.9  0.98 0.98
 0.99 1.   1.03 1.06 1.06 1.07 1.09 1.41 1.46 1.58 1.69 1.76 2.08 2.11
 3.24 3.38]
var: 0.4522023781212842
| [0m5        [0m | [0m0.799    [0m | [0m0.1781   [0m | [0m40.44    [0m | [0m1.084    [0m |
[0.01 0.03 0.16 0.19 0.22 0.5  0.56 0.57 0.58 0.58 0.63 0.67 0.69 0.71
 0.78 0.81 0.83 0.85 0.86 0.87 0.9  0.93 0.97 0.99 0.99 1.02 1.02 1.03
 1.04 1.06 1.09 1.15 1.17 1.19 1.24 1.25 1.3  1.43 1.43 1.45 1.52 1.59
 1.62 1.65 1.7  1.79 1.8  2.1  2.31 2.33 2.36 2.37 2.51 2.51 2.83 2.92
 2.97 3.18 3.26 3.45]
var: 0.7048959999999999
| [95m6        [0m | [95m1.342    [0m | [95m0.2151   [0m | [95m10.2     [0m | [95m1.77     [0m |
[0.01 0.08 0.15 0.17 0.18 0.26 0.28 0.33 0.36 0.4  0.45 0.61 0.61 0.62
 0.63 0.65 0.72 0.78 0.81 0.83 0.88 0.91 0.95 0.96 1.02 1.03 1.06 1.18
 1.18 1.25 1.26 1.28 1.29 1.3  1.31 1.33 1.37 1.5  1.59 1.59 1.64 1.68
 1.7  1.74 1.92 1.93 2.15 2.24 2.3  2.33 2.44 2.48 2.61 2.7  2.91 3.21
 3.24 3.38 5.01]
var: 0.9509196207986219
| [95m7        [0m | [95m1.369    [0m | [95m0.03636  [0m | [95m14.27    [0m | [95m0.8585   [0m |
[0.25 0.31 0.42 0.44 0.45 0.52 0.53 0.55 0.7  0.76 0.77 0.8  0.81 1.
 1.01 1.14 1.14 1.15 1.19 1.2  1.23 1.33 1.36 1.36 1.39 1.4  1.42 1.45
 1.51 1.53 1.55 1.56 1.67 1.7  1.81 1.85 1.85 1.88 1.93 2.06 2.15 2.18
 2.2  2.22 2.25 2.25 2.27 2.28 2.28 2.34 2.48 2.54 2.55 2.63 2.65 2.68
 3.03 3.08 3.72 4.97]
var: 0.7841669722222215
| [95m8        [0m | [95m1.662    [0m | [95m0.1449   [0m | [95m19.3     [0m | [95m1.152    [0m |
[0.   0.   0.   0.   0.   0.   0.01 0.03 0.03 0.03 0.03 0.03 0.03 0.05
 0.07 0.07 0.08 0.08 0.09 0.09 0.1  0.1  0.12 0.12 0.13 0.13 0.13 0.13
 0.13 0.14 0.14 0.14 0.14 0.15 0.16 0.16 0.16 0.17 0.18 0.19 0.19 0.2
 0.22 0.22 0.23 0.23 0.25 0.25 0.26 0.3  0.31 0.35 0.36 0.36 0.38 0.56
 0.57 0.65 0.77 0.81]
var: 0.032139416666666754
| [0m9        [0m | [0m0.1835   [0m | [0m0.2924   [0m | [0m42.36    [0m | [0m0.4177   [0m |
[0.05 0.07 0.14 0.15 0.16 0.19 0.23 0.23 0.3  0.32 0.33 0.33 0.37 0.39
 0.41 0.47 0.54 0.57 0.59 0.6  0.61 0.63 0.64 0.66 0.69 0.76 0.82 0.84
 0.85 0.86 0.88 0.94 0.95 1.   1.03 1.13 1.15 1.16 1.21 1.26 1.28 1.29
 1.31 1.55 1.6  1.62 1.69 1.88 2.07 2.11 2.21 2.36 2.4  2.42 2.47 2.56
 2.58 2.58 3.06]
var: 0.6176103418557881
| [0m10       [0m | [0m1.077    [0m | [0m0.2616   [0m | [0m7.713    [0m | [0m2.703    [0m |
[0.02 0.03 0.15 0.16 0.17 0.17 0.18 0.18 0.2  0.24 0.24 0.27 0.27 0.28
 0.28 0.29 0.3  0.3  0.31 0.31 0.32 0.32 0.33 0.35 0.35 0.38 0.38 0.42
 0.43 0.44 0.44 0.48 0.5  0.51 0.51 0.54 0.54 0.57 0.58 0.58 0.6  0.62
 0.63 0.65 0.67 0.72 0.76 0.78 0.79 0.79 0.85 0.91 1.   1.03 1.09 1.15
 1.27 1.34 1.49 1.54]
var: 0.12140888888888876
| [0m11       [0m | [0m0.5333   [0m | [0m0.2641   [0m | [0m37.31    [0m | [0m0.0987   [0m |
[0.07 0.09 0.09 0.11 0.12 0.12 0.13 0.15 0.15 0.18 0.18 0.19 0.2  0.21
 0.22 0.23 0.23 0.23 0.26 0.27 0.29 0.33 0.39 0.4  0.41 0.45 0.45 0.46
 0.52 0.53 0.54 0.55 0.55 0.55 0.6  0.6  0.6  0.61 0.61 0.64 0.65 0.65
 0.72 0.72 0.73 0.73 0.79 0.85 0.86 0.9  0.98 1.03 1.09 1.17 1.23 1.29
 1.39 1.43 1.62]
var: 0.14244567652973283
| [0m12       [0m | [0m0.5481   [0m | [0m0.2051   [0m | [0m0.2914   [0m | [0m2.798    [0m |
[0.03 0.07 0.1  0.1  0.12 0.14 0.19 0.21 0.22 0.22 0.23 0.26 0.26 0.28
 0.31 0.32 0.34 0.37 0.4  0.42 0.51 0.56 0.56 0.6  0.61 0.62 0.63 0.63
 0.64 0.68 0.7  0.72 0.77 0.78 0.81 0.81 0.85 0.89 0.92 0.98 1.03 1.09
 1.09 1.1  1.12 1.22 1.27 1.32 1.47 1.48 1.6  1.64 1.74 1.8  1.92 1.97
 2.95 5.31 5.53]
var: 1.0379264004596387
| [0m13       [0m | [0m0.9408   [0m | [0m0.2813   [0m | [0m42.38    [0m | [0m1.111    [0m |
[0.09 0.23 0.25 0.32 0.36 0.38 0.41 0.44 0.47 0.54 0.54 0.58 0.64 0.69
 0.82 0.85 0.87 0.88 0.92 0.94 0.95 0.96 1.   1.01 1.08 1.1  1.11 1.12
 1.14 1.17 1.19 1.24 1.27 1.28 1.4  1.46 1.48 1.49 1.56 1.57 1.6  1.68
 1.74 1.76 1.77 1.83 1.86 2.17 2.3  2.6  2.65 2.72 2.85 2.9  2.93 3.13
 3.42 3.52]
var: 0.7228308263971465
| [0m14       [0m | [0m1.366    [0m | [0m0.0568   [0m | [0m13.47    [0m | [0m0.8581   [0m |
[0.04 0.04 0.09 0.13 0.15 0.17 0.19 0.2  0.21 0.24 0.24 0.24 0.27 0.29
 0.31 0.33 0.35 0.36 0.4  0.41 0.42 0.44 0.45 0.46 0.46 0.46 0.49 0.49
 0.54 0.55 0.61 0.63 0.64 0.67 0.68 0.69 0.69 0.78 0.8  0.93 0.95 0.98
 1.   1.05 1.05 1.07 1.17 1.23 1.31 1.52 1.57 1.81 2.34 2.55 2.66 2.86]
var: 0.42598456632653126
| [0m15       [0m | [0m0.7439   [0m | [0m0.2153   [0m | [0m35.44    [0m | [0m2.002    [0m |
[0.   0.   0.01 0.02 0.03 0.06 0.07 0.08 0.09 0.09 0.11 0.11 0.11 0.12
 0.13 0.14 0.15 0.16 0.17 0.2  0.2  0.22 0.22 0.23 0.23 0.25 0.26 0.26
 0.28 0.29 0.29 0.31 0.31 0.31 0.31 0.34 0.35 0.35 0.39 0.4  0.43 0.5
 0.54 0.54 0.56 0.56 0.56 0.59 0.59 0.66 0.67 0.69 0.78 0.79 0.8  0.86
 0.93 0.99 1.33 1.37]
var: 0.0957349722222221
| [0m16       [0m | [0m0.3732   [0m | [0m0.23     [0m | [0m47.55    [0m | [0m0.7413   [0m |
[0.02 0.04 0.08 0.09 0.1  0.1  0.11 0.11 0.12 0.12 0.13 0.13 0.13 0.15
 0.15 0.16 0.16 0.19 0.21 0.21 0.21 0.26 0.29 0.3  0.33 0.33 0.33 0.37
 0.38 0.4  0.41 0.42 0.43 0.45 0.45 0.47 0.49 0.5  0.52 0.57 0.57 0.57
 0.6  0.61 0.64 0.67 0.72 0.96 0.99 1.02 1.1  1.15 1.18 1.29 1.32 1.4
 1.57 2.08 2.85 3.01]
var: 0.3755015555555552
| [0m17       [0m | [0m0.5787   [0m | [0m0.006923 [0m | [0m35.27    [0m | [0m2.876    [0m |
[0.   0.   0.   0.   0.   0.01 0.01 0.02 0.02 0.02 0.02 0.02 0.02 0.04
 0.04 0.05 0.05 0.06 0.06 0.06 0.06 0.09 0.09 0.11 0.11 0.11 0.12 0.12
 0.13 0.13 0.14 0.14 0.14 0.14 0.15 0.16 0.17 0.17 0.18 0.18 0.2  0.2
 0.21 0.22 0.22 0.23 0.23 0.26 0.34 0.34 0.38 0.4  0.44 0.47 0.5  0.55
 1.27]
var: 0.04004136657433061
| [0m18       [0m | [0m0.1684   [0m | [0m0.2576   [0m | [0m49.31    [0m | [0m0.5044   [0m |
[0.   0.   0.   0.   0.   0.   0.   0.   0.01 0.01 0.02 0.02 0.02 0.02
 0.03 0.03 0.04 0.04 0.04 0.04 0.05 0.05 0.06 0.07 0.08 0.08 0.09 0.1
 0.1  0.1  0.11 0.12 0.12 0.12 0.13 0.13 0.13 0.14 0.15 0.15 0.15 0.16
 0.17 0.17 0.19 0.21 0.22 0.22 0.25 0.34 0.34 0.4  0.45 0.47 0.52 0.6 ]
var: 0.019539158163265367
| [0m19       [0m | [0m0.1296   [0m | [0m0.1852   [0m | [0m49.2     [0m | [0m0.3345   [0m |
[0.45 0.46 0.5  0.51 0.56 0.67 0.92 0.95 0.96 1.08 1.22 1.38 1.41 1.41
 1.41 1.49 1.49 1.57 1.61 1.62 1.66 1.68 1.72 1.73 1.74 1.77 1.92 1.94
 1.98 1.99 2.   2.27 2.38 2.39 2.48 2.51 2.56 2.69 2.8  2.82 2.83 2.92
 2.94 2.99 3.   3.08 3.08 3.36 3.4  3.4  3.62 3.8  3.98 3.98 4.07 4.1
 4.2  4.31 6.03 6.49]
var: 1.6401426666666667
| [95m20       [0m | [95m2.338    [0m | [95m0.1596   [0m | [95m9.44     [0m | [95m1.308    [0m |
[0.1  0.1  0.21 0.23 0.23 0.23 0.29 0.31 0.33 0.36 0.38 0.4  0.41 0.42
 0.42 0.43 0.43 0.53 0.53 0.56 0.56 0.56 0.58 0.62 0.63 0.65 0.66 0.67
 0.67 0.67 0.68 0.7  0.74 0.77 0.8  0.81 0.85 0.85 0.86 0.87 0.89 0.91
 0.93 0.97 1.06 1.06 1.1  1.11 1.16 1.18 1.24 1.33 1.36 1.38 1.59 1.96
 2.36 2.52]
var: 0.24060835315101067
| [0m21       [0m | [0m0.7795   [0m | [0m0.07415  [0m | [0m32.77    [0m | [0m0.08477  [0m |
[0.03 0.04 0.12 0.13 0.14 0.15 0.22 0.24 0.24 0.25 0.29 0.29 0.3  0.3
 0.31 0.34 0.38 0.4  0.4  0.42 0.42 0.43 0.44 0.45 0.47 0.48 0.49 0.51
 0.57 0.58 0.59 0.59 0.64 0.64 0.65 0.69 0.73 0.79 0.79 0.8  0.82 0.83
 0.85 1.02 1.04 1.09 1.12 1.15 1.18 1.18 1.21 1.46 1.5  1.53 1.56 1.62
 1.91 2.02 2.6  2.76]
var: 0.34631163888888883
| [0m22       [0m | [0m0.7532   [0m | [0m0.2682   [0m | [0m29.51    [0m | [0m2.2      [0m |
[0.25 0.26 0.27 0.29 0.29 0.3  0.32 0.33 0.34 0.34 0.35 0.37 0.39 0.4
 0.41 0.42 0.43 0.47 0.51 0.52 0.55 0.56 0.6  0.68 0.7  0.7  0.72 0.72
 0.73 0.77 0.79 0.79 0.87 0.88 0.91 0.96 0.96 0.99 1.   1.01 1.01 1.03
 1.12 1.14 1.17 1.2  1.23 1.31 1.33 1.38 1.41 1.47 1.52 1.52 1.57 1.66
 1.79 6.15]
var: 0.6593650416171223
| [0m23       [0m | [0m0.8993   [0m | [0m0.07374  [0m | [0m49.14    [0m | [0m0.03154  [0m |
[0.09 0.09 0.11 0.12 0.12 0.14 0.14 0.14 0.15 0.15 0.16 0.16 0.16 0.16
 0.17 0.17 0.18 0.2  0.24 0.25 0.26 0.29 0.29 0.36 0.41 0.41 0.43 0.49
 0.59 0.59 0.63 0.66 0.67 0.68 0.73 0.73 0.73 0.76 0.8  0.8  0.82 0.97
 0.98 1.07 1.1  1.1  1.11 1.13 1.25 1.26 1.27 1.3  1.33 1.51 1.75 2.
 2.15 2.6  2.73 3.43]
var: 0.5032114166666665
| [0m24       [0m | [0m0.7545   [0m | [0m0.2689   [0m | [0m4.852    [0m | [0m1.994    [0m |
[0.09 0.09 0.13 0.13 0.17 0.19 0.2  0.22 0.22 0.25 0.26 0.27 0.28 0.31
 0.32 0.34 0.35 0.35 0.36 0.39 0.4  0.43 0.44 0.46 0.48 0.48 0.5  0.56
 0.56 0.57 0.57 0.66 0.66 0.7  0.71 0.77 0.77 0.79 0.83 0.87 0.87 0.9
 0.92 0.92 0.95 0.95 1.17 1.28 1.3  1.3  1.38 1.42 1.42 1.47 1.49 1.82
 2.07 2.42 2.59]
var: 0.31683889686871614
| [0m25       [0m | [0m0.7419   [0m | [0m0.1915   [0m | [0m34.96    [0m | [0m2.493    [0m |
[0.08 0.14 0.18 0.19 0.2  0.21 0.21 0.24 0.31 0.33 0.33 0.33 0.35 0.44
 0.54 0.58 0.59 0.6  0.62 0.64 0.65 0.66 0.67 0.68 0.69 0.72 0.72 0.72
 0.75 0.83 0.91 0.92 0.95 0.97 1.04 1.12 1.15 1.26 1.31 1.31 1.36 1.37
 1.38 1.42 1.5  1.52 1.63 1.63 1.66 1.67 1.81 1.83 1.91 1.96 2.29 2.31
 2.34 2.41 2.64 3.4 ]
var: 0.5240543333333341
| [0m26       [0m | [0m1.053    [0m | [0m0.1684   [0m | [0m22.83    [0m | [0m1.819    [0m |
[0.   0.04 0.05 0.07 0.1  0.11 0.11 0.12 0.13 0.14 0.14 0.14 0.14 0.14
 0.14 0.16 0.16 0.18 0.2  0.2  0.2  0.2  0.21 0.21 0.21 0.23 0.23 0.24
 0.25 0.25 0.25 0.27 0.27 0.28 0.3  0.31 0.33 0.34 0.34 0.34 0.37 0.38
 0.38 0.42 0.44 0.47 0.48 0.5  0.53 0.54 0.59 0.6  0.66 0.71 0.8  0.84
 0.89 0.94 1.08 2.  ]
var: 0.10154763888888876
| [0m27       [0m | [0m0.3558   [0m | [0m0.26     [0m | [0m27.0     [0m | [0m0.5409   [0m |
[0.06 0.08 0.12 0.14 0.14 0.18 0.18 0.2  0.22 0.28 0.28 0.31 0.32 0.43
 0.44 0.44 0.45 0.47 0.5  0.56 0.6  0.63 0.64 0.67 0.73 0.81 0.81 0.9
 0.91 0.92 0.95 0.97 1.01 1.05 1.06 1.06 1.11 1.13 1.28 1.28 1.33 1.36
 1.37 1.48 1.49 1.49 1.56 1.61 1.77 1.79 1.97 2.01 2.02 2.06 2.09 2.29
 2.46 2.55 2.65 2.82]
var: 0.5311127500000002
| [0m28       [0m | [0m1.042    [0m | [0m0.01808  [0m | [0m34.23    [0m | [0m1.59     [0m |
[0.11 0.28 0.44 0.58 0.64 0.68 0.7  0.74 0.79 0.88 0.95 0.97 0.99 1.01
 1.05 1.07 1.09 1.12 1.27 1.31 1.33 1.36 1.39 1.39 1.43 1.45 1.47 1.55
 1.63 1.71 1.71 1.75 1.81 1.81 1.86 1.92 1.94 2.   2.01 2.24 2.26 2.3
 2.34 2.41 2.46 2.55 2.64 2.72 2.72 2.73 2.79 2.91 2.92 3.01 3.09 3.65
 3.77 4.   4.38 4.98]
var: 1.0476890000000008
| [0m29       [0m | [0m1.851    [0m | [0m0.04993  [0m | [0m3.24     [0m | [0m1.29     [0m |
[0.   0.   0.   0.   0.01 0.02 0.03 0.03 0.04 0.07 0.08 0.08 0.09 0.1
 0.1  0.11 0.12 0.13 0.15 0.16 0.18 0.19 0.2  0.2  0.2  0.21 0.21 0.21
 0.24 0.24 0.25 0.25 0.26 0.28 0.28 0.29 0.29 0.3  0.31 0.31 0.33 0.35
 0.37 0.4  0.43 0.43 0.46 0.47 0.51 0.54 0.55 0.55 0.66 0.67 0.69 0.87
 0.91 1.07]
var: 0.0564173602853746
| [0m30       [0m | [0m0.2841   [0m | [0m0.02503  [0m | [0m41.61    [0m | [0m0.6655   [0m |
[0.04 0.08 0.12 0.12 0.15 0.15 0.16 0.17 0.21 0.23 0.23 0.23 0.3  0.31
 0.32 0.36 0.37 0.37 0.42 0.43 0.43 0.44 0.47 0.53 0.54 0.59 0.62 0.67
 0.71 0.87 0.89 0.97 0.99 1.03 1.15 1.2  1.23 1.24 1.25 1.3  1.35 1.36
 1.43 1.44 1.47 1.54 1.68 1.74 1.78 1.8  1.83 1.83 2.01 2.13 2.23 2.41
 2.45 2.56 2.78 4.34]
var: 0.7238909722222232
| [0m31       [0m | [0m1.034    [0m | [0m0.2261   [0m | [0m32.27    [0m | [0m1.757    [0m |
[0.   0.01 0.02 0.03 0.04 0.05 0.05 0.05 0.08 0.11 0.11 0.14 0.15 0.15
 0.15 0.15 0.15 0.16 0.17 0.19 0.21 0.21 0.21 0.22 0.22 0.22 0.23 0.27
 0.27 0.27 0.28 0.29 0.3  0.31 0.33 0.33 0.39 0.44 0.46 0.46 0.5  0.5
 0.51 0.54 0.54 0.55 0.56 0.62 0.64 0.71 0.71 0.72 0.75 0.76 0.81 0.96
 1.01 1.05 1.16 1.34]
var: 0.095509888888889
| [0m32       [0m | [0m0.3803   [0m | [0m0.09042  [0m | [0m49.64    [0m | [0m0.8322   [0m |
[0.   0.01 0.02 0.03 0.04 0.04 0.04 0.04 0.05 0.05 0.05 0.06 0.07 0.07
 0.08 0.08 0.09 0.1  0.1  0.11 0.12 0.14 0.17 0.17 0.17 0.17 0.2  0.2
 0.2  0.21 0.26 0.27 0.29 0.3  0.3  0.31 0.34 0.35 0.36 0.36 0.37 0.41
 0.42 0.43 0.44 0.44 0.45 0.46 0.49 0.5  0.51 0.53 0.56 0.6  0.62 0.66
 0.75 1.   1.01 1.02]
var: 0.06321830555555549
| [0m33       [0m | [0m0.2948   [0m | [0m0.03285  [0m | [0m44.08    [0m | [0m0.1617   [0m |
[0.25 0.27 0.34 0.35 0.45 0.46 0.53 0.54 0.64 0.72 0.72 0.75 0.79 0.82
 0.96 0.97 0.98 0.99 1.   1.02 1.04 1.09 1.1  1.1  1.11 1.12 1.16 1.16
 1.22 1.27 1.28 1.31 1.37 1.48 1.49 1.63 1.66 1.68 1.71 1.76 1.88 1.89
 1.93 1.98 1.99 2.   2.01 2.15 2.24 2.29 2.4  2.41 2.59 2.62 2.64 2.73
 2.89 2.89 3.59 4.5 ]
var: 0.7281260833333334
| [0m34       [0m | [0m1.499    [0m | [0m0.2614   [0m | [0m2.083    [0m | [0m1.178    [0m |
[0.   0.01 0.01 0.03 0.03 0.04 0.05 0.05 0.05 0.05 0.09 0.1  0.11 0.13
 0.13 0.14 0.16 0.18 0.23 0.24 0.26 0.27 0.28 0.28 0.31 0.32 0.33 0.35
 0.36 0.4  0.42 0.43 0.45 0.49 0.49 0.49 0.5  0.52 0.54 0.55 0.61 0.68
 0.75 0.76 0.78 0.81 0.82 0.88 0.96 1.03 1.07 1.16 1.24 1.28 1.45 1.67
 2.18]
var: 0.20886691289627568
| [0m35       [0m | [0m0.4912   [0m | [0m0.1729   [0m | [0m18.37    [0m | [0m0.4794   [0m |
[0.01 0.33 0.38 0.56 0.57 0.69 0.72 0.8  0.92 0.92 1.05 1.06 1.14 1.2
 1.22 1.26 1.26 1.27 1.31 1.33 1.33 1.33 1.36 1.36 1.4  1.46 1.66 1.74
 1.77 1.81 1.82 1.82 1.89 1.9  1.91 1.98 2.05 2.06 2.1  2.12 2.12 2.15
 2.28 2.59 2.62 2.63 2.64 2.69 2.76 2.8  2.8  2.87 3.1  3.11 3.14 3.15
 3.31 3.52 3.65 4.06]
var: 0.8187078888888891
| [0m36       [0m | [0m1.848    [0m | [0m0.01901  [0m | [0m19.18    [0m | [0m1.231    [0m |
[0.   0.01 0.02 0.03 0.04 0.05 0.07 0.07 0.08 0.09 0.1  0.11 0.12 0.13
 0.16 0.16 0.17 0.19 0.2  0.2  0.21 0.26 0.3  0.31 0.33 0.34 0.34 0.34
 0.35 0.39 0.43 0.44 0.45 0.47 0.48 0.54 0.55 0.55 0.57 0.62 0.64 0.66
 0.67 0.69 0.73 0.78 0.84 0.85 0.85 0.9  1.02 1.03 1.08 1.12 1.24 1.29
 1.49 1.77 1.88 2.78]
var: 0.27444100000000005
| [0m37       [0m | [0m0.543    [0m | [0m0.1292   [0m | [0m44.84    [0m | [0m2.672    [0m |
[0.   0.   0.02 0.03 0.07 0.08 0.08 0.14 0.18 0.2  0.23 0.25 0.26 0.27
 0.33 0.36 0.41 0.42 0.44 0.45 0.45 0.46 0.5  0.54 0.55 0.55 0.55 0.63
 0.71 0.71 0.76 0.78 0.8  0.81 0.89 0.94 0.95 1.02 1.13 1.16 1.16 1.2
 1.21 1.21 1.26 1.29 1.37 1.46 1.48 1.51 1.59 1.6  1.65 1.68 1.83 1.91
 2.11 2.2  2.46 4.97]
var: 0.6564578888888887
| [0m38       [0m | [0m0.9043   [0m | [0m0.06182  [0m | [0m18.33    [0m | [0m2.72     [0m |
[0.16 0.2  0.22 0.23 0.29 0.33 0.33 0.36 0.45 0.48 0.5  0.53 0.54 0.57
 0.6  0.66 0.71 0.77 0.78 0.82 0.83 0.96 0.97 0.98 0.99 1.04 1.06 1.11
 1.15 1.2  1.24 1.31 1.36 1.38 1.38 1.39 1.46 1.51 1.68 1.69 1.8  1.8
 1.81 1.84 1.99 2.05 2.13 2.23 2.24 2.25 2.39 2.77 2.89 3.18 3.97 4.37
 5.2 ]
var: 1.0836460449369039
| [0m39       [0m | [0m1.388    [0m | [0m0.08911  [0m | [0m25.91    [0m | [0m1.474    [0m |
[0.05 0.16 0.19 0.2  0.22 0.22 0.24 0.25 0.25 0.27 0.28 0.3  0.32 0.33
 0.34 0.34 0.36 0.37 0.4  0.43 0.44 0.46 0.47 0.47 0.48 0.48 0.59 0.66
 0.66 0.69 0.69 0.73 0.73 0.75 0.76 0.76 0.79 0.82 0.84 0.85 0.89 0.93
 0.96 0.97 0.98 1.02 1.05 1.08 1.2  1.22 1.23 1.26 1.31 1.42 1.44 1.64
 1.69 2.38 2.47 3.08]
var: 0.34150233333333296
| [0m40       [0m | [0m0.781    [0m | [0m0.02527  [0m | [0m1.074    [0m | [0m1.604    [0m |
[0.14 0.17 0.24 0.33 0.36 0.41 0.45 0.61 0.64 0.68 0.68 0.78 0.8  0.85
 0.95 0.98 1.07 1.15 1.28 1.28 1.31 1.32 1.33 1.39 1.47 1.51 1.58 1.6
 1.64 1.71 1.75 1.76 1.8  1.8  1.82 1.85 1.91 1.96 1.99 2.05 2.19 2.21
 2.29 2.41 2.56 2.62 2.83 2.87 2.92 2.97 2.97 3.   3.01 3.48 3.49 3.78
 4.22 4.37 5.15 5.46]
var: 1.4321066666666658
| [0m41       [0m | [0m1.87     [0m | [0m0.2869   [0m | [0m9.231    [0m | [0m1.553    [0m |
[0.   0.   0.   0.   0.   0.   0.   0.03 0.13 0.16 0.24 0.26 0.29 0.34
 0.38 0.41 0.47 0.48 0.53 0.62 0.67 0.67 0.68 0.71 0.74 0.91 0.99 0.99
 1.   1.08 1.09 1.17 1.17 1.23 1.27 1.31 1.32 1.34 1.36 1.4  1.41 1.44
 1.45 1.48 1.54 1.97 1.98 2.11 2.32 2.34 2.52 2.71 3.02 3.13 3.16 3.34
 4.64]
var: 1.017167497691598
| [0m42       [0m | [0m1.158    [0m | [0m1e-08    [0m | [0m9.687    [0m | [0m1.122    [0m |
[0.03 0.08 0.17 0.25 0.3  0.31 0.44 0.44 0.49 0.52 0.53 0.65 0.68 0.73
 0.73 0.8  0.89 0.93 0.96 1.02 1.05 1.06 1.09 1.25 1.25 1.26 1.28 1.3
 1.36 1.41 1.59 1.59 1.61 1.69 1.7  1.74 1.76 1.82 2.03 2.23 2.27 2.43
 2.43 2.45 2.5  2.59 2.6  2.71 2.74 2.77 2.78 2.83 2.9  2.97 3.05 3.18
 3.22 3.25]
var: 0.889809304399524
| [0m43       [0m | [0m1.564    [0m | [0m0.2104   [0m | [0m19.28    [0m | [0m1.157    [0m |
[0.06 0.15 0.44 0.46 0.51 0.6  0.64 0.76 0.85 0.89 0.93 0.93 1.08 1.12
 1.16 1.16 1.2  1.21 1.26 1.37 1.41 1.48 1.51 1.59 1.64 1.7  1.73 1.74
 1.76 1.78 1.83 1.89 1.98 1.99 1.99 2.01 2.03 2.06 2.09 2.13 2.15 2.27
 2.29 2.45 2.59 2.67 2.68 2.97 3.08 3.08 3.1  3.33 3.61 3.63 3.84 4.31]
var: 0.9103188456632658
| [0m44       [0m | [0m1.807    [0m | [0m0.2355   [0m | [0m9.219    [0m | [0m1.143    [0m |
[0.08 0.14 0.25 0.33 0.39 0.59 0.67 0.76 0.79 0.82 0.89 0.91 0.92 0.97
 0.99 1.11 1.14 1.16 1.17 1.17 1.3  1.34 1.37 1.42 1.43 1.45 1.46 1.5
 1.51 1.52 1.52 1.54 1.64 1.69 1.81 1.88 1.94 1.99 2.03 2.11 2.22 2.23
 2.42 2.52 2.53 2.55 2.86 3.02 3.33 3.62 3.79 3.94 5.04 6.04 6.05]
var: 1.6622791404958674
| [0m45       [0m | [0m1.816    [0m | [0m0.3      [0m | [0m9.555    [0m | [0m1.452    [0m |
[0.   0.   0.05 0.15 0.26 0.32 0.35 0.39 0.41 0.46 0.54 0.56 0.57 0.58
 0.59 0.64 0.68 0.7  0.78 0.83 0.87 0.89 0.89 0.95 0.96 1.02 1.02 1.08
 1.17 1.3  1.42 1.45 1.46 1.46 1.52 1.6  1.64 1.67 1.68 1.72 1.74 1.89
 1.91 1.92 1.92 2.03 2.29 2.45 2.71 2.78 2.91 2.96 3.35 3.62 3.73 3.89
 4.05]
var: 1.0647394890735618
| [0m46       [0m | [0m1.417    [0m | [0m1e-08    [0m | [0m9.32     [0m | [0m1.43     [0m |
[0.03 0.08 0.13 0.15 0.15 0.16 0.17 0.17 0.17 0.18 0.19 0.21 0.22 0.23
 0.23 0.23 0.25 0.29 0.3  0.31 0.31 0.31 0.32 0.33 0.33 0.35 0.37 0.4
 0.42 0.43 0.47 0.47 0.48 0.49 0.54 0.58 0.59 0.6  0.64 0.68 0.69 0.73
 0.76 0.77 0.79 0.86 0.86 0.89 0.95 0.96 1.07 1.21 1.21 1.33 1.36 1.39
 1.49 1.64 1.83 2.43]
var: 0.2352843333333331
| [0m47       [0m | [0m0.603    [0m | [0m0.2018   [0m | [0m18.01    [0m | [0m0.4396   [0m |
[0.32 0.39 0.41 0.57 0.64 0.7  0.77 0.77 0.84 0.85 0.88 0.89 0.95 0.96
 1.09 1.1  1.13 1.24 1.26 1.29 1.49 1.52 1.55 1.63 1.69 1.7  1.73 1.78
 1.8  1.9  1.92 1.95 1.97 2.03 2.08 2.1  2.2  2.21 2.27 2.28 2.29 2.39
 2.42 2.43 2.44 2.52 2.54 2.64 2.7  2.8  2.81 3.02 3.16 3.19 3.62 4.17
 4.18 5.16]
var: 1.0003594827586204
| [0m48       [0m | [0m1.885    [0m | [0m0.2739   [0m | [0m9.47     [0m | [0m1.166    [0m |
[0.18 0.33 0.42 0.44 0.64 0.67 0.7  0.71 0.74 0.76 0.77 0.84 0.9  0.97
 1.04 1.04 1.2  1.24 1.31 1.31 1.41 1.41 1.45 1.46 1.5  1.53 1.65 1.66
 1.74 1.79 1.79 1.82 1.99 2.06 2.07 2.07 2.18 2.25 2.32 2.41 2.47 2.53
 2.67 2.71 2.77 2.97 3.12 3.16 3.2  3.24 3.48 3.55 3.62 4.12 4.13 5.04
 6.69]
var: 1.5585273007079097
| [0m49       [0m | [0m1.969    [0m | [0m0.2154   [0m | [0m9.343    [0m | [0m1.381    [0m |
[0.   0.09 0.1  0.12 0.16 0.19 0.19 0.24 0.25 0.27 0.3  0.32 0.39 0.4
 0.45 0.46 0.46 0.46 0.51 0.53 0.53 0.57 0.62 0.67 0.68 0.68 0.71 0.72
 0.75 0.79 0.8  0.82 0.83 0.86 0.87 0.89 0.96 1.03 1.06 1.07 1.07 1.12
 1.37 1.38 1.41 1.45 1.48 1.5  1.59 1.68 1.9  2.   2.02 2.08 2.24 2.3 ]
var: 0.35522063137755133
| [0m50       [0m | [0m0.8641   [0m | [0m0.1555   [0m | [0m3.372    [0m | [0m2.971    [0m |
[0.03 0.14 0.21 0.24 0.31 0.47 0.57 0.67 0.71 0.74 0.76 0.77 0.86 0.92
 1.06 1.08 1.12 1.14 1.17 1.17 1.19 1.2  1.42 1.49 1.49 1.5  1.5  1.51
 1.63 1.72 1.76 1.76 1.77 1.89 2.01 2.03 2.08 2.14 2.18 2.31 2.36 2.38
 2.47 2.5  2.51 2.82 2.85 2.87 2.96 3.   3.11 3.15 3.34 3.66 3.97 4.29
 5.16 5.7 ]
var: 1.4365161712247327
| [0m51       [0m | [0m1.859    [0m | [0m0.01868  [0m | [0m2.91     [0m | [0m1.256    [0m |
[0.12 0.14 0.16 0.26 0.33 0.49 0.51 0.53 0.56 0.78 0.87 0.89 0.9  0.93
 0.94 0.99 1.04 1.04 1.08 1.17 1.23 1.29 1.32 1.38 1.4  1.44 1.49 1.5
 1.52 1.53 1.54 1.54 1.54 1.57 1.63 1.68 1.72 1.74 1.79 1.82 1.9  1.91
 1.93 1.98 2.07 2.08 2.11 2.43 2.46 2.47 2.69 2.72 2.86 2.88 3.08 3.11
 3.35 3.56 3.82 4.95]
var: 0.9331473333333338
| [0m52       [0m | [0m1.646    [0m | [0m0.3      [0m | [0m3.048    [0m | [0m1.066    [0m |
[0.03 0.29 0.3  0.3  0.3  0.38 0.38 0.41 0.42 0.43 0.45 0.48 0.48 0.49
 0.52 0.52 0.54 0.58 0.6  0.67 0.7  0.71 0.72 0.73 0.75 0.84 0.92 1.
 1.01 1.02 1.07 1.11 1.14 1.3  1.31 1.35 1.47 1.54 1.57 1.65 1.72 1.84
 2.22 2.37 2.49 2.52 2.74 2.75 2.78 2.83 3.03 3.13 3.15 3.36 3.63 4.01
 5.21 6.15]
var: 1.65214652199762
| [0m53       [0m | [0m1.49     [0m | [0m0.2156   [0m | [0m3.055    [0m | [0m1.543    [0m |
[0.24 0.35 0.42 0.49 0.54 0.58 0.62 0.63 0.66 0.7  0.71 0.72 0.73 0.83
 0.85 0.92 0.95 0.97 1.03 1.06 1.07 1.09 1.2  1.24 1.34 1.34 1.51 1.53
 1.62 1.72 1.74 1.74 1.82 1.84 1.89 1.92 1.92 1.93 1.94 2.02 2.09 2.12
 2.26 2.32 2.4  2.4  2.48 2.5  2.55 2.63 2.97 3.   3.01 3.05 3.11 3.23
 3.99 4.4  4.66]
var: 1.0202965239873598
| [0m54       [0m | [0m1.722    [0m | [0m0.1246   [0m | [0m6.62     [0m | [0m1.589    [0m |
[0.02 0.07 0.08 0.08 0.09 0.1  0.11 0.13 0.13 0.14 0.17 0.17 0.19 0.19
 0.21 0.22 0.22 0.23 0.23 0.26 0.31 0.34 0.36 0.36 0.36 0.36 0.37 0.37
 0.39 0.4  0.4  0.4  0.4  0.4  0.46 0.46 0.52 0.57 0.61 0.64 0.65 0.7
 0.73 0.74 0.77 0.85 0.87 0.89 0.96 0.98 1.   1.03 1.11 1.14 1.22 1.22
 1.25 1.36 1.4  1.55]
var: 0.15638122222222225
| [0m55       [0m | [0m0.5323   [0m | [0m0.2527   [0m | [0m36.09    [0m | [0m0.6971   [0m |
[0.   0.   0.   0.   0.   0.   0.   0.   0.17 0.18 0.2  0.27 0.29 0.35
 0.36 0.47 0.51 0.53 0.62 0.63 0.72 0.76 0.76 0.77 0.77 0.81 0.85 0.86
 0.88 0.92 0.98 1.09 1.13 1.17 1.22 1.41 1.45 1.52 1.56 1.58 1.64 1.68
 1.7  1.71 1.84 1.9  1.93 2.1  2.17 2.18 2.38 2.41 2.41 2.41 2.45 2.51
 2.86 3.36 3.64 4.75]
var: 1.0338832222222227
| [0m56       [0m | [0m1.23     [0m | [0m1e-08    [0m | [0m3.196    [0m | [0m0.8976   [0m |
[0.09 0.12 0.2  0.25 0.28 0.38 0.48 0.62 0.74 0.76 0.82 0.82 0.83 0.84
 0.88 0.89 1.04 1.04 1.1  1.1  1.11 1.12 1.18 1.28 1.35 1.41 1.42 1.44
 1.45 1.49 1.51 1.53 1.61 1.61 1.62 1.7  1.83 1.89 1.91 1.97 2.04 2.07
 2.12 2.13 2.13 2.18 2.21 2.47 2.56 2.59 2.64 2.69 2.72 2.77 3.05 3.16
 3.33 3.45 3.46 3.47]
var: 0.8069109722222223
| [0m57       [0m | [0m1.616    [0m | [0m0.1896   [0m | [0m2.562    [0m | [0m1.228    [0m |
[0.07 0.14 0.15 0.19 0.19 0.2  0.21 0.26 0.27 0.28 0.29 0.32 0.42 0.43
 0.47 0.48 0.5  0.52 0.53 0.54 0.57 0.61 0.64 0.67 0.7  0.72 0.76 0.77
 0.84 0.94 1.05 1.16 1.29 1.3  1.34 1.34 1.38 1.49 1.54 1.55 1.6  1.67
 1.76 1.84 1.94 1.95 1.95 2.19 2.24 2.33 2.34 2.49 2.49 2.55 2.62 3.27
 3.52 3.59 3.69 6.37]
var: 1.3431615555555554
| [0m58       [0m | [0m1.325    [0m | [0m0.06865  [0m | [0m19.13    [0m | [0m1.726    [0m |
[0.   0.04 0.12 0.24 0.33 0.37 0.59 0.62 0.62 0.64 0.67 0.74 0.75 0.79
 0.81 0.86 0.9  0.95 0.95 0.98 0.99 0.99 1.02 1.13 1.15 1.15 1.15 1.17
 1.22 1.22 1.27 1.28 1.3  1.32 1.46 1.46 1.51 1.6  1.62 1.67 1.67 1.7
 1.71 1.81 1.84 1.95 2.01 2.09 2.11 2.22 2.36 2.38 2.53 2.82 2.99]
var: 0.4634599669421493
| [0m59       [0m | [0m1.27     [0m | [0m1e-08    [0m | [0m6.664    [0m | [0m1.172    [0m |
[0.04 0.12 0.18 0.24 0.27 0.28 0.28 0.29 0.32 0.34 0.35 0.35 0.36 0.41
 0.44 0.5  0.51 0.52 0.54 0.6  0.61 0.62 0.62 0.71 0.74 0.82 0.88 0.95
 0.95 0.97 0.98 0.99 1.   1.02 1.04 1.08 1.1  1.21 1.28 1.29 1.31 1.43
 1.43 1.47 1.48 1.52 1.62 1.65 1.65 1.71 1.81 1.89 1.93 1.97 1.97 2.62
 2.69 2.87 3.28 4.77]
var: 0.7419180833333331
| [0m60       [0m | [0m1.115    [0m | [0m0.3      [0m | [0m6.347    [0m | [0m1.879    [0m |
[0.13 0.38 0.46 0.52 0.61 0.63 0.67 0.8  0.81 0.89 0.98 1.02 1.07 1.08
 1.09 1.1  1.11 1.15 1.28 1.31 1.37 1.37 1.39 1.4  1.42 1.58 1.58 1.63
 1.68 1.75 1.82 1.83 1.83 2.02 2.06 2.11 2.33 2.33 2.56 2.56 2.64 2.73
 2.8  2.89 2.91 3.   3.04 3.16 3.3  3.34 3.81 3.87 4.22 4.27 4.46 4.84
 5.86 6.15]
var: 1.8009476813317475
| [0m61       [0m | [0m2.086    [0m | [0m0.3      [0m | [0m8.821    [0m | [0m1.563    [0m |
[0.04 0.1  0.2  0.2  0.24 0.27 0.3  0.32 0.32 0.39 0.39 0.4  0.41 0.41
 0.42 0.43 0.5  0.52 0.52 0.54 0.55 0.56 0.63 0.64 0.66 0.67 0.7  0.7
 0.72 0.77 0.79 0.79 0.81 0.83 0.84 0.85 0.85 0.88 0.89 0.93 0.94 0.96
 0.98 1.   1.04 1.05 1.06 1.17 1.18 1.3  1.32 1.34 1.44 1.52 1.56 1.63
 1.76 1.79 1.79 2.22]
var: 0.22067030555555517
| [0m62       [0m | [0m0.8172   [0m | [0m0.1477   [0m | [0m46.54    [0m | [0m0.04079  [0m |
[0.19 0.21 0.21 0.24 0.33 0.35 0.38 0.47 0.74 0.77 0.79 0.82 0.86 0.95
 0.97 0.98 1.02 1.11 1.14 1.16 1.21 1.29 1.36 1.44 1.56 1.6  1.69 1.71
 1.71 1.76 1.78 1.79 1.89 2.02 2.11 2.12 2.13 2.18 2.2  2.25 2.28 2.3
 2.33 2.44 2.45 2.49 2.54 2.64 2.68 2.7  2.76 2.88 2.9  2.91 3.09 3.22
 3.54 3.77 4.53 5.8 ]
var: 1.209192333333334
| [0m63       [0m | [0m1.829    [0m | [0m0.2243   [0m | [0m5.898    [0m | [0m1.237    [0m |
[0.07 0.07 0.14 0.15 0.15 0.19 0.24 0.25 0.37 0.43 0.44 0.45 0.46 0.51
 0.52 0.54 0.55 0.57 0.6  0.64 0.68 0.69 0.69 0.71 0.72 0.73 0.76 0.78
 0.82 0.82 0.82 0.83 0.84 0.96 1.01 1.03 1.11 1.16 1.17 1.18 1.21 1.39
 1.4  1.45 1.45 1.46 1.5  1.54 1.59 1.6  1.8  1.82 1.92 2.15 2.26 2.28
 2.99 3.21 3.25 3.37]
var: 0.6284316388888891
| [0m64       [0m | [0m1.075    [0m | [0m0.2539   [0m | [0m8.779    [0m | [0m1.916    [0m |
[0.16 0.22 0.28 0.33 0.33 0.35 0.45 0.49 0.5  0.58 0.63 0.66 0.66 0.7
 0.8  0.82 0.83 0.87 0.89 0.9  0.9  0.92 1.   1.   1.04 1.08 1.16 1.17
 1.24 1.26 1.28 1.36 1.48 1.51 1.6  1.61 1.64 1.68 1.83 1.86 1.97 1.98
 1.98 2.01 2.06 2.15 2.2  2.44 2.5  2.56 2.64 2.72 2.87 3.11 3.13 3.25
 3.38 3.91]
var: 0.8280245243757433
| [0m65       [0m | [0m1.464    [0m | [0m0.09354  [0m | [0m18.19    [0m | [0m0.9431   [0m |
[0.1  0.19 0.29 0.4  0.52 0.55 0.56 0.72 0.75 1.08 1.09 1.09 1.19 1.24
 1.32 1.37 1.38 1.43 1.5  1.58 1.6  1.66 1.66 1.71 1.71 1.74 1.79 1.8
 2.06 2.1  2.13 2.19 2.22 2.26 2.28 2.3  2.43 2.58 2.59 2.71 2.85 2.97
 3.03 3.06 3.08 3.09 3.2  3.26 3.27 3.45 3.47 3.5  3.6  3.63 3.72 3.95
 3.96 4.03 4.04 5.37]
var: 1.3519488888888886
| [0m66       [0m | [0m2.173    [0m | [0m0.2838   [0m | [0m8.764    [0m | [0m1.278    [0m |
[0.08 0.18 0.25 0.39 0.44 0.57 0.59 0.61 0.75 0.75 0.77 0.79 0.85 1.04
 1.08 1.09 1.11 1.11 1.14 1.23 1.24 1.28 1.31 1.49 1.51 1.54 1.63 1.63
 1.64 1.7  1.76 1.79 1.79 1.82 1.89 1.9  1.91 1.94 2.14 2.18 2.18 2.22
 2.26 2.3  2.4  2.56 2.57 2.63 2.64 2.67 2.69 2.71 2.92 3.03 3.61 3.62
 3.84 3.86 4.49 4.6 ]
var: 1.0851316388888894
| [0m67       [0m | [0m1.812    [0m | [0m0.05745  [0m | [0m8.675    [0m | [0m1.456    [0m |
[0.25 0.26 0.29 0.3  0.31 0.48 0.53 0.58 0.6  0.75 0.82 0.89 0.89 0.93
 0.93 0.94 1.01 1.01 1.07 1.19 1.22 1.25 1.25 1.42 1.47 1.48 1.49 1.53
 1.57 1.59 1.62 1.77 1.82 1.88 1.99 2.07 2.21 2.37 2.37 2.45 2.57 2.65
 2.73 2.74 2.78 2.83 2.83 2.98 2.99 3.05 3.06 3.2  3.68 4.09 4.27 4.44
 4.44 4.49 4.54 6.08]
var: 1.7117883055555558
| [0m68       [0m | [0m1.988    [0m | [0m0.3      [0m | [0m8.448    [0m | [0m1.337    [0m |
[0.2  0.23 0.27 0.28 0.31 0.37 0.37 0.4  0.41 0.41 0.45 0.49 0.5  0.55
 0.65 0.68 0.73 0.78 0.84 0.87 0.91 0.92 0.94 0.99 1.   1.06 1.06 1.13
 1.14 1.17 1.23 1.29 1.3  1.35 1.38 1.39 1.49 1.51 1.63 1.72 1.72 1.73
 1.78 1.82 1.84 1.84 2.03 2.05 2.09 2.15 2.29 2.47 2.57 2.57 2.57 2.7
 2.76 2.76 2.85 3.35]
var: 0.6489723333333328
| [0m69       [0m | [0m1.339    [0m | [0m0.08958  [0m | [0m21.55    [0m | [0m1.117    [0m |
[0.56 0.61 0.66 0.67 0.7  0.92 1.02 1.1  1.12 1.14 1.19 1.22 1.34 1.34
 1.34 1.4  1.4  1.42 1.44 1.46 1.51 1.56 1.58 1.6  1.74 1.86 1.88 1.89
 1.96 2.01 2.01 2.12 2.22 2.26 2.28 2.32 2.35 2.38 2.5  2.63 2.63 2.66
 2.75 2.91 2.96 2.96 3.01 3.03 3.08 3.09 3.14 3.25 3.41 3.51 4.11 4.43
 4.8  4.97 5.24 5.34]
var: 1.3515949722222225
| [0m70       [0m | [0m2.233    [0m | [0m0.205    [0m | [0m5.852    [0m | [0m1.235    [0m |
[0.18 0.19 0.3  0.39 0.47 0.63 0.73 0.78 0.82 0.83 0.89 1.02 1.07 1.12
 1.13 1.14 1.15 1.16 1.18 1.26 1.43 1.45 1.49 1.55 1.6  1.67 1.68 1.74
 1.78 1.8  1.81 1.9  1.94 1.94 1.96 1.98 1.99 1.99 2.14 2.28 2.29 2.45
 2.46 2.52 2.55 2.63 2.82 2.92 3.11 3.24 3.35 3.39 3.52 3.61 3.77 4.59
 4.7  5.23]
var: 1.2682480677764576
| [0m71       [0m | [0m1.926    [0m | [0m0.1038   [0m | [0m5.631    [0m | [0m1.221    [0m |
[0.09 0.12 0.19 0.2  0.2  0.21 0.25 0.26 0.28 0.28 0.34 0.34 0.4  0.45
 0.53 0.56 0.6  0.63 0.73 0.74 0.78 0.78 0.86 0.88 1.02 1.07 1.11 1.16
 1.19 1.22 1.27 1.27 1.28 1.3  1.31 1.32 1.4  1.45 1.46 1.6  1.7  1.76
 1.79 1.82 1.91 1.92 1.97 2.02 2.07 2.28 2.3  2.44 2.7  2.79 2.88 3.12
 3.15 3.59 4.17 4.79]
var: 1.0757572222222218
| [0m72       [0m | [0m1.372    [0m | [0m0.1031   [0m | [0m25.9     [0m | [0m1.461    [0m |
[0.04 0.06 0.07 0.07 0.11 0.11 0.15 0.27 0.29 0.31 0.32 0.36 0.37 0.47
 0.51 0.51 0.57 0.57 0.64 0.66 0.67 0.67 0.69 0.7  0.76 0.76 0.82 0.85
 0.94 1.02 1.07 1.09 1.16 1.26 1.26 1.27 1.3  1.33 1.41 1.44 1.52 1.6
 1.63 1.64 1.72 1.84 1.87 2.01 2.07 2.27 2.41 2.6  2.62 2.66 2.66 3.03
 3.07 3.53 4.16]
var: 0.90275369146797
| [0m73       [0m | [0m1.218    [0m | [0m0.0906   [0m | [0m19.12    [0m | [0m1.713    [0m |
[0.09 0.24 0.24 0.3  0.51 0.52 0.54 0.69 0.69 0.8  0.97 1.1  1.11 1.14
 1.15 1.26 1.31 1.41 1.42 1.46 1.47 1.48 1.56 1.57 1.71 1.75 1.85 1.99
 2.1  2.14 2.15 2.21 2.22 2.27 2.28 2.32 2.46 2.51 2.54 2.65 2.65 2.78
 2.86 2.94 2.95 2.99 3.08 3.2  3.47 3.7  3.75 3.8  3.83 4.22 4.68 5.04
 5.55]
var: 1.5472260387811632
| [0m74       [0m | [0m2.099    [0m | [0m0.3      [0m | [0m5.707    [0m | [0m1.132    [0m |
[0.   0.12 0.12 0.16 0.19 0.21 0.22 0.25 0.27 0.28 0.29 0.31 0.32 0.32
 0.34 0.35 0.37 0.37 0.39 0.39 0.42 0.46 0.48 0.49 0.49 0.54 0.56 0.58
 0.63 0.66 0.68 0.68 0.69 0.69 0.72 0.73 0.75 0.77 0.78 0.78 0.79 0.8
 0.8  0.83 0.87 0.93 0.93 0.95 0.96 0.98 1.01 1.1  1.14 1.19 1.19 1.26
 1.46 1.6  1.86 2.51]
var: 0.20009608333333312
| [0m75       [0m | [0m0.6835   [0m | [0m0.2476   [0m | [0m10.78    [0m | [0m0.4152   [0m |
[0.19 0.31 0.48 0.52 0.61 0.68 0.7  0.75 0.78 0.79 0.95 1.   1.04 1.07
 1.11 1.12 1.12 1.12 1.18 1.2  1.22 1.31 1.41 1.46 1.47 1.49 1.54 1.55
 1.61 1.63 1.68 1.72 1.76 1.89 2.02 2.03 2.07 2.16 2.2  2.36 2.52 2.55
 2.57 2.6  2.6  2.61 2.62 2.67 2.73 2.76 2.89 2.94 2.96 3.09 3.13 3.32
 3.69 4.28 4.32 8.91]
var: 1.7338123333333342
| [0m76       [0m | [0m1.951    [0m | [0m0.1465   [0m | [0m5.806    [0m | [0m1.067    [0m |
[0.22 0.38 0.39 0.5  0.63 0.69 0.86 0.9  0.95 0.97 1.09 1.09 1.13 1.14
 1.21 1.25 1.31 1.37 1.51 1.51 1.54 1.55 1.7  1.71 1.72 1.85 1.86 1.95
 2.02 2.02 2.04 2.05 2.07 2.1  2.29 2.37 2.38 2.39 2.42 2.45 2.8  2.83
 2.92 3.   3.05 3.09 3.17 3.28 3.29 3.43 3.6  3.68 3.71 3.75 3.89 3.95
 4.07 4.64 5.46 5.97]
var: 1.5541195555555556
| [0m77       [0m | [0m2.219    [0m | [0m0.2571   [0m | [0m5.707    [0m | [0m1.411    [0m |
[0.   0.01 0.01 0.01 0.02 0.02 0.02 0.03 0.03 0.04 0.04 0.05 0.05 0.05
 0.06 0.06 0.07 0.08 0.08 0.08 0.09 0.1  0.13 0.13 0.13 0.14 0.15 0.15
 0.16 0.21 0.21 0.21 0.22 0.25 0.27 0.27 0.27 0.29 0.3  0.33 0.35 0.35
 0.37 0.41 0.41 0.42 0.44 0.44 0.48 0.5  0.54 0.62 0.65 0.65 0.82 0.99
 1.21 1.27 1.54 3.41]
var: 0.2637816388888891
| [0m78       [0m | [0m0.3448   [0m | [0m0.05992  [0m | [0m45.51    [0m | [0m0.6209   [0m |
[0.11 0.12 0.12 0.17 0.18 0.24 0.27 0.29 0.36 0.39 0.39 0.41 0.43 0.48
 0.5  0.57 0.57 0.64 0.68 0.69 0.74 0.74 0.75 0.86 0.91 0.92 0.95 1.
 1.01 1.03 1.04 1.05 1.1  1.21 1.22 1.29 1.44 1.48 1.51 1.51 1.52 1.71
 1.73 1.75 1.83 1.85 2.38 2.46 2.53 2.67 2.91 3.16 3.19 3.29 3.34 3.61
 3.81 4.06 4.68 4.76]
var: 1.432649416666667
| [0m79       [0m | [0m1.444    [0m | [0m0.1751   [0m | [0m29.86    [0m | [0m1.461    [0m |
[0.13 0.17 0.26 0.37 0.48 0.5  0.57 0.58 0.69 0.7  0.73 0.73 0.74 0.78
 0.78 0.93 0.93 1.02 1.06 1.13 1.13 1.15 1.18 1.19 1.19 1.23 1.28 1.3
 1.32 1.33 1.38 1.38 1.46 1.52 1.57 1.77 1.82 1.92 1.94 2.06 2.09 2.17
 2.18 2.2  2.2  2.21 2.27 2.28 2.29 2.29 2.49 2.52 2.54 2.61 2.68 2.8
 2.84 2.93 3.4  3.69]
var: 0.6981382222222219
| [0m80       [0m | [0m1.551    [0m | [0m0.1495   [0m | [0m19.3     [0m | [0m1.152    [0m |
=============================================================
None
num_trials:  40  inits,  40  iters,  60  per
rho:  50
pthin:  0.70

Best VPT: 2.338000000000001
Best result: {'a': 0.15957181325666403, 'g': 9.439537477965052, 's': 1.3075151892587198}

KERNEL: nu=1.5, lengthscale=2.0, alpha=0.0005
