|   iter    |  target   |     a     |     g     |     s     |
-------------------------------------------------------------
[0.   0.01 0.02 0.02 0.07 0.07 0.08 0.11 0.14 0.14 0.2  0.26 0.3  0.35
 0.35 0.38 0.39 0.42 0.43 0.44 0.47 0.5  0.55 0.56 0.56 0.57 0.57 0.6
 0.6  0.61 0.63 0.64 0.72 0.73 0.76 0.79 0.83 0.89 0.95 0.95 0.98 1.01
 1.06 1.12 1.16 1.2  1.23 1.23 1.29 1.3  1.35 1.47 1.65 1.74 1.79 2.11
 2.11 2.34 2.9  3.48]
var: 0.5040832222222225
| [0m1        [0m | [0m0.8363   [0m | [0m0.2073   [0m | [0m49.21    [0m | [0m1.874    [0m |
[0.09 0.23 0.25 0.25 0.3  0.3  0.35 0.35 0.37 0.39 0.48 0.49 0.51 0.51
 0.52 0.55 0.55 0.56 0.62 0.64 0.65 0.65 0.68 0.74 0.78 0.79 0.8  0.81
 0.82 0.84 0.85 0.89 0.9  1.   1.04 1.07 1.11 1.23 1.28 1.29 1.3  1.3
 1.34 1.34 1.36 1.38 1.38 1.44 1.44 1.47 1.65 1.74 1.75 1.76 1.85 1.91
 2.1  3.04 3.41 3.46]
var: 0.5059776388888887
| [95m2        [0m | [95m1.049    [0m | [95m0.1465   [0m | [95m24.84    [0m | [95m2.617    [0m |
[0.04 0.05 0.18 0.26 0.27 0.27 0.32 0.34 0.39 0.39 0.41 0.45 0.46 0.49
 0.51 0.54 0.57 0.62 0.66 0.66 0.69 0.72 0.72 0.75 0.76 0.77 0.81 0.94
 0.96 0.98 1.03 1.05 1.05 1.11 1.12 1.2  1.22 1.24 1.24 1.26 1.26 1.28
 1.3  1.34 1.36 1.46 1.48 1.53 1.56 1.74 1.84 1.92 2.35 2.38 2.47 2.51
 2.57 2.66 2.67 3.5 ]
var: 0.5673115555555557
| [95m3        [0m | [95m1.111    [0m | [95m0.265    [0m | [95m36.16    [0m | [95m1.384    [0m |
[0.   0.03 0.14 0.15 0.2  0.31 0.32 0.34 0.41 0.47 0.49 0.55 0.65 0.68
 0.68 0.69 0.74 0.76 0.79 0.88 0.99 0.99 1.02 1.08 1.11 1.14 1.15 1.2
 1.22 1.22 1.25 1.3  1.35 1.37 1.39 1.44 1.49 1.55 1.65 1.66 1.69 1.86
 1.95 1.98 1.99 1.99 2.17 2.33 2.4  2.4  2.47 2.5  2.5  2.5  2.59 2.62
 2.93 2.96 3.02 4.38]
var: 0.8173215555555555
| [95m4        [0m | [95m1.401    [0m | [95m0.07338  [0m | [95m11.1     [0m | [95m1.033    [0m |
[0.13 0.16 0.22 0.22 0.29 0.34 0.43 0.44 0.55 0.7  0.72 0.78 0.78 0.8
 0.81 0.84 0.86 0.91 0.98 1.   1.03 1.04 1.05 1.12 1.18 1.19 1.2  1.3
 1.3  1.43 1.44 1.45 1.47 1.47 1.5  1.57 1.67 1.69 1.85 1.86 1.87 1.93
 2.01 2.08 2.09 2.13 2.14 2.25 2.35 2.42 2.42 2.5  2.66 2.71 2.9  2.97
 3.08 3.34 3.38 4.24]
var: 0.820956222222222
| [95m5        [0m | [95m1.521    [0m | [95m0.1263   [0m | [95m10.15    [0m | [95m0.6025   [0m |
[0.06 0.06 0.07 0.15 0.16 0.23 0.3  0.35 0.38 0.39 0.41 0.41 0.42 0.44
 0.45 0.48 0.48 0.5  0.57 0.58 0.58 0.59 0.61 0.65 0.66 0.7  0.71 0.78
 0.81 0.82 0.85 0.88 0.92 0.93 0.93 0.94 0.94 0.97 1.   1.01 1.03 1.06
 1.08 1.09 1.14 1.16 1.17 1.17 1.22 1.27 1.35 1.4  1.41 1.48 1.49 1.51
 1.79 1.86 1.94 2.1 ]
var: 0.22847497222222174
| [0m6        [0m | [0m0.8482   [0m | [0m0.2981   [0m | [0m24.89    [0m | [0m2.862    [0m |
[0.01 0.08 0.13 0.13 0.17 0.17 0.18 0.24 0.25 0.26 0.26 0.31 0.33 0.34
 0.4  0.41 0.42 0.44 0.46 0.49 0.49 0.53 0.58 0.58 0.61 0.61 0.64 0.67
 0.67 0.68 0.73 0.74 0.78 0.79 0.79 0.8  0.82 0.86 0.88 0.93 0.97 1.02
 1.02 1.02 1.04 1.09 1.17 1.21 1.22 1.23 1.24 1.46 1.5  1.5  1.55 1.58
 1.63 1.63 1.76 1.82]
var: 0.22318933333333354
| [0m7        [0m | [0m0.772    [0m | [0m0.02741  [0m | [0m1.185    [0m | [0m1.758    [0m |
[0.44 0.67 0.96 1.18 1.2  1.2  1.34 1.36 1.42 1.42 1.45 1.5  1.5  1.53
 1.53 1.55 1.58 1.58 1.74 1.86 1.92 2.07 2.11 2.11 2.17 2.21 2.31 2.34
 2.34 2.38 2.38 2.39 2.47 2.49 2.53 2.59 2.68 2.8  2.82 2.83 2.83 2.86
 3.06 3.33 3.36 3.55 3.56 3.57 3.68 3.72 3.9  4.01 4.07 4.13 5.05 5.13
 5.15 5.48 5.5  5.91]
var: 1.6149288888888893
| [95m8        [0m | [95m2.613    [0m | [95m0.1305   [0m | [95m17.53    [0m | [95m0.2189   [0m |
[0.   0.01 0.01 0.05 0.07 0.08 0.12 0.18 0.2  0.26 0.35 0.46 0.46 0.51
 0.51 0.54 0.57 0.59 0.62 0.64 0.68 0.68 0.7  0.7  0.72 0.74 0.87 0.87
 0.93 0.98 0.99 1.   1.02 1.05 1.05 1.07 1.09 1.11 1.13 1.16 1.17 1.17
 1.17 1.19 1.2  1.28 1.3  1.31 1.43 1.5  1.68 1.74 1.79 1.97 1.98 2.02
 2.08 2.09 2.21 2.22]
var: 0.3632780833333339
| [0m9        [0m | [0m0.9545   [0m | [0m0.1021   [0m | [0m31.74    [0m | [0m2.364    [0m |
[0.05 0.09 0.1  0.1  0.1  0.11 0.12 0.12 0.14 0.21 0.3  0.3  0.34 0.35
 0.36 0.39 0.41 0.5  0.5  0.53 0.53 0.53 0.56 0.57 0.58 0.58 0.62 0.63
 0.65 0.68 0.69 0.7  0.71 0.72 0.75 0.75 0.77 0.81 0.82 0.86 0.87 0.93
 0.94 1.   1.06 1.09 1.09 1.1  1.1  1.12 1.15 1.26 1.37 1.62 1.67 1.69
 1.76 2.05 2.18 2.56]
var: 0.2969062222222219
| [0m10       [0m | [0m0.7707   [0m | [0m0.2416   [0m | [0m48.5     [0m | [0m1.74     [0m |
[0.06 0.09 0.15 0.33 0.37 0.39 0.41 0.41 0.42 0.47 0.47 0.51 0.53 0.53
 0.54 0.59 0.61 0.61 0.68 0.69 0.72 0.8  0.81 0.81 0.83 0.84 0.88 0.9
 0.92 1.02 1.07 1.08 1.1  1.17 1.18 1.21 1.21 1.21 1.24 1.26 1.29 1.3
 1.31 1.35 1.38 1.39 1.41 1.49 1.53 1.66 1.67 1.88 2.1  2.3  2.46 2.67
 2.74 2.85 3.55 4.44]
var: 0.6906816388888894
| [0m11       [0m | [0m1.165    [0m | [0m0.07272  [0m | [0m9.166    [0m | [0m2.89     [0m |
[0.   0.01 0.02 0.05 0.09 0.11 0.11 0.17 0.19 0.22 0.3  0.3  0.33 0.34
 0.35 0.36 0.36 0.4  0.46 0.49 0.49 0.56 0.57 0.6  0.66 0.67 0.72 0.73
 0.74 0.77 0.78 0.8  0.83 0.84 0.99 1.   1.01 1.01 1.02 1.06 1.12 1.13
 1.14 1.15 1.17 1.33 1.37 1.4  1.54 1.58 1.6  1.77 1.82 1.96 2.08 2.21
 2.33 2.46 2.69 2.95]
var: 0.5029116388888882
| [0m12       [0m | [0m0.9218   [0m | [0m0.2202   [0m | [0m39.59    [0m | [0m2.155    [0m |
[0.31 0.66 0.77 0.77 0.95 1.   1.07 1.14 1.24 1.38 1.41 1.46 1.49 1.55
 1.66 1.68 1.69 1.71 1.73 1.82 1.86 1.88 1.88 1.9  1.92 1.97 2.02 2.03
 2.06 2.17 2.18 2.18 2.28 2.41 2.44 2.46 2.49 2.49 2.53 2.59 2.61 2.63
 2.63 2.65 2.75 2.75 2.89 2.91 2.96 2.99 3.03 3.12 3.25 3.29 3.32 3.45
 3.55 5.03 5.17 5.2 ]
var: 0.9902349722222219
| [0m13       [0m | [0m2.257    [0m | [0m0.2571   [0m | [0m4.287    [0m | [0m0.3249   [0m |
[0.07 0.09 0.11 0.27 0.36 0.39 0.42 0.45 0.45 0.51 0.52 0.53 0.59 0.73
 0.73 0.75 0.76 0.79 0.82 0.87 0.91 0.97 1.   1.01 1.06 1.07 1.1  1.23
 1.32 1.35 1.37 1.39 1.39 1.4  1.55 1.55 1.61 1.76 1.81 1.83 1.85 1.86
 1.93 1.96 1.97 1.99 2.   2.05 2.18 2.28 2.46 2.64 2.81 2.89 3.09 3.41
 3.44 4.11 4.22 4.5 ]
var: 1.0770669722222221
| [0m14       [0m | [0m1.509    [0m | [0m0.1878   [0m | [0m4.366    [0m | [0m0.6045   [0m |
[0.02 0.04 0.11 0.11 0.13 0.16 0.19 0.2  0.27 0.32 0.33 0.44 0.46 0.52
 0.52 0.56 0.59 0.61 0.62 0.73 0.76 0.76 0.86 0.97 1.02 1.03 1.1  1.1
 1.12 1.18 1.19 1.2  1.25 1.26 1.28 1.28 1.3  1.31 1.33 1.35 1.46 1.47
 1.47 1.47 1.47 1.55 1.59 1.61 1.68 1.79 1.8  1.88 2.05 2.09 2.21 2.3
 2.36 2.38 2.5  2.61]
var: 0.47028266666666685
| [0m15       [0m | [0m1.122    [0m | [0m0.2527   [0m | [0m19.17    [0m | [0m1.44     [0m |
[0.05 0.05 0.14 0.14 0.2  0.24 0.26 0.27 0.31 0.36 0.39 0.43 0.44 0.45
 0.47 0.49 0.5  0.54 0.54 0.55 0.56 0.59 0.61 0.62 0.69 0.73 0.77 0.77
 0.78 0.78 0.84 0.85 0.88 0.89 0.94 0.97 1.06 1.09 1.12 1.14 1.18 1.18
 1.24 1.3  1.3  1.44 1.51 1.62 1.62 1.67 1.73 1.88 2.02 2.08 2.08 2.17
 2.37 2.46 2.66 2.83]
var: 0.47480288888888844
| [0m16       [0m | [0m0.9973   [0m | [0m0.09302  [0m | [0m31.55    [0m | [0m1.194    [0m |
[0.01 0.01 0.02 0.02 0.07 0.08 0.1  0.22 0.23 0.26 0.26 0.33 0.34 0.35
 0.36 0.37 0.44 0.49 0.52 0.52 0.52 0.59 0.59 0.6  0.61 0.63 0.65 0.66
 0.68 0.69 0.7  0.73 0.74 0.74 0.75 0.75 0.78 0.79 0.79 0.79 0.81 0.81
 0.82 0.82 0.86 0.9  0.91 0.96 1.08 1.09 1.11 1.15 1.2  1.24 1.27 1.33
 1.49 1.56 1.78 1.89]
var: 0.1812912222222224
| [0m17       [0m | [0m0.6977   [0m | [0m0.2339   [0m | [0m30.6     [0m | [0m2.709    [0m |
[0.   0.02 0.06 0.08 0.12 0.12 0.14 0.17 0.2  0.3  0.32 0.35 0.4  0.44
 0.61 0.62 0.65 0.74 0.77 0.81 0.86 0.87 0.88 0.95 0.98 1.01 1.12 1.17
 1.17 1.23 1.24 1.26 1.27 1.28 1.37 1.38 1.39 1.4  1.41 1.44 1.61 1.61
 1.62 1.81 1.87 1.87 1.88 1.9  1.97 2.01 2.02 2.08 2.16 2.2  2.28 2.3
 3.15 3.28 3.63 3.81]
var: 0.7842290000000003
| [0m18       [0m | [0m1.261    [0m | [0m0.04603  [0m | [0m4.495    [0m | [0m1.699    [0m |
[0.12 0.19 0.24 0.27 0.31 0.4  0.47 0.48 0.55 0.55 0.6  0.63 0.66 0.7
 0.73 0.74 0.76 0.78 0.78 0.79 0.81 0.85 0.86 0.88 0.9  0.92 0.97 0.98
 1.09 1.1  1.11 1.12 1.16 1.19 1.21 1.29 1.31 1.32 1.41 1.51 1.52 1.58
 1.62 1.69 1.75 1.81 1.88 1.89 1.95 2.06 2.39 2.46 2.53 2.56 2.56 2.75
 2.86 3.29 3.44 3.67]
var: 0.7088122222222218
| [0m19       [0m | [0m1.317    [0m | [0m0.1849   [0m | [0m4.995    [0m | [0m1.654    [0m |
[0.07 0.13 0.14 0.17 0.18 0.18 0.19 0.29 0.37 0.4  0.46 0.47 0.48 0.63
 0.64 0.68 0.75 0.77 0.77 0.82 0.83 0.92 0.92 0.93 0.96 0.99 0.99 1.
 1.01 1.04 1.04 1.05 1.06 1.08 1.08 1.08 1.13 1.14 1.2  1.22 1.22 1.25
 1.26 1.27 1.29 1.3  1.3  1.32 1.33 1.35 1.36 1.43 1.44 1.57 1.66 1.7
 1.73 1.83 2.08 2.62]
var: 0.25906697222222214
| [0m20       [0m | [0m0.9928   [0m | [0m0.2754   [0m | [0m10.96    [0m | [0m2.561    [0m |
[0.01 0.09 0.09 0.1  0.12 0.13 0.15 0.16 0.19 0.19 0.19 0.2  0.32 0.36
 0.37 0.38 0.41 0.45 0.54 0.61 0.62 0.66 0.69 0.7  0.74 0.84 0.88 0.89
 0.91 0.97 1.02 1.07 1.08 1.12 1.15 1.18 1.18 1.24 1.25 1.3  1.33 1.37
 1.5  1.51 1.52 1.54 1.58 1.69 1.75 1.85 1.87 1.87 1.88 1.95 1.97 2.03
 2.36 2.48 2.86 3.28]
var: 0.5626778888888888
| [0m21       [0m | [0m1.046    [0m | [0m0.1167   [0m | [0m34.25    [0m | [0m1.051    [0m |
[0.01 0.11 0.13 0.16 0.21 0.21 0.36 0.41 0.48 0.5  0.59 0.59 0.59 0.68
 0.69 0.72 0.74 0.75 0.75 0.75 0.84 0.85 0.9  0.9  0.94 0.97 0.98 0.99
 1.03 1.05 1.06 1.07 1.18 1.21 1.21 1.21 1.29 1.32 1.32 1.41 1.42 1.48
 1.59 1.6  1.68 1.71 1.81 1.81 1.81 1.85 1.86 1.91 1.97 2.05 2.1  2.13
 2.15 2.36 2.96 3.31]
var: 0.48014488888888907
| [0m22       [0m | [0m1.179    [0m | [0m0.111    [0m | [0m12.22    [0m | [0m2.504    [0m |
[0.02 0.02 0.03 0.04 0.18 0.19 0.21 0.24 0.24 0.3  0.39 0.42 0.45 0.47
 0.48 0.53 0.55 0.55 0.68 0.69 0.73 0.74 0.76 0.76 0.78 0.81 0.82 0.82
 0.84 0.86 0.93 0.98 0.98 1.01 1.01 1.06 1.11 1.15 1.17 1.17 1.19 1.21
 1.29 1.32 1.33 1.34 1.35 1.36 1.39 1.41 1.45 1.54 1.6  1.64 1.69 1.88
 1.89 2.34 2.85 2.88]
var: 0.3897215555555556
| [0m23       [0m | [0m0.9687   [0m | [0m0.1974   [0m | [0m31.15    [0m | [0m2.091    [0m |
[0.01 0.01 0.07 0.08 0.09 0.11 0.19 0.23 0.27 0.37 0.42 0.49 0.52 0.59
 0.62 0.66 0.69 0.73 0.73 0.73 0.76 0.78 0.78 0.81 0.83 0.89 0.89 0.89
 0.95 1.03 1.15 1.2  1.2  1.23 1.24 1.27 1.28 1.3  1.35 1.37 1.39 1.41
 1.45 1.52 1.62 1.74 1.88 1.88 1.9  2.   2.01 2.32 2.33 2.36 2.41 2.46
 2.49 2.51 2.96 3.44]
var: 0.63194275
| [0m24       [0m | [0m1.182    [0m | [0m0.1851   [0m | [0m33.59    [0m | [0m0.6333   [0m |
[0.   0.   0.04 0.08 0.11 0.26 0.37 0.39 0.4  0.54 0.61 0.78 0.85 0.89
 0.9  0.9  0.93 0.94 0.96 0.97 1.04 1.08 1.18 1.19 1.2  1.21 1.24 1.26
 1.29 1.31 1.31 1.31 1.32 1.33 1.33 1.35 1.35 1.41 1.44 1.46 1.48 1.52
 1.58 1.62 1.64 1.64 1.77 1.79 1.8  1.82 1.99 2.13 2.14 2.25 2.32 2.36
 2.51 2.7  2.95 3.3 ]
var: 0.5125095555555567
| [0m25       [0m | [0m1.297    [0m | [0m0.1154   [0m | [0m15.15    [0m | [0m1.756    [0m |
[0.   0.   0.   0.01 0.03 0.04 0.09 0.11 0.12 0.17 0.19 0.29 0.36 0.36
 0.37 0.37 0.48 0.5  0.5  0.5  0.53 0.54 0.54 0.6  0.6  0.63 0.64 0.65
 0.66 0.7  0.72 0.73 0.73 0.73 0.78 0.78 0.8  0.83 0.84 0.88 0.89 0.9
 0.92 0.95 0.95 0.97 0.99 0.99 0.99 1.01 1.02 1.09 1.13 1.19 1.29 1.37
 1.46 1.47 1.57 2.03]
var: 0.18769766666666696
| [0m26       [0m | [0m0.693    [0m | [0m0.1472   [0m | [0m33.6     [0m | [0m2.433    [0m |
[0.   0.03 0.08 0.09 0.14 0.17 0.25 0.35 0.36 0.42 0.51 0.52 0.52 0.61
 0.63 0.65 0.73 0.75 0.75 0.76 0.76 0.76 0.79 0.8  0.8  0.86 0.89 0.9
 0.91 1.   1.   1.02 1.03 1.04 1.05 1.08 1.1  1.16 1.16 1.19 1.21 1.23
 1.23 1.24 1.33 1.43 1.49 1.57 1.62 1.79 1.8  1.91 2.06 2.15 2.31 2.51
 2.59 2.62 3.1  4.83]
var: 0.6964128888888886
| [0m27       [0m | [0m1.127    [0m | [0m0.2981   [0m | [0m7.193    [0m | [0m1.561    [0m |
[0.06 0.06 0.1  0.1  0.14 0.19 0.33 0.36 0.41 0.45 0.46 0.55 0.57 0.6
 0.61 0.66 0.67 0.71 0.82 0.91 0.92 0.93 0.93 0.94 0.98 1.   1.04 1.04
 1.06 1.07 1.16 1.18 1.25 1.27 1.28 1.31 1.32 1.33 1.34 1.35 1.37 1.37
 1.42 1.43 1.43 1.44 1.44 1.51 1.53 1.59 1.66 1.87 2.04 2.27 2.3  2.31
 2.44 2.5  3.05 5.71]
var: 0.7687445555555558
| [0m28       [0m | [0m1.202    [0m | [0m0.1137   [0m | [0m34.13    [0m | [0m1.029    [0m |
[0.   0.   0.   0.   0.   0.   0.   0.   0.   0.   0.   0.   0.   0.
 0.   0.   0.   0.   0.   0.   0.   0.   0.   0.   0.   0.   0.   0.
 0.   0.   0.   0.   0.   0.   0.   0.   0.   0.   0.   0.   0.   0.
 0.   0.   0.   0.   0.   0.   0.   0.   0.01 0.02 0.02 0.04 0.04 0.05
 0.05 0.07 0.07 0.1 ]
var: 0.0004203055555555737
| [0m29       [0m | [0m0.007833 [0m | [0m0.1004   [0m | [0m1.059    [0m | [0m0.006186 [0m |
[0.29 0.34 0.35 0.36 0.39 0.41 0.45 0.48 0.5  0.59 0.6  0.61 0.63 0.66
 0.67 0.72 0.77 0.87 0.87 0.88 0.89 0.93 1.03 1.04 1.06 1.06 1.07 1.12
 1.18 1.28 1.3  1.3  1.33 1.41 1.42 1.45 1.52 1.54 1.56 1.58 1.59 1.62
 1.7  1.75 1.8  1.81 1.89 1.91 1.94 2.   2.01 2.14 2.31 2.37 2.49 3.03
 3.05 3.12 3.39 3.66]
var: 0.6455183055555553
| [0m30       [0m | [0m1.368    [0m | [0m0.006925 [0m | [0m45.18    [0m | [0m0.02614  [0m |
[0.1  0.3  0.36 0.37 0.39 0.52 0.56 0.61 0.64 0.64 0.65 0.65 0.67 0.67
 0.71 0.71 0.71 0.72 0.72 0.75 0.76 0.78 0.78 0.88 0.88 1.01 1.1  1.14
 1.15 1.16 1.16 1.16 1.2  1.2  1.28 1.32 1.33 1.33 1.41 1.43 1.49 1.5
 1.5  1.61 1.63 1.67 1.76 1.77 1.81 1.84 1.84 2.01 2.01 2.03 2.11 2.19
 2.36 2.6  2.62 4.33]
var: 0.5152049722222217
| [0m31       [0m | [0m1.243    [0m | [0m0.2326   [0m | [0m14.35    [0m | [0m1.486    [0m |
[0.04 0.3  0.32 0.41 0.56 0.65 0.67 0.72 0.75 0.8  0.81 0.85 0.86 0.87
 0.88 0.89 1.   1.01 1.06 1.08 1.2  1.22 1.23 1.26 1.28 1.33 1.38 1.39
 1.4  1.41 1.43 1.44 1.45 1.45 1.55 1.56 1.59 1.65 1.72 1.74 1.77 1.78
 1.87 1.87 1.89 1.99 2.01 2.01 2.04 2.16 2.16 2.21 2.36 2.51 2.66 2.84
 3.02 3.11 3.88 4.17]
var: 0.6594882222222224
| [0m32       [0m | [0m1.525    [0m | [0m0.1934   [0m | [0m38.14    [0m | [0m0.2387   [0m |
[0.04 0.06 0.07 0.09 0.09 0.13 0.14 0.2  0.21 0.22 0.34 0.35 0.52 0.53
 0.58 0.62 0.65 0.75 0.79 0.81 0.82 0.83 0.85 0.88 0.92 0.95 0.95 0.99
 1.   1.01 1.08 1.13 1.19 1.2  1.23 1.29 1.33 1.36 1.38 1.42 1.42 1.43
 1.49 1.51 1.58 1.6  1.61 1.62 1.85 1.88 1.99 2.02 2.05 2.05 2.12 2.13
 2.63 2.74 3.78 5.26]
var: 0.8386639999999997
| [0m33       [0m | [0m1.196    [0m | [0m0.2265   [0m | [0m21.4     [0m | [0m1.409    [0m |
[0.17 0.25 0.41 0.67 0.72 0.75 0.87 0.92 0.96 1.02 1.05 1.13 1.17 1.18
 1.2  1.22 1.23 1.29 1.29 1.37 1.39 1.41 1.53 1.54 1.61 1.62 1.65 1.73
 1.77 1.79 1.79 1.85 1.88 1.91 1.93 2.01 2.08 2.14 2.18 2.2  2.25 2.29
 2.3  2.36 2.39 2.41 2.44 2.55 2.58 2.59 2.7  2.7  2.9  2.92 3.04 3.22
 3.22 3.24 4.47 4.59]
var: 0.8074695555555554
| [0m34       [0m | [0m1.867    [0m | [0m0.2492   [0m | [0m22.95    [0m | [0m0.2633   [0m |
[0.02 0.03 0.04 0.04 0.22 0.35 0.47 0.47 0.58 0.63 0.69 0.83 0.85 0.85
 0.88 0.96 1.01 1.03 1.09 1.12 1.14 1.15 1.16 1.16 1.18 1.25 1.31 1.32
 1.36 1.38 1.48 1.5  1.53 1.58 1.62 1.68 1.71 1.73 1.76 1.76 1.8  1.83
 1.86 1.9  1.94 1.97 1.98 2.01 2.02 2.04 2.18 2.35 2.44 2.46 2.63 2.63
 2.72 2.81 3.49 5.76]
var: 0.8757978888888888
| [0m35       [0m | [0m1.496    [0m | [0m0.03166  [0m | [0m20.94    [0m | [0m1.848    [0m |
[0.08 0.1  0.19 0.23 0.29 0.3  0.4  0.42 0.58 0.62 0.66 0.74 0.76 0.8
 0.81 0.82 0.83 0.85 0.85 0.88 0.88 0.93 1.   1.08 1.09 1.15 1.16 1.19
 1.21 1.23 1.27 1.28 1.29 1.48 1.53 1.54 1.54 1.55 1.56 1.59 1.6  1.71
 1.72 1.74 1.77 1.8  1.83 1.9  1.91 1.95 1.96 2.   2.03 2.03 2.35 2.39
 2.85 3.14 3.48 5.13]
var: 0.7526654166666673
| [0m36       [0m | [0m1.368    [0m | [0m0.06821  [0m | [0m32.45    [0m | [0m0.6636   [0m |
[0.09 0.13 0.15 0.17 0.19 0.22 0.29 0.41 0.46 0.5  0.51 0.58 0.6  0.6
 0.62 0.65 0.67 0.71 0.72 0.73 0.77 0.8  0.82 0.83 0.85 0.9  0.98 1.
 1.02 1.03 1.03 1.07 1.11 1.11 1.14 1.14 1.16 1.21 1.25 1.27 1.29 1.32
 1.35 1.36 1.39 1.4  1.42 1.47 1.49 1.63 1.7  1.78 1.8  1.82 2.06 2.26
 2.45 2.55 2.72 3.87]
var: 0.48903322222222223
| [0m37       [0m | [0m1.11     [0m | [0m0.08413  [0m | [0m40.81    [0m | [0m1.321    [0m |
[0.08 0.19 0.52 1.06 1.24 1.41 1.41 1.47 1.5  1.63 1.64 1.66 1.67 1.74
 1.79 1.83 1.84 1.87 1.91 1.91 2.1  2.16 2.18 2.24 2.33 2.33 2.34 2.36
 2.38 2.46 2.52 2.53 2.64 2.68 2.69 2.89 2.9  2.91 2.93 3.   3.03 3.07
 3.09 3.15 3.16 3.19 3.2  3.22 3.24 3.3  3.54 3.94 3.98 4.03 4.1  4.38
 4.53 4.56 5.53 6.47]
var: 1.362830972222222
| [0m38       [0m | [0m2.594    [0m | [0m0.1038   [0m | [0m10.7     [0m | [0m0.2978   [0m |
[0.05 0.09 0.11 0.14 0.17 0.21 0.24 0.25 0.29 0.3  0.31 0.32 0.33 0.33
 0.33 0.35 0.36 0.41 0.46 0.51 0.51 0.56 0.59 0.59 0.65 0.72 0.76 0.77
 0.8  0.81 0.87 0.87 0.9  0.9  0.92 0.92 0.95 0.96 0.98 1.   1.04 1.07
 1.1  1.12 1.14 1.17 1.19 1.22 1.27 1.34 1.43 1.43 1.47 1.52 1.6  1.73
 1.74 2.08 2.21 2.53]
var: 0.3034583055555554
| [0m39       [0m | [0m0.8498   [0m | [0m0.2145   [0m | [0m24.91    [0m | [0m2.931    [0m |
[0.45 0.63 0.83 0.9  1.05 1.1  1.36 1.36 1.36 1.42 1.55 1.79 1.85 1.85
 1.9  1.96 1.96 1.97 2.05 2.12 2.15 2.2  2.21 2.22 2.22 2.34 2.35 2.36
 2.52 2.54 2.55 2.59 2.59 2.99 3.03 3.03 3.07 3.19 3.19 3.2  3.34 3.36
 3.4  3.41 3.64 3.68 3.72 3.82 3.92 4.05 4.06 4.3  4.52 5.05 5.1  5.31
 5.81 6.66 7.13 7.22]
var: 2.270330555555557
| [95m40       [0m | [95m2.892    [0m | [95m0.1039   [0m | [95m11.73    [0m | [95m0.2233   [0m |
[0.12 0.55 0.77 0.84 1.06 1.06 1.08 1.18 1.29 1.31 1.38 1.38 1.39 1.45
 1.45 1.51 1.57 1.75 1.79 1.86 1.86 1.91 2.11 2.14 2.29 2.41 2.48 2.75
 2.79 2.8  2.8  2.81 2.89 2.91 2.91 2.95 3.07 3.13 3.22 3.27 3.32 3.33
 3.39 3.39 3.4  3.41 3.52 3.67 3.72 3.81 3.9  3.95 3.99 4.05 4.28 4.38
 4.52 4.87 5.34 5.69]
var: 1.5284243333333332
| [0m41       [0m | [0m2.637    [0m | [0m0.1519   [0m | [0m10.67    [0m | [0m0.2739   [0m |
[0.   0.   0.   0.   0.   0.   0.   0.   0.   0.   0.   0.   0.   0.01
 0.01 0.02 0.02 0.02 0.02 0.02 0.02 0.03 0.03 0.03 0.03 0.03 0.04 0.04
 0.04 0.05 0.05 0.05 0.05 0.07 0.07 0.08 0.08 0.09 0.11 0.11 0.12 0.12
 0.12 0.12 0.13 0.15 0.15 0.16 0.16 0.16 0.18 0.2  0.2  0.22 0.23 0.24
 0.24 0.25 0.25 0.3 ]
var: 0.0068926666666667144
| [0m42       [0m | [0m0.082    [0m | [0m0.3      [0m | [0m11.25    [0m | [0m0.001    [0m |
[0.32 0.37 0.53 0.71 0.78 0.89 1.   1.22 1.29 1.33 1.33 1.41 1.56 1.61
 1.86 1.89 1.94 2.02 2.04 2.07 2.07 2.07 2.17 2.2  2.23 2.26 2.34 2.35
 2.51 2.56 2.56 2.59 2.68 2.7  2.74 2.82 2.85 2.98 3.   3.06 3.16 3.17
 3.17 3.27 3.31 3.39 3.43 3.44 3.52 3.68 3.84 3.85 3.9  4.3  4.31 4.36
 4.42 4.43 5.13 5.89]
var: 1.4174282222222239
| [0m43       [0m | [0m2.581    [0m | [0m0.1695   [0m | [0m11.68    [0m | [0m0.3355   [0m |
[0.7  0.8  1.02 1.02 1.04 1.09 1.09 1.11 1.29 1.39 1.5  1.64 1.68 1.73
 1.8  1.8  1.92 1.96 2.04 2.12 2.16 2.23 2.32 2.38 2.38 2.58 2.62 2.63
 2.67 2.74 2.76 2.9  2.95 3.04 3.05 3.09 3.2  3.49 3.59 3.59 3.59 3.67
 3.68 3.9  4.02 4.05 4.2  4.2  4.36 4.47 4.65 5.05 5.1  5.16 5.19 5.53
 5.72 7.24 7.66 9.79]
var: 3.1254078888888883
| [95m44       [0m | [95m3.106    [0m | [95m0.04234  [0m | [95m11.87    [0m | [95m0.3113   [0m |
[0.26 0.56 0.65 0.72 0.94 1.14 1.23 1.34 1.43 1.55 1.63 1.64 1.67 1.73
 2.14 2.15 2.2  2.23 2.23 2.26 2.27 2.3  2.33 2.36 2.53 2.62 2.65 2.71
 2.74 2.8  2.87 2.94 2.96 2.98 3.19 3.2  3.26 3.27 3.3  3.39 3.39 3.41
 3.49 3.52 3.53 3.6  3.65 3.69 3.69 3.88 3.89 4.04 4.16 4.23 4.27 4.3
 4.7  5.24 5.29 5.51]
var: 1.4162387500000004
| [0m45       [0m | [0m2.798    [0m | [0m0.1911   [0m | [0m11.98    [0m | [0m0.2085   [0m |
[0.03 0.05 0.29 0.43 0.46 0.49 0.56 0.58 0.68 0.71 0.71 0.75 0.79 0.83
 0.87 0.95 0.98 0.99 1.05 1.14 1.26 1.28 1.29 1.33 1.35 1.35 1.36 1.38
 1.41 1.43 1.44 1.61 1.69 1.71 1.72 1.73 1.73 1.75 1.77 1.91 2.06 2.13
 2.17 2.18 2.2  2.24 2.29 2.38 2.4  2.42 2.49 2.63 2.71 2.74 2.78 2.9
 2.93 2.97 3.8  5.19]
var: 0.8880843055555555
| [0m46       [0m | [0m1.624    [0m | [0m0.1048   [0m | [0m24.31    [0m | [0m0.8276   [0m |
[0.23 0.24 0.26 0.27 0.32 0.39 0.61 0.63 0.67 0.67 0.72 0.73 0.76 0.77
 0.87 0.96 1.04 1.06 1.08 1.4  1.47 1.51 1.53 1.56 1.56 1.56 1.59 1.63
 1.64 1.64 1.69 1.7  1.78 1.88 1.89 1.92 2.01 2.04 2.06 2.12 2.14 2.18
 2.18 2.21 2.31 2.32 2.35 2.46 2.61 2.62 2.68 2.71 3.29 3.34 3.42 3.76
 4.11 4.18 5.11 6.06]
var: 1.3945338888888883
| [0m47       [0m | [0m1.842    [0m | [0m0.07173  [0m | [0m12.04    [0m | [0m0.5092   [0m |
[0.   0.   0.   0.   0.   0.01 0.01 0.01 0.01 0.01 0.01 0.02 0.02 0.02
 0.02 0.02 0.03 0.03 0.03 0.03 0.03 0.03 0.03 0.03 0.03 0.03 0.04 0.04
 0.04 0.04 0.04 0.04 0.04 0.04 0.04 0.05 0.05 0.05 0.05 0.06 0.06 0.07
 0.07 0.08 0.09 0.09 0.09 0.09 0.09 0.1  0.11 0.17 0.18 0.22 0.25 0.25
 0.28 0.3  0.38 0.43]
var: 0.008664888888888932
| [0m48       [0m | [0m0.07467  [0m | [0m0.0361   [0m | [0m17.36    [0m | [0m0.001    [0m |
[0.09 0.35 0.36 0.4  0.46 0.55 0.62 0.64 0.7  0.7  0.73 0.74 0.75 0.86
 1.14 1.17 1.19 1.2  1.21 1.21 1.31 1.32 1.34 1.41 1.46 1.47 1.66 1.69
 1.71 1.74 1.74 1.77 1.78 1.84 1.88 1.91 2.04 2.06 2.2  2.21 2.36 2.42
 2.48 2.56 2.69 2.88 3.   3.04 3.17 3.19 3.21 3.22 3.32 3.32 3.4  3.45
 3.58 4.03 4.22 4.78]
var: 1.2059169722222216
| [0m49       [0m | [0m1.899    [0m | [0m0.2754   [0m | [0m11.88    [0m | [0m0.3335   [0m |
[ 0.78  0.93  1.26  1.34  1.48  1.58  1.61  1.67  1.82  1.87  1.89  2.07
  2.29  2.45  2.75  2.78  3.    3.02  3.04  3.04  3.1   3.13  3.15  3.15
  3.16  3.18  3.21  3.27  3.35  3.36  3.37  3.38  3.39  3.41  3.44  3.49
  3.58  3.68  3.69  3.81  3.81  3.91  4.04  4.16  4.34  4.6   4.61  4.64
  4.71  5.03  5.23  5.38  6.05  6.19  6.39  6.54  6.67  6.7   7.04 12.66]
var: 3.6023136388888912
| [95m50       [0m | [95m3.678    [0m | [95m0.03657  [0m | [95m12.01    [0m | [95m0.1212   [0m |
[0.   0.   0.   0.   0.   0.   0.   0.   0.   0.   0.   0.   0.   0.
 0.   0.   0.   0.   0.01 0.01 0.01 0.01 0.03 0.03 0.03 0.03 0.04 0.05
 0.05 0.08 0.1  0.13 0.16 0.16 0.16 0.21 0.23 0.23 0.24 0.27 0.3  0.31
 0.33 0.36 0.38 0.4  0.42 0.45 0.56 0.61 0.65 0.96 1.19 1.78 1.92 2.
 2.06 2.11 2.2  3.26]
var: 0.4992082222222221
| [0m51       [0m | [0m0.4087   [0m | [0m1e-08    [0m | [0m11.89    [0m | [0m0.08095  [0m |
[0.2  0.31 0.9  1.02 1.06 1.12 1.19 1.46 1.47 1.53 1.61 1.84 2.06 2.07
 2.13 2.28 2.49 2.56 2.66 2.66 2.67 2.79 2.96 3.43 3.51 3.52 3.57 3.73
 3.76 3.81 3.91 3.94 4.01 4.02 4.11 4.12 4.14 4.17 4.26 4.3  4.43 4.5
 4.57 4.59 4.61 4.62 4.78 4.81 4.97 5.18 5.26 5.33 5.44 5.95 6.01 6.05
 6.31 7.16 7.48 9.59]
var: 3.3761216388888893
| [0m52       [0m | [0m3.65     [0m | [0m0.004235 [0m | [0m12.0     [0m | [0m0.2432   [0m |
[0.35 1.06 1.19 1.33 1.58 1.6  1.6  1.61 1.61 1.75 1.78 1.88 1.92 1.92
 1.98 1.99 2.24 2.31 2.39 2.41 2.41 2.45 2.47 2.59 2.82 2.82 2.83 3.
 3.05 3.05 3.06 3.15 3.15 3.31 3.36 3.37 3.38 3.41 3.42 3.42 3.56 3.6
 3.61 3.75 3.82 3.99 4.04 4.05 4.1  4.28 4.32 4.32 4.38 4.63 4.74 4.84
 5.16 5.21 6.41 6.5 ]
var: 1.5877803055555562
| [0m53       [0m | [0m3.072    [0m | [0m0.06837  [0m | [0m11.95    [0m | [0m0.218    [0m |
[0.11 0.15 0.49 0.6  0.74 1.06 1.15 1.49 1.69 1.7  1.81 2.15 2.18 2.23
 2.37 2.42 2.51 2.56 2.59 2.63 2.73 2.75 2.84 2.88 3.04 3.09 3.1  3.17
 3.26 3.28 3.3  3.38 3.41 3.67 3.9  4.13 4.15 4.19 4.24 4.34 4.37 4.43
 4.54 4.55 4.66 4.66 4.67 4.78 4.88 4.89 4.92 4.94 5.02 5.07 5.18 5.29
 5.36 5.53 5.93 6.97]
var: 2.3669115555555558
| [0m54       [0m | [0m3.369    [0m | [0m0.03448  [0m | [0m12.07    [0m | [0m0.2082   [0m |
[0.26 0.87 1.37 1.66 1.69 1.97 2.   2.09 2.22 2.34 2.39 2.44 2.45 2.45
 2.48 2.52 2.52 2.54 2.57 2.58 2.7  2.7  2.71 2.72 2.83 3.1  3.12 3.17
 3.27 3.31 3.34 3.61 3.68 3.72 3.76 3.81 3.82 3.85 3.89 3.95 3.97 4.19
 4.2  4.23 4.26 4.28 4.39 4.42 4.62 4.67 4.98 5.1  5.25 5.26 5.4  5.61
 5.74 6.97 7.02 7.43]
var: 2.061447888888889
| [0m55       [0m | [0m3.508    [0m | [0m0.02556  [0m | [0m12.13    [0m | [0m0.05608  [0m |
[0.49 0.68 0.72 0.72 0.81 0.94 1.01 1.1  1.19 1.23 1.27 1.35 1.35 1.36
 1.49 1.49 1.51 1.56 1.57 1.88 1.91 2.06 2.08 2.09 2.11 2.28 2.32 2.33
 2.33 2.36 2.42 2.46 2.56 2.59 2.6  2.67 2.72 2.8  2.8  2.84 2.9  2.91
 2.94 2.99 2.99 3.12 3.12 3.16 3.18 3.31 3.33 3.43 3.45 3.89 4.14 4.28
 4.37 4.45 4.48 4.64]
var: 1.1213647500000006
| [0m56       [0m | [0m2.386    [0m | [0m0.2191   [0m | [0m11.99    [0m | [0m0.21     [0m |
[0.02 0.06 0.06 0.06 0.07 0.07 0.11 0.17 0.24 0.26 0.32 0.35 0.35 0.37
 0.4  0.45 0.46 0.49 0.52 0.53 0.53 0.53 0.58 0.62 0.63 0.63 0.68 0.69
 0.7  0.7  0.7  0.72 0.84 0.88 0.91 0.93 0.98 1.05 1.09 1.16 1.28 1.29
 1.33 1.33 1.38 1.4  1.44 1.46 1.46 1.48 1.54 1.56 1.56 1.67 1.69 1.73
 1.82 1.87 2.04 2.17]
var: 0.3303027499999998
| [0m57       [0m | [0m0.8735   [0m | [0m0.1207   [0m | [0m36.57    [0m | [0m1.779    [0m |
[0.2  0.2  0.32 0.33 0.71 0.77 0.81 0.93 0.93 1.09 1.3  1.39 1.43 1.45
 1.45 1.52 1.52 1.56 1.56 1.58 1.65 1.76 1.76 1.98 2.11 2.2  2.2  2.27
 2.27 2.29 2.31 2.37 2.43 2.46 2.47 2.6  2.64 2.65 2.74 2.88 3.   3.07
 3.26 3.34 3.35 3.39 3.4  3.41 3.47 3.54 3.56 3.63 3.66 3.73 3.79 3.79
 3.83 3.98 4.36 5.7 ]
var: 1.3530109722222219
| [0m58       [0m | [0m2.339    [0m | [0m0.04834  [0m | [0m3.165    [0m | [0m0.2425   [0m |
[0.38 0.59 1.13 1.24 1.34 1.48 1.53 1.65 1.75 1.82 1.97 1.97 1.98 2.15
 2.18 2.24 2.25 2.31 2.37 2.38 2.45 2.47 2.48 2.64 2.69 2.73 2.75 2.8
 2.83 2.85 2.96 2.98 3.06 3.06 3.09 3.17 3.19 3.25 3.28 3.39 3.44 3.45
 3.51 3.55 3.57 3.59 3.8  3.93 4.1  4.11 4.16 4.29 4.48 4.59 4.64 5.39
 5.39 5.75 6.16 6.91]
var: 1.6686595555555561
| [0m59       [0m | [0m3.027    [0m | [0m0.1218   [0m | [0m12.03    [0m | [0m0.1645   [0m |
[0.21 0.34 0.54 0.91 1.14 1.23 1.27 1.27 1.33 1.41 1.43 1.48 1.51 1.55
 1.55 1.67 1.68 1.72 1.77 1.79 1.8  1.82 1.84 2.02 2.03 2.04 2.14 2.16
 2.19 2.25 2.35 2.46 2.48 2.57 2.58 2.64 2.66 2.67 2.67 2.75 2.75 2.75
 2.8  2.96 2.99 3.   3.03 3.1  3.2  3.27 3.28 3.43 3.52 3.58 3.77 3.83
 3.88 4.44 4.44 6.74]
var: 1.2029393333333327
| [0m60       [0m | [0m2.378    [0m | [0m0.1685   [0m | [0m10.66    [0m | [0m0.2846   [0m |
[0.02 0.07 0.08 0.11 0.12 0.13 0.14 0.14 0.16 0.17 0.2  0.21 0.22 0.27
 0.31 0.33 0.35 0.35 0.37 0.41 0.53 0.55 0.62 0.68 0.74 0.79 0.81 0.83
 0.86 0.87 0.93 0.93 0.93 0.96 0.98 0.99 1.01 1.01 1.03 1.16 1.16 1.2
 1.24 1.29 1.32 1.36 1.37 1.4  1.43 1.46 1.59 1.7  1.72 1.8  1.88 1.97
 2.22 2.3  2.87 3.08]
var: 0.4876403055555552
| [0m61       [0m | [0m0.9288   [0m | [0m0.2272   [0m | [0m32.24    [0m | [0m1.646    [0m |
[0.   0.02 0.07 0.07 0.1  0.17 0.29 0.3  0.31 0.34 0.36 0.38 0.47 0.5
 0.54 0.57 0.57 0.58 0.59 0.61 0.63 0.64 0.68 0.72 0.75 0.76 0.79 0.8
 0.8  0.84 0.86 0.87 0.9  0.99 1.02 1.04 1.05 1.07 1.09 1.1  1.1  1.12
 1.15 1.18 1.2  1.29 1.32 1.33 1.41 1.42 1.43 1.43 1.43 1.47 1.52 1.55
 1.58 2.11 2.12 2.41]
var: 0.27615163888888883
| [0m62       [0m | [0m0.8968   [0m | [0m0.2594   [0m | [0m24.63    [0m | [0m2.84     [0m |
[0.   0.   0.   0.01 0.02 0.09 0.15 0.16 0.16 0.17 0.19 0.23 0.23 0.27
 0.3  0.34 0.35 0.35 0.43 0.49 0.5  0.5  0.52 0.53 0.55 0.57 0.67 0.7
 0.77 0.78 0.8  0.86 0.86 0.88 0.93 0.96 0.97 0.99 0.99 0.99 1.01 1.02
 1.09 1.17 1.17 1.2  1.21 1.26 1.32 1.34 1.37 1.39 1.4  1.48 1.48 1.54
 1.79 1.93 2.53 3.  ]
var: 0.3749639999999996
| [0m63       [0m | [0m0.816    [0m | [0m0.03162  [0m | [0m42.88    [0m | [0m2.383    [0m |
[ 0.74  0.95  1.62  1.63  1.7   1.73  1.74  1.75  1.78  1.91  1.95  1.96
  2.09  2.16  2.19  2.24  2.25  2.26  2.28  2.3   2.31  2.35  2.51  2.51
  2.57  2.61  2.63  2.64  2.69  2.69  2.72  2.82  2.87  2.91  2.93  2.95
  3.09  3.11  3.14  3.15  3.2   3.27  3.29  3.32  3.38  3.54  3.58  3.61
  3.64  4.06  4.42  4.43  4.46  4.53  4.86  5.11  5.15  5.52  5.96 10.44]
var: 2.1016822222222205
| [0m64       [0m | [0m3.037    [0m | [0m0.03366  [0m | [0m12.05    [0m | [0m0.05346  [0m |
[0.45 0.53 0.7  1.18 1.31 1.39 1.59 1.6  1.62 1.67 1.77 1.87 1.92 2.08
 2.15 2.22 2.34 2.36 2.4  2.45 2.49 2.49 2.5  2.52 2.52 2.53 2.57 2.6
 2.63 2.74 2.78 2.78 2.91 2.95 2.99 3.01 3.06 3.2  3.22 3.36 3.4  3.41
 3.52 3.75 3.91 3.97 4.   4.07 4.17 4.49 4.72 4.73 4.76 4.9  4.91 5.2
 6.26 6.42 7.28 8.12]
var: 2.340359555555556
| [0m65       [0m | [0m3.091    [0m | [0m0.05526  [0m | [0m12.2     [0m | [0m0.1083   [0m |
[0.15 0.67 0.74 1.06 1.12 1.17 1.34 1.52 1.56 1.64 1.67 1.71 1.71 1.78
 1.79 1.87 1.89 1.99 2.06 2.07 2.26 2.31 2.33 2.34 2.4  2.4  2.41 2.74
 2.8  3.08 3.1  3.17 3.24 3.39 3.49 3.54 3.56 3.59 3.61 3.66 3.74 3.75
 3.82 3.85 4.12 4.18 4.25 4.51 4.56 4.63 4.66 4.81 4.96 5.07 5.94 5.95
 6.27 6.49 7.23 8.56]
var: 2.8724948888888897
| [0m66       [0m | [0m3.171    [0m | [0m0.01361  [0m | [0m11.73    [0m | [0m0.3521   [0m |
[0.01 0.1  0.14 0.18 0.21 0.32 0.37 0.48 0.51 0.52 0.53 0.54 0.54 0.63
 0.68 0.68 0.71 0.84 0.92 0.93 0.97 1.   1.01 1.02 1.08 1.09 1.12 1.13
 1.18 1.22 1.29 1.38 1.43 1.46 1.48 1.49 1.5  1.58 1.6  1.64 1.72 1.74
 1.84 1.84 1.85 1.9  1.98 2.   2.06 2.07 2.09 2.11 2.18 2.44 2.73 2.75
 2.78 3.39 3.54 3.95]
var: 0.7485414166666672
| [0m67       [0m | [0m1.375    [0m | [0m0.02715  [0m | [0m10.61    [0m | [0m2.294    [0m |
[0.01 0.05 0.16 0.18 0.22 0.24 0.27 0.35 0.36 0.42 0.46 0.5  0.5  0.52
 0.56 0.57 0.66 0.66 0.68 0.7  0.72 0.73 0.73 0.75 0.76 0.79 0.82 0.84
 0.91 0.91 0.93 1.   1.   1.03 1.05 1.08 1.09 1.1  1.17 1.27 1.32 1.37
 1.37 1.42 1.44 1.45 1.48 1.5  1.55 1.58 1.6  1.6  1.72 1.75 1.92 2.16
 2.2  2.28 2.33 2.72]
var: 0.37329830555555527
| [0m68       [0m | [0m1.025    [0m | [0m0.1937   [0m | [0m15.33    [0m | [0m2.728    [0m |
[0.03 0.22 0.45 0.67 0.78 0.82 0.99 1.02 1.15 1.19 1.21 1.23 1.4  1.55
 1.75 1.87 1.9  2.   2.02 2.13 2.16 2.17 2.2  2.26 2.32 2.46 2.53 2.65
 2.66 2.74 2.86 2.89 2.9  2.95 2.96 3.05 3.07 3.13 3.17 3.22 3.23 3.26
 3.39 3.39 3.42 3.45 3.5  3.58 3.58 3.65 3.69 3.78 3.78 3.92 3.97 4.16
 4.21 4.51 5.3  5.95]
var: 1.5010820833333334
| [0m69       [0m | [0m2.608    [0m | [0m0.01474  [0m | [0m11.83    [0m | [0m0.4826   [0m |
[0.   0.   0.   0.   0.   0.   0.   0.   0.   0.   0.01 0.01 0.01 0.01
 0.01 0.01 0.02 0.02 0.02 0.03 0.04 0.04 0.04 0.04 0.05 0.05 0.06 0.06
 0.07 0.09 0.1  0.1  0.12 0.12 0.13 0.13 0.15 0.15 0.15 0.16 0.17 0.17
 0.18 0.2  0.23 0.29 0.29 0.36 0.36 0.39 0.4  0.42 0.42 0.46 0.48 0.61
 0.78 1.44 1.64 2.68]
var: 0.19334697222222214
| [0m70       [0m | [0m0.2328   [0m | [0m1e-08    [0m | [0m12.0     [0m | [0m0.3357   [0m |
[0.12 0.19 0.19 0.28 0.29 0.33 0.36 0.57 0.59 0.6  0.62 0.63 0.64 0.67
 0.77 0.78 0.8  0.85 0.88 0.91 0.92 0.95 1.   1.01 1.03 1.07 1.07 1.1
 1.2  1.22 1.24 1.28 1.33 1.39 1.41 1.42 1.43 1.44 1.47 1.5  1.5  1.51
 1.6  1.62 1.63 1.71 1.75 1.77 1.78 1.78 1.89 1.94 1.97 2.1  2.37 2.56
 3.41 3.7  4.25 4.71]
var: 0.8260838888888895
| [0m71       [0m | [0m1.352    [0m | [0m0.2353   [0m | [0m17.22    [0m | [0m1.661    [0m |
[0.93 0.98 1.03 1.03 1.08 1.26 1.26 1.48 1.63 1.64 1.65 1.72 1.72 1.75
 1.81 1.9  1.93 1.96 1.97 1.99 2.11 2.12 2.2  2.25 2.27 2.37 2.39 2.47
 2.56 2.58 2.58 2.64 2.75 2.76 2.81 2.85 2.86 2.9  2.92 2.94 3.   3.02
 3.37 3.44 3.47 3.63 3.64 3.69 3.73 4.23 4.3  4.42 4.53 4.69 5.03 5.2
 5.57 5.79 5.79 6.09]
var: 1.7012848888888896
| [0m72       [0m | [0m2.811    [0m | [0m0.1101   [0m | [0m12.05    [0m | [0m0.06752  [0m |
[0.31 0.33 0.4  0.69 0.69 0.73 0.87 0.95 0.99 1.12 1.2  1.37 1.41 1.5
 1.6  1.63 1.65 1.69 1.72 1.73 1.83 1.85 1.85 1.85 1.86 1.87 2.04 2.12
 2.37 2.38 2.42 2.52 2.75 2.79 2.89 2.99 3.01 3.01 3.02 3.07 3.17 3.17
 3.44 3.56 3.6  3.61 3.69 3.81 3.84 4.19 4.33 4.36 4.39 4.47 4.51 4.73
 4.74 4.91 4.93 5.91]
var: 1.8525703055555565
| [0m73       [0m | [0m2.574    [0m | [0m0.2051   [0m | [0m11.77    [0m | [0m0.2402   [0m |
[0.11 0.2  0.24 0.46 0.5  0.51 0.67 0.84 0.85 1.   1.04 1.06 1.1  1.16
 1.19 1.26 1.38 1.38 1.46 1.48 1.51 1.61 1.64 1.74 1.77 1.85 1.88 1.95
 2.   2.13 2.17 2.42 2.5  2.51 2.58 2.61 2.63 2.65 2.69 2.71 2.75 2.8
 2.84 2.94 2.96 2.98 3.02 3.07 3.15 3.2  3.24 3.29 3.33 3.54 3.69 3.76
 3.78 4.17 4.24 4.35]
var: 1.2014178888888885
| [0m74       [0m | [0m2.142    [0m | [0m0.1332   [0m | [0m11.78    [0m | [0m0.3288   [0m |
[0.08 0.34 0.99 1.   1.19 1.34 1.51 1.52 1.75 1.76 1.79 1.9  1.92 1.94
 1.96 1.98 1.99 2.   2.15 2.16 2.27 2.32 2.42 2.51 2.52 2.53 2.54 2.61
 2.73 2.75 2.82 2.85 2.91 2.96 3.02 3.08 3.1  3.14 3.17 3.21 3.31 3.31
 3.47 3.55 3.66 3.67 3.77 3.95 3.97 4.07 4.08 4.28 4.36 4.41 4.56 4.64
 4.96 4.97 5.2  6.14]
var: 1.4741990000000011
| [0m75       [0m | [0m2.851    [0m | [0m0.1264   [0m | [0m12.16    [0m | [0m0.1875   [0m |
[0.27 0.4  0.57 0.68 0.8  0.93 1.03 1.07 1.07 1.15 1.25 1.39 1.45 1.49
 1.49 1.59 1.66 1.76 1.8  1.94 1.98 2.   2.12 2.24 2.3  2.37 2.4  2.53
 2.56 2.83 2.87 2.96 3.16 3.19 3.19 3.23 3.25 3.3  3.33 3.33 3.34 3.57
 3.58 3.6  3.63 3.67 3.84 3.96 3.98 4.13 4.18 4.26 4.3  4.81 4.96 5.14
 5.51 5.54 5.79 6.37]
var: 2.113868305555555
| [0m76       [0m | [0m2.785    [0m | [0m0.01951  [0m | [0m11.69    [0m | [0m0.4422   [0m |
[1.34 1.41 1.96 1.98 2.09 2.25 2.33 2.35 2.36 2.36 2.39 2.41 2.43 2.52
 2.55 2.58 2.61 2.68 2.69 2.81 2.97 3.02 3.04 3.1  3.23 3.33 3.34 3.38
 3.43 3.51 3.53 3.6  3.67 3.72 3.77 3.81 3.82 3.89 3.93 4.   4.01 4.27
 4.32 4.32 4.33 4.56 4.78 5.03 5.04 5.25 5.7  5.76 5.76 6.25 6.41 6.56
 6.78 6.91 7.21 7.4 ]
var: 2.2318595555555545
| [95m77       [0m | [95m3.781    [0m | [95m0.02494  [0m | [95m12.11    [0m | [95m0.08177  [0m |
[1.25 1.63 1.77 1.83 2.14 2.14 2.29 2.29 2.29 2.3  2.32 2.35 2.41 2.46
 2.47 2.48 2.51 2.54 2.55 2.56 2.65 2.69 2.81 2.82 2.83 2.85 2.88 2.9
 2.99 3.07 3.14 3.19 3.28 3.41 3.51 3.53 3.57 3.58 3.81 3.85 3.95 4.23
 4.26 4.26 4.34 4.44 4.47 4.57 4.69 4.7  4.73 4.74 4.78 4.85 4.97 4.99
 5.17 5.77 6.2  7.24]
var: 1.4616860833333343
| [0m78       [0m | [0m3.422    [0m | [0m0.07511  [0m | [0m12.02    [0m | [0m0.1475   [0m |
[0.06 0.1  0.14 0.16 0.21 0.23 0.24 0.24 0.26 0.29 0.32 0.32 0.4  0.42
 0.47 0.57 0.6  0.65 0.68 0.74 0.75 0.78 0.79 0.8  0.92 0.97 0.99 1.
 1.04 1.11 1.14 1.15 1.16 1.25 1.3  1.32 1.33 1.34 1.43 1.44 1.45 1.45
 1.48 1.52 1.52 1.54 1.54 1.63 1.73 1.74 1.75 1.87 1.94 2.27 2.46 2.72
 2.77 2.87 3.03 3.72]
var: 0.6472027499999997
| [0m79       [0m | [0m1.169    [0m | [0m0.05616  [0m | [0m6.566    [0m | [0m2.109    [0m |
[0.19 0.45 0.59 0.72 0.88 1.05 1.18 1.27 1.39 1.41 1.42 1.67 1.83 1.83
 1.91 2.02 2.07 2.08 2.1  2.15 2.26 2.29 2.36 2.4  2.44 2.48 2.5  2.54
 2.59 2.68 2.7  2.72 2.75 2.75 2.78 2.81 2.81 2.84 2.9  2.95 3.36 3.39
 3.41 3.43 3.5  3.56 3.57 3.63 3.94 3.94 4.07 4.27 4.36 4.43 4.44 4.67
 4.87 5.38 6.12 6.82]
var: 1.7749748888888877
| [0m80       [0m | [0m2.765    [0m | [0m0.2179   [0m | [0m11.65    [0m | [0m0.2045   [0m |
=============================================================
None
num_trials:  40  inits,  40  iters,  60  per
rho:  50
pthin:  0.20

Best VPT: 3.7806666666666673
Best result: {'a': 0.02493801667805935, 'g': 12.112607850123137, 's': 0.0817722699014095}

KERNEL: nu=1.5, lengthscale=2.0, alpha=0.0005
