|   iter    |  target   |     a     |     g     |     s     |
-------------------------------------------------------------
[0.   0.02 0.06 0.07 0.08 0.13 0.2  0.22 0.22 0.23 0.26 0.33 0.33 0.38
 0.46 0.51 0.52 0.53 0.56 0.6  0.68 0.7  0.7  0.72 0.75 0.77 0.77 0.77
 0.79 0.84 0.87 0.88 0.92 0.98 1.01 1.01 1.03 1.04 1.08 1.11 1.16 1.19
 1.29 1.3  1.33 1.33 1.34 1.44 1.47 1.49 1.51 1.67 1.71 1.71 1.92 1.99
 2.05 2.09 2.13 2.78]
var: 0.3813336388888891
| [0m1        [0m | [0m0.9338   [0m | [0m0.1522   [0m | [0m36.68    [0m | [0m1.975    [0m |
[0.14 0.32 0.33 0.46 1.01 1.04 1.15 1.23 1.25 1.26 1.32 1.56 1.62 1.63
 1.64 1.65 1.78 1.82 1.94 1.97 2.07 2.12 2.19 2.22 2.3  2.41 2.42 2.42
 2.68 2.7  2.72 2.77 2.83 3.   3.1  3.1  3.13 3.29 3.3  3.36 3.49 3.51
 3.51 3.57 3.68 3.7  3.85 3.99 4.08 4.47 4.66 4.67 4.78 4.88 5.3  5.68
 5.85 5.92 6.1  6.42]
var: 2.340177333333335
| [95m2        [0m | [95m2.856    [0m | [95m0.07117  [0m | [95m17.75    [0m | [95m0.351    [0m |
[0.03 0.06 0.09 0.09 0.11 0.16 0.16 0.19 0.3  0.3  0.34 0.35 0.35 0.39
 0.4  0.46 0.47 0.48 0.5  0.53 0.53 0.54 0.55 0.56 0.57 0.61 0.64 0.66
 0.67 0.69 0.78 0.82 0.87 0.88 0.9  0.92 0.93 0.95 0.97 1.01 1.02 1.03
 1.06 1.15 1.17 1.18 1.2  1.22 1.28 1.41 1.44 1.96 2.02 2.17 2.24 2.26
 2.27 2.36 2.44 4.15]
var: 0.5773795555555548
| [0m3        [0m | [0m0.9307   [0m | [0m0.1004   [0m | [0m41.9     [0m | [0m2.237    [0m |
[0.   0.01 0.02 0.09 0.15 0.17 0.21 0.27 0.29 0.33 0.34 0.41 0.41 0.44
 0.51 0.53 0.54 0.58 0.59 0.61 0.67 0.67 0.71 0.74 0.75 0.77 0.79 0.79
 0.83 0.86 0.86 0.92 0.97 1.   1.03 1.08 1.09 1.11 1.12 1.13 1.18 1.19
 1.19 1.22 1.26 1.33 1.33 1.36 1.37 1.42 1.42 1.43 1.56 1.78 1.9  1.96
 2.   2.15 3.72 3.81]
var: 0.5351236388888885
| [0m4        [0m | [0m0.9828   [0m | [0m0.2271   [0m | [0m27.0     [0m | [0m2.298    [0m |
[0.   0.03 0.03 0.08 0.08 0.09 0.12 0.12 0.14 0.19 0.2  0.2  0.24 0.24
 0.28 0.31 0.32 0.33 0.34 0.34 0.38 0.41 0.5  0.51 0.53 0.54 0.56 0.57
 0.66 0.67 0.7  0.72 0.77 0.79 0.8  0.83 0.86 0.87 0.91 0.92 0.98 1.04
 1.09 1.12 1.15 1.17 1.21 1.27 1.29 1.33 1.34 1.43 1.58 1.87 1.9  1.94
 2.03 2.42 2.64 2.81]
var: 0.44374497222222203
| [0m5        [0m | [0m0.8132   [0m | [0m0.1025   [0m | [0m49.55    [0m | [0m2.468    [0m |
[0.   0.   0.09 0.09 0.12 0.16 0.17 0.2  0.22 0.23 0.24 0.24 0.25 0.26
 0.27 0.28 0.31 0.32 0.35 0.37 0.41 0.43 0.43 0.44 0.44 0.45 0.45 0.46
 0.47 0.48 0.52 0.52 0.53 0.57 0.59 0.59 0.61 0.67 0.68 0.68 0.71 0.82
 0.86 0.89 0.89 0.96 0.97 0.98 0.99 1.   1.06 1.14 1.15 1.31 1.34 1.35
 1.35 1.41 2.17 2.65]
var: 0.2461316388888888
| [0m6        [0m | [0m0.6432   [0m | [0m0.1325   [0m | [0m0.4592   [0m | [0m2.692    [0m |
[0.04 0.06 0.06 0.07 0.1  0.11 0.14 0.15 0.24 0.27 0.3  0.33 0.37 0.4
 0.43 0.47 0.5  0.5  0.51 0.51 0.6  0.6  0.62 0.65 0.67 0.68 0.76 0.76
 0.78 0.78 0.82 0.93 0.93 1.   1.03 1.05 1.11 1.15 1.17 1.22 1.24 1.24
 1.25 1.26 1.3  1.31 1.37 1.38 1.42 1.47 1.5  1.75 1.82 1.83 2.03 2.05
 2.11 2.29 3.41 3.45]
var: 0.5381087500000007
| [0m7        [0m | [0m0.9725   [0m | [0m0.07343  [0m | [0m47.22    [0m | [0m1.639    [0m |
[0.   0.01 0.02 0.03 0.04 0.06 0.07 0.08 0.11 0.14 0.25 0.26 0.27 0.28
 0.29 0.36 0.36 0.37 0.4  0.42 0.44 0.46 0.47 0.47 0.47 0.51 0.53 0.53
 0.54 0.64 0.64 0.69 0.69 0.69 0.7  0.7  0.7  0.73 0.73 0.74 0.75 0.76
 0.85 0.89 0.91 0.97 1.   1.   1.02 1.02 1.25 1.33 1.4  1.42 1.45 1.47
 1.56 1.56 1.76 1.97]
var: 0.22678475000000015
| [0m8        [0m | [0m0.6705   [0m | [0m0.1472   [0m | [0m0.5707   [0m | [0m0.8876   [0m |
[0.06 0.32 0.35 0.76 0.88 1.12 1.14 1.15 1.24 1.26 1.31 1.38 1.47 1.48
 1.48 1.63 1.67 1.74 1.75 1.81 1.82 1.83 1.9  1.9  1.94 1.95 2.06 2.09
 2.15 2.16 2.16 2.36 2.4  2.41 2.45 2.5  2.55 2.56 2.6  2.61 2.63 2.71
 2.81 2.81 2.81 2.82 2.83 2.83 2.86 2.94 2.95 3.2  3.25 3.3  3.3  3.6
 3.67 3.79 4.22 5.48]
var: 0.9416449722222228
| [0m9        [0m | [0m2.22     [0m | [0m0.1271   [0m | [0m12.46    [0m | [0m0.9835   [0m |
[0.   0.05 0.09 0.12 0.16 0.24 0.28 0.28 0.31 0.33 0.34 0.38 0.38 0.4
 0.43 0.43 0.45 0.45 0.51 0.53 0.54 0.54 0.54 0.55 0.62 0.63 0.65 0.7
 0.8  0.83 0.84 0.91 0.93 0.94 0.95 1.02 1.08 1.09 1.13 1.19 1.24 1.32
 1.34 1.39 1.4  1.42 1.43 1.44 1.44 1.47 1.49 1.69 1.73 1.76 1.8  1.85
 2.01 2.07 2.48 2.66]
var: 0.3857114166666667
| [0m10       [0m | [0m0.9345   [0m | [0m0.05537  [0m | [0m38.52    [0m | [0m2.248    [0m |
[0.31 0.46 0.5  0.51 0.51 0.55 0.59 0.65 0.66 0.71 0.74 0.78 0.86 0.86
 0.88 0.94 1.   1.06 1.07 1.11 1.12 1.14 1.18 1.21 1.25 1.26 1.31 1.52
 1.54 1.55 1.64 1.66 1.7  1.72 1.77 1.86 1.87 1.95 1.97 2.01 2.13 2.17
 2.3  2.33 2.69 2.7  2.83 2.88 2.89 2.92 3.   3.25 3.4  3.64 3.94 3.95
 3.97 4.15 4.36 4.5 ]
var: 1.2695443333333325
| [0m11       [0m | [0m1.833    [0m | [0m0.07143  [0m | [0m43.82    [0m | [0m0.1212   [0m |
[0.02 0.02 0.03 0.04 0.07 0.07 0.1  0.1  0.11 0.12 0.15 0.23 0.27 0.31
 0.32 0.36 0.41 0.43 0.43 0.5  0.53 0.53 0.54 0.54 0.56 0.57 0.59 0.69
 0.69 0.72 0.72 0.86 0.87 0.95 0.97 1.   1.02 1.06 1.06 1.07 1.12 1.15
 1.19 1.21 1.24 1.24 1.27 1.28 1.29 1.29 1.3  1.35 1.41 1.5  1.52 1.54
 1.58 1.67 1.76 2.03]
var: 0.2758336388888889
| [0m12       [0m | [0m0.7928   [0m | [0m0.2059   [0m | [0m40.74    [0m | [0m1.795    [0m |
[0.14 0.31 0.38 0.39 0.44 0.46 0.48 0.57 0.57 0.58 0.6  0.63 0.64 0.68
 0.75 0.8  0.86 0.88 0.99 1.05 1.07 1.1  1.11 1.2  1.28 1.29 1.29 1.31
 1.33 1.35 1.36 1.37 1.38 1.39 1.45 1.45 1.5  1.5  1.59 1.71 1.77 1.8
 1.81 1.83 1.85 1.85 1.91 1.93 1.97 1.99 2.05 2.08 2.11 2.17 2.37 2.4
 2.51 2.63 2.69 3.08]
var: 0.45663030555555506
| [0m13       [0m | [0m1.367    [0m | [0m0.2339   [0m | [0m5.754    [0m | [0m1.286    [0m |
[0.05 0.11 0.14 0.14 0.17 0.24 0.32 0.42 0.46 0.58 0.59 0.61 0.63 0.65
 0.67 0.68 0.7  0.71 0.73 0.75 0.77 0.79 0.84 0.89 0.89 0.91 0.91 0.95
 0.97 1.03 1.1  1.12 1.17 1.17 1.18 1.19 1.2  1.22 1.26 1.34 1.37 1.4
 1.42 1.48 1.51 1.54 1.54 1.57 1.58 1.67 1.83 1.94 1.99 2.   2.06 2.13
 2.18 2.29 2.66 2.7 ]
var: 0.3977827499999997
| [0m14       [0m | [0m1.119    [0m | [0m0.1876   [0m | [0m39.48    [0m | [0m1.392    [0m |
[0.13 0.14 0.16 0.16 0.18 0.18 0.19 0.2  0.21 0.22 0.22 0.23 0.23 0.25
 0.26 0.28 0.28 0.31 0.32 0.38 0.4  0.47 0.47 0.51 0.54 0.56 0.56 0.58
 0.59 0.59 0.59 0.59 0.6  0.61 0.67 0.72 0.73 0.74 0.78 0.83 0.85 0.86
 0.86 0.86 0.87 0.87 0.89 0.91 0.95 0.95 0.95 1.02 1.09 1.09 1.11 1.21
 1.24 1.27 1.54 2.04]
var: 0.15150497222222223
| [0m15       [0m | [0m0.6348   [0m | [0m0.06204  [0m | [0m0.5763   [0m | [0m2.158    [0m |
[0.01 0.06 0.08 0.12 0.15 0.16 0.17 0.21 0.26 0.31 0.38 0.41 0.41 0.45
 0.46 0.46 0.51 0.52 0.52 0.55 0.56 0.6  0.64 0.65 0.65 0.67 0.7  0.76
 0.79 0.79 0.82 0.86 0.86 0.9  0.95 0.97 0.99 1.01 1.04 1.04 1.07 1.07
 1.07 1.13 1.16 1.2  1.29 1.31 1.36 1.37 1.38 1.41 1.53 1.67 1.74 1.79
 1.86 1.94 1.98 2.15]
var: 0.2809814166666665
| [0m16       [0m | [0m0.8655   [0m | [0m0.2605   [0m | [0m40.16    [0m | [0m2.433    [0m |
[0.2  0.24 0.32 0.36 0.39 0.5  0.55 0.7  0.76 0.76 0.78 0.85 0.86 0.88
 1.01 1.04 1.07 1.12 1.16 1.17 1.25 1.27 1.33 1.38 1.38 1.47 1.49 1.51
 1.53 1.72 1.73 1.76 1.85 1.88 1.98 2.13 2.23 2.27 2.28 2.3  2.33 2.38
 2.44 2.48 2.52 2.6  2.73 2.8  2.92 2.93 2.97 3.21 3.48 3.79 3.94 3.97
 4.04 4.1  4.4  5.44]
var: 1.3850814166666663
| [0m17       [0m | [0m1.916    [0m | [0m0.09196  [0m | [0m19.85    [0m | [0m0.6547   [0m |
[0.04 0.04 0.1  0.23 0.24 0.25 0.3  0.33 0.43 0.46 0.47 0.5  0.55 0.57
 0.57 0.67 0.68 0.73 0.74 0.75 0.77 0.86 0.9  0.94 0.95 0.98 0.99 0.99
 1.01 1.02 1.03 1.03 1.05 1.11 1.13 1.14 1.19 1.19 1.24 1.25 1.37 1.41
 1.43 1.54 1.55 1.6  1.67 1.75 1.77 1.86 1.87 1.9  1.96 1.97 2.05 2.1
 2.11 2.34 2.37 3.19]
var: 0.4358880833333329
| [0m18       [0m | [0m1.121    [0m | [0m0.09012  [0m | [0m31.23    [0m | [0m2.388    [0m |
[0.01 0.06 0.11 0.17 0.18 0.28 0.3  0.31 0.34 0.43 0.45 0.49 0.5  0.51
 0.51 0.55 0.57 0.58 0.61 0.63 0.67 0.69 0.73 0.74 0.75 0.78 0.8  0.82
 0.86 0.87 0.87 0.91 0.92 0.93 0.94 0.95 0.95 1.   1.   1.01 1.03 1.04
 1.08 1.08 1.13 1.17 1.19 1.2  1.36 1.37 1.42 1.42 1.45 1.51 1.6  1.66
 1.8  2.   2.09 2.58]
var: 0.26248622222222223
| [0m19       [0m | [0m0.8993   [0m | [0m0.2716   [0m | [0m1.452    [0m | [0m2.46     [0m |
[0.   0.   0.   0.01 0.05 0.08 0.08 0.23 0.24 0.26 0.29 0.36 0.42 0.45
 0.66 0.73 0.75 0.81 0.82 0.84 0.91 0.93 0.95 1.06 1.08 1.2  1.23 1.29
 1.3  1.31 1.34 1.34 1.35 1.37 1.46 1.58 1.63 1.87 1.95 1.95 1.99 2.09
 2.17 2.18 2.21 2.35 2.39 2.76 2.81 2.83 2.97 3.02 3.04 3.19 3.21 3.43
 3.74 3.85 4.25 6.25]
var: 1.5933216388888882
| [0m20       [0m | [0m1.582    [0m | [0m0.001535 [0m | [0m42.02    [0m | [0m1.116    [0m |
[0.03 0.11 0.16 0.21 0.22 0.37 0.47 0.47 0.49 0.49 0.52 0.56 0.62 0.62
 0.73 0.74 0.8  0.8  0.86 0.87 0.93 0.95 0.95 1.02 1.03 1.08 1.11 1.12
 1.21 1.23 1.26 1.32 1.34 1.36 1.39 1.41 1.44 1.48 1.56 1.57 1.59 1.59
 1.66 1.75 1.77 1.78 1.8  1.8  1.89 1.95 2.02 2.05 2.05 2.1  2.12 2.16
 2.2  2.39 2.74 3.26]
var: 0.4741880833333339
| [0m21       [0m | [0m1.26     [0m | [0m0.2562   [0m | [0m16.18    [0m | [0m2.071    [0m |
[0.04 0.13 0.3  0.39 0.45 0.5  0.52 0.65 0.67 0.76 0.79 0.79 0.93 0.93
 0.94 1.06 1.14 1.14 1.16 1.19 1.21 1.28 1.42 1.45 1.46 1.51 1.51 1.55
 1.56 1.59 1.59 1.61 1.62 1.74 1.79 1.89 1.98 2.04 2.06 2.13 2.14 2.5
 2.69 2.69 2.69 2.7  2.76 2.79 2.81 2.89 2.93 2.99 3.04 3.07 3.31 3.73
 4.04 4.1  4.28 4.94]
var: 1.2188928888888886
| [0m22       [0m | [0m1.843    [0m | [0m0.007793 [0m | [0m31.08    [0m | [0m1.39     [0m |
[0.01 0.06 0.15 0.15 0.17 0.18 0.18 0.19 0.23 0.38 0.41 0.44 0.56 0.58
 0.62 0.63 0.68 0.73 0.73 0.84 0.84 0.86 0.86 0.87 0.91 0.94 0.95 1.
 1.   1.03 1.04 1.11 1.11 1.14 1.15 1.15 1.28 1.37 1.38 1.43 1.44 1.45
 1.45 1.48 1.49 1.57 1.62 1.71 1.82 2.02 2.05 2.25 2.25 2.31 2.51 2.53
 2.66 2.8  2.81 4.1 ]
var: 0.674501222222223
| [0m23       [0m | [0m1.194    [0m | [0m0.2868   [0m | [0m14.02    [0m | [0m2.199    [0m |
[0.01 0.02 0.11 0.16 0.23 0.27 0.51 0.54 0.77 0.81 1.2  1.29 1.32 1.57
 1.6  1.66 1.7  1.73 1.79 1.81 1.82 1.84 1.86 1.96 1.99 2.   2.1  2.15
 2.18 2.21 2.23 2.24 2.29 2.3  2.5  2.52 2.66 2.66 2.72 2.79 2.91 2.93
 3.09 3.1  3.15 3.2  3.27 3.31 3.35 3.37 3.42 3.53 3.54 3.67 3.71 3.74
 3.88 3.98 4.11 5.07]
var: 1.3460843055555556
| [0m24       [0m | [0m2.241    [0m | [0m0.01775  [0m | [0m10.37    [0m | [0m1.289    [0m |
[0.14 0.15 0.34 0.48 0.51 0.55 0.6  0.6  0.63 0.75 0.88 0.89 0.98 1.02
 1.03 1.12 1.17 1.17 1.21 1.23 1.24 1.24 1.26 1.3  1.3  1.31 1.34 1.35
 1.43 1.49 1.58 1.6  1.63 1.7  1.77 1.84 1.85 1.9  1.92 1.96 2.   2.02
 2.08 2.09 2.09 2.13 2.13 2.18 2.46 2.53 2.56 2.65 2.72 2.73 2.78 2.81
 2.98 3.2  4.07 4.56]
var: 0.7899069722222222
| [0m25       [0m | [0m1.654    [0m | [0m0.2528   [0m | [0m1.329    [0m | [0m0.3615   [0m |
[0.32 0.71 0.93 1.25 1.31 1.34 1.47 1.49 1.5  1.52 1.64 1.83 2.1  2.14
 2.15 2.22 2.27 2.4  2.45 2.51 2.52 2.56 2.68 2.7  2.74 2.75 2.81 2.86
 2.89 2.98 2.99 2.99 3.02 3.02 3.12 3.23 3.31 3.32 3.48 3.59 3.63 3.66
 3.7  3.77 3.79 3.88 4.03 4.05 4.19 4.26 4.26 4.28 4.29 4.46 4.58 4.96
 5.04 5.89 6.17 6.86]
var: 1.7134678888888888
| [95m26       [0m | [95m3.048    [0m | [95m0.1546   [0m | [95m18.85    [0m | [95m0.1154   [0m |
[0.01 0.06 0.06 0.08 0.23 0.27 0.3  0.34 0.36 0.36 0.38 0.51 0.51 0.55
 0.69 0.7  0.71 0.73 0.84 0.85 0.86 0.86 0.9  0.93 0.94 0.97 0.98 0.99
 1.   1.01 1.02 1.03 1.05 1.12 1.15 1.17 1.19 1.22 1.23 1.24 1.26 1.29
 1.33 1.33 1.4  1.43 1.45 1.53 1.69 1.74 1.75 1.77 1.8  1.83 2.11 2.12
 2.16 2.4  3.09 3.27]
var: 0.46058208333333334
| [0m27       [0m | [0m1.103    [0m | [0m0.214    [0m | [0m49.94    [0m | [0m1.447    [0m |
[0.05 0.19 0.21 0.25 0.26 0.57 0.6  0.61 0.72 0.77 0.88 0.9  0.91 0.93
 1.03 1.14 1.14 1.15 1.19 1.26 1.36 1.37 1.47 1.47 1.48 1.49 1.51 1.56
 1.65 1.66 1.78 1.84 1.93 2.23 2.32 2.4  2.43 2.47 2.52 2.52 2.59 2.61
 2.66 2.7  2.79 2.8  2.81 2.88 2.91 3.04 3.06 3.11 3.13 3.29 3.38 3.72
 4.19 4.23 4.82 6.13]
var: 1.4948280833333343
| [0m28       [0m | [0m1.985    [0m | [0m0.08205  [0m | [0m14.88    [0m | [0m1.048    [0m |
[0.02 0.17 0.17 0.55 0.56 0.58 0.62 0.74 0.83 0.93 0.96 0.96 0.98 1.02
 1.03 1.09 1.1  1.19 1.22 1.31 1.33 1.36 1.36 1.42 1.42 1.43 1.44 1.5
 1.5  1.5  1.5  1.59 1.71 1.79 1.79 1.8  1.91 1.92 1.92 1.97 2.   2.02
 2.02 2.03 2.06 2.07 2.14 2.16 2.2  2.45 2.48 2.48 2.79 2.89 3.28 3.65
 3.65 4.06 4.29 4.97]
var: 0.9752948888888887
| [0m29       [0m | [0m1.731    [0m | [0m0.2658   [0m | [0m28.49    [0m | [0m0.656    [0m |
[0.12 0.14 0.16 0.22 0.26 0.3  0.3  0.38 0.44 0.48 0.68 0.69 0.72 0.76
 0.76 0.92 0.92 0.97 1.05 1.09 1.13 1.16 1.18 1.23 1.27 1.32 1.34 1.34
 1.35 1.35 1.37 1.43 1.45 1.5  1.53 1.54 1.56 1.57 1.64 1.75 1.8  1.84
 1.87 1.91 2.   2.02 2.02 2.06 2.09 2.12 2.12 2.17 2.19 2.29 2.39 2.57
 2.66 3.03 3.33 3.56]
var: 0.62088275
| [0m30       [0m | [0m1.424    [0m | [0m0.1836   [0m | [0m43.5     [0m | [0m0.7518   [0m |
[0.   0.01 0.03 0.06 0.14 0.18 0.24 0.28 0.29 0.31 0.36 0.38 0.38 0.4
 0.4  0.43 0.45 0.49 0.5  0.61 0.66 0.72 0.76 0.77 0.8  0.9  0.92 0.93
 0.98 1.02 1.03 1.08 1.09 1.11 1.32 1.39 1.41 1.42 1.44 1.46 1.53 1.57
 1.58 1.58 1.6  1.66 1.75 1.78 1.82 1.94 1.96 2.01 2.02 2.33 2.44 2.44
 2.56 2.75 2.83 2.84]
var: 0.6117445555555553
| [0m31       [0m | [0m1.136    [0m | [0m0.04257  [0m | [0m29.7     [0m | [0m2.954    [0m |
[0.05 0.27 0.32 0.35 0.38 0.41 0.5  0.58 0.69 0.7  0.72 0.72 0.76 0.77
 0.77 0.83 0.92 0.93 0.93 0.97 1.   1.09 1.1  1.16 1.24 1.28 1.5  1.66
 1.77 1.77 1.79 1.85 1.91 2.   2.14 2.2  2.24 2.24 2.29 2.29 2.33 2.36
 2.38 2.39 2.48 2.54 2.55 2.67 2.75 2.91 3.05 3.17 3.18 3.18 3.42 3.42
 3.54 3.56 3.8  4.56]
var: 1.1438603055555556
| [0m32       [0m | [0m1.789    [0m | [0m0.03211  [0m | [0m25.97    [0m | [0m1.02     [0m |
[0.   0.03 0.04 0.06 0.07 0.21 0.22 0.29 0.33 0.38 0.42 0.42 0.49 0.53
 0.58 0.58 0.59 0.63 0.65 0.7  0.72 0.78 0.8  0.89 0.92 0.95 0.96 0.98
 1.02 1.03 1.04 1.13 1.14 1.16 1.17 1.19 1.19 1.22 1.26 1.28 1.28 1.32
 1.34 1.35 1.47 1.54 1.57 1.66 1.76 1.87 1.95 1.96 1.98 2.02 2.21 2.21
 2.35 2.65 4.18 4.86]
var: 0.7927032222222219
| [0m33       [0m | [0m1.16     [0m | [0m0.1095   [0m | [0m16.74    [0m | [0m2.47     [0m |
[0.01 0.01 0.02 0.02 0.02 0.14 0.15 0.22 0.23 0.24 0.25 0.28 0.29 0.31
 0.31 0.36 0.42 0.43 0.47 0.51 0.56 0.64 0.69 0.71 0.74 0.8  0.81 0.83
 0.83 0.93 1.03 1.03 1.13 1.14 1.14 1.17 1.19 1.19 1.25 1.26 1.26 1.34
 1.49 1.49 1.52 1.64 1.68 1.72 1.8  1.83 1.85 2.   2.03 2.04 2.04 2.07
 2.12 2.27 2.3  3.37]
var: 0.5514243333333331
| [0m34       [0m | [0m1.027    [0m | [0m0.1942   [0m | [0m19.81    [0m | [0m2.457    [0m |
[0.09 0.15 0.16 0.22 0.32 0.33 0.35 0.37 0.45 0.48 0.48 0.6  0.63 0.74
 0.84 0.87 0.94 0.95 0.95 1.03 1.07 1.07 1.26 1.27 1.38 1.38 1.43 1.45
 1.57 1.62 1.64 1.68 1.69 1.71 1.76 1.8  1.87 1.92 2.12 2.17 2.24 2.26
 2.28 2.29 2.41 2.67 2.95 2.98 3.   3.09 3.15 3.29 3.62 3.7  3.78 3.82
 3.87 4.83 5.26 5.99]
var: 1.7581149722222211
| [0m35       [0m | [0m1.838    [0m | [0m0.004047 [0m | [0m46.53    [0m | [0m0.3696   [0m |
[0.12 0.3  0.35 0.4  0.44 0.48 0.67 0.7  0.76 0.77 0.85 0.92 0.94 1.
 1.04 1.05 1.06 1.13 1.19 1.21 1.23 1.29 1.31 1.34 1.36 1.36 1.39 1.4
 1.41 1.44 1.48 1.59 1.63 1.67 1.74 1.83 1.91 1.92 1.97 2.12 2.14 2.17
 2.2  2.27 2.3  2.36 2.41 2.42 2.44 2.46 2.49 2.72 2.8  2.8  3.04 3.32
 3.57 3.73 3.74 3.99]
var: 0.8412045555555561
| [0m36       [0m | [0m1.702    [0m | [0m0.1881   [0m | [0m5.186    [0m | [0m1.008    [0m |
[0.08 0.09 0.21 0.22 0.28 0.33 0.39 0.39 0.42 0.54 0.55 0.57 0.61 0.63
 0.66 0.73 0.76 0.77 0.79 0.85 0.92 0.93 1.03 1.09 1.18 1.25 1.31 1.32
 1.36 1.37 1.45 1.51 1.52 1.54 1.58 1.8  1.97 1.99 2.07 2.08 2.15 2.17
 2.17 2.18 2.21 2.32 2.33 2.42 2.54 2.61 2.7  2.81 2.82 2.98 3.08 3.13
 3.17 3.34 3.52 4.09]
var: 0.9940748888888894
| [0m37       [0m | [0m1.565    [0m | [0m0.2575   [0m | [0m7.821    [0m | [0m1.399    [0m |
[0.01 0.01 0.02 0.04 0.1  0.14 0.22 0.24 0.24 0.25 0.25 0.26 0.29 0.32
 0.32 0.34 0.34 0.35 0.37 0.4  0.4  0.41 0.41 0.51 0.59 0.6  0.61 0.62
 0.62 0.63 0.63 0.63 0.73 0.74 0.79 0.82 0.85 0.86 0.86 0.95 0.96 0.98
 1.   1.11 1.12 1.19 1.2  1.42 1.45 1.46 1.49 1.61 1.62 1.63 1.7  1.79
 1.81 1.87 2.38 2.74]
var: 0.37218166666666697
| [0m38       [0m | [0m0.805    [0m | [0m0.1366   [0m | [0m39.23    [0m | [0m2.802    [0m |
[0.02 0.13 0.22 0.24 0.32 0.41 0.42 0.45 0.47 0.51 0.6  0.61 0.62 0.64
 0.64 0.66 0.79 0.81 0.86 0.99 1.07 1.08 1.15 1.17 1.18 1.24 1.35 1.4
 1.4  1.43 1.47 1.47 1.62 1.63 1.65 1.72 1.73 1.76 1.77 1.79 1.89 1.99
 2.01 2.01 2.03 2.11 2.14 2.17 2.18 2.21 2.23 2.24 2.25 2.31 2.47 2.54
 3.04 3.08 3.86 4.23]
var: 0.7858415555555553
| [0m39       [0m | [0m1.475    [0m | [0m0.08374  [0m | [0m21.11    [0m | [0m1.887    [0m |
[0.04 0.04 0.1  0.16 0.27 0.27 0.28 0.28 0.33 0.34 0.36 0.37 0.38 0.48
 0.48 0.51 0.52 0.58 0.58 0.62 0.68 0.75 0.75 0.77 0.79 0.85 0.87 0.93
 1.01 1.06 1.08 1.11 1.11 1.12 1.15 1.17 1.2  1.26 1.32 1.33 1.38 1.53
 1.55 1.59 1.61 1.7  1.76 1.79 1.8  1.85 1.91 1.92 2.05 2.13 2.16 2.38
 2.39 3.02 3.38 4.84]
var: 0.7730262222222234
| [0m40       [0m | [0m1.167    [0m | [0m0.1457   [0m | [0m19.13    [0m | [0m2.569    [0m |
[0.   0.   0.   0.   0.   0.   0.   0.   0.   0.   0.   0.   0.   0.
 0.   0.   0.   0.   0.   0.   0.01 0.01 0.01 0.01 0.01 0.02 0.02 0.02
 0.02 0.02 0.02 0.02 0.02 0.02 0.03 0.03 0.03 0.03 0.03 0.03 0.03 0.03
 0.03 0.03 0.03 0.03 0.04 0.04 0.04 0.04 0.04 0.04 0.04 0.04 0.04 0.05
 0.05 0.06 0.07 0.24]
var: 0.0011132222222222472
| [0m41       [0m | [0m0.02367  [0m | [0m0.3      [0m | [0m18.28    [0m | [0m0.001    [0m |
[0.   0.04 0.11 0.12 0.19 0.2  0.21 0.27 0.27 0.29 0.41 0.47 0.54 0.55
 0.56 0.59 0.71 0.78 0.8  0.84 0.85 0.88 0.9  1.04 1.08 1.09 1.18 1.18
 1.2  1.21 1.22 1.22 1.23 1.29 1.31 1.32 1.34 1.44 1.48 1.51 1.56 1.57
 1.61 1.61 1.62 1.71 1.76 1.77 1.84 1.85 2.21 2.31 2.35 2.4  2.47 2.5
 2.57 2.6  3.03 3.77]
var: 0.6553680833333334
| [0m42       [0m | [0m1.251    [0m | [0m0.2794   [0m | [0m17.19    [0m | [0m1.848    [0m |
[0.05 0.1  0.11 0.16 0.62 0.64 0.65 0.84 0.96 1.12 1.15 1.55 1.57 1.6
 1.62 1.7  1.73 1.82 1.89 2.09 2.24 2.25 2.26 2.48 2.56 2.58 2.72 2.79
 2.86 2.86 2.95 2.97 2.99 2.99 3.08 3.19 3.2  3.32 3.44 3.51 3.65 3.77
 3.79 3.84 3.84 3.97 4.13 4.19 4.29 4.57 4.75 4.77 4.78 4.88 5.24 5.31
 5.49 5.99 6.26 6.68]
var: 2.6103299999999994
| [0m43       [0m | [0m2.89     [0m | [0m0.1206   [0m | [0m18.82    [0m | [0m0.1618   [0m |
[0.04 0.05 0.08 0.13 0.15 0.18 0.19 0.24 0.33 0.34 0.38 0.41 0.46 0.47
 0.52 0.54 0.67 0.75 0.79 0.79 0.86 0.87 0.92 0.95 0.95 1.02 1.06 1.13
 1.16 1.23 1.23 1.24 1.26 1.33 1.35 1.37 1.39 1.4  1.46 1.47 1.53 1.54
 1.57 1.61 1.65 1.69 1.7  1.73 1.74 1.83 1.89 1.9  1.99 2.08 2.14 2.18
 2.36 2.36 2.62 3.08]
var: 0.5019687499999993
| [0m44       [0m | [0m1.173    [0m | [0m0.223    [0m | [0m24.76    [0m | [0m1.864    [0m |
[0.16 0.43 0.52 0.61 0.73 0.84 0.9  0.97 1.18 1.4  1.43 1.55 1.77 1.81
 1.96 1.99 2.   2.02 2.11 2.11 2.16 2.16 2.23 2.31 2.54 2.78 2.94 2.95
 2.97 3.16 3.16 3.27 3.31 3.44 3.48 3.49 3.6  3.6  3.66 3.7  3.8  3.82
 3.86 3.89 3.91 4.   4.06 4.3  4.31 4.56 4.65 4.7  5.06 5.23 5.3  5.35
 5.74 6.05 6.33 8.4 ]
var: 2.718988222222223
| [95m45       [0m | [95m3.079    [0m | [95m0.1766   [0m | [95m18.94    [0m | [95m0.1285   [0m |
[1.77 1.81 1.82 2.49 2.52 2.53 2.57 2.6  2.7  2.72 2.74 2.82 2.83 2.99
 3.   3.02 3.07 3.14 3.24 3.31 3.35 3.43 3.44 3.48 3.56 3.58 3.65 3.68
 3.7  3.81 3.83 3.86 3.95 4.01 4.03 4.05 4.06 4.09 4.14 4.21 4.22 4.27
 4.28 4.43 4.45 4.59 4.72 4.74 4.89 4.97 5.15 5.19 5.25 5.38 5.4  5.63
 6.49 6.61 7.19 7.27]
var: 1.477152666666666
| [95m46       [0m | [95m3.912    [0m | [95m0.02844  [0m | [95m18.96    [0m | [95m0.05205  [0m |
[0.24 0.38 0.39 0.41 0.41 0.42 0.42 0.46 0.49 0.49 0.55 0.64 0.65 0.66
 0.7  0.7  0.7  0.81 0.82 0.87 0.89 0.92 0.98 1.02 1.03 1.05 1.07 1.14
 1.15 1.16 1.18 1.18 1.19 1.22 1.24 1.25 1.28 1.29 1.33 1.4  1.55 1.6
 1.64 1.65 1.75 1.76 1.77 2.02 2.04 2.04 2.19 2.23 2.25 2.36 2.55 2.89
 2.92 2.96 3.18 7.28]
var: 1.117178305555555
| [0m47       [0m | [0m1.38     [0m | [0m1e-08    [0m | [0m19.09    [0m | [0m0.001    [0m |
[1.09 1.28 1.44 1.45 1.53 1.75 1.83 1.9  2.   2.04 2.05 2.1  2.15 2.2
 2.33 2.42 2.43 2.48 2.49 2.67 2.75 2.89 2.91 2.95 3.03 3.04 3.09 3.15
 3.18 3.2  3.21 3.21 3.25 3.29 3.45 3.5  3.61 3.67 3.68 3.69 3.78 3.8
 3.82 3.84 3.94 4.09 4.22 4.25 4.37 4.68 4.71 4.76 4.79 4.9  5.02 5.08
 5.24 5.43 5.63 6.28]
var: 1.4099160833333328
| [0m48       [0m | [0m3.284    [0m | [0m0.0487   [0m | [0m18.81    [0m | [0m0.06348  [0m |
[0.05 0.36 0.39 0.64 0.8  0.87 0.88 0.91 0.91 0.93 1.   1.02 1.04 1.08
 1.11 1.13 1.2  1.22 1.26 1.33 1.39 1.42 1.42 1.46 1.48 1.5  1.56 1.63
 1.64 1.82 1.88 1.93 2.07 2.15 2.31 2.33 2.35 2.43 2.46 2.53 2.61 2.67
 2.68 2.71 2.75 2.92 2.97 3.03 3.11 3.12 3.19 3.21 3.34 3.48 3.89 4.03
 4.37 4.68 4.84 5.5 ]
var: 1.404888305555555
| [0m49       [0m | [0m2.083    [0m | [0m0.1799   [0m | [0m11.3     [0m | [0m0.8682   [0m |
[0.99 1.17 1.5  1.59 1.6  1.67 1.75 1.77 1.81 1.85 1.9  1.92 1.93 2.22
 2.23 2.32 2.39 2.42 2.51 2.85 2.88 2.97 3.01 3.06 3.12 3.13 3.13 3.18
 3.22 3.26 3.4  3.48 3.51 3.54 3.62 3.73 3.79 3.79 3.97 4.01 4.02 4.15
 4.16 4.17 4.23 4.24 4.46 4.51 4.66 4.78 4.89 5.06 5.13 5.13 5.2  5.24
 5.39 5.72 6.15 7.05]
var: 1.7871303055555563
| [0m50       [0m | [0m3.409    [0m | [0m0.08027  [0m | [0m18.92    [0m | [0m0.04017  [0m |
[0.18 0.48 0.52 0.64 0.69 1.28 1.29 1.36 1.75 1.77 1.78 1.79 1.85 1.88
 2.   2.03 2.27 2.37 2.58 2.6  2.8  2.81 2.91 2.94 2.96 3.13 3.19 3.19
 3.2  3.23 3.23 3.24 3.24 3.25 3.31 3.37 3.39 3.68 3.77 3.86 3.87 3.91
 4.01 4.11 4.14 4.15 4.4  4.46 4.5  4.55 5.13 5.15 5.19 5.26 5.4  5.48
 6.53 6.75 7.09 7.51]
var: 2.652456666666666
| [0m51       [0m | [0m3.29     [0m | [0m0.04875  [0m | [0m18.83    [0m | [0m0.1556   [0m |
[0.12 0.5  0.82 0.85 0.87 1.18 1.25 1.54 1.72 1.78 1.93 1.98 2.04 2.1
 2.51 2.77 2.78 2.83 2.96 3.01 3.02 3.02 3.02 3.03 3.06 3.09 3.16 3.17
 3.19 3.21 3.25 3.28 3.33 3.36 3.36 3.44 3.57 3.67 3.95 3.97 3.98 4.04
 4.04 4.09 4.11 4.16 4.37 4.55 4.56 4.63 4.63 4.64 4.68 5.07 5.14 5.53
 5.64 5.87 6.11 6.84]
var: 2.0256703055555567
| [0m52       [0m | [0m3.306    [0m | [0m0.008288 [0m | [0m18.96    [0m | [0m0.07279  [0m |
[ 0.2   0.29  0.37  0.45  0.48  0.57  0.83  1.04  1.07  1.07  1.13  1.21
  1.24  1.49  1.57  1.82  1.89  1.92  1.94  1.98  2.03  2.05  2.13  2.17
  2.19  2.21  2.29  2.31  2.42  2.55  2.6   2.71  2.78  2.83  2.86  2.94
  2.99  3.07  3.07  3.07  3.24  3.25  3.44  3.44  3.61  3.68  3.71  3.75
  3.82  4.47  4.53  4.66  4.84  4.97  4.98  5.61  5.74  6.61  8.17 10.21]
var: 3.4915028888888884
| [0m53       [0m | [0m2.843    [0m | [0m0.1072   [0m | [0m18.89    [0m | [0m0.2615   [0m |
[0.6  1.64 1.76 1.89 2.15 2.26 2.47 2.48 2.57 2.64 2.7  2.78 2.8  2.88
 2.89 2.93 2.95 3.05 3.09 3.12 3.21 3.43 3.48 3.48 3.61 3.72 3.74 3.75
 3.8  3.84 3.84 3.96 3.98 4.1  4.14 4.15 4.16 4.2  4.25 4.28 4.33 4.34
 4.34 4.38 4.41 4.61 4.78 4.8  4.98 5.01 5.08 5.19 5.59 5.9  6.07 6.88
 7.46 7.95 8.11 8.45]
var: 2.4245247500000007
| [95m54       [0m | [95m3.991    [0m | [95m0.03695  [0m | [95m18.99    [0m | [95m0.04876  [0m |
[0.   0.01 0.08 0.09 0.1  0.13 0.16 0.17 0.18 0.18 0.19 0.27 0.28 0.3
 0.32 0.35 0.4  0.45 0.54 0.56 0.58 0.59 0.62 0.63 0.67 0.68 0.69 0.71
 0.72 0.75 0.78 0.8  0.82 0.86 0.88 0.89 0.91 0.96 0.98 1.01 1.07 1.09
 1.11 1.14 1.15 1.18 1.21 1.27 1.28 1.35 1.4  1.42 1.48 1.55 1.59 2.02
 2.03 2.38 2.39 2.55]
var: 0.36760430555555623
| [0m55       [0m | [0m0.8492   [0m | [0m0.2459   [0m | [0m49.45    [0m | [0m1.959    [0m |
[0.24 0.24 0.42 0.68 0.95 1.12 1.41 1.48 1.62 1.67 1.7  1.78 1.82 1.84
 1.88 1.93 2.   2.17 2.22 2.28 2.31 2.37 2.38 2.39 2.46 2.47 2.49 2.51
 2.51 2.53 2.54 2.79 2.8  2.82 2.87 3.01 3.03 3.04 3.26 3.27 3.27 3.49
 3.55 3.71 3.78 3.8  3.83 4.07 4.1  4.12 4.18 4.2  4.28 4.65 4.73 4.93
 4.98 5.2  5.61 5.71]
var: 1.665971638888889
| [0m56       [0m | [0m2.825    [0m | [0m0.1415   [0m | [0m18.99    [0m | [0m0.1208   [0m |
[0.14 0.41 0.44 0.6  0.68 0.81 0.81 0.95 1.   1.1  1.11 1.14 1.2  1.39
 1.39 1.44 1.51 1.52 1.6  1.78 1.78 1.85 2.05 2.26 2.37 2.38 2.41 2.49
 2.5  2.57 2.58 2.8  2.81 2.91 3.01 3.01 3.07 3.1  3.31 3.34 3.37 3.41
 3.45 3.46 3.53 3.6  3.75 3.88 3.92 3.93 4.02 4.12 4.24 4.44 5.07 5.61
 6.19 6.51 6.73 7.23]
var: 2.629978222222222
| [0m57       [0m | [0m2.735    [0m | [0m0.01665  [0m | [0m18.98    [0m | [0m0.2076   [0m |
[0.02 0.04 0.18 0.19 0.22 0.22 0.34 0.38 0.43 0.46 0.48 0.52 0.61 0.74
 0.77 0.8  0.88 1.07 1.09 1.1  1.12 1.14 1.18 1.26 1.31 1.32 1.4  1.42
 1.45 1.48 1.58 1.74 1.75 1.78 1.78 1.87 1.94 2.   2.02 2.05 2.05 2.15
 2.31 2.33 2.39 2.43 2.44 2.48 2.6  2.64 2.65 2.65 2.69 2.74 2.87 2.89
 2.9  2.95 3.   4.18]
var: 0.8936269722222216
| [0m58       [0m | [0m1.591    [0m | [0m0.0542   [0m | [0m36.83    [0m | [0m1.023    [0m |
[0.01 0.08 0.15 0.24 0.25 0.25 0.26 0.27 0.3  0.33 0.34 0.36 0.4  0.4
 0.41 0.43 0.46 0.6  0.61 0.61 0.63 0.65 0.69 0.71 0.74 0.75 0.76 0.76
 0.79 0.82 0.82 0.82 0.9  0.93 0.93 1.08 1.09 1.1  1.14 1.15 1.19 1.25
 1.26 1.32 1.35 1.37 1.4  1.6  1.62 1.63 1.78 1.85 1.92 1.94 2.07 2.07
 2.85 3.05 3.21 3.26]
var: 0.5817827500000003
| [0m59       [0m | [0m1.034    [0m | [0m0.2442   [0m | [0m47.21    [0m | [0m1.268    [0m |
[0.01 0.09 0.09 0.15 0.18 0.18 0.22 0.24 0.26 0.29 0.52 0.57 0.61 0.65
 0.67 0.68 0.68 0.73 0.84 0.91 0.93 0.94 0.95 0.98 1.01 1.05 1.05 1.08
 1.09 1.09 1.09 1.1  1.16 1.16 1.23 1.27 1.37 1.38 1.39 1.41 1.49 1.52
 1.56 1.6  1.65 1.69 1.71 1.75 1.76 1.77 1.86 1.95 1.98 2.1  2.26 2.27
 2.28 2.78 3.05 3.36]
var: 0.5420216388888891
| [0m60       [0m | [0m1.195    [0m | [0m0.2835   [0m | [0m14.9     [0m | [0m1.996    [0m |
[0.43 0.74 0.98 1.25 1.46 1.69 1.72 1.75 1.8  2.06 2.07 2.12 2.14 2.16
 2.18 2.18 2.21 2.46 2.47 2.53 2.59 2.64 2.67 2.73 3.06 3.07 3.15 3.2
 3.23 3.38 3.41 3.44 3.48 3.5  3.52 3.53 3.57 3.66 3.79 3.81 3.83 3.87
 3.92 3.94 3.96 4.09 4.13 4.18 4.2  4.31 4.31 4.5  4.54 4.56 4.79 4.92
 5.1  5.41 5.46 6.25]
var: 1.4943505555555558
| [0m61       [0m | [0m3.202    [0m | [0m0.05846  [0m | [0m18.73    [0m | [0m0.06286  [0m |
[0.   0.   0.   0.   0.   0.   0.   0.   0.   0.   0.   0.   0.   0.
 0.   0.   0.   0.   0.   0.   0.   0.   0.   0.   0.   0.   0.   0.
 0.   0.   0.   0.   0.   0.   0.   0.   0.   0.01 0.01 0.02 0.05 0.05
 0.06 0.06 0.09 0.09 0.1  0.15 0.17 0.18 0.19 0.2  0.27 0.28 0.28 0.28
 0.31 0.31 1.25 2.56]
var: 0.1334269722222224
| [0m62       [0m | [0m0.1162   [0m | [0m1e-08    [0m | [0m18.73    [0m | [0m0.1626   [0m |
[0.27 0.46 0.56 0.57 0.79 0.94 1.   1.05 1.25 1.31 1.34 1.38 1.44 1.55
 1.71 1.72 1.9  2.03 2.05 2.05 2.07 2.09 2.25 2.3  2.32 2.4  2.45 2.46
 2.5  2.58 2.72 2.77 2.8  3.12 3.14 3.15 3.16 3.17 3.18 3.3  3.31 3.34
 3.35 3.37 3.4  3.42 3.5  3.55 3.57 3.61 3.68 3.83 3.88 4.21 4.38 4.5
 4.96 5.2  5.73 5.8 ]
var: 1.626914972222223
| [0m63       [0m | [0m2.665    [0m | [0m0.09507  [0m | [0m17.8     [0m | [0m0.4359   [0m |
[0.21 0.28 0.64 0.67 0.67 0.67 0.72 0.85 1.04 1.51 1.57 1.58 1.61 1.62
 1.63 1.63 1.64 1.66 1.75 1.79 1.8  1.83 2.08 2.26 2.32 2.41 2.47 2.58
 2.62 2.69 2.8  2.81 2.83 2.88 2.98 3.02 3.02 3.43 3.49 3.54 3.61 3.77
 3.87 3.9  4.07 4.14 4.16 4.17 4.25 4.27 4.47 4.55 4.75 4.9  4.96 5.6
 5.83 6.62 7.46 7.52]
var: 2.857043638888889
| [0m64       [0m | [0m2.908    [0m | [0m0.09802  [0m | [0m18.82    [0m | [0m0.1812   [0m |
[0.   0.03 0.05 0.1  0.1  0.11 0.12 0.13 0.14 0.26 0.29 0.31 0.32 0.32
 0.37 0.39 0.42 0.44 0.44 0.49 0.51 0.52 0.55 0.57 0.58 0.6  0.66 0.67
 0.71 0.74 0.76 0.79 0.8  0.81 0.83 0.84 0.85 0.9  0.92 0.97 1.06 1.06
 1.13 1.17 1.2  1.2  1.22 1.33 1.36 1.37 1.39 1.39 1.45 1.5  1.73 1.92
 1.95 2.3  2.44 2.79]
var: 0.3805280833333335
| [0m65       [0m | [0m0.8395   [0m | [0m0.1474   [0m | [0m46.7     [0m | [0m1.72     [0m |
[0.65 0.82 0.83 1.07 1.08 1.1  1.13 1.15 1.23 1.23 1.42 1.42 1.43 1.48
 1.5  1.55 1.68 1.82 1.84 1.86 1.88 1.9  1.92 2.03 2.06 2.08 2.1  2.14
 2.2  2.21 2.31 2.32 2.35 2.39 2.41 2.5  2.54 2.65 2.67 2.67 2.69 2.7
 2.7  2.75 2.76 2.83 2.85 2.87 2.87 2.98 3.06 3.09 3.15 3.21 3.3  3.32
 3.4  3.41 3.64 4.64]
var: 0.6626128888888889
| [0m66       [0m | [0m2.231    [0m | [0m0.2282   [0m | [0m18.96    [0m | [0m0.02548  [0m |
[0.25 0.43 0.93 0.99 1.02 1.17 1.33 1.56 1.58 1.61 1.72 1.74 1.77 1.82
 1.94 1.94 1.94 2.16 2.27 2.27 2.29 2.31 2.32 2.38 2.45 2.68 2.74 2.81
 2.81 2.84 2.85 2.9  2.94 3.03 3.13 3.16 3.2  3.38 3.4  3.53 3.57 3.58
 3.65 3.74 3.76 3.86 3.93 4.11 4.21 4.42 4.62 4.71 4.72 4.73 4.81 5.17
 5.49 5.76 5.82 7.23]
var: 2.010294888888889
| [0m67       [0m | [0m2.991    [0m | [0m0.1443   [0m | [0m18.93    [0m | [0m0.1713   [0m |
[0.11 0.35 0.37 0.4  0.42 0.43 0.44 0.48 0.48 0.48 0.53 0.55 0.57 0.64
 0.68 0.69 0.69 0.72 0.78 0.79 0.8  0.83 0.83 0.92 1.   1.01 1.02 1.02
 1.02 1.02 1.04 1.08 1.11 1.14 1.18 1.23 1.28 1.37 1.38 1.43 1.44 1.44
 1.5  1.55 1.6  1.62 1.65 1.72 1.76 1.77 1.78 1.79 2.05 2.06 2.11 2.28
 2.38 2.71 3.12 3.63]
var: 0.4931947500000002
| [0m68       [0m | [0m1.205    [0m | [0m0.1152   [0m | [0m46.08    [0m | [0m0.9932   [0m |
[0.04 0.08 0.16 0.18 0.28 0.3  0.36 0.41 0.43 0.5  0.53 0.57 0.6  0.63
 0.71 0.74 0.81 0.99 1.   1.01 1.05 1.08 1.09 1.11 1.18 1.19 1.27 1.32
 1.41 1.42 1.43 1.52 1.52 1.65 1.69 1.79 1.91 1.96 1.99 2.05 2.12 2.16
 2.16 2.27 2.32 2.4  2.46 2.49 2.51 2.69 2.73 2.79 2.95 3.2  3.23 3.35
 3.39 3.44 4.36 4.83]
var: 1.1826183055555548
| [0m69       [0m | [0m1.63     [0m | [0m0.202    [0m | [0m15.65    [0m | [0m1.166    [0m |
[0.08 0.11 0.2  0.23 0.33 0.73 0.79 0.84 0.91 0.97 1.01 1.04 1.09 1.24
 1.31 1.32 1.32 1.54 1.63 1.65 1.67 1.68 1.7  1.75 1.83 1.86 1.87 1.93
 2.01 2.02 2.04 2.06 2.07 2.15 2.2  2.23 2.24 2.31 2.33 2.36 2.49 2.59
 2.65 2.78 2.79 2.89 2.93 2.96 2.99 3.07 3.1  3.16 3.31 3.39 3.59 3.87
 4.23 4.48 4.8  7.75]
var: 1.6538203055555563
| [0m70       [0m | [0m2.141    [0m | [0m0.005227 [0m | [0m31.12    [0m | [0m1.353    [0m |
[0.33 0.7  0.87 1.25 1.48 1.55 1.57 1.58 1.68 1.71 1.77 1.83 1.87 2.15
 2.26 2.26 2.36 2.37 2.41 2.44 2.51 2.51 2.53 2.55 2.57 2.65 2.67 2.99
 3.09 3.1  3.15 3.17 3.22 3.25 3.25 3.25 3.3  3.33 3.38 3.46 3.52 3.61
 3.71 3.74 3.76 3.81 3.95 4.03 4.06 4.1  4.47 4.47 4.72 4.74 4.77 4.85
 5.03 5.3  5.48 5.73]
var: 1.4757343333333353
| [0m71       [0m | [0m3.037    [0m | [0m0.1255   [0m | [0m18.75    [0m | [0m0.06123  [0m |
[0.19 0.24 0.24 0.26 0.26 0.29 0.29 0.29 0.3  0.3  0.3  0.31 0.32 0.32
 0.33 0.38 0.46 0.56 0.57 0.6  0.61 0.62 0.65 0.66 0.79 0.82 0.82 0.83
 0.91 0.94 0.94 0.95 0.96 1.   1.06 1.1  1.11 1.13 1.27 1.36 1.37 1.38
 1.44 1.46 1.46 1.47 1.51 1.53 1.56 1.6  1.62 1.64 1.65 1.65 1.7  2.02
 2.71 3.   4.05 4.37]
var: 0.7105747499999999
| [0m72       [0m | [0m1.076    [0m | [0m0.04918  [0m | [0m18.78    [0m | [0m0.008082 [0m |
[0.56 0.83 0.98 1.1  1.2  1.31 1.31 1.63 1.66 1.85 2.11 2.14 2.25 2.27
 2.29 2.37 2.41 2.41 2.49 2.51 2.58 2.7  2.73 2.76 2.85 2.89 2.98 3.01
 3.03 3.12 3.2  3.22 3.26 3.34 3.34 3.37 3.45 3.56 3.62 3.62 3.73 3.74
 3.75 3.75 3.79 3.8  3.92 4.25 4.31 4.35 4.43 4.61 4.69 4.98 5.01 5.52
 5.95 6.2  6.27 6.3 ]
var: 1.8126912222222225
| [0m73       [0m | [0m3.194    [0m | [0m0.06537  [0m | [0m19.01    [0m | [0m0.08101  [0m |
[0.08 0.17 0.23 0.3  0.33 0.56 0.72 0.76 0.8  0.8  0.84 0.88 0.95 1.07
 1.09 1.11 1.24 1.25 1.26 1.29 1.33 1.37 1.42 1.5  1.5  1.58 1.6  1.74
 1.78 1.81 1.85 1.91 1.97 2.05 2.12 2.15 2.24 2.24 2.28 2.33 2.53 2.54
 2.56 2.68 2.71 2.8  2.85 2.99 3.24 3.26 3.26 3.31 3.64 3.8  3.84 3.91
 4.23 4.41 5.23 6.76]
var: 1.7034009722222228
| [0m74       [0m | [0m2.051    [0m | [0m0.03115  [0m | [0m10.38    [0m | [0m1.294    [0m |
[0.07 0.11 0.39 0.56 0.58 0.65 0.96 0.97 1.08 1.17 1.19 1.26 1.32 1.63
 1.68 1.73 1.87 1.91 1.93 1.94 1.98 2.17 2.28 2.29 2.36 2.47 2.5  2.52
 2.53 2.56 2.65 2.66 2.73 2.76 2.77 2.83 2.91 2.97 2.98 3.12 3.18 3.21
 3.21 3.25 3.32 3.45 3.56 3.57 3.63 3.68 3.75 3.75 3.87 3.94 3.99 4.41
 6.23 6.56 7.5  7.73]
var: 2.460444750000002
| [0m75       [0m | [0m2.681    [0m | [0m0.09154  [0m | [0m19.05    [0m | [0m0.2962   [0m |
[0.04 0.25 0.28 0.31 0.4  0.57 1.   1.03 1.31 1.31 1.48 1.49 1.55 1.6
 1.76 1.78 1.87 1.96 1.96 2.06 2.11 2.15 2.22 2.23 2.32 2.35 2.42 2.42
 2.47 2.5  2.61 2.68 2.68 2.7  2.71 2.73 2.73 2.76 2.81 2.88 2.98 2.99
 3.19 3.33 3.62 3.65 3.77 3.78 3.78 3.91 4.11 4.11 4.17 4.33 4.65 4.69
 4.98 5.37 5.45 6.51]
var: 1.8878289999999995
| [0m76       [0m | [0m2.631    [0m | [0m0.02597  [0m | [0m18.91    [0m | [0m0.2352   [0m |
[0.01 0.05 0.07 0.16 0.16 0.18 0.33 0.37 0.38 0.49 0.52 0.63 0.63 0.67
 0.7  0.74 0.75 0.77 0.77 0.78 0.8  0.88 0.97 1.01 1.03 1.08 1.09 1.11
 1.13 1.13 1.15 1.15 1.39 1.4  1.42 1.51 1.53 1.54 1.59 1.67 1.67 1.69
 1.8  1.81 1.84 1.84 1.94 2.11 2.14 2.24 2.25 2.28 2.29 2.41 2.54 2.6
 3.35 3.42 3.55 3.96]
var: 0.8153136388888887
| [0m77       [0m | [0m1.358    [0m | [0m0.02582  [0m | [0m6.12     [0m | [0m2.601    [0m |
[0.01 0.04 0.07 0.07 0.13 0.17 0.17 0.23 0.32 0.36 0.36 0.4  0.43 0.47
 0.47 0.51 0.53 0.56 0.6  0.61 0.61 0.62 0.65 0.7  0.73 0.91 0.96 0.97
 0.98 0.99 1.   1.04 1.05 1.1  1.1  1.13 1.16 1.21 1.26 1.26 1.32 1.38
 1.39 1.4  1.44 1.57 1.76 1.79 1.8  1.99 2.03 2.03 2.06 2.1  2.5  2.66
 2.86 2.96 3.15 3.89]
var: 0.7209498888888891
| [0m78       [0m | [0m1.134    [0m | [0m0.1927   [0m | [0m31.62    [0m | [0m1.748    [0m |
[0.11 0.16 0.54 0.57 0.72 0.81 0.88 0.97 0.97 1.12 1.29 1.29 1.46 1.47
 1.69 1.7  1.7  1.8  2.09 2.37 2.38 2.46 2.5  2.61 2.63 2.68 2.86 2.88
 2.95 2.97 3.   3.   3.   3.09 3.17 3.34 3.43 3.45 3.51 3.55 3.58 3.62
 3.64 3.71 3.74 3.76 3.81 3.9  3.91 3.92 3.99 4.08 4.09 4.21 4.48 4.63
 4.77 4.91 5.01 5.45]
var: 1.7449443333333343
| [0m79       [0m | [0m2.773    [0m | [0m0.07042  [0m | [0m17.69    [0m | [0m0.4711   [0m |
[0.27 0.28 0.28 0.32 0.34 0.35 0.36 0.36 0.38 0.38 0.43 0.5  0.54 0.56
 0.59 0.6  0.61 0.62 0.64 0.68 0.77 0.78 0.79 0.87 0.88 0.89 0.93 0.98
 1.   1.2  1.24 1.25 1.31 1.39 1.41 1.43 1.55 1.55 1.55 1.63 1.66 1.74
 1.79 1.83 1.83 1.85 1.9  1.91 1.94 1.98 2.18 2.2  2.34 2.39 2.56 2.64
 2.77 3.11 3.31 3.72]
var: 0.7047145555555557
| [0m80       [0m | [0m1.302    [0m | [0m0.04086  [0m | [0m18.92    [0m | [0m0.007756 [0m |
=============================================================
None
num_trials:  40  inits,  40  iters,  60  per
rho:  2
pthin:  0.50

Best VPT: 3.9905000000000017
Best result: {'a': 0.036947903653124003, 'g': 18.994529346309033, 's': 0.04876057138159889}

KERNEL: nu=1.5, lengthscale=2.0, alpha=0.0005
