|   iter    |  target   |     a     |     g     |     s     |
-------------------------------------------------------------
[0.01 0.03 0.03 0.05 0.05 0.07 0.07 0.08 0.16 0.16 0.17 0.23 0.24 0.33
 0.36 0.39 0.4  0.41 0.43 0.5  0.53 0.6  0.62 0.64 0.65 0.66 0.67 0.67
 0.67 0.68 0.69 0.7  0.73 0.73 0.79 0.84 0.88 0.9  0.92 0.96 0.97 1.02
 1.1  1.11 1.12 1.13 1.24 1.26 1.29 1.42 1.57 1.62 1.63 1.68 1.87 1.88
 2.02 2.1  2.19 2.66]
var: 0.3822698888888887
| [0m1        [0m | [0m0.8263   [0m | [0m0.2041   [0m | [0m45.06    [0m | [0m2.351    [0m |
[0.01 0.04 0.08 0.18 0.25 0.25 0.25 0.27 0.46 0.51 0.52 0.55 0.56 0.7
 0.73 0.78 0.94 0.98 0.99 1.1  1.12 1.15 1.15 1.19 1.21 1.23 1.23 1.28
 1.3  1.34 1.4  1.44 1.57 1.57 1.61 1.65 1.7  1.73 1.73 1.79 1.81 1.85
 1.87 1.88 1.9  1.92 2.   2.01 2.21 2.24 2.35 2.38 2.46 2.56 2.59 2.73
 2.78 2.78 3.42 4.77]
var: 0.8190676388888897
| [95m2        [0m | [95m1.451    [0m | [95m0.07279  [0m | [95m27.72    [0m | [95m1.227    [0m |
[0.   0.03 0.03 0.04 0.06 0.07 0.11 0.13 0.17 0.19 0.2  0.27 0.27 0.27
 0.29 0.31 0.32 0.32 0.33 0.34 0.35 0.36 0.4  0.49 0.51 0.52 0.53 0.55
 0.58 0.6  0.6  0.65 0.74 0.78 0.81 0.84 0.93 0.95 0.98 1.03 1.07 1.11
 1.21 1.25 1.26 1.32 1.33 1.36 1.53 1.63 1.76 1.84 1.93 1.99 2.   2.03
 2.1  2.64 2.9  3.12]
var: 0.5674669722222218
| [0m3        [0m | [0m0.8722   [0m | [0m0.2088   [0m | [0m38.55    [0m | [0m1.928    [0m |
[0.16 0.19 0.23 0.27 0.33 0.34 0.42 0.52 0.62 0.78 0.81 0.85 0.95 0.99
 1.05 1.07 1.08 1.1  1.2  1.21 1.21 1.25 1.3  1.51 1.53 1.53 1.57 1.6
 1.6  1.61 1.62 1.67 1.76 1.83 1.86 1.91 1.94 1.95 1.99 2.02 2.03 2.13
 2.14 2.19 2.21 2.22 2.36 2.45 2.61 2.75 2.75 2.88 3.15 3.28 3.3  3.41
 3.52 3.76 4.07 6.36]
var: 1.2440788888888887
| [95m4        [0m | [95m1.783    [0m | [95m0.2509   [0m | [95m9.59     [0m | [95m2.347    [0m |
[0.09 0.22 0.27 0.33 0.33 0.38 0.45 0.81 0.82 0.83 0.84 0.94 0.97 1.
 1.07 1.17 1.24 1.25 1.32 1.34 1.35 1.48 1.51 1.61 1.64 1.65 1.72 1.73
 1.73 1.77 1.86 1.92 1.98 2.06 2.08 2.19 2.24 2.4  2.44 2.51 2.65 2.73
 2.89 2.94 2.94 3.15 3.28 3.3  3.37 3.44 3.46 3.61 3.65 3.69 3.77 4.27
 4.37 4.65 4.9  5.13]
var: 1.6012480833333322
| [95m5        [0m | [95m2.096    [0m | [95m0.1667   [0m | [95m7.355    [0m | [95m0.966    [0m |
[0.12 0.13 0.15 0.22 0.23 0.24 0.24 0.27 0.31 0.35 0.36 0.38 0.4  0.53
 0.56 0.56 0.61 0.65 0.69 0.72 0.74 0.75 0.76 0.79 0.85 0.85 0.87 0.93
 1.03 1.13 1.16 1.18 1.19 1.26 1.28 1.28 1.33 1.37 1.41 1.67 1.67 1.7
 1.75 1.75 1.77 1.79 1.93 1.95 1.98 2.09 2.15 2.35 2.6  2.68 2.78 2.8
 2.93 3.58 4.58 5.16]
var: 1.100384555555556
| [0m6        [0m | [0m1.326    [0m | [0m0.004168 [0m | [0m7.378    [0m | [0m2.429    [0m |
[0.01 0.01 0.13 0.14 0.17 0.21 0.22 0.25 0.26 0.3  0.36 0.43 0.47 0.47
 0.49 0.53 0.57 0.57 0.67 0.68 0.73 0.73 0.73 0.75 0.8  0.82 0.86 0.92
 0.95 1.   1.15 1.21 1.21 1.3  1.33 1.36 1.43 1.45 1.48 1.55 1.59 1.61
 1.65 1.75 1.79 1.86 1.86 2.04 2.06 2.09 2.38 2.4  2.62 2.73 2.76 2.86
 3.29 3.43 3.58 3.67]
var: 0.9098982222222218
| [0m7        [0m | [0m1.279    [0m | [0m0.1382   [0m | [0m30.29    [0m | [0m1.229    [0m |
[0.02 0.05 0.1  0.17 0.17 0.23 0.25 0.31 0.33 0.34 0.35 0.35 0.37 0.4
 0.47 0.51 0.51 0.61 0.63 0.65 0.7  0.83 0.84 0.91 0.96 1.01 1.05 1.07
 1.08 1.17 1.23 1.23 1.28 1.38 1.38 1.41 1.43 1.45 1.59 1.7  1.77 1.78
 1.82 1.88 1.89 1.92 1.96 1.98 2.04 2.14 2.16 2.19 2.39 2.4  2.47 2.59
 2.88 2.94 2.95 3.02]
var: 0.7062560833333336
| [0m8        [0m | [0m1.262    [0m | [0m0.04319  [0m | [0m18.98    [0m | [0m2.849    [0m |
[0.   0.08 0.14 0.15 0.23 0.24 0.27 0.29 0.32 0.33 0.36 0.37 0.37 0.38
 0.39 0.4  0.41 0.41 0.42 0.44 0.46 0.49 0.5  0.51 0.51 0.54 0.55 0.55
 0.57 0.57 0.6  0.61 0.62 0.63 0.68 0.71 0.75 0.75 0.79 0.81 0.81 0.85
 0.89 0.91 0.92 0.93 0.94 0.97 1.02 1.03 1.03 1.11 1.15 1.16 1.2  1.32
 1.32 1.35 1.38 1.51]
var: 0.12681555555555565
| [0m9        [0m | [0m0.6667   [0m | [0m0.2102   [0m | [0m0.5744   [0m | [0m2.801    [0m |
[0.03 0.03 0.05 0.17 0.48 0.5  0.5  0.52 0.61 0.76 0.85 0.9  0.95 1.07
 1.07 1.08 1.12 1.12 1.12 1.13 1.17 1.17 1.19 1.23 1.51 1.57 1.6  1.62
 1.64 1.71 1.74 1.86 1.91 1.99 2.01 2.04 2.05 2.09 2.15 2.16 2.17 2.2
 2.21 2.21 2.26 2.27 2.34 2.48 2.77 2.79 2.86 2.94 2.97 3.03 3.09 3.23
 3.61 3.88 4.15 5.56]
var: 1.1566927500000004
| [0m10       [0m | [0m1.792    [0m | [0m0.05709  [0m | [0m15.96    [0m | [0m1.493    [0m |
[0.08 0.08 0.09 0.1  0.11 0.15 0.16 0.22 0.26 0.27 0.3  0.32 0.32 0.35
 0.35 0.46 0.47 0.54 0.56 0.57 0.63 0.7  0.7  0.7  0.71 0.77 0.77 0.78
 0.84 0.95 0.95 0.96 0.98 0.99 1.   1.02 1.03 1.07 1.1  1.17 1.23 1.24
 1.25 1.37 1.37 1.55 1.73 2.09 2.24 2.27 2.32 2.44 2.64 2.81 2.82 2.89
 2.9  3.65 3.88]
var: 0.8763303073829358
| [0m11       [0m | [0m1.123    [0m | [0m0.2188   [0m | [0m34.58    [0m | [0m1.161    [0m |
[0.   0.09 0.09 0.12 0.29 0.41 0.57 0.61 0.65 0.7  0.71 0.79 0.81 0.9
 0.92 1.01 1.04 1.06 1.12 1.13 1.13 1.14 1.15 1.31 1.62 1.78 1.85 1.87
 2.04 2.08 2.09 2.18 2.18 2.28 2.32 2.42 2.5  2.55 2.67 2.67 2.68 2.7
 2.75 2.82 2.82 2.85 3.01 3.21 3.23 3.31 3.5  4.08 4.26 4.4  4.65 6.68]
var: 1.7750566326530606
| [0m12       [0m | [0m1.961    [0m | [0m0.09715  [0m | [0m25.21    [0m | [0m0.3332   [0m |
[0.06 0.16 0.18 0.21 0.27 0.29 0.3  0.32 0.35 0.38 0.41 0.43 0.43 0.46
 0.48 0.48 0.48 0.57 0.57 0.59 0.61 0.66 0.7  0.7  0.74 0.76 0.79 0.8
 0.83 0.86 0.94 0.96 0.97 1.02 1.06 1.1  1.11 1.13 1.2  1.43 1.44 1.52
 1.56 1.68 1.72 1.8  1.88 1.89 2.03 2.06 2.07 2.11 2.14 2.19 2.21 2.32
 2.37 3.16 3.4  4.8 ]
var: 0.8129589999999997
| [0m13       [0m | [0m1.169    [0m | [0m0.0895   [0m | [0m5.021    [0m | [0m0.4284   [0m |
[0.   0.07 0.13 0.16 0.33 0.45 0.47 0.56 0.57 0.65 0.7  0.77 0.84 0.88
 1.23 1.31 1.32 1.35 1.38 1.41 1.42 1.45 1.51 1.55 1.56 1.65 1.79 1.81
 1.82 1.84 1.88 1.99 2.05 2.05 2.1  2.1  2.16 2.21 2.3  2.3  2.58 2.59
 2.64 2.7  2.87 3.02 3.04 3.13 3.15 3.18 3.2  3.22 3.32 3.43 3.44 3.49
 3.83 3.91 4.02 4.1 ]
var: 1.2199098888888884
| [0m14       [0m | [0m1.95     [0m | [0m0.07822  [0m | [0m15.04    [0m | [0m1.743    [0m |
[0.02 0.05 0.13 0.13 0.17 0.33 0.38 0.41 0.43 0.44 0.46 0.47 0.51 0.56
 0.63 0.64 0.71 0.73 0.74 0.77 0.79 0.81 0.87 0.88 0.94 1.03 1.11 1.17
 1.24 1.25 1.28 1.36 1.4  1.42 1.5  1.58 1.62 1.68 1.68 1.69 1.73 1.74
 1.75 1.89 1.96 1.98 2.   2.02 2.28 2.28 2.28 2.34 2.36 2.47 2.63 2.63
 2.64 2.71 2.99 3.33]
var: 0.6890698888888885
| [0m15       [0m | [0m1.334    [0m | [0m0.09892  [0m | [0m27.17    [0m | [0m2.035    [0m |
[0.01 0.07 0.12 0.12 0.22 0.26 0.26 0.32 0.38 0.4  0.45 0.49 0.57 0.58
 0.59 0.59 0.75 0.8  0.83 0.86 0.88 0.92 0.94 0.98 1.   1.04 1.14 1.16
 1.19 1.21 1.26 1.29 1.31 1.31 1.38 1.46 1.46 1.49 1.67 1.76 1.79 1.92
 2.07 2.15 2.28 2.36 2.37 2.62 2.74 2.75 2.78 2.79 2.88 2.94 3.   3.18
 3.26 3.43 3.56 5.33]
var: 1.2013182222222218
| [0m16       [0m | [0m1.495    [0m | [0m0.1893   [0m | [0m22.32    [0m | [0m1.587    [0m |
[0.   0.01 0.02 0.04 0.06 0.06 0.09 0.12 0.12 0.13 0.14 0.19 0.29 0.29
 0.31 0.32 0.35 0.4  0.47 0.52 0.52 0.53 0.56 0.6  0.63 0.63 0.65 0.66
 0.74 0.76 0.76 0.8  0.81 0.84 0.9  0.91 0.93 0.93 0.94 0.97 0.97 1.
 1.06 1.09 1.1  1.15 1.26 1.32 1.36 1.5  1.71 1.8  1.81 1.93 1.98 1.99
 2.04 2.48 2.55 2.61]
var: 0.4559083055555561
| [0m17       [0m | [0m0.8618   [0m | [0m0.2139   [0m | [0m33.77    [0m | [0m2.948    [0m |
[0.73 0.76 0.77 0.81 0.85 0.86 0.87 0.88 0.89 0.96 0.97 1.02 1.12 1.12
 1.13 1.22 1.35 1.37 1.41 1.41 1.41 1.45 1.46 1.5  1.53 1.55 1.65 1.67
 1.67 1.67 1.75 1.79 1.79 1.79 1.95 1.95 1.97 1.98 2.13 2.23 2.34 2.43
 2.47 2.49 2.5  2.62 2.7  2.88 2.91 2.97 3.   3.03 3.23 3.29 3.3  3.68
 3.72 4.62 4.69 4.74]
var: 1.017712222222222
| [0m18       [0m | [0m1.983    [0m | [0m0.2607   [0m | [0m5.006    [0m | [0m1.798    [0m |
[0.   0.06 0.07 0.07 0.08 0.09 0.1  0.1  0.1  0.13 0.13 0.15 0.23 0.25
 0.26 0.33 0.35 0.35 0.37 0.44 0.45 0.53 0.53 0.54 0.59 0.62 0.63 0.64
 0.64 0.67 0.67 0.72 0.74 0.75 0.76 0.79 0.84 0.87 0.88 0.9  0.97 1.03
 1.04 1.09 1.17 1.27 1.32 1.43 1.57 1.69 1.74 1.74 1.97 2.11 2.28 2.34
 2.9  2.93 3.42 4.92]
var: 0.8693409722222221
| [0m19       [0m | [0m0.9392   [0m | [0m0.02692  [0m | [0m39.68    [0m | [0m2.498    [0m |
[0.05 0.06 0.1  0.14 0.16 0.17 0.18 0.19 0.2  0.21 0.21 0.32 0.44 0.48
 0.49 0.63 0.65 0.66 0.66 0.67 0.75 0.85 0.92 0.93 1.   1.03 1.16 1.21
 1.22 1.26 1.28 1.28 1.29 1.34 1.4  1.43 1.43 1.44 1.51 1.53 1.58 1.59
 1.6  1.67 1.67 1.68 1.71 1.78 1.86 2.12 2.2  2.24 2.26 2.31 2.53 2.69
 2.71 2.75 3.44 3.87]
var: 0.7512949722222209
| [0m20       [0m | [0m1.253    [0m | [0m0.1318   [0m | [0m23.34    [0m | [0m2.471    [0m |
[0.01 0.06 0.06 0.1  0.12 0.13 0.2  0.21 0.22 0.26 0.28 0.34 0.4  0.45
 0.47 0.48 0.53 0.53 0.54 0.56 0.65 0.68 0.7  0.7  0.7  0.71 0.71 1.06
 1.08 1.15 1.19 1.24 1.33 1.36 1.37 1.38 1.4  1.44 1.47 1.49 1.64 1.75
 1.79 1.85 1.85 1.85 1.86 2.03 2.2  2.2  2.24 2.28 2.31 2.38 2.41 2.7
 2.92 2.93 3.24 3.47]
var: 0.803097888888889
| [0m21       [0m | [0m1.228    [0m | [0m0.0792   [0m | [0m38.42    [0m | [0m1.298    [0m |
[0.   0.02 0.04 0.09 0.1  0.18 0.23 0.24 0.24 0.28 0.3  0.35 0.35 0.36
 0.38 0.39 0.41 0.46 0.48 0.51 0.53 0.56 0.57 0.57 0.64 0.65 0.66 0.73
 0.73 0.76 0.79 0.8  0.97 0.97 1.07 1.08 1.08 1.08 1.09 1.14 1.22 1.26
 1.38 1.39 1.41 1.49 1.53 1.58 1.63 1.67 1.73 1.78 1.83 1.93 2.14 2.19
 2.29 2.55 2.62 2.69]
var: 0.4965083055555547
| [0m22       [0m | [0m0.9698   [0m | [0m0.1263   [0m | [0m43.69    [0m | [0m1.566    [0m |
[0.02 0.18 0.19 0.21 0.25 0.42 0.42 0.51 0.53 0.6  0.66 0.66 0.67 0.69
 0.74 0.8  0.81 0.83 0.83 1.04 1.1  1.12 1.29 1.33 1.36 1.38 1.38 1.48
 1.51 1.52 1.54 1.54 1.57 1.66 1.7  1.71 1.74 1.75 1.91 1.92 1.92 1.95
 2.04 2.09 2.24 2.28 2.33 2.34 2.37 2.4  2.59 2.65 2.68 2.7  2.7  2.74
 2.79 3.26 3.55 3.98]
var: 0.812690305555556
| [0m23       [0m | [0m1.553    [0m | [0m0.04759  [0m | [0m24.98    [0m | [0m1.595    [0m |
[0.01 0.04 0.04 0.08 0.09 0.17 0.22 0.22 0.22 0.24 0.26 0.26 0.27 0.27
 0.28 0.3  0.36 0.38 0.43 0.45 0.46 0.52 0.52 0.6  0.61 0.65 0.66 0.69
 0.69 0.71 0.71 0.78 0.81 0.84 0.85 0.89 0.89 0.91 1.03 1.04 1.05 1.09
 1.13 1.13 1.17 1.19 1.19 1.2  1.21 1.25 1.27 1.32 1.52 1.79 2.13 2.19
 2.19 2.61 2.7  3.41]
var: 0.49592163888888924
| [0m24       [0m | [0m0.8698   [0m | [0m0.03046  [0m | [0m46.9     [0m | [0m0.4878   [0m |
[0.07 0.13 0.18 0.19 0.28 0.39 0.43 0.46 0.47 0.59 0.65 0.69 0.77 0.8
 0.84 0.86 0.86 0.87 0.88 0.88 0.89 0.91 0.93 0.95 0.97 1.   1.01 1.11
 1.28 1.32 1.39 1.4  1.42 1.5  1.52 1.53 1.6  1.74 1.84 1.9  2.09 2.26
 2.26 2.33 2.51 2.65 2.77 2.86 2.87 2.9  2.96 3.01 3.21 3.31 3.42 4.03
 4.65 4.68 5.   5.41]
var: 1.6531582222222216
| [0m25       [0m | [0m1.711    [0m | [0m0.06395  [0m | [0m11.09    [0m | [0m2.557    [0m |
[0.04 0.06 0.06 0.08 0.11 0.2  0.21 0.21 0.22 0.26 0.31 0.33 0.35 0.38
 0.42 0.43 0.44 0.47 0.53 0.55 0.58 0.65 0.69 0.7  0.71 0.74 0.78 0.79
 0.81 0.92 0.99 1.   1.01 1.02 1.05 1.11 1.14 1.14 1.14 1.17 1.23 1.28
 1.38 1.48 1.51 1.51 1.59 1.59 1.68 1.8  1.82 1.84 1.85 1.92 2.02 2.03
 2.44 2.54 2.83 3.76]
var: 0.5813638888888889
| [0m26       [0m | [0m1.032    [0m | [0m0.1357   [0m | [0m34.07    [0m | [0m1.529    [0m |
[0.01 0.14 0.15 0.2  0.2  0.24 0.26 0.29 0.37 0.39 0.39 0.44 0.49 0.5
 0.7  0.71 0.72 0.78 0.88 0.88 0.89 0.91 0.97 1.01 1.09 1.16 1.3  1.67
 1.67 1.68 1.72 1.83 1.94 2.   2.   2.02 2.04 2.05 2.07 2.09 2.11 2.11
 2.13 2.36 2.61 2.62 2.69 2.75 2.78 2.79 2.84 3.11 3.4  3.42 3.47 3.83
 3.9  3.98 4.59 4.61]
var: 1.4654543055555551
| [0m27       [0m | [0m1.716    [0m | [0m0.1813   [0m | [0m20.49    [0m | [0m1.436    [0m |
[0.11 0.13 0.22 0.31 0.33 0.37 0.59 0.64 0.64 0.71 0.89 0.9  1.06 1.25
 1.29 1.32 1.34 1.41 1.66 1.72 1.72 1.76 1.8  1.9  1.95 1.98 2.   2.01
 2.06 2.11 2.16 2.18 2.19 2.19 2.22 2.24 2.25 2.26 2.28 2.32 2.38 2.6
 2.63 2.67 2.73 2.75 2.95 3.01 3.07 3.1  3.14 3.19 3.26 3.55 3.91 4.05
 4.18 4.36 4.4  5.41]
var: 1.3483649722222226
| [95m28       [0m | [95m2.097    [0m | [95m0.151    [0m | [95m6.527    [0m | [95m1.91     [0m |
[0.04 0.07 0.19 0.2  0.21 0.22 0.27 0.28 0.49 0.52 0.58 0.6  0.68 0.75
 0.75 0.76 0.77 0.94 0.94 0.99 1.   1.02 1.04 1.21 1.21 1.26 1.3  1.31
 1.42 1.47 1.5  1.6  1.67 1.7  1.71 1.79 1.91 1.91 2.01 2.11 2.12 2.17
 2.19 2.22 2.27 2.39 2.44 2.45 2.56 2.61 2.69 2.7  2.7  2.89 3.07 3.15
 4.19 4.71 4.85 5.33]
var: 1.3994472222222218
| [0m29       [0m | [0m1.668    [0m | [0m0.0733   [0m | [0m9.136    [0m | [0m2.563    [0m |
[0.01 0.03 0.05 0.05 0.11 0.12 0.15 0.16 0.16 0.19 0.19 0.2  0.21 0.23
 0.24 0.25 0.26 0.28 0.29 0.35 0.38 0.41 0.42 0.43 0.5  0.52 0.56 0.61
 0.67 0.67 0.7  0.76 0.8  0.81 0.83 0.84 0.87 0.91 0.93 1.13 1.14 1.17
 1.21 1.23 1.26 1.27 1.32 1.39 1.41 1.49 1.51 1.82 2.36 2.45 2.52 2.55
 2.56 2.84 2.98 3.1 ]
var: 0.6791045555555562
| [0m30       [0m | [0m0.9143   [0m | [0m0.1852   [0m | [0m32.17    [0m | [0m2.583    [0m |
[0.14 0.16 0.4  0.41 0.52 0.59 0.68 0.71 0.71 0.73 0.74 0.75 0.8  0.81
 0.83 0.96 0.99 1.01 1.03 1.05 1.07 1.12 1.19 1.22 1.23 1.34 1.37 1.39
 1.4  1.49 1.56 1.75 1.88 1.92 1.93 1.96 2.01 2.02 2.06 2.12 2.21 2.22
 2.25 2.49 2.49 2.78 2.8  2.92 2.93 3.2  3.21 3.33 3.42 3.56 4.09 4.21
 4.3  4.94 5.54 5.85]
var: 1.7254049722222222
| [0m31       [0m | [0m1.913    [0m | [0m0.0392   [0m | [0m3.079    [0m | [0m1.129    [0m |
[0.   0.   0.02 0.03 0.05 0.09 0.1  0.13 0.15 0.15 0.17 0.21 0.22 0.24
 0.25 0.26 0.27 0.28 0.3  0.43 0.43 0.45 0.53 0.59 0.6  0.64 0.69 0.72
 0.73 0.88 0.89 0.91 1.01 1.07 1.15 1.24 1.3  1.31 1.37 1.41 1.42 1.47
 1.54 1.54 1.59 1.61 1.62 1.66 1.68 1.71 1.75 1.84 1.85 2.11 2.12 2.14
 2.46 2.48 4.11 4.26]
var: 0.8347669722222214
| [0m32       [0m | [0m1.037    [0m | [0m0.1699   [0m | [0m46.2     [0m | [0m1.683    [0m |
[0.01 0.06 0.09 0.15 0.18 0.18 0.18 0.19 0.21 0.27 0.27 0.28 0.31 0.35
 0.39 0.4  0.49 0.49 0.51 0.52 0.57 0.58 0.59 0.59 0.62 0.63 0.64 0.65
 0.68 0.7  0.73 0.76 0.81 0.81 0.85 0.88 0.91 1.03 1.04 1.13 1.16 1.2
 1.25 1.25 1.31 1.4  1.43 1.44 1.45 1.47 1.53 1.59 1.69 1.95 2.07 2.35
 2.85 2.87 3.29 3.61]
var: 0.6288783055555551
| [0m33       [0m | [0m0.9648   [0m | [0m0.1853   [0m | [0m36.31    [0m | [0m2.388    [0m |
[0.06 0.07 0.1  0.13 0.15 0.18 0.25 0.25 0.3  0.31 0.33 0.39 0.4  0.41
 0.49 0.55 0.55 0.61 0.63 0.67 0.75 0.88 1.06 1.09 1.12 1.2  1.24 1.26
 1.36 1.39 1.42 1.45 1.47 1.52 1.53 1.55 1.8  1.85 1.94 2.01 2.01 2.05
 2.08 2.11 2.3  2.67 2.69 2.8  2.86 2.9  2.96 3.15 3.29 3.37 4.16 4.36
 4.65 4.71 5.53]
var: 1.7392669922436075
| [0m34       [0m | [0m1.616    [0m | [0m0.1807   [0m | [0m15.79    [0m | [0m0.4665   [0m |
[0.01 0.03 0.1  0.12 0.13 0.13 0.14 0.14 0.15 0.17 0.18 0.18 0.21 0.25
 0.25 0.27 0.28 0.29 0.3  0.3  0.34 0.37 0.39 0.41 0.41 0.43 0.44 0.45
 0.5  0.57 0.57 0.58 0.58 0.59 0.59 0.64 0.66 0.73 0.93 0.96 0.99 1.
 1.14 1.14 1.17 1.18 1.19 1.29 1.34 1.43 1.47 1.5  1.54 1.62 1.85 1.91
 2.   2.18 2.19 2.21]
var: 0.38017497222222185
| [0m35       [0m | [0m0.7518   [0m | [0m0.01678  [0m | [0m46.77    [0m | [0m2.453    [0m |
[0.02 0.07 0.07 0.1  0.12 0.19 0.27 0.32 0.42 0.43 0.57 0.61 0.69 0.74
 0.74 0.74 0.76 0.93 0.97 1.05 1.14 1.15 1.18 1.19 1.2  1.21 1.21 1.35
 1.37 1.4  1.41 1.43 1.46 1.47 1.54 1.64 1.72 1.81 1.83 1.94 1.96 2.04
 2.07 2.23 2.32 2.46 2.51 2.58 2.61 2.69 2.82 3.25 3.63 3.72 3.74 3.76
 3.8  4.02 4.87 4.92]
var: 1.4796045555555561
| [0m36       [0m | [0m1.674    [0m | [0m0.02007  [0m | [0m5.101    [0m | [0m2.291    [0m |
[0.19 0.22 0.33 0.46 0.5  0.54 0.56 0.57 0.58 0.66 0.68 0.7  0.77 0.81
 0.81 0.83 0.87 1.01 1.18 1.18 1.29 1.34 1.35 1.36 1.44 1.47 1.5  1.5
 1.52 1.65 1.75 1.75 1.8  1.83 1.84 1.84 1.91 1.92 1.98 2.09 2.22 2.26
 2.34 2.37 2.38 2.38 2.43 2.51 2.83 2.84 2.88 2.89 3.11 3.14 3.22 3.58
 4.14 4.64 5.07 5.46]
var: 1.362653638888889
| [0m37       [0m | [0m1.821    [0m | [0m0.0507   [0m | [0m9.669    [0m | [0m2.016    [0m |
[0.08 0.09 0.13 0.13 0.32 0.4  0.47 0.48 0.49 0.5  0.52 0.64 0.68 0.68
 0.69 0.74 0.75 0.78 0.8  0.83 0.89 0.91 0.92 0.96 0.99 1.   1.05 1.07
 1.09 1.15 1.16 1.19 1.21 1.28 1.35 1.35 1.41 1.45 1.45 1.53 1.57 1.58
 1.61 1.64 1.66 1.72 1.86 1.87 1.94 2.05 2.08 2.22 2.22 2.3  2.41 2.47
 2.57 2.77 3.03 4.06]
var: 0.622006222222222
| [0m38       [0m | [0m1.287    [0m | [0m0.181    [0m | [0m23.52    [0m | [0m2.183    [0m |
[0.   0.01 0.02 0.03 0.07 0.11 0.13 0.13 0.18 0.18 0.18 0.18 0.19 0.2
 0.21 0.22 0.25 0.28 0.28 0.29 0.29 0.32 0.33 0.36 0.39 0.43 0.43 0.44
 0.45 0.45 0.45 0.46 0.5  0.5  0.54 0.57 0.58 0.61 0.65 0.66 0.69 0.72
 0.73 0.93 0.95 0.98 1.06 1.07 1.16 1.23 1.23 1.26 1.36 1.42 1.52 1.53
 1.75 2.24 2.49 2.86]
var: 0.37414030555555605
| [0m39       [0m | [0m0.6622   [0m | [0m0.2118   [0m | [0m48.51    [0m | [0m2.104    [0m |
[0.04 0.14 0.16 0.23 0.26 0.35 0.35 0.39 0.4  0.41 0.45 0.46 0.47 0.54
 0.55 0.55 0.59 0.6  0.66 0.7  0.7  0.72 0.74 0.76 0.89 0.92 1.01 1.11
 1.2  1.23 1.25 1.27 1.38 1.39 1.44 1.5  1.52 1.64 1.81 1.85 1.87 1.89
 1.9  1.95 1.98 2.01 2.02 2.1  2.15 2.26 2.31 2.56 2.62 2.73 2.83 3.03
 3.12 3.27 3.31 4.57]
var: 0.9545916388888884
| [0m40       [0m | [0m1.385    [0m | [0m0.2933   [0m | [0m26.03    [0m | [0m0.4277   [0m |
[0.35 0.39 0.5  0.78 0.8  1.22 1.25 1.37 1.44 1.7  2.11 2.11 2.13 2.18
 2.34 2.41 2.44 2.45 2.46 2.5  2.55 2.59 2.63 2.67 2.76 2.83 2.87 2.88
 2.97 3.01 3.01 3.03 3.04 3.06 3.09 3.1  3.13 3.2  3.21 3.22 3.35 3.42
 3.44 3.51 3.66 3.79 3.88 3.91 3.93 4.04 4.07 4.13 4.34 4.5  4.57 4.63
 5.38 5.45 5.46 5.82]
var: 1.5200923333333338
| [95m41       [0m | [95m2.951    [0m | [95m0.3      [0m | [95m8.611    [0m | [95m0.1463   [0m |
[0.   0.   0.   0.   0.   0.   0.   0.   0.   0.   0.   0.   0.   0.
 0.   0.   0.   0.   0.   0.   0.   0.   0.   0.   0.   0.   0.   0.
 0.   0.   0.   0.   0.   0.   0.   0.   0.   0.   0.01 0.01 0.01 0.01
 0.01 0.02 0.02 0.03 0.04 0.04 0.05 0.06 0.08 0.09 0.1  0.13 0.15 0.18
 0.19 0.24 0.3  0.32]
var: 0.005351638888888948
| [0m42       [0m | [0m0.03483  [0m | [0m0.3      [0m | [0m9.386    [0m | [0m0.001    [0m |
[0.37 0.54 0.61 0.77 1.02 1.21 1.26 1.39 2.04 2.14 2.19 2.35 2.36 2.43
 2.57 2.62 2.65 2.66 2.66 2.85 2.92 2.92 2.94 3.04 3.14 3.16 3.18 3.32
 3.43 3.5  3.54 3.79 4.   4.01 4.11 4.12 4.13 4.18 4.19 4.19 4.19 4.21
 4.22 4.56 4.6  4.62 4.68 4.75 4.79 4.87 4.98 5.42 5.49 5.73 5.74 6.36
 6.71 6.79 6.9  8.44]
var: 2.8266743055555557
| [95m43       [0m | [95m3.609    [0m | [95m0.2263   [0m | [95m8.461    [0m | [95m0.1915   [0m |
[0.02 0.05 0.06 0.13 0.19 0.19 0.24 0.24 0.25 0.26 0.27 0.27 0.28 0.37
 0.38 0.47 0.48 0.5  0.53 0.53 0.62 0.63 0.66 0.67 0.7  0.72 0.73 0.75
 0.76 0.76 0.79 0.8  0.87 0.88 0.9  0.96 1.02 1.04 1.06 1.09 1.12 1.13
 1.13 1.19 1.21 1.25 1.27 1.3  1.35 1.38 1.41 1.66 1.69 1.82 1.84 1.9
 1.92 1.94 1.99 2.92]
var: 0.3557412222222222
| [0m44       [0m | [0m0.8923   [0m | [0m0.1731   [0m | [0m48.07    [0m | [0m2.136    [0m |
[0.83 0.9  1.37 1.45 1.65 1.66 1.67 1.71 1.74 1.75 1.81 1.98 2.06 2.06
 2.12 2.18 2.23 2.27 2.29 2.36 2.43 2.5  2.54 2.57 2.66 2.77 2.77 2.78
 2.78 2.8  2.93 2.94 3.12 3.13 3.21 3.31 3.37 3.45 3.45 3.52 3.54 3.55
 3.66 3.72 3.86 3.88 3.93 3.97 3.97 4.11 4.13 4.41 4.74 5.26 5.3  5.65
 6.34 8.17]
var: 1.7734586504161716
| [0m45       [0m | [0m3.057    [0m | [0m0.1226   [0m | [0m8.178    [0m | [0m0.251    [0m |
[0.04 0.04 0.06 0.1  0.1  0.13 0.14 0.14 0.18 0.26 0.28 0.37 0.39 0.49
 0.56 0.56 0.67 0.67 0.69 0.7  0.72 0.75 0.75 0.83 0.85 0.86 0.91 0.94
 0.98 1.   1.03 1.04 1.04 1.08 1.11 1.14 1.26 1.27 1.31 1.39 1.54 1.75
 1.77 1.97 1.98 1.99 2.01 2.02 2.03 2.07 2.11 2.32 2.35 2.38 2.72 2.81
 2.98 3.   4.21 4.43]
var: 0.9748780833333335
| [0m46       [0m | [0m1.255    [0m | [0m0.3      [0m | [0m8.402    [0m | [0m0.4095   [0m |
[0.09 0.17 0.3  0.41 0.6  0.76 0.8  0.81 0.81 0.81 0.95 1.08 1.11 1.14
 1.22 1.23 1.29 1.3  1.3  1.31 1.36 1.41 1.44 1.45 1.5  1.55 1.65 1.75
 1.82 1.85 2.07 2.1  2.25 2.37 2.39 2.41 2.51 2.57 2.57 2.64 2.71 2.71
 2.72 2.72 2.73 2.88 3.   3.03 3.06 3.07 3.11 3.18 3.19 3.19 3.31 3.42
 4.06 4.07 4.26 5.1 ]
var: 1.2026914166666651
| [0m47       [0m | [0m2.045    [0m | [0m0.1948   [0m | [0m7.392    [0m | [0m0.9456   [0m |
[0.75 1.1  1.21 1.22 1.27 1.35 1.49 1.7  1.77 1.87 1.91 2.07 2.37 2.5
 2.59 2.66 2.75 2.78 2.81 2.84 2.85 2.86 2.86 2.91 3.01 3.01 3.03 3.13
 3.13 3.24 3.35 3.46 3.5  3.52 3.54 3.66 3.77 3.78 3.83 3.85 3.9  3.9
 3.95 4.02 4.03 4.03 4.06 4.13 4.17 4.18 4.31 4.36 4.4  4.53 4.58 5.21
 6.64 6.74 6.8  7.47]
var: 1.9272749722222218
| [0m48       [0m | [0m3.345    [0m | [0m0.1286   [0m | [0m8.407    [0m | [0m0.1383   [0m |
[0.74 1.42 1.46 1.92 1.95 1.95 2.2  2.33 2.35 2.41 2.42 2.44 2.5  2.74
 2.79 2.81 2.84 2.87 2.93 2.96 2.98 3.07 3.09 3.1  3.19 3.34 3.39 3.4
 3.4  3.41 3.47 3.5  3.53 3.56 3.62 3.68 3.69 4.   4.01 4.12 4.17 4.21
 4.6  4.6  4.61 4.92 4.95 5.05 5.23 5.24 5.24 5.29 5.31 5.39 5.77 6.33
 6.49 6.66 6.87 7.13]
var: 2.015812888888889
| [95m49       [0m | [95m3.727    [0m | [95m0.1892   [0m | [95m8.53     [0m | [95m0.1832   [0m |
[0.13 0.6  0.69 0.75 0.99 1.05 1.09 1.16 1.24 1.25 1.25 1.38 1.6  1.63
 1.65 1.79 1.8  1.81 1.91 1.91 2.02 2.05 2.06 2.08 2.13 2.19 2.2  2.25
 2.25 2.28 2.3  2.3  2.31 2.37 2.47 2.47 2.53 2.65 2.72 2.72 2.91 2.96
 3.27 3.32 3.35 3.42 3.47 3.61 3.91 4.06 4.16 4.19 4.56 4.68 4.77 4.98
 5.53 5.83 6.48]
var: 1.8181164033323756
| [0m50       [0m | [0m2.568    [0m | [0m0.233    [0m | [0m8.405    [0m | [0m0.08198  [0m |
[0.33 0.61 1.83 1.92 1.93 1.98 2.05 2.05 2.17 2.29 2.31 2.44 2.5  2.69
 2.93 2.95 3.   3.12 3.19 3.22 3.23 3.31 3.45 3.48 3.51 3.54 3.56 3.59
 3.8  3.93 3.97 4.15 4.25 4.27 4.28 4.31 4.32 4.42 4.45 4.52 4.58 4.74
 4.94 5.05 5.11 5.14 5.17 5.3  5.33 5.44 5.5  5.72 5.95 6.1  6.57 7.33
 7.78 8.9  9.64 9.82]
var: 3.6784862222222214
| [95m51       [0m | [95m4.133    [0m | [95m0.03648  [0m | [95m8.486    [0m | [95m0.1659   [0m |
[0.   0.03 0.05 0.07 0.15 0.21 0.33 0.44 0.47 0.51 0.53 0.57 0.76 0.8
 0.82 0.87 0.9  0.92 1.09 1.12 1.18 1.2  1.23 1.33 1.4  1.47 1.47 1.53
 1.53 1.55 1.66 1.82 1.93 1.98 2.1  2.14 2.14 2.18 2.19 2.21 2.26 2.39
 2.41 2.48 2.51 2.53 2.55 2.61 2.61 2.68 2.83 2.84 3.   3.16 3.31 3.37
 3.52 3.82 4.35 4.68]
var: 1.2393127500000005
| [0m52       [0m | [0m1.747    [0m | [0m0.1315   [0m | [0m16.63    [0m | [0m2.07     [0m |
[0.77 1.2  1.3  1.47 1.92 1.93 2.1  2.11 2.21 2.21 2.33 2.36 2.42 2.47
 2.51 2.65 2.73 2.9  3.   3.1  3.12 3.29 3.31 3.32 3.32 3.32 3.41 3.49
 3.51 3.51 3.62 3.9  3.96 4.08 4.21 4.32 4.34 4.38 4.39 4.41 4.44 4.68
 4.71 4.87 4.98 5.1  5.22 5.44 5.57 5.71 5.89 6.12 6.29 6.47 6.85 7.2
 7.33 7.38 7.84 7.93]
var: 3.029545999999999
| [0m53       [0m | [0m3.982    [0m | [0m0.02514  [0m | [0m8.393    [0m | [0m0.204    [0m |
[0.12 0.2  0.47 0.73 0.85 0.86 0.93 0.94 0.96 1.17 1.2  1.42 1.6  1.62
 1.75 1.8  1.87 2.   2.02 2.09 2.11 2.37 2.41 2.47 2.59 2.65 2.66 2.74
 2.82 2.83 2.95 3.07 3.17 3.18 3.18 3.24 3.25 3.29 3.34 3.42 3.53 3.75
 3.9  3.91 4.23 4.41 4.62 4.64 4.74 4.88 5.07 5.23 5.25 5.28 5.41 5.65
 5.73 6.12 6.19 7.45]
var: 2.830526972222223
| [0m54       [0m | [0m3.039    [0m | [0m0.002931 [0m | [0m8.583    [0m | [0m0.2707   [0m |
[0.05 0.08 0.1  0.12 0.13 0.14 0.16 0.19 0.21 0.22 0.23 0.24 0.27 0.29
 0.29 0.34 0.34 0.35 0.4  0.4  0.44 0.46 0.47 0.48 0.49 0.56 0.57 0.59
 0.61 0.61 0.61 0.68 0.73 0.74 0.75 0.8  0.8  0.92 0.98 1.01 1.06 1.09
 1.11 1.18 1.21 1.22 1.39 1.48 1.53 1.54 1.74 1.74 1.75 1.89 1.9  1.98
 2.24 2.34 2.34 5.08]
var: 0.689837888888889
| [0m55       [0m | [0m0.8943   [0m | [0m0.2985   [0m | [0m48.15    [0m | [0m0.6059   [0m |
[0.09 0.6  0.76 1.09 1.1  1.1  1.15 1.17 1.37 1.68 1.72 1.79 1.94 1.99
 2.01 2.02 2.26 2.34 2.38 2.39 2.58 2.69 2.74 2.76 2.77 2.85 2.86 2.91
 2.96 3.   3.11 3.19 3.27 3.37 3.54 3.58 3.63 3.82 3.85 3.92 3.96 4.09
 4.21 4.24 4.33 4.55 4.66 4.71 4.81 4.83 4.95 4.96 5.07 5.3  5.69 5.82
 5.94 6.31 7.35 7.96]
var: 2.7650360833333347
| [0m56       [0m | [0m3.302    [0m | [0m0.2304   [0m | [0m8.472    [0m | [0m0.171    [0m |
[1.09 1.23 1.64 1.82 1.98 2.09 2.16 2.17 2.25 2.27 2.42 2.46 2.46 2.48
 2.52 2.64 2.65 2.67 2.69 2.81 2.83 2.89 3.02 3.04 3.19 3.22 3.22 3.28
 3.32 3.36 3.43 3.54 3.67 3.67 3.75 3.92 3.97 4.09 4.16 4.24 4.24 4.32
 4.34 4.46 4.46 4.48 4.54 4.61 4.63 4.89 4.98 4.99 5.23 5.66 5.95 6.22
 6.28 6.96 7.99 9.98]
var: 2.5798748888888894
| [0m57       [0m | [0m3.725    [0m | [0m0.1093   [0m | [0m8.711    [0m | [0m0.1902   [0m |
[0.82 1.14 1.16 1.51 1.58 1.59 1.61 1.85 1.92 1.94 2.06 2.2  2.27 2.29
 2.31 2.47 2.5  2.72 2.78 2.79 2.8  2.96 3.   3.04 3.1  3.14 3.18 3.2
 3.29 3.44 3.54 3.69 3.69 3.69 3.7  3.72 3.72 3.79 3.88 3.98 4.08 4.1
 4.1  4.18 4.33 4.39 4.4  4.46 4.65 4.77 4.78 4.91 5.   5.   5.19 5.42
 5.53 5.72 5.79 5.81]
var: 1.609426972222222
| [0m58       [0m | [0m3.411    [0m | [0m0.03496  [0m | [0m8.617    [0m | [0m0.07279  [0m |
[0.27 0.83 0.89 0.89 0.96 1.3  1.39 1.45 1.6  1.81 1.97 2.   2.07 2.19
 2.21 2.27 2.34 2.41 2.44 2.45 2.46 2.47 2.49 2.57 2.58 2.6  2.6  2.61
 2.77 2.96 3.09 3.19 3.24 3.24 3.28 3.29 3.4  3.53 3.55 3.6  3.65 3.85
 3.92 3.94 4.11 4.15 4.18 4.18 4.2  4.23 4.36 4.45 4.63 4.85 5.25 5.81
 5.83 6.46 7.06 9.65]
var: 2.6368132222222216
| [0m59       [0m | [0m3.2      [0m | [0m0.1109   [0m | [0m8.464    [0m | [0m0.246    [0m |
[0.   0.   0.   0.   0.   0.   0.01 0.01 0.01 0.01 0.01 0.01 0.01 0.01
 0.02 0.02 0.02 0.02 0.02 0.02 0.03 0.03 0.03 0.04 0.04 0.04 0.05 0.05
 0.06 0.06 0.07 0.07 0.07 0.08 0.08 0.08 0.09 0.09 0.09 0.1  0.1  0.1
 0.1  0.12 0.14 0.14 0.15 0.16 0.17 0.19 0.19 0.19 0.21 0.29 0.3  0.39
 0.45 0.45 0.49]
var: 0.013714507325481275
| [0m60       [0m | [0m0.09797  [0m | [0m0.0295   [0m | [0m8.303    [0m | [0m0.007379 [0m |
[0.68 0.88 0.95 1.03 1.2  1.35 1.47 1.49 1.55 1.56 1.6  1.65 1.78 1.81
 1.85 1.89 2.03 2.08 2.14 2.18 2.23 2.25 2.43 2.44 2.45 2.45 2.46 2.47
 2.5  2.5  2.51 2.71 2.79 2.82 2.82 2.98 3.14 3.17 3.18 3.19 3.23 3.3
 3.31 3.41 3.48 3.53 3.6  3.61 3.69 3.86 3.93 3.93 3.97 4.11 4.35 4.35
 4.56 5.74 5.88 5.96]
var: 1.3923045555555553
| [0m61       [0m | [0m2.774    [0m | [0m0.1327   [0m | [0m8.691    [0m | [0m0.08879  [0m |
[0.26 0.98 1.06 1.25 1.43 1.86 1.89 1.93 2.03 2.08 2.19 2.28 2.32 2.37
 2.39 2.42 2.47 2.54 2.64 2.68 2.74 2.8  2.81 2.89 2.92 3.02 3.06 3.06
 3.12 3.15 3.38 3.49 3.52 3.53 3.55 3.64 3.66 3.66 3.68 3.78 3.87 3.93
 3.98 4.05 4.05 4.2  4.22 4.34 4.38 4.75 4.9  4.93 4.95 5.   5.62 5.64
 5.88 6.03 6.17 6.5 ]
var: 1.8136982222222229
| [0m62       [0m | [0m3.365    [0m | [0m0.076    [0m | [0m8.619    [0m | [0m0.1907   [0m |
[0.68 0.88 0.95 0.97 1.08 1.29 1.31 1.32 1.45 1.56 1.56 1.62 1.63 1.64
 1.72 1.83 1.86 2.03 2.08 2.19 2.21 2.26 2.26 2.33 2.35 2.4  2.45 2.49
 2.54 2.57 2.58 2.59 2.6  2.61 2.61 2.64 2.65 2.73 2.84 2.85 3.04 3.1
 3.24 3.27 3.32 3.35 3.5  3.51 3.63 4.1  4.14 4.36 4.56 5.16 5.52 5.61
 6.84]
var: 1.5394840874115125
| [0m63       [0m | [0m2.64     [0m | [0m0.2336   [0m | [0m8.673    [0m | [0m0.2747   [0m |
[0.04 0.08 0.14 0.3  0.32 0.33 0.34 0.35 0.37 0.39 0.4  0.42 0.43 0.46
 0.47 0.5  0.52 0.54 0.55 0.55 0.56 0.61 0.64 0.64 0.71 0.71 0.83 0.89
 0.91 0.98 0.99 0.99 1.03 1.13 1.48 1.52 1.54 1.62 1.64 1.65 1.68 1.7
 1.75 1.83 1.84 1.88 1.89 1.89 1.91 2.14 2.15 2.32 2.33 2.39 2.58 3.02
 3.16 3.21 3.39 3.74]
var: 0.844113638888889
| [0m64       [0m | [0m1.256    [0m | [0m0.01378  [0m | [0m8.299    [0m | [0m0.3383   [0m |
[0.5  1.17 1.57 1.67 1.74 1.94 1.98 2.15 2.19 2.28 2.43 2.7  2.76 2.8
 2.88 2.89 2.96 2.98 3.19 3.34 3.38 3.39 3.54 3.6  3.65 3.75 3.81 3.94
 4.05 4.06 4.1  4.15 4.17 4.19 4.23 4.24 4.26 4.45 4.47 4.49 4.78 4.86
 4.94 4.96 5.05 5.06 5.25 5.36 5.76 5.92 6.05 6.08 6.1  6.24 6.27 6.51
 6.56 6.89 7.68 7.8 ]
var: 2.623276222222223
| [0m65       [0m | [0m4.069    [0m | [0m0.004789 [0m | [0m8.75     [0m | [0m0.1981   [0m |
[0.68 0.69 0.97 1.01 1.08 1.15 1.35 1.35 1.53 1.62 1.74 1.78 1.84 1.95
 1.98 2.06 2.08 2.13 2.29 2.31 2.36 2.43 2.49 2.57 2.57 2.73 2.77 2.81
 2.94 2.94 2.95 3.06 3.07 3.13 3.18 3.18 3.44 3.51 3.8  3.91 3.92 3.95
 3.98 4.09 4.19 4.2  4.28 4.31 4.37 4.41 4.43 4.47 4.48 4.57 4.62 4.93
 4.95 5.17 5.43 5.81]
var: 1.6738016388888899
| [0m66       [0m | [0m3.033    [0m | [0m0.01623  [0m | [0m8.878    [0m | [0m0.2482   [0m |
[0.04 0.04 0.08 0.15 0.18 0.24 0.3  0.38 0.38 0.4  0.41 0.48 0.5  0.53
 0.54 0.55 0.6  0.63 0.66 0.72 0.73 0.73 0.79 0.82 0.92 0.92 1.02 1.13
 1.15 1.15 1.15 1.2  1.21 1.4  1.5  1.52 1.55 1.59 1.69 1.74 1.8  1.82
 1.92 2.15 2.26 2.4  2.56 2.61 2.69 2.69 2.74 2.86 2.9  3.15 3.18 4.16
 4.86]
var: 1.1415976608187124
| [0m67       [0m | [0m1.377    [0m | [0m0.1617   [0m | [0m21.55    [0m | [0m0.6068   [0m |
[0.05 0.07 0.17 0.22 0.29 0.37 0.47 0.49 0.52 0.58 0.6  0.65 0.66 0.76
 0.85 0.88 1.   1.09 1.17 1.19 1.24 1.27 1.28 1.3  1.35 1.37 1.4  1.58
 1.6  1.61 1.62 1.63 1.7  1.73 1.75 1.75 1.77 1.79 1.84 1.94 2.18 2.19
 2.24 2.26 2.29 2.32 2.33 2.35 2.45 2.48 2.5  2.56 2.66 3.16 3.47 3.57
 4.13 4.82 5.08 5.55]
var: 1.4038127500000004
| [0m68       [0m | [0m1.737    [0m | [0m0.2819   [0m | [0m5.024    [0m | [0m1.822    [0m |
[ 0.31  0.51  0.56  0.94  1.03  1.12  1.49  1.74  1.8   1.81  1.84  1.86
  1.91  2.    2.    2.    2.04  2.08  2.1   2.27  2.29  2.35  2.36  2.37
  2.43  2.43  2.61  2.85  2.97  3.07  3.11  3.19  3.26  3.3   3.41  3.43
  3.44  3.48  3.58  3.83  3.87  3.87  3.98  3.99  4.01  4.02  4.02  4.14
  4.19  4.71  4.75  5.13  5.28  5.35  5.43  5.71  6.17  7.09  8.66 10.48]
var: 3.442301000000002
| [0m69       [0m | [0m3.267    [0m | [0m0.2366   [0m | [0m12.65    [0m | [0m0.1075   [0m |
[0.1  0.12 0.14 0.14 0.17 0.19 0.21 0.23 0.24 0.28 0.29 0.29 0.3  0.31
 0.31 0.31 0.31 0.34 0.37 0.4  0.51 0.51 0.53 0.6  0.6  0.62 0.69 0.72
 0.72 0.73 0.79 0.8  0.82 0.84 0.86 0.96 1.03 1.04 1.05 1.15 1.3  1.31
 1.37 1.39 1.4  1.62 1.64 1.69 1.82 1.97 2.   2.05 2.13 2.19 2.22 2.39
 2.44 2.63 2.66 3.28]
var: 0.6236259999999997
| [0m70       [0m | [0m1.002    [0m | [0m0.007075 [0m | [0m0.9339   [0m | [0m1.983    [0m |
[0.09 0.1  0.11 0.3  0.32 0.33 0.35 0.36 0.43 0.44 0.45 0.47 0.52 0.58
 0.59 0.67 0.68 0.7  0.72 0.72 0.77 0.77 0.83 0.85 0.87 0.96 0.96 1.06
 1.09 1.09 1.15 1.17 1.26 1.28 1.38 1.44 1.46 1.56 1.65 1.65 1.7  1.7
 1.91 1.95 1.95 2.04 2.06 2.17 2.2  2.22 2.31 2.37 2.46 2.79 2.9  2.99
 3.14 3.74 4.04 4.63]
var: 1.0162709722222223
| [0m71       [0m | [0m1.391    [0m | [0m0.03112  [0m | [0m8.731    [0m | [0m0.3263   [0m |
[1.07 1.12 1.12 1.17 1.19 1.52 1.68 1.68 1.85 1.89 2.18 2.27 2.29 2.35
 2.4  2.42 2.54 2.56 2.72 2.8  2.89 2.97 2.99 3.06 3.06 3.34 3.37 3.45
 3.55 3.61 3.68 3.72 3.73 3.76 3.78 3.79 3.83 3.85 3.89 3.89 3.94 4.13
 4.18 4.19 4.34 4.41 4.5  4.92 4.94 5.04 5.06 5.27 5.32 5.39 5.52 6.64
 6.86 7.17 7.59 7.62]
var: 2.536732333333334
| [0m72       [0m | [0m3.601    [0m | [0m0.1548   [0m | [0m12.71    [0m | [0m0.2021   [0m |
[0.18 0.68 0.73 0.9  0.93 0.96 1.16 1.16 1.2  1.23 1.3  1.47 1.75 2.01
 2.08 2.14 2.37 2.56 2.64 2.64 2.65 2.87 3.01 3.07 3.07 3.13 3.16 3.2
 3.23 3.25 3.3  3.33 3.34 3.42 3.58 3.7  3.76 3.8  3.82 3.83 4.11 4.11
 4.15 4.15 4.17 4.22 4.23 4.26 4.52 4.55 4.56 4.56 4.63 4.64 4.8  4.81
 4.94 4.94 5.41 6.11]
var: 1.8876582222222222
| [0m73       [0m | [0m3.141    [0m | [0m0.117    [0m | [0m8.537    [0m | [0m0.1156   [0m |
[0.54 1.09 1.35 1.37 1.38 1.56 1.7  2.01 2.1  2.15 2.27 2.29 2.35 2.44
 2.45 2.58 2.62 2.73 2.75 2.81 2.86 2.91 2.93 3.02 3.04 3.05 3.13 3.22
 3.24 3.25 3.27 3.37 3.4  3.47 3.58 3.63 3.68 3.69 3.87 3.97 4.17 4.27
 4.31 4.31 4.45 4.49 4.5  4.52 4.52 4.53 4.75 4.76 4.86 4.87 5.09 5.24
 5.25 5.26 5.27 6.09]
var: 1.4919469722222225
| [0m74       [0m | [0m3.377    [0m | [0m0.02989  [0m | [0m8.867    [0m | [0m0.08224  [0m |
[0.63 1.04 1.05 1.11 1.19 1.82 1.96 2.   2.09 2.32 2.34 2.39 2.42 2.47
 2.51 2.71 2.84 2.94 2.95 2.97 3.04 3.05 3.08 3.14 3.18 3.19 3.23 3.27
 3.3  3.31 3.32 3.39 3.58 3.59 3.61 3.64 3.79 3.8  3.8  3.84 3.99 4.25
 4.31 4.32 4.72 4.8  4.85 4.97 5.07 5.13 5.25 5.35 5.56 5.59 5.78 5.82
 5.87 6.17 6.19 7.  ]
var: 2.0570327500000003
| [0m75       [0m | [0m3.582    [0m | [0m0.239    [0m | [0m12.78    [0m | [0m0.1964   [0m |
[0.02 0.04 0.04 0.23 0.24 0.33 0.41 0.41 0.54 0.55 0.58 0.65 0.71 0.74
 0.74 0.76 0.8  0.84 0.95 0.95 0.98 1.06 1.09 1.11 1.15 1.15 1.19 1.31
 1.42 1.42 1.46 1.49 1.52 1.77 1.84 1.85 1.87 2.04 2.06 2.11 2.26 2.28
 2.38 2.38 2.41 2.47 2.57 2.73 2.74 2.74 3.11 3.46 3.57 3.59 3.64 3.65
 3.93 4.17 4.24 5.96]
var: 1.5768049999999996
| [0m76       [0m | [0m1.745    [0m | [0m0.2494   [0m | [0m40.03    [0m | [0m0.3523   [0m |
[0.14 0.17 0.22 0.37 0.4  0.42 0.53 0.54 0.58 0.75 0.76 0.81 0.93 0.94
 1.01 1.02 1.02 1.14 1.15 1.16 1.19 1.3  1.32 1.43 1.44 1.46 1.61 1.79
 1.79 1.8  1.82 1.88 1.98 2.01 2.23 2.29 2.32 2.44 2.51 2.55 2.67 2.7
 2.73 2.98 3.16 3.27 3.36 3.41 3.45 3.49 4.05 4.06 4.22 4.24 4.28 4.5
 4.88 5.3  5.31 6.16]
var: 2.1511095555555584
| [0m77       [0m | [0m2.157    [0m | [0m0.2104   [0m | [0m12.66    [0m | [0m0.3139   [0m |
[0.15 0.17 0.18 0.21 0.32 0.32 0.34 0.41 0.45 0.48 0.81 0.85 0.86 0.97
 1.05 1.1  1.13 1.27 1.34 1.41 1.41 1.45 1.48 1.63 1.68 1.7  1.71 1.71
 1.71 1.72 1.79 1.92 1.99 2.04 2.05 2.19 2.19 2.22 2.23 2.26 2.34 2.61
 2.65 2.71 2.75 2.82 2.84 2.94 2.94 2.96 3.04 3.11 3.14 3.49 3.85 5.03
 5.06 5.3  5.87 8.52]
var: 2.358620305555555
| [0m78       [0m | [0m2.081    [0m | [0m0.06127  [0m | [0m6.323    [0m | [0m1.662    [0m |
[0.06 0.16 0.18 0.18 0.18 0.21 0.22 0.23 0.25 0.26 0.27 0.29 0.29 0.34
 0.38 0.41 0.47 0.47 0.51 0.51 0.55 0.57 0.58 0.6  0.61 0.63 0.65 0.66
 0.69 0.7  0.81 0.88 0.89 0.9  0.93 0.95 0.97 1.03 1.04 1.08 1.08 1.13
 1.18 1.21 1.23 1.47 1.48 1.48 1.51 1.54 1.65 1.79 1.8  2.01 2.06 2.21
 2.65 2.78 2.97 3.04]
var: 0.5392912222222217
| [0m79       [0m | [0m0.9643   [0m | [0m0.2238   [0m | [0m31.59    [0m | [0m2.737    [0m |
[0.46 0.56 0.77 1.18 1.38 1.4  1.57 1.7  1.99 1.99 2.08 2.19 2.32 2.36
 2.38 2.39 2.41 2.43 2.48 2.55 2.58 2.59 2.59 2.63 2.72 2.8  2.82 2.82
 2.95 2.96 3.   3.08 3.08 3.2  3.26 3.33 3.39 3.43 3.47 3.48 3.6  3.69
 3.71 3.72 3.75 3.76 3.88 4.   4.12 4.17 4.31 4.34 4.44 4.73 4.81 4.99
 5.13 5.21 5.89 7.14]
var: 1.5878728888888884
| [0m80       [0m | [0m3.103    [0m | [0m0.1477   [0m | [0m12.78    [0m | [0m0.09435  [0m |
=============================================================
None
num_trials:  40  inits,  40  iters,  60  per
rho:  10
pthin:  0.80

Best VPT: 4.132666666666667
Best result: {'a': 0.036483887462592894, 'g': 8.485655880708507, 's': 0.16589808675246037}

KERNEL: nu=1.5, lengthscale=2.0, alpha=0.0005
