|   iter    |  target   |     a     |     g     |     s     |
-------------------------------------------------------------
[0.   0.   0.   0.06 0.06 0.07 0.07 0.08 0.09 0.13 0.15 0.16 0.18 0.2
 0.22 0.24 0.25 0.28 0.3  0.35 0.37 0.4  0.45 0.48 0.5  0.5  0.5  0.52
 0.52 0.52 0.57 0.57 0.6  0.6  0.6  0.61 0.62 0.63 0.66 0.67 0.68 0.69
 0.72 0.76 0.81 0.88 0.88 0.89 0.9  0.92 0.93 1.2  1.25 1.29 1.43 1.43
 1.49 1.65 1.89 1.99]
var: 0.2219245555555554
| [0m1        [0m | [0m0.6077   [0m | [0m0.1447   [0m | [0m29.51    [0m | [0m2.949    [0m |
[0.02 0.05 0.07 0.11 0.12 0.22 0.23 0.24 0.3  0.38 0.38 0.43 0.46 0.52
 0.52 0.53 0.54 0.55 0.58 0.6  0.6  0.61 0.65 0.67 0.68 0.71 0.75 0.75
 0.87 0.88 0.89 0.9  0.91 0.91 0.92 0.93 0.95 1.   1.05 1.07 1.12 1.14
 1.16 1.18 1.28 1.33 1.34 1.35 1.36 1.37 1.39 1.4  1.45 1.46 1.77 1.88
 1.92 1.97 2.08 2.64]
var: 0.30458122222222184
| [95m2        [0m | [95m0.9023   [0m | [95m0.2575   [0m | [95m36.39    [0m | [95m0.5052   [0m |
[0.02 0.04 0.06 0.08 0.09 0.09 0.1  0.14 0.14 0.15 0.17 0.18 0.18 0.18
 0.28 0.33 0.39 0.46 0.54 0.55 0.55 0.59 0.6  0.61 0.61 0.62 0.65 0.65
 0.69 0.74 0.74 0.82 0.83 0.84 0.86 0.89 0.9  0.9  0.92 0.92 0.96 1.03
 1.1  1.11 1.12 1.14 1.26 1.26 1.28 1.37 1.41 1.42 1.45 1.46 1.64 1.67
 1.95 1.96 2.17 2.77]
var: 0.3472580833333335
| [0m3        [0m | [0m0.8105   [0m | [0m0.2343   [0m | [0m32.07    [0m | [0m0.8928   [0m |
[0.03 0.1  0.15 0.21 0.25 0.29 0.36 0.36 0.37 0.39 0.4  0.42 0.44 0.52
 0.52 0.53 0.56 0.6  0.61 0.61 0.62 0.65 0.68 0.7  0.75 0.76 0.77 0.77
 0.86 0.89 0.94 1.09 1.1  1.11 1.13 1.14 1.18 1.18 1.21 1.25 1.3  1.3
 1.34 1.34 1.39 1.39 1.45 1.56 1.58 1.72 1.76 1.76 1.8  1.82 1.9  1.93
 1.94 2.06 2.24 2.44]
var: 0.3483848888888889
| [95m4        [0m | [95m1.009    [0m | [95m0.1676   [0m | [95m28.0     [0m | [95m0.5385   [0m |
[0.07 0.07 0.11 0.12 0.13 0.15 0.17 0.21 0.22 0.34 0.43 0.45 0.45 0.51
 0.55 0.57 0.62 0.63 0.68 0.69 0.71 0.73 0.77 0.77 0.79 0.8  0.84 0.84
 0.88 0.88 0.95 0.96 0.96 1.01 1.02 1.03 1.04 1.07 1.11 1.13 1.19 1.28
 1.33 1.35 1.39 1.4  1.44 1.46 1.6  1.72 1.8  1.84 1.86 1.87 1.88 1.94
 1.98 2.03 2.13 2.87]
var: 0.3812609999999999
| [0m5        [0m | [0m0.997    [0m | [0m0.08847  [0m | [0m19.47    [0m | [0m0.9288   [0m |
[0.09 0.13 0.14 0.19 0.23 0.49 0.5  0.5  0.53 0.54 0.55 0.59 0.61 0.61
 0.63 0.66 0.67 0.7  0.7  0.71 0.71 0.73 0.73 0.78 0.8  0.82 0.85 0.86
 0.87 0.87 0.9  1.04 1.15 1.16 1.17 1.19 1.21 1.24 1.29 1.29 1.3  1.31
 1.34 1.41 1.48 1.55 1.56 1.68 1.71 1.81 1.84 2.12 2.15 2.17 2.36 2.38
 2.48 2.92 2.95 3.09]
var: 0.5152895555555558
| [95m6        [0m | [95m1.151    [0m | [95m0.04855  [0m | [95m21.27    [0m | [95m1.482    [0m |
[0.   0.02 0.03 0.04 0.05 0.15 0.18 0.18 0.19 0.21 0.21 0.27 0.29 0.36
 0.38 0.42 0.48 0.49 0.55 0.58 0.59 0.6  0.62 0.66 0.67 0.68 0.69 0.74
 0.77 0.77 0.8  0.85 0.95 0.96 0.96 0.97 1.01 1.02 1.03 1.04 1.07 1.07
 1.12 1.14 1.22 1.24 1.24 1.28 1.32 1.44 1.49 1.53 1.57 1.63 1.65 1.7
 1.76 1.8  1.86 2.75]
var: 0.3236945555555554
| [0m7        [0m | [0m0.8557   [0m | [0m0.2099   [0m | [0m20.12    [0m | [0m2.51     [0m |
[0.03 0.03 0.04 0.05 0.06 0.11 0.12 0.13 0.17 0.26 0.32 0.39 0.41 0.43
 0.5  0.5  0.52 0.54 0.54 0.6  0.61 0.65 0.65 0.66 0.66 0.67 0.68 0.68
 0.72 0.75 0.75 0.79 0.79 0.83 0.83 0.87 0.92 0.94 1.07 1.08 1.13 1.14
 1.17 1.21 1.21 1.22 1.29 1.29 1.31 1.34 1.4  1.45 1.53 1.55 1.65 1.92
 2.02 2.03 2.05 2.15]
var: 0.30655497222222255
| [0m8        [0m | [0m0.8568   [0m | [0m0.2029   [0m | [0m42.61    [0m | [0m1.038    [0m |
[0.24 0.68 0.73 0.74 0.74 0.75 0.77 0.82 1.02 1.14 1.26 1.29 1.31 1.38
 1.38 1.46 1.56 1.67 1.69 1.72 1.76 1.79 1.8  1.91 1.93 1.95 1.96 2.06
 2.12 2.17 2.22 2.29 2.3  2.32 2.35 2.4  2.43 2.46 2.5  2.62 2.63 2.64
 2.76 2.76 2.77 2.81 2.82 2.86 2.93 2.94 2.99 3.08 3.11 3.15 3.16 3.41
 3.47 3.62 4.05 4.76]
var: 0.8422949722222214
| [95m9        [0m | [95m2.14     [0m | [95m0.01637  [0m | [95m38.38    [0m | [95m0.2049   [0m |
[0.03 0.05 0.09 0.14 0.23 0.31 0.31 0.34 0.36 0.37 0.39 0.43 0.46 0.49
 0.52 0.54 0.54 0.62 0.68 0.71 0.73 0.73 0.74 0.79 0.82 0.83 0.85 0.87
 0.91 0.95 0.97 0.98 1.03 1.06 1.1  1.1  1.12 1.12 1.12 1.2  1.26 1.27
 1.27 1.27 1.27 1.28 1.34 1.35 1.4  1.41 1.43 1.44 1.66 1.66 1.77 1.83
 1.87 2.11 2.2  2.73]
var: 0.3137743055555555
| [0m10       [0m | [0m0.9742   [0m | [0m0.1379   [0m | [0m10.6     [0m | [0m1.715    [0m |
[0.11 0.11 0.12 0.13 0.19 0.19 0.24 0.24 0.28 0.3  0.35 0.37 0.42 0.48
 0.48 0.52 0.54 0.61 0.64 0.67 0.7  0.75 0.75 0.75 0.77 0.78 0.79 0.79
 0.8  0.81 0.85 0.9  0.93 0.97 1.06 1.08 1.09 1.09 1.12 1.17 1.17 1.17
 1.23 1.25 1.28 1.3  1.44 1.45 1.46 1.47 1.52 1.56 1.6  2.01 2.02 2.06
 2.21 2.35 2.51 3.58]
var: 0.4548309999999999
| [0m11       [0m | [0m0.993    [0m | [0m0.02543  [0m | [0m17.5     [0m | [0m2.72     [0m |
[0.04 0.07 0.08 0.08 0.1  0.13 0.13 0.17 0.24 0.29 0.33 0.34 0.41 0.44
 0.51 0.51 0.54 0.55 0.55 0.56 0.65 0.7  0.73 0.76 0.77 0.81 0.84 0.85
 0.86 0.91 0.96 0.97 0.98 1.02 1.12 1.12 1.14 1.17 1.17 1.18 1.21 1.24
 1.24 1.29 1.29 1.37 1.42 1.44 1.59 1.7  1.74 1.88 1.91 1.97 2.03 2.03
 2.03 2.09 2.8  4.03]
var: 0.5432626666666671
| [0m12       [0m | [0m1.018    [0m | [0m0.1481   [0m | [0m6.642    [0m | [0m1.387    [0m |
[0.   0.06 0.08 0.1  0.1  0.11 0.14 0.16 0.17 0.18 0.25 0.25 0.26 0.27
 0.29 0.31 0.31 0.31 0.31 0.37 0.39 0.45 0.46 0.49 0.51 0.53 0.53 0.55
 0.56 0.59 0.59 0.64 0.65 0.69 0.72 0.78 0.78 0.8  0.88 0.89 0.9  0.94
 0.96 0.97 0.99 1.03 1.05 1.06 1.07 1.09 1.11 1.11 1.15 1.32 1.41 1.5
 1.51 1.73 2.96 3.02]
var: 0.34850163888888913
| [0m13       [0m | [0m0.7232   [0m | [0m0.1792   [0m | [0m29.98    [0m | [0m2.683    [0m |
[0.   0.   0.01 0.02 0.07 0.09 0.09 0.11 0.14 0.16 0.16 0.22 0.22 0.23
 0.26 0.28 0.29 0.29 0.31 0.32 0.35 0.36 0.37 0.37 0.4  0.45 0.45 0.47
 0.5  0.52 0.52 0.54 0.59 0.64 0.65 0.66 0.66 0.66 0.7  0.7  0.73 0.74
 0.75 0.76 0.78 0.81 0.83 0.88 0.9  0.92 0.95 0.98 1.   1.09 1.15 1.19
 1.2  1.31 1.33 1.58]
var: 0.14174163888888888
| [0m14       [0m | [0m0.5618   [0m | [0m0.1198   [0m | [0m41.84    [0m | [0m2.585    [0m |
[0.23 0.27 0.3  0.52 0.55 0.61 0.63 0.65 0.67 0.77 0.8  0.82 0.83 0.84
 0.91 1.02 1.1  1.22 1.25 1.27 1.36 1.37 1.39 1.4  1.4  1.45 1.5  1.5
 1.52 1.53 1.58 1.6  1.6  1.62 1.62 1.67 1.7  1.72 1.75 1.77 1.8  1.83
 1.86 1.96 1.96 2.04 2.07 2.12 2.22 2.25 2.26 2.34 2.51 2.56 2.67 2.7
 2.79 3.02 3.34 3.37]
var: 0.5455632222222213
| [0m15       [0m | [0m1.566    [0m | [0m0.06945  [0m | [0m45.96    [0m | [0m0.422    [0m |
[0.04 0.04 0.05 0.06 0.08 0.08 0.1  0.17 0.17 0.2  0.22 0.29 0.3  0.37
 0.42 0.44 0.48 0.57 0.61 0.64 0.66 0.68 0.69 0.69 0.69 0.7  0.71 0.73
 0.79 0.8  0.87 0.87 0.88 0.88 0.9  0.91 0.91 0.94 0.96 1.   1.01 1.05
 1.06 1.07 1.14 1.19 1.22 1.22 1.24 1.3  1.52 1.69 1.71 1.75 1.92 1.94
 2.05 2.11 2.84 3.16]
var: 0.43438322222222264
| [0m16       [0m | [0m0.8963   [0m | [0m0.2152   [0m | [0m25.03    [0m | [0m0.4984   [0m |
[0.   0.05 0.13 0.13 0.15 0.19 0.21 0.23 0.27 0.29 0.35 0.35 0.35 0.35
 0.36 0.37 0.38 0.38 0.42 0.43 0.48 0.51 0.52 0.53 0.56 0.57 0.6  0.61
 0.62 0.63 0.65 0.7  0.74 0.74 0.75 1.01 1.13 1.14 1.15 1.15 1.17 1.22
 1.31 1.35 1.41 1.42 1.43 1.49 1.56 1.57 1.6  1.6  1.81 1.87 2.06 2.1
 2.27 2.5  2.89 3.31]
var: 0.5348615555555558
| [0m17       [0m | [0m0.9353   [0m | [0m0.09088  [0m | [0m25.24    [0m | [0m0.8771   [0m |
[0.03 0.05 0.06 0.06 0.12 0.18 0.2  0.21 0.26 0.3  0.35 0.35 0.37 0.39
 0.42 0.5  0.52 0.55 0.57 0.63 0.66 0.69 0.71 0.72 0.72 0.74 0.76 0.79
 0.81 0.82 0.84 0.86 0.87 0.89 1.01 1.06 1.08 1.09 1.13 1.15 1.18 1.19
 1.19 1.23 1.25 1.28 1.28 1.28 1.3  1.32 1.38 1.52 1.62 1.76 1.79 1.79
 1.83 2.23 2.28 2.61]
var: 0.33993030555555515
| [0m18       [0m | [0m0.9138   [0m | [0m0.1185   [0m | [0m20.8     [0m | [0m1.892    [0m |
[0.   0.05 0.08 0.12 0.15 0.19 0.19 0.22 0.28 0.28 0.3  0.31 0.31 0.31
 0.37 0.41 0.46 0.53 0.62 0.66 0.7  0.71 0.73 0.73 0.76 0.77 0.78 0.78
 0.79 0.85 0.86 0.91 0.92 0.94 0.95 1.05 1.07 1.11 1.12 1.14 1.16 1.3
 1.31 1.31 1.34 1.43 1.47 1.47 1.5  1.54 1.63 1.69 1.72 1.85 1.92 1.93
 2.   2.01 2.24 2.35]
var: 0.3656648888888889
| [0m19       [0m | [0m0.9447   [0m | [0m0.01524  [0m | [0m23.86    [0m | [0m2.121    [0m |
[0.36 0.48 0.55 0.56 0.64 0.66 0.7  0.71 0.72 0.75 0.78 0.81 0.88 0.89
 0.9  0.93 0.95 0.96 1.01 1.03 1.05 1.05 1.09 1.21 1.25 1.3  1.33 1.34
 1.36 1.37 1.41 1.42 1.43 1.47 1.49 1.51 1.62 1.63 1.64 1.66 1.68 1.69
 1.77 1.85 1.87 1.88 1.92 2.01 2.01 2.04 2.06 2.15 2.23 2.25 2.58 2.61
 2.66 2.66 2.72 3.42]
var: 0.4320062222222218
| [0m20       [0m | [0m1.449    [0m | [0m0.1081   [0m | [0m35.68    [0m | [0m0.3783   [0m |
[0.54 0.63 0.66 0.69 0.76 0.81 0.82 0.86 0.98 1.03 1.05 1.07 1.07 1.13
 1.14 1.23 1.26 1.32 1.36 1.36 1.38 1.4  1.41 1.43 1.44 1.45 1.48 1.55
 1.55 1.6  1.62 1.63 1.66 1.69 1.83 1.87 1.88 1.91 1.94 2.   2.01 2.08
 2.14 2.15 2.2  2.23 2.27 2.29 2.32 2.33 2.4  2.48 2.48 2.54 2.54 2.61
 2.78 3.44 3.98 3.98]
var: 0.5555690000000001
| [0m21       [0m | [0m1.729    [0m | [0m0.02606  [0m | [0m47.69    [0m | [0m0.4123   [0m |
[0.   0.   0.02 0.02 0.03 0.06 0.08 0.12 0.12 0.21 0.25 0.29 0.31 0.31
 0.31 0.34 0.35 0.4  0.42 0.43 0.43 0.47 0.48 0.49 0.49 0.5  0.51 0.52
 0.52 0.55 0.59 0.62 0.66 0.69 0.7  0.71 0.71 0.73 0.74 0.77 0.78 0.8
 0.81 0.81 0.81 0.84 0.87 0.87 0.96 0.98 0.99 1.26 1.28 1.31 1.33 1.34
 1.46 1.66 1.79 1.92]
var: 0.2005076666666668
| [0m22       [0m | [0m0.647    [0m | [0m0.06854  [0m | [0m43.56    [0m | [0m2.378    [0m |
[0.01 0.07 0.11 0.11 0.13 0.17 0.2  0.23 0.25 0.37 0.39 0.39 0.4  0.4
 0.45 0.48 0.48 0.5  0.54 0.57 0.6  0.64 0.66 0.71 0.72 0.89 0.95 1.
 1.01 1.04 1.06 1.16 1.19 1.38 1.38 1.42 1.43 1.43 1.45 1.58 1.58 1.58
 1.58 1.7  1.71 1.87 1.87 1.93 1.98 1.99 2.08 2.13 2.17 2.27 2.32 2.47
 2.61 2.71 2.77 4.01]
var: 0.721399333333333
| [0m23       [0m | [0m1.188    [0m | [0m0.01437  [0m | [0m18.99    [0m | [0m1.356    [0m |
[0.01 0.05 0.06 0.07 0.07 0.08 0.26 0.28 0.28 0.34 0.35 0.36 0.39 0.39
 0.41 0.42 0.45 0.45 0.48 0.5  0.51 0.53 0.54 0.56 0.56 0.56 0.57 0.58
 0.59 0.59 0.6  0.6  0.62 0.63 0.68 0.69 0.74 0.75 0.76 0.77 0.79 0.82
 0.82 0.84 0.86 0.86 0.88 0.95 1.01 1.15 1.27 1.35 1.43 1.72 1.83 2.04
 2.11 2.24 2.58 3.71]
var: 0.44303830555555507
| [0m24       [0m | [0m0.7898   [0m | [0m0.2851   [0m | [0m11.26    [0m | [0m0.7304   [0m |
[0.07 0.09 0.1  0.11 0.12 0.13 0.13 0.19 0.21 0.23 0.23 0.24 0.28 0.29
 0.31 0.33 0.34 0.36 0.37 0.38 0.42 0.43 0.46 0.5  0.52 0.53 0.53 0.55
 0.56 0.56 0.57 0.65 0.65 0.68 0.68 0.7  0.71 0.71 0.73 0.73 0.75 0.75
 0.77 0.79 0.81 0.82 0.84 0.91 1.01 1.03 1.05 1.09 1.14 1.17 1.24 1.27
 1.32 1.39 1.39 1.44]
var: 0.1379428888888889
| [0m25       [0m | [0m0.6227   [0m | [0m0.2643   [0m | [0m5.483    [0m | [0m1.268    [0m |
[0.13 0.47 0.49 0.55 0.56 0.56 0.59 0.6  0.6  0.63 0.63 0.67 0.71 0.78
 0.84 0.88 0.92 0.95 0.99 1.   1.13 1.15 1.18 1.19 1.27 1.29 1.29 1.3
 1.32 1.39 1.41 1.43 1.43 1.44 1.49 1.55 1.59 1.65 1.66 1.67 1.69 1.82
 1.99 2.23 2.23 2.27 2.3  2.32 2.47 2.56 2.57 2.57 2.58 2.59 2.6  2.69
 3.04 3.27 3.32 3.41]
var: 0.671200555555555
| [0m26       [0m | [0m1.532    [0m | [0m0.2219   [0m | [0m5.64     [0m | [0m0.1741   [0m |
[0.   0.01 0.02 0.03 0.03 0.04 0.08 0.13 0.21 0.22 0.3  0.3  0.37 0.4
 0.43 0.45 0.46 0.46 0.51 0.52 0.53 0.56 0.58 0.59 0.62 0.63 0.64 0.65
 0.66 0.66 0.68 0.69 0.7  0.71 0.72 0.73 0.81 0.82 0.85 0.86 0.9  0.95
 0.97 1.   1.11 1.24 1.26 1.26 1.28 1.33 1.33 1.43 1.44 1.52 1.77 1.88
 1.91 1.94 1.99 2.72]
var: 0.3315416388888888
| [0m27       [0m | [0m0.7982   [0m | [0m0.1148   [0m | [0m32.08    [0m | [0m1.642    [0m |
[0.01 0.05 0.08 0.08 0.09 0.13 0.14 0.17 0.23 0.3  0.3  0.31 0.32 0.36
 0.36 0.44 0.44 0.46 0.48 0.51 0.51 0.53 0.53 0.54 0.56 0.58 0.59 0.63
 0.64 0.66 0.68 0.7  0.7  0.71 0.72 0.73 0.74 0.74 0.74 0.76 0.85 0.88
 0.9  0.91 0.94 0.98 1.02 1.07 1.1  1.1  1.1  1.18 1.23 1.3  1.57 1.79
 1.88 2.42 2.61 2.84]
var: 0.34372822222222243
| [0m28       [0m | [0m0.7653   [0m | [0m0.2225   [0m | [0m4.926    [0m | [0m0.4011   [0m |
[0.51 0.55 0.59 0.63 0.64 0.64 0.65 0.67 0.69 0.71 0.72 0.72 0.76 0.76
 0.77 0.87 0.88 0.89 0.95 0.95 0.97 1.01 1.06 1.13 1.13 1.15 1.15 1.19
 1.26 1.31 1.33 1.37 1.49 1.52 1.52 1.57 1.58 1.59 1.61 1.66 1.77 1.82
 1.84 1.84 1.87 1.93 2.01 2.07 2.1  2.19 2.25 2.28 2.36 2.45 2.47 2.68
 3.23 3.54 3.74 3.78]
var: 0.640471416666667
| [0m29       [0m | [0m1.49     [0m | [0m0.09866  [0m | [0m44.73    [0m | [0m0.1705   [0m |
[0.   0.02 0.05 0.06 0.1  0.11 0.14 0.16 0.21 0.34 0.36 0.38 0.42 0.47
 0.48 0.48 0.55 0.55 0.58 0.59 0.59 0.6  0.6  0.62 0.64 0.65 0.66 0.69
 0.69 0.7  0.72 0.72 0.75 0.75 0.76 0.78 0.8  0.86 0.94 0.96 0.99 1.
 1.01 1.09 1.23 1.26 1.26 1.29 1.33 1.4  1.47 1.55 1.57 1.6  1.65 1.65
 1.88 1.89 1.98 2.03]
var: 0.2783112222222218
| [0m30       [0m | [0m0.8277   [0m | [0m0.2378   [0m | [0m35.09    [0m | [0m0.8667   [0m |
[0.2  0.22 0.29 0.31 0.31 0.41 0.43 0.45 0.53 0.54 0.64 0.64 0.64 0.65
 0.66 0.67 0.67 0.67 0.68 0.68 0.7  0.71 0.71 0.72 0.79 0.81 0.87 0.92
 1.   1.01 1.08 1.12 1.15 1.16 1.2  1.22 1.23 1.23 1.31 1.31 1.34 1.37
 1.52 1.54 1.59 1.6  1.61 1.7  1.71 1.73 1.75 1.88 1.99 2.12 2.3  2.3
 2.32 2.54 2.72 2.84]
var: 0.4274116388888892
| [0m31       [0m | [0m1.15     [0m | [0m0.1408   [0m | [0m24.31    [0m | [0m0.01699  [0m |
[0.   0.   0.03 0.03 0.03 0.04 0.06 0.08 0.1  0.1  0.11 0.12 0.13 0.16
 0.17 0.17 0.18 0.18 0.19 0.21 0.21 0.24 0.32 0.33 0.36 0.45 0.46 0.52
 0.54 0.57 0.59 0.59 0.6  0.61 0.62 0.67 0.69 0.75 0.8  0.82 0.85 0.87
 0.89 0.91 0.93 0.94 1.   1.02 1.03 1.05 1.11 1.15 1.2  1.27 1.27 1.28
 1.41 1.87 2.59 2.79]
var: 0.33588455555555574
| [0m32       [0m | [0m0.6377   [0m | [0m0.08373  [0m | [0m41.85    [0m | [0m2.708    [0m |
[0.09 0.12 0.13 0.17 0.18 0.19 0.2  0.26 0.31 0.31 0.33 0.33 0.37 0.38
 0.4  0.53 0.57 0.61 0.62 0.66 0.67 0.7  0.72 0.73 0.76 0.77 0.82 0.87
 0.88 0.89 0.9  0.93 0.96 0.96 0.97 0.98 0.99 1.   1.   1.01 1.03 1.03
 1.06 1.06 1.23 1.35 1.35 1.39 1.4  1.41 1.44 1.49 1.52 1.63 1.91 1.99
 2.1  2.18 2.24 2.5 ]
var: 0.3281732222222226
| [0m33       [0m | [0m0.9263   [0m | [0m0.1212   [0m | [0m34.27    [0m | [0m1.526    [0m |
[0.74 0.74 0.76 0.78 0.78 0.81 0.9  1.09 1.22 1.24 1.26 1.3  1.3  1.32
 1.47 1.54 1.58 1.6  1.73 1.84 1.87 2.08 2.14 2.21 2.42 2.43 2.52 2.56
 2.58 2.66 2.68 2.82 2.83 2.83 2.85 2.85 2.87 2.9  3.03 3.05 3.05 3.14
 3.26 3.41 3.45 3.55 3.69 3.77 3.91 3.91 3.93 3.96 4.21 4.24 4.32 4.76
 5.11 5.2  6.47 7.26]
var: 1.9803232222222218
| [95m34       [0m | [95m2.68     [0m | [95m0.003982 [0m | [95m48.04    [0m | [95m0.08732  [0m |
[0.   0.01 0.04 0.09 0.18 0.18 0.39 0.49 0.55 0.56 0.61 0.62 0.65 0.65
 0.66 0.67 0.68 0.71 0.74 0.77 0.77 0.79 0.81 0.81 0.82 0.83 0.85 0.89
 0.9  0.91 0.92 1.   1.   1.01 1.04 1.04 1.07 1.08 1.11 1.12 1.13 1.19
 1.2  1.24 1.27 1.27 1.28 1.33 1.41 1.42 1.48 1.49 1.54 1.77 1.93 1.96
 2.03 2.04 2.18 2.29]
var: 0.2778436388888889
| [0m35       [0m | [0m0.9912   [0m | [0m0.2367   [0m | [0m15.24    [0m | [0m1.109    [0m |
[0.07 0.09 0.1  0.19 0.2  0.25 0.33 0.36 0.38 0.4  0.45 0.48 0.49 0.52
 0.52 0.57 0.57 0.57 0.6  0.65 0.67 0.69 0.7  0.72 0.73 0.73 0.74 0.74
 0.76 0.78 0.79 0.8  0.82 0.82 0.87 0.88 0.88 0.91 0.91 1.04 1.04 1.1
 1.11 1.13 1.15 1.15 1.18 1.31 1.34 1.4  1.49 1.54 1.67 1.8  1.81 1.97
 1.99 2.   2.88 2.97]
var: 0.3646166666666666
| [0m36       [0m | [0m0.93     [0m | [0m0.05157  [0m | [0m16.26    [0m | [0m2.757    [0m |
[0.   0.   0.   0.02 0.02 0.03 0.08 0.16 0.18 0.22 0.26 0.27 0.31 0.35
 0.36 0.36 0.4  0.45 0.46 0.52 0.53 0.55 0.57 0.58 0.6  0.61 0.63 0.63
 0.65 0.66 0.67 0.7  0.71 0.72 0.72 0.77 0.78 0.83 0.86 0.88 0.9  0.91
 0.91 0.99 1.   1.01 1.02 1.07 1.24 1.26 1.27 1.4  1.5  1.54 1.74 1.88
 1.89 1.89 2.66 3.36]
var: 0.4077545555555556
| [0m37       [0m | [0m0.7923   [0m | [0m0.2208   [0m | [0m49.14    [0m | [0m0.9031   [0m |
[0.04 0.12 0.24 0.24 0.32 0.34 0.43 0.47 0.48 0.48 0.5  0.51 0.54 0.54
 0.54 0.56 0.58 0.59 0.59 0.65 0.67 0.69 0.72 0.75 0.79 0.8  0.84 0.87
 0.88 0.89 0.89 0.92 0.98 1.   1.   1.04 1.06 1.14 1.15 1.28 1.33 1.48
 1.66 1.67 1.75 1.88 1.89 1.91 1.96 2.09 2.13 2.4  2.45 2.7  2.8  2.8
 3.01 3.05 3.17 3.4 ]
var: 0.742290972222223
| [0m38       [0m | [0m1.211    [0m | [0m0.005739 [0m | [0m4.691    [0m | [0m1.222    [0m |
[0.04 0.04 0.1  0.17 0.18 0.18 0.34 0.45 0.46 0.51 0.54 0.54 0.67 0.68
 0.72 0.73 0.75 0.78 0.78 0.82 0.83 0.86 0.88 0.89 0.97 0.97 1.16 1.26
 1.31 1.33 1.35 1.36 1.48 1.48 1.65 1.66 1.66 1.67 1.69 1.73 1.81 1.81
 1.85 1.89 1.89 1.95 1.98 1.98 2.07 2.24 2.26 2.34 2.48 2.57 2.68 2.74
 2.96 3.21 4.5  4.5 ]
var: 0.937947666666667
| [0m39       [0m | [0m1.423    [0m | [0m0.03905  [0m | [0m25.93    [0m | [0m0.6795   [0m |
[0.08 0.12 0.13 0.13 0.23 0.23 0.24 0.25 0.27 0.28 0.3  0.35 0.44 0.46
 0.48 0.53 0.57 0.63 0.76 0.78 0.81 0.83 0.84 0.89 0.89 0.91 0.92 0.94
 0.95 0.95 0.95 0.99 1.   1.01 1.02 1.05 1.07 1.08 1.12 1.13 1.13 1.19
 1.2  1.21 1.22 1.26 1.36 1.43 1.47 1.49 1.52 1.55 1.56 2.   2.15 2.19
 2.41 2.63 2.64 4.31]
var: 0.5495403055555556
| [0m40       [0m | [0m1.042    [0m | [0m0.09095  [0m | [0m10.35    [0m | [0m1.212    [0m |
[0.   0.   0.03 0.04 0.04 0.05 0.06 0.1  0.1  0.1  0.12 0.16 0.19 0.21
 0.23 0.27 0.31 0.34 0.35 0.35 0.41 0.47 0.5  0.52 0.54 0.54 0.56 0.6
 0.61 0.63 0.65 0.66 0.66 0.71 0.87 0.91 0.93 0.95 0.95 0.99 1.03 1.06
 1.09 1.11 1.11 1.15 1.19 1.23 1.23 1.27 1.28 1.3  1.36 1.36 1.47 1.48
 1.5  1.55 1.61 1.64]
var: 0.24678697222222226
| [0m41       [0m | [0m0.7122   [0m | [0m0.1588   [0m | [0m43.34    [0m | [0m1.421    [0m |
[0.07 0.07 0.08 0.09 0.09 0.1  0.1  0.1  0.1  0.1  0.11 0.11 0.11 0.11
 0.12 0.12 0.12 0.12 0.13 0.13 0.13 0.13 0.14 0.14 0.14 0.14 0.14 0.14
 0.14 0.15 0.15 0.15 0.15 0.16 0.16 0.17 0.17 0.17 0.18 0.18 0.19 0.19
 0.19 0.19 0.2  0.2  0.2  0.2  0.21 0.21 0.22 0.22 0.22 0.23 0.23 0.24
 0.25 0.26 0.31 0.36]
var: 0.0032880833333333403
| [0m42       [0m | [0m0.1605   [0m | [0m1e-08    [0m | [0m48.23    [0m | [0m0.001    [0m |
[0.58 0.66 0.67 0.72 0.77 0.87 0.88 0.91 1.03 1.03 1.11 1.17 1.18 1.18
 1.21 1.22 1.23 1.32 1.33 1.33 1.44 1.45 1.45 1.45 1.56 1.57 1.59 1.64
 1.65 1.7  1.8  1.87 1.9  1.94 1.98 1.99 2.   2.04 2.1  2.11 2.21 2.23
 2.33 2.33 2.4  2.44 2.45 2.48 2.49 2.53 2.54 2.64 2.73 2.91 2.98 3.2
 3.3  3.33 3.41 4.09]
var: 0.6165376388888895
| [0m43       [0m | [0m1.844    [0m | [0m0.029    [0m | [0m48.03    [0m | [0m0.1899   [0m |
[0.06 0.11 0.12 0.13 0.14 0.15 0.15 0.19 0.2  0.31 0.39 0.39 0.39 0.41
 0.41 0.46 0.52 0.55 0.61 0.63 0.64 0.65 0.66 0.66 0.69 0.74 0.75 0.76
 0.77 0.79 0.85 0.9  0.96 0.97 0.97 0.99 1.01 1.04 1.06 1.09 1.29 1.33
 1.33 1.39 1.4  1.52 1.57 1.74 1.79 1.81 1.98 1.99 1.99 2.03 2.07 2.09
 2.14 2.58 3.1  3.6 ]
var: 0.5858927500000003
| [0m44       [0m | [0m1.034    [0m | [0m0.07405  [0m | [0m5.312    [0m | [0m0.4226   [0m |
[0.69 1.   1.11 1.15 1.19 1.32 1.35 1.45 1.48 1.49 1.64 1.66 1.74 1.75
 1.88 1.92 1.97 1.98 2.06 2.18 2.19 2.19 2.19 2.22 2.23 2.23 2.27 2.31
 2.42 2.5  2.58 2.59 2.77 2.78 2.78 2.81 2.83 2.87 2.92 2.97 3.06 3.13
 3.16 3.21 3.27 3.54 3.56 3.56 3.63 3.76 4.1  4.19 4.42 4.45 4.47 4.75
 4.91 5.4  5.57 6.23]
var: 1.4529903055555562
| [95m45       [0m | [95m2.734    [0m | [95m0.002513 [0m | [95m48.06    [0m | [95m0.1561   [0m |
[0.09 0.5  0.6  0.6  0.63 0.65 0.65 0.66 0.69 0.7  0.79 0.8  0.82 1.02
 1.04 1.11 1.14 1.14 1.26 1.27 1.34 1.42 1.44 1.46 1.5  1.55 1.68 1.68
 1.75 1.77 1.81 1.84 1.86 1.86 1.87 1.92 1.92 1.96 2.04 2.1  2.11 2.21
 2.32 2.41 2.44 2.51 2.59 2.64 2.66 2.68 2.71 2.73 2.81 2.98 3.17 3.33
 3.48 3.65 3.9  4.16]
var: 0.8591110000000002
| [0m46       [0m | [0m1.807    [0m | [0m0.04005  [0m | [0m48.13    [0m | [0m0.1259   [0m |
[0.01 0.05 0.06 0.06 0.07 0.09 0.13 0.14 0.32 0.41 0.41 0.42 0.44 0.46
 0.55 0.57 0.58 0.62 0.65 0.67 0.7  0.71 0.72 0.75 0.76 0.78 0.8  0.8
 0.83 0.83 0.85 0.89 0.9  0.9  0.94 0.96 0.98 1.02 1.02 1.04 1.04 1.05
 1.06 1.07 1.09 1.2  1.23 1.24 1.24 1.25 1.27 1.44 1.49 1.51 1.61 1.85
 1.97 2.14 2.74 3.62]
var: 0.40614888888888834
| [0m47       [0m | [0m0.9167   [0m | [0m0.1394   [0m | [0m12.98    [0m | [0m1.996    [0m |
[0.04 0.06 0.17 0.19 0.23 0.26 0.3  0.37 0.38 0.43 0.45 0.48 0.52 0.54
 0.58 0.62 0.63 0.71 0.76 0.79 0.81 0.89 0.97 1.13 1.13 1.23 1.27 1.3
 1.3  1.3  1.34 1.35 1.36 1.41 1.51 1.52 1.53 1.54 1.55 1.55 1.61 1.63
 1.73 1.75 1.76 1.79 1.86 2.01 2.1  2.34 2.55 2.58 2.61 2.61 3.23 3.63
 3.69 3.77 4.01 4.25]
var: 1.05547275
| [0m48       [0m | [0m1.434    [0m | [0m0.01207  [0m | [0m18.95    [0m | [0m1.374    [0m |
[0.   0.02 0.05 0.08 0.09 0.09 0.11 0.11 0.12 0.12 0.13 0.15 0.18 0.22
 0.25 0.29 0.32 0.32 0.4  0.44 0.48 0.49 0.53 0.57 0.58 0.59 0.6  0.62
 0.63 0.66 0.68 0.72 0.73 0.74 0.75 0.79 0.81 0.83 0.85 0.86 0.92 0.93
 0.93 1.01 1.07 1.07 1.08 1.14 1.14 1.22 1.35 1.35 1.35 1.37 1.52 1.78
 1.82 1.88 1.97 1.97]
var: 0.2798669722222222
| [0m49       [0m | [0m0.7312   [0m | [0m0.2959   [0m | [0m32.45    [0m | [0m2.589    [0m |
[0.02 0.07 0.08 0.1  0.14 0.14 0.16 0.25 0.27 0.32 0.36 0.41 0.44 0.44
 0.57 0.63 0.65 0.68 0.68 0.69 0.7  0.75 0.81 0.96 0.96 1.08 1.13 1.13
 1.13 1.14 1.16 1.17 1.24 1.25 1.27 1.31 1.34 1.39 1.41 1.46 1.46 1.59
 1.65 1.81 1.84 1.88 1.9  1.94 1.97 2.   2.02 2.05 2.08 2.13 2.18 2.2
 2.32 2.48 2.57 3.54]
var: 0.5905072222222224
| [0m50       [0m | [0m1.192    [0m | [0m0.03378  [0m | [0m21.32    [0m | [0m1.487    [0m |
[0.65 0.69 0.73 0.74 0.81 0.81 0.84 1.05 1.06 1.13 1.14 1.17 1.24 1.25
 1.26 1.28 1.34 1.39 1.39 1.48 1.48 1.51 1.52 1.55 1.55 1.63 1.75 1.75
 1.8  1.81 1.83 1.88 1.91 1.97 2.01 2.04 2.05 2.12 2.15 2.15 2.17 2.2
 2.2  2.24 2.44 2.56 2.61 2.71 2.8  2.81 2.89 3.13 3.17 3.3  3.45 3.46
 3.65 4.24 5.64 5.73]
var: 1.1204416388888887
| [0m51       [0m | [0m2.022    [0m | [0m0.01421  [0m | [0m48.03    [0m | [0m0.1218   [0m |
[0.78 0.86 1.   1.   1.44 1.69 1.7  1.83 1.85 2.03 2.07 2.07 2.29 2.44
 2.55 2.56 2.66 2.71 2.75 2.78 2.82 2.82 2.84 2.94 2.96 2.97 2.97 2.98
 3.06 3.07 3.1  3.38 3.4  3.4  3.43 3.45 3.52 3.57 3.59 3.61 3.68 3.76
 3.81 3.85 3.85 3.9  3.97 4.11 4.15 4.5  4.55 4.59 4.6  4.62 4.98 4.99
 5.5  6.9  6.92 8.19]
var: 1.9725706666666667
| [95m52       [0m | [95m3.306    [0m | [95m0.0008097[0m | [95m48.03    [0m | [95m0.08091  [0m |
[0.68 0.7  0.76 0.85 0.9  0.9  1.11 1.19 1.2  1.22 1.24 1.26 1.29 1.3
 1.37 1.38 1.39 1.41 1.54 1.56 1.6  1.6  1.65 1.66 1.78 1.83 1.85 1.87
 1.91 2.08 2.12 2.2  2.21 2.3  2.37 2.4  2.42 2.45 2.45 2.48 2.64 2.84
 2.89 2.9  2.94 2.95 2.98 3.16 3.21 3.24 3.53 3.54 3.74 3.76 3.87 4.23
 4.28 4.37 4.7  6.37]
var: 1.3189776666666664
| [0m53       [0m | [0m2.277    [0m | [0m0.003994 [0m | [0m48.07    [0m | [0m0.1742   [0m |
[0.19 0.64 0.66 0.79 0.8  0.86 0.91 0.93 0.94 1.11 1.16 1.19 1.2  1.2
 1.2  1.23 1.24 1.26 1.29 1.32 1.39 1.41 1.45 1.46 1.47 1.48 1.54 1.56
 1.64 1.66 1.69 1.74 1.78 1.86 1.94 1.94 1.94 1.96 1.97 2.   2.05 2.1
 2.32 2.42 2.45 2.46 2.5  2.5  2.63 2.65 2.65 2.68 2.69 2.79 3.   3.05
 3.08 3.14 3.55 3.64]
var: 0.5918243055555553
| [0m54       [0m | [0m1.806    [0m | [0m0.05307  [0m | [0m47.96    [0m | [0m0.06491  [0m |
[ 0.77  1.14  1.21  1.22  1.27  1.31  1.39  1.44  1.6   1.62  1.69  1.76
  1.86  1.94  2.17  2.2   2.2   2.23  2.24  2.47  2.55  2.66  2.73  2.74
  2.75  2.78  2.8   2.81  2.82  2.91  2.97  3.05  3.06  3.08  3.08  3.31
  3.47  3.51  3.55  3.71  3.73  3.85  4.05  4.07  4.08  4.13  4.22  4.25
  4.39  4.42  4.62  4.62  4.72  5.12  5.48  5.54  6.7   6.8   8.49 10.35]
var: 3.100851666666667
| [0m55       [0m | [0m3.295    [0m | [0m0.001549 [0m | [0m48.16    [0m | [0m0.128    [0m |
[0.   0.   0.02 0.03 0.07 0.07 0.08 0.09 0.09 0.09 0.15 0.2  0.22 0.3
 0.38 0.38 0.45 0.49 0.54 0.56 0.56 0.58 0.61 0.64 0.64 0.65 0.66 0.67
 0.67 0.68 0.69 0.69 0.7  0.71 0.74 0.8  0.8  0.85 0.87 0.87 0.87 0.88
 0.88 0.99 1.11 1.15 1.17 1.22 1.23 1.28 1.33 1.55 1.66 1.67 1.69 1.75
 1.88 1.96 2.14 2.83]
var: 0.3574236388888885
| [0m56       [0m | [0m0.7922   [0m | [0m0.2871   [0m | [0m26.41    [0m | [0m1.941    [0m |
[0.   0.   0.08 0.09 0.09 0.1  0.22 0.25 0.25 0.26 0.38 0.43 0.45 0.5
 0.51 0.53 0.57 0.58 0.59 0.62 0.65 0.68 0.75 0.78 0.79 0.81 0.83 0.84
 0.97 0.98 1.04 1.08 1.08 1.09 1.11 1.14 1.15 1.19 1.21 1.21 1.28 1.3
 1.32 1.36 1.36 1.43 1.46 1.47 1.56 1.63 1.71 1.73 1.77 1.89 2.05 2.07
 2.07 2.27 2.59 2.75]
var: 0.42539430555555613
| [0m57       [0m | [0m1.016    [0m | [0m0.09557  [0m | [0m32.79    [0m | [0m1.323    [0m |
[0.06 0.57 0.61 0.64 0.65 0.66 0.7  0.82 0.84 0.86 0.89 0.9  0.93 0.95
 0.95 1.   1.01 1.02 1.11 1.11 1.12 1.14 1.16 1.16 1.21 1.26 1.27 1.28
 1.33 1.33 1.39 1.42 1.43 1.47 1.48 1.5  1.56 1.6  1.63 1.68 1.74 1.75
 1.78 1.82 1.85 1.92 1.93 1.94 1.95 1.99 2.11 2.16 2.21 2.23 2.35 2.71
 3.18 3.3  3.36 4.74]
var: 0.614822666666667
| [0m58       [0m | [0m1.512    [0m | [0m0.0377   [0m | [0m44.59    [0m | [0m0.4737   [0m |
[0.3  0.31 0.32 0.81 0.86 0.86 0.86 0.88 0.89 0.9  0.91 0.91 0.92 0.98
 1.08 1.16 1.18 1.28 1.28 1.3  1.31 1.31 1.35 1.36 1.38 1.39 1.41 1.42
 1.42 1.43 1.45 1.46 1.51 1.54 1.55 1.58 1.59 1.65 1.66 1.67 1.69 1.69
 1.74 1.75 1.79 1.85 1.85 1.85 1.92 2.01 2.01 2.05 2.05 2.15 2.2  2.22
 2.43 2.77 3.14 3.26]
var: 0.34685874999999944
| [0m59       [0m | [0m1.498    [0m | [0m0.04526  [0m | [0m48.05    [0m | [0m0.02833  [0m |
[0.53 0.57 0.58 0.59 0.65 0.66 0.72 0.73 0.8  0.85 0.87 0.88 0.91 0.91
 0.93 0.97 1.03 1.12 1.13 1.14 1.17 1.19 1.33 1.37 1.39 1.47 1.51 1.52
 1.53 1.54 1.59 1.61 1.65 1.65 1.68 1.88 1.89 2.04 2.09 2.22 2.31 2.41
 2.42 2.49 2.52 2.63 2.64 2.65 2.68 2.76 2.89 2.96 3.01 3.02 3.38 3.4
 3.73 3.83 3.92 4.92]
var: 1.0038012222222223
| [0m60       [0m | [0m1.824    [0m | [0m0.0465   [0m | [0m38.39    [0m | [0m0.1662   [0m |
[0.05 0.05 0.07 0.14 0.14 0.18 0.19 0.22 0.25 0.26 0.26 0.26 0.29 0.29
 0.3  0.32 0.36 0.41 0.44 0.47 0.48 0.48 0.5  0.51 0.52 0.52 0.55 0.56
 0.59 0.59 0.63 0.64 0.69 0.7  0.73 0.76 0.78 0.88 0.94 0.97 1.03 1.05
 1.06 1.16 1.22 1.23 1.24 1.24 1.25 1.25 1.3  1.36 1.39 1.47 1.52 1.71
 1.87 1.88 2.11 2.52]
var: 0.30671141666666685
| [0m61       [0m | [0m0.7805   [0m | [0m0.09352  [0m | [0m32.91    [0m | [0m2.609    [0m |
[0.   0.   0.04 0.1  0.14 0.21 0.23 0.24 0.25 0.35 0.4  0.4  0.41 0.42
 0.45 0.46 0.5  0.51 0.51 0.52 0.54 0.54 0.54 0.55 0.56 0.59 0.59 0.6
 0.64 0.67 0.68 0.69 0.69 0.7  0.73 0.74 0.75 0.75 0.79 0.79 0.83 0.83
 0.87 0.92 0.96 0.97 0.99 1.   1.09 1.19 1.28 1.29 1.33 1.36 1.36 1.38
 1.4  1.44 1.85 1.87]
var: 0.18002155555555516
| [0m62       [0m | [0m0.7247   [0m | [0m0.2849   [0m | [0m36.25    [0m | [0m1.668    [0m |
[0.01 0.03 0.04 0.04 0.05 0.18 0.19 0.2  0.22 0.23 0.24 0.26 0.27 0.28
 0.29 0.29 0.34 0.34 0.39 0.4  0.42 0.44 0.46 0.54 0.54 0.55 0.62 0.68
 0.68 0.68 0.69 0.7  0.71 0.71 0.76 0.77 0.79 0.89 0.98 1.04 1.06 1.06
 1.1  1.16 1.17 1.19 1.27 1.36 1.37 1.43 1.43 1.44 1.45 1.5  1.52 1.73
 1.8  2.13 2.7  2.72]
var: 0.38342363888888925
| [0m63       [0m | [0m0.8088   [0m | [0m0.1665   [0m | [0m16.65    [0m | [0m0.6962   [0m |
[0.44 0.53 0.56 0.57 0.62 0.63 0.7  0.7  0.88 0.9  0.91 0.94 0.94 0.96
 0.97 1.01 1.03 1.19 1.2  1.21 1.22 1.23 1.23 1.29 1.31 1.36 1.48 1.52
 1.66 1.67 1.68 1.75 1.77 1.79 1.8  1.81 1.83 1.85 1.91 1.95 1.96 2.01
 2.02 2.03 2.03 2.29 2.3  2.35 2.4  2.51 2.59 2.6  2.79 2.98 3.13 3.24
 3.28 3.52 3.89 4.16]
var: 0.7551626666666674
| [0m64       [0m | [0m1.718    [0m | [0m0.09105  [0m | [0m47.97    [0m | [0m0.06553  [0m |
[0.4  0.67 0.7  0.71 0.75 0.77 0.78 0.83 0.92 0.99 1.   1.04 1.07 1.08
 1.11 1.14 1.22 1.23 1.24 1.27 1.31 1.32 1.34 1.39 1.4  1.41 1.42 1.46
 1.53 1.54 1.56 1.57 1.61 1.65 1.66 1.77 1.78 1.84 1.85 1.88 1.93 1.94
 2.01 2.03 2.03 2.18 2.23 2.3  2.35 2.4  2.44 2.5  2.5  2.6  2.64 2.68
 2.94 3.09 3.54 4.97]
var: 0.6280983055555552
| [0m65       [0m | [0m1.692    [0m | [0m0.05148  [0m | [0m48.2     [0m | [0m0.2278   [0m |
[0.51 0.68 1.12 1.28 1.3  1.3  1.38 1.43 1.44 1.46 1.47 1.48 1.49 1.51
 1.52 1.53 1.54 1.54 1.64 1.7  1.77 1.79 1.83 1.85 1.88 1.89 1.95 1.96
 1.97 2.07 2.07 2.13 2.18 2.19 2.2  2.31 2.34 2.35 2.4  2.43 2.46 2.5
 2.55 2.66 2.67 2.68 2.86 2.88 2.92 2.96 2.98 2.99 3.01 3.02 3.04 3.1
 3.18 3.57 4.13 4.64]
var: 0.6029548888888895
| [0m66       [0m | [0m2.161    [0m | [0m0.01634  [0m | [0m47.97    [0m | [0m0.04334  [0m |
[0.04 0.14 0.16 0.18 0.18 0.19 0.19 0.23 0.25 0.27 0.29 0.32 0.32 0.33
 0.37 0.42 0.49 0.6  0.62 0.63 0.64 0.65 0.68 0.77 0.77 0.84 0.88 0.93
 0.94 0.95 0.96 0.98 1.03 1.06 1.07 1.09 1.09 1.12 1.2  1.21 1.23 1.28
 1.33 1.33 1.34 1.35 1.38 1.49 1.5  1.52 1.57 1.59 1.68 1.9  1.91 2.19
 2.28 2.31 2.73 3.34]
var: 0.46941475000000066
| [0m67       [0m | [0m1.006    [0m | [0m0.2341   [0m | [0m11.93    [0m | [0m0.4955   [0m |
[0.52 0.77 0.78 0.88 0.9  0.95 1.06 1.08 1.16 1.18 1.55 1.66 1.73 1.81
 1.83 1.97 2.03 2.1  2.12 2.13 2.13 2.13 2.18 2.19 2.2  2.24 2.29 2.35
 2.46 2.52 2.65 2.7  2.9  2.96 2.98 3.01 3.03 3.06 3.22 3.22 3.3  3.48
 3.55 3.56 3.61 3.64 3.65 3.76 3.94 4.14 4.15 4.23 4.28 4.33 4.57 4.65
 4.67 5.17 5.56 5.74]
var: 1.5953860833333324
| [0m68       [0m | [0m2.744    [0m | [0m0.001724 [0m | [0m48.02    [0m | [0m0.1432   [0m |
[0.7  0.73 0.74 0.84 0.93 0.94 1.01 1.11 1.11 1.18 1.2  1.21 1.28 1.3
 1.3  1.34 1.38 1.48 1.49 1.5  1.61 1.7  1.71 1.77 1.78 1.8  1.87 1.88
 1.88 1.89 1.92 1.92 1.92 1.98 1.98 1.99 2.04 2.06 2.11 2.2  2.21 2.23
 2.41 2.47 2.5  2.54 2.66 2.72 2.87 3.01 3.08 3.26 3.3  3.46 3.84 4.07
 4.11 4.73 5.56 5.77]
var: 1.2090932222222224
| [0m69       [0m | [0m2.126    [0m | [0m0.02681  [0m | [0m38.49    [0m | [0m0.1893   [0m |
[0.24 0.38 0.39 0.56 0.58 0.58 0.6  0.63 0.63 0.66 0.67 0.7  0.71 0.73
 0.74 0.83 0.85 0.96 0.99 0.99 1.07 1.08 1.1  1.1  1.15 1.22 1.22 1.26
 1.28 1.31 1.31 1.39 1.44 1.47 1.49 1.49 1.57 1.58 1.6  1.61 1.63 1.76
 1.8  1.81 1.85 1.85 1.87 1.92 1.93 1.95 2.04 2.06 2.06 2.09 2.11 2.13
 2.53 2.65 2.7  2.86]
var: 0.3911528888888887
| [0m70       [0m | [0m1.363    [0m | [0m0.0777   [0m | [0m47.66    [0m | [0m0.3714   [0m |
[0.02 0.02 0.05 0.06 0.06 0.08 0.14 0.18 0.21 0.22 0.23 0.24 0.41 0.42
 0.42 0.43 0.47 0.53 0.54 0.54 0.55 0.6  0.62 0.63 0.63 0.66 0.67 0.67
 0.67 0.68 0.76 0.79 0.89 0.93 0.93 0.96 1.   1.   1.04 1.04 1.1  1.21
 1.25 1.25 1.26 1.29 1.31 1.33 1.35 1.41 1.52 1.57 1.62 1.73 1.79 1.83
 1.88 1.97 2.18 2.29]
var: 0.33946697222222166
| [0m71       [0m | [0m0.8688   [0m | [0m0.2044   [0m | [0m39.92    [0m | [0m0.8831   [0m |
[0.13 0.16 0.17 0.53 0.58 0.65 0.66 0.72 0.73 0.73 0.77 0.81 0.89 0.96
 1.08 1.13 1.14 1.15 1.15 1.16 1.17 1.18 1.21 1.23 1.28 1.35 1.38 1.41
 1.41 1.5  1.54 1.54 1.59 1.68 1.72 1.8  1.85 1.89 1.94 1.95 2.02 2.03
 2.05 2.07 2.11 2.11 2.14 2.23 2.27 2.46 2.54 2.59 2.62 2.63 2.68 3.15
 3.42 3.52 3.65 3.8 ]
var: 0.735926083333333
| [0m72       [0m | [0m1.634    [0m | [0m0.07488  [0m | [0m38.47    [0m | [0m0.2847   [0m |
[0.   0.   0.03 0.03 0.04 0.1  0.1  0.13 0.18 0.19 0.21 0.23 0.23 0.27
 0.29 0.3  0.34 0.43 0.43 0.47 0.53 0.58 0.65 0.66 0.66 0.67 0.72 0.72
 0.72 0.74 0.76 0.77 0.78 0.79 0.81 0.85 0.88 0.88 0.92 0.95 0.96 0.96
 1.04 1.05 1.05 1.11 1.12 1.13 1.16 1.16 1.18 1.19 1.22 1.24 1.26 1.28
 1.37 1.38 1.39 1.55]
var: 0.18211733333333333
| [0m73       [0m | [0m0.714    [0m | [0m0.06191  [0m | [0m49.66    [0m | [0m1.994    [0m |
[0.69 0.77 0.82 0.9  1.08 1.1  1.14 1.21 1.26 1.27 1.37 1.39 1.39 1.42
 1.55 1.62 1.72 1.72 1.82 1.86 1.88 1.89 1.91 1.93 1.93 2.01 2.06 2.07
 2.1  2.1  2.15 2.24 2.24 2.25 2.25 2.3  2.34 2.51 2.53 2.59 2.6  2.67
 2.68 2.7  2.81 2.82 2.91 2.92 2.96 3.15 3.24 3.36 3.49 3.78 3.94 4.04
 4.24 4.26 5.56 5.66]
var: 1.1195747500000006
| [0m74       [0m | [0m2.32     [0m | [0m0.008452 [0m | [0m48.25    [0m | [0m0.12     [0m |
[0.   0.04 0.15 0.18 0.18 0.23 0.23 0.25 0.27 0.32 0.38 0.4  0.43 0.43
 0.5  0.52 0.54 0.54 0.58 0.6  0.61 0.61 0.63 0.64 0.69 0.69 0.69 0.71
 0.71 0.71 0.72 0.74 0.76 0.76 0.77 0.79 0.81 0.84 0.9  0.91 0.92 0.96
 0.97 1.08 1.09 1.11 1.12 1.13 1.2  1.2  1.22 1.22 1.24 1.28 1.28 1.36
 1.38 1.51 1.68 1.69]
var: 0.1604405555555555
| [0m75       [0m | [0m0.7683   [0m | [0m0.09941  [0m | [0m13.47    [0m | [0m2.718    [0m |
[0.   0.01 0.02 0.07 0.09 0.11 0.11 0.12 0.12 0.23 0.26 0.27 0.3  0.36
 0.4  0.45 0.45 0.46 0.47 0.48 0.51 0.55 0.57 0.58 0.61 0.64 0.64 0.68
 0.7  0.79 0.82 0.83 0.9  0.92 0.93 0.96 1.02 1.02 1.04 1.06 1.12 1.14
 1.17 1.19 1.22 1.25 1.3  1.31 1.33 1.35 1.36 1.41 1.42 1.75 1.9  1.95
 2.03 2.28 2.4  2.47]
var: 0.3798749999999999
| [0m76       [0m | [0m0.865    [0m | [0m0.1492   [0m | [0m9.722    [0m | [0m1.119    [0m |
[0.   0.05 0.06 0.1  0.1  0.15 0.2  0.24 0.29 0.34 0.35 0.37 0.38 0.39
 0.41 0.43 0.45 0.47 0.47 0.49 0.5  0.51 0.54 0.55 0.56 0.6  0.6  0.62
 0.63 0.64 0.65 0.68 0.7  0.71 0.71 0.72 0.72 0.74 0.78 0.79 0.81 0.84
 0.87 0.91 0.92 0.97 0.98 1.08 1.09 1.1  1.16 1.18 1.3  1.37 1.54 1.86
 2.19 2.58 2.84 3.36]
var: 0.4174073333333329
| [0m77       [0m | [0m0.794    [0m | [0m0.253    [0m | [0m37.51    [0m | [0m1.56     [0m |
[0.55 0.59 0.68 0.71 0.71 0.71 0.82 0.88 0.89 0.91 0.92 0.93 0.98 1.01
 1.05 1.09 1.09 1.21 1.21 1.25 1.27 1.29 1.29 1.37 1.38 1.46 1.54 1.6
 1.6  1.61 1.64 1.65 1.73 1.78 1.8  1.85 1.91 1.95 2.01 2.05 2.05 2.11
 2.11 2.25 2.25 2.27 2.29 2.41 2.48 2.52 2.57 2.64 2.65 2.67 2.77 2.82
 3.03 3.26 3.47 3.49]
var: 0.5741193333333329
| [0m78       [0m | [0m1.718    [0m | [0m0.0481   [0m | [0m48.17    [0m | [0m0.1904   [0m |
[0.02 0.03 0.19 0.19 0.2  0.3  0.33 0.41 0.42 0.42 0.44 0.48 0.49 0.52
 0.57 0.62 0.69 0.71 0.72 0.72 0.73 0.74 0.75 0.76 0.77 0.77 0.8  0.82
 0.83 0.84 0.84 0.85 0.87 0.9  0.9  0.94 0.96 0.99 1.   1.02 1.03 1.04
 1.04 1.09 1.12 1.15 1.17 1.2  1.22 1.24 1.25 1.26 1.32 1.4  1.44 1.44
 1.69 1.87 2.05 2.09]
var: 0.19612455555555527
| [0m79       [0m | [0m0.8777   [0m | [0m0.2304   [0m | [0m8.258    [0m | [0m1.489    [0m |
[0.19 0.33 0.34 0.48 0.57 0.58 0.6  0.7  0.72 0.73 0.85 0.87 0.91 0.93
 0.94 0.95 0.98 1.04 1.1  1.11 1.12 1.13 1.14 1.14 1.18 1.18 1.19 1.28
 1.29 1.29 1.31 1.31 1.32 1.34 1.37 1.39 1.47 1.49 1.57 1.57 1.59 1.6
 1.67 1.67 1.67 1.7  1.7  1.76 1.86 2.07 2.17 2.24 2.3  2.41 2.61 2.71
 2.73 2.78 2.88 3.29]
var: 0.4581816388888893
| [0m80       [0m | [0m1.407    [0m | [0m0.1186   [0m | [0m38.43    [0m | [0m0.2218   [0m |
=============================================================
None
num_trials:  40  inits,  40  iters,  60  per
rho:  0.1
pthin:  0.20

Best VPT: 3.3060000000000014
Best result: {'a': 0.0008097364008481051, 'g': 48.028607988372556, 's': 0.08090928955788074}

KERNEL: nu=1.5, lengthscale=2.0, alpha=0.0005
