|   iter    |  target   |     a     |     g     |     s     |
-------------------------------------------------------------
[0.01 0.06 0.08 0.09 0.11 0.13 0.14 0.15 0.28 0.31 0.32 0.47 0.49 0.49
 0.51 0.52 0.55 0.69 0.7  0.7  0.71 0.83 0.86 0.86 0.87 0.9  0.97 1.03
 1.05 1.06 1.12 1.12 1.14 1.15 1.2  1.21 1.25 1.27 1.32 1.36 1.39 1.41
 1.43 1.44 1.44 1.49 1.52 1.54 1.55 1.62 1.63 1.69 1.79 1.91 1.91 2.1
 2.2  2.27 2.89 3.09]
var: 0.46470497222222273
| [0m1        [0m | [0m1.073    [0m | [0m0.1141   [0m | [0m17.14    [0m | [0m1.08     [0m |
[0.   0.   0.05 0.13 0.19 0.22 0.25 0.27 0.29 0.31 0.31 0.32 0.32 0.34
 0.38 0.41 0.41 0.43 0.48 0.49 0.6  0.61 0.62 0.62 0.66 0.68 0.68 0.69
 0.69 0.71 0.77 0.8  0.84 0.86 0.86 0.86 0.87 0.9  0.91 0.91 0.92 0.93
 0.94 0.99 1.04 1.04 1.1  1.14 1.2  1.23 1.24 1.3  1.38 1.39 1.43 1.55
 1.77 1.98 2.58 2.58]
var: 0.29321030555555555
| [0m2        [0m | [0m0.8078   [0m | [0m0.2209   [0m | [0m44.8     [0m | [0m1.665    [0m |
[0.   0.07 0.2  0.21 0.26 0.37 0.37 0.37 0.41 0.47 0.47 0.5  0.54 0.55
 0.61 0.61 0.61 0.61 0.63 0.65 0.66 0.68 0.71 0.73 0.75 0.76 0.78 0.8
 0.81 0.86 0.89 0.91 0.93 0.95 0.97 0.99 1.   1.02 1.03 1.07 1.12 1.16
 1.17 1.18 1.2  1.26 1.34 1.35 1.44 1.61 1.61 1.61 1.7  1.71 1.72 1.88
 1.89 1.89 1.91 2.62]
var: 0.2821843333333334
| [0m3        [0m | [0m0.953    [0m | [0m0.08071  [0m | [0m48.06    [0m | [0m0.9312   [0m |
[0.02 0.05 0.08 0.09 0.13 0.13 0.14 0.22 0.29 0.34 0.39 0.39 0.4  0.42
 0.43 0.52 0.55 0.55 0.58 0.62 0.63 0.63 0.69 0.69 0.7  0.75 0.76 0.78
 0.8  0.83 0.9  0.91 0.93 0.95 0.95 0.95 1.01 1.08 1.08 1.15 1.16 1.18
 1.18 1.24 1.39 1.41 1.43 1.46 1.49 1.53 1.56 1.6  1.84 1.86 1.94 2.11
 2.38 2.46 2.75 2.75]
var: 0.4441480833333331
| [0m4        [0m | [0m0.9705   [0m | [0m0.2247   [0m | [0m16.47    [0m | [0m2.052    [0m |
[0.45 0.64 0.66 0.66 0.69 0.72 0.73 0.74 0.78 1.02 1.06 1.06 1.12 1.15
 1.16 1.23 1.25 1.25 1.25 1.27 1.3  1.31 1.32 1.35 1.37 1.38 1.42 1.44
 1.47 1.5  1.51 1.54 1.59 1.61 1.63 1.74 1.76 1.81 1.88 1.9  1.95 1.95
 1.98 1.98 1.98 2.   2.02 2.05 2.08 2.23 2.26 2.28 2.35 2.6  2.62 2.69
 2.8  3.23 3.69 5.64]
var: 0.6958938888888884
| [95m5        [0m | [95m1.668    [0m | [95m0.0767   [0m | [95m33.89    [0m | [95m0.2152   [0m |
[0.   0.   0.   0.01 0.04 0.04 0.08 0.09 0.09 0.09 0.11 0.11 0.15 0.16
 0.2  0.33 0.34 0.36 0.43 0.44 0.46 0.47 0.49 0.56 0.58 0.58 0.59 0.6
 0.64 0.64 0.65 0.65 0.66 0.66 0.66 0.69 0.7  0.7  0.73 0.75 0.76 0.77
 0.77 0.79 0.81 0.9  0.91 1.04 1.07 1.11 1.33 1.39 1.39 1.4  1.43 1.54
 1.56 1.6  1.6  1.72]
var: 0.22552433333333327
| [0m6        [0m | [0m0.657    [0m | [0m0.1556   [0m | [0m29.81    [0m | [0m2.432    [0m |
[0.01 0.06 0.1  0.16 0.19 0.22 0.23 0.26 0.26 0.3  0.32 0.33 0.35 0.35
 0.4  0.4  0.41 0.45 0.51 0.51 0.57 0.61 0.62 0.62 0.67 0.7  0.71 0.77
 0.83 0.83 0.84 0.85 0.85 0.87 0.87 0.87 0.87 0.89 0.89 0.91 0.94 1.
 1.03 1.06 1.07 1.07 1.09 1.11 1.14 1.16 1.18 1.3  1.51 1.54 1.58 1.72
 1.75 1.78 1.96 2.22]
var: 0.24454363888888878
| [0m7        [0m | [0m0.8112   [0m | [0m0.1125   [0m | [0m10.71    [0m | [0m2.224    [0m |
[0.   0.   0.   0.03 0.05 0.08 0.09 0.09 0.1  0.11 0.13 0.13 0.15 0.25
 0.25 0.27 0.29 0.3  0.32 0.35 0.37 0.41 0.44 0.45 0.48 0.52 0.52 0.54
 0.57 0.59 0.63 0.64 0.65 0.66 0.66 0.68 0.7  0.71 0.71 0.72 0.76 0.76
 0.8  0.8  0.84 0.88 0.89 0.9  1.09 1.12 1.18 1.19 1.19 1.29 1.3  1.32
 1.4  1.73 1.84 2.54]
var: 0.2522589999999998
| [0m8        [0m | [0m0.641    [0m | [0m0.1501   [0m | [0m31.15    [0m | [0m2.706    [0m |
[0.01 0.02 0.02 0.02 0.03 0.03 0.04 0.05 0.12 0.16 0.17 0.18 0.22 0.28
 0.29 0.36 0.38 0.38 0.38 0.4  0.4  0.44 0.45 0.49 0.57 0.58 0.61 0.63
 0.63 0.65 0.67 0.69 0.7  0.7  0.71 0.71 0.72 0.73 0.78 0.86 0.87 0.89
 0.9  0.99 1.   1.03 1.03 1.03 1.06 1.13 1.14 1.16 1.17 1.22 1.24 1.25
 1.4  1.69 2.14 2.71]
var: 0.27038941666666644
| [0m9        [0m | [0m0.6885   [0m | [0m0.1762   [0m | [0m44.75    [0m | [0m1.649    [0m |
[0.   0.04 0.1  0.1  0.11 0.12 0.15 0.16 0.16 0.17 0.24 0.26 0.27 0.35
 0.5  0.52 0.56 0.57 0.58 0.67 0.69 0.71 0.72 0.74 0.74 0.75 0.78 0.8
 0.84 0.86 0.88 0.88 0.89 0.9  0.9  0.98 0.98 0.99 1.01 1.02 1.11 1.12
 1.14 1.16 1.26 1.27 1.29 1.34 1.38 1.4  1.44 1.63 1.67 1.86 1.88 1.89
 1.98 2.11 2.73 3.33]
var: 0.43621266666666675
| [0m10       [0m | [0m0.928    [0m | [0m0.0537   [0m | [0m12.9     [0m | [0m2.397    [0m |
[0.15 0.54 0.54 0.54 0.64 0.68 0.77 0.82 0.95 0.97 0.97 0.99 1.   1.01
 1.05 1.09 1.11 1.11 1.12 1.14 1.14 1.15 1.16 1.17 1.18 1.19 1.24 1.25
 1.27 1.28 1.3  1.3  1.32 1.36 1.43 1.43 1.51 1.55 1.56 1.64 1.69 1.71
 1.72 1.75 1.78 1.81 1.84 1.86 1.88 1.9  1.93 1.96 1.98 2.06 2.06 2.14
 2.29 2.29 2.38 2.41]
var: 0.25431455555555593
| [0m11       [0m | [0m1.384    [0m | [0m0.2014   [0m | [0m27.62    [0m | [0m0.2011   [0m |
[0.06 0.13 0.15 0.63 0.63 0.67 0.67 0.68 0.69 0.72 0.74 0.88 0.98 0.99
 1.01 1.07 1.07 1.11 1.11 1.12 1.19 1.2  1.21 1.23 1.28 1.28 1.29 1.33
 1.33 1.37 1.38 1.38 1.39 1.46 1.48 1.69 1.8  1.87 1.91 2.01 2.06 2.14
 2.17 2.19 2.21 2.21 2.24 2.25 2.26 2.33 2.36 2.56 2.58 2.66 2.75 3.05
 3.18 3.21 3.34 3.73]
var: 0.6897947500000005
| [0m12       [0m | [0m1.595    [0m | [0m0.0408   [0m | [0m13.91    [0m | [0m0.485    [0m |
[0.   0.   0.   0.   0.01 0.01 0.03 0.05 0.07 0.1  0.13 0.16 0.3  0.31
 0.38 0.4  0.42 0.47 0.47 0.48 0.53 0.56 0.6  0.6  0.6  0.62 0.63 0.63
 0.68 0.68 0.69 0.7  0.71 0.71 0.72 0.73 0.76 0.78 0.82 0.85 0.93 0.97
 1.   1.03 1.05 1.1  1.12 1.21 1.22 1.22 1.24 1.25 1.27 1.27 1.39 1.49
 1.66 1.68 1.77 3.42]
var: 0.3378715555555557
| [0m13       [0m | [0m0.7447   [0m | [0m0.2607   [0m | [0m34.09    [0m | [0m2.273    [0m |
[0.03 0.09 0.34 0.67 0.71 0.75 0.77 0.78 0.83 0.91 1.1  1.12 1.14 1.16
 1.22 1.29 1.35 1.37 1.41 1.43 1.44 1.45 1.49 1.51 1.55 1.56 1.58 1.67
 1.72 1.78 1.8  1.82 1.84 1.9  1.9  1.91 1.95 2.02 2.03 2.05 2.28 2.31
 2.35 2.44 2.45 2.54 2.54 2.56 2.64 2.64 2.73 3.12 3.29 3.33 3.35 3.38
 3.52 4.44 4.75 5.77]
var: 1.1606869722222217
| [95m14       [0m | [95m1.931    [0m | [95m0.04545  [0m | [95m24.97    [0m | [95m0.381    [0m |
[0.02 0.05 0.08 0.08 0.13 0.15 0.15 0.26 0.26 0.27 0.31 0.46 0.46 0.47
 0.49 0.55 0.58 0.61 0.63 0.64 0.65 0.65 0.65 0.69 0.7  0.71 0.72 0.82
 0.88 0.91 0.95 0.97 0.99 1.   1.02 1.05 1.08 1.11 1.11 1.19 1.21 1.28
 1.29 1.31 1.36 1.37 1.39 1.41 1.45 1.48 1.58 1.77 1.86 2.07 2.18 2.65
 2.83 2.91 2.93 3.88]
var: 0.6295416388888891
| [0m15       [0m | [0m1.045    [0m | [0m0.1805   [0m | [0m20.9     [0m | [0m0.7074   [0m |
[0.   0.02 0.04 0.1  0.17 0.17 0.17 0.19 0.2  0.24 0.27 0.27 0.28 0.31
 0.31 0.31 0.33 0.33 0.33 0.34 0.35 0.35 0.39 0.46 0.47 0.47 0.49 0.49
 0.5  0.5  0.51 0.53 0.54 0.58 0.58 0.6  0.63 0.64 0.65 0.66 0.67 0.71
 0.77 0.78 0.8  0.8  0.81 0.84 0.84 0.85 0.89 0.93 0.95 0.95 0.97 0.99
 1.03 1.11 1.12 1.2 ]
var: 0.09055988888888895
| [0m16       [0m | [0m0.5463   [0m | [0m0.212    [0m | [0m2.327    [0m | [0m2.454    [0m |
[0.36 0.43 0.65 0.66 0.72 0.89 0.9  0.96 1.23 1.24 1.29 1.35 1.42 1.49
 1.53 1.55 1.57 1.69 1.72 1.78 1.83 1.83 1.84 1.84 1.91 2.02 2.04 2.05
 2.06 2.1  2.11 2.13 2.14 2.15 2.25 2.26 2.33 2.35 2.35 2.45 2.45 2.46
 2.48 2.55 2.57 2.61 2.64 2.7  2.7  2.89 2.92 3.01 3.03 3.08 3.36 3.56
 3.85 3.99 4.16 5.88]
var: 0.9415462222222228
| [95m17       [0m | [95m2.139    [0m | [95m0.01619  [0m | [95m24.22    [0m | [95m0.3461   [0m |
[0.01 0.02 0.08 0.08 0.12 0.13 0.19 0.2  0.2  0.21 0.22 0.23 0.24 0.28
 0.32 0.32 0.33 0.34 0.4  0.47 0.48 0.49 0.5  0.5  0.54 0.56 0.56 0.57
 0.6  0.61 0.62 0.63 0.66 0.67 0.7  0.75 0.76 0.77 0.78 0.84 0.86 0.93
 0.93 0.95 1.03 1.1  1.15 1.18 1.23 1.23 1.38 1.4  1.42 1.44 1.59 1.71
 1.95 2.09 2.43 2.69]
var: 0.3456769722222223
| [0m18       [0m | [0m0.7612   [0m | [0m0.06788  [0m | [0m39.23    [0m | [0m1.823    [0m |
[0.05 0.06 0.06 0.08 0.29 0.31 0.35 0.42 0.46 0.53 0.54 0.59 0.66 0.68
 0.69 0.71 0.72 0.82 0.99 1.02 1.04 1.09 1.1  1.12 1.14 1.15 1.25 1.25
 1.27 1.28 1.28 1.37 1.4  1.4  1.49 1.55 1.67 1.72 1.72 1.86 1.96 1.97
 2.13 2.16 2.21 2.22 2.31 2.45 2.51 2.55 2.64 2.71 2.79 3.02 3.41 3.74
 3.79 3.97 4.05 4.52]
var: 1.186106083333334
| [0m19       [0m | [0m1.572    [0m | [0m0.01613  [0m | [0m17.02    [0m | [0m0.8946   [0m |
[0.05 0.25 0.34 0.39 0.46 0.49 0.5  0.59 0.63 0.65 0.68 0.69 0.72 0.75
 0.78 0.79 0.8  0.8  0.81 0.83 0.83 0.86 0.86 0.87 0.91 0.95 0.99 1.03
 1.08 1.09 1.11 1.21 1.21 1.26 1.28 1.31 1.32 1.36 1.37 1.37 1.39 1.44
 1.64 1.69 1.69 1.78 1.83 1.88 1.92 1.94 1.96 2.01 2.05 2.08 2.39 2.4
 2.4  2.67 3.23 3.56]
var: 0.5090098888888887
| [0m20       [0m | [0m1.27     [0m | [0m0.1527   [0m | [0m48.22    [0m | [0m0.3645   [0m |
[0.   0.   0.   0.01 0.02 0.03 0.08 0.11 0.11 0.13 0.14 0.17 0.18 0.24
 0.24 0.24 0.27 0.36 0.37 0.4  0.42 0.43 0.45 0.47 0.48 0.48 0.49 0.49
 0.51 0.53 0.55 0.6  0.64 0.64 0.7  0.71 0.72 0.81 0.81 0.85 0.9  0.95
 0.98 1.02 1.04 1.04 1.08 1.1  1.12 1.28 1.3  1.39 1.53 1.55 1.65 1.67
 1.73 1.77 2.   3.16]
var: 0.3702323333333339
| [0m21       [0m | [0m0.719    [0m | [0m0.113    [0m | [0m40.03    [0m | [0m2.726    [0m |
[0.02 0.03 0.04 0.07 0.1  0.1  0.17 0.19 0.22 0.25 0.27 0.34 0.39 0.42
 0.51 0.54 0.56 0.58 0.64 0.64 0.65 0.65 0.66 0.68 0.7  0.7  0.73 0.73
 0.73 0.74 0.77 0.79 0.79 0.81 0.84 0.87 0.9  0.94 0.95 0.96 0.96 0.97
 0.97 0.99 1.04 1.06 1.07 1.13 1.14 1.17 1.22 1.25 1.28 1.32 1.32 1.47
 1.49 1.78 1.93 2.24]
var: 0.21794363888888882
| [0m22       [0m | [0m0.7912   [0m | [0m0.2993   [0m | [0m8.998    [0m | [0m2.595    [0m |
[0.04 0.08 0.09 0.1  0.14 0.15 0.16 0.2  0.21 0.23 0.29 0.49 0.53 0.56
 0.57 0.59 0.6  0.63 0.64 0.67 0.68 0.69 0.69 0.71 0.72 0.73 0.74 0.74
 0.74 0.75 0.83 0.85 0.88 0.89 0.9  0.93 0.93 0.93 0.98 1.   1.02 1.18
 1.18 1.22 1.26 1.28 1.29 1.52 1.52 1.58 1.64 1.87 1.95 1.97 2.03 2.1
 2.21 2.56 2.77 2.92]
var: 0.4594920833333334
| [0m23       [0m | [0m0.9725   [0m | [0m0.2924   [0m | [0m41.58    [0m | [0m0.3903   [0m |
[0.01 0.07 0.09 0.15 0.18 0.22 0.26 0.29 0.29 0.33 0.34 0.37 0.37 0.37
 0.4  0.4  0.43 0.43 0.44 0.47 0.49 0.52 0.53 0.56 0.56 0.57 0.57 0.58
 0.59 0.61 0.64 0.66 0.67 0.68 0.69 0.7  0.73 0.73 0.75 0.79 0.82 0.82
 0.9  0.93 0.93 0.97 0.98 0.99 1.02 1.04 1.04 1.06 1.1  1.1  1.25 1.41
 1.53 1.55 1.58 1.92]
var: 0.15865030555555604
| [0m24       [0m | [0m0.6912   [0m | [0m0.2832   [0m | [0m2.962    [0m | [0m2.221    [0m |
[0.01 0.01 0.01 0.02 0.02 0.02 0.04 0.07 0.09 0.1  0.17 0.25 0.3  0.32
 0.33 0.35 0.36 0.43 0.44 0.47 0.51 0.52 0.54 0.56 0.56 0.65 0.68 0.69
 0.72 0.72 0.75 0.78 0.85 0.88 0.89 0.94 0.95 1.03 1.05 1.08 1.1  1.13
 1.16 1.19 1.2  1.26 1.27 1.27 1.28 1.33 1.33 1.39 1.54 1.63 1.86 1.87
 1.9  2.17 2.36 2.46]
var: 0.3799156666666665
| [0m25       [0m | [0m0.831    [0m | [0m0.04326  [0m | [0m40.04    [0m | [0m1.953    [0m |
[0.   0.   0.02 0.02 0.06 0.09 0.12 0.14 0.17 0.28 0.41 0.47 0.47 0.55
 0.57 0.59 0.6  0.62 0.67 0.67 0.68 0.69 0.73 0.74 0.75 0.76 0.79 0.85
 0.87 0.87 0.91 0.95 0.98 0.99 1.02 1.06 1.09 1.09 1.11 1.14 1.15 1.15
 1.16 1.16 1.21 1.23 1.28 1.32 1.34 1.38 1.42 1.51 1.52 1.95 1.98 2.04
 2.06 2.07 2.56 3.06]
var: 0.40097788888888924
| [0m26       [0m | [0m0.9523   [0m | [0m0.08429  [0m | [0m15.87    [0m | [0m1.613    [0m |
[0.   0.01 0.04 0.04 0.07 0.11 0.14 0.14 0.18 0.27 0.28 0.36 0.37 0.39
 0.41 0.43 0.49 0.5  0.54 0.61 0.62 0.63 0.65 0.66 0.68 0.68 0.75 0.85
 0.86 0.86 0.87 0.88 0.91 0.92 0.97 0.98 1.05 1.06 1.06 1.09 1.14 1.14
 1.15 1.16 1.25 1.27 1.34 1.42 1.43 1.44 1.55 1.75 1.76 1.76 1.8  1.82
 2.2  2.45 2.65 2.8 ]
var: 0.4290516388888896
| [0m27       [0m | [0m0.9282   [0m | [0m0.1678   [0m | [0m21.71    [0m | [0m1.39     [0m |
[0.08 0.08 0.08 0.1  0.1  0.1  0.11 0.14 0.16 0.18 0.21 0.21 0.28 0.31
 0.38 0.41 0.41 0.44 0.46 0.46 0.49 0.5  0.51 0.51 0.51 0.51 0.52 0.56
 0.57 0.64 0.66 0.69 0.7  0.71 0.72 0.73 0.74 0.81 0.81 0.87 0.9  0.91
 0.94 1.04 1.07 1.08 1.14 1.14 1.18 1.2  1.25 1.29 1.29 1.36 1.37 1.76
 1.76 1.78 1.91 2.17]
var: 0.25565222222222206
| [0m28       [0m | [0m0.7333   [0m | [0m0.27     [0m | [0m24.84    [0m | [0m0.584    [0m |
[0.01 0.04 0.04 0.05 0.07 0.17 0.2  0.24 0.24 0.34 0.39 0.39 0.43 0.45
 0.5  0.53 0.53 0.55 0.61 0.62 0.64 0.64 0.67 0.68 0.7  0.7  0.71 0.73
 0.73 0.84 0.84 0.88 0.89 0.89 0.9  0.96 0.97 0.98 1.01 1.03 1.03 1.03
 1.03 1.04 1.04 1.12 1.18 1.2  1.25 1.29 1.31 1.36 1.37 1.47 1.54 1.55
 1.71 2.   2.01 2.04]
var: 0.24217955555555512
| [0m29       [0m | [0m0.8393   [0m | [0m0.2991   [0m | [0m24.02    [0m | [0m2.686    [0m |
[0.03 0.05 0.18 0.25 0.35 0.37 0.43 0.46 0.46 0.48 0.54 0.57 0.6  0.68
 0.69 0.76 0.8  0.8  0.82 0.83 0.9  0.91 0.92 0.96 0.97 1.1  1.11 1.12
 1.16 1.18 1.2  1.21 1.24 1.27 1.28 1.28 1.32 1.34 1.34 1.4  1.4  1.44
 1.47 1.58 1.58 1.62 1.66 1.66 1.67 1.72 1.78 1.79 1.86 1.89 1.89 1.91
 1.93 2.1  2.41 2.73]
var: 0.3406454166666669
| [0m30       [0m | [0m1.158    [0m | [0m0.03931  [0m | [0m14.01    [0m | [0m1.14     [0m |
[0.61 0.62 0.66 0.76 0.95 1.   1.05 1.1  1.13 1.16 1.18 1.2  1.22 1.25
 1.28 1.28 1.28 1.29 1.29 1.31 1.33 1.38 1.45 1.46 1.49 1.55 1.56 1.56
 1.57 1.58 1.61 1.62 1.64 1.71 1.71 1.72 1.72 1.73 1.77 1.79 1.81 1.88
 1.89 1.91 1.97 1.98 2.28 2.42 2.52 2.59 2.61 2.61 2.64 2.83 3.07 3.09
 3.27 3.31 4.83 5.81]
var: 0.840788305555556
| [0m31       [0m | [0m1.815    [0m | [0m0.1593   [0m | [0m23.7     [0m | [0m0.1092   [0m |
[0.03 0.07 0.12 0.24 0.27 0.36 0.4  0.44 0.48 0.48 0.5  0.57 0.58 0.61
 0.63 0.64 0.65 0.67 0.69 0.7  0.73 0.73 0.74 0.75 0.77 0.78 0.79 0.79
 0.79 0.81 0.81 0.82 0.85 0.87 0.87 0.89 0.9  0.93 1.02 1.04 1.04 1.1
 1.12 1.12 1.14 1.19 1.21 1.26 1.3  1.33 1.36 1.41 1.53 1.57 1.72 1.77
 1.96 2.3  2.81 2.9 ]
var: 0.3204276388888891
| [0m32       [0m | [0m0.9492   [0m | [0m0.1376   [0m | [0m23.98    [0m | [0m1.621    [0m |
[0.   0.   0.03 0.04 0.07 0.07 0.09 0.1  0.1  0.12 0.14 0.17 0.17 0.17
 0.21 0.24 0.31 0.36 0.37 0.4  0.42 0.44 0.5  0.51 0.54 0.57 0.58 0.58
 0.58 0.58 0.6  0.61 0.64 0.64 0.67 0.67 0.68 0.69 0.7  0.71 0.72 0.75
 0.77 0.79 0.81 0.87 0.94 0.96 0.97 1.03 1.03 1.11 1.27 1.27 1.28 1.34
 1.36 1.64 1.68 1.7 ]
var: 0.19114622222222236
| [0m33       [0m | [0m0.6227   [0m | [0m0.1316   [0m | [0m48.94    [0m | [0m2.231    [0m |
[0.   0.01 0.03 0.09 0.09 0.09 0.14 0.14 0.15 0.22 0.23 0.23 0.24 0.25
 0.28 0.38 0.43 0.43 0.44 0.45 0.45 0.46 0.48 0.54 0.56 0.57 0.59 0.61
 0.64 0.64 0.69 0.72 0.73 0.74 0.79 0.8  0.81 0.83 0.87 0.91 0.99 1.01
 1.05 1.06 1.08 1.1  1.12 1.13 1.17 1.19 1.21 1.28 1.33 1.34 1.34 1.36
 1.48 1.59 1.87 2.22]
var: 0.238726972222222
| [0m34       [0m | [0m0.7278   [0m | [0m0.1991   [0m | [0m31.57    [0m | [0m2.109    [0m |
[0.03 0.07 0.1  0.11 0.12 0.19 0.19 0.2  0.27 0.29 0.31 0.37 0.37 0.4
 0.4  0.47 0.49 0.57 0.59 0.6  0.6  0.69 0.75 0.77 0.77 0.79 0.86 0.88
 0.95 0.96 0.98 1.   1.01 1.05 1.05 1.08 1.11 1.28 1.3  1.35 1.45 1.45
 1.48 1.5  1.66 1.72 1.74 1.74 1.76 1.77 1.8  1.86 1.9  1.98 2.02 2.27
 2.45 2.48 3.04 3.05]
var: 0.5544383055555567
| [0m35       [0m | [0m1.075    [0m | [0m0.1013   [0m | [0m45.57    [0m | [0m0.5369   [0m |
[0.   0.06 0.06 0.1  0.1  0.19 0.19 0.29 0.31 0.38 0.42 0.47 0.47 0.47
 0.63 0.64 0.65 0.65 0.66 0.67 0.71 0.74 0.75 0.76 0.78 0.78 0.79 0.81
 0.81 0.83 0.86 0.87 0.89 0.89 0.9  1.02 1.15 1.19 1.19 1.32 1.38 1.41
 1.41 1.42 1.51 1.51 1.53 1.56 1.58 1.74 1.74 1.8  1.96 1.97 2.01 2.01
 2.15 2.43 2.51 2.89]
var: 0.444366972222222
| [0m36       [0m | [0m1.033    [0m | [0m0.1094   [0m | [0m36.96    [0m | [0m0.9048   [0m |
[0.07 0.08 0.1  0.11 0.2  0.27 0.28 0.31 0.32 0.33 0.36 0.41 0.43 0.44
 0.5  0.53 0.56 0.58 0.59 0.59 0.61 0.65 0.66 0.66 0.68 0.71 0.71 0.73
 0.73 0.74 0.76 0.81 0.83 0.83 0.85 0.86 0.88 0.93 0.95 0.96 0.99 0.99
 1.02 1.05 1.18 1.21 1.31 1.37 1.38 1.48 1.53 1.62 1.64 1.66 1.7  1.71
 1.74 1.76 1.87 2.54]
var: 0.2773754166666666
| [0m37       [0m | [0m0.8725   [0m | [0m0.0722   [0m | [0m6.418    [0m | [0m2.164    [0m |
[0.   0.   0.   0.   0.02 0.04 0.06 0.07 0.1  0.21 0.23 0.24 0.28 0.32
 0.33 0.33 0.33 0.33 0.37 0.39 0.4  0.44 0.46 0.46 0.53 0.53 0.53 0.55
 0.56 0.56 0.57 0.59 0.62 0.65 0.65 0.66 0.68 0.7  0.71 0.71 0.72 0.73
 0.77 0.78 0.79 0.81 0.88 0.92 0.92 0.93 0.95 1.   1.02 1.1  1.11 1.19
 1.31 1.37 1.43 1.77]
var: 0.151861638888889
| [0m38       [0m | [0m0.5952   [0m | [0m0.1865   [0m | [0m42.87    [0m | [0m2.739    [0m |
[0.   0.05 0.05 0.08 0.12 0.12 0.17 0.18 0.18 0.2  0.21 0.28 0.3  0.3
 0.32 0.33 0.45 0.46 0.47 0.62 0.64 0.65 0.66 0.68 0.76 0.78 0.79 0.82
 0.84 0.84 0.86 0.9  0.98 0.99 1.06 1.06 1.07 1.07 1.09 1.11 1.12 1.18
 1.18 1.21 1.21 1.22 1.23 1.33 1.34 1.51 1.57 1.69 1.7  1.73 1.8  1.83
 1.9  1.99 3.41 5.01]
var: 0.669907222222222
| [0m39       [0m | [0m0.9617   [0m | [0m0.2008   [0m | [0m23.89    [0m | [0m0.6974   [0m |
[0.01 0.02 0.04 0.05 0.07 0.07 0.07 0.09 0.1  0.1  0.17 0.23 0.35 0.35
 0.37 0.38 0.4  0.41 0.41 0.43 0.44 0.45 0.47 0.5  0.51 0.53 0.55 0.56
 0.61 0.62 0.65 0.66 0.67 0.69 0.69 0.74 0.78 0.84 0.86 0.92 0.93 1.
 1.04 1.05 1.05 1.06 1.07 1.09 1.1  1.14 1.16 1.21 1.22 1.27 1.4  1.43
 1.83 1.87 1.89 1.92]
var: 0.2455016388888887
| [0m40       [0m | [0m0.7098   [0m | [0m0.2683   [0m | [0m40.69    [0m | [0m1.008    [0m |
[0.12 0.51 0.73 0.85 0.86 0.87 0.91 0.94 0.95 0.96 1.04 1.04 1.05 1.11
 1.17 1.18 1.23 1.23 1.25 1.27 1.31 1.35 1.36 1.36 1.39 1.44 1.45 1.48
 1.49 1.51 1.57 1.59 1.62 1.62 1.73 1.73 1.75 1.9  1.9  1.97 1.97 2.05
 2.05 2.21 2.28 2.43 2.58 2.59 2.61 2.69 2.74 2.75 2.78 3.12 3.43 3.47
 3.78 4.03 4.24 5.81]
var: 1.0266966666666668
| [0m41       [0m | [0m1.84     [0m | [0m0.04999  [0m | [0m24.26    [0m | [0m0.4532   [0m |
[0.   0.06 0.07 0.1  0.17 0.25 0.27 0.28 0.29 0.31 0.31 0.32 0.33 0.39
 0.4  0.4  0.4  0.55 0.56 0.62 0.65 0.66 0.74 0.75 0.75 0.75 0.76 0.77
 0.77 0.81 0.83 0.83 0.84 0.89 0.92 0.97 1.02 1.03 1.08 1.11 1.13 1.13
 1.13 1.16 1.18 1.23 1.28 1.36 1.37 1.38 1.38 1.42 1.43 1.52 1.58 1.68
 1.97 1.98 1.99 6.02]
var: 0.6853303055555562
| [0m42       [0m | [0m0.9388   [0m | [0m0.1583   [0m | [0m13.7     [0m | [0m2.614    [0m |
[0.07 0.17 0.25 0.36 0.37 0.41 0.42 0.43 0.46 0.48 0.5  0.52 0.56 0.61
 0.64 0.66 0.66 0.67 0.67 0.68 0.71 0.73 0.76 0.78 0.87 0.9  0.92 0.97
 0.98 1.05 1.09 1.11 1.19 1.27 1.39 1.44 1.45 1.45 1.46 1.49 1.5  1.53
 1.56 1.61 1.64 1.7  1.77 1.8  1.91 1.93 2.   2.17 2.19 2.2  2.56 2.57
 2.79 3.24 3.29 4.09]
var: 0.695507638888889
| [0m43       [0m | [0m1.261    [0m | [0m0.13     [0m | [0m15.99    [0m | [0m0.5494   [0m |
[0.28 0.53 0.54 0.57 0.63 0.67 0.74 0.76 0.79 0.89 1.02 1.04 1.05 1.16
 1.2  1.2  1.21 1.21 1.22 1.22 1.23 1.29 1.29 1.29 1.3  1.32 1.38 1.39
 1.49 1.49 1.51 1.51 1.52 1.53 1.55 1.58 1.64 1.64 1.67 1.75 1.78 1.83
 1.86 1.95 2.11 2.11 2.12 2.26 2.3  2.48 2.65 2.67 2.77 2.89 3.29 3.34
 3.45 3.61 3.65 3.9 ]
var: 0.7147926666666664
| [0m44       [0m | [0m1.672    [0m | [0m0.1511   [0m | [0m24.2     [0m | [0m0.2494   [0m |
[0.   0.   0.01 0.02 0.03 0.03 0.04 0.05 0.08 0.08 0.09 0.09 0.12 0.13
 0.14 0.17 0.2  0.22 0.23 0.26 0.35 0.37 0.38 0.4  0.42 0.44 0.44 0.45
 0.46 0.48 0.53 0.56 0.56 0.56 0.57 0.59 0.65 0.68 0.69 0.71 0.71 0.84
 0.92 0.98 1.03 1.06 1.08 1.16 1.23 1.26 1.45 1.92 1.94 1.97 2.05 2.15
 2.65 2.76 3.52 3.65]
var: 0.7178749722222219
| [0m45       [0m | [0m0.7768   [0m | [0m1e-08    [0m | [0m24.09    [0m | [0m0.3485   [0m |
[0.   0.01 0.01 0.03 0.03 0.03 0.04 0.05 0.08 0.08 0.23 0.23 0.25 0.29
 0.3  0.31 0.33 0.34 0.38 0.39 0.4  0.41 0.43 0.48 0.51 0.53 0.53 0.54
 0.54 0.55 0.56 0.57 0.58 0.62 0.68 0.68 0.7  0.73 0.75 0.77 0.78 0.78
 0.81 0.81 0.82 0.86 0.91 0.97 1.02 1.02 1.05 1.07 1.1  1.21 1.23 1.37
 1.43 1.43 1.83 2.06]
var: 0.20336808333333337
| [0m46       [0m | [0m0.6255   [0m | [0m0.004422 [0m | [0m44.12    [0m | [0m2.872    [0m |
[0.62 0.78 0.79 0.86 0.88 0.98 1.07 1.19 1.21 1.27 1.41 1.42 1.59 1.59
 1.59 1.68 1.69 1.7  1.71 1.72 1.74 1.75 1.76 1.77 1.87 1.94 1.97 1.99
 2.01 2.06 2.08 2.1  2.21 2.21 2.21 2.21 2.24 2.35 2.41 2.48 2.5  2.51
 2.56 2.57 2.74 2.76 2.77 2.79 2.82 2.86 2.89 2.92 3.27 3.32 3.67 3.69
 3.81 4.88 5.79 6.06]
var: 1.1393783055555557
| [95m47       [0m | [95m2.238    [0m | [95m0.01593  [0m | [95m24.21    [0m | [95m0.2446   [0m |
[0.14 0.57 0.61 0.62 0.63 0.64 0.67 0.69 0.72 0.73 0.73 0.73 0.9  0.93
 1.03 1.04 1.06 1.26 1.34 1.35 1.36 1.36 1.36 1.38 1.39 1.45 1.55 1.59
 1.63 1.65 1.66 1.68 1.71 1.83 1.85 1.85 1.85 1.92 1.94 1.96 2.02 2.1
 2.11 2.14 2.34 2.39 2.43 2.45 2.49 2.56 2.58 2.65 2.65 2.79 2.81 2.85
 3.08 3.4  4.19 4.25]
var: 0.7637228888888882
| [0m48       [0m | [0m1.727    [0m | [0m0.0891   [0m | [0m24.26    [0m | [0m0.3378   [0m |
[0.17 0.67 0.79 0.8  0.89 0.92 0.94 0.96 1.06 1.06 1.17 1.17 1.32 1.36
 1.43 1.5  1.54 1.54 1.54 1.61 1.62 1.66 1.78 1.85 1.89 1.94 1.95 1.95
 1.96 2.02 2.05 2.15 2.25 2.27 2.34 2.44 2.48 2.48 2.5  2.5  2.54 2.56
 2.57 2.6  2.65 2.67 2.68 2.74 2.74 2.81 2.88 2.92 2.94 2.99 2.99 3.06
 3.29 3.46 3.48 3.5 ]
var: 0.6312683055555557
| [0m49       [0m | [0m2.043    [0m | [0m0.02169  [0m | [0m24.36    [0m | [0m0.4252   [0m |
[0.26 0.51 0.53 0.53 0.55 0.56 0.57 0.61 0.62 0.64 0.65 0.66 0.66 0.69
 0.7  0.7  0.79 0.81 0.84 0.84 0.88 0.9  0.9  0.9  0.93 0.93 0.95 0.98
 0.99 1.   1.   1.01 1.04 1.04 1.12 1.13 1.14 1.16 1.18 1.19 1.21 1.21
 1.22 1.23 1.25 1.31 1.31 1.38 1.4  1.51 1.54 1.72 1.83 1.9  1.9  1.92
 1.93 2.42 2.58 3.15]
var: 0.2893083055555551
| [0m50       [0m | [0m1.117    [0m | [0m0.2701   [0m | [0m7.386    [0m | [0m0.04071  [0m |
[0.   0.01 0.01 0.05 0.05 0.07 0.1  0.12 0.13 0.14 0.15 0.22 0.22 0.25
 0.27 0.27 0.31 0.31 0.33 0.34 0.34 0.35 0.39 0.39 0.42 0.44 0.5  0.56
 0.59 0.6  0.6  0.65 0.66 0.67 0.68 0.69 0.74 0.77 0.78 0.94 0.97 1.09
 1.13 1.16 1.23 1.26 1.28 1.35 1.38 1.43 1.52 1.54 1.6  1.6  1.6  1.64
 1.81 1.92 1.96 2.86]
var: 0.3853595555555557
| [0m51       [0m | [0m0.7573   [0m | [0m0.1841   [0m | [0m45.04    [0m | [0m0.8687   [0m |
[0.07 0.08 0.15 0.16 0.22 0.22 0.29 0.3  0.3  0.33 0.34 0.34 0.34 0.35
 0.36 0.43 0.45 0.46 0.46 0.47 0.49 0.56 0.57 0.58 0.62 0.63 0.63 0.67
 0.69 0.7  0.75 0.76 0.78 0.79 0.79 0.79 0.81 0.83 0.85 0.88 0.9  0.92
 0.93 1.01 1.01 1.06 1.09 1.1  1.18 1.18 1.19 1.22 1.23 1.24 1.26 1.41
 1.43 1.58 1.63 1.67]
var: 0.16279363888888884
| [0m52       [0m | [0m0.7422   [0m | [0m0.1509   [0m | [0m3.558    [0m | [0m2.055    [0m |
[0.01 0.01 0.06 0.1  0.15 0.3  0.31 0.35 0.35 0.36 0.39 0.42 0.43 0.45
 0.47 0.53 0.61 0.65 0.67 0.71 0.74 0.77 0.77 0.78 0.82 0.89 0.9  0.93
 0.99 1.04 1.11 1.13 1.14 1.16 1.24 1.25 1.27 1.34 1.35 1.36 1.42 1.47
 1.56 1.63 1.64 1.68 1.78 1.9  1.94 2.09 2.15 2.23 2.24 2.35 2.38 2.56
 2.63 2.75 2.91 3.  ]
var: 0.6218543333333337
| [0m53       [0m | [0m1.177    [0m | [0m0.02967  [0m | [0m35.87    [0m | [0m0.8324   [0m |
[0.34 0.44 0.48 0.5  0.56 0.62 0.66 0.71 0.71 0.72 0.74 0.75 0.75 0.75
 0.78 0.79 0.79 0.8  0.81 0.83 0.85 0.89 0.96 0.97 1.02 1.09 1.13 1.13
 1.18 1.19 1.2  1.2  1.21 1.21 1.25 1.25 1.29 1.33 1.35 1.38 1.39 1.4
 1.41 1.47 1.5  1.55 1.57 1.71 1.73 1.74 1.88 1.88 1.88 1.96 2.43 2.74
 2.76 2.92 3.12 3.51]
var: 0.45864399999999966
| [0m54       [0m | [0m1.286    [0m | [0m0.2417   [0m | [0m34.58    [0m | [0m0.306    [0m |
[0.   0.06 0.11 0.14 0.16 0.22 0.27 0.32 0.36 0.38 0.44 0.55 0.58 0.64
 0.68 0.69 0.69 0.71 0.72 0.74 0.83 0.83 0.85 0.91 0.91 0.98 1.11 1.15
 1.19 1.24 1.31 1.37 1.4  1.4  1.45 1.47 1.53 1.57 1.61 1.61 1.7  1.71
 1.71 1.93 1.98 1.98 2.02 2.03 2.05 2.3  2.32 2.35 2.47 2.52 2.53 2.71
 2.76 2.76 4.47 4.69]
var: 0.9426047499999997
| [0m55       [0m | [0m1.37     [0m | [0m0.03004  [0m | [0m14.96    [0m | [0m0.6497   [0m |
[0.44 0.58 0.6  0.63 0.65 0.65 0.76 0.76 0.77 0.83 0.87 0.89 0.96 1.06
 1.21 1.26 1.27 1.27 1.28 1.29 1.35 1.38 1.38 1.45 1.47 1.52 1.53 1.56
 1.58 1.61 1.64 1.7  1.72 1.72 1.74 1.87 1.89 1.95 2.03 2.14 2.19 2.29
 2.37 2.41 2.41 2.43 2.44 2.5  2.58 2.64 2.69 2.77 2.96 3.01 3.05 3.13
 3.16 3.24 3.29 3.65]
var: 0.6740647500000004
| [0m56       [0m | [0m1.775    [0m | [0m0.07401  [0m | [0m24.27    [0m | [0m0.1153   [0m |
[0.5  0.56 0.71 0.8  0.86 0.87 0.91 0.96 0.97 0.98 0.99 1.02 1.09 1.12
 1.17 1.17 1.24 1.25 1.32 1.36 1.37 1.38 1.39 1.46 1.52 1.58 1.59 1.6
 1.6  1.63 1.67 1.75 1.82 1.82 1.84 1.86 1.96 1.98 2.02 2.06 2.15 2.17
 2.17 2.18 2.19 2.28 2.3  2.31 2.63 2.64 2.67 2.88 2.93 2.98 3.2  3.25
 3.37 3.41 3.61 4.  ]
var: 0.6641536388888888
| [0m57       [0m | [0m1.818    [0m | [0m0.06569  [0m | [0m24.36    [0m | [0m0.2928   [0m |
[0.37 0.46 0.56 0.59 0.63 0.68 0.69 0.71 0.88 0.93 1.01 1.02 1.04 1.11
 1.15 1.19 1.21 1.22 1.31 1.32 1.35 1.38 1.39 1.43 1.43 1.48 1.51 1.51
 1.67 1.75 1.77 1.78 1.8  1.8  1.85 1.85 1.89 1.91 1.94 2.04 2.08 2.16
 2.18 2.19 2.21 2.34 2.42 2.56 2.59 2.6  2.64 2.64 2.67 2.79 3.07 3.08
 3.13 3.29 3.6  3.76]
var: 0.6584083055555556
| [0m58       [0m | [0m1.76     [0m | [0m0.2752   [0m | [0m19.87    [0m | [0m0.0814   [0m |
[0.02 0.03 0.05 0.1  0.11 0.21 0.21 0.24 0.26 0.26 0.27 0.29 0.29 0.33
 0.38 0.4  0.42 0.43 0.44 0.45 0.46 0.51 0.54 0.56 0.58 0.64 0.66 0.69
 0.69 0.73 0.74 0.78 0.78 0.79 0.79 0.81 0.82 0.88 0.88 0.89 0.9  0.92
 0.95 1.02 1.06 1.09 1.18 1.19 1.21 1.21 1.25 1.35 1.35 1.39 1.45 1.5
 1.55 1.82 3.06 3.84]
var: 0.4263338888888895
| [0m59       [0m | [0m0.8117   [0m | [0m0.2239   [0m | [0m36.42    [0m | [0m1.033    [0m |
[0.17 0.19 0.25 0.44 0.51 0.66 0.71 0.73 0.76 0.76 0.77 0.79 0.86 0.93
 0.93 0.99 1.04 1.04 1.06 1.09 1.11 1.16 1.22 1.31 1.38 1.39 1.4  1.42
 1.5  1.53 1.57 1.57 1.61 1.61 1.62 1.66 1.67 1.68 1.8  1.82 1.87 1.87
 1.89 1.91 1.95 2.05 2.13 2.19 2.23 2.44 2.85 2.88 2.9  2.9  2.94 3.57
 3.64 4.52 4.61 4.67]
var: 1.0493948888888893
| [0m60       [0m | [0m1.679    [0m | [0m0.04651  [0m | [0m8.677    [0m | [0m0.3885   [0m |
[0.09 0.18 0.3  0.45 0.46 0.68 0.95 1.1  1.13 1.17 1.22 1.33 1.41 1.42
 1.48 1.49 1.53 1.54 1.57 1.7  1.77 1.85 1.98 2.03 2.03 2.14 2.18 2.24
 2.33 2.34 2.44 2.46 2.49 2.52 2.52 2.53 2.56 2.79 2.85 2.85 3.1  3.22
 3.23 3.23 3.28 3.3  3.32 3.33 3.34 3.49 3.58 3.59 3.69 3.69 4.07 4.4
 4.63 4.83 5.28 5.31]
var: 1.5226649722222212
| [95m61       [0m | [95m2.4      [0m | [95m0.006562 [0m | [95m24.34    [0m | [95m0.5291   [0m |
[0.04 0.05 0.1  0.13 0.14 0.2  0.2  0.24 0.29 0.3  0.34 0.35 0.35 0.4
 0.44 0.48 0.48 0.48 0.49 0.49 0.51 0.52 0.52 0.58 0.58 0.59 0.62 0.65
 0.66 0.74 0.76 0.77 0.81 0.82 0.82 0.84 0.87 0.9  0.92 1.   1.06 1.06
 1.16 1.21 1.22 1.26 1.26 1.27 1.29 1.33 1.4  1.45 1.51 1.61 1.67 1.77
 1.8  2.07 2.09 2.41]
var: 0.3031414166666666
| [0m62       [0m | [0m0.8395   [0m | [0m0.1628   [0m | [0m24.38    [0m | [0m0.6111   [0m |
[0.01 0.3  0.47 0.57 0.57 0.6  0.64 0.67 0.7  0.71 0.73 0.74 0.78 0.82
 0.9  0.95 0.98 1.04 1.09 1.2  1.23 1.23 1.3  1.34 1.37 1.41 1.43 1.45
 1.45 1.46 1.48 1.5  1.64 1.65 1.66 1.78 1.79 1.85 1.96 1.96 2.06 2.07
 2.08 2.1  2.12 2.12 2.21 2.31 2.36 2.54 2.54 2.57 2.82 2.86 2.93 3.04
 3.3  3.61 3.84 3.89]
var: 0.790776555555555
| [0m63       [0m | [0m1.646    [0m | [0m0.0344   [0m | [0m24.49    [0m | [0m0.4943   [0m |
[0.6  0.6  0.8  0.89 0.98 1.   1.04 1.08 1.1  1.16 1.19 1.25 1.28 1.3
 1.36 1.37 1.38 1.4  1.48 1.48 1.49 1.52 1.58 1.69 1.71 1.73 1.73 1.77
 1.77 1.83 1.87 1.89 1.91 1.94 1.94 1.96 2.07 2.08 2.09 2.19 2.2  2.29
 2.32 2.33 2.34 2.41 2.6  2.64 2.67 2.73 2.74 2.78 2.84 3.1  3.17 3.49
 3.52 4.8  4.92 5.1 ]
var: 0.9129616388888896
| [0m64       [0m | [0m2.008    [0m | [0m0.04756  [0m | [0m25.03    [0m | [0m0.2859   [0m |
[0.   0.01 0.01 0.02 0.02 0.02 0.03 0.04 0.04 0.06 0.06 0.06 0.07 0.09
 0.17 0.17 0.2  0.22 0.25 0.26 0.26 0.33 0.38 0.4  0.41 0.41 0.43 0.45
 0.46 0.46 0.54 0.6  0.62 0.63 0.64 0.72 0.75 0.83 0.85 0.87 0.92 0.93
 1.   1.09 1.1  1.1  1.2  1.26 1.44 1.48 1.54 1.55 1.64 1.65 1.79 1.9
 1.91 2.13 2.29 3.26]
var: 0.48994988888888863
| [0m65       [0m | [0m0.7337   [0m | [0m1e-08    [0m | [0m25.09    [0m | [0m0.3745   [0m |
[0.05 0.06 0.08 0.09 0.14 0.17 0.18 0.19 0.23 0.24 0.27 0.28 0.28 0.29
 0.29 0.31 0.32 0.34 0.34 0.35 0.47 0.56 0.57 0.58 0.61 0.62 0.66 0.66
 0.68 0.69 0.76 0.77 0.77 0.78 0.8  0.82 0.83 0.85 0.85 0.87 0.89 0.9
 0.95 0.97 0.99 1.01 1.07 1.09 1.2  1.23 1.35 1.56 1.61 1.77 1.78 2.03
 2.1  2.34 2.4  2.68]
var: 0.3827798888888888
| [0m66       [0m | [0m0.8103   [0m | [0m0.2179   [0m | [0m19.29    [0m | [0m2.791    [0m |
[0.02 0.03 0.08 0.08 0.09 0.12 0.14 0.17 0.2  0.26 0.28 0.33 0.33 0.34
 0.4  0.43 0.48 0.48 0.5  0.51 0.54 0.56 0.59 0.59 0.6  0.61 0.63 0.67
 0.7  0.7  0.71 0.73 0.73 0.75 0.79 0.81 0.81 0.9  0.93 0.94 0.95 0.97
 1.05 1.09 1.13 1.15 1.15 1.29 1.31 1.33 1.35 1.36 1.47 1.49 1.5  1.62
 1.67 1.84 1.99 2.19]
var: 0.2654856666666665
| [0m67       [0m | [0m0.791    [0m | [0m0.1965   [0m | [0m23.84    [0m | [0m0.9211   [0m |
[0.59 0.68 0.9  0.91 0.94 0.94 0.95 0.99 1.   1.26 1.28 1.29 1.33 1.35
 1.42 1.44 1.44 1.46 1.53 1.58 1.58 1.58 1.61 1.64 1.64 1.75 1.75 1.76
 1.84 1.87 1.88 1.91 1.94 1.98 2.04 2.05 2.06 2.08 2.15 2.2  2.23 2.35
 2.4  2.46 2.52 2.61 2.64 2.7  2.78 2.97 2.98 3.09 3.3  3.3  3.39 3.51
 3.55 3.66 4.09 4.32]
var: 0.7489640000000012
| [0m68       [0m | [0m2.024    [0m | [0m0.04595  [0m | [0m25.07    [0m | [0m0.2909   [0m |
[0.51 0.58 0.62 0.62 0.63 0.66 0.67 0.71 0.71 0.72 0.77 0.8  0.83 0.88
 0.9  0.91 0.92 0.99 1.03 1.03 1.08 1.12 1.13 1.3  1.35 1.38 1.53 1.53
 1.57 1.59 1.63 1.65 1.67 1.7  1.77 1.79 1.79 1.83 1.86 1.92 1.96 1.97
 1.97 1.98 1.98 1.99 2.03 2.15 2.18 2.22 2.52 2.57 2.58 2.58 2.62 2.83
 3.2  3.44 4.05 4.05]
var: 0.6931343055555558
| [0m69       [0m | [0m1.626    [0m | [0m0.1261   [0m | [0m24.89    [0m | [0m0.3166   [0m |
[0.   0.02 0.08 0.09 0.09 0.1  0.2  0.29 0.31 0.31 0.32 0.45 0.47 0.48
 0.49 0.5  0.52 0.57 0.58 0.58 0.59 0.61 0.65 0.68 0.75 0.79 0.8  0.86
 0.86 0.87 0.87 0.87 0.87 0.87 0.93 0.95 0.96 0.96 0.99 1.03 1.06 1.07
 1.1  1.14 1.14 1.14 1.16 1.17 1.2  1.23 1.3  1.39 1.43 1.67 1.72 1.82
 1.93 2.01 2.1  2.13]
var: 0.2736515555555554
| [0m70       [0m | [0m0.8687   [0m | [0m0.1139   [0m | [0m34.17    [0m | [0m1.926    [0m |
[0.03 0.05 0.08 0.4  0.59 0.59 0.63 0.66 0.71 0.74 0.75 0.78 0.79 0.88
 0.89 0.9  1.01 1.02 1.1  1.12 1.16 1.17 1.18 1.18 1.21 1.22 1.26 1.3
 1.42 1.44 1.55 1.59 1.59 1.6  1.66 1.67 1.71 1.73 1.76 1.79 1.82 1.85
 1.87 1.88 2.   2.05 2.05 2.13 2.15 2.31 2.35 2.47 2.49 2.57 2.6  2.66
 2.67 2.83 2.86 2.93]
var: 0.5420976388888887
| [0m71       [0m | [0m1.491    [0m | [0m0.04063  [0m | [0m49.55    [0m | [0m0.4796   [0m |
[0.16 0.49 0.49 0.64 0.65 0.66 0.69 0.71 0.72 0.82 0.86 0.92 0.96 0.98
 0.99 1.04 1.1  1.13 1.18 1.19 1.27 1.28 1.32 1.33 1.35 1.37 1.4  1.53
 1.55 1.59 1.62 1.67 1.74 1.74 1.77 1.77 1.78 1.81 1.83 1.93 1.94 2.06
 2.09 2.13 2.2  2.31 2.35 2.35 2.41 2.43 2.48 2.51 2.56 2.57 2.69 2.8
 3.48 3.83 3.98 4.22]
var: 0.7540265555555558
| [0m72       [0m | [0m1.69     [0m | [0m0.03708  [0m | [0m24.32    [0m | [0m0.531    [0m |
[0.04 0.14 0.32 0.54 0.57 0.63 0.66 0.7  0.7  0.73 0.74 0.76 0.77 0.78
 0.79 0.91 0.93 0.95 1.06 1.08 1.13 1.17 1.18 1.19 1.2  1.21 1.23 1.24
 1.29 1.3  1.3  1.36 1.4  1.47 1.51 1.55 1.61 1.63 1.65 1.66 1.66 1.74
 1.76 1.79 1.81 1.86 1.88 2.06 2.1  2.32 2.32 2.39 2.43 2.59 2.67 2.98
 3.12 3.28 3.54 3.56]
var: 0.6453645555555555
| [0m73       [0m | [0m1.482    [0m | [0m0.1122   [0m | [0m25.02    [0m | [0m0.3778   [0m |
[0.45 0.75 0.79 0.87 1.12 1.21 1.35 1.41 1.54 1.55 1.59 1.61 1.62 1.74
 1.82 1.83 1.97 1.99 2.01 2.01 2.12 2.15 2.15 2.2  2.2  2.24 2.33 2.39
 2.44 2.45 2.51 2.53 2.53 2.54 2.6  2.61 2.65 2.67 2.68 2.69 2.72 2.72
 2.73 2.76 2.81 2.83 2.86 2.89 3.09 3.13 3.24 3.26 3.29 3.31 3.38 3.67
 3.82 4.54 4.83 7.98]
var: 1.229360305555556
| [95m74       [0m | [95m2.463    [0m | [95m0.01156  [0m | [95m24.26    [0m | [95m0.2199   [0m |
[0.4  0.53 0.58 0.62 0.63 0.66 0.68 0.69 0.71 0.74 0.75 0.77 0.78 0.78
 0.86 0.9  0.92 0.94 0.96 1.01 1.02 1.03 1.04 1.05 1.09 1.1  1.19 1.2
 1.21 1.22 1.23 1.23 1.24 1.26 1.28 1.29 1.3  1.37 1.43 1.59 1.59 1.62
 1.64 1.65 1.66 1.74 1.81 1.87 1.89 1.9  2.11 2.19 2.27 2.38 2.53 2.59
 2.59 2.65 2.83 3.5 ]
var: 0.4378260833333334
| [0m75       [0m | [0m1.372    [0m | [0m0.1475   [0m | [0m25.02    [0m | [0m0.2172   [0m |
[0.17 0.37 0.5  0.7  0.8  0.82 0.84 0.93 0.97 1.01 1.08 1.11 1.15 1.17
 1.23 1.25 1.3  1.3  1.35 1.4  1.41 1.45 1.45 1.62 1.69 1.73 1.82 1.82
 1.83 1.9  1.94 1.95 1.97 2.09 2.17 2.19 2.2  2.21 2.26 2.3  2.3  2.36
 2.42 2.46 2.58 2.58 2.64 2.65 2.78 2.8  2.85 2.92 2.95 3.1  3.12 3.15
 3.65 3.88 4.27 4.33]
var: 0.8550073333333332
| [0m76       [0m | [0m1.954    [0m | [0m0.02817  [0m | [0m24.25    [0m | [0m0.4452   [0m |
[0.   0.   0.   0.   0.03 0.04 0.04 0.05 0.06 0.06 0.08 0.08 0.09 0.1
 0.12 0.15 0.15 0.16 0.17 0.19 0.2  0.2  0.21 0.24 0.27 0.35 0.37 0.41
 0.44 0.45 0.48 0.51 0.51 0.52 0.54 0.56 0.57 0.59 0.59 0.6  0.65 0.66
 0.67 0.67 0.7  0.76 0.81 0.95 0.96 1.01 1.07 1.08 1.08 1.14 1.16 1.34
 1.48 1.53 2.11 2.47]
var: 0.2670715555555556
| [0m77       [0m | [0m0.5413   [0m | [0m0.2063   [0m | [0m49.45    [0m | [0m2.79     [0m |
[0.3  0.38 0.52 0.56 0.59 0.6  0.6  0.61 0.63 0.7  0.7  0.71 0.79 0.85
 0.85 0.86 0.9  1.01 1.02 1.03 1.06 1.1  1.13 1.14 1.2  1.26 1.31 1.32
 1.33 1.33 1.36 1.37 1.4  1.46 1.56 1.57 1.62 1.62 1.69 1.71 1.72 1.75
 1.87 1.87 2.01 2.05 2.09 2.27 2.39 2.41 2.42 2.59 2.59 2.59 2.61 2.61
 2.77 2.88 3.84 4.24]
var: 0.6860693333333335
| [0m78       [0m | [0m1.522    [0m | [0m0.1684   [0m | [0m24.35    [0m | [0m0.1564   [0m |
[0.43 0.61 0.66 0.66 0.68 0.7  0.71 0.72 0.74 0.8  0.85 0.88 0.91 0.92
 0.93 1.01 1.01 1.09 1.12 1.17 1.29 1.3  1.31 1.4  1.43 1.43 1.6  1.64
 1.68 1.78 1.81 1.86 1.95 1.95 2.01 2.02 2.02 2.04 2.06 2.07 2.08 2.08
 2.09 2.12 2.16 2.17 2.23 2.3  2.34 2.4  2.4  2.46 2.46 2.47 2.5  2.58
 2.59 2.74 2.75 3.21]
var: 0.48008988888888876
| [0m79       [0m | [0m1.656    [0m | [0m0.07515  [0m | [0m24.25    [0m | [0m0.2517   [0m |
[0.16 0.7  0.73 0.76 0.8  0.84 0.9  0.94 0.98 1.05 1.15 1.24 1.27 1.27
 1.36 1.4  1.41 1.41 1.42 1.45 1.47 1.57 1.57 1.63 1.67 1.68 1.72 1.74
 1.9  1.93 2.   2.11 2.14 2.15 2.17 2.23 2.26 2.28 2.38 2.42 2.55 2.6
 2.65 2.7  2.74 2.82 2.85 2.94 2.95 2.98 3.12 3.12 3.28 3.3  3.32 3.46
 3.62 4.13 5.53 5.81]
var: 1.1813336388888884
| [0m80       [0m | [0m2.112    [0m | [0m0.02421  [0m | [0m25.08    [0m | [0m0.1694   [0m |
=============================================================
None
num_trials:  40  inits,  40  iters,  60  per
rho:  0.1
pthin:  0.40

Best VPT: 2.462833333333334
Best result: {'a': 0.01156478659851885, 'g': 24.26237839912052, 's': 0.21985436198984165}

KERNEL: nu=1.5, lengthscale=2.0, alpha=0.0005
