|   iter    |  target   |     a     |     g     |     s     |
-------------------------------------------------------------
[0.33 0.4  0.48 0.51 0.54 0.56 0.56 0.65 0.77 0.8  0.8  0.82 0.84 0.9
 0.91 0.91 0.91 0.92 1.04 1.1  1.11 1.11 1.12 1.15 1.15 1.18 1.19 1.21
 1.22 1.22 1.22 1.23 1.31 1.32 1.34 1.37 1.38 1.38 1.46 1.47 1.49 1.63
 1.64 1.69 1.73 1.78 1.9  2.02 2.07 2.15 2.16 2.16 2.31 2.36 2.37 2.42
 2.44 2.59 2.74]
var: 0.3637473714449871
| [0m1        [0m | [0m1.348    [0m | [0m0.1076   [0m | [0m31.32    [0m | [0m0.05388  [0m |
[0.03 0.04 0.06 0.06 0.06 0.09 0.14 0.14 0.15 0.15 0.16 0.17 0.17 0.21
 0.22 0.24 0.3  0.31 0.32 0.33 0.34 0.35 0.37 0.4  0.44 0.44 0.44 0.44
 0.45 0.47 0.5  0.53 0.53 0.54 0.55 0.57 0.57 0.7  0.71 0.83 0.84 0.98
 1.16 1.18 1.24 1.27 1.3  1.33 1.34 1.49 1.53 1.55 1.59 1.73 1.82 1.89
 1.98 2.16 2.21 2.75]
var: 0.4313045555555562
| [0m2        [0m | [0m0.7477   [0m | [0m0.2296   [0m | [0m45.64    [0m | [0m1.693    [0m |
[0.01 0.02 0.02 0.03 0.03 0.03 0.06 0.07 0.08 0.11 0.12 0.16 0.17 0.17
 0.19 0.19 0.19 0.2  0.21 0.21 0.22 0.23 0.25 0.26 0.3  0.39 0.4  0.4
 0.43 0.51 0.52 0.53 0.54 0.55 0.62 0.62 0.62 0.63 0.66 0.68 0.7  0.71
 0.74 0.8  0.84 0.84 0.86 0.91 0.97 1.13 1.14 1.15 1.19 1.25 1.3  1.33
 1.51 1.78 2.52]
var: 0.24811956334386687
| [0m3        [0m | [0m0.5644   [0m | [0m0.2116   [0m | [0m38.41    [0m | [0m2.88     [0m |
[0.03 0.05 0.11 0.12 0.13 0.16 0.18 0.19 0.19 0.2  0.21 0.22 0.3  0.33
 0.34 0.34 0.34 0.35 0.35 0.39 0.41 0.42 0.44 0.45 0.5  0.54 0.55 0.57
 0.57 0.57 0.58 0.7  0.71 0.76 0.78 0.81 0.83 0.83 0.92 0.93 0.95 0.98
 1.   1.   1.05 1.08 1.08 1.14 1.15 1.25 1.31 1.33 1.35 1.39 1.45 1.57
 1.76 2.02 2.99 3.01]
var: 0.3812489999999997
| [0m4        [0m | [0m0.771    [0m | [0m0.1313   [0m | [0m19.14    [0m | [0m2.505    [0m |
[0.   0.   0.02 0.03 0.03 0.04 0.09 0.1  0.16 0.18 0.18 0.19 0.21 0.21
 0.24 0.26 0.26 0.31 0.31 0.32 0.33 0.34 0.35 0.37 0.39 0.41 0.42 0.45
 0.46 0.49 0.52 0.62 0.69 0.72 0.73 0.74 0.97 0.97 0.97 1.04 1.05 1.07
 1.11 1.13 1.13 1.24 1.27 1.33 1.37 1.43 1.63 1.67 1.9  1.99 2.02 2.42
 2.82 2.98]
var: 0.5040309155766947
| [0m5        [0m | [0m0.7703   [0m | [0m0.004933 [0m | [0m35.15    [0m | [0m0.9199   [0m |
[0.08 0.08 0.09 0.1  0.12 0.13 0.15 0.19 0.19 0.21 0.22 0.22 0.25 0.25
 0.27 0.27 0.28 0.29 0.3  0.31 0.32 0.34 0.35 0.35 0.35 0.36 0.37 0.41
 0.43 0.45 0.48 0.5  0.51 0.59 0.59 0.66 0.66 0.68 0.69 0.69 0.7  0.74
 0.75 0.86 0.92 0.93 0.99 1.16 1.18 1.31 1.39 1.46 1.78 1.92 2.08 2.44
 2.55 3.92]
var: 0.5140454221165283
| [0m6        [0m | [0m0.7045   [0m | [0m0.02508  [0m | [0m6.831    [0m | [0m1.824    [0m |
[0.09 0.25 0.27 0.28 0.33 0.43 0.56 0.56 0.68 0.69 0.71 0.75 0.79 0.84
 0.84 0.87 0.89 1.01 1.05 1.07 1.08 1.08 1.1  1.25 1.31 1.33 1.4  1.41
 1.47 1.47 1.48 1.49 1.66 1.67 1.7  1.7  1.7  1.73 1.73 1.81 1.83 1.9
 1.92 2.03 2.05 2.08 2.2  2.26 2.29 2.39 2.67 2.88 2.9  3.38 3.76 3.84
 4.52 4.75 4.95 7.37]
var: 1.714913888888889
| [95m7        [0m | [95m1.742    [0m | [95m0.1265   [0m | [95m4.512    [0m | [95m1.323    [0m |
[0.12 0.16 0.17 0.19 0.23 0.23 0.31 0.33 0.33 0.38 0.38 0.45 0.46 0.49
 0.57 0.6  0.67 0.68 0.68 0.72 0.75 0.76 0.76 0.77 0.8  0.81 0.84 0.85
 0.91 0.93 0.95 0.97 1.   1.14 1.16 1.18 1.2  1.36 1.43 1.44 1.53 1.54
 1.55 1.64 1.72 1.73 1.8  1.81 1.84 1.91 1.97 2.06 2.06 2.31 2.5  2.63
 2.7  3.18 4.26]
var: 0.683512094225797
| [0m8        [0m | [0m1.168    [0m | [0m0.2972   [0m | [0m2.947    [0m | [0m1.385    [0m |
[0.1  0.18 0.23 0.23 0.25 0.33 0.35 0.35 0.36 0.37 0.39 0.41 0.48 0.51
 0.62 0.65 0.68 0.7  0.79 0.85 0.88 0.88 0.93 1.   1.03 1.17 1.18 1.19
 1.22 1.24 1.4  1.46 1.47 1.51 1.54 1.55 1.6  1.72 1.74 1.75 1.82 1.85
 1.88 2.13 2.19 2.24 2.34 2.41 2.49 2.5  2.56 2.71 2.72 3.07 3.41 3.48
 3.48 3.55 3.57 3.67]
var: 1.03323288888889
| [0m9        [0m | [0m1.489    [0m | [0m0.132    [0m | [0m22.67    [0m | [0m1.321    [0m |
[0.24 0.27 0.3  0.35 0.36 0.37 0.49 0.49 0.53 0.63 0.68 0.74 0.78 0.86
 0.98 0.99 1.08 1.09 1.14 1.16 1.25 1.26 1.29 1.29 1.3  1.34 1.38 1.38
 1.39 1.44 1.53 1.58 1.61 1.64 1.71 1.77 1.79 1.83 1.9  2.01 2.02 2.04
 2.17 2.18 2.2  2.29 2.32 2.36 2.42 2.66 2.67 2.8  2.95 3.26 3.51 3.86
 4.   4.13 4.5  4.64]
var: 1.1624299999999994
| [0m10       [0m | [0m1.72     [0m | [0m0.1256   [0m | [0m12.69    [0m | [0m1.327    [0m |
[0.05 0.07 0.08 0.08 0.09 0.1  0.11 0.12 0.14 0.14 0.14 0.17 0.19 0.19
 0.21 0.26 0.26 0.27 0.3  0.3  0.34 0.34 0.38 0.38 0.4  0.42 0.42 0.44
 0.46 0.48 0.49 0.64 0.65 0.65 0.66 0.68 0.71 0.72 0.8  0.81 0.9  0.9
 0.93 0.93 0.97 0.97 0.98 1.09 1.14 1.17 1.26 1.28 1.3  1.39 1.39 1.45
 1.52 1.53 1.6  1.88]
var: 0.2287715555555558
| [0m11       [0m | [0m0.6453   [0m | [0m0.04689  [0m | [0m25.05    [0m | [0m2.145    [0m |
[0.   0.02 0.03 0.07 0.08 0.09 0.13 0.18 0.22 0.26 0.29 0.32 0.33 0.34
 0.36 0.38 0.39 0.41 0.51 0.51 0.53 0.62 0.62 0.64 0.66 0.66 0.67 0.67
 0.74 0.78 0.82 0.82 0.83 0.85 0.85 0.93 0.94 0.98 1.   1.06 1.07 1.13
 1.13 1.22 1.35 1.37 1.38 1.52 1.6  1.62 1.66 1.73 1.81 1.92 1.99 2.17
 2.36 2.81 3.07 3.24]
var: 0.5633945555555562
| [0m12       [0m | [0m0.9457   [0m | [0m0.08481  [0m | [0m9.673    [0m | [0m2.262    [0m |
[0.07 0.09 0.16 0.19 0.19 0.19 0.2  0.21 0.21 0.21 0.21 0.22 0.24 0.25
 0.25 0.25 0.26 0.29 0.3  0.3  0.31 0.31 0.31 0.32 0.38 0.39 0.4  0.41
 0.41 0.41 0.42 0.45 0.46 0.47 0.49 0.53 0.58 0.62 0.7  0.71 0.73 0.76
 0.76 0.79 0.85 0.85 0.87 0.98 0.99 1.02 1.17 1.18 1.19 1.25 1.4  1.53
 1.8  1.82 1.86 1.91]
var: 0.2277960000000001
| [0m13       [0m | [0m0.618    [0m | [0m0.219    [0m | [0m5.661    [0m | [0m2.033    [0m |
[0.   0.01 0.05 0.07 0.16 0.19 0.23 0.25 0.26 0.27 0.34 0.35 0.36 0.36
 0.43 0.43 0.48 0.52 0.59 0.6  0.61 0.61 0.66 0.71 0.75 0.75 0.78 0.8
 0.82 0.82 0.87 0.87 0.88 0.91 0.92 1.   1.04 1.08 1.11 1.15 1.2  1.22
 1.25 1.26 1.41 1.42 1.43 1.49 1.5  1.57 1.62 1.65 1.69 1.82 1.88 2.
 2.68]
var: 0.3278525084641423
| [0m14       [0m | [0m0.8804   [0m | [0m0.154    [0m | [0m19.85    [0m | [0m0.4526   [0m |
[0.04 0.06 0.08 0.09 0.15 0.16 0.16 0.17 0.18 0.19 0.29 0.29 0.33 0.34
 0.35 0.36 0.37 0.4  0.42 0.42 0.52 0.55 0.56 0.58 0.62 0.62 0.63 0.69
 0.7  0.7  0.76 0.76 0.79 0.81 0.81 0.85 0.86 0.87 0.93 1.04 1.11 1.13
 1.19 1.26 1.3  1.37 1.4  1.42 1.5  1.7  1.7  1.71 2.06 2.39 2.45 2.58
 3.11 3.28 3.54 5.92]
var: 1.0656076666666672
| [0m15       [0m | [0m1.027    [0m | [0m0.06298  [0m | [0m14.72    [0m | [0m1.783    [0m |
[0.02 0.03 0.09 0.1  0.11 0.12 0.13 0.15 0.16 0.18 0.18 0.22 0.22 0.23
 0.23 0.29 0.29 0.3  0.32 0.33 0.33 0.37 0.39 0.41 0.42 0.44 0.46 0.47
 0.58 0.63 0.63 0.63 0.72 0.78 0.82 0.84 0.84 0.85 0.86 0.89 0.93 0.95
 0.98 0.99 1.03 1.03 1.09 1.19 1.35 1.53 1.65 1.73 1.76 2.   2.11 2.2
 2.5  2.6  2.64 3.89]
var: 0.6167449722222221
| [0m16       [0m | [0m0.8368   [0m | [0m0.02495  [0m | [0m12.79    [0m | [0m2.1      [0m |
[0.16 0.18 0.18 0.23 0.24 0.26 0.36 0.41 0.44 0.52 0.56 0.59 0.59 0.63
 0.66 0.69 0.73 0.73 0.74 0.75 0.8  0.86 0.94 0.98 1.02 1.05 1.05 1.09
 1.1  1.15 1.16 1.19 1.21 1.22 1.24 1.28 1.28 1.32 1.33 1.34 1.35 1.42
 1.44 1.46 1.49 1.52 1.63 1.74 1.8  1.85 1.97 2.01 2.09 2.19 2.39 2.44
 2.53 2.97 3.07 4.07]
var: 0.5988349722222215
| [0m17       [0m | [0m1.228    [0m | [0m0.2638   [0m | [0m1.888    [0m | [0m0.7199   [0m |
[0.05 0.3  0.44 0.44 0.53 0.55 0.73 0.76 0.8  0.88 0.91 0.91 0.93 0.94
 0.96 1.   1.01 1.03 1.08 1.09 1.11 1.11 1.14 1.18 1.22 1.22 1.23 1.25
 1.3  1.41 1.42 1.45 1.49 1.52 1.6  1.61 1.66 1.69 1.75 1.75 1.78 1.84
 1.87 1.88 1.91 1.98 2.   2.12 2.4  2.58 2.61 2.64 2.66 3.06 3.07 3.2
 5.02]
var: 0.7185894736842106
| [0m18       [0m | [0m1.51     [0m | [0m0.09705  [0m | [0m2.389    [0m | [0m0.4621   [0m |
[0.07 0.1  0.11 0.15 0.15 0.21 0.29 0.33 0.37 0.38 0.38 0.47 0.52 0.53
 0.53 0.55 0.59 0.59 0.6  0.61 0.71 0.72 0.73 0.76 0.78 0.79 0.79 0.8
 0.84 0.85 0.86 0.87 0.91 0.97 1.02 1.04 1.06 1.28 1.29 1.31 1.42 1.48
 1.49 1.51 1.53 1.68 1.87 2.01 3.3  3.41 3.93 4.83]
var: 0.9030246671597635
| [0m19       [0m | [0m1.046    [0m | [0m0.06541  [0m | [0m14.48    [0m | [0m0.1604   [0m |
[0.01 0.03 0.05 0.07 0.08 0.08 0.13 0.15 0.15 0.18 0.19 0.22 0.22 0.23
 0.25 0.28 0.33 0.36 0.37 0.37 0.39 0.39 0.41 0.41 0.49 0.51 0.53 0.57
 0.58 0.61 0.62 0.63 0.66 0.67 0.69 0.74 0.77 0.78 0.79 0.79 0.83 0.92
 1.   1.06 1.08 1.27 1.47 1.49 1.78 1.85 1.97 2.14 2.16 2.24 2.59 3.25
 3.47 3.61]
var: 0.7484705112960766
| [0m20       [0m | [0m0.8614   [0m | [0m0.126    [0m | [0m42.36    [0m | [0m1.645    [0m |
[0.06 0.07 0.08 0.09 0.12 0.13 0.17 0.17 0.19 0.2  0.21 0.21 0.24 0.27
 0.28 0.34 0.35 0.35 0.42 0.42 0.44 0.47 0.5  0.55 0.56 0.58 0.59 0.64
 0.66 0.66 0.69 0.69 0.72 0.73 0.74 0.8  0.81 0.81 0.83 0.96 1.05 1.08
 1.17 1.18 1.22 1.32 1.32 1.36 1.42 1.5  1.62 1.68 1.68 1.75 1.86 2.24
 2.27 2.58 2.96 5.08]
var: 0.7335278888888881
| [0m21       [0m | [0m0.9023   [0m | [0m0.1397   [0m | [0m10.96    [0m | [0m2.111    [0m |
[0.04 0.06 0.1  0.12 0.12 0.14 0.19 0.22 0.25 0.26 0.31 0.32 0.35 0.37
 0.37 0.42 0.42 0.43 0.5  0.52 0.6  0.66 0.68 0.69 0.7  0.76 0.81 0.83
 0.84 0.89 0.98 0.99 1.03 1.09 1.09 1.14 1.17 1.19 1.21 1.23 1.24 1.28
 1.39 1.41 1.43 1.66 1.69 1.7  1.75 1.91 1.98 2.2  2.48 2.53 2.6  2.81
 3.24 3.24 3.62]
var: 0.7537006607296762
| [0m22       [0m | [0m1.089    [0m | [0m0.2967   [0m | [0m25.97    [0m | [0m1.53     [0m |
[0.06 0.07 0.08 0.1  0.11 0.12 0.15 0.19 0.19 0.2  0.2  0.22 0.24 0.24
 0.27 0.29 0.3  0.31 0.39 0.39 0.4  0.4  0.55 0.59 0.64 0.71 0.75 0.84
 0.89 0.92 0.94 0.95 0.99 1.01 1.02 1.08 1.13 1.14 1.18 1.28 1.29 1.3
 1.35 1.44 1.7  1.91 1.98 2.03 2.04 2.11 2.16 2.48 2.59 2.62 3.26 4.25]
var: 0.80125306122449
| [0m23       [0m | [0m1.001    [0m | [0m0.02455  [0m | [0m28.28    [0m | [0m1.651    [0m |
[0.   0.07 0.09 0.11 0.15 0.15 0.19 0.19 0.2  0.26 0.27 0.27 0.3  0.34
 0.38 0.39 0.39 0.4  0.4  0.42 0.46 0.46 0.49 0.58 0.62 0.64 0.64 0.65
 0.66 0.71 0.71 0.72 0.73 0.76 0.8  0.85 0.92 0.97 0.98 1.02 1.05 1.06
 1.08 1.09 1.13 1.22 1.24 1.25 1.28 1.32 1.34 1.34 1.35 1.5  1.57 1.65
 1.68 1.87 1.9  2.04]
var: 0.2646005555555554
| [0m24       [0m | [0m0.7883   [0m | [0m0.1014   [0m | [0m41.63    [0m | [0m1.594    [0m |
[0.02 0.06 0.07 0.08 0.11 0.12 0.14 0.14 0.14 0.16 0.16 0.25 0.27 0.28
 0.31 0.33 0.37 0.38 0.4  0.41 0.42 0.46 0.47 0.47 0.47 0.48 0.53 0.54
 0.55 0.62 0.64 0.64 0.68 0.68 0.69 0.72 0.77 0.77 0.82 0.85 0.96 1.02
 1.18 1.26 1.27 1.35 1.41 1.49 1.51 1.61 1.69 1.91 1.93 1.95 1.97 2.65]
var: 0.3658045599489794
| [0m25       [0m | [0m0.7434   [0m | [0m0.1826   [0m | [0m26.77    [0m | [0m2.991    [0m |
[0.01 0.03 0.04 0.06 0.06 0.1  0.1  0.12 0.14 0.15 0.16 0.18 0.18 0.19
 0.2  0.22 0.22 0.23 0.23 0.24 0.25 0.25 0.25 0.26 0.28 0.29 0.3  0.3
 0.31 0.31 0.31 0.32 0.32 0.33 0.35 0.36 0.37 0.38 0.4  0.43 0.45 0.49
 0.5  0.51 0.52 0.57 0.6  0.64 0.65 0.68 0.72 0.72 0.73 0.87 0.92 0.94
 1.14 1.18 1.22 2.57]
var: 0.15830430555555533
| [0m26       [0m | [0m0.4308   [0m | [0m0.2517   [0m | [0m46.01    [0m | [0m0.241    [0m |
[0.03 0.11 0.12 0.13 0.14 0.14 0.15 0.15 0.17 0.17 0.17 0.19 0.21 0.23
 0.24 0.25 0.26 0.28 0.28 0.31 0.32 0.33 0.34 0.36 0.37 0.41 0.42 0.44
 0.44 0.45 0.46 0.53 0.54 0.56 0.58 0.59 0.64 0.67 0.67 0.74 0.88 0.94
 0.96 0.96 0.98 0.98 0.98 1.04 1.07 1.11 1.14 1.17 1.22 1.54 1.54 1.66]
var: 0.16853469387755118
| [0m27       [0m | [0m0.5671   [0m | [0m0.1266   [0m | [0m2.273    [0m | [0m2.065    [0m |
[0.04 0.05 0.07 0.08 0.08 0.08 0.09 0.1  0.11 0.13 0.17 0.2  0.26 0.26
 0.28 0.29 0.3  0.33 0.33 0.33 0.34 0.37 0.4  0.5  0.52 0.57 0.57 0.57
 0.58 0.66 0.67 0.7  0.71 0.72 0.75 0.76 0.78 0.82 0.82 0.83 0.83 0.88
 0.96 0.99 1.01 1.06 1.15 1.16 1.18 1.21 1.27 1.3  1.3  1.37 1.48 1.51
 1.59 1.97 2.22 2.53]
var: 0.30506830555555575
| [0m28       [0m | [0m0.7198   [0m | [0m0.1294   [0m | [0m37.88    [0m | [0m2.122    [0m |
[0.02 0.03 0.04 0.06 0.07 0.11 0.13 0.13 0.15 0.15 0.16 0.16 0.23 0.24
 0.24 0.24 0.3  0.32 0.32 0.34 0.35 0.35 0.44 0.45 0.45 0.5  0.52 0.52
 0.53 0.53 0.54 0.55 0.57 0.58 0.59 0.59 0.6  0.6  0.63 0.64 0.68 0.73
 0.79 0.8  0.81 0.81 0.94 1.08 1.09 1.21 1.3  1.32 1.52 1.56 1.63 1.86
 1.88]
var: 0.21593247152970152
| [0m29       [0m | [0m0.5961   [0m | [0m0.2537   [0m | [0m38.66    [0m | [0m2.167    [0m |
[0.   0.04 0.04 0.05 0.05 0.05 0.06 0.1  0.12 0.12 0.15 0.16 0.17 0.17
 0.18 0.18 0.22 0.22 0.23 0.23 0.24 0.25 0.27 0.3  0.3  0.31 0.31 0.31
 0.32 0.34 0.34 0.35 0.35 0.35 0.36 0.38 0.39 0.43 0.45 0.48 0.51 0.52
 0.53 0.55 0.56 0.59 0.62 0.64 0.64 0.65 0.72 0.73 0.75 0.77 0.79 0.89
 0.93 0.95 1.32 1.34]
var: 0.08774030555555552
| [0m30       [0m | [0m0.4062   [0m | [0m0.2833   [0m | [0m40.67    [0m | [0m0.2001   [0m |
[0.   0.06 0.11 0.15 0.17 0.19 0.19 0.19 0.19 0.2  0.21 0.22 0.22 0.22
 0.24 0.24 0.26 0.26 0.27 0.28 0.28 0.31 0.32 0.35 0.35 0.48 0.52 0.52
 0.54 0.55 0.59 0.6  0.6  0.6  0.63 0.63 0.67 0.67 0.69 0.7  0.7  0.78
 0.81 0.83 0.87 0.9  0.93 0.97 1.02 1.03 1.28 1.44 1.53 1.68 1.69 1.72]
var: 0.1854747130102039
| [0m31       [0m | [0m0.583    [0m | [0m0.1082   [0m | [0m0.3983   [0m | [0m0.4177   [0m |
[0.07 0.08 0.17 0.17 0.22 0.22 0.33 0.33 0.39 0.41 0.42 0.44 0.47 0.49
 0.5  0.52 0.53 0.56 0.58 0.61 0.66 0.71 0.71 0.8  0.84 0.88 0.97 1.03
 1.08 1.14 1.16 1.16 1.19 1.21 1.25 1.25 1.26 1.3  1.43 1.49 1.52 1.52
 1.57 1.58 1.64 1.65 1.69 1.73 1.73 1.82 1.9  1.95 2.16 2.17 2.17 2.25
 2.26 2.57 2.66 4.35]
var: 0.6261048888888894
| [0m32       [0m | [0m1.165    [0m | [0m0.07829  [0m | [0m22.73    [0m | [0m0.81     [0m |
[0.01 0.02 0.08 0.13 0.17 0.17 0.17 0.18 0.2  0.23 0.24 0.27 0.27 0.29
 0.3  0.32 0.38 0.39 0.39 0.41 0.41 0.41 0.42 0.42 0.43 0.44 0.47 0.47
 0.47 0.52 0.52 0.53 0.55 0.56 0.57 0.59 0.6  0.61 0.61 0.64 0.67 0.67
 0.74 0.77 0.78 0.78 0.8  0.82 0.83 0.84 0.89 1.13 1.39 1.39 1.54 1.6
 1.64 1.65 2.65]
var: 0.22783504740017196
| [0m33       [0m | [0m0.6176   [0m | [0m0.01965  [0m | [0m49.59    [0m | [0m1.59     [0m |
[0.14 0.43 0.44 0.55 0.55 0.56 0.61 0.71 0.71 0.73 0.76 0.82 0.84 0.86
 0.9  0.93 0.97 1.01 1.03 1.04 1.07 1.1  1.14 1.2  1.21 1.21 1.24 1.26
 1.3  1.39 1.4  1.46 1.54 1.62 1.66 1.7  1.73 1.8  1.83 1.9  2.   2.03
 2.07 2.45 2.46 2.53 2.65 2.65 2.73 2.84 3.01 3.17 3.17 3.24 3.27 3.44
 3.46 3.72 3.76 6.04]
var: 1.2171439999999991
| [0m34       [0m | [0m1.734    [0m | [0m0.002239 [0m | [0m16.22    [0m | [0m0.134    [0m |
[0.04 0.07 0.08 0.08 0.08 0.08 0.08 0.11 0.12 0.13 0.14 0.16 0.19 0.2
 0.26 0.28 0.28 0.34 0.35 0.37 0.38 0.41 0.43 0.43 0.44 0.49 0.5  0.51
 0.53 0.55 0.56 0.58 0.59 0.59 0.63 0.63 0.63 0.64 0.65 0.69 0.71 0.77
 0.78 0.78 0.8  0.87 0.88 0.91 0.94 1.01 1.01 1.02 1.11 1.26 1.46 1.52
 1.62 1.82 3.29]
var: 0.29032324044814706
| [0m35       [0m | [0m0.6247   [0m | [0m0.2945   [0m | [0m31.91    [0m | [0m2.998    [0m |
[0.02 0.04 0.06 0.09 0.1  0.12 0.13 0.14 0.16 0.18 0.18 0.19 0.19 0.2
 0.21 0.21 0.21 0.22 0.24 0.24 0.24 0.26 0.31 0.34 0.34 0.39 0.42 0.44
 0.44 0.45 0.46 0.46 0.47 0.48 0.49 0.53 0.53 0.56 0.61 0.65 0.7  0.71
 0.72 0.74 0.8  0.81 0.85 0.86 0.86 0.87 0.9  0.93 1.   1.25 1.26 1.32
 1.42 1.55 1.63 2.07]
var: 0.19242097222222215
| [0m36       [0m | [0m0.5542   [0m | [0m0.2082   [0m | [0m0.4676   [0m | [0m2.073    [0m |
[0.   0.06 0.08 0.12 0.13 0.13 0.16 0.17 0.26 0.28 0.28 0.28 0.3  0.31
 0.32 0.32 0.32 0.38 0.4  0.4  0.48 0.53 0.56 0.58 0.62 0.64 0.66 0.68
 0.69 0.73 0.79 0.81 0.83 0.84 0.88 0.9  1.   1.02 1.02 1.04 1.04 1.07
 1.09 1.09 1.09 1.1  1.19 1.25 1.25 1.29 1.37 1.44 1.45 1.52 1.53 2.65
 2.88 2.91 3.33 3.68]
var: 0.6164465555555554
| [0m37       [0m | [0m0.9037   [0m | [0m0.2577   [0m | [0m7.18     [0m | [0m2.729    [0m |
[0.13 0.13 0.14 0.14 0.17 0.19 0.27 0.28 0.3  0.32 0.34 0.35 0.36 0.41
 0.41 0.42 0.42 0.44 0.44 0.45 0.52 0.53 0.53 0.55 0.6  0.61 0.63 0.63
 0.64 0.64 0.64 0.66 0.68 0.8  0.9  0.9  0.93 0.95 0.99 1.01 1.07 1.08
 1.08 1.15 1.15 1.41 1.62 1.76 1.82 1.95 2.05 2.07 2.18 2.38 2.6  3.4
 3.61]
var: 0.6172286241920586
| [0m38       [0m | [0m0.9268   [0m | [0m0.2926   [0m | [0m6.08     [0m | [0m1.928    [0m |
[0.06 0.23 0.23 0.38 0.5  0.52 0.52 0.62 0.75 0.76 0.86 0.86 0.92 0.92
 0.93 1.01 1.03 1.06 1.14 1.15 1.24 1.24 1.31 1.31 1.32 1.36 1.37 1.37
 1.43 1.51 1.54 1.59 1.59 1.66 1.73 1.78 1.84 1.88 1.89 1.9  2.01 2.02
 2.05 2.17 2.49 2.5  2.6  2.94 3.06 3.19 3.19 3.2  3.26 3.63 4.1  4.26
 4.38 4.4  5.21]
var: 1.356217006607296
| [95m39       [0m | [95m1.796    [0m | [95m0.198    [0m | [95m9.447    [0m | [95m1.501    [0m |
[0.07 0.08 0.11 0.11 0.19 0.19 0.21 0.26 0.32 0.32 0.36 0.45 0.47 0.49
 0.52 0.56 0.59 0.62 0.64 0.66 0.68 0.69 0.72 0.78 0.79 0.81 0.81 0.82
 0.86 0.86 0.92 0.92 0.95 0.97 0.98 0.99 1.   1.01 1.04 1.07 1.07 1.1
 1.16 1.27 1.29 1.33 1.42 1.43 1.47 1.48 1.5  1.55 1.6  1.8  1.81 1.95
 2.03 2.13 3.01 3.08]
var: 0.40609363888888933
| [0m40       [0m | [0m0.9728   [0m | [0m0.1709   [0m | [0m20.66    [0m | [0m0.5018   [0m |
[0.12 0.15 0.23 0.36 0.36 0.45 0.45 0.6  0.6  0.62 0.7  0.73 0.77 0.79
 0.85 0.85 0.86 0.88 0.9  0.94 1.07 1.11 1.14 1.17 1.17 1.23 1.25 1.27
 1.27 1.29 1.31 1.37 1.38 1.39 1.52 1.54 1.65 1.66 1.74 1.74 1.74 1.77
 1.78 1.78 1.8  1.86 1.89 2.05 2.19 2.23 2.27 2.48 2.56 2.64 2.9  3.02
 3.57 3.68 5.38]
var: 0.8916922148807819
| [0m41       [0m | [0m1.476    [0m | [0m0.2513   [0m | [0m9.418    [0m | [0m1.545    [0m |
[0.07 0.17 0.21 0.22 0.24 0.26 0.39 0.42 0.43 0.43 0.58 0.65 0.71 0.71
 0.71 0.73 0.77 0.78 0.82 0.83 0.83 0.83 0.86 0.88 0.88 0.96 1.03 1.04
 1.05 1.25 1.32 1.4  1.45 1.47 1.57 1.64 1.72 1.77 1.79 1.84 1.91 1.97
 2.   2.13 2.14 2.18 2.25 2.32 2.46 2.46 2.49 2.66 2.78 2.82 2.96 3.03
 3.69 3.71 4.58 4.95]
var: 1.1765533333333338
| [0m42       [0m | [0m1.52     [0m | [0m0.1691   [0m | [0m9.523    [0m | [0m1.523    [0m |
[0.06 0.14 0.21 0.22 0.29 0.29 0.32 0.37 0.41 0.43 0.51 0.52 0.56 0.6
 0.74 0.89 0.9  0.99 1.06 1.21 1.33 1.37 1.39 1.4  1.41 1.42 1.42 1.52
 1.64 1.64 1.74 1.75 1.94 1.98 2.01 2.02 2.02 2.08 2.23 2.25 2.38 2.43
 2.49 2.51 2.58 2.67 2.83 2.96 3.06 3.09 3.18 3.2  3.24 3.41 3.44 4.4
 5.53 6.03]
var: 1.6292386741973843
| [95m43       [0m | [95m1.805    [0m | [95m0.1483   [0m | [95m9.409    [0m | [95m1.412    [0m |
[0.34 0.49 0.51 0.53 0.55 0.56 0.65 0.68 0.69 0.7  0.81 0.83 0.84 0.93
 0.97 1.04 1.09 1.14 1.19 1.24 1.29 1.32 1.36 1.36 1.4  1.41 1.44 1.44
 1.51 1.63 1.76 1.79 1.8  1.82 1.85 1.86 1.96 1.96 2.01 2.04 2.07 2.09
 2.12 2.18 2.18 2.27 2.51 2.67 2.85 2.9  3.02 3.03 3.03 3.14 3.29 3.36
 4.3  4.36]
var: 0.8837593341260405
| [0m44       [0m | [0m1.727    [0m | [0m0.1314   [0m | [0m4.354    [0m | [0m1.282    [0m |
[0.09 0.09 0.13 0.15 0.15 0.21 0.23 0.24 0.24 0.25 0.27 0.27 0.28 0.3
 0.31 0.38 0.41 0.54 0.57 0.57 0.58 0.59 0.59 0.6  0.61 0.64 0.66 0.69
 0.72 0.78 0.81 0.86 0.92 0.94 0.96 1.07 1.11 1.18 1.24 1.32 1.47 1.5
 1.53 1.58 1.58 1.6  1.6  1.76 1.83 1.87 1.94 1.96 2.02 2.08 2.15 2.19
 2.56 2.74 3.16]
var: 0.5638015512783675
| [0m45       [0m | [0m1.011    [0m | [0m0.2858   [0m | [0m8.726    [0m | [0m2.383    [0m |
[0.03 0.05 0.22 0.24 0.37 0.37 0.41 0.44 0.56 0.58 0.61 0.62 0.65 0.66
 0.7  0.72 0.76 0.83 0.84 0.97 0.98 1.03 1.05 1.13 1.18 1.26 1.3  1.47
 1.51 1.56 1.59 1.68 1.73 1.83 1.87 1.87 2.   2.03 2.08 2.14 2.22 2.31
 2.39 2.43 2.46 2.6  2.67 2.72 2.75 2.79 2.9  2.95 2.97 3.42 3.6  4.26
 4.46 4.95 6.03 6.54]
var: 1.9361045555555554
| [95m46       [0m | [95m1.822    [0m | [95m0.03465  [0m | [95m4.467    [0m | [95m1.154    [0m |
[0.24 0.24 0.44 0.51 0.61 0.66 0.66 0.76 0.78 0.88 0.89 0.9  0.91 0.94
 0.95 0.98 1.02 1.02 1.12 1.12 1.15 1.23 1.27 1.27 1.35 1.38 1.43 1.44
 1.45 1.49 1.54 1.67 1.72 1.77 1.77 1.88 1.91 1.95 2.   2.03 2.22 2.35
 2.43 2.5  2.64 2.66 2.84 2.88 2.94 2.95 3.04 3.12 3.21 3.35 3.55 3.87
 3.93 4.2  4.68 5.03]
var: 1.2660559999999998
| [95m47       [0m | [95m1.862    [0m | [95m0.2489   [0m | [95m4.421    [0m | [95m1.116    [0m |
[0.04 0.04 0.05 0.06 0.07 0.13 0.13 0.26 0.31 0.33 0.35 0.35 0.36 0.38
 0.38 0.41 0.45 0.45 0.48 0.48 0.49 0.52 0.6  0.64 0.65 0.67 0.68 0.8
 0.81 0.86 0.88 0.98 1.02 1.03 1.05 1.07 1.08 1.11 1.17 1.22 1.23 1.23
 1.24 1.24 1.24 1.25 1.28 1.31 1.39 1.44 1.45 1.49 1.53 1.54 1.58 1.62
 1.68 1.68 1.93 3.25]
var: 0.35098288888888834
| [0m48       [0m | [0m0.8907   [0m | [0m0.2881   [0m | [0m17.87    [0m | [0m0.6764   [0m |
[0.13 0.28 0.29 0.33 0.39 0.43 0.45 0.53 0.72 0.76 0.81 0.82 0.88 0.95
 0.95 1.07 1.13 1.15 1.16 1.16 1.18 1.27 1.29 1.3  1.32 1.33 1.56 1.62
 1.64 1.65 1.72 1.72 1.74 1.79 1.81 1.82 1.9  2.03 2.06 2.08 2.15 2.17
 2.19 2.23 2.3  2.32 2.35 2.44 2.49 2.58 2.59 2.61 2.64 2.76 2.92 2.93
 3.5  3.58 3.98 4.24]
var: 0.8681449722222221
| [0m49       [0m | [0m1.703    [0m | [0m0.1388   [0m | [0m4.52     [0m | [0m0.9555   [0m |
[0.16 0.32 0.4  0.48 0.56 0.57 0.57 0.66 0.66 0.83 0.92 0.93 0.97 1.01
 1.02 1.03 1.03 1.07 1.15 1.15 1.22 1.27 1.31 1.32 1.37 1.39 1.42 1.46
 1.49 1.61 1.66 1.75 1.8  1.9  1.95 1.97 2.05 2.07 2.09 2.1  2.14 2.16
 2.19 2.22 2.4  2.41 2.43 2.46 2.6  2.63 2.92 3.09 3.2  3.2  3.74 4.09
 4.35 4.36 4.71 4.75]
var: 1.239054555555556
| [0m50       [0m | [0m1.846    [0m | [0m0.1145   [0m | [0m4.247    [0m | [0m1.002    [0m |
[0.03 0.05 0.08 0.09 0.15 0.15 0.17 0.21 0.22 0.24 0.32 0.33 0.33 0.42
 0.42 0.44 0.46 0.47 0.49 0.51 0.51 0.59 0.62 0.62 0.62 0.66 0.68 0.87
 0.89 0.93 0.94 0.99 1.07 1.08 1.11 1.12 1.16 1.2  1.2  1.26 1.29 1.3
 1.33 1.4  1.41 1.49 1.59 1.61 1.85 1.9  1.98 2.07 2.31 2.36 2.49 2.56
 2.59 3.44]
var: 0.587788971462545
| [0m51       [0m | [0m1.012    [0m | [0m0.06368  [0m | [0m31.06    [0m | [0m0.9114   [0m |
[0.09 0.25 0.29 0.3  0.42 0.66 0.77 0.84 0.93 0.96 1.05 1.09 1.13 1.16
 1.19 1.22 1.31 1.32 1.32 1.36 1.37 1.45 1.51 1.54 1.55 1.59 1.6  1.62
 1.63 1.69 1.79 1.84 1.94 2.22 2.23 2.23 2.34 2.35 2.39 2.44 2.64 2.66
 2.67 2.72 2.74 2.75 2.76 2.95 3.25 3.28 3.53 3.54 3.8  3.81 4.39 4.81
 5.23 7.65]
var: 1.8196142687277048
| [95m52       [0m | [95m2.072    [0m | [95m0.1826   [0m | [95m3.997    [0m | [95m1.088    [0m |
[0.18 0.24 0.36 0.4  0.53 0.61 0.64 0.72 0.87 0.87 0.92 1.04 1.07 1.09
 1.13 1.14 1.15 1.16 1.17 1.22 1.22 1.25 1.27 1.3  1.32 1.34 1.4  1.41
 1.58 1.59 1.63 1.65 1.75 1.84 1.87 1.89 1.92 1.98 1.99 2.04 2.08 2.09
 2.27 2.32 2.34 2.36 2.45 2.63 2.67 2.69 2.72 2.8  2.82 2.89 3.28 3.63
 4.19]
var: 0.730767128347184
| [0m53       [0m | [0m1.666    [0m | [0m0.1121   [0m | [0m3.879    [0m | [0m0.8805   [0m |
[0.   0.   0.04 0.06 0.07 0.08 0.14 0.16 0.29 0.3  0.31 0.32 0.33 0.33
 0.34 0.35 0.49 0.55 0.57 0.59 0.59 0.62 0.68 0.69 0.71 0.73 0.74 0.77
 0.79 0.84 0.9  0.93 0.95 1.   1.11 1.17 1.31 1.33 1.36 1.4  1.43 1.43
 1.45 1.54 1.61 1.71 1.71 1.73 1.85 1.86 1.93 2.03 2.12 2.38 2.55 2.68
 2.72 3.34 3.43 3.66]
var: 0.8000005555555559
| [0m54       [0m | [0m1.118    [0m | [0m1e-08    [0m | [0m3.961    [0m | [0m1.219    [0m |
[0.01 0.02 0.06 0.06 0.06 0.06 0.07 0.07 0.08 0.08 0.08 0.08 0.1  0.13
 0.13 0.17 0.17 0.19 0.22 0.22 0.22 0.23 0.25 0.25 0.25 0.27 0.27 0.28
 0.28 0.28 0.3  0.3  0.33 0.33 0.35 0.35 0.35 0.35 0.38 0.4  0.43 0.44
 0.49 0.49 0.52 0.57 0.57 0.57 0.62 0.68 0.78 0.84 0.89 0.98 1.2  1.59
 2.18 2.91]
var: 0.25383950653983395
| [0m55       [0m | [0m0.4281   [0m | [0m0.1716   [0m | [0m47.11    [0m | [0m0.5051   [0m |
[0.36 0.39 0.39 0.48 0.49 0.51 0.56 0.57 0.58 0.6  0.65 0.65 0.68 0.7
 0.7  0.7  0.71 0.77 0.78 0.79 0.81 0.82 0.85 0.87 0.87 0.88 0.91 0.94
 0.97 0.99 1.   1.02 1.03 1.04 1.04 1.12 1.14 1.14 1.16 1.18 1.19 1.23
 1.25 1.33 1.38 1.38 1.39 1.46 1.49 1.51 1.69 1.78 1.94 2.06 2.14 2.37
 2.42 2.61 2.92 3.17]
var: 0.3870154166666665
| [0m56       [0m | [0m1.143    [0m | [0m0.09623  [0m | [0m31.32    [0m | [0m0.1042   [0m |
[0.04 0.27 0.36 0.48 0.5  0.62 0.64 0.66 0.74 0.79 0.82 0.85 0.97 0.97
 0.98 1.03 1.04 1.13 1.18 1.3  1.35 1.41 1.47 1.49 1.57 1.61 1.68 1.71
 1.76 1.8  1.81 1.83 1.83 1.85 1.98 2.   2.07 2.14 2.21 2.22 2.22 2.35
 2.44 2.62 2.63 2.69 2.71 2.79 2.82 2.83 3.01 3.03 3.2  3.29 3.46 4.
 4.01 4.14 4.83 5.34]
var: 1.2899403055555547
| [0m57       [0m | [0m1.926    [0m | [0m0.3      [0m | [0m4.085    [0m | [0m0.9886   [0m |
[0.09 0.25 0.34 0.4  0.44 0.47 0.52 0.54 0.56 0.56 0.67 0.75 0.79 0.87
 1.02 1.03 1.06 1.09 1.15 1.18 1.26 1.26 1.29 1.38 1.45 1.45 1.52 1.61
 1.64 1.72 1.73 1.79 1.84 1.94 2.04 2.08 2.42 2.42 2.44 2.53 2.54 2.58
 2.62 2.82 2.93 3.   3.09 3.21 3.24 3.43 3.44 3.62 3.77 3.84 3.86 4.35
 5.54]
var: 1.4434634041243455
| [0m58       [0m | [0m1.885    [0m | [0m0.3      [0m | [0m3.866    [0m | [0m1.082    [0m |
[0.01 0.01 0.05 0.06 0.1  0.11 0.12 0.17 0.18 0.19 0.21 0.25 0.26 0.26
 0.31 0.33 0.35 0.4  0.41 0.42 0.45 0.54 0.55 0.56 0.57 0.58 0.59 0.6
 0.6  0.63 0.65 0.65 0.65 0.66 0.7  0.73 0.75 0.78 0.79 0.79 0.8  0.9
 0.9  0.93 0.94 0.97 1.05 1.09 1.15 1.26 1.35 1.38 1.39 1.52 1.67 1.69
 1.95 1.97 2.83]
var: 0.30614018960068945
| [0m59       [0m | [0m0.7247   [0m | [0m0.2432   [0m | [0m33.13    [0m | [0m0.4598   [0m |
[0.21 0.36 0.55 0.56 0.58 0.6  0.65 0.79 0.8  0.82 0.9  0.94 1.   1.04
 1.09 1.13 1.22 1.25 1.27 1.28 1.32 1.33 1.35 1.45 1.62 1.63 1.66 1.67
 1.7  1.72 1.74 1.75 1.79 1.79 1.85 1.88 1.91 1.92 1.93 1.95 1.97 2.
 2.08 2.16 2.23 2.24 2.37 2.41 2.45 2.5  2.6  2.71 2.84 2.88 3.4  3.48
 3.52 6.15 6.66]
var: 1.3159909221488082
| [0m60       [0m | [0m1.825    [0m | [0m0.3      [0m | [0m4.104    [0m | [0m1.2      [0m |
[0.09 0.12 0.16 0.25 0.29 0.32 0.45 0.47 0.58 0.65 0.66 0.75 0.77 0.8
 0.83 0.9  0.96 0.98 0.98 1.01 1.03 1.03 1.05 1.07 1.1  1.11 1.14 1.16
 1.17 1.17 1.18 1.22 1.23 1.24 1.29 1.32 1.33 1.4  1.44 1.46 1.51 1.53
 1.58 1.65 1.73 1.74 1.83 1.84 1.86 1.94 1.95 2.09 2.13 2.21 2.37 2.9
 2.92 3.19 3.3  3.95]
var: 0.6247865555555555
| [0m61       [0m | [0m1.34     [0m | [0m0.1415   [0m | [0m16.1     [0m | [0m0.394    [0m |
[0.22 0.32 0.36 0.4  0.41 0.41 0.49 0.51 0.51 0.52 0.55 0.56 0.61 0.66
 0.68 0.72 0.77 0.79 0.8  0.83 0.84 0.86 0.93 0.95 0.96 0.97 1.01 1.05
 1.12 1.13 1.13 1.17 1.23 1.28 1.3  1.31 1.37 1.37 1.52 1.54 1.56 1.69
 1.7  1.73 1.73 1.74 1.79 1.89 1.93 2.07 2.19 2.22 2.36 2.49 2.58 2.71
 2.91 3.13 3.58]
var: 0.5825433496121802
| [0m62       [0m | [0m1.291    [0m | [0m0.09725  [0m | [0m16.51    [0m | [0m0.08689  [0m |
[0.33 0.34 0.37 0.4  0.57 0.7  0.72 0.73 0.77 0.81 0.84 0.84 0.85 0.88
 0.91 1.01 1.24 1.25 1.26 1.28 1.3  1.33 1.34 1.38 1.44 1.46 1.47 1.49
 1.53 1.53 1.56 1.6  1.72 1.74 1.78 1.84 1.86 1.91 1.94 1.95 1.98 1.98
 1.98 2.17 2.17 2.23 2.39 2.6  2.7  2.77 3.03 3.15 3.31 3.32 3.46 3.57
 3.84 3.95 4.09]
var: 0.9176419419706987
| [0m63       [0m | [0m1.745    [0m | [0m0.2541   [0m | [0m4.221    [0m | [0m0.6953   [0m |
[0.27 0.32 0.35 0.43 0.5  0.51 0.53 0.54 0.58 0.67 0.68 0.76 0.8  0.82
 0.83 0.83 0.88 0.92 0.96 1.05 1.15 1.2  1.23 1.24 1.26 1.27 1.38 1.39
 1.45 1.55 1.61 1.62 1.65 1.67 1.7  1.78 1.84 1.87 1.88 1.89 1.93 2.04
 2.05 2.09 2.23 2.25 2.28 2.33 2.46 2.6  2.88 2.89 3.28 3.51 3.63 3.64
 3.92 8.18]
var: 1.5596980083234244
| [0m64       [0m | [0m1.691    [0m | [0m0.2349   [0m | [0m4.77     [0m | [0m1.18     [0m |
[0.14 0.3  0.3  0.35 0.42 0.44 0.46 0.49 0.5  0.51 0.59 0.68 0.71 0.73
 0.81 0.83 0.86 0.92 0.93 0.99 1.05 1.06 1.08 1.1  1.14 1.19 1.21 1.26
 1.26 1.28 1.68 1.71 1.74 1.83 1.85 1.91 1.91 1.96 2.02 2.04 2.06 2.1
 2.26 2.31 2.42 2.72 2.72 2.77 2.77 2.89 2.92 3.13 3.14 3.47 3.51 3.52
 3.59 4.38]
var: 1.0674536266349584
| [0m65       [0m | [0m1.637    [0m | [0m0.1902   [0m | [0m9.446    [0m | [0m1.486    [0m |
[0.2  0.25 0.35 0.37 0.37 0.38 0.39 0.41 0.43 0.47 0.5  0.5  0.65 0.7
 0.75 0.81 0.86 0.93 0.99 0.99 1.11 1.16 1.24 1.26 1.28 1.29 1.3  1.46
 1.46 1.53 1.66 1.69 1.7  1.74 1.81 1.82 2.09 2.17 2.19 2.21 2.28 2.38
 2.48 2.5  2.56 2.57 2.58 2.67 2.69 2.84 2.89 3.08 3.14 3.15 3.29 3.43
 3.53 3.67 3.7  5.33]
var: 1.2403603055555557
| [0m66       [0m | [0m1.737    [0m | [0m0.1936   [0m | [0m4.231    [0m | [0m1.156    [0m |
[0.28 0.3  0.47 0.49 0.53 0.61 0.62 0.73 0.8  0.81 0.88 0.89 0.9  0.96
 0.99 1.09 1.18 1.24 1.25 1.31 1.35 1.43 1.44 1.48 1.53 1.54 1.63 1.64
 1.66 1.76 1.78 1.84 1.9  2.   2.02 2.09 2.2  2.25 2.34 2.39 2.44 2.47
 2.53 2.82 2.88 3.04 3.18 3.34 3.35 3.38 3.47 3.83 3.85 4.07 4.08 6.41
 7.06]
var: 1.8463117882425357
| [0m67       [0m | [0m2.014    [0m | [0m0.1693   [0m | [0m4.011    [0m | [0m0.9715   [0m |
[0.01 0.02 0.04 0.05 0.13 0.14 0.14 0.16 0.2  0.22 0.23 0.23 0.24 0.24
 0.26 0.28 0.3  0.3  0.3  0.36 0.36 0.37 0.42 0.48 0.49 0.51 0.52 0.56
 0.56 0.58 0.58 0.61 0.63 0.64 0.65 0.68 0.76 0.8  0.8  0.86 0.89 0.99
 1.05 1.11 1.18 1.24 1.24 1.28 1.36 1.42 1.43 1.48 1.6  1.64 1.65 2.04
 2.26 2.91 3.01 3.15]
var: 0.5320195555555548
| [0m68       [0m | [0m0.8107   [0m | [0m0.2061   [0m | [0m37.88    [0m | [0m1.856    [0m |
[0.15 0.26 0.37 0.5  0.56 0.63 0.75 0.76 0.8  0.81 0.81 0.82 0.91 0.91
 0.96 1.   1.08 1.2  1.23 1.25 1.26 1.34 1.41 1.41 1.42 1.45 1.45 1.46
 1.49 1.57 1.58 1.62 1.62 1.64 1.67 1.69 1.7  1.83 1.87 1.87 1.88 2.02
 2.24 2.26 2.3  2.33 2.35 2.41 2.51 2.55 2.55 2.66 2.67 2.99 3.7  4.17
 6.26]
var: 1.0215328408741153
| [0m69       [0m | [0m1.666    [0m | [0m0.2469   [0m | [0m3.997    [0m | [0m0.7737   [0m |
[0.2  0.2  0.29 0.37 0.49 0.62 0.62 0.69 0.98 0.98 1.04 1.07 1.07 1.22
 1.32 1.32 1.38 1.41 1.53 1.66 1.71 1.72 1.75 1.83 1.88 1.9  1.92 1.92
 2.03 2.07 2.1  2.26 2.46 2.47 2.47 2.48 2.56 2.57 2.68 2.7  2.76 2.9
 2.9  2.91 3.01 3.05 3.11 3.15 3.3  3.33 3.33 3.46 3.55 3.55 3.76 3.86
 3.89 4.07 5.12 5.84]
var: 1.4347449722222223
| [95m70       [0m | [95m2.213    [0m | [95m0.0208   [0m | [95m4.156    [0m | [95m0.8641   [0m |
[0.34 0.35 0.41 0.42 0.46 0.48 0.62 0.73 0.78 0.8  0.92 1.11 1.11 1.21
 1.23 1.24 1.28 1.31 1.35 1.36 1.37 1.38 1.39 1.41 1.47 1.48 1.5  1.55
 1.56 1.57 1.67 1.7  1.71 1.73 1.77 1.9  1.91 1.95 1.98 2.03 2.19 2.3
 2.37 2.45 2.46 2.47 2.51 2.51 2.54 2.65 2.69 2.71 2.73 2.9  3.25 3.27
 3.59 3.77 4.25 5.28]
var: 0.9761203055555547
| [0m71       [0m | [0m1.824    [0m | [0m0.1419   [0m | [0m4.163    [0m | [0m0.8434   [0m |
[0.   0.   0.   0.03 0.05 0.09 0.1  0.11 0.13 0.16 0.36 0.37 0.41 0.5
 0.52 0.57 0.64 0.68 0.74 0.76 0.78 0.82 0.88 0.9  0.95 1.01 1.05 1.16
 1.18 1.25 1.28 1.29 1.35 1.46 1.53 1.55 1.61 1.64 1.67 1.75 1.75 1.77
 1.79 1.83 2.01 2.09 2.35 2.45 2.51 2.69 2.85 2.88 3.07 3.11 3.29 3.38
 3.72 6.  ]
var: 1.3403072829964322
| [0m72       [0m | [0m1.394    [0m | [0m1e-08    [0m | [0m4.29     [0m | [0m0.8255   [0m |
[0.2  0.49 0.51 0.56 0.58 0.61 0.64 0.66 0.67 0.95 0.95 0.96 1.01 1.04
 1.06 1.09 1.09 1.12 1.14 1.21 1.23 1.29 1.29 1.32 1.33 1.33 1.33 1.4
 1.42 1.43 1.43 1.5  1.52 1.53 1.57 1.64 1.67 1.71 1.72 1.75 1.77 1.8
 1.84 1.86 2.05 2.14 2.18 2.27 2.27 2.27 2.3  2.4  2.67 3.35 3.35 3.68
 5.46 5.89]
var: 1.0790398335315101
| [0m73       [0m | [0m1.647    [0m | [0m0.157    [0m | [0m7.732    [0m | [0m0.5839   [0m |
[0.28 0.49 0.54 0.55 0.55 0.62 0.65 0.65 0.7  0.71 0.74 0.78 0.87 0.88
 0.94 0.96 0.97 1.01 1.1  1.1  1.14 1.17 1.21 1.35 1.37 1.44 1.5  1.61
 1.68 1.76 1.87 1.97 2.   2.04 2.07 2.09 2.09 2.37 2.38 2.41 2.47 2.48
 2.49 2.5  2.6  2.99 3.2  3.22 3.25 3.25 3.35 3.38 3.5  3.51 3.58 3.58
 3.79 4.16 4.18 4.77]
var: 1.298417888888889
| [0m74       [0m | [0m1.948    [0m | [0m0.04074  [0m | [0m4.059    [0m | [0m1.006    [0m |
[0.28 0.54 0.6  0.61 0.61 0.64 0.68 0.68 0.74 0.75 0.82 0.82 0.84 0.88
 0.93 1.05 1.16 1.29 1.3  1.3  1.33 1.35 1.36 1.43 1.5  1.6  1.68 1.75
 1.77 1.77 1.78 1.78 1.79 1.91 1.93 1.98 2.05 2.18 2.23 2.31 2.49 2.58
 2.63 2.66 2.69 2.8  2.97 3.17 3.26 3.3  3.3  3.31 3.43 3.74 3.85 4.07
 4.72 5.06 5.23 5.81]
var: 1.6249636388888895
| [0m75       [0m | [0m2.051    [0m | [0m0.01261  [0m | [0m3.976    [0m | [0m0.769    [0m |
[0.23 0.25 0.34 0.34 0.36 0.37 0.37 0.38 0.38 0.53 0.59 0.61 0.65 0.65
 0.65 0.68 0.75 0.76 0.77 0.83 0.86 0.88 0.94 0.94 0.98 1.   1.07 1.14
 1.24 1.26 1.26 1.28 1.42 1.43 1.49 1.53 1.57 1.63 1.65 1.68 1.69 1.73
 1.8  1.81 1.91 1.92 2.11 2.15 2.26 2.36 2.38 2.52 2.56 2.57 2.61 2.67
 2.76 3.51 3.86 4.83]
var: 0.894980972222222
| [0m76       [0m | [0m1.429    [0m | [0m0.03598  [0m | [0m13.51    [0m | [0m0.7568   [0m |
[0.   0.02 0.04 0.06 0.07 0.08 0.08 0.14 0.15 0.16 0.16 0.19 0.23 0.23
 0.26 0.26 0.26 0.28 0.28 0.29 0.29 0.31 0.32 0.32 0.33 0.33 0.34 0.37
 0.39 0.41 0.41 0.42 0.42 0.43 0.44 0.46 0.48 0.49 0.49 0.5  0.51 0.52
 0.54 0.57 0.57 0.59 0.63 0.65 0.66 0.77 0.96 0.97 1.1  1.26 1.46 1.54
 1.55 1.63 1.66 3.13]
var: 0.28052566666666706
| [0m77       [0m | [0m0.541    [0m | [0m0.2896   [0m | [0m48.94    [0m | [0m2.751    [0m |
[0.14 0.15 0.21 0.46 0.5  0.55 0.57 0.58 0.59 0.63 0.63 0.75 0.85 0.85
 0.86 0.87 0.89 0.89 0.95 1.   1.08 1.09 1.12 1.25 1.35 1.38 1.42 1.44
 1.46 1.52 1.59 1.63 1.65 1.65 1.67 1.69 1.72 1.82 1.82 1.84 1.85 1.96
 1.99 2.1  2.1  2.11 2.13 2.28 2.4  2.44 2.55 2.65 2.66 2.67 2.83 2.86
 3.08 4.04 4.35]
var: 0.7958467107153115
| [0m78       [0m | [0m1.562    [0m | [0m0.3      [0m | [0m4.574    [0m | [0m1.205    [0m |
[0.06 0.34 0.36 0.38 0.56 0.59 0.68 0.77 0.8  0.84 0.87 0.9  0.91 0.95
 1.07 1.16 1.17 1.2  1.21 1.33 1.41 1.43 1.43 1.51 1.51 1.52 1.62 1.63
 1.69 1.73 1.9  1.93 1.95 1.96 1.98 1.99 2.08 2.19 2.21 2.22 2.27 2.4
 2.45 2.51 2.52 2.62 2.65 2.66 2.75 2.82 2.87 3.19 3.56 3.59 3.6  3.61
 4.21 5.04 5.14]
var: 1.2237574260270025
| [0m79       [0m | [0m1.907    [0m | [0m0.02337  [0m | [0m9.282    [0m | [0m1.402    [0m |
[0.11 0.4  0.42 0.46 0.53 0.62 0.88 0.93 0.95 0.98 1.06 1.06 1.11 1.13
 1.15 1.23 1.23 1.34 1.36 1.38 1.38 1.4  1.41 1.63 1.75 1.79 1.8  1.81
 1.87 1.88 1.97 2.   2.15 2.19 2.24 2.25 2.34 2.38 2.45 2.55 2.66 2.7
 2.79 2.8  2.86 2.9  2.93 3.12 3.32 3.44 3.56 3.91 4.   4.1  4.28 4.38
 5.01 7.07]
var: 1.6775803804994052
| [0m80       [0m | [0m2.128    [0m | [0m0.09773  [0m | [0m9.319    [0m | [0m1.238    [0m |
=============================================================
None
num_trials:  40  inits,  40  iters,  60  per
rho:  50
pthin:  0.80

Best VPT: 2.2131666666666674
Best result: {'a': 0.020797500950773328, 'g': 4.155654509386361, 's': 0.8641011429805991}

KERNEL: nu=1.5, lengthscale=2.0, alpha=0.0005
