|   iter    |  target   |     a     |     g     |     s     |
-------------------------------------------------------------
[0.02 0.05 0.2  0.22 0.25 0.29 0.3  0.31 0.33 0.4  0.42 0.45 0.49 0.51
 0.51 0.52 0.57 0.62 0.62 0.64 0.67 0.69 0.72 0.72 0.73 0.74 0.75 0.77
 0.78 0.78 0.82 0.83 0.85 0.85 0.9  0.91 0.92 0.94 0.97 1.   1.   1.03
 1.06 1.08 1.09 1.11 1.11 1.18 1.24 1.27 1.38 1.46 1.51 1.73 1.78 1.87
 1.95 1.99 2.07 2.1 ]
var: 0.25288475000000005
| [0m1        [0m | [0m0.8845   [0m | [0m0.2543   [0m | [0m20.59    [0m | [0m2.637    [0m |
[0.02 0.04 0.04 0.05 0.12 0.12 0.13 0.15 0.17 0.2  0.2  0.21 0.31 0.36
 0.39 0.4  0.4  0.41 0.44 0.45 0.52 0.59 0.62 0.63 0.64 0.66 0.71 0.72
 0.72 0.77 0.77 0.77 0.78 0.84 0.92 0.94 0.98 0.99 1.02 1.06 1.1  1.12
 1.15 1.15 1.16 1.17 1.24 1.33 1.37 1.39 1.47 1.49 1.5  1.51 1.61 1.73
 2.22 2.29 2.71 2.77]
var: 0.40350455555555537
| [0m2        [0m | [0m0.8623   [0m | [0m0.1543   [0m | [0m33.19    [0m | [0m1.074    [0m |
[0.01 0.02 0.02 0.04 0.04 0.06 0.08 0.12 0.13 0.2  0.26 0.27 0.33 0.43
 0.46 0.49 0.51 0.58 0.6  0.65 0.68 0.69 0.7  0.74 0.77 0.79 0.8  0.81
 0.81 0.88 0.94 0.94 0.94 0.96 0.98 1.02 1.02 1.02 1.02 1.03 1.04 1.05
 1.07 1.09 1.12 1.15 1.18 1.2  1.24 1.29 1.32 1.37 1.46 1.49 1.7  1.78
 1.94 2.19 2.24 2.29]
var: 0.31418208333333325
| [0m3        [0m | [0m0.8675   [0m | [0m0.218    [0m | [0m16.6     [0m | [0m2.813    [0m |
[0.02 0.04 0.05 0.09 0.14 0.2  0.23 0.24 0.28 0.3  0.35 0.4  0.4  0.41
 0.48 0.49 0.5  0.51 0.53 0.53 0.57 0.63 0.67 0.67 0.7  0.72 0.72 0.75
 0.77 0.78 0.82 0.83 0.84 0.88 0.89 0.9  0.9  0.91 0.95 1.03 1.11 1.11
 1.16 1.21 1.25 1.37 1.38 1.4  1.4  1.45 1.46 1.58 1.58 1.6  1.62 1.87
 1.89 2.01 2.08 2.63]
var: 0.32413266666666574
| [95m4        [0m | [95m0.888    [0m | [95m0.1514   [0m | [95m25.11    [0m | [95m1.069    [0m |
[0.07 0.11 0.12 0.12 0.13 0.18 0.21 0.28 0.34 0.36 0.45 0.5  0.52 0.53
 0.53 0.55 0.56 0.59 0.61 0.65 0.65 0.71 0.79 0.85 0.88 0.89 0.89 0.92
 0.93 0.93 0.94 0.95 0.98 1.04 1.05 1.07 1.09 1.1  1.12 1.17 1.27 1.31
 1.32 1.4  1.51 1.52 1.55 1.56 1.59 1.64 1.65 1.68 1.69 1.71 1.97 2.21
 2.36 2.65 3.16 3.54]
var: 0.5194043055555555
| [95m5        [0m | [95m1.061    [0m | [95m0.1439   [0m | [95m1.718    [0m | [95m0.2363   [0m |
[0.   0.   0.05 0.06 0.07 0.08 0.09 0.12 0.13 0.13 0.17 0.2  0.29 0.4
 0.41 0.43 0.46 0.46 0.47 0.5  0.5  0.52 0.61 0.62 0.62 0.62 0.64 0.65
 0.66 0.68 0.68 0.69 0.7  0.7  0.71 0.73 0.76 0.79 0.81 0.82 0.82 0.83
 0.88 0.93 0.93 0.94 0.94 0.97 1.09 1.12 1.3  1.31 1.43 1.47 1.48 1.51
 1.6  1.9  2.13 2.43]
var: 0.27133733333333315
| [0m6        [0m | [0m0.734    [0m | [0m0.1483   [0m | [0m35.06    [0m | [0m2.157    [0m |
[0.   0.01 0.04 0.04 0.05 0.1  0.14 0.15 0.16 0.17 0.24 0.26 0.26 0.29
 0.32 0.34 0.34 0.39 0.39 0.42 0.43 0.44 0.45 0.45 0.47 0.51 0.52 0.52
 0.65 0.65 0.66 0.68 0.68 0.74 0.76 0.77 0.78 0.78 0.8  0.9  0.93 1.06
 1.08 1.08 1.11 1.15 1.17 1.18 1.21 1.27 1.35 1.42 1.52 1.67 1.67 1.8
 1.81 1.91 2.29 2.41]
var: 0.33725066666666714
| [0m7        [0m | [0m0.764    [0m | [0m0.08394  [0m | [0m23.91    [0m | [0m2.091    [0m |
[0.   0.   0.03 0.05 0.06 0.09 0.13 0.28 0.29 0.3  0.31 0.32 0.32 0.38
 0.38 0.41 0.54 0.58 0.62 0.64 0.69 0.69 0.81 0.81 0.84 0.84 0.91 0.95
 0.95 0.96 0.96 0.97 0.98 0.98 1.01 1.08 1.09 1.1  1.11 1.13 1.14 1.15
 1.16 1.18 1.22 1.26 1.33 1.34 1.35 1.37 1.43 1.5  1.58 1.7  1.77 1.89
 1.96 1.96 1.98 3.36]
var: 0.38121433333333293
| [0m8        [0m | [0m0.937    [0m | [0m0.1976   [0m | [0m25.55    [0m | [0m1.263    [0m |
[0.01 0.09 0.32 0.33 0.35 0.4  0.48 0.48 0.51 0.52 0.53 0.53 0.54 0.55
 0.6  0.62 0.63 0.66 0.67 0.7  0.74 0.76 0.78 0.79 0.8  0.83 0.85 0.87
 0.87 0.88 0.9  0.91 0.95 0.96 0.99 1.   1.02 1.02 1.09 1.1  1.12 1.13
 1.15 1.18 1.2  1.21 1.23 1.25 1.26 1.36 1.37 1.42 1.47 1.55 1.59 1.74
 1.74 2.13 2.46 2.61]
var: 0.25343888888888894
| [0m9        [0m | [0m0.9633   [0m | [0m0.1103   [0m | [0m9.838    [0m | [0m2.37     [0m |
[0.01 0.01 0.04 0.05 0.12 0.14 0.15 0.21 0.22 0.24 0.25 0.32 0.46 0.47
 0.51 0.54 0.57 0.6  0.6  0.63 0.67 0.67 0.67 0.67 0.68 0.68 0.69 0.7
 0.72 0.79 0.8  0.83 0.85 0.85 0.86 0.86 0.89 0.91 0.94 0.97 0.99 1.
 1.14 1.16 1.18 1.22 1.25 1.26 1.27 1.31 1.32 1.35 1.36 1.59 1.69 1.97
 2.05 2.07 2.42 2.91]
var: 0.35216541666666734
| [0m10       [0m | [0m0.8725   [0m | [0m0.2341   [0m | [0m14.57    [0m | [0m1.995    [0m |
[0.01 0.01 0.02 0.07 0.12 0.28 0.3  0.32 0.32 0.35 0.36 0.38 0.42 0.49
 0.54 0.55 0.57 0.6  0.64 0.67 0.67 0.7  0.7  0.72 0.75 0.77 0.78 0.79
 0.79 0.82 0.82 0.86 0.9  0.9  0.93 0.96 1.02 1.03 1.06 1.06 1.08 1.12
 1.19 1.19 1.19 1.2  1.21 1.23 1.23 1.26 1.27 1.29 1.39 1.4  1.6  1.64
 1.64 1.79 1.95 2.03]
var: 0.22641097222222223
| [0m11       [0m | [0m0.8658   [0m | [0m0.156    [0m | [0m13.46    [0m | [0m2.608    [0m |
[0.   0.   0.02 0.02 0.03 0.03 0.04 0.05 0.05 0.07 0.1  0.15 0.23 0.25
 0.32 0.32 0.35 0.42 0.42 0.53 0.53 0.56 0.56 0.6  0.61 0.64 0.67 0.68
 0.68 0.71 0.71 0.71 0.71 0.73 0.76 0.8  0.8  0.81 0.83 0.84 0.85 0.87
 0.91 0.99 1.03 1.04 1.05 1.09 1.2  1.2  1.22 1.27 1.48 1.67 1.82 1.9
 1.99 2.09 2.57 2.86]
var: 0.3962639999999999
| [0m12       [0m | [0m0.774    [0m | [0m0.2166   [0m | [0m39.05    [0m | [0m1.931    [0m |
[0.01 0.02 0.04 0.04 0.07 0.08 0.09 0.18 0.21 0.22 0.22 0.36 0.36 0.37
 0.4  0.43 0.44 0.46 0.49 0.49 0.49 0.53 0.55 0.6  0.64 0.65 0.65 0.65
 0.66 0.67 0.72 0.72 0.74 0.79 0.81 0.81 0.81 0.83 0.84 0.87 0.87 0.9
 0.97 0.98 1.03 1.04 1.06 1.15 1.17 1.18 1.22 1.3  1.35 1.38 1.45 1.47
 1.49 1.53 2.28 3.2 ]
var: 0.30949363888888937
| [0m13       [0m | [0m0.7672   [0m | [0m0.283    [0m | [0m36.17    [0m | [0m0.5134   [0m |
[0.   0.01 0.12 0.15 0.22 0.26 0.29 0.31 0.32 0.36 0.38 0.39 0.48 0.48
 0.57 0.66 0.67 0.67 0.68 0.69 0.74 0.77 0.79 0.83 0.84 0.86 0.86 0.89
 0.9  0.95 0.98 1.01 1.02 1.02 1.03 1.07 1.1  1.11 1.18 1.19 1.21 1.21
 1.24 1.27 1.32 1.48 1.52 1.53 1.57 1.76 1.77 1.83 1.87 2.03 2.08 2.13
 2.25 2.31 2.52 2.56]
var: 0.406029416666667
| [0m14       [0m | [0m1.039    [0m | [0m0.04593  [0m | [0m25.46    [0m | [0m1.388    [0m |
[0.   0.01 0.08 0.08 0.1  0.12 0.12 0.14 0.14 0.17 0.25 0.26 0.34 0.38
 0.39 0.4  0.4  0.44 0.49 0.5  0.52 0.53 0.54 0.54 0.56 0.59 0.65 0.65
 0.68 0.72 0.73 0.74 0.75 0.79 0.82 0.83 0.85 0.86 0.93 0.94 0.95 0.96
 0.98 0.99 1.02 1.02 1.07 1.09 1.16 1.19 1.27 1.29 1.31 1.31 1.45 1.46
 1.5  1.52 1.64 2.15]
var: 0.21809622222222266
| [0m15       [0m | [0m0.7393   [0m | [0m0.2174   [0m | [0m33.14    [0m | [0m2.084    [0m |
[0.03 0.04 0.11 0.12 0.17 0.21 0.22 0.3  0.31 0.37 0.37 0.4  0.41 0.42
 0.45 0.48 0.48 0.57 0.6  0.6  0.62 0.65 0.66 0.67 0.68 0.68 0.71 0.75
 0.81 0.94 0.95 0.95 0.97 0.98 0.98 1.01 1.02 1.04 1.09 1.11 1.16 1.26
 1.27 1.27 1.33 1.38 1.39 1.45 1.52 1.55 1.62 1.67 1.8  1.81 1.96 1.96
 1.99 2.51 2.54 3.06]
var: 0.4273536388888892
| [0m16       [0m | [0m0.9738   [0m | [0m0.1792   [0m | [0m31.98    [0m | [0m1.261    [0m |
[0.   0.   0.01 0.01 0.01 0.06 0.09 0.13 0.14 0.18 0.19 0.26 0.29 0.29
 0.29 0.33 0.35 0.4  0.44 0.48 0.5  0.55 0.63 0.63 0.64 0.64 0.74 0.74
 0.75 0.76 0.88 0.92 0.99 0.99 1.05 1.14 1.14 1.16 1.22 1.23 1.33 1.34
 1.38 1.59 1.62 1.89 1.89 1.89 1.94 1.97 1.99 2.25 2.29 2.33 2.49 2.54
 2.58 2.65 2.82 6.07]
var: 1.0711372222222222
| [95m17       [0m | [95m1.102    [0m | [95m0.01478  [0m | [95m38.39    [0m | [95m0.9623   [0m |
[0.03 0.03 0.05 0.1  0.11 0.11 0.22 0.24 0.32 0.33 0.34 0.35 0.37 0.37
 0.39 0.5  0.55 0.57 0.58 0.59 0.6  0.66 0.67 0.68 0.68 0.71 0.74 0.76
 0.87 0.88 0.89 0.93 0.98 0.98 1.09 1.1  1.12 1.13 1.16 1.18 1.18 1.21
 1.22 1.22 1.22 1.26 1.28 1.28 1.29 1.3  1.34 1.47 1.51 1.59 1.6  1.61
 1.63 2.25 2.47 3.03]
var: 0.35574822222222213
| [0m18       [0m | [0m0.9153   [0m | [0m0.2201   [0m | [0m25.65    [0m | [0m0.7086   [0m |
[0.04 0.05 0.08 0.09 0.12 0.18 0.29 0.31 0.34 0.4  0.41 0.42 0.44 0.46
 0.47 0.49 0.5  0.6  0.66 0.67 0.69 0.7  0.7  0.71 0.73 0.75 0.75 0.78
 0.8  0.8  0.8  0.82 0.83 0.85 0.93 0.93 0.95 0.99 1.04 1.06 1.09 1.1
 1.16 1.18 1.2  1.23 1.23 1.26 1.29 1.37 1.38 1.48 1.56 1.58 1.7  1.85
 1.87 1.91 1.97 2.24]
var: 0.2678826666666668
| [0m19       [0m | [0m0.888    [0m | [0m0.1076   [0m | [0m38.95    [0m | [0m1.683    [0m |
[0.   0.18 0.18 0.22 0.27 0.27 0.31 0.32 0.33 0.34 0.36 0.38 0.38 0.42
 0.46 0.48 0.51 0.53 0.53 0.56 0.57 0.59 0.59 0.6  0.6  0.63 0.65 0.65
 0.65 0.68 0.71 0.71 0.73 0.73 0.74 0.74 0.76 0.78 0.8  0.86 0.86 0.87
 0.9  0.92 0.95 0.96 0.99 0.99 1.16 1.19 1.19 1.34 1.65 1.69 1.74 1.75
 1.82 1.9  2.03 2.41]
var: 0.25519163888888874
| [0m20       [0m | [0m0.8018   [0m | [0m0.2301   [0m | [0m41.2     [0m | [0m0.7318   [0m |
[0.   0.   0.01 0.02 0.08 0.1  0.2  0.23 0.24 0.31 0.38 0.43 0.44 0.47
 0.47 0.47 0.49 0.49 0.5  0.5  0.52 0.54 0.56 0.56 0.61 0.66 0.69 0.69
 0.71 0.71 0.73 0.77 0.79 0.81 0.81 0.83 0.85 0.86 0.88 0.89 0.9  0.91
 0.92 0.93 0.94 0.99 1.03 1.04 1.04 1.1  1.11 1.11 1.18 1.25 1.26 1.28
 1.5  1.52 1.75 2.15]
var: 0.185474972222222
| [0m21       [0m | [0m0.7368   [0m | [0m0.1656   [0m | [0m27.23    [0m | [0m2.245    [0m |
[0.   0.02 0.04 0.07 0.13 0.14 0.15 0.16 0.17 0.2  0.22 0.26 0.28 0.3
 0.34 0.38 0.43 0.46 0.47 0.49 0.51 0.51 0.56 0.57 0.58 0.63 0.64 0.68
 0.69 0.71 0.73 0.75 0.77 0.77 0.81 0.82 0.84 0.88 0.89 0.9  0.97 0.97
 0.97 1.02 1.11 1.13 1.17 1.19 1.19 1.21 1.27 1.28 1.29 1.3  1.35 1.35
 1.42 1.5  1.59 1.81]
var: 0.20052066666666676
| [0m22       [0m | [0m0.734    [0m | [0m0.2636   [0m | [0m15.16    [0m | [0m2.98     [0m |
[0.02 0.03 0.07 0.2  0.2  0.22 0.25 0.26 0.33 0.36 0.36 0.37 0.39 0.4
 0.44 0.47 0.53 0.56 0.56 0.6  0.61 0.62 0.67 0.79 0.81 0.83 0.89 0.96
 0.98 1.07 1.1  1.18 1.19 1.3  1.3  1.31 1.32 1.33 1.39 1.42 1.45 1.47
 1.48 1.48 1.5  1.52 1.53 1.59 1.66 1.79 1.86 1.99 2.02 2.04 2.42 2.49
 2.51 2.65 2.8  2.92]
var: 0.5544745555555562
| [95m23       [0m | [95m1.114    [0m | [95m0.04146  [0m | [95m22.73    [0m | [95m0.939    [0m |
[0.02 0.11 0.12 0.13 0.16 0.18 0.18 0.18 0.19 0.19 0.23 0.26 0.27 0.28
 0.29 0.3  0.32 0.33 0.35 0.4  0.41 0.46 0.46 0.54 0.57 0.58 0.59 0.6
 0.6  0.66 0.72 0.76 0.78 0.83 0.85 0.9  0.93 0.95 0.97 1.01 1.1  1.11
 1.14 1.16 1.16 1.16 1.16 1.18 1.24 1.28 1.31 1.33 1.38 1.42 1.54 1.56
 1.65 1.76 1.82 1.96]
var: 0.25614600000000004
| [0m24       [0m | [0m0.768    [0m | [0m0.2108   [0m | [0m32.36    [0m | [0m1.335    [0m |
[0.19 0.33 0.39 0.53 0.59 0.6  0.66 0.78 0.82 0.85 0.94 1.08 1.11 1.14
 1.18 1.19 1.2  1.25 1.26 1.26 1.31 1.39 1.42 1.43 1.46 1.46 1.49 1.51
 1.6  1.62 1.7  1.73 1.73 1.79 1.83 1.84 1.86 1.89 1.89 1.91 1.92 1.96
 1.97 2.03 2.07 2.07 2.13 2.16 2.18 2.2  2.22 2.29 2.33 2.48 2.48 2.52
 2.55 2.65 2.85 5.35]
var: 0.6222532222222229
| [95m25       [0m | [95m1.644    [0m | [95m0.05771  [0m | [95m17.52    [0m | [95m0.474    [0m |
[0.04 0.07 0.12 0.13 0.19 0.19 0.22 0.28 0.3  0.32 0.33 0.34 0.39 0.4
 0.41 0.42 0.42 0.47 0.49 0.54 0.56 0.57 0.58 0.58 0.61 0.66 0.68 0.69
 0.7  0.7  0.71 0.75 0.75 0.8  0.82 0.85 0.88 0.91 0.98 0.99 1.05 1.08
 1.1  1.11 1.12 1.13 1.13 1.14 1.14 1.22 1.28 1.38 1.47 1.48 1.48 1.53
 1.57 2.   2.31 2.36]
var: 0.2666748888888892
| [0m26       [0m | [0m0.8153   [0m | [0m0.2134   [0m | [0m19.78    [0m | [0m0.8407   [0m |
[0.01 0.03 0.03 0.03 0.07 0.07 0.17 0.17 0.22 0.24 0.25 0.28 0.28 0.3
 0.3  0.31 0.32 0.39 0.4  0.51 0.52 0.58 0.59 0.61 0.62 0.62 0.62 0.64
 0.65 0.66 0.67 0.68 0.73 0.77 0.8  0.81 0.82 0.83 0.83 0.84 0.84 0.94
 1.   1.07 1.15 1.16 1.17 1.21 1.25 1.38 1.38 1.56 1.59 1.61 1.67 1.8
 1.92 1.94 2.28 2.38]
var: 0.3328369722222225
| [0m27       [0m | [0m0.7928   [0m | [0m0.1993   [0m | [0m49.54    [0m | [0m1.464    [0m |
[0.13 0.15 0.21 0.24 0.27 0.31 0.34 0.35 0.35 0.36 0.36 0.41 0.41 0.46
 0.53 0.53 0.55 0.59 0.59 0.59 0.59 0.6  0.63 0.65 0.66 0.71 0.74 0.76
 0.76 0.78 0.86 0.9  0.93 0.96 0.97 1.03 1.08 1.09 1.12 1.19 1.22 1.23
 1.31 1.4  1.42 1.46 1.5  1.51 1.53 1.62 1.64 1.64 1.67 1.74 1.75 1.9
 1.96 1.98 2.05 2.12]
var: 0.3046994166666661
| [0m28       [0m | [0m0.9565   [0m | [0m0.1742   [0m | [0m47.78    [0m | [0m0.4519   [0m |
[0.   0.12 0.13 0.13 0.13 0.2  0.25 0.25 0.26 0.43 0.47 0.48 0.52 0.52
 0.57 0.61 0.61 0.61 0.64 0.64 0.64 0.67 0.67 0.67 0.68 0.72 0.72 0.74
 0.75 0.78 0.8  0.83 0.86 0.88 0.9  0.91 0.92 0.93 0.98 1.02 1.04 1.05
 1.08 1.08 1.1  1.1  1.12 1.13 1.14 1.16 1.18 1.22 1.22 1.28 1.31 1.35
 1.53 1.74 1.82 2.14]
var: 0.18500363888888893
| [0m29       [0m | [0m0.8238   [0m | [0m0.2857   [0m | [0m7.135    [0m | [0m2.894    [0m |
[0.02 0.03 0.05 0.07 0.08 0.08 0.11 0.12 0.16 0.18 0.18 0.25 0.26 0.34
 0.36 0.42 0.44 0.47 0.5  0.55 0.57 0.59 0.65 0.67 0.67 0.7  0.73 0.78
 0.79 0.82 0.85 0.85 0.89 0.96 0.99 0.99 1.03 1.08 1.09 1.18 1.18 1.21
 1.24 1.25 1.26 1.36 1.37 1.4  1.45 1.45 1.5  1.54 1.55 1.6  1.66 1.72
 1.73 1.75 1.76 1.87]
var: 0.2975988888888888
| [0m30       [0m | [0m0.8567   [0m | [0m0.161    [0m | [0m31.76    [0m | [0m1.655    [0m |
[0.03 0.05 0.08 0.15 0.16 0.16 0.16 0.17 0.17 0.2  0.22 0.25 0.26 0.28
 0.3  0.3  0.32 0.33 0.36 0.37 0.37 0.37 0.38 0.38 0.46 0.46 0.47 0.48
 0.49 0.5  0.53 0.54 0.54 0.56 0.57 0.6  0.67 0.71 0.73 0.76 0.77 0.78
 0.8  0.87 0.87 0.88 0.9  0.9  0.93 1.   1.03 1.05 1.07 1.11 1.14 1.18
 1.22 1.23 1.43 1.93]
var: 0.15027988888888869
| [0m31       [0m | [0m0.5997   [0m | [0m0.2244   [0m | [0m43.38    [0m | [0m2.313    [0m |
[0.01 0.04 0.07 0.09 0.12 0.19 0.2  0.25 0.29 0.3  0.3  0.31 0.37 0.37
 0.43 0.46 0.47 0.62 0.64 0.66 0.66 0.67 0.67 0.67 0.68 0.7  0.71 0.71
 0.72 0.74 0.74 0.76 0.77 0.78 0.78 0.8  0.89 0.93 0.96 0.96 1.   1.1
 1.11 1.12 1.13 1.14 1.14 1.17 1.19 1.24 1.24 1.33 1.36 1.71 1.8  1.87
 1.92 1.99 2.05 3.07]
var: 0.3313236388888891
| [0m32       [0m | [0m0.8528   [0m | [0m0.1082   [0m | [0m36.16    [0m | [0m1.311    [0m |
[0.   0.   0.   0.   0.01 0.03 0.04 0.05 0.1  0.11 0.12 0.15 0.2  0.21
 0.27 0.28 0.3  0.3  0.3  0.31 0.34 0.37 0.42 0.45 0.5  0.52 0.59 0.6
 0.62 0.62 0.64 0.68 0.68 0.69 0.7  0.75 0.75 0.76 0.82 0.83 0.83 0.86
 0.86 0.9  0.91 0.95 1.01 1.02 1.07 1.1  1.1  1.19 1.23 1.42 1.49 1.57
 1.72 2.3  2.86 4.29]
var: 0.5249316388888887
| [0m33       [0m | [0m0.7298   [0m | [0m0.2417   [0m | [0m38.79    [0m | [0m2.739    [0m |
[0.03 0.04 0.04 0.11 0.13 0.16 0.17 0.18 0.26 0.28 0.32 0.38 0.38 0.48
 0.49 0.52 0.55 0.57 0.62 0.62 0.65 0.68 0.69 0.7  0.79 0.82 0.83 0.85
 0.86 0.89 0.9  0.92 0.95 0.96 1.03 1.04 1.04 1.07 1.14 1.14 1.15 1.18
 1.2  1.2  1.22 1.25 1.27 1.29 1.37 1.38 1.42 1.5  1.68 1.68 1.74 1.79
 2.   2.01 2.21 2.42]
var: 0.3183928888888887
| [0m34       [0m | [0m0.9207   [0m | [0m0.2552   [0m | [0m18.93    [0m | [0m1.519    [0m |
[0.01 0.02 0.06 0.08 0.13 0.18 0.18 0.19 0.32 0.38 0.46 0.5  0.5  0.57
 0.57 0.63 0.64 0.64 0.65 0.65 0.66 0.71 0.71 0.74 0.77 0.79 0.79 0.82
 0.85 0.86 0.87 0.88 0.95 0.98 1.05 1.06 1.07 1.08 1.08 1.09 1.12 1.14
 1.16 1.17 1.21 1.23 1.24 1.3  1.33 1.47 1.55 1.56 1.61 1.69 1.72 1.81
 1.88 2.22 2.78 3.59]
var: 0.41802763888888933
| [0m35       [0m | [0m0.9658   [0m | [0m0.2115   [0m | [0m10.73    [0m | [0m2.335    [0m |
[0.03 0.03 0.05 0.13 0.23 0.23 0.25 0.29 0.34 0.36 0.4  0.41 0.41 0.51
 0.57 0.6  0.64 0.67 0.67 0.69 0.7  0.7  0.71 0.73 0.74 0.74 0.79 0.83
 0.9  0.93 0.95 0.96 0.97 1.04 1.04 1.07 1.12 1.12 1.16 1.17 1.17 1.19
 1.2  1.26 1.28 1.31 1.34 1.37 1.37 1.4  1.42 1.45 1.52 1.53 1.63 1.94
 1.95 2.27 2.29 4.49]
var: 0.4806278888888887
| [0m36       [0m | [0m0.9877   [0m | [0m0.07864  [0m | [0m28.07    [0m | [0m2.179    [0m |
[0.   0.   0.02 0.03 0.05 0.06 0.14 0.15 0.25 0.26 0.29 0.29 0.31 0.33
 0.34 0.36 0.38 0.39 0.43 0.43 0.58 0.61 0.61 0.62 0.62 0.64 0.67 0.68
 0.71 0.76 0.76 0.77 0.78 0.8  0.82 0.84 0.87 0.9  0.91 0.95 0.95 0.99
 1.03 1.04 1.08 1.08 1.1  1.19 1.21 1.22 1.27 1.29 1.49 1.51 1.56 1.64
 1.67 1.7  1.77 2.55]
var: 0.2755976388888893
| [0m37       [0m | [0m0.7792   [0m | [0m0.2034   [0m | [0m36.0     [0m | [0m2.856    [0m |
[0.   0.   0.   0.01 0.05 0.06 0.08 0.12 0.13 0.13 0.17 0.18 0.18 0.19
 0.2  0.25 0.29 0.31 0.35 0.37 0.38 0.38 0.41 0.46 0.48 0.48 0.49 0.5
 0.51 0.51 0.52 0.58 0.59 0.59 0.6  0.68 0.69 0.69 0.7  0.72 0.72 0.74
 0.88 0.88 0.91 0.93 0.93 0.97 1.03 1.06 1.08 1.13 1.14 1.19 1.26 1.32
 1.45 1.48 1.62 1.66]
var: 0.1887249722222223
| [0m38       [0m | [0m0.6068   [0m | [0m0.2232   [0m | [0m48.69    [0m | [0m2.123    [0m |
[0.   0.07 0.14 0.14 0.15 0.15 0.23 0.24 0.25 0.35 0.36 0.36 0.37 0.37
 0.38 0.44 0.45 0.53 0.54 0.54 0.58 0.6  0.61 0.61 0.69 0.71 0.77 0.79
 0.81 0.83 0.88 0.91 0.93 0.93 0.95 0.96 1.01 1.01 1.04 1.12 1.12 1.16
 1.19 1.2  1.23 1.25 1.3  1.32 1.43 1.47 1.49 1.57 1.69 1.8  1.92 2.32
 2.54 2.56 2.67 2.9 ]
var: 0.4564036388888892
| [0m39       [0m | [0m0.9488   [0m | [0m0.1088   [0m | [0m36.73    [0m | [0m0.8104   [0m |
[0.02 0.03 0.08 0.13 0.18 0.23 0.25 0.25 0.26 0.33 0.33 0.34 0.37 0.37
 0.4  0.43 0.48 0.54 0.56 0.58 0.58 0.62 0.68 0.68 0.75 0.79 0.8  0.81
 0.81 0.82 0.84 0.85 0.85 0.86 0.93 0.93 0.94 0.95 1.   1.1  1.11 1.13
 1.14 1.2  1.22 1.22 1.26 1.28 1.29 1.37 1.41 1.42 1.45 1.57 1.64 1.79
 1.84 2.01 2.08 2.11]
var: 0.27651608333333333
| [0m40       [0m | [0m0.8715   [0m | [0m0.2636   [0m | [0m4.878    [0m | [0m1.762    [0m |
[0.23 0.25 0.26 0.31 0.36 0.4  0.42 0.45 0.45 0.49 0.49 0.53 0.53 0.55
 0.56 0.57 0.58 0.61 0.64 0.64 0.66 0.7  0.71 0.73 0.75 0.79 0.79 0.81
 0.82 0.83 0.83 0.86 0.93 0.95 0.96 1.07 1.08 1.1  1.11 1.12 1.17 1.18
 1.35 1.45 1.46 1.46 1.5  1.52 1.56 1.59 1.68 1.75 1.79 1.84 1.9  2.03
 2.35 2.39 2.7  3.91]
var: 0.4643738888888892
| [0m41       [0m | [0m1.058    [0m | [0m0.255    [0m | [0m17.43    [0m | [0m0.4705   [0m |
[0.12 0.37 0.59 0.66 0.66 0.66 0.69 0.71 0.74 0.78 0.87 0.94 0.98 0.99
 1.09 1.11 1.12 1.13 1.16 1.27 1.29 1.36 1.4  1.42 1.44 1.48 1.51 1.57
 1.61 1.68 1.72 1.72 1.74 1.76 1.83 1.83 1.84 1.84 1.84 1.89 2.05 2.08
 2.14 2.16 2.17 2.19 2.3  2.39 2.39 2.5  2.62 2.68 2.68 2.77 2.81 2.83
 3.06 3.13 3.35 3.62]
var: 0.6204003055555555
| [95m42       [0m | [95m1.689    [0m | [95m0.09893  [0m | [95m17.46    [0m | [95m0.3633   [0m |
[0.47 0.79 0.8  0.88 0.89 0.93 0.94 0.94 1.05 1.07 1.11 1.14 1.16 1.17
 1.17 1.38 1.43 1.47 1.67 1.76 1.83 1.83 1.85 1.87 1.89 1.9  1.94 1.95
 1.98 1.98 2.04 2.05 2.07 2.07 2.09 2.16 2.17 2.18 2.21 2.21 2.24 2.25
 2.26 2.29 2.3  2.36 2.42 2.43 2.61 2.64 2.68 2.69 2.69 3.32 3.61 3.77
 3.79 4.1  4.11 4.87]
var: 0.8124026666666662
| [95m43       [0m | [95m2.032    [0m | [95m0.0582   [0m | [95m17.38    [0m | [95m0.4058   [0m |
[0.   0.01 0.03 0.04 0.07 0.11 0.11 0.13 0.16 0.18 0.19 0.2  0.22 0.24
 0.38 0.42 0.45 0.56 0.57 0.61 0.62 0.65 0.68 0.69 0.71 0.73 0.73 0.78
 0.88 0.95 0.97 1.06 1.09 1.12 1.15 1.16 1.21 1.23 1.25 1.28 1.3  1.33
 1.49 1.49 1.5  1.52 1.56 1.64 1.65 1.66 1.69 1.69 1.71 1.73 1.84 1.89
 2.03 2.05 2.08 2.13]
var: 0.4052433333333338
| [0m44       [0m | [0m0.96     [0m | [0m0.07808  [0m | [0m22.73    [0m | [0m0.9458   [0m |
[0.17 0.26 0.45 0.46 0.51 0.51 0.51 0.55 0.59 0.61 0.62 0.66 0.66 0.69
 0.7  0.71 0.71 0.73 0.79 0.82 0.9  0.9  1.   1.04 1.04 1.05 1.06 1.1
 1.23 1.24 1.25 1.26 1.28 1.33 1.34 1.35 1.35 1.39 1.45 1.5  1.58 1.62
 1.62 1.64 1.7  1.77 1.82 1.84 1.86 1.92 2.01 2.01 2.31 2.36 2.44 2.77
 2.85 3.15 3.31 3.65]
var: 0.5916055555555554
| [0m45       [0m | [0m1.333    [0m | [0m0.1664   [0m | [0m36.94    [0m | [0m0.2033   [0m |
[0.   0.06 0.08 0.09 0.12 0.15 0.15 0.17 0.17 0.18 0.29 0.31 0.32 0.35
 0.42 0.45 0.46 0.47 0.47 0.49 0.52 0.55 0.57 0.58 0.67 0.68 0.7  0.7
 0.72 0.73 0.73 0.75 0.76 0.76 0.77 0.81 0.86 0.89 0.93 0.96 0.98 1.
 1.01 1.03 1.03 1.05 1.15 1.15 1.15 1.18 1.23 1.24 1.44 1.46 1.48 1.78
 1.79 1.8  2.44 2.57]
var: 0.29901555555555553
| [0m46       [0m | [0m0.7967   [0m | [0m0.2238   [0m | [0m18.99    [0m | [0m2.506    [0m |
[0.1  0.15 0.18 0.19 0.2  0.27 0.32 0.33 0.33 0.36 0.39 0.42 0.45 0.47
 0.47 0.49 0.59 0.6  0.6  0.63 0.64 0.7  0.71 0.72 0.74 0.79 0.82 0.88
 0.88 0.9  0.91 0.94 0.95 0.97 0.98 0.98 0.99 1.08 1.08 1.11 1.14 1.15
 1.18 1.21 1.24 1.24 1.25 1.27 1.29 1.31 1.36 1.37 1.41 1.43 1.58 1.69
 1.76 2.2  2.25 2.7 ]
var: 0.28261788888888895
| [0m47       [0m | [0m0.9223   [0m | [0m0.06612  [0m | [0m13.2     [0m | [0m2.127    [0m |
[0.73 0.76 0.76 0.77 0.79 0.79 0.87 0.89 0.95 1.01 1.13 1.2  1.23 1.24
 1.26 1.26 1.3  1.3  1.34 1.38 1.43 1.46 1.5  1.61 1.63 1.67 1.7  1.72
 1.76 1.8  1.85 1.87 1.9  1.9  1.93 1.97 2.   2.04 2.09 2.11 2.12 2.16
 2.17 2.2  2.24 2.26 2.26 2.33 2.34 2.35 2.6  2.6  2.62 3.   3.23 3.28
 3.34 3.35 3.42 4.23]
var: 0.5993766666666672
| [0m48       [0m | [0m1.85     [0m | [0m0.04287  [0m | [0m17.46    [0m | [0m0.3      [0m |
[0.16 0.69 0.93 1.   1.04 1.14 1.15 1.28 1.35 1.36 1.39 1.51 1.64 1.66
 1.77 1.77 1.79 1.81 1.84 1.9  1.92 1.96 1.98 2.01 2.03 2.06 2.12 2.14
 2.14 2.17 2.21 2.22 2.22 2.27 2.27 2.28 2.3  2.39 2.41 2.59 2.62 2.64
 2.71 2.79 2.8  2.81 2.85 2.85 3.09 3.1  3.54 3.57 3.58 3.86 3.89 4.05
 4.45 5.37 5.82 6.94]
var: 1.4250322222222216
| [95m49       [0m | [95m2.403    [0m | [95m0.0105   [0m | [95m17.27    [0m | [95m0.4561   [0m |
[0.01 0.02 0.03 0.03 0.06 0.07 0.13 0.14 0.14 0.15 0.15 0.2  0.22 0.23
 0.26 0.3  0.31 0.37 0.38 0.38 0.42 0.42 0.45 0.46 0.56 0.56 0.6  0.61
 0.62 0.64 0.64 0.66 0.66 0.68 0.68 0.7  0.76 0.77 0.79 0.81 0.83 0.84
 0.86 0.86 0.88 0.88 1.03 1.04 1.11 1.18 1.2  1.24 1.29 1.34 1.37 1.46
 1.69 1.89 2.21 2.41]
var: 0.28001822222222217
| [0m50       [0m | [0m0.6947   [0m | [0m0.2631   [0m | [0m45.82    [0m | [0m0.9993   [0m |
[0.   0.   0.   0.01 0.01 0.01 0.03 0.03 0.05 0.05 0.06 0.08 0.1  0.12
 0.13 0.14 0.15 0.16 0.16 0.17 0.18 0.21 0.21 0.24 0.24 0.24 0.25 0.26
 0.26 0.27 0.28 0.33 0.33 0.36 0.36 0.37 0.38 0.44 0.5  0.51 0.52 0.6
 0.64 0.67 0.7  0.73 0.75 1.   1.02 1.05 1.09 1.26 1.38 1.63 1.79 1.86
 3.26 3.66 3.8  4.11]
var: 0.8707922222222226
| [0m51       [0m | [0m0.6533   [0m | [0m1e-08    [0m | [0m17.23    [0m | [0m0.3653   [0m |
[0.65 0.69 0.69 0.7  0.84 0.85 1.   1.   1.   1.06 1.11 1.12 1.18 1.19
 1.2  1.22 1.29 1.3  1.32 1.37 1.38 1.39 1.4  1.44 1.5  1.51 1.6  1.62
 1.64 1.64 1.64 1.73 1.76 1.77 1.8  1.89 1.99 2.   2.02 2.02 2.08 2.12
 2.17 2.18 2.2  2.28 2.28 2.31 2.46 2.6  2.69 2.75 2.84 2.96 3.01 3.07
 3.24 3.27 3.42 4.04]
var: 0.5873483055555561
| [0m52       [0m | [0m1.808    [0m | [0m0.04578  [0m | [0m17.43    [0m | [0m0.4249   [0m |
[0.71 0.83 0.85 0.95 1.11 1.15 1.32 1.33 1.39 1.47 1.51 1.6  1.73 1.75
 1.8  1.81 1.87 1.88 1.88 1.89 1.89 1.93 1.94 2.   2.01 2.01 2.04 2.23
 2.32 2.36 2.37 2.42 2.43 2.69 2.73 2.77 2.78 2.8  2.8  2.94 2.96 3.04
 3.12 3.13 3.15 3.16 3.18 3.25 3.32 3.35 3.39 3.4  3.48 3.5  3.57 3.68
 3.68 3.98 4.23 4.65]
var: 0.8270016388888894
| [95m53       [0m | [95m2.425    [0m | [95m0.02635  [0m | [95m17.4     [0m | [95m0.3569   [0m |
[0.03 0.05 0.07 0.08 0.12 0.18 0.2  0.22 0.32 0.38 0.39 0.39 0.56 0.57
 0.61 0.71 0.73 0.74 0.75 0.82 0.83 0.85 0.85 0.91 0.94 0.97 0.98 0.99
 1.   1.04 1.05 1.08 1.09 1.11 1.11 1.11 1.14 1.2  1.2  1.24 1.24 1.26
 1.29 1.32 1.34 1.34 1.38 1.49 1.5  1.54 1.54 1.65 1.71 1.82 1.83 1.89
 1.92 2.   3.1  3.72]
var: 0.45470830555555536
| [0m54       [0m | [0m1.058    [0m | [0m0.07437  [0m | [0m8.864    [0m | [0m2.133    [0m |
[0.01 0.01 0.05 0.08 0.18 0.19 0.21 0.21 0.23 0.24 0.26 0.26 0.29 0.29
 0.34 0.35 0.35 0.39 0.42 0.52 0.55 0.56 0.57 0.6  0.6  0.65 0.65 0.66
 0.72 0.72 0.73 0.73 0.81 0.87 0.95 0.95 0.96 1.03 1.05 1.05 1.05 1.06
 1.07 1.08 1.11 1.12 1.12 1.15 1.15 1.2  1.25 1.48 1.51 1.64 1.64 1.7
 1.76 1.84 2.46 2.97]
var: 0.34874541666666664
| [0m55       [0m | [0m0.8275   [0m | [0m0.03697  [0m | [0m28.17    [0m | [0m2.818    [0m |
[0.8  0.81 0.95 0.96 1.09 1.16 1.31 1.48 1.57 1.63 1.66 1.67 1.69 1.75
 1.79 1.83 1.84 1.88 1.9  1.9  1.91 1.92 1.92 2.   2.1  2.16 2.17 2.18
 2.2  2.28 2.33 2.36 2.46 2.5  2.58 2.58 2.61 2.68 2.69 2.69 2.76 2.77
 2.77 2.83 2.91 2.93 2.98 3.02 3.13 3.2  3.24 3.36 3.68 3.84 3.96 4.08
 4.27 4.49 4.63 4.65]
var: 0.8773949722222216
| [0m56       [0m | [0m2.425    [0m | [0m0.01105  [0m | [0m17.33    [0m | [0m0.3197   [0m |
[0.82 0.85 0.85 0.89 1.11 1.14 1.15 1.17 1.24 1.26 1.33 1.34 1.4  1.41
 1.46 1.52 1.59 1.62 1.64 1.65 1.66 1.7  1.74 1.81 1.89 2.01 2.05 2.08
 2.14 2.15 2.15 2.18 2.22 2.29 2.36 2.39 2.41 2.45 2.48 2.58 2.67 2.7
 2.73 2.74 2.78 2.79 2.87 3.04 3.05 3.1  3.2  3.21 3.29 3.38 3.4  3.49
 3.62 3.64 3.97 4.46]
var: 0.7428749722222221
| [0m57       [0m | [0m2.205    [0m | [0m0.03156  [0m | [0m17.42    [0m | [0m0.3075   [0m |
[0.16 0.71 0.75 0.76 0.85 0.9  0.91 0.97 0.99 1.11 1.18 1.28 1.3  1.32
 1.34 1.35 1.41 1.51 1.51 1.53 1.62 1.64 1.66 1.68 1.69 1.71 1.88 1.95
 1.97 2.02 2.12 2.12 2.15 2.16 2.24 2.3  2.43 2.45 2.48 2.5  2.56 2.62
 2.65 2.7  2.76 2.79 2.8  2.81 2.84 2.88 2.91 2.96 3.   3.08 3.57 3.78
 4.24 4.27 4.74 4.9 ]
var: 1.014541416666667
| [0m58       [0m | [0m2.125    [0m | [0m0.01485  [0m | [0m23.24    [0m | [0m0.3709   [0m |
[0.   0.03 0.04 0.06 0.07 0.07 0.07 0.07 0.08 0.08 0.09 0.13 0.14 0.18
 0.2  0.2  0.22 0.28 0.29 0.3  0.34 0.35 0.35 0.39 0.41 0.42 0.43 0.46
 0.49 0.49 0.55 0.56 0.58 0.58 0.6  0.62 0.62 0.63 0.64 0.7  0.73 0.76
 0.8  0.85 0.88 0.92 1.08 1.08 1.11 1.25 1.37 1.4  1.41 1.47 1.5  1.84
 1.86 2.82 3.22 6.19]
var: 0.9101109722222211
| [0m59       [0m | [0m0.7558   [0m | [0m1e-08    [0m | [0m17.33    [0m | [0m0.442    [0m |
[0.08 0.64 0.66 0.72 0.73 0.74 0.74 0.81 0.9  0.96 0.98 0.99 1.02 1.07
 1.17 1.17 1.28 1.31 1.39 1.46 1.48 1.51 1.52 1.55 1.55 1.6  1.62 1.71
 1.71 1.81 1.86 1.91 1.91 1.96 1.98 1.99 2.09 2.09 2.09 2.13 2.18 2.19
 2.3  2.35 2.38 2.52 2.65 2.77 2.89 2.95 3.03 3.03 3.1  3.29 3.52 3.54
 3.72 4.43 4.56 4.74]
var: 1.0330414166666666
| [0m60       [0m | [0m1.951    [0m | [0m0.03705  [0m | [0m23.23    [0m | [0m0.4139   [0m |
[0.03 0.43 0.56 0.6  0.66 0.66 0.67 0.68 0.68 0.69 0.7  0.77 0.78 0.92
 0.96 1.01 1.02 1.07 1.11 1.14 1.17 1.22 1.26 1.26 1.3  1.31 1.33 1.36
 1.39 1.43 1.47 1.5  1.52 1.55 1.58 1.58 1.59 1.64 1.67 1.73 1.78 1.84
 1.84 1.89 1.89 1.89 1.95 1.95 1.95 1.97 2.   2.04 2.07 2.08 2.17 2.2
 2.26 2.41 2.73 3.24]
var: 0.37270430555555584
| [0m61       [0m | [0m1.436    [0m | [0m0.121    [0m | [0m17.44    [0m | [0m0.4609   [0m |
[0.01 0.02 0.11 0.13 0.14 0.2  0.2  0.23 0.26 0.34 0.37 0.38 0.42 0.42
 0.43 0.47 0.52 0.53 0.54 0.54 0.56 0.58 0.61 0.67 0.68 0.7  0.71 0.72
 0.77 0.77 0.78 0.81 0.84 0.85 0.85 0.86 0.86 0.88 0.9  0.96 0.97 0.97
 0.99 1.03 1.07 1.12 1.12 1.17 1.21 1.29 1.3  1.51 1.55 1.62 1.82 1.91
 2.22 2.33 2.48 2.6 ]
var: 0.3496149999999999
| [0m62       [0m | [0m0.865    [0m | [0m0.1651   [0m | [0m36.58    [0m | [0m2.323    [0m |
[0.73 0.8  0.87 1.06 1.1  1.18 1.28 1.38 1.4  1.47 1.51 1.54 1.55 1.63
 1.72 1.72 1.75 1.82 1.9  1.93 2.09 2.18 2.19 2.23 2.3  2.42 2.47 2.54
 2.56 2.62 2.63 2.66 2.73 2.75 2.75 2.77 2.8  2.85 2.97 3.   3.2  3.29
 3.38 3.47 3.54 3.62 3.67 3.71 3.81 3.85 3.92 4.06 4.12 4.34 4.55 4.62
 4.88 5.26 5.35 6.06]
var: 1.4931209722222223
| [95m63       [0m | [95m2.709    [0m | [95m0.001994 [0m | [95m17.21    [0m | [95m0.4976   [0m |
[0.05 0.19 0.63 0.77 0.86 0.93 0.95 1.03 1.07 1.09 1.1  1.19 1.2  1.23
 1.25 1.26 1.26 1.28 1.29 1.33 1.33 1.37 1.4  1.4  1.45 1.49 1.52 1.56
 1.6  1.62 1.63 1.74 1.8  1.87 1.95 1.96 2.04 2.15 2.18 2.19 2.36 2.36
 2.43 2.43 2.51 2.53 2.56 2.63 2.63 2.64 2.66 2.69 2.71 2.89 3.06 3.24
 3.42 3.52 3.63 4.73]
var: 0.7762540000000006
| [0m64       [0m | [0m1.864    [0m | [0m0.06799  [0m | [0m23.25    [0m | [0m0.3377   [0m |
[0.16 0.23 0.26 0.27 0.43 0.65 0.68 0.69 0.7  0.72 0.72 0.74 0.75 0.88
 0.92 0.92 0.93 0.95 0.98 0.99 1.08 1.08 1.08 1.09 1.1  1.11 1.23 1.23
 1.25 1.35 1.37 1.4  1.53 1.55 1.55 1.66 1.71 1.74 1.74 1.75 1.75 1.84
 1.89 1.89 1.89 1.92 1.92 1.97 2.15 2.16 2.26 2.29 2.45 2.53 2.57 2.97
 3.   3.35 3.5  5.05]
var: 0.7865815555555555
| [0m65       [0m | [0m1.509    [0m | [0m0.1326   [0m | [0m40.74    [0m | [0m0.2881   [0m |
[0.48 0.55 0.71 0.73 0.75 0.76 0.76 0.83 0.88 0.98 1.02 1.03 1.1  1.16
 1.24 1.26 1.3  1.32 1.36 1.36 1.38 1.41 1.46 1.5  1.54 1.55 1.57 1.58
 1.59 1.6  1.63 1.64 1.72 1.73 1.81 1.83 1.83 1.84 1.86 1.88 1.95 1.98
 2.08 2.09 2.27 2.33 2.5  2.6  2.73 2.8  2.87 2.9  2.9  3.05 3.13 3.27
 3.28 3.58 3.59 4.28]
var: 0.7223683055555555
| [0m66       [0m | [0m1.812    [0m | [0m0.08011  [0m | [0m17.34    [0m | [0m0.3524   [0m |
[0.62 0.63 0.7  0.74 0.76 0.78 0.82 0.86 0.96 1.08 1.15 1.15 1.18 1.2
 1.24 1.26 1.31 1.34 1.37 1.37 1.39 1.44 1.45 1.46 1.49 1.55 1.57 1.66
 1.67 1.68 1.68 1.68 1.68 1.75 1.78 1.79 1.82 1.83 1.86 1.9  1.91 1.91
 1.99 1.99 2.04 2.04 2.06 2.09 2.23 2.24 2.38 2.52 2.64 2.77 2.92 3.02
 3.45 3.73 4.29 4.71]
var: 0.6871365555555563
| [0m67       [0m | [0m1.776    [0m | [0m0.0986   [0m | [0m23.25    [0m | [0m0.3313   [0m |
[0.   0.03 0.08 0.08 0.12 0.13 0.14 0.14 0.15 0.31 0.36 0.36 0.46 0.52
 0.52 0.57 0.6  0.6  0.61 0.62 0.62 0.66 0.71 0.72 0.73 0.76 0.78 0.79
 0.83 0.84 0.9  0.95 0.96 1.01 1.06 1.08 1.09 1.11 1.14 1.22 1.35 1.38
 1.41 1.42 1.45 1.47 1.5  1.51 1.58 1.61 1.67 1.68 1.71 1.71 1.85 1.88
 1.92 2.15 2.58 2.67]
var: 0.4021756666666669
| [0m68       [0m | [0m0.981    [0m | [0m0.1301   [0m | [0m39.7     [0m | [0m1.618    [0m |
[0.03 0.68 0.74 0.78 0.99 1.04 1.04 1.05 1.07 1.07 1.12 1.14 1.14 1.17
 1.17 1.21 1.22 1.23 1.26 1.33 1.39 1.42 1.43 1.43 1.46 1.5  1.5  1.5
 1.52 1.53 1.53 1.55 1.61 1.62 1.68 1.72 1.73 1.77 1.81 1.85 1.88 1.95
 1.99 1.99 2.02 2.17 2.2  2.22 2.44 2.57 2.6  2.61 2.62 2.63 2.65 2.66
 2.67 2.83 2.99 3.72]
var: 0.44907288888888874
| [0m69       [0m | [0m1.691    [0m | [0m0.1166   [0m | [0m17.45    [0m | [0m0.3088   [0m |
[0.24 0.48 0.7  0.73 0.79 0.81 0.82 0.96 1.02 1.04 1.06 1.15 1.17 1.18
 1.19 1.2  1.24 1.36 1.36 1.37 1.44 1.47 1.54 1.55 1.6  1.61 1.63 1.68
 1.8  1.83 1.87 1.9  1.91 1.91 2.01 2.18 2.2  2.24 2.34 2.37 2.42 2.44
 2.48 2.66 2.67 2.72 2.72 2.78 2.82 3.17 3.27 3.45 3.5  3.52 3.6  3.72
 4.   4.33 4.95 6.47]
var: 1.3462995555555557
| [0m70       [0m | [0m2.077    [0m | [0m0.01196  [0m | [0m23.31    [0m | [0m0.3734   [0m |
[0.05 0.67 0.69 0.71 0.74 0.76 0.78 0.87 0.89 0.97 1.01 1.03 1.14 1.17
 1.23 1.26 1.27 1.29 1.31 1.31 1.33 1.36 1.38 1.41 1.43 1.48 1.49 1.59
 1.64 1.73 1.75 1.87 1.89 1.93 1.96 2.02 2.19 2.25 2.26 2.33 2.33 2.42
 2.43 2.51 2.54 2.56 2.7  2.73 2.8  2.94 3.01 3.24 3.3  3.38 3.5  3.53
 3.64 4.08 4.69 5.74]
var: 1.160541638888889
| [0m71       [0m | [0m1.975    [0m | [0m0.02561  [0m | [0m23.28    [0m | [0m0.2836   [0m |
[0.17 0.18 0.19 0.25 0.41 0.62 0.64 0.66 0.67 0.73 0.87 0.87 0.93 0.95
 0.98 1.09 1.15 1.18 1.21 1.22 1.27 1.27 1.3  1.32 1.33 1.33 1.36 1.4
 1.43 1.45 1.47 1.52 1.52 1.53 1.55 1.57 1.61 1.7  1.86 1.88 1.89 1.9
 1.94 2.   2.13 2.24 2.39 2.39 2.44 2.44 2.49 2.49 2.51 2.63 2.65 2.91
 2.94 3.31 3.36 3.63]
var: 0.6638248888888888
| [0m72       [0m | [0m1.589    [0m | [0m0.103    [0m | [0m23.2     [0m | [0m0.3512   [0m |
[0.55 0.62 0.66 0.73 0.74 0.75 0.87 0.9  1.04 1.09 1.1  1.13 1.2  1.2
 1.23 1.29 1.32 1.39 1.4  1.48 1.58 1.58 1.6  1.62 1.66 1.71 1.73 1.74
 1.75 1.76 1.77 1.78 1.79 1.79 1.79 1.83 1.88 1.97 1.98 2.02 2.03 2.05
 2.06 2.13 2.18 2.24 2.28 2.32 2.38 2.5  2.56 2.56 2.6  2.63 2.67 2.7
 2.83 2.85 3.35 5.04]
var: 0.5781098888888889
| [0m73       [0m | [0m1.8      [0m | [0m0.06254  [0m | [0m23.33    [0m | [0m0.2996   [0m |
[0.01 0.05 0.09 0.11 0.14 0.15 0.15 0.21 0.25 0.26 0.28 0.29 0.32 0.34
 0.35 0.42 0.46 0.5  0.51 0.56 0.59 0.6  0.63 0.64 0.64 0.67 0.68 0.69
 0.72 0.73 0.77 0.82 0.89 0.9  0.93 0.97 1.01 1.03 1.14 1.22 1.23 1.27
 1.3  1.32 1.37 1.39 1.4  1.4  1.4  1.43 1.56 1.56 1.64 1.65 1.69 1.83
 1.85 2.05 2.19 2.46]
var: 0.35085163888888876
| [0m74       [0m | [0m0.8952   [0m | [0m0.0007009[0m | [0m48.26    [0m | [0m2.363    [0m |
[0.6  0.67 0.67 0.68 0.68 0.69 0.75 0.76 0.77 0.8  0.86 0.89 0.9  0.95
 1.   1.   1.03 1.08 1.15 1.16 1.16 1.24 1.24 1.25 1.27 1.27 1.27 1.3
 1.42 1.46 1.51 1.57 1.61 1.66 1.66 1.67 1.68 1.68 1.76 1.78 1.8  1.8
 1.86 1.88 1.89 1.92 1.94 1.95 1.98 2.09 2.1  2.25 2.26 2.3  2.66 2.75
 2.75 3.33 3.46 4.85]
var: 0.6031969722222226
| [0m75       [0m | [0m1.573    [0m | [0m0.2323   [0m | [0m21.58    [0m | [0m0.2778   [0m |
[0.49 0.53 0.57 0.65 0.65 0.71 0.74 0.75 0.83 0.84 0.93 1.09 1.1  1.14
 1.15 1.15 1.16 1.27 1.34 1.36 1.36 1.38 1.41 1.41 1.44 1.46 1.48 1.51
 1.54 1.58 1.58 1.58 1.61 1.61 1.62 1.62 1.64 1.66 1.68 1.68 1.71 1.74
 1.75 1.84 1.88 1.91 1.91 1.95 2.06 2.11 2.12 2.22 2.45 2.5  2.64 2.66
 2.75 2.83 3.42 4.6 ]
var: 0.5242576388888891
| [0m76       [0m | [0m1.606    [0m | [0m0.1215   [0m | [0m23.21    [0m | [0m0.3315   [0m |
[0.11 0.23 0.33 0.42 0.47 0.47 0.56 0.69 0.7  0.73 0.75 0.77 0.79 0.8
 1.   1.17 1.19 1.33 1.38 1.45 1.52 1.55 1.58 1.6  1.63 1.64 1.71 1.72
 1.77 1.82 1.93 2.   2.01 2.03 2.03 2.05 2.06 2.1  2.26 2.27 2.29 2.34
 2.39 2.39 2.48 2.51 2.6  2.61 2.74 2.76 2.79 2.97 3.03 3.2  3.37 3.49
 3.64 3.81 3.98 3.98]
var: 0.9737294166666669
| [0m77       [0m | [0m1.867    [0m | [0m0.01104  [0m | [0m17.24    [0m | [0m0.5763   [0m |
[0.3  0.67 0.71 0.79 0.82 0.83 0.85 1.09 1.12 1.17 1.21 1.32 1.32 1.38
 1.4  1.4  1.41 1.42 1.43 1.46 1.48 1.49 1.5  1.51 1.53 1.55 1.62 1.64
 1.65 1.69 1.72 1.74 1.76 1.77 1.78 1.79 1.82 1.87 1.91 1.93 1.98 2.
 2.07 2.1  2.11 2.23 2.33 2.4  2.43 2.5  2.5  2.53 2.62 2.63 2.76 2.91
 3.03 3.56 3.97 4.03]
var: 0.5545656666666664
| [0m78       [0m | [0m1.809    [0m | [0m0.04799  [0m | [0m23.36    [0m | [0m0.4177   [0m |
[0.6  0.84 0.87 0.91 1.03 1.15 1.18 1.18 1.22 1.28 1.29 1.31 1.33 1.46
 1.54 1.54 1.56 1.57 1.61 1.64 1.72 1.73 1.74 1.75 1.77 1.84 1.9  1.95
 1.97 2.   2.   2.1  2.11 2.15 2.18 2.23 2.3  2.44 2.48 2.48 2.5  2.58
 2.6  2.62 2.63 2.68 2.9  2.98 3.03 3.03 3.06 3.12 3.12 3.21 3.36 3.44
 3.65 3.66 4.61 5.22]
var: 0.8344643055555551
| [0m79       [0m | [0m2.166    [0m | [0m0.04386  [0m | [0m17.35    [0m | [0m0.2361   [0m |
[0.09 0.33 0.45 0.51 0.59 0.64 0.69 0.71 0.81 0.85 0.85 0.86 0.89 0.91
 0.98 1.01 1.06 1.24 1.25 1.26 1.28 1.3  1.35 1.38 1.41 1.46 1.49 1.58
 1.84 1.84 1.85 1.91 1.94 1.95 1.97 1.99 2.   2.05 2.08 2.13 2.13 2.25
 2.28 2.4  2.46 2.48 2.52 2.86 2.94 3.06 3.11 3.2  3.44 3.6  3.76 3.9
 4.64 4.81 5.42 6.12]
var: 1.5821128888888878
| [0m80       [0m | [0m1.969    [0m | [0m0.02862  [0m | [0m17.22    [0m | [0m0.4886   [0m |
=============================================================
None
num_trials:  40  inits,  40  iters,  60  per
rho:  0.1
pthin:  0.99

Best VPT: 2.709166666666668
Best result: {'a': 0.001994034013342117, 'g': 17.21003163750644, 's': 0.4975769033156018}

KERNEL: nu=1.5, lengthscale=2.0, alpha=0.0005
