|   iter    |  target   |     a     |     g     |     s     |
-------------------------------------------------------------
[0.18 0.23 0.28 0.32 0.36 0.4  0.47 0.49 0.53 0.59 0.65 0.67 0.69 0.76
 0.84 0.86 0.9  0.91 0.98 1.09 1.2  1.23 1.24 1.29 1.31 1.34 1.35 1.43
 1.44 1.45 1.46 1.56 1.63 1.64 1.7  1.71 1.84 1.89 2.09 2.1  2.11 2.28
 2.37 2.42 2.42 2.45 2.68 2.69 2.7  2.79 2.97 3.02 3.11 3.13 3.14 3.2
 4.17 4.48 5.43 5.65]
var: 1.4743716388888888
| [0m1        [0m | [0m1.772    [0m | [0m0.03098  [0m | [0m32.67    [0m | [0m0.2821   [0m |
[0.03 0.05 0.11 0.13 0.18 0.23 0.25 0.41 0.45 0.53 0.54 0.71 0.74 0.77
 0.81 0.86 0.88 0.96 1.18 1.18 1.22 1.23 1.28 1.29 1.35 1.36 1.43 1.5
 1.56 1.62 1.71 1.73 1.79 1.88 1.98 2.   2.04 2.11 2.13 2.18 2.19 2.25
 2.26 2.3  2.41 2.52 2.52 2.7  2.81 2.85 2.93 3.01 3.07 3.3  3.37 3.39
 3.42 3.53 3.61 7.24]
var: 1.5237936388888889
| [0m2        [0m | [0m1.768    [0m | [0m0.1995   [0m | [0m23.88    [0m | [0m0.9053   [0m |
[0.09 0.18 0.37 0.43 0.49 0.57 0.6  0.62 0.68 0.76 0.81 0.94 1.03 1.27
 1.32 1.5  1.55 1.6  1.67 1.83 1.83 1.87 1.88 2.01 2.1  2.19 2.2  2.25
 2.27 2.32 2.39 2.39 2.41 2.41 2.56 2.56 2.56 2.64 2.72 2.75 2.82 2.82
 2.99 3.   3.14 3.15 3.16 3.18 3.32 3.55 3.72 3.74 3.76 3.84 3.88 4.24
 4.77 4.79 4.85 6.61]
var: 1.7380520833333342
| [95m3        [0m | [95m2.333    [0m | [95m0.2005   [0m | [95m18.16    [0m | [95m0.3768   [0m |
[0.   0.03 0.06 0.06 0.08 0.09 0.12 0.13 0.16 0.18 0.19 0.19 0.21 0.28
 0.32 0.33 0.42 0.42 0.43 0.46 0.55 0.58 0.64 0.7  0.71 0.74 0.75 0.76
 0.76 0.78 0.78 0.8  0.8  0.81 0.82 0.82 0.97 1.02 1.05 1.12 1.15 1.17
 1.21 1.28 1.39 1.43 1.44 1.49 1.49 1.51 1.51 1.59 1.61 1.63 1.74 1.76
 1.95 2.16 2.51 2.61]
var: 0.40604097222222213
| [0m4        [0m | [0m0.8792   [0m | [0m0.2754   [0m | [0m0.8564   [0m | [0m1.422    [0m |
[0.02 0.05 0.06 0.07 0.09 0.15 0.18 0.19 0.23 0.25 0.3  0.35 0.35 0.36
 0.37 0.4  0.41 0.45 0.46 0.46 0.47 0.49 0.51 0.56 0.57 0.61 0.61 0.63
 0.64 0.76 0.79 1.01 1.01 1.06 1.08 1.11 1.13 1.17 1.24 1.27 1.36 1.42
 1.47 1.48 1.54 1.74 1.9  1.9  1.99 2.13 2.16 2.3  2.32 2.34 2.64 2.64
 2.65 2.73 2.8  3.37]
var: 0.7504400000000003
| [0m5        [0m | [0m1.08     [0m | [0m0.1226   [0m | [0m30.81    [0m | [0m1.792    [0m |
[0.02 0.02 0.05 0.08 0.1  0.11 0.11 0.16 0.18 0.2  0.23 0.24 0.27 0.32
 0.37 0.41 0.45 0.46 0.49 0.52 0.53 0.54 0.74 0.79 0.88 0.94 0.98 1.
 1.05 1.05 1.13 1.14 1.21 1.25 1.29 1.56 1.57 1.63 1.65 1.65 1.66 1.7
 1.73 1.8  1.81 1.89 1.9  1.93 1.94 1.94 2.07 2.07 2.08 2.09 2.18 2.34
 2.68 3.08 4.35 5.15]
var: 1.0335295555555544
| [0m6        [0m | [0m1.229    [0m | [0m0.1738   [0m | [0m19.04    [0m | [0m1.953    [0m |
[0.17 0.21 0.24 0.41 0.58 0.71 0.75 0.77 0.82 0.82 0.99 1.03 1.05 1.1
 1.11 1.14 1.29 1.33 1.5  1.61 1.69 1.72 1.81 1.82 1.83 1.88 1.89 1.94
 2.01 2.03 2.17 2.27 2.28 2.33 2.33 2.37 2.43 2.46 2.46 2.5  2.72 2.73
 2.82 2.88 2.9  2.94 2.95 3.05 3.15 3.19 3.21 3.39 3.41 3.48 3.52 4.37
 4.58 4.66 4.7  4.98]
var: 1.380292666666667
| [0m7        [0m | [0m2.158    [0m | [0m0.2436   [0m | [0m3.075    [0m | [0m0.7376   [0m |
[0.01 0.02 0.02 0.03 0.03 0.15 0.15 0.2  0.24 0.3  0.3  0.3  0.31 0.45
 0.5  0.53 0.64 0.68 0.72 0.77 0.79 0.8  0.9  0.92 0.94 0.97 1.04 1.14
 1.19 1.19 1.21 1.24 1.25 1.3  1.35 1.36 1.39 1.39 1.44 1.48 1.49 1.56
 1.58 1.58 1.77 1.78 1.86 2.04 2.13 2.14 2.17 2.18 2.39 2.45 2.78 2.84
 3.7  3.82 4.5 ]
var: 0.9425277793737432
| [0m8        [0m | [0m1.261    [0m | [0m0.1353   [0m | [0m47.44    [0m | [0m0.3944   [0m |
[0.02 0.05 0.07 0.1  0.24 0.28 0.33 0.33 0.4  0.48 0.51 0.55 0.59 0.6
 0.6  0.66 0.68 0.75 0.76 0.8  0.81 0.81 0.86 0.86 0.89 0.93 0.99 1.07
 1.07 1.15 1.18 1.19 1.21 1.22 1.24 1.26 1.35 1.42 1.44 1.47 1.54 1.59
 1.66 1.69 1.71 1.74 1.79 1.81 1.82 2.02 2.02 2.04 2.13 2.49 2.54 2.61
 2.68 3.01 3.26 3.5 ]
var: 0.6557469722222214
| [0m9        [0m | [0m1.248    [0m | [0m0.08225  [0m | [0m35.03    [0m | [0m2.115    [0m |
[0.07 0.18 0.27 0.45 0.49 0.62 0.75 0.78 0.8  0.83 0.84 0.85 0.88 0.9
 0.91 0.92 0.92 0.93 0.95 1.   1.   1.05 1.06 1.1  1.16 1.18 1.21 1.33
 1.49 1.5  1.5  1.55 1.56 1.6  1.63 1.65 1.8  1.86 1.94 1.96 2.15 2.15
 2.17 2.25 2.31 2.42 2.45 2.57 2.6  2.69 2.96 2.98 3.36 3.44 3.5  3.61
 4.23 4.58 4.69 5.28]
var: 1.3462745555555549
| [0m10       [0m | [0m1.764    [0m | [0m0.2614   [0m | [0m22.18    [0m | [0m1.128    [0m |
[0.26 0.31 0.31 0.32 0.42 0.8  0.91 0.98 1.03 1.07 1.15 1.2  1.21 1.26
 1.29 1.38 1.5  1.52 1.52 1.53 1.55 1.59 1.68 1.7  1.72 1.8  1.81 1.91
 1.95 1.99 1.99 2.03 2.07 2.09 2.15 2.15 2.23 2.32 2.46 2.47 2.49 2.5
 2.55 2.61 2.62 2.62 2.69 2.75 2.8  2.86 2.89 2.92 3.03 3.13 3.42 3.57
 3.66 3.71 3.76 4.84]
var: 0.9149354166666664
| [0m11       [0m | [0m2.018    [0m | [0m0.2301   [0m | [0m13.68    [0m | [0m1.348    [0m |
[0.02 0.05 0.12 0.19 0.25 0.25 0.28 0.48 0.49 0.52 0.53 0.54 0.55 0.58
 0.59 0.59 0.63 0.76 0.78 0.84 0.89 0.93 0.93 0.95 0.96 0.96 1.07 1.11
 1.14 1.14 1.21 1.3  1.34 1.34 1.35 1.35 1.37 1.41 1.51 1.73 1.75 1.77
 1.78 1.82 1.91 1.93 1.95 1.95 2.03 2.09 2.2  2.24 2.37 2.46 2.55 2.8
 2.84 3.11 3.16 3.56]
var: 0.7094405555555562
| [0m12       [0m | [0m1.322    [0m | [0m0.2785   [0m | [0m38.07    [0m | [0m1.375    [0m |
[0.14 0.22 0.28 0.55 0.61 0.69 0.76 0.77 0.8  0.87 0.87 0.9  0.94 1.
 1.   1.06 1.15 1.28 1.33 1.38 1.43 1.44 1.54 1.58 1.58 1.71 1.73 1.83
 1.85 1.88 1.99 2.   2.07 2.23 2.29 2.31 2.4  2.47 2.48 2.56 2.57 2.61
 2.66 2.7  2.81 2.86 2.88 3.03 3.24 3.34 3.47 3.48 3.53 3.55 3.61 3.84
 4.12 4.19 4.2  4.49]
var: 1.2614320833333346
| [0m13       [0m | [0m2.053    [0m | [0m0.005199 [0m | [0m3.445    [0m | [0m0.397    [0m |
[0.04 0.06 0.21 0.26 0.35 0.42 0.71 0.89 0.9  0.92 0.99 1.02 1.09 1.11
 1.15 1.16 1.28 1.29 1.3  1.42 1.52 1.54 1.63 1.63 1.63 1.65 1.7  1.74
 1.74 1.76 1.84 1.87 1.89 1.9  1.9  1.91 1.94 1.96 2.02 2.02 2.08 2.09
 2.12 2.15 2.19 2.22 2.24 2.28 2.34 2.88 2.88 2.92 2.94 3.03 3.23 3.29
 3.43 3.55 4.   4.79]
var: 0.9112583055555555
| [0m14       [0m | [0m1.817    [0m | [0m0.107    [0m | [0m16.16    [0m | [0m1.479    [0m |
[0.04 0.05 0.14 0.18 0.25 0.26 0.29 0.32 0.37 0.39 0.39 0.39 0.54 0.55
 0.57 0.58 0.6  0.64 0.67 0.79 0.81 0.83 0.83 0.84 0.91 0.94 0.99 1.01
 1.07 1.07 1.13 1.14 1.18 1.2  1.24 1.25 1.31 1.32 1.32 1.34 1.4  1.58
 1.59 1.64 1.67 1.76 1.87 2.03 2.1  2.24 2.25 2.27 2.29 2.31 2.37 2.37
 2.61 2.69 3.08 3.71]
var: 0.667260305555555
| [0m15       [0m | [0m1.226    [0m | [0m0.2214   [0m | [0m17.34    [0m | [0m2.92     [0m |
[0.26 0.26 0.34 0.38 0.61 0.65 1.03 1.04 1.17 1.21 1.23 1.32 1.4  1.42
 1.43 1.49 1.5  1.56 1.61 1.68 1.7  1.7  1.76 1.92 2.02 2.03 2.03 2.07
 2.07 2.09 2.1  2.18 2.19 2.25 2.26 2.33 2.35 2.5  2.55 2.6  2.77 2.86
 2.92 2.92 2.92 3.19 3.29 3.34 3.36 3.71 3.75 3.77 3.77 3.8  3.87 3.94
 3.94 3.98 4.37 5.53]
var: 1.2950960833333334
| [0m16       [0m | [0m2.272    [0m | [0m0.08925  [0m | [0m3.469    [0m | [0m0.5712   [0m |
[0.04 0.08 0.13 0.19 0.23 0.28 0.29 0.37 0.54 0.55 0.62 0.63 0.78 0.89
 0.92 1.11 1.19 1.22 1.22 1.28 1.3  1.48 1.49 1.55 1.59 1.62 1.65 1.65
 1.86 1.9  1.95 1.98 2.   2.02 2.07 2.22 2.22 2.23 2.23 2.24 2.26 2.31
 2.39 2.41 2.47 2.57 2.67 2.82 2.82 2.86 3.07 3.23 3.26 3.26 3.3  3.3
 3.55 3.59 3.86 4.16]
var: 1.12154363888889
| [0m17       [0m | [0m1.833    [0m | [0m0.1046   [0m | [0m23.65    [0m | [0m1.393    [0m |
[0.49 0.58 0.62 0.76 0.87 0.88 0.88 1.03 1.05 1.05 1.26 1.3  1.52 1.54
 1.54 1.56 1.69 1.69 1.7  1.75 1.84 1.94 2.05 2.07 2.12 2.15 2.16 2.33
 2.39 2.4  2.41 2.41 2.42 2.46 2.53 2.62 2.63 2.69 2.7  2.71 2.85 3.04
 3.06 3.08 3.22 3.22 3.26 3.3  3.33 3.36 3.36 3.41 3.5  3.61 3.72 4.21
 4.51 4.59 4.8  6.71]
var: 1.3906580833333329
| [95m18       [0m | [95m2.416    [0m | [95m0.2088   [0m | [95m47.0     [0m | [95m0.03331  [0m |
[0.01 0.09 0.11 0.13 0.14 0.19 0.28 0.3  0.34 0.45 0.5  0.77 0.99 1.04
 1.04 1.04 1.08 1.1  1.12 1.23 1.33 1.38 1.49 1.53 1.55 1.59 1.67 1.77
 1.83 1.96 2.02 2.05 2.05 2.12 2.13 2.14 2.15 2.16 2.23 2.26 2.32 2.47
 2.47 2.64 2.65 2.91 2.96 2.99 3.09 3.1  3.11 3.47 3.57 3.66 4.19 4.35
 5.21 5.65 5.69 5.72]
var: 2.0261465555555547
| [0m19       [0m | [0m2.026    [0m | [0m0.0428   [0m | [0m17.68    [0m | [0m0.954    [0m |
[0.01 0.02 0.07 0.07 0.11 0.19 0.32 0.34 0.35 0.35 0.35 0.41 0.49 0.6
 0.64 0.65 0.67 0.69 0.82 0.87 0.87 0.9  0.93 0.96 0.99 1.1  1.12 1.23
 1.24 1.25 1.26 1.27 1.35 1.45 1.45 1.51 1.6  1.62 1.65 1.72 1.74 1.89
 1.95 1.98 2.06 2.07 2.23 2.32 2.33 2.39 2.42 3.02 3.13 3.15 3.17 3.43
 3.53 3.75 3.95 4.24]
var: 1.1595362222222227
| [0m20       [0m | [0m1.471    [0m | [0m0.2251   [0m | [0m36.35    [0m | [0m1.085    [0m |
[0.06 0.1  0.13 0.16 0.2  0.25 0.26 0.27 0.33 0.37 0.4  0.44 0.62 0.69
 0.76 0.77 0.81 0.88 0.89 0.95 0.95 1.09 1.12 1.33 1.34 1.34 1.38 1.42
 1.61 1.66 1.69 1.7  1.71 1.73 1.77 1.83 1.84 1.88 1.9  1.91 1.96 1.97
 2.08 2.22 2.25 2.27 2.37 2.44 2.48 2.59 2.62 2.62 2.81 2.99 3.35 3.7
 4.   4.08 4.14 4.36]
var: 1.2116928888888887
| [0m21       [0m | [0m1.631    [0m | [0m0.1738   [0m | [0m21.53    [0m | [0m1.241    [0m |
[0.34 0.46 0.57 0.6  0.63 0.63 0.7  0.77 0.77 0.81 0.92 1.03 1.19 1.22
 1.46 1.48 1.55 1.68 1.69 1.71 1.73 1.86 1.98 2.04 2.18 2.22 2.24 2.4
 2.41 2.49 2.56 2.6  2.63 2.71 2.88 3.   3.12 3.18 3.25 3.27 3.27 3.35
 3.5  3.57 3.59 3.61 3.69 3.78 3.89 4.15 4.24 4.53 4.59 4.95 5.2  5.4
 5.64 5.73 6.21 7.09]
var: 2.5397945555555554
| [95m22       [0m | [95m2.682    [0m | [95m0.2408   [0m | [95m13.46    [0m | [95m0.7379   [0m |
[0.2  0.22 0.24 0.24 0.24 0.25 0.32 0.33 0.33 0.35 0.36 0.37 0.4  0.4
 0.41 0.42 0.44 0.47 0.49 0.51 0.72 0.74 0.91 0.91 0.96 1.01 1.04 1.07
 1.1  1.15 1.26 1.35 1.36 1.38 1.4  1.52 1.56 1.69 1.75 1.89 1.89 1.92
 1.92 1.93 1.96 1.97 1.98 2.   2.06 2.09 2.12 2.37 2.44 2.66 2.93 2.99
 3.05 3.89 4.01 4.59]
var: 1.0507747500000006
| [0m23       [0m | [0m1.376    [0m | [0m0.1195   [0m | [0m41.22    [0m | [0m0.9493   [0m |
[0.67 1.   1.31 1.33 1.33 1.85 1.87 2.14 2.14 2.31 2.37 2.4  2.69 2.7
 2.7  2.75 2.79 2.8  2.84 2.86 2.92 2.95 2.99 3.07 3.08 3.16 3.16 3.2
 3.2  3.21 3.26 3.33 3.35 3.37 3.39 3.5  3.53 3.54 3.59 3.68 3.68 3.76
 3.9  4.   4.03 4.08 4.23 4.36 4.4  4.41 4.46 4.5  4.55 4.64 4.7  5.46
 5.6  5.64 5.99 6.49]
var: 1.4035694166666672
| [95m24       [0m | [95m3.354    [0m | [95m0.2016   [0m | [95m10.3     [0m | [95m0.06256  [0m |
[0.23 0.34 0.4  0.44 0.51 0.54 0.54 0.6  0.65 0.66 0.78 0.8  0.83 0.86
 1.   1.01 1.03 1.04 1.19 1.27 1.33 1.34 1.35 1.37 1.48 1.49 1.51 1.55
 1.56 1.61 1.62 1.68 1.73 1.75 1.78 1.86 1.88 1.96 1.96 1.98 2.02 2.11
 2.12 2.24 2.24 2.31 2.34 2.69 2.76 2.82 2.94 3.19 3.19 3.43 3.72 3.86
 4.18 4.43 4.5  5.49]
var: 1.312868305555555
| [0m25       [0m | [0m1.835    [0m | [0m0.2999   [0m | [0m1.747    [0m | [0m1.021    [0m |
[0.14 0.2  0.23 0.25 0.31 0.4  0.44 0.46 0.46 0.49 0.52 0.54 0.57 0.61
 0.64 0.71 0.73 0.76 0.81 0.82 0.87 0.94 1.02 1.04 1.05 1.06 1.09 1.12
 1.18 1.33 1.39 1.42 1.51 1.52 1.65 1.69 1.81 1.82 1.84 1.84 1.97 2.01
 2.04 2.1  2.1  2.12 2.14 2.25 2.26 2.31 2.48 2.86 2.88 3.48 3.51 3.54
 3.59 3.91 4.01 4.43]
var: 1.1488614166666664
| [0m26       [0m | [0m1.555    [0m | [0m0.0835   [0m | [0m29.32    [0m | [0m0.1921   [0m |
[0.05 0.16 0.23 0.24 0.27 0.27 0.33 0.35 0.4  0.43 0.43 0.57 0.59 0.64
 0.67 0.71 0.78 0.83 0.84 0.84 0.85 0.93 0.99 1.04 1.11 1.17 1.2  1.21
 1.25 1.32 1.33 1.35 1.35 1.36 1.39 1.45 1.49 1.56 1.59 1.64 1.69 1.71
 1.74 1.82 1.89 1.9  2.03 2.04 2.04 2.2  2.44 2.47 2.55 2.66 2.78 3.22
 3.33 3.35 3.41 3.49]
var: 0.8056280833333329
| [0m27       [0m | [0m1.4      [0m | [0m0.2241   [0m | [0m38.51    [0m | [0m1.224    [0m |
[0.01 0.01 0.02 0.07 0.11 0.11 0.23 0.24 0.24 0.26 0.3  0.32 0.37 0.42
 0.45 0.5  0.5  0.51 0.58 0.61 0.64 0.68 0.7  0.82 0.82 0.82 0.83 0.86
 0.87 0.91 0.95 0.96 1.   1.07 1.18 1.21 1.23 1.26 1.28 1.3  1.31 1.42
 1.44 1.49 1.49 1.51 1.52 1.55 1.67 1.73 1.74 1.76 1.86 2.29 2.34 2.81
 3.02 3.3  3.31 3.48]
var: 0.71914163888889
| [0m28       [0m | [0m1.105    [0m | [0m0.1445   [0m | [0m47.4     [0m | [0m1.575    [0m |
[0.17 0.18 0.21 0.22 0.29 0.34 0.39 0.58 0.61 0.7  0.75 0.75 0.85 0.95
 1.08 1.1  1.11 1.14 1.21 1.26 1.3  1.39 1.43 1.43 1.45 1.49 1.51 1.65
 1.78 1.85 1.86 1.94 1.96 1.97 2.03 2.1  2.17 2.17 2.26 2.35 2.36 2.41
 2.57 2.71 2.72 2.83 2.83 2.84 2.91 2.97 2.98 3.08 3.26 3.27 3.39 3.39
 4.04 4.11 5.05 6.66]
var: 1.5624395555555566
| [0m29       [0m | [0m1.939    [0m | [0m0.1286   [0m | [0m5.324    [0m | [0m1.54     [0m |
[0.06 0.11 0.11 0.2  0.22 0.26 0.31 0.37 0.38 0.39 0.4  0.49 0.52 0.53
 0.57 0.58 0.58 0.68 0.7  0.7  0.73 0.79 0.87 0.91 0.93 0.94 0.98 0.98
 1.   1.04 1.07 1.08 1.08 1.13 1.18 1.2  1.21 1.21 1.25 1.26 1.35 1.44
 1.45 1.51 1.58 1.7  1.89 1.92 2.03 2.09 2.11 2.12 2.17 2.2  2.26 2.62
 2.82 2.83 3.61 3.69]
var: 0.6902327499999994
| [0m30       [0m | [0m1.207    [0m | [0m0.2217   [0m | [0m37.14    [0m | [0m1.439    [0m |
[0.09 0.09 0.18 0.38 0.39 0.41 0.5  0.53 0.54 0.57 0.64 0.69 0.78 0.84
 0.86 0.87 0.91 0.95 0.97 1.04 1.08 1.11 1.12 1.21 1.24 1.27 1.31 1.32
 1.39 1.41 1.42 1.44 1.53 1.61 1.64 1.65 1.65 1.68 1.77 1.81 1.94 1.94
 2.   2.23 2.38 2.39 2.45 2.55 2.55 2.63 2.64 2.78 2.94 2.98 3.28 3.52
 3.84 3.85 4.46 5.59]
var: 1.2487369722222232
| [0m31       [0m | [0m1.664    [0m | [0m0.0672   [0m | [0m37.12    [0m | [0m0.7097   [0m |
[1.28 1.89 2.03 2.2  2.28 2.29 2.33 2.45 2.47 2.58 2.61 2.62 2.64 2.66
 2.68 2.72 2.76 2.77 2.85 2.91 3.   3.07 3.1  3.11 3.16 3.23 3.23 3.35
 3.41 3.44 3.51 3.53 3.58 3.6  3.81 3.92 3.95 3.97 4.04 4.07 4.08 4.13
 4.16 4.17 4.18 4.33 4.34 4.55 4.59 4.77 4.9  5.04 5.49 5.97 6.12 6.2
 6.23 6.35 7.06 7.08]
var: 1.691024
| [95m32       [0m | [95m3.714    [0m | [95m0.05715  [0m | [95m38.74    [0m | [95m0.05519  [0m |
[0.03 0.04 0.07 0.13 0.24 0.3  0.3  0.34 0.48 0.48 0.62 0.69 0.69 0.7
 0.74 0.75 0.81 0.84 0.93 0.97 0.97 1.03 1.04 1.15 1.19 1.28 1.29 1.3
 1.32 1.43 1.46 1.52 1.53 1.58 1.61 1.62 1.74 1.83 1.89 1.89 1.9  1.94
 1.95 2.14 2.22 2.33 2.35 2.43 2.48 2.56 2.74 2.74 2.76 3.04 3.3  3.61
 3.77 4.02 4.6  6.04]
var: 1.4066356666666668
| [0m33       [0m | [0m1.629    [0m | [0m0.2381   [0m | [0m33.48    [0m | [0m0.901    [0m |
[0.06 0.07 0.07 0.09 0.09 0.23 0.25 0.29 0.31 0.34 0.34 0.35 0.41 0.44
 0.49 0.51 0.51 0.6  0.61 0.64 0.68 0.7  0.7  0.71 0.73 0.74 0.76 0.8
 0.8  0.88 0.91 0.92 0.98 0.99 0.99 1.02 1.02 1.04 1.09 1.11 1.15 1.18
 1.25 1.33 1.36 1.38 1.45 1.51 1.52 1.53 1.54 1.55 1.75 1.81 1.93 1.97
 2.08 2.22 2.56 3.28]
var: 0.4271176666666662
| [0m34       [0m | [0m0.977    [0m | [0m0.2694   [0m | [0m46.13    [0m | [0m1.672    [0m |
[0.05 0.16 0.22 0.3  0.34 0.39 0.43 0.53 0.55 0.61 0.63 0.66 0.76 0.77
 0.82 0.84 0.84 0.87 0.93 1.01 1.05 1.11 1.24 1.3  1.33 1.37 1.43 1.58
 1.69 1.72 1.74 1.86 1.86 2.07 2.1  2.22 2.23 2.37 2.39 2.42 2.49 2.55
 2.77 2.85 2.86 3.05 3.14 3.28 3.39 3.43 3.48 4.13 4.19 4.36 4.59 4.79
 5.03 5.19 5.33 5.45]
var: 2.1803278888888884
| [0m35       [0m | [0m2.052    [0m | [0m0.2038   [0m | [0m12.28    [0m | [0m0.2805   [0m |
[0.03 0.04 0.04 0.06 0.07 0.1  0.12 0.16 0.2  0.29 0.29 0.34 0.5  0.54
 0.57 0.58 0.58 0.66 0.67 0.7  0.7  0.72 0.76 0.8  0.8  0.81 0.83 1.01
 1.09 1.14 1.15 1.17 1.25 1.28 1.31 1.34 1.35 1.41 1.42 1.45 1.45 1.46
 1.47 1.65 1.73 1.77 1.82 1.84 1.89 1.91 2.06 2.38 2.51 2.56 2.6  2.85
 2.97 3.14 3.17 3.43]
var: 0.7810027500000003
| [0m36       [0m | [0m1.217    [0m | [0m0.2562   [0m | [0m35.4     [0m | [0m1.517    [0m |
[0.21 0.23 0.24 0.29 0.29 0.3  0.48 0.62 0.62 0.71 0.73 0.77 0.82 0.88
 0.88 0.97 1.   1.03 1.14 1.14 1.19 1.24 1.33 1.35 1.48 1.5  1.52 1.57
 1.64 1.81 1.85 1.87 1.92 2.13 2.16 2.18 2.22 2.24 2.39 2.39 2.48 2.48
 2.54 2.71 2.79 2.88 2.96 3.1  3.24 3.31 3.56 3.66 3.71 4.1  4.58 5.58
 5.7  5.95 7.09 7.79]
var: 2.807429
| [0m37       [0m | [0m2.159    [0m | [0m0.05388  [0m | [0m40.78    [0m | [0m0.1696   [0m |
[0.2  0.43 0.47 0.48 0.51 0.54 0.62 0.76 0.94 1.32 1.32 1.4  1.47 1.51
 1.57 1.62 1.65 1.81 1.89 1.92 1.97 2.12 2.13 2.17 2.18 2.18 2.2  2.26
 2.31 2.35 2.45 2.49 2.57 2.6  2.73 2.77 2.88 2.96 3.05 3.08 3.1  3.12
 3.14 3.17 3.28 3.29 3.31 3.37 3.4  3.41 3.42 3.46 3.49 3.64 3.83 4.18
 4.79 5.45 5.49 6.09]
var: 1.610478305555557
| [0m38       [0m | [0m2.472    [0m | [0m0.08695  [0m | [0m7.916    [0m | [0m0.7274   [0m |
[0.11 0.14 0.16 0.3  0.3  0.44 0.64 0.66 0.7  0.73 0.78 0.83 0.83 0.86
 0.92 0.93 0.95 0.97 1.03 1.05 1.12 1.21 1.31 1.32 1.36 1.36 1.38 1.4
 1.42 1.44 1.47 1.49 1.56 1.69 1.73 1.84 1.87 2.01 2.15 2.17 2.22 2.23
 2.27 2.33 2.52 2.56 2.64 2.66 2.71 2.76 2.77 2.79 2.82 2.9  2.99 3.01
 3.13 3.14 3.18 3.88]
var: 0.8565723333333327
| [0m39       [0m | [0m1.669    [0m | [0m0.2746   [0m | [0m11.99    [0m | [0m1.68     [0m |
[0.13 0.19 0.19 0.3  0.33 0.33 0.65 0.69 0.74 0.78 0.79 0.79 0.83 0.88
 0.98 1.   1.   1.01 1.06 1.06 1.06 1.07 1.2  1.32 1.32 1.4  1.42 1.52
 1.53 1.53 1.54 1.57 1.6  1.6  1.66 1.67 1.7  1.76 1.78 1.79 1.79 1.84
 1.9  1.91 1.99 2.02 2.08 2.13 2.22 2.29 2.4  2.56 2.65 2.73 2.91 3.01
 3.02 3.08 3.11 3.98]
var: 0.6902127500000007
| [0m40       [0m | [0m1.557    [0m | [0m0.1358   [0m | [0m21.56    [0m | [0m1.65     [0m |
[0.04 0.07 0.07 0.07 0.09 0.15 0.16 0.17 0.18 0.18 0.23 0.23 0.23 0.23
 0.26 0.35 0.35 0.37 0.38 0.38 0.39 0.42 0.45 0.45 0.48 0.49 0.51 0.52
 0.56 0.58 0.61 0.62 0.65 0.67 0.67 0.68 0.7  0.71 0.78 0.83 0.84 0.87
 0.92 0.94 0.95 0.95 1.   1.03 1.05 1.13 1.15 1.25 1.25 1.36 1.41 1.42
 1.74 1.78 1.98 2.24]
var: 0.24810766666666678
| [0m41       [0m | [0m0.687    [0m | [0m0.0242   [0m | [0m0.6004   [0m | [0m2.995    [0m |
[0.   0.   0.01 0.01 0.01 0.01 0.02 0.02 0.02 0.02 0.03 0.03 0.03 0.03
 0.04 0.04 0.04 0.04 0.04 0.04 0.04 0.05 0.05 0.05 0.05 0.05 0.05 0.05
 0.05 0.06 0.06 0.07 0.07 0.07 0.07 0.07 0.08 0.08 0.08 0.09 0.09 0.11
 0.11 0.12 0.12 0.13 0.14 0.15 0.16 0.16 0.18 0.18 0.19 0.19 0.2  0.26
 0.28 0.3  0.31 0.35]
var: 0.006727638888888891
| [0m42       [0m | [0m0.09083  [0m | [0m0.07884  [0m | [0m39.15    [0m | [0m0.0024   [0m |
[0.11 0.13 0.14 0.33 0.44 0.47 0.52 0.53 0.61 0.64 0.88 1.07 1.09 1.12
 1.14 1.17 1.55 1.57 1.71 1.77 1.78 1.81 1.89 1.89 1.94 1.98 2.   2.2
 2.21 2.3  2.35 2.4  2.46 2.49 2.66 2.71 2.75 2.76 2.77 2.78 2.85 2.87
 2.93 3.02 3.05 3.13 3.15 3.16 3.19 3.42 3.48 3.59 3.6  3.7  3.79 3.9
 4.04 4.22 4.91 5.  ]
var: 1.4714048888888895
| [0m43       [0m | [0m2.235    [0m | [0m0.2346   [0m | [0m13.47    [0m | [0m0.7907   [0m |
[ 0.55  0.86  0.87  1.45  1.48  1.48  1.5   1.64  1.81  1.81  2.02  2.03
  2.23  2.32  2.36  2.43  2.49  2.66  2.77  2.8   2.82  2.82  2.92  2.96
  3.05  3.11  3.23  3.25  3.36  3.38  3.44  3.56  3.6   3.64  3.65  3.85
  4.11  4.11  4.32  4.4   4.49  4.53  4.58  4.59  4.72  4.84  5.    5.14
  5.15  5.2   5.26  5.49  5.6   5.91  6.64  6.68  7.58  8.11 10.21 10.71]
var: 4.173333638888887
| [95m44       [0m | [95m3.793    [0m | [95m0.203    [0m | [95m10.25    [0m | [95m0.1153   [0m |
[0.14 0.17 0.2  0.23 0.36 0.37 0.47 0.54 0.6  0.62 0.62 0.63 0.64 0.65
 0.69 0.79 0.84 0.86 0.88 0.91 0.93 0.96 1.   1.09 1.12 1.18 1.18 1.24
 1.24 1.29 1.37 1.4  1.45 1.47 1.47 1.52 1.65 1.65 1.69 1.76 1.78 1.88
 1.89 1.95 1.99 2.04 2.07 2.08 2.15 2.2  2.28 2.31 2.58 3.24 3.62 3.72
 3.79 3.84 4.25 4.98]
var: 1.1398549722222227
| [0m45       [0m | [0m1.542    [0m | [0m0.2648   [0m | [0m10.25    [0m | [0m0.1905   [0m |
[0.08 0.42 0.6  0.8  0.87 0.93 0.95 1.09 1.23 1.26 1.44 1.55 1.75 1.78
 1.87 1.89 1.93 1.95 2.   2.07 2.12 2.21 2.28 2.3  2.45 2.55 2.56 2.63
 2.65 2.67 2.78 2.82 2.84 2.87 3.01 3.02 3.1  3.14 3.17 3.24 3.26 3.33
 3.43 3.47 3.49 3.65 3.68 3.76 3.78 3.81 3.81 4.18 4.22 4.43 4.48 4.65
 5.33 5.69 5.72 6.31]
var: 1.8004043055555548
| [0m46       [0m | [0m2.756    [0m | [0m0.1903   [0m | [0m10.2     [0m | [0m0.1322   [0m |
[0.1  0.26 0.28 0.3  0.39 0.39 0.39 0.47 0.56 0.56 0.59 0.61 0.62 0.66
 0.69 0.7  0.77 0.82 1.23 1.39 1.5  1.52 1.59 1.73 1.79 1.8  1.87 2.15
 2.15 2.18 2.23 2.3  2.31 2.32 2.36 2.49 2.52 2.53 2.53 2.68 2.72 2.78
 2.9  3.04 3.22 3.23 3.3  3.41 3.48 3.5  3.62 3.72 3.83 4.28 4.39 4.71
 4.79 4.97 5.   5.83]
var: 2.068597638888888
| [0m47       [0m | [0m2.184    [0m | [0m0.02841  [0m | [0m38.78    [0m | [0m0.1562   [0m |
[0.06 0.08 0.1  0.12 0.13 0.16 0.25 0.25 0.3  0.31 0.39 0.4  0.47 0.51
 0.54 0.58 0.58 0.59 0.66 0.67 0.72 0.72 0.76 0.77 0.8  0.8  0.81 0.82
 0.83 0.86 0.94 0.98 1.07 1.1  1.1  1.16 1.17 1.18 1.22 1.24 1.33 1.4
 1.41 1.48 1.52 1.53 1.56 1.57 1.72 1.77 1.88 1.9  1.91 2.01 2.19 2.21
 2.27 2.76 2.93 5.79]
var: 0.8254512222222221
| [0m48       [0m | [0m1.122    [0m | [0m0.27     [0m | [0m41.22    [0m | [0m2.163    [0m |
[0.21 0.28 0.3  0.56 0.56 0.63 0.75 0.92 1.   1.   1.12 1.21 1.22 1.24
 1.25 1.28 1.34 1.45 1.56 1.57 1.68 1.72 1.73 1.76 1.78 1.83 1.85 1.93
 1.93 1.96 1.97 2.04 2.08 2.12 2.2  2.24 2.26 2.3  2.33 2.36 2.4  2.44
 2.85 2.92 2.92 3.04 3.05 3.05 3.11 3.2  3.42 3.42 3.67 3.86 3.99 4.33
 4.38 4.93 5.05 8.05]
var: 1.849942222222223
| [0m49       [0m | [0m2.227    [0m | [0m0.2349   [0m | [0m10.93    [0m | [0m0.1542   [0m |
[0.61 0.62 0.64 0.77 0.83 0.89 0.92 1.13 1.25 1.26 1.29 1.4  1.55 1.56
 1.59 1.72 1.74 1.75 1.77 1.78 1.81 1.93 1.95 1.96 1.99 2.17 2.19 2.24
 2.24 2.24 2.34 2.34 2.37 2.42 2.52 2.62 2.73 2.8  2.82 2.87 2.91 2.92
 2.93 3.05 3.15 3.17 3.23 3.31 3.5  3.54 3.55 3.63 3.66 3.67 3.69 4.17
 4.96 5.08 5.12 7.68]
var: 1.6279678888888889
| [0m50       [0m | [0m2.476    [0m | [0m0.2169   [0m | [0m10.29    [0m | [0m0.03481  [0m |
[0.14 0.15 0.16 0.2  0.21 0.24 0.24 0.24 0.25 0.26 0.26 0.3  0.33 0.35
 0.4  0.4  0.42 0.5  0.5  0.51 0.53 0.58 0.6  0.6  0.6  0.62 0.65 0.76
 0.76 0.77 0.78 0.79 0.79 0.79 0.81 0.82 0.82 0.88 0.89 0.9  0.96 0.98
 1.05 1.06 1.07 1.08 1.11 1.15 1.15 1.19 1.22 1.24 1.28 1.35 1.45 1.48
 1.58 1.74 2.06 2.17]
var: 0.21826697222222244
| [0m51       [0m | [0m0.7862   [0m | [0m0.103    [0m | [0m38.79    [0m | [0m0.008658 [0m |
[0.74 1.38 1.66 1.66 1.71 1.72 1.75 1.77 1.85 1.95 1.96 2.09 2.12 2.16
 2.18 2.32 2.37 2.38 2.42 2.49 2.54 2.55 2.57 2.63 2.67 2.86 2.88 2.96
 3.07 3.14 3.15 3.17 3.17 3.2  3.26 3.31 3.45 3.52 3.55 3.61 3.69 3.71
 3.72 3.74 3.83 3.89 3.94 3.95 3.97 3.98 4.08 4.11 4.32 4.71 4.92 5.45
 6.   6.08 6.62 6.91]
var: 1.6164162222222211
| [0m52       [0m | [0m3.193    [0m | [0m0.2055   [0m | [0m10.32    [0m | [0m0.0561   [0m |
[ 1.01  1.2   1.21  1.76  1.9   1.95  2.09  2.26  2.34  2.39  2.43  2.58
  2.59  2.62  2.64  2.76  2.79  2.85  2.86  3.09  3.14  3.21  3.26  3.4
  3.4   3.45  3.46  3.48  3.52  3.59  3.67  3.78  3.83  3.95  4.    4.04
  4.05  4.16  4.18  4.21  4.26  4.33  4.36  4.44  4.46  4.46  4.49  4.53
  4.62  4.72  4.74  4.81  4.94  5.15  5.36  5.76  6.06  6.15  7.43 13.15]
var: 3.057661555555555
| [0m53       [0m | [0m3.789    [0m | [0m0.1747   [0m | [0m10.35    [0m | [0m0.08155  [0m |
[0.76 1.46 1.51 1.68 1.97 2.03 2.2  2.31 2.37 2.58 2.6  2.8  2.88 2.89
 3.   3.04 3.17 3.27 3.29 3.33 3.39 3.39 3.47 3.48 3.48 3.48 3.53 3.54
 3.58 3.63 3.65 3.71 3.72 3.83 4.02 4.17 4.21 4.22 4.27 4.33 4.7  4.7
 4.92 4.96 5.09 5.13 5.19 5.24 5.31 5.35 5.52 5.68 5.68 5.7  6.04 6.19
 6.27 6.31 6.38 6.54]
var: 1.9034156666666675
| [95m54       [0m | [95m3.919    [0m | [95m0.2077   [0m | [95m10.23    [0m | [95m0.095    [0m |
[0.   0.06 0.06 0.08 0.08 0.09 0.18 0.24 0.26 0.27 0.43 0.46 0.5  0.53
 0.54 0.58 0.58 0.61 0.62 0.63 0.68 0.69 0.7  0.7  0.71 0.75 0.76 0.78
 0.78 0.79 0.79 0.8  0.83 0.83 0.97 1.02 1.05 1.06 1.06 1.09 1.12 1.12
 1.13 1.17 1.17 1.18 1.29 1.33 1.34 1.53 1.6  1.61 1.66 1.87 1.92 2.16
 2.35 2.82 2.85 3.33]
var: 0.48936830555555577
| [0m55       [0m | [0m0.9698   [0m | [0m0.2305   [0m | [0m31.92    [0m | [0m2.18     [0m |
[0.93 0.98 1.07 1.55 1.76 1.87 1.96 2.05 2.08 2.14 2.32 2.32 2.41 2.43
 2.62 2.71 2.74 2.82 2.88 2.97 3.01 3.02 3.04 3.14 3.16 3.18 3.26 3.32
 3.34 3.43 3.46 3.46 3.48 3.5  3.5  3.56 3.82 3.92 4.09 4.18 4.26 4.32
 4.34 4.38 4.51 4.51 4.57 4.6  4.65 4.68 4.73 4.74 4.96 4.97 5.06 5.9
 6.34 6.54 6.78 6.83]
var: 1.8586887499999998
| [0m56       [0m | [0m3.553    [0m | [0m0.1628   [0m | [0m10.22    [0m | [0m0.05831  [0m |
[0.61 0.97 1.12 1.15 1.27 1.28 1.47 1.52 1.8  1.84 1.87 1.89 1.96 1.97
 2.04 2.3  2.41 2.54 2.56 2.65 2.67 2.71 2.72 2.76 2.91 2.93 2.98 2.99
 3.12 3.12 3.17 3.26 3.26 3.33 3.38 3.44 3.52 3.56 3.62 3.73 3.84 4.03
 4.06 4.29 4.31 4.39 4.4  4.44 4.45 4.63 4.73 4.93 5.2  5.41 5.85 5.9
 6.4  6.42 6.42]
var: 2.055172306808389
| [0m57       [0m | [0m3.263    [0m | [0m0.1521   [0m | [0m10.25    [0m | [0m0.118    [0m |
[1.18 1.27 1.41 1.57 1.66 1.66 1.78 1.94 2.03 2.21 2.34 2.35 2.37 2.43
 2.47 2.55 2.64 2.95 3.03 3.17 3.23 3.33 3.35 3.36 3.47 3.51 3.52 3.53
 3.53 3.59 3.62 3.62 3.62 3.72 3.73 3.74 3.85 3.87 3.99 4.11 4.27 4.45
 4.45 4.47 4.56 4.59 4.61 4.63 4.71 4.79 5.13 5.15 5.26 5.41 5.76 6.26
 6.58 6.77 6.82 7.27]
var: 2.058959555555555
| [0m58       [0m | [0m3.687    [0m | [0m0.1227   [0m | [0m10.15    [0m | [0m0.09298  [0m |
[0.74 0.9  1.36 1.6  1.67 1.71 1.79 2.04 2.08 2.31 2.52 2.53 2.54 2.65
 2.76 2.77 2.81 2.9  2.94 2.94 2.94 3.01 3.07 3.1  3.11 3.3  3.44 3.53
 3.54 3.58 3.6  3.65 3.68 3.69 3.72 3.77 3.77 3.79 3.84 3.86 3.9  4.2
 4.37 4.41 4.61 4.75 5.08 5.1  5.75 5.83 5.92 5.92 6.47 6.62]
var: 1.7806148148148149
| [0m59       [0m | [0m3.453    [0m | [0m0.1844   [0m | [0m10.38    [0m | [0m0.1159   [0m |
[0.41 0.92 1.32 1.58 1.59 1.62 1.67 1.97 1.98 2.04 2.05 2.1  2.37 2.41
 2.5  2.61 2.72 2.78 2.86 2.87 2.96 2.98 2.98 3.15 3.26 3.27 3.28 3.36
 3.37 3.52 3.54 3.55 3.6  3.68 3.72 3.78 3.84 3.96 3.96 4.26 4.38 4.5
 4.61 4.68 4.74 4.77 4.9  5.   5.21 5.31 5.48 5.62 5.68 5.7  7.23 7.35
 8.38]
var: 2.505670236995999
| [0m60       [0m | [0m3.578    [0m | [0m0.119    [0m | [0m10.31    [0m | [0m0.09075  [0m |
[ 0.63  0.99  1.05  1.5   1.52  1.52  1.59  1.61  1.61  1.76  1.97  2.11
  2.18  2.38  2.47  2.57  2.59  2.74  2.74  2.8   2.82  2.83  2.89  2.9
  2.99  3.11  3.12  3.2   3.24  3.25  3.32  3.34  3.42  3.64  3.66  3.67
  3.68  3.7   3.76  3.92  3.93  3.99  4.15  4.18  4.25  4.42  4.53  4.54
  4.61  4.62  4.68  4.74  4.8   5.13  5.33  5.43  5.59  6.07  8.07 10.19]
var: 2.649876222222221
| [0m61       [0m | [0m3.467    [0m | [0m0.1008   [0m | [0m10.41    [0m | [0m0.05212  [0m |
[0.05 0.06 0.1  0.15 0.33 0.37 0.37 0.5  0.57 0.57 0.68 0.82 0.82 0.94
 0.95 1.06 1.07 1.08 1.14 1.16 1.18 1.18 1.18 1.2  1.27 1.32 1.32 1.32
 1.35 1.39 1.43 1.47 1.49 1.66 1.68 1.74 1.79 1.83 1.84 1.9  1.91 1.95
 1.96 2.07 2.12 2.12 2.15 2.17 2.2  2.22 2.23 2.42 2.65 2.75 2.79 2.83
 3.02 3.23 3.73 5.43]
var: 0.924421555555556
| [0m62       [0m | [0m1.571    [0m | [0m0.2757   [0m | [0m2.878    [0m | [0m1.192    [0m |
[0.08 0.12 0.18 0.2  0.34 0.4  0.49 0.57 0.61 0.68 0.76 0.85 1.01 1.05
 1.06 1.19 1.25 1.29 1.38 1.4  1.42 1.58 1.7  1.73 1.76 1.83 1.86 1.86
 1.9  1.93 2.03 2.07 2.07 2.23 2.28 2.29 2.35 2.48 2.51 2.66 2.66 2.75
 2.76 2.78 2.79 2.79 2.84 3.04 3.05 3.13 3.17 3.19 3.19 3.35 3.38 3.45
 3.54 3.56 3.59 5.85]
var: 1.2842716388888897
| [0m63       [0m | [0m2.005    [0m | [0m0.1467   [0m | [0m6.228    [0m | [0m1.517    [0m |
[0.5  0.51 0.55 0.65 0.92 1.1  1.34 1.41 1.48 1.49 1.5  1.54 1.55 1.68
 1.77 1.87 1.91 1.91 1.94 2.16 2.21 2.24 2.26 2.27 2.32 2.41 2.41 2.47
 2.49 2.51 2.56 2.6  2.69 2.92 3.   3.05 3.18 3.2  3.23 3.25 3.28 3.36
 3.47 3.53 3.64 3.67 3.81 3.81 3.99 3.99 4.05 4.24 4.27 4.28 4.29 4.35
 4.6  4.88 5.76]
var: 1.4219003734559033
| [0m64       [0m | [0m2.683    [0m | [0m0.1054   [0m | [0m10.08    [0m | [0m0.04226  [0m |
[1.14 1.27 1.3  1.5  1.52 1.65 1.79 1.93 1.94 1.97 1.98 2.21 2.21 2.26
 2.26 2.31 2.32 2.45 2.59 2.77 2.87 2.88 2.88 2.9  2.97 3.06 3.13 3.23
 3.33 3.35 3.38 3.39 3.5  3.53 3.55 3.61 3.62 3.72 3.78 3.79 3.96 3.96
 4.05 4.46 4.48 4.61 4.66 4.75 4.81 5.04 5.09 5.19 5.32 5.39 5.91 6.93
 7.02 7.14 7.21 7.84]
var: 2.534952333333335
| [0m65       [0m | [0m3.561    [0m | [0m0.163    [0m | [0m10.47    [0m | [0m0.1169   [0m |
[0.33 1.29 1.77 1.96 2.15 2.16 2.16 2.18 2.19 2.31 2.53 2.54 2.6  2.69
 2.77 2.83 2.93 2.98 2.99 3.01 3.08 3.34 3.35 3.4  3.45 3.46 3.46 3.5
 3.65 3.65 3.66 3.71 3.77 3.86 3.91 3.98 4.1  4.13 4.18 4.24 4.29 4.3
 4.3  4.67 4.73 4.76 4.84 4.85 4.99 5.08 5.42 5.43 5.47 5.8  5.81 5.91
 6.29 6.82 7.49 8.24]
var: 2.1974790000000013
| [0m66       [0m | [0m3.829    [0m | [0m0.02141  [0m | [0m38.68    [0m | [0m0.05365  [0m |
[0.03 0.05 0.09 0.21 0.34 0.34 0.38 0.4  0.46 0.47 0.51 0.56 0.57 0.62
 0.65 0.71 0.73 0.76 0.76 0.79 0.84 1.1  1.11 1.13 1.17 1.25 1.3  1.4
 1.42 1.45 1.5  1.57 1.58 1.63 1.65 1.72 1.78 1.8  1.85 1.92 2.05 2.14
 2.15 2.15 2.17 2.26 2.26 2.31 2.64 2.74 2.91 3.03 3.56 3.63 3.66 3.8
 4.64 5.08 5.87]
var: 1.5933944843435792
| [0m67       [0m | [0m1.655    [0m | [0m0.07067  [0m | [0m10.39    [0m | [0m0.186    [0m |
[0.34 0.55 0.58 0.65 0.7  0.73 0.76 0.78 0.84 0.84 0.87 0.88 0.96 0.99
 1.04 1.06 1.09 1.09 1.13 1.14 1.24 1.24 1.26 1.27 1.28 1.28 1.29 1.29
 1.31 1.34 1.38 1.41 1.42 1.44 1.46 1.49 1.53 1.54 1.55 1.55 1.62 1.68
 1.72 1.81 1.88 1.9  1.96 2.02 2.02 2.03 2.06 2.08 2.1  2.13 2.24 2.26
 2.32 3.01 3.22 3.68]
var: 0.40900030555555494
| [0m68       [0m | [0m1.472    [0m | [0m0.06187  [0m | [0m38.64    [0m | [0m0.01233  [0m |
[0.05 0.1  0.18 0.31 0.37 0.42 0.46 0.47 0.5  0.51 0.53 0.6  0.61 0.66
 0.67 0.67 0.7  0.79 0.9  0.9  0.91 0.92 0.95 0.97 1.06 1.09 1.27 1.29
 1.32 1.36 1.42 1.44 1.44 1.44 1.57 1.59 1.59 1.73 1.74 1.74 1.79 1.82
 2.02 2.06 2.23 2.24 2.74 2.77 2.78 2.81 2.86 2.94 3.6  3.71 3.9  3.95
 3.96 4.08 5.14 5.19]
var: 1.5593569722222216
| [0m69       [0m | [0m1.664    [0m | [0m0.2079   [0m | [0m10.43    [0m | [0m0.1673   [0m |
[0.74 0.82 1.02 1.3  1.4  1.71 1.81 1.86 2.   2.2  2.34 2.44 2.57 2.82
 2.82 3.05 3.06 3.1  3.11 3.16 3.18 3.24 3.27 3.28 3.49 3.53 3.55 3.55
 3.55 3.66 3.67 3.69 3.74 3.86 3.88 3.92 3.99 4.08 4.21 4.27 4.27 4.27
 4.32 4.34 4.54 4.62 4.69 4.76 4.82 5.06 5.09 5.45 5.56 5.59 5.77 6.17
 6.46 7.56 8.16 8.27]
var: 2.5814727500000005
| [0m70       [0m | [0m3.779    [0m | [0m0.01857  [0m | [0m38.76    [0m | [0m0.04989  [0m |
[0.03 0.04 0.05 0.07 0.1  0.17 0.19 0.19 0.2  0.2  0.21 0.26 0.29 0.29
 0.31 0.34 0.37 0.37 0.38 0.39 0.41 0.44 0.46 0.46 0.47 0.51 0.52 0.52
 0.54 0.58 0.6  0.68 0.72 0.73 0.74 0.75 0.76 0.77 0.84 0.85 0.89 0.93
 0.94 0.94 1.01 1.02 1.05 1.05 1.15 1.17 1.3  1.32 1.6  1.63 1.99 2.13
 2.17 2.45 2.84 2.98]
var: 0.45136622222222306
| [0m71       [0m | [0m0.7893   [0m | [0m0.07564  [0m | [0m1.147    [0m | [0m2.272    [0m |
[0.09 0.11 0.13 0.17 0.18 0.2  0.21 0.23 0.29 0.32 0.34 0.38 0.53 0.54
 0.67 0.69 0.71 0.72 0.78 0.79 0.8  0.83 0.83 0.84 0.85 0.85 0.86 0.86
 0.96 0.99 1.12 1.13 1.31 1.36 1.38 1.46 1.46 1.5  1.56 1.56 1.61 1.68
 1.68 1.7  1.7  1.82 1.86 2.07 2.15 2.18 2.19 2.22 2.22 2.46 2.51 2.56
 2.95 4.1  4.13 4.75]
var: 1.0024169722222218
| [0m72       [0m | [0m1.319    [0m | [0m0.1502   [0m | [0m44.79    [0m | [0m0.9939   [0m |
[ 0.78  1.17  1.39  1.45  1.74  1.84  1.98  2.    2.01  2.37  2.58  2.59
  2.63  2.67  2.82  2.88  2.91  2.91  2.93  3.    3.02  3.16  3.4   3.41
  3.43  3.55  3.6   3.62  3.65  3.66  3.66  3.78  3.79  3.79  3.82  3.91
  4.    4.08  4.24  4.26  4.28  4.33  4.5   4.56  4.57  4.58  4.7   4.78
  4.85  5.28  5.31  5.54  6.1   6.17  6.66  6.69  6.85  7.16  7.21 10.23]
var: 2.8934514166666676
| [0m73       [0m | [0m3.881    [0m | [0m0.03228  [0m | [0m10.33    [0m | [0m0.05065  [0m |
[0.34 0.45 1.27 1.52 1.62 1.91 1.93 1.98 2.04 2.05 2.16 2.39 2.4  2.4
 2.44 2.57 2.66 2.74 2.84 2.91 2.96 3.08 3.15 3.18 3.24 3.31 3.44 3.47
 3.67 3.7  3.92 3.98 4.03 4.04 4.09 4.19 4.2  4.28 4.42 4.57 4.57 4.62
 4.64 4.86 4.87 4.91 5.07 5.08 5.15 5.15 5.19 5.35 5.37 5.52 5.71 5.89
 6.29 6.38 6.47 8.8 ]
var: 2.530213638888888
| [0m74       [0m | [0m3.757    [0m | [0m0.05578  [0m | [0m38.71    [0m | [0m0.1139   [0m |
[0.13 0.16 0.24 0.31 0.35 0.45 0.61 0.65 0.65 0.66 0.72 0.79 0.79 0.8
 0.8  0.82 0.83 0.85 0.9  0.92 1.01 1.02 1.03 1.03 1.03 1.11 1.15 1.18
 1.21 1.27 1.29 1.3  1.33 1.39 1.39 1.4  1.42 1.49 1.5  1.59 1.62 1.72
 1.8  2.21 2.21 2.23 2.35 2.56 2.56 2.84 2.98 2.99 3.16 3.24 3.26 3.42
 3.42 3.85 4.19 4.3 ]
var: 1.0977848888888893
| [0m75       [0m | [0m1.575    [0m | [0m0.2687   [0m | [0m40.01    [0m | [0m0.1808   [0m |
[0.06 0.16 0.18 0.26 0.28 0.33 0.44 0.62 0.62 0.69 0.7  0.74 0.83 0.99
 1.01 1.02 1.03 1.05 1.09 1.13 1.16 1.22 1.25 1.26 1.31 1.51 1.56 1.68
 1.75 1.76 1.77 1.8  1.82 1.85 1.86 2.03 2.05 2.1  2.15 2.16 2.19 2.25
 2.26 2.34 2.34 2.45 2.55 2.62 2.89 3.06 3.08 3.41 3.52 3.58 4.05 4.06
 4.47 4.57 5.03 5.82]
var: 1.6244710000000002
| [0m76       [0m | [0m1.897    [0m | [0m0.2756   [0m | [0m21.51    [0m | [0m1.042    [0m |
[0.12 0.18 0.21 0.42 0.48 0.68 0.76 0.78 0.85 0.86 0.88 0.98 0.98 1.03
 1.09 1.21 1.23 1.25 1.28 1.31 1.35 1.4  1.55 1.59 1.7  1.82 1.84 1.98
 2.01 2.05 2.06 2.1  2.15 2.2  2.24 2.26 2.3  2.33 2.35 2.5  2.5  2.78
 2.78 2.81 2.92 2.95 2.98 3.25 3.37 3.37 3.39 3.47 3.68 3.75 4.   4.28
 4.38 4.39 5.39 6.02]
var: 1.6543409999999996
| [0m77       [0m | [0m2.147    [0m | [0m0.02149  [0m | [0m9.215    [0m | [0m1.696    [0m |
[0.75 0.96 1.15 1.16 1.57 1.69 1.79 1.84 2.09 2.1  2.11 2.23 2.27 2.27
 2.27 2.31 2.32 2.41 2.44 2.46 2.51 2.51 2.55 2.59 2.65 2.72 2.73 2.84
 2.87 2.9  2.91 2.92 2.93 2.97 3.03 3.03 3.05 3.06 3.18 3.34 3.37 3.38
 3.48 3.54 3.6  3.66 3.69 3.72 3.99 4.16 4.17 4.17 4.21 4.33 4.71 4.95
 5.09 5.17 6.46 6.58]
var: 1.3648416388888889
| [0m78       [0m | [0m3.032    [0m | [0m0.1931   [0m | [0m10.15    [0m | [0m0.05227  [0m |
[0.05 0.16 0.16 0.19 0.23 0.27 0.29 0.31 0.35 0.35 0.36 0.4  0.41 0.42
 0.42 0.44 0.44 0.44 0.52 0.56 0.56 0.58 0.59 0.6  0.62 0.68 0.75 0.8
 0.8  0.8  0.82 0.87 0.88 0.88 0.91 0.92 0.97 1.03 1.05 1.07 1.11 1.14
 1.17 1.18 1.21 1.23 1.33 1.36 1.38 1.4  1.4  1.44 1.57 1.67 1.88 2.01
 2.01 2.07 2.21 3.54]
var: 0.3944389999999993
| [0m79       [0m | [0m0.921    [0m | [0m0.2025   [0m | [0m10.5     [0m | [0m0.0151   [0m |
[1.42 2.27 2.4  2.48 2.51 2.77 2.8  2.85 2.89 2.99 3.04 3.18 3.19 3.33
 3.35 3.45 3.58 3.74 3.77 3.81 3.82 3.85 3.91 3.93 4.06 4.11 4.2  4.27
 4.3  4.34 4.36 4.51 4.58 4.62 4.74 4.75 4.84 4.85 4.95 5.03 5.12 5.19
 5.2  5.23 5.35 5.4  5.4  5.47 5.56 5.59 5.67 5.72 5.8  6.7  6.93 6.93
 7.76 7.85 8.15 8.7 ]
var: 2.2774373333333324
| [95m80       [0m | [95m4.526    [0m | [95m0.0727   [0m | [95m10.34    [0m | [95m0.07189  [0m |
=============================================================
None
num_trials:  40  inits,  40  iters,  60  per
rho:  2
pthin:  1.00

Best VPT: 4.526
Best result: {'a': 0.07269786535163478, 'g': 10.344433131629208, 's': 0.07188738934758802}

KERNEL: nu=1.5, lengthscale=2.0, alpha=0.0005
