|   iter    |  target   |     a     |     g     |     s     |
-------------------------------------------------------------
[0.   0.03 0.1  0.11 0.2  0.22 0.24 0.29 0.3  0.31 0.31 0.34 0.38 0.44
 0.44 0.47 0.51 0.55 0.56 0.64 0.64 0.66 0.66 0.68 0.68 0.69 0.7  0.71
 0.71 0.73 0.75 0.76 0.77 0.78 0.82 0.84 0.84 0.87 0.88 0.93 0.93 0.96
 1.03 1.04 1.06 1.14 1.28 1.34 1.42 1.44 1.46 1.53 1.58 1.59 1.73 1.83
 1.85 2.47 2.59 3.08]
var: 0.3838927499999999
| [0m1        [0m | [0m0.8815   [0m | [0m0.2536   [0m | [0m18.91    [0m | [0m0.7429   [0m |
[0.33 0.5  0.71 0.73 0.87 0.87 1.08 1.09 1.15 1.15 1.22 1.32 1.37 1.44
 1.47 1.48 1.5  1.55 1.57 1.59 1.67 1.71 1.75 1.76 1.8  1.82 1.86 1.88
 1.95 1.96 1.99 2.01 2.12 2.16 2.17 2.24 2.26 2.3  2.3  2.35 2.36 2.37
 2.44 2.5  2.51 2.51 2.55 2.56 2.66 2.68 2.74 2.86 3.03 3.06 3.35 3.45
 3.99 4.12 4.42 4.96]
var: 0.8495247500000007
| [95m2        [0m | [95m2.07     [0m | [95m0.0275   [0m | [95m12.21    [0m | [95m0.3984   [0m |
[0.01 0.07 0.12 0.13 0.18 0.21 0.21 0.26 0.31 0.39 0.45 0.53 0.54 0.54
 0.54 0.55 0.57 0.6  0.64 0.66 0.67 0.68 0.7  0.8  0.83 0.88 0.9  0.91
 0.92 0.96 1.   1.01 1.13 1.22 1.3  1.32 1.34 1.36 1.37 1.45 1.53 1.58
 1.58 1.67 1.77 1.89 1.9  1.93 1.96 2.02 2.04 2.04 2.05 2.12 2.2  2.33
 2.52 2.73 2.8  3.77]
var: 0.6393616388888893
| [0m3        [0m | [0m1.178    [0m | [0m0.0225   [0m | [0m24.95    [0m | [0m1.257    [0m |
[0.01 0.01 0.02 0.1  0.17 0.18 0.2  0.23 0.29 0.3  0.3  0.32 0.36 0.37
 0.37 0.38 0.39 0.42 0.45 0.54 0.59 0.61 0.66 0.71 0.71 0.75 0.8  0.83
 0.86 0.91 0.93 0.93 0.93 0.95 0.96 0.97 0.97 1.   1.04 1.07 1.08 1.11
 1.11 1.13 1.18 1.18 1.27 1.28 1.37 1.44 1.49 1.51 1.66 1.68 1.74 1.86
 1.89 2.33 2.73 5.44]
var: 0.6712636388888881
| [0m4        [0m | [0m0.9512   [0m | [0m0.2138   [0m | [0m27.74    [0m | [0m0.5647   [0m |
[0.37 0.56 0.61 0.62 0.63 0.65 0.65 0.65 0.71 0.75 0.77 0.95 0.95 1.01
 1.02 1.05 1.13 1.15 1.16 1.24 1.25 1.25 1.29 1.29 1.3  1.31 1.33 1.41
 1.45 1.46 1.49 1.61 1.62 1.63 1.73 1.76 1.78 1.8  1.82 1.9  1.91 1.95
 1.95 1.99 1.99 2.04 2.05 2.08 2.28 2.34 2.4  2.46 2.57 2.7  2.9  3.19
 3.25 3.28 3.62 3.94]
var: 0.6509888888888884
| [0m5        [0m | [0m1.633    [0m | [0m0.0938   [0m | [0m39.37    [0m | [0m0.2977   [0m |
[0.   0.   0.05 0.05 0.06 0.08 0.09 0.12 0.17 0.2  0.21 0.22 0.24 0.27
 0.31 0.31 0.32 0.45 0.46 0.49 0.59 0.59 0.61 0.63 0.64 0.67 0.68 0.69
 0.69 0.7  0.74 0.75 0.76 0.77 0.79 0.81 0.86 0.86 0.88 0.89 0.89 0.9
 0.91 0.96 0.99 1.04 1.07 1.08 1.12 1.13 1.13 1.19 1.28 1.28 1.44 1.45
 1.5  1.59 1.72 1.78]
var: 0.20646430555555523
| [0m6        [0m | [0m0.7192   [0m | [0m0.2694   [0m | [0m41.26    [0m | [0m1.928    [0m |
[0.   0.   0.06 0.06 0.09 0.09 0.1  0.15 0.21 0.24 0.31 0.32 0.33 0.44
 0.45 0.46 0.51 0.53 0.55 0.57 0.58 0.61 0.68 0.7  0.72 0.72 0.73 0.78
 0.81 0.84 0.85 0.91 0.91 0.96 0.97 1.   1.05 1.06 1.07 1.11 1.14 1.14
 1.19 1.22 1.28 1.35 1.38 1.44 1.45 1.45 1.47 1.63 1.83 1.84 2.51 2.58
 2.6  3.01 3.1  4.01]
var: 0.669205416666666
| [0m7        [0m | [0m1.003    [0m | [0m0.1117   [0m | [0m42.44    [0m | [0m1.098    [0m |
[0.   0.06 0.09 0.09 0.13 0.14 0.16 0.16 0.17 0.18 0.21 0.21 0.22 0.22
 0.24 0.24 0.24 0.26 0.3  0.31 0.33 0.33 0.34 0.36 0.37 0.38 0.39 0.39
 0.4  0.42 0.43 0.45 0.45 0.46 0.46 0.46 0.49 0.49 0.51 0.53 0.61 0.62
 0.63 0.64 0.68 0.7  0.71 0.72 0.75 0.75 0.78 0.78 0.84 0.88 0.94 1.25
 1.33 1.34 2.23 2.56]
var: 0.20738830555555562
| [0m8        [0m | [0m0.5302   [0m | [0m0.1787   [0m | [0m1.959    [0m | [0m0.6159   [0m |
[0.04 0.06 0.06 0.13 0.14 0.16 0.22 0.27 0.28 0.34 0.35 0.38 0.4  0.41
 0.47 0.47 0.48 0.51 0.51 0.52 0.52 0.56 0.64 0.66 0.69 0.69 0.7  0.7
 0.76 0.83 0.86 0.91 0.91 0.92 0.92 0.97 0.98 0.98 0.99 0.99 1.04 1.06
 1.07 1.08 1.16 1.17 1.2  1.22 1.27 1.33 1.35 1.37 1.39 1.42 1.61 1.85
 1.86 1.97 2.13 2.32]
var: 0.2778309722222219
| [0m9        [0m | [0m0.8542   [0m | [0m0.2258   [0m | [0m33.8     [0m | [0m0.7211   [0m |
[0.05 0.09 0.09 0.1  0.11 0.14 0.16 0.17 0.22 0.22 0.24 0.43 0.45 0.47
 0.51 0.56 0.58 0.58 0.67 0.7  0.71 0.72 0.75 0.76 0.83 0.84 0.85 0.86
 0.87 0.88 0.89 0.9  0.91 1.02 1.03 1.05 1.06 1.08 1.13 1.16 1.17 1.18
 1.21 1.42 1.43 1.43 1.59 1.61 1.73 1.77 1.8  1.84 1.89 1.94 2.01 2.26
 2.36 2.67 3.02 3.4 ]
var: 0.5495903055555554
| [0m10       [0m | [0m1.043    [0m | [0m0.07304  [0m | [0m44.48    [0m | [0m0.7316   [0m |
[0.01 0.01 0.03 0.03 0.05 0.12 0.18 0.19 0.19 0.21 0.22 0.23 0.23 0.25
 0.28 0.36 0.37 0.41 0.43 0.49 0.5  0.57 0.59 0.62 0.63 0.63 0.63 0.64
 0.64 0.66 0.69 0.7  0.73 0.74 0.75 0.76 0.79 0.84 0.88 0.88 0.91 0.91
 0.94 0.94 0.96 1.05 1.05 1.06 1.06 1.1  1.14 1.18 1.18 1.19 1.31 1.34
 1.36 1.39 1.73 2.57]
var: 0.22321030555555596
| [0m11       [0m | [0m0.7088   [0m | [0m0.2526   [0m | [0m48.06    [0m | [0m2.388    [0m |
[0.01 0.02 0.08 0.11 0.11 0.14 0.18 0.18 0.18 0.18 0.2  0.2  0.21 0.24
 0.24 0.26 0.29 0.31 0.32 0.33 0.34 0.4  0.42 0.47 0.47 0.49 0.6  0.6
 0.64 0.65 0.71 0.76 0.76 0.77 0.87 0.9  0.91 0.92 0.92 0.93 0.93 0.94
 0.94 0.96 0.98 1.   1.03 1.03 1.04 1.05 1.09 1.17 1.23 1.35 1.39 1.43
 1.43 1.53 1.96 2.89]
var: 0.2777427500000002
| [0m12       [0m | [0m0.7115   [0m | [0m0.2711   [0m | [0m38.73    [0m | [0m1.535    [0m |
[0.09 0.1  0.15 0.2  0.22 0.27 0.55 0.56 0.57 0.58 0.58 0.59 0.64 0.65
 0.68 0.69 0.69 0.69 0.71 0.73 0.75 0.75 0.76 0.76 0.79 0.79 0.8  0.81
 0.84 0.9  0.92 0.93 0.98 0.98 1.   1.02 1.04 1.05 1.06 1.08 1.11 1.12
 1.19 1.33 1.35 1.36 1.4  1.5  1.5  1.53 1.7  1.76 1.81 1.88 1.95 1.96
 2.07 2.41 2.42 2.93]
var: 0.3498069722222223
| [0m13       [0m | [0m1.037    [0m | [0m0.2533   [0m | [0m24.71    [0m | [0m0.424    [0m |
[0.36 0.43 0.57 0.6  0.61 0.62 0.67 0.81 0.95 0.96 1.04 1.1  1.18 1.22
 1.24 1.28 1.31 1.44 1.48 1.49 1.51 1.58 1.62 1.62 1.71 1.78 1.8  1.8
 1.86 1.87 1.9  1.92 2.   2.02 2.07 2.12 2.15 2.2  2.28 2.29 2.37 2.37
 2.39 2.39 2.52 2.54 2.59 2.75 2.79 2.88 2.94 3.3  3.41 3.48 3.93 4.66
 4.68 4.69 4.96 8.47]
var: 1.8349436388888887
| [95m14       [0m | [95m2.126    [0m | [95m0.221    [0m | [95m9.246    [0m | [95m0.0632   [0m |
[0.   0.01 0.02 0.02 0.02 0.02 0.02 0.05 0.06 0.07 0.13 0.15 0.17 0.24
 0.25 0.36 0.4  0.41 0.42 0.49 0.49 0.49 0.53 0.54 0.54 0.57 0.57 0.59
 0.59 0.61 0.64 0.65 0.76 0.78 0.79 0.87 0.88 0.92 0.94 1.   1.03 1.05
 1.09 1.1  1.13 1.14 1.17 1.31 1.48 1.54 1.54 1.6  1.8  1.85 1.86 1.9
 1.95 2.05 2.28 2.41]
var: 0.40926455555555574
| [0m15       [0m | [0m0.8057   [0m | [0m0.004086 [0m | [0m44.71    [0m | [0m2.466    [0m |
[0.   0.06 0.16 0.16 0.19 0.21 0.25 0.33 0.36 0.38 0.38 0.43 0.47 0.48
 0.49 0.51 0.51 0.56 0.56 0.61 0.65 0.65 0.68 0.69 0.71 0.74 0.78 0.8
 0.81 0.82 0.83 0.83 0.86 0.9  0.91 1.05 1.06 1.07 1.07 1.08 1.14 1.19
 1.2  1.2  1.22 1.25 1.27 1.35 1.37 1.37 1.45 1.51 1.53 1.55 1.56 1.57
 1.84 1.85 1.99 2.53]
var: 0.27243141666666687
| [0m16       [0m | [0m0.9005   [0m | [0m0.2755   [0m | [0m29.63    [0m | [0m2.05     [0m |
[0.   0.05 0.06 0.07 0.11 0.11 0.12 0.12 0.12 0.16 0.18 0.18 0.21 0.21
 0.21 0.25 0.26 0.28 0.28 0.29 0.3  0.32 0.32 0.33 0.37 0.38 0.39 0.39
 0.39 0.4  0.43 0.44 0.44 0.44 0.47 0.49 0.49 0.5  0.5  0.51 0.51 0.52
 0.52 0.52 0.54 0.58 0.58 0.58 0.59 0.63 0.64 0.64 0.65 0.67 0.68 0.7
 0.77 0.77 0.78 1.52]
var: 0.06136066666666688
| [0m17       [0m | [0m0.416    [0m | [0m0.1751   [0m | [0m0.6953   [0m | [0m2.396    [0m |
[0.   0.   0.03 0.06 0.06 0.06 0.07 0.07 0.07 0.08 0.12 0.13 0.14 0.15
 0.17 0.17 0.21 0.23 0.24 0.25 0.26 0.27 0.28 0.29 0.3  0.3  0.32 0.33
 0.34 0.34 0.36 0.37 0.38 0.38 0.39 0.39 0.4  0.41 0.43 0.44 0.45 0.45
 0.47 0.48 0.48 0.51 0.51 0.52 0.54 0.55 0.56 0.57 0.6  0.64 0.65 0.7
 1.   1.12 1.31 1.49]
var: 0.0853794166666667
| [0m18       [0m | [0m0.3815   [0m | [0m0.2707   [0m | [0m0.5105   [0m | [0m2.546    [0m |
[0.   0.02 0.03 0.09 0.13 0.19 0.19 0.21 0.28 0.31 0.32 0.33 0.34 0.35
 0.38 0.41 0.43 0.45 0.45 0.48 0.49 0.51 0.53 0.53 0.57 0.62 0.62 0.63
 0.63 0.63 0.66 0.66 0.69 0.73 0.75 0.8  0.8  0.83 0.85 0.87 0.87 0.91
 0.98 1.06 1.09 1.09 1.1  1.12 1.12 1.15 1.16 1.28 1.32 1.32 1.39 1.5
 2.06 2.13 2.13 2.2 ]
var: 0.2686103055555557
| [0m19       [0m | [0m0.7628   [0m | [0m0.02611  [0m | [0m33.59    [0m | [0m2.527    [0m |
[0.03 0.06 0.15 0.15 0.21 0.22 0.24 0.25 0.27 0.31 0.4  0.4  0.48 0.53
 0.55 0.57 0.58 0.62 0.62 0.64 0.64 0.65 0.66 0.69 0.69 0.74 0.75 0.76
 0.77 0.77 0.79 0.83 0.83 0.86 0.92 0.92 0.95 0.97 1.   1.01 1.02 1.02
 1.02 1.04 1.06 1.06 1.08 1.12 1.14 1.19 1.21 1.31 1.34 1.34 1.47 1.69
 1.7  1.78 1.91 2.06]
var: 0.20645733333333363
| [0m20       [0m | [0m0.834    [0m | [0m0.2896   [0m | [0m14.61    [0m | [0m1.073    [0m |
[0.02 0.05 0.06 0.06 0.08 0.09 0.16 0.16 0.16 0.22 0.24 0.26 0.27 0.28
 0.35 0.38 0.38 0.4  0.43 0.45 0.46 0.52 0.55 0.59 0.59 0.59 0.59 0.63
 0.64 0.68 0.68 0.69 0.7  0.71 0.72 0.74 0.81 0.86 0.87 0.88 0.89 0.89
 0.93 0.96 0.97 1.01 1.05 1.11 1.16 1.17 1.26 1.41 1.42 1.42 1.48 1.6
 1.74 1.79 2.13 2.43]
var: 0.2781509999999996
| [0m21       [0m | [0m0.747    [0m | [0m0.2898   [0m | [0m22.4     [0m | [0m0.7931   [0m |
[0.11 0.27 0.45 0.71 0.71 0.74 0.8  0.93 0.96 1.09 1.16 1.17 1.24 1.29
 1.3  1.3  1.37 1.39 1.43 1.43 1.45 1.49 1.52 1.53 1.54 1.55 1.57 1.58
 1.65 1.68 1.71 1.72 1.72 1.74 1.96 1.99 2.01 2.14 2.16 2.37 2.4  2.4
 2.43 2.48 2.55 2.55 2.59 2.6  2.65 2.65 2.71 2.76 2.85 2.93 3.01 3.37
 3.47 3.51 3.8  3.87]
var: 0.7410316388888878
| [0m22       [0m | [0m1.875    [0m | [0m0.04929  [0m | [0m41.32    [0m | [0m0.03725  [0m |
[0.08 0.17 0.21 0.21 0.31 0.4  0.48 0.57 0.62 0.62 0.65 0.67 0.7  0.79
 0.79 0.94 1.08 1.1  1.13 1.13 1.24 1.31 1.33 1.35 1.4  1.44 1.48 1.52
 1.53 1.53 1.64 1.66 1.68 1.7  1.72 1.73 1.79 1.8  1.82 1.83 1.87 1.96
 2.04 2.05 2.1  2.1  2.29 2.3  2.33 2.41 2.58 2.6  2.83 2.96 3.07 3.25
 3.5  3.73 4.88 5.41]
var: 1.1346660833333344
| [0m23       [0m | [0m1.674    [0m | [0m0.03077  [0m | [0m24.06    [0m | [0m0.6603   [0m |
[0.   0.03 0.04 0.08 0.12 0.13 0.14 0.15 0.15 0.16 0.18 0.21 0.22 0.24
 0.24 0.24 0.26 0.27 0.27 0.28 0.29 0.29 0.33 0.36 0.37 0.4  0.43 0.43
 0.44 0.44 0.44 0.46 0.46 0.48 0.49 0.49 0.49 0.5  0.56 0.58 0.59 0.59
 0.62 0.63 0.63 0.65 0.65 0.67 0.69 0.69 0.75 0.76 0.81 0.82 0.92 1.07
 1.16 1.18 1.41 1.52]
var: 0.10494208333333364
| [0m24       [0m | [0m0.4825   [0m | [0m0.1994   [0m | [0m1.242    [0m | [0m2.883    [0m |
[0.01 0.22 0.25 0.34 0.46 0.57 0.58 0.61 0.64 0.64 0.65 0.69 0.75 0.78
 0.78 0.83 0.97 1.02 1.06 1.09 1.09 1.09 1.13 1.19 1.19 1.19 1.19 1.21
 1.31 1.35 1.4  1.42 1.49 1.51 1.54 1.69 1.7  1.7  1.72 1.79 1.79 1.79
 1.8  1.8  1.82 1.82 1.83 1.88 1.91 1.92 1.93 2.03 2.05 2.06 2.26 2.32
 2.58 2.8  2.97 3.48]
var: 0.4858715555555562
| [0m25       [0m | [0m1.395    [0m | [0m0.1245   [0m | [0m42.84    [0m | [0m0.3018   [0m |
[0.31 0.37 0.48 0.58 0.59 0.61 0.62 0.63 0.63 0.65 0.66 0.66 0.67 0.79
 0.8  0.95 0.97 1.   1.04 1.07 1.07 1.11 1.14 1.15 1.16 1.18 1.18 1.2
 1.23 1.24 1.27 1.29 1.29 1.32 1.43 1.46 1.47 1.47 1.5  1.62 1.66 1.68
 1.7  1.7  1.73 1.79 1.8  1.8  1.89 1.97 2.03 2.07 2.12 2.13 2.2  2.33
 2.46 2.87 3.38 4.21]
var: 0.5201932222222221
| [0m26       [0m | [0m1.39     [0m | [0m0.1385   [0m | [0m43.43    [0m | [0m0.2588   [0m |
[0.06 0.07 0.11 0.12 0.3  0.33 0.33 0.42 0.47 0.47 0.52 0.59 0.61 0.61
 0.68 0.71 0.72 0.73 0.74 0.77 0.8  0.82 0.83 0.88 0.91 0.94 1.01 1.01
 1.09 1.11 1.12 1.14 1.15 1.19 1.24 1.24 1.28 1.28 1.3  1.34 1.37 1.37
 1.38 1.42 1.43 1.51 1.52 1.66 1.68 1.68 1.93 2.11 2.13 2.22 2.58 2.62
 2.69 2.87 3.21 4.28]
var: 0.6573472222222219
| [0m27       [0m | [0m1.212    [0m | [0m0.09691  [0m | [0m16.35    [0m | [0m0.5923   [0m |
[0.04 0.08 0.11 0.18 0.19 0.2  0.2  0.21 0.24 0.29 0.3  0.33 0.33 0.42
 0.44 0.46 0.48 0.51 0.53 0.55 0.56 0.61 0.63 0.63 0.66 0.66 0.67 0.67
 0.68 0.75 0.78 0.8  0.8  0.83 0.85 0.85 0.85 0.88 0.96 0.97 1.   1.03
 1.08 1.09 1.13 1.15 1.16 1.16 1.25 1.25 1.29 1.29 1.33 1.33 1.38 1.39
 1.42 1.44 1.46 2.03]
var: 0.18803955555555557
| [0m28       [0m | [0m0.7807   [0m | [0m0.2867   [0m | [0m38.3     [0m | [0m0.6756   [0m |
[0.28 0.54 0.58 0.64 0.74 0.76 0.8  0.98 0.99 0.99 1.02 1.1  1.12 1.15
 1.21 1.3  1.31 1.31 1.31 1.37 1.39 1.44 1.47 1.47 1.48 1.48 1.5  1.5
 1.55 1.57 1.6  1.63 1.65 1.66 1.68 1.68 1.69 1.73 1.81 1.82 1.83 1.85
 1.89 1.97 2.01 2.01 2.01 2.04 2.06 2.07 2.2  2.33 2.4  2.48 2.57 2.76
 2.78 2.79 3.61 3.65]
var: 0.44832608333333274
| [0m29       [0m | [0m1.644    [0m | [0m0.174    [0m | [0m24.12    [0m | [0m0.1213   [0m |
[0.   0.01 0.05 0.08 0.09 0.17 0.18 0.2  0.23 0.23 0.24 0.31 0.36 0.43
 0.44 0.44 0.45 0.48 0.51 0.56 0.57 0.65 0.66 0.67 0.68 0.7  0.76 0.77
 0.8  0.8  0.83 0.83 0.87 0.88 0.88 0.88 0.9  0.93 0.94 0.95 0.95 1.
 1.01 1.03 1.06 1.07 1.07 1.1  1.18 1.21 1.22 1.23 1.24 1.26 1.29 1.3
 1.38 1.47 1.63 2.27]
var: 0.20012100000000002
| [0m30       [0m | [0m0.773    [0m | [0m0.1331   [0m | [0m14.75    [0m | [0m2.626    [0m |
[0.   0.   0.03 0.06 0.07 0.14 0.16 0.29 0.33 0.39 0.4  0.42 0.42 0.43
 0.43 0.43 0.49 0.5  0.58 0.59 0.6  0.66 0.67 0.72 0.73 0.78 0.79 0.79
 0.8  0.84 0.89 0.9  0.92 0.94 0.95 0.99 1.01 1.03 1.04 1.08 1.1  1.1
 1.19 1.2  1.25 1.38 1.44 1.45 1.51 1.6  1.62 1.62 1.66 1.71 1.83 1.91
 1.98 2.   2.42 3.29]
var: 0.41117874999999987
| [0m31       [0m | [0m0.9425   [0m | [0m0.1161   [0m | [0m28.38    [0m | [0m2.292    [0m |
[0.   0.02 0.05 0.08 0.08 0.1  0.12 0.22 0.24 0.25 0.29 0.3  0.31 0.35
 0.39 0.4  0.41 0.43 0.47 0.49 0.5  0.54 0.59 0.6  0.61 0.62 0.65 0.72
 0.72 0.72 0.73 0.75 0.76 0.77 0.81 0.83 0.86 0.87 0.89 0.92 0.92 0.98
 1.   1.02 1.04 1.05 1.15 1.24 1.26 1.27 1.33 1.5  1.58 1.63 1.64 1.71
 1.72 1.82 1.9  1.93]
var: 0.264810972222222
| [0m32       [0m | [0m0.7858   [0m | [0m0.2653   [0m | [0m47.54    [0m | [0m1.819    [0m |
[0.   0.   0.   0.01 0.02 0.02 0.06 0.11 0.12 0.12 0.14 0.14 0.14 0.17
 0.18 0.24 0.27 0.29 0.32 0.35 0.36 0.38 0.39 0.41 0.45 0.46 0.48 0.5
 0.53 0.56 0.56 0.56 0.58 0.59 0.65 0.68 0.68 0.68 0.68 0.69 0.69 0.71
 0.72 0.73 0.79 0.83 0.87 0.89 0.99 1.03 1.1  1.15 1.15 1.18 1.21 1.36
 1.37 1.39 1.47 2.03]
var: 0.19414363888888858
| [0m33       [0m | [0m0.5872   [0m | [0m0.2662   [0m | [0m42.71    [0m | [0m2.208    [0m |
[0.02 0.03 0.03 0.07 0.11 0.14 0.2  0.2  0.22 0.23 0.23 0.28 0.31 0.33
 0.33 0.33 0.35 0.48 0.49 0.53 0.55 0.55 0.56 0.57 0.6  0.6  0.63 0.64
 0.65 0.67 0.67 0.73 0.77 0.78 0.8  0.83 0.84 0.86 0.88 0.88 0.88 0.92
 0.93 0.95 0.96 0.98 1.01 1.03 1.12 1.16 1.18 1.22 1.29 1.33 1.34 1.34
 1.4  1.56 1.9  3.16]
var: 0.2740603055555555
| [0m34       [0m | [0m0.7438   [0m | [0m0.1861   [0m | [0m20.65    [0m | [0m2.484    [0m |
[0.   0.04 0.05 0.05 0.06 0.09 0.11 0.16 0.21 0.21 0.28 0.34 0.36 0.37
 0.38 0.41 0.42 0.42 0.44 0.45 0.48 0.5  0.5  0.52 0.53 0.56 0.57 0.58
 0.6  0.68 0.68 0.69 0.7  0.74 0.75 0.76 0.76 0.78 0.83 0.85 0.89 1.
 1.03 1.06 1.07 1.11 1.13 1.17 1.2  1.25 1.27 1.29 1.33 1.38 1.41 1.48
 1.66 1.85 1.93 3.42]
var: 0.3361173333333334
| [0m35       [0m | [0m0.764    [0m | [0m0.007442 [0m | [0m46.8     [0m | [0m2.666    [0m |
[0.41 0.45 0.68 0.81 0.85 0.85 0.9  0.95 0.95 0.95 0.99 0.99 1.   1.01
 1.07 1.1  1.1  1.2  1.2  1.2  1.21 1.27 1.32 1.37 1.37 1.39 1.41 1.41
 1.45 1.45 1.46 1.47 1.48 1.48 1.49 1.51 1.51 1.52 1.59 1.76 1.8  1.81
 1.85 1.86 1.88 1.9  1.94 1.95 1.97 2.03 2.07 2.19 2.38 2.47 2.48 2.62
 3.16 3.64 3.72 7.36]
var: 0.9896312222222216
| [0m36       [0m | [0m1.644    [0m | [0m0.07539  [0m | [0m5.648    [0m | [0m0.04748  [0m |
[0.03 0.06 0.08 0.1  0.12 0.13 0.16 0.18 0.3  0.33 0.37 0.42 0.44 0.46
 0.49 0.51 0.53 0.53 0.56 0.59 0.6  0.62 0.62 0.67 0.69 0.72 0.72 0.72
 0.73 0.78 0.81 0.81 0.82 0.82 0.89 0.92 0.93 1.06 1.12 1.14 1.19 1.2
 1.22 1.24 1.29 1.31 1.31 1.37 1.39 1.41 1.42 1.48 1.56 1.62 1.94 1.97
 2.03 2.23 2.8  4.5 ]
var: 0.5490690000000004
| [0m37       [0m | [0m0.951    [0m | [0m0.2271   [0m | [0m10.52    [0m | [0m0.5511   [0m |
[0.11 0.13 0.59 0.68 0.68 0.69 0.81 0.82 0.86 0.88 0.89 0.93 0.94 0.98
 1.01 1.02 1.05 1.06 1.06 1.09 1.1  1.16 1.2  1.23 1.24 1.27 1.31 1.32
 1.33 1.38 1.41 1.44 1.66 1.67 1.67 1.67 1.72 1.72 1.72 1.73 1.89 1.96
 1.97 1.99 2.02 2.03 2.03 2.04 2.09 2.27 2.3  2.35 2.5  2.53 2.56 2.76
 2.8  2.85 2.92 3.05]
var: 0.4791978888888892
| [0m38       [0m | [0m1.536    [0m | [0m0.07937  [0m | [0m36.59    [0m | [0m0.3282   [0m |
[0.   0.02 0.07 0.1  0.1  0.12 0.13 0.15 0.16 0.16 0.18 0.19 0.2  0.2
 0.21 0.21 0.25 0.28 0.28 0.28 0.28 0.29 0.3  0.31 0.32 0.35 0.35 0.37
 0.39 0.44 0.45 0.46 0.48 0.5  0.55 0.55 0.56 0.59 0.59 0.65 0.68 0.68
 0.69 0.69 0.69 0.72 0.73 0.73 0.75 0.75 0.77 0.81 0.83 0.84 1.07 1.08
 1.2  1.23 1.24 1.42]
var: 0.1104547500000001
| [0m39       [0m | [0m0.4945   [0m | [0m0.1841   [0m | [0m1.544    [0m | [0m2.975    [0m |
[0.05 0.17 0.17 0.19 0.22 0.24 0.25 0.26 0.3  0.31 0.33 0.36 0.37 0.43
 0.45 0.47 0.47 0.52 0.52 0.55 0.57 0.58 0.59 0.6  0.63 0.66 0.68 0.71
 0.72 0.72 0.73 0.73 0.75 0.77 0.78 0.79 0.83 0.84 0.88 0.89 0.9  0.92
 1.07 1.18 1.22 1.25 1.26 1.27 1.39 1.4  1.4  1.46 1.64 1.7  1.77 1.95
 2.04 2.07 3.49 7.16]
var: 1.0114665555555564
| [0m40       [0m | [0m0.9603   [0m | [0m0.1515   [0m | [0m10.63    [0m | [0m2.411    [0m |
[0.   0.   0.   0.   0.   0.   0.   0.   0.   0.   0.   0.   0.   0.
 0.   0.   0.   0.   0.   0.   0.   0.   0.   0.   0.   0.   0.   0.
 0.   0.   0.   0.   0.   0.   0.   0.   0.   0.   0.   0.   0.   0.
 0.   0.01 0.01 0.01 0.02 0.02 0.02 0.03 0.04 0.04 0.05 0.05 0.05 0.05
 0.05 0.08 0.09 0.09]
var: 0.0005383055555555987
| [0m41       [0m | [0m0.01183  [0m | [0m0.1943   [0m | [0m8.509    [0m | [0m0.001    [0m |
[0.24 0.44 0.57 0.59 0.62 0.66 0.68 0.86 0.93 1.01 1.07 1.11 1.18 1.21
 1.22 1.29 1.29 1.32 1.33 1.34 1.35 1.36 1.37 1.39 1.45 1.52 1.57 1.67
 1.69 1.73 1.89 1.97 1.98 1.98 2.01 2.02 2.19 2.26 2.29 2.31 2.4  2.42
 2.44 2.47 2.49 2.5  2.55 2.55 2.6  2.66 2.71 2.85 2.92 2.94 3.08 3.12
 3.17 3.22 4.   4.82]
var: 0.8204103055555557
| [0m42       [0m | [0m1.881    [0m | [0m0.2317   [0m | [0m9.509    [0m | [0m0.07374  [0m |
[0.02 0.02 0.03 0.03 0.04 0.04 0.05 0.05 0.06 0.08 0.08 0.09 0.1  0.1
 0.1  0.11 0.13 0.14 0.14 0.18 0.19 0.2  0.2  0.21 0.21 0.24 0.24 0.26
 0.27 0.27 0.35 0.4  0.41 0.44 0.46 0.47 0.49 0.51 0.51 0.59 0.62 0.62
 0.63 0.63 0.67 0.68 0.69 0.69 0.69 0.74 0.82 0.93 0.98 1.28 1.39 1.4
 1.7  1.8  2.31 2.51]
var: 0.2972783055555554
| [0m43       [0m | [0m0.5048   [0m | [0m1e-08    [0m | [0m12.45    [0m | [0m0.1826   [0m |
[0.06 0.21 0.28 0.3  0.34 0.48 0.53 0.54 0.57 0.62 0.66 0.71 0.73 0.75
 0.79 0.79 0.8  0.84 0.84 0.85 0.89 0.91 0.92 0.94 1.   1.01 1.03 1.08
 1.1  1.12 1.14 1.25 1.26 1.41 1.45 1.49 1.53 1.57 1.58 1.59 1.6  1.69
 1.87 1.95 1.99 1.99 2.06 2.13 2.13 2.18 2.3  2.37 2.42 2.46 2.51 2.54
 2.67 2.78 4.17 5.18]
var: 0.8604876388888884
| [0m44       [0m | [0m1.416    [0m | [0m0.0418   [0m | [0m12.08    [0m | [0m0.5106   [0m |
[0.38 0.41 0.45 0.5  0.56 0.57 0.58 0.59 0.61 0.63 0.63 0.66 0.68 0.79
 0.91 0.99 1.04 1.1  1.18 1.19 1.21 1.26 1.29 1.31 1.38 1.51 1.51 1.52
 1.53 1.55 1.55 1.55 1.58 1.6  1.63 1.64 1.65 1.65 1.65 1.69 1.82 1.82
 1.84 1.89 1.96 2.01 2.08 2.1  2.11 2.23 2.25 2.37 2.44 2.48 2.49 2.64
 2.7  2.72 3.1  3.11]
var: 0.4965447499999996
| [0m45       [0m | [0m1.515    [0m | [0m0.2851   [0m | [0m9.291    [0m | [0m0.2089   [0m |
[0.   0.   0.01 0.02 0.02 0.06 0.06 0.12 0.13 0.16 0.17 0.22 0.23 0.27
 0.29 0.32 0.33 0.33 0.35 0.37 0.38 0.39 0.4  0.41 0.43 0.46 0.48 0.49
 0.56 0.6  0.63 0.66 0.69 0.7  0.73 0.75 0.76 0.78 0.81 0.82 0.83 0.83
 0.87 0.91 0.94 0.97 0.98 1.03 1.03 1.07 1.12 1.13 1.26 1.33 1.35 1.48
 1.53 1.58 1.6  2.09]
var: 0.22363822222222215
| [0m46       [0m | [0m0.6553   [0m | [0m0.2252   [0m | [0m48.32    [0m | [0m2.315    [0m |
[0.   0.   0.   0.   0.   0.   0.   0.   0.   0.   0.   0.   0.   0.
 0.   0.   0.   0.   0.   0.   0.   0.   0.   0.   0.   0.   0.   0.
 0.   0.   0.   0.   0.   0.   0.   0.   0.   0.   0.   0.01 0.01 0.01
 0.01 0.01 0.01 0.01 0.01 0.02 0.02 0.02 0.03 0.03 0.04 0.04 0.05 0.05
 0.06 0.06 0.1  0.11]
var: 0.0005483055555555792
| [0m47       [0m | [0m0.01183  [0m | [0m0.1425   [0m | [0m9.351    [0m | [0m0.001    [0m |
[0.02 0.02 0.06 0.07 0.08 0.12 0.12 0.17 0.2  0.21 0.22 0.34 0.39 0.4
 0.43 0.44 0.47 0.48 0.52 0.54 0.56 0.6  0.63 0.65 0.66 0.68 0.7  0.7
 0.74 0.76 0.76 0.78 0.8  0.82 0.83 0.83 0.87 0.91 0.96 0.97 1.03 1.03
 1.05 1.1  1.1  1.11 1.12 1.22 1.24 1.26 1.26 1.27 1.28 1.38 1.48 1.63
 1.91 2.16 2.52 2.68]
var: 0.32421455555555595
| [0m48       [0m | [0m0.8223   [0m | [0m0.2834   [0m | [0m6.424    [0m | [0m2.591    [0m |
[0.01 0.01 0.04 0.04 0.06 0.07 0.1  0.12 0.2  0.21 0.24 0.27 0.4  0.41
 0.42 0.52 0.55 0.6  0.62 0.64 0.73 0.75 0.75 0.77 0.79 0.8  0.81 0.81
 0.82 0.82 0.85 0.85 0.93 0.94 0.95 0.96 0.98 1.01 1.12 1.18 1.22 1.22
 1.23 1.24 1.26 1.27 1.28 1.3  1.31 1.34 1.42 1.43 1.52 1.53 1.57 1.57
 1.8  1.95 1.96 2.2 ]
var: 0.28870475000000057
| [0m49       [0m | [0m0.8795   [0m | [0m0.06826  [0m | [0m25.89    [0m | [0m2.173    [0m |
[0.   0.12 0.14 0.14 0.2  0.22 0.24 0.26 0.29 0.33 0.35 0.37 0.38 0.43
 0.43 0.44 0.47 0.48 0.53 0.59 0.59 0.72 0.74 0.76 0.76 0.77 0.78 0.78
 0.79 0.8  0.81 0.82 0.82 0.82 0.83 0.86 0.88 0.89 0.9  0.96 0.97 0.99
 1.   1.02 1.03 1.06 1.07 1.08 1.11 1.14 1.14 1.21 1.21 1.27 1.3  1.46
 1.46 1.49 1.51 1.61]
var: 0.15336766666666687
| [0m50       [0m | [0m0.777    [0m | [0m0.2094   [0m | [0m9.33     [0m | [0m1.596    [0m |
[0.01 0.09 0.1  0.12 0.13 0.15 0.19 0.23 0.27 0.28 0.32 0.39 0.41 0.44
 0.48 0.48 0.49 0.49 0.49 0.5  0.53 0.58 0.58 0.59 0.62 0.62 0.63 0.64
 0.7  0.7  0.74 0.75 0.75 0.8  0.81 0.84 0.85 0.89 0.89 0.9  0.97 0.98
 1.01 1.1  1.12 1.14 1.22 1.33 1.39 1.46 1.48 1.52 1.55 1.58 1.63 1.65
 1.65 1.82 1.85 2.07]
var: 0.25891941666666657
| [0m51       [0m | [0m0.8165   [0m | [0m0.151    [0m | [0m3.831    [0m | [0m0.9792   [0m |
[0.23 0.62 0.65 0.79 1.27 1.35 1.57 1.58 1.59 1.6  1.67 1.73 1.76 1.77
 1.8  1.82 1.86 2.   2.04 2.09 2.11 2.18 2.31 2.39 2.39 2.4  2.41 2.52
 2.54 2.56 2.62 2.63 2.67 2.68 2.69 2.75 2.92 2.94 2.97 2.99 3.1  3.14
 3.27 3.36 3.37 3.38 3.39 3.42 3.45 3.5  3.52 3.87 4.02 4.5  4.73 4.77
 4.98 5.29 5.56 5.84]
var: 1.4257815555555562
| [95m52       [0m | [95m2.699    [0m | [95m0.01203  [0m | [95m29.11    [0m | [95m0.04795  [0m |
[0.1  0.15 0.16 0.16 0.18 0.22 0.25 0.26 0.34 0.39 0.42 0.43 0.47 0.5
 0.54 0.54 0.56 0.57 0.59 0.63 0.64 0.65 0.66 0.67 0.71 0.74 0.75 0.76
 0.76 0.77 0.78 0.79 0.82 0.84 0.93 0.93 0.95 0.96 1.01 1.01 1.02 1.02
 1.03 1.07 1.08 1.1  1.17 1.21 1.25 1.27 1.36 1.44 1.5  1.64 1.83 1.85
 1.87 1.95 2.1  2.48]
var: 0.27155475
| [0m53       [0m | [0m0.8805   [0m | [0m0.1141   [0m | [0m8.522    [0m | [0m0.9365   [0m |
[0.02 0.03 0.04 0.05 0.08 0.1  0.1  0.1  0.14 0.18 0.23 0.25 0.25 0.4
 0.41 0.42 0.43 0.44 0.46 0.46 0.48 0.5  0.5  0.52 0.53 0.54 0.58 0.61
 0.64 0.67 0.7  0.71 0.71 0.71 0.72 0.75 0.78 0.89 0.92 0.94 1.07 1.09
 1.1  1.16 1.25 1.33 1.35 1.39 1.4  1.49 1.53 1.61 1.65 1.75 1.84 1.93
 1.95 1.96 2.43 2.73]
var: 0.4041722222222222
| [0m54       [0m | [0m0.8333   [0m | [0m0.187    [0m | [0m47.68    [0m | [0m0.6002   [0m |
[0.02 0.07 0.09 0.12 0.14 0.17 0.2  0.21 0.22 0.31 0.31 0.31 0.37 0.39
 0.39 0.44 0.45 0.47 0.49 0.51 0.56 0.6  0.61 0.61 0.63 0.65 0.67 0.67
 0.7  0.74 0.75 0.84 0.87 0.91 0.93 0.93 0.96 0.96 0.99 0.99 1.01 1.02
 1.05 1.07 1.14 1.22 1.26 1.45 1.46 1.46 1.47 1.48 1.54 1.64 1.67 1.74
 1.77 1.78 2.62 2.69]
var: 0.34318163888888864
| [0m55       [0m | [0m0.8632   [0m | [0m0.176    [0m | [0m20.26    [0m | [0m1.069    [0m |
[0.   0.   0.03 0.07 0.2  0.29 0.33 0.33 0.34 0.35 0.41 0.45 0.48 0.51
 0.57 0.61 0.63 0.65 0.65 0.67 0.68 0.7  0.72 0.73 0.74 0.75 0.76 0.77
 0.77 0.8  0.81 0.83 0.87 0.88 0.95 0.97 1.02 1.05 1.14 1.14 1.15 1.15
 1.17 1.18 1.2  1.26 1.29 1.31 1.31 1.31 1.31 1.33 1.35 1.38 1.47 1.84
 1.85 1.87 2.06 2.32]
var: 0.2532473333333333
| [0m56       [0m | [0m0.896    [0m | [0m0.1704   [0m | [0m24.84    [0m | [0m2.238    [0m |
[0.04 0.08 0.08 0.11 0.12 0.19 0.22 0.23 0.26 0.27 0.27 0.31 0.34 0.34
 0.35 0.46 0.51 0.53 0.53 0.53 0.53 0.55 0.61 0.61 0.61 0.7  0.71 0.79
 0.79 0.83 0.9  0.92 0.94 0.96 0.97 0.98 1.   1.   1.06 1.08 1.2  1.21
 1.25 1.25 1.26 1.28 1.3  1.33 1.34 1.36 1.41 1.47 1.52 1.79 1.87 2.21
 2.27 2.48 2.61 3.04]
var: 0.43967955555555577
| [0m57       [0m | [0m0.9293   [0m | [0m0.1038   [0m | [0m21.55    [0m | [0m1.917    [0m |
[0.21 0.38 0.59 0.62 0.65 0.73 0.73 0.74 0.76 0.82 0.82 1.03 1.06 1.07
 1.08 1.08 1.12 1.16 1.18 1.2  1.29 1.29 1.37 1.37 1.42 1.47 1.47 1.51
 1.58 1.59 1.59 1.68 1.68 1.75 1.79 1.82 1.9  1.94 1.94 2.   2.06 2.08
 2.12 2.15 2.17 2.19 2.32 2.45 2.57 2.58 2.63 2.78 2.86 3.13 3.17 3.18
 3.25 3.44 3.96 4.78]
var: 0.8359676388888887
| [0m58       [0m | [0m1.756    [0m | [0m0.05994  [0m | [0m36.73    [0m | [0m0.1526   [0m |
[0.   0.02 0.04 0.09 0.09 0.1  0.12 0.14 0.16 0.26 0.3  0.41 0.41 0.42
 0.45 0.45 0.46 0.46 0.47 0.47 0.5  0.52 0.53 0.53 0.53 0.56 0.57 0.64
 0.65 0.65 0.68 0.69 0.69 0.69 0.72 0.73 0.75 0.78 0.79 0.81 0.81 0.82
 0.84 0.86 0.88 0.89 0.94 0.97 1.04 1.05 1.06 1.07 1.1  1.16 1.19 1.21
 1.33 1.6  1.63 1.84]
var: 0.16003433333333325
| [0m59       [0m | [0m0.677    [0m | [0m0.2707   [0m | [0m36.55    [0m | [0m2.454    [0m |
[0.07 0.52 0.62 0.63 0.77 0.82 0.84 0.85 0.85 0.87 0.89 0.95 0.96 1.04
 1.2  1.22 1.22 1.22 1.27 1.31 1.34 1.42 1.42 1.43 1.43 1.48 1.48 1.49
 1.54 1.54 1.57 1.58 1.59 1.61 1.63 1.67 1.8  1.83 1.84 1.9  1.9  1.92
 1.95 2.01 2.02 2.04 2.09 2.1  2.11 2.35 2.36 2.36 2.4  2.54 2.58 2.64
 3.07 4.02 4.03 4.15]
var: 0.6476554166666663
| [0m60       [0m | [0m1.673    [0m | [0m0.1504   [0m | [0m21.65    [0m | [0m0.1214   [0m |
[0.5  0.57 0.58 0.62 0.65 0.69 0.76 0.84 0.93 0.93 1.   1.05 1.05 1.07
 1.08 1.08 1.16 1.17 1.19 1.2  1.2  1.28 1.31 1.31 1.31 1.33 1.41 1.44
 1.45 1.45 1.55 1.57 1.58 1.59 1.62 1.64 1.66 1.69 1.75 1.76 1.9  1.9
 1.91 1.94 1.99 2.04 2.07 2.25 2.3  2.32 2.42 2.44 2.5  2.54 2.65 2.7
 2.74 2.85 2.95 3.44]
var: 0.454663638888889
| [0m61       [0m | [0m1.598    [0m | [0m0.1568   [0m | [0m30.24    [0m | [0m0.1683   [0m |
[0.03 0.05 0.08 0.11 0.14 0.17 0.19 0.25 0.27 0.29 0.4  0.42 0.42 0.43
 0.44 0.45 0.48 0.49 0.55 0.56 0.59 0.6  0.61 0.63 0.63 0.64 0.65 0.71
 0.72 0.72 0.75 0.77 0.78 0.81 0.83 0.9  0.91 0.92 0.92 0.98 0.99 1.02
 1.06 1.1  1.14 1.16 1.24 1.24 1.27 1.3  1.35 1.36 1.4  1.44 1.45 1.65
 1.66 1.82 2.03 2.11]
var: 0.24258600000000008
| [0m62       [0m | [0m0.818    [0m | [0m0.05334  [0m | [0m17.99    [0m | [0m2.856    [0m |
[0.   0.02 0.03 0.04 0.04 0.19 0.21 0.23 0.25 0.28 0.28 0.32 0.34 0.38
 0.39 0.39 0.41 0.42 0.49 0.53 0.63 0.66 0.71 0.72 0.72 0.75 0.75 0.77
 0.8  0.81 0.83 0.85 0.9  0.94 0.95 0.96 1.   1.   1.01 1.06 1.06 1.12
 1.16 1.2  1.21 1.21 1.23 1.25 1.28 1.31 1.31 1.44 1.45 1.45 1.65 1.66
 1.76 1.83 1.87 2.83]
var: 0.30610122222222186
| [0m63       [0m | [0m0.8557   [0m | [0m0.2699   [0m | [0m13.51    [0m | [0m1.982    [0m |
[0.   0.04 0.17 0.24 0.25 0.27 0.3  0.3  0.32 0.36 0.37 0.38 0.4  0.4
 0.42 0.43 0.43 0.43 0.45 0.49 0.5  0.5  0.5  0.51 0.51 0.51 0.52 0.52
 0.54 0.56 0.57 0.59 0.59 0.6  0.61 0.62 0.67 0.69 0.72 0.77 0.8  0.8
 0.81 0.82 0.85 0.86 0.88 0.9  0.91 0.94 0.97 1.04 1.06 1.11 1.28 1.34
 1.42 1.5  1.68 1.73]
var: 0.13644875000000012
| [0m64       [0m | [0m0.6625   [0m | [0m0.1014   [0m | [0m49.48    [0m | [0m2.555    [0m |
[0.08 0.11 0.14 0.28 0.31 0.36 0.39 0.42 0.48 0.57 0.61 0.62 0.69 0.7
 0.74 0.77 0.78 0.84 0.87 0.88 0.9  0.94 1.   1.   1.05 1.09 1.09 1.11
 1.12 1.12 1.17 1.19 1.2  1.2  1.24 1.24 1.27 1.3  1.34 1.37 1.4  1.42
 1.44 1.45 1.49 1.49 1.6  1.63 1.63 1.71 1.78 1.82 2.23 2.33 2.41 2.72
 3.17 3.22 3.39 3.82]
var: 0.6326803055555555
| [0m65       [0m | [0m1.262    [0m | [0m0.2623   [0m | [0m5.787    [0m | [0m0.2786   [0m |
[0.   0.01 0.01 0.03 0.05 0.05 0.05 0.07 0.07 0.08 0.1  0.11 0.16 0.16
 0.18 0.18 0.18 0.2  0.21 0.23 0.24 0.29 0.33 0.34 0.34 0.34 0.35 0.35
 0.38 0.38 0.42 0.43 0.46 0.48 0.52 0.53 0.53 0.54 0.55 0.56 0.57 0.6
 0.6  0.63 0.63 0.64 0.72 0.85 0.86 1.   1.01 1.03 1.12 1.15 1.34 1.42
 1.47 1.69 1.99 2.37]
var: 0.25066988888888836
| [0m66       [0m | [0m0.5363   [0m | [0m0.01279  [0m | [0m50.0     [0m | [0m2.994    [0m |
[0.08 0.09 0.1  0.1  0.12 0.12 0.14 0.15 0.16 0.16 0.18 0.18 0.19 0.22
 0.25 0.32 0.39 0.4  0.41 0.42 0.43 0.43 0.46 0.47 0.47 0.48 0.49 0.51
 0.51 0.52 0.55 0.56 0.58 0.59 0.61 0.63 0.64 0.67 0.71 0.71 0.73 0.76
 0.81 0.81 0.9  0.91 0.93 0.94 1.02 1.02 1.14 1.16 1.21 1.25 1.31 1.46
 1.76 1.93 2.02 2.13]
var: 0.23874555555555588
| [0m67       [0m | [0m0.6567   [0m | [0m0.2101   [0m | [0m4.507    [0m | [0m0.5608   [0m |
[0.01 0.02 0.03 0.03 0.06 0.09 0.09 0.12 0.14 0.17 0.17 0.17 0.17 0.18
 0.19 0.23 0.27 0.28 0.28 0.28 0.31 0.32 0.35 0.36 0.36 0.39 0.4  0.41
 0.43 0.45 0.46 0.47 0.48 0.48 0.48 0.49 0.5  0.53 0.58 0.59 0.6  0.61
 0.62 0.62 0.62 0.63 0.64 0.66 0.67 0.69 0.7  0.75 0.76 0.86 0.96 1.02
 1.19 1.46 2.02 2.43]
var: 0.18689141666666656
| [0m68       [0m | [0m0.5055   [0m | [0m0.1281   [0m | [0m0.8659   [0m | [0m0.8228   [0m |
[0.03 0.41 0.52 0.56 0.58 0.65 0.7  0.76 0.77 0.84 0.89 0.98 1.   1.
 1.16 1.17 1.19 1.2  1.21 1.26 1.28 1.36 1.46 1.48 1.49 1.51 1.53 1.58
 1.62 1.64 1.65 1.69 1.74 1.74 1.75 1.78 1.79 1.81 1.88 1.91 1.91 2.01
 2.05 2.11 2.2  2.24 2.32 2.33 2.4  2.41 2.43 2.5  2.77 2.88 2.92 3.1
 3.37 3.44 3.53 4.13]
var: 0.7045665555555554
| [0m69       [0m | [0m1.71     [0m | [0m0.2362   [0m | [0m9.534    [0m | [0m0.2135   [0m |
[0.   0.02 0.02 0.03 0.03 0.05 0.08 0.08 0.09 0.1  0.11 0.16 0.27 0.28
 0.34 0.34 0.34 0.34 0.41 0.42 0.5  0.51 0.51 0.59 0.59 0.62 0.64 0.65
 0.66 0.66 0.69 0.75 0.76 0.8  0.83 0.91 0.97 0.99 1.   1.03 1.09 1.24
 1.24 1.25 1.25 1.28 1.29 1.32 1.33 1.33 1.41 1.43 1.44 1.49 1.52 1.53
 1.68 2.21 2.8  2.82]
var: 0.4096015555555554
| [0m70       [0m | [0m0.8187   [0m | [0m0.2386   [0m | [0m31.29    [0m | [0m0.8136   [0m |
[0.   0.01 0.02 0.02 0.06 0.07 0.08 0.11 0.14 0.16 0.17 0.21 0.24 0.27
 0.29 0.3  0.3  0.31 0.34 0.35 0.35 0.38 0.41 0.41 0.43 0.45 0.53 0.63
 0.66 0.66 0.7  0.72 0.72 0.74 0.74 0.76 0.82 0.84 0.84 0.84 0.88 0.89
 0.89 0.93 0.99 1.03 1.03 1.05 1.11 1.13 1.18 1.19 1.19 1.23 1.28 1.39
 1.45 1.47 1.64 3.67]
var: 0.3348083333333331
| [0m71       [0m | [0m0.695    [0m | [0m0.2652   [0m | [0m34.52    [0m | [0m1.439    [0m |
[0.   0.05 0.08 0.08 0.11 0.12 0.13 0.13 0.17 0.23 0.25 0.25 0.27 0.28
 0.28 0.28 0.3  0.3  0.3  0.33 0.35 0.36 0.37 0.38 0.42 0.43 0.43 0.45
 0.51 0.56 0.56 0.69 0.73 0.82 0.83 0.85 0.85 0.88 0.89 0.91 0.91 0.98
 1.01 1.1  1.19 1.19 1.22 1.25 1.28 1.44 1.47 1.53 1.54 1.64 1.79 1.93
 2.13 2.32 2.51 2.62]
var: 0.42188455555555476
| [0m72       [0m | [0m0.7877   [0m | [0m0.02658  [0m | [0m31.14    [0m | [0m2.644    [0m |
[0.04 0.07 0.08 0.15 0.2  0.27 0.3  0.34 0.36 0.38 0.41 0.42 0.45 0.46
 0.48 0.5  0.53 0.56 0.58 0.58 0.69 0.7  0.7  0.7  0.72 0.73 0.74 0.75
 0.77 0.78 0.78 0.79 0.8  0.84 0.94 0.95 1.03 1.05 1.05 1.1  1.11 1.11
 1.25 1.27 1.27 1.39 1.43 1.44 1.51 1.57 1.63 1.72 1.76 1.89 2.09 2.31
 2.32 2.33 2.4  2.54]
var: 0.40106274999999947
| [0m73       [0m | [0m0.9685   [0m | [0m0.05723  [0m | [0m5.782    [0m | [0m1.577    [0m |
[0.05 0.05 0.07 0.08 0.1  0.1  0.16 0.17 0.2  0.36 0.4  0.44 0.53 0.55
 0.63 0.64 0.64 0.68 0.7  0.72 0.73 0.74 0.74 0.75 0.76 0.78 0.8  0.83
 0.83 0.85 0.85 0.87 0.88 0.9  0.91 0.92 0.93 0.97 0.99 1.02 1.03 1.07
 1.1  1.14 1.16 1.18 1.21 1.22 1.24 1.32 1.35 1.43 1.47 1.49 1.73 1.94
 2.04 2.09 2.15 2.78]
var: 0.31176122222222197
| [0m74       [0m | [0m0.9077   [0m | [0m0.09652  [0m | [0m5.393    [0m | [0m1.3      [0m |
[0.04 0.05 0.08 0.09 0.11 0.15 0.18 0.24 0.29 0.33 0.34 0.34 0.36 0.38
 0.42 0.45 0.48 0.48 0.5  0.5  0.5  0.54 0.54 0.55 0.55 0.57 0.62 0.63
 0.64 0.67 0.67 0.7  0.73 0.75 0.75 0.76 0.77 0.81 0.81 0.87 0.91 0.93
 0.95 0.98 1.03 1.12 1.14 1.18 1.18 1.21 1.24 1.31 1.37 1.4  1.52 1.55
 1.59 1.59 1.6  1.67]
var: 0.1955383055555557
| [0m75       [0m | [0m0.7452   [0m | [0m0.1965   [0m | [0m24.65    [0m | [0m2.628    [0m |
[0.03 0.03 0.04 0.05 0.1  0.11 0.12 0.2  0.24 0.29 0.53 0.57 0.61 0.64
 0.65 0.7  0.73 0.73 0.77 0.79 0.79 0.83 0.85 0.89 0.91 0.91 0.91 0.91
 0.92 0.93 0.93 0.94 0.97 0.97 1.   1.01 1.04 1.13 1.15 1.21 1.22 1.26
 1.26 1.26 1.27 1.29 1.3  1.34 1.37 1.4  1.47 1.56 1.58 1.64 1.89 1.93
 2.25 2.35 2.42 3.13]
var: 0.3829748888888888
| [0m76       [0m | [0m1.005    [0m | [0m0.1178   [0m | [0m25.77    [0m | [0m1.348    [0m |
[0.   0.   0.02 0.07 0.07 0.1  0.12 0.16 0.18 0.22 0.23 0.23 0.25 0.27
 0.28 0.29 0.38 0.38 0.42 0.42 0.43 0.44 0.46 0.5  0.53 0.55 0.55 0.57
 0.59 0.6  0.63 0.64 0.66 0.67 0.68 0.69 0.71 0.72 0.75 0.75 0.82 0.84
 0.85 0.88 0.88 0.93 0.97 1.01 1.07 1.1  1.15 1.21 1.22 1.31 1.35 1.36
 1.41 1.41 1.51 1.58]
var: 0.1754536388888887
| [0m77       [0m | [0m0.6512   [0m | [0m0.1396   [0m | [0m32.63    [0m | [0m2.906    [0m |
[0.02 0.05 0.06 0.08 0.08 0.09 0.12 0.12 0.14 0.15 0.17 0.19 0.2  0.21
 0.21 0.23 0.26 0.27 0.28 0.3  0.32 0.35 0.36 0.42 0.44 0.45 0.47 0.47
 0.47 0.5  0.5  0.55 0.56 0.58 0.61 0.62 0.68 0.7  0.71 0.73 0.74 0.8
 0.81 0.86 0.89 0.89 0.9  0.91 0.95 0.99 1.06 1.18 1.26 1.3  1.54 1.75
 2.24 2.29 2.48 3.35]
var: 0.41830163888888916
| [0m78       [0m | [0m0.6818   [0m | [0m0.06231  [0m | [0m1.427    [0m | [0m0.5146   [0m |
[0.   0.   0.06 0.06 0.13 0.14 0.2  0.27 0.27 0.33 0.34 0.35 0.36 0.38
 0.39 0.44 0.44 0.46 0.47 0.51 0.53 0.53 0.53 0.55 0.61 0.62 0.65 0.67
 0.7  0.73 0.74 0.74 0.8  0.84 0.84 0.87 0.92 0.99 1.   1.   1.06 1.08
 1.09 1.1  1.12 1.16 1.17 1.25 1.25 1.43 1.45 1.71 1.75 1.75 1.78 1.81
 1.97 2.09 2.47 2.85]
var: 0.3797155555555555
| [0m79       [0m | [0m0.8633   [0m | [0m0.09675  [0m | [0m41.17    [0m | [0m1.705    [0m |
[0.01 0.02 0.04 0.07 0.09 0.11 0.14 0.19 0.23 0.27 0.27 0.29 0.3  0.3
 0.3  0.32 0.33 0.34 0.39 0.41 0.41 0.43 0.48 0.49 0.5  0.51 0.52 0.52
 0.52 0.54 0.59 0.63 0.64 0.66 0.68 0.68 0.7  0.7  0.72 0.73 0.75 0.76
 0.76 0.76 0.76 0.81 0.83 0.88 0.91 0.92 0.95 0.95 0.98 0.98 1.1  1.18
 1.32 1.48 1.63 1.73]
var: 0.1437794166666669
| [0m80       [0m | [0m0.6085   [0m | [0m0.07722  [0m | [0m2.98     [0m | [0m2.99     [0m |
=============================================================
None
num_trials:  40  inits,  40  iters,  60  per
rho:  0.1
pthin:  0.70

Best VPT: 2.698666666666668
Best result: {'a': 0.012025632060814402, 'g': 29.11281993175523, 's': 0.04795466561899711}

KERNEL: nu=1.5, lengthscale=2.0, alpha=0.0005
