|   iter    |  target   |     a     |     g     |     s     |
-------------------------------------------------------------
[0.   0.02 0.04 0.08 0.13 0.14 0.16 0.21 0.21 0.22 0.28 0.29 0.29 0.33
 0.34 0.34 0.35 0.38 0.42 0.46 0.56 0.58 0.58 0.62 0.63 0.64 0.64 0.65
 0.69 0.71 0.77 0.78 0.8  0.8  0.83 1.05 1.06 1.07 1.08 1.1  1.11 1.12
 1.17 1.21 1.24 1.29 1.3  1.33 1.37 1.41 1.45 1.52 1.68 1.73 1.74 1.85
 2.14 2.14 2.54 2.64]
var: 0.39756830555555567
| [0m1        [0m | [0m0.8718   [0m | [0m0.2655   [0m | [0m22.54    [0m | [0m0.7869   [0m |
[0.05 0.05 0.1  0.1  0.18 0.22 0.23 0.24 0.25 0.26 0.28 0.3  0.32 0.33
 0.35 0.39 0.4  0.4  0.41 0.42 0.43 0.47 0.52 0.57 0.62 0.68 0.69 0.69
 0.7  0.73 0.76 0.8  0.81 0.83 0.84 0.85 0.89 0.9  0.91 0.91 0.93 0.93
 0.93 0.97 1.   1.06 1.09 1.1  1.14 1.28 1.44 1.44 1.68 1.7  1.81 1.86
 1.89 1.98 1.99 2.46]
var: 0.30884622222222213
| [0m2        [0m | [0m0.8093   [0m | [0m0.06287  [0m | [0m4.608    [0m | [0m0.9419   [0m |
[0.04 0.08 0.09 0.1  0.2  0.22 0.23 0.26 0.26 0.26 0.3  0.38 0.39 0.42
 0.43 0.48 0.48 0.51 0.52 0.58 0.61 0.63 0.63 0.64 0.67 0.72 0.76 0.76
 0.76 0.77 0.86 0.87 0.89 0.94 0.99 1.06 1.09 1.11 1.11 1.13 1.14 1.16
 1.17 1.18 1.25 1.26 1.28 1.3  1.34 1.35 1.39 1.4  1.41 1.44 1.46 1.56
 1.74 1.88 1.94 4.41]
var: 0.43652830555555594
| [95m3        [0m | [95m0.9048   [0m | [95m0.1439   [0m | [95m13.36    [0m | [95m0.5584   [0m |
[0.   0.   0.   0.03 0.06 0.06 0.08 0.1  0.1  0.11 0.12 0.14 0.14 0.15
 0.17 0.17 0.29 0.32 0.34 0.34 0.36 0.43 0.44 0.45 0.56 0.59 0.6  0.63
 0.66 0.66 0.67 0.69 0.71 0.71 0.72 0.72 0.74 0.75 0.77 0.78 0.84 0.88
 0.94 0.99 1.01 1.02 1.02 1.1  1.15 1.17 1.19 1.23 1.34 1.36 1.48 1.66
 1.93 1.94 2.59 2.8 ]
var: 0.36610222222222283
| [0m4        [0m | [0m0.7167   [0m | [0m0.2178   [0m | [0m32.84    [0m | [0m1.583    [0m |
[0.34 0.42 0.5  0.52 0.56 0.56 0.62 0.63 0.69 0.73 0.73 0.75 0.8  0.88
 0.9  0.91 0.93 0.99 1.03 1.05 1.09 1.1  1.15 1.16 1.2  1.23 1.24 1.27
 1.27 1.31 1.34 1.46 1.47 1.49 1.5  1.61 1.63 1.68 1.73 1.73 1.74 1.82
 1.85 1.86 1.96 2.02 2.11 2.14 2.24 2.37 2.54 2.62 2.63 2.76 2.82 2.98
 3.01 3.16 3.81 4.41]
var: 0.7449776388888885
| [95m5        [0m | [95m1.551    [0m | [95m0.1017   [0m | [95m35.15    [0m | [95m0.1871   [0m |
[0.01 0.05 0.2  0.21 0.22 0.23 0.24 0.25 0.36 0.41 0.42 0.43 0.45 0.5
 0.51 0.54 0.55 0.56 0.58 0.6  0.61 0.68 0.69 0.69 0.7  0.72 0.75 0.75
 0.78 0.79 0.98 1.01 1.03 1.05 1.06 1.1  1.17 1.18 1.19 1.21 1.24 1.28
 1.3  1.31 1.35 1.35 1.39 1.48 1.49 1.56 1.59 1.61 1.64 1.84 1.89 1.9
 2.08 2.92 2.98 3.  ]
var: 0.45570233333333365
| [0m6        [0m | [0m1.011    [0m | [0m0.1413   [0m | [0m23.77    [0m | [0m1.742    [0m |
[0.   0.1  0.17 0.19 0.26 0.27 0.27 0.33 0.38 0.4  0.45 0.5  0.56 0.58
 0.59 0.68 0.72 0.73 0.78 0.78 0.8  0.8  0.83 0.89 0.93 0.93 0.93 0.95
 0.99 1.04 1.07 1.09 1.12 1.18 1.22 1.23 1.23 1.24 1.32 1.32 1.4  1.42
 1.45 1.46 1.55 1.55 1.6  1.62 1.67 1.69 1.71 1.83 2.   2.03 2.15 2.16
 2.75 2.87 3.12 4.09]
var: 0.5985203055555552
| [0m7        [0m | [0m1.166    [0m | [0m0.03696  [0m | [0m17.52    [0m | [0m1.484    [0m |
[0.   0.04 0.16 0.22 0.23 0.23 0.26 0.29 0.33 0.35 0.37 0.38 0.44 0.48
 0.48 0.49 0.53 0.53 0.54 0.64 0.66 0.66 0.71 0.71 0.73 0.74 0.76 0.78
 0.79 0.79 0.8  0.82 0.83 0.86 0.87 0.93 0.95 0.99 1.04 1.06 1.08 1.09
 1.1  1.1  1.1  1.17 1.17 1.22 1.23 1.3  1.31 1.34 1.34 1.53 1.57 1.62
 1.63 1.67 1.72 1.8 ]
var: 0.20063288888888914
| [0m8        [0m | [0m0.8427   [0m | [0m0.09076  [0m | [0m5.472    [0m | [0m1.787    [0m |
[0.01 0.01 0.02 0.02 0.03 0.04 0.06 0.11 0.11 0.16 0.17 0.2  0.26 0.27
 0.31 0.32 0.37 0.37 0.37 0.37 0.38 0.4  0.4  0.44 0.46 0.49 0.53 0.6
 0.63 0.66 0.66 0.67 0.69 0.7  0.71 0.73 0.74 0.75 0.77 0.82 0.83 0.84
 0.89 0.96 0.97 0.98 0.99 1.01 1.05 1.06 1.11 1.13 1.19 1.33 1.34 1.43
 1.47 1.62 1.81 2.02]
var: 0.2219473333333335
| [0m9        [0m | [0m0.664    [0m | [0m0.1942   [0m | [0m47.68    [0m | [0m1.808    [0m |
[0.03 0.1  0.12 0.2  0.24 0.26 0.3  0.33 0.41 0.46 0.47 0.53 0.55 0.56
 0.6  0.6  0.6  0.62 0.62 0.62 0.63 0.66 0.69 0.72 0.79 0.81 0.81 0.83
 0.83 0.85 0.89 0.91 1.   1.03 1.03 1.07 1.11 1.19 1.2  1.2  1.24 1.28
 1.35 1.46 1.54 1.61 1.64 1.69 1.74 1.75 1.96 1.96 1.98 2.01 2.09 2.16
 2.46 2.52 2.97 4.64]
var: 0.6468315555555558
| [0m10       [0m | [0m1.109    [0m | [0m0.06036  [0m | [0m39.25    [0m | [0m1.504    [0m |
[0.16 0.42 0.45 0.53 0.57 0.58 0.59 0.59 0.59 0.61 0.66 0.69 0.69 0.71
 0.74 0.75 0.78 0.82 0.82 0.86 0.9  0.91 0.93 0.96 0.98 0.99 0.99 1.03
 1.05 1.08 1.12 1.13 1.18 1.19 1.34 1.35 1.36 1.36 1.37 1.37 1.38 1.4
 1.45 1.49 1.52 1.53 1.63 1.63 1.67 1.7  1.72 1.75 1.79 1.82 1.84 1.85
 1.87 2.09 2.33 3.44]
var: 0.30990499999999954
| [0m11       [0m | [0m1.185    [0m | [0m0.2528   [0m | [0m33.61    [0m | [0m0.3324   [0m |
[0.   0.   0.   0.01 0.03 0.04 0.05 0.07 0.17 0.22 0.25 0.28 0.28 0.28
 0.31 0.36 0.37 0.39 0.42 0.47 0.49 0.5  0.53 0.54 0.55 0.58 0.66 0.68
 0.7  0.71 0.71 0.71 0.72 0.81 0.84 0.87 0.9  0.9  0.92 0.95 0.95 0.99
 0.99 1.01 1.09 1.11 1.14 1.21 1.29 1.35 1.35 1.54 1.58 1.67 1.71 1.85
 1.92 1.92 2.02 2.45]
var: 0.3379649722222226
| [0m12       [0m | [0m0.7902   [0m | [0m0.1927   [0m | [0m23.82    [0m | [0m1.958    [0m |
[0.   0.   0.01 0.02 0.03 0.03 0.04 0.05 0.06 0.06 0.08 0.12 0.12 0.13
 0.15 0.15 0.15 0.17 0.18 0.18 0.22 0.22 0.22 0.24 0.24 0.26 0.27 0.27
 0.27 0.31 0.31 0.32 0.34 0.34 0.36 0.37 0.37 0.4  0.41 0.43 0.43 0.44
 0.44 0.46 0.49 0.51 0.54 0.54 0.55 0.56 0.58 0.63 0.64 0.69 0.7  0.71
 0.73 0.77 0.93 1.01]
var: 0.058142083333333365
| [0m13       [0m | [0m0.3375   [0m | [0m0.06352  [0m | [0m0.1587   [0m | [0m2.932    [0m |
[0.06 0.11 0.13 0.14 0.15 0.18 0.26 0.31 0.39 0.4  0.42 0.47 0.5  0.51
 0.53 0.54 0.54 0.56 0.58 0.6  0.63 0.64 0.65 0.66 0.68 0.68 0.69 0.77
 0.79 0.79 0.81 0.84 0.92 0.93 0.97 0.97 0.98 1.   1.01 1.03 1.05 1.09
 1.23 1.24 1.27 1.29 1.32 1.33 1.42 1.49 1.52 1.53 1.54 1.59 1.6  1.68
 2.21 2.27 2.41 3.22]
var: 0.3714848888888893
| [0m14       [0m | [0m0.9353   [0m | [0m0.2296   [0m | [0m36.45    [0m | [0m0.5407   [0m |
[0.06 0.08 0.11 0.14 0.15 0.18 0.19 0.24 0.25 0.29 0.3  0.31 0.33 0.33
 0.35 0.35 0.36 0.36 0.37 0.42 0.42 0.47 0.47 0.48 0.49 0.49 0.49 0.5
 0.5  0.52 0.56 0.57 0.59 0.59 0.6  0.61 0.62 0.66 0.66 0.66 0.67 0.67
 0.69 0.77 0.77 0.86 0.88 0.95 0.97 0.98 1.01 1.06 1.08 1.09 1.09 1.2
 1.22 1.38 1.39 1.46]
var: 0.11903830555555586
| [0m15       [0m | [0m0.6052   [0m | [0m0.2857   [0m | [0m31.61    [0m | [0m2.977    [0m |
[0.   0.02 0.03 0.04 0.06 0.09 0.1  0.11 0.12 0.12 0.15 0.17 0.18 0.18
 0.21 0.21 0.27 0.29 0.33 0.4  0.41 0.43 0.45 0.45 0.5  0.51 0.51 0.52
 0.53 0.54 0.6  0.63 0.69 0.72 0.76 0.81 0.84 0.84 1.   1.01 1.01 1.05
 1.08 1.15 1.18 1.26 1.28 1.3  1.38 1.4  1.44 1.46 1.48 1.59 1.69 1.88
 1.97 2.   2.07 2.08]
var: 0.35747322222222216
| [0m16       [0m | [0m0.7597   [0m | [0m0.04906  [0m | [0m47.57    [0m | [0m1.328    [0m |
[0.01 0.02 0.04 0.06 0.11 0.13 0.16 0.16 0.21 0.24 0.27 0.31 0.34 0.41
 0.42 0.43 0.43 0.49 0.5  0.51 0.57 0.59 0.63 0.68 0.68 0.72 0.74 0.77
 0.83 0.84 0.89 0.92 0.94 0.96 0.96 0.99 0.99 1.1  1.12 1.19 1.23 1.31
 1.31 1.33 1.37 1.39 1.54 1.58 1.61 1.66 1.72 1.73 1.76 1.77 1.82 2.25
 2.46 2.7  2.71 3.8 ]
var: 0.5797683055555556
| [0m17       [0m | [0m0.9902   [0m | [0m0.1191   [0m | [0m35.06    [0m | [0m0.9188   [0m |
[0.   0.   0.05 0.05 0.06 0.06 0.06 0.1  0.1  0.1  0.15 0.21 0.22 0.22
 0.25 0.28 0.29 0.38 0.43 0.43 0.5  0.52 0.59 0.64 0.65 0.65 0.69 0.69
 0.71 0.75 0.75 0.76 0.79 0.92 0.93 0.95 0.97 0.97 1.02 1.04 1.06 1.08
 1.08 1.15 1.19 1.2  1.25 1.26 1.31 1.37 1.44 1.45 1.56 1.65 1.81 1.95
 2.31 2.43 2.61 3.09]
var: 0.4700943333333332
| [0m18       [0m | [0m0.853    [0m | [0m0.07125  [0m | [0m33.04    [0m | [0m0.7626   [0m |
[0.03 0.04 0.04 0.08 0.1  0.1  0.12 0.17 0.18 0.19 0.23 0.24 0.3  0.3
 0.33 0.38 0.39 0.41 0.42 0.44 0.44 0.48 0.55 0.55 0.55 0.56 0.62 0.66
 0.67 0.68 0.69 0.72 0.72 0.72 0.75 0.75 0.78 0.78 0.81 0.84 0.87 1.01
 1.01 1.03 1.03 1.1  1.15 1.17 1.22 1.23 1.29 1.34 1.38 1.46 1.54 1.55
 1.77 1.98 1.99 2.07]
var: 0.26878666666666706
| [0m19       [0m | [0m0.75     [0m | [0m0.2561   [0m | [0m6.963    [0m | [0m1.312    [0m |
[0.06 0.14 0.48 0.56 0.57 0.58 0.6  0.62 0.74 0.77 0.82 0.82 0.85 0.88
 0.89 0.91 0.96 0.98 0.98 0.99 1.   1.   1.03 1.09 1.09 1.11 1.15 1.25
 1.25 1.26 1.3  1.33 1.37 1.4  1.41 1.42 1.47 1.48 1.5  1.5  1.53 1.62
 1.66 1.66 1.69 1.71 1.75 1.76 1.81 1.9  1.94 2.18 2.21 2.29 2.35 2.72
 2.72 2.72 4.32 5.03]
var: 0.7159098888888882
| [0m20       [0m | [0m1.42     [0m | [0m0.2244   [0m | [0m38.54    [0m | [0m0.138    [0m |
[0.02 0.06 0.07 0.09 0.13 0.19 0.24 0.26 0.29 0.3  0.32 0.33 0.37 0.38
 0.39 0.41 0.47 0.49 0.55 0.58 0.62 0.66 0.66 0.7  0.76 0.79 0.8  0.8
 0.82 0.82 0.83 0.84 0.89 0.92 0.94 0.96 0.96 0.96 0.97 0.99 1.02 1.04
 1.08 1.12 1.13 1.14 1.15 1.15 1.36 1.37 1.38 1.4  1.48 1.49 1.5  1.62
 1.68 1.74 1.75 1.98]
var: 0.2318683055555554
| [0m21       [0m | [0m0.8368   [0m | [0m0.0622   [0m | [0m45.42    [0m | [0m1.78     [0m |
[0.   0.08 0.1  0.11 0.11 0.12 0.13 0.19 0.22 0.22 0.24 0.25 0.25 0.27
 0.27 0.28 0.29 0.3  0.31 0.31 0.33 0.34 0.34 0.34 0.36 0.37 0.37 0.38
 0.4  0.4  0.44 0.44 0.44 0.49 0.5  0.5  0.5  0.53 0.54 0.55 0.56 0.57
 0.59 0.59 0.6  0.6  0.63 0.63 0.69 0.69 0.72 0.72 0.72 0.79 0.79 0.81
 0.82 1.07 1.15 1.29]
var: 0.06797622222222216
| [0m22       [0m | [0m0.4607   [0m | [0m0.1354   [0m | [0m0.645    [0m | [0m2.474    [0m |
[0.04 0.07 0.09 0.1  0.11 0.12 0.27 0.29 0.33 0.36 0.37 0.43 0.45 0.49
 0.51 0.53 0.56 0.6  0.63 0.65 0.65 0.65 0.65 0.68 0.68 0.71 0.71 0.72
 0.74 0.76 0.79 0.82 0.83 0.87 0.93 0.97 0.98 0.99 1.   1.03 1.07 1.08
 1.14 1.17 1.18 1.19 1.21 1.26 1.27 1.28 1.41 1.46 1.52 1.6  1.69 1.72
 1.79 1.89 2.07 3.17]
var: 0.32071697222222245
| [0m23       [0m | [0m0.8888   [0m | [0m0.1701   [0m | [0m33.2     [0m | [0m1.366    [0m |
[0.02 0.04 0.05 0.06 0.09 0.11 0.12 0.12 0.16 0.2  0.27 0.31 0.34 0.39
 0.44 0.48 0.51 0.52 0.59 0.62 0.64 0.64 0.65 0.66 0.69 0.71 0.74 0.75
 0.81 0.83 0.9  0.9  0.91 0.92 0.93 0.95 1.02 1.05 1.06 1.07 1.12 1.16
 1.2  1.22 1.23 1.27 1.29 1.36 1.39 1.43 1.46 1.46 1.46 1.49 1.54 1.55
 1.96 2.16 2.37 2.41]
var: 0.3305733333333333
| [0m24       [0m | [0m0.88     [0m | [0m0.1063   [0m | [0m7.476    [0m | [0m1.518    [0m |
[0.53 0.65 0.7  0.76 0.83 0.84 0.84 0.85 0.89 0.97 0.97 1.02 1.06 1.09
 1.11 1.16 1.16 1.16 1.17 1.18 1.19 1.21 1.26 1.27 1.29 1.34 1.37 1.37
 1.38 1.39 1.4  1.4  1.4  1.45 1.47 1.56 1.63 1.64 1.68 1.75 1.76 1.77
 1.78 1.78 1.79 1.8  1.83 1.84 1.87 1.87 1.88 1.89 2.01 2.05 2.06 2.17
 2.45 3.2  3.58 3.58]
var: 0.37422430555555536
| [0m25       [0m | [0m1.506    [0m | [0m0.1955   [0m | [0m23.22    [0m | [0m0.2019   [0m |
[0.36 0.5  0.53 0.53 0.55 0.56 0.57 0.67 0.69 0.76 0.77 0.79 0.82 0.83
 0.91 0.92 0.95 0.96 0.98 1.12 1.14 1.15 1.15 1.18 1.28 1.37 1.43 1.55
 1.57 1.63 1.63 1.66 1.66 1.69 1.78 1.8  1.8  1.81 1.83 1.83 1.91 2.03
 2.08 2.17 2.17 2.21 2.23 2.25 2.27 2.37 2.56 2.58 2.66 2.68 2.87 3.17
 3.17 3.65 4.32 4.63]
var: 0.8589460833333333
| [95m26       [0m | [95m1.662    [0m | [95m0.08847  [0m | [95m44.54    [0m | [95m0.1266   [0m |
[0.   0.   0.02 0.04 0.06 0.07 0.07 0.09 0.09 0.11 0.15 0.16 0.16 0.2
 0.22 0.22 0.28 0.31 0.31 0.37 0.4  0.44 0.48 0.51 0.51 0.53 0.53 0.57
 0.57 0.58 0.6  0.69 0.72 0.73 0.77 0.77 0.78 0.78 0.8  0.83 0.85 0.85
 0.88 0.99 1.   1.01 1.12 1.12 1.13 1.14 1.16 1.21 1.25 1.33 1.35 1.49
 1.5  1.51 1.6  1.77]
var: 0.22117099999999995
| [0m27       [0m | [0m0.663    [0m | [0m0.02741  [0m | [0m44.05    [0m | [0m2.269    [0m |
[0.   0.   0.01 0.06 0.08 0.16 0.19 0.19 0.22 0.22 0.24 0.25 0.27 0.32
 0.34 0.35 0.38 0.42 0.43 0.45 0.45 0.46 0.46 0.47 0.47 0.47 0.49 0.51
 0.51 0.52 0.57 0.59 0.6  0.6  0.62 0.68 0.73 0.8  0.81 0.81 0.9  0.92
 0.93 0.97 0.97 0.99 1.   1.03 1.06 1.15 1.16 1.17 1.3  1.62 1.8  1.85
 2.07 2.22 2.29 2.68]
var: 0.3505526666666667
| [0m28       [0m | [0m0.738    [0m | [0m0.2241   [0m | [0m39.13    [0m | [0m1.171    [0m |
[0.04 0.05 0.08 0.08 0.1  0.12 0.13 0.15 0.17 0.25 0.25 0.27 0.34 0.41
 0.46 0.46 0.46 0.49 0.49 0.49 0.51 0.52 0.54 0.57 0.59 0.63 0.63 0.67
 0.69 0.7  0.7  0.72 0.74 0.74 0.77 0.77 0.79 0.82 0.84 0.85 0.85 0.88
 0.91 0.93 0.98 1.   1.04 1.08 1.1  1.15 1.15 1.16 1.19 1.24 1.38 1.46
 1.49 1.6  1.6  1.99]
var: 0.1893756666666668
| [0m29       [0m | [0m0.721    [0m | [0m0.2853   [0m | [0m14.25    [0m | [0m2.189    [0m |
[0.   0.04 0.07 0.14 0.19 0.2  0.23 0.31 0.36 0.44 0.46 0.47 0.57 0.62
 0.66 0.67 0.68 0.74 0.85 0.88 0.91 0.92 0.94 0.96 0.97 1.   1.   1.01
 1.01 1.02 1.06 1.07 1.09 1.17 1.32 1.36 1.36 1.37 1.37 1.38 1.42 1.42
 1.45 1.45 1.48 1.53 1.54 1.59 1.6  1.68 1.8  1.84 1.89 1.93 1.94 2.05
 2.18 2.22 2.34 2.79]
var: 0.39292497222222245
| [0m30       [0m | [0m1.117    [0m | [0m0.03004  [0m | [0m41.15    [0m | [0m1.294    [0m |
[0.   0.01 0.01 0.04 0.05 0.07 0.11 0.14 0.19 0.19 0.24 0.26 0.27 0.29
 0.3  0.32 0.53 0.55 0.56 0.57 0.7  0.74 0.74 0.76 0.81 0.82 0.82 0.83
 0.83 0.85 0.86 0.89 0.89 0.93 0.98 1.02 1.04 1.05 1.05 1.06 1.06 1.14
 1.15 1.17 1.17 1.21 1.23 1.23 1.24 1.26 1.26 1.38 1.43 1.43 1.45 1.54
 1.72 1.84 2.18 2.19]
var: 0.28272097222222237
| [0m31       [0m | [0m0.8442   [0m | [0m0.1583   [0m | [0m18.13    [0m | [0m2.924    [0m |
[0.02 0.05 0.05 0.07 0.1  0.11 0.12 0.15 0.16 0.18 0.19 0.23 0.25 0.26
 0.27 0.28 0.28 0.29 0.29 0.29 0.3  0.3  0.3  0.31 0.33 0.33 0.35 0.38
 0.42 0.42 0.43 0.43 0.45 0.45 0.46 0.47 0.5  0.52 0.52 0.52 0.53 0.56
 0.57 0.57 0.59 0.64 0.64 0.66 0.7  0.72 0.73 0.73 0.76 0.76 0.81 0.91
 0.92 1.1  1.17 1.82]
var: 0.09653933333333337
| [0m32       [0m | [0m0.462    [0m | [0m0.07622  [0m | [0m1.099    [0m | [0m0.9452   [0m |
[0.   0.05 0.05 0.08 0.09 0.1  0.11 0.11 0.11 0.13 0.15 0.16 0.16 0.19
 0.22 0.25 0.32 0.32 0.32 0.36 0.43 0.44 0.44 0.45 0.55 0.58 0.58 0.6
 0.63 0.63 0.65 0.67 0.68 0.71 0.71 0.71 0.73 0.78 0.8  0.8  0.83 0.83
 0.84 0.84 0.84 0.89 0.9  0.92 0.95 0.96 1.03 1.08 1.39 1.45 1.53 1.56
 1.66 1.67 1.87 3.03]
var: 0.30049600000000015
| [0m33       [0m | [0m0.682    [0m | [0m0.1993   [0m | [0m47.05    [0m | [0m0.9193   [0m |
[0.   0.03 0.06 0.08 0.11 0.13 0.14 0.16 0.2  0.25 0.33 0.34 0.4  0.44
 0.45 0.45 0.46 0.47 0.65 0.66 0.67 0.69 0.76 0.77 0.79 0.79 0.79 0.8
 0.81 0.82 0.82 0.85 0.86 0.87 1.01 1.04 1.05 1.06 1.07 1.09 1.09 1.14
 1.15 1.16 1.16 1.17 1.18 1.27 1.32 1.39 1.51 1.58 1.6  1.65 1.69 1.79
 1.8  1.87 2.49 3.88]
var: 0.4331994166666667
| [0m34       [0m | [0m0.9185   [0m | [0m0.155    [0m | [0m15.68    [0m | [0m1.83     [0m |
[0.   0.03 0.03 0.04 0.05 0.08 0.16 0.2  0.21 0.23 0.27 0.28 0.29 0.29
 0.4  0.43 0.43 0.47 0.48 0.49 0.51 0.54 0.58 0.69 0.71 0.73 0.74 0.74
 0.74 0.76 0.76 0.77 0.82 0.83 0.85 0.89 0.91 0.91 0.93 0.96 0.97 0.98
 0.99 1.   1.01 1.12 1.18 1.24 1.24 1.26 1.36 1.38 1.38 1.52 1.62 1.7
 1.75 1.92 1.99 2.02]
var: 0.2688945555555557
| [0m35       [0m | [0m0.7977   [0m | [0m0.2522   [0m | [0m20.1     [0m | [0m1.006    [0m |
[0.04 0.05 0.06 0.08 0.1  0.11 0.13 0.13 0.18 0.22 0.23 0.23 0.26 0.28
 0.29 0.34 0.41 0.42 0.43 0.45 0.5  0.52 0.58 0.6  0.65 0.68 0.69 0.74
 0.75 0.75 0.88 0.93 0.97 0.98 0.98 1.02 1.05 1.06 1.16 1.19 1.21 1.25
 1.26 1.28 1.28 1.3  1.3  1.34 1.34 1.36 1.48 1.55 1.57 1.62 1.74 1.96
 2.04 2.09 2.11 2.6 ]
var: 0.37758000000000014
| [0m36       [0m | [0m0.88     [0m | [0m0.1392   [0m | [0m35.66    [0m | [0m1.272    [0m |
[0.05 0.1  0.11 0.16 0.17 0.19 0.21 0.26 0.31 0.36 0.39 0.41 0.46 0.46
 0.47 0.49 0.5  0.54 0.57 0.69 0.71 0.78 0.78 0.8  0.83 0.84 0.86 0.88
 0.9  0.91 0.97 0.98 1.02 1.04 1.05 1.1  1.11 1.22 1.23 1.28 1.3  1.31
 1.32 1.32 1.34 1.34 1.37 1.41 1.44 1.51 1.57 1.68 1.73 1.9  1.95 2.11
 2.16 2.16 2.26 2.43]
var: 0.3617222222222223
| [0m37       [0m | [0m0.9967   [0m | [0m0.09085  [0m | [0m22.88    [0m | [0m1.096    [0m |
[0.08 0.1  0.12 0.19 0.2  0.21 0.22 0.23 0.24 0.25 0.26 0.28 0.31 0.33
 0.34 0.35 0.37 0.38 0.4  0.41 0.43 0.43 0.45 0.47 0.48 0.5  0.51 0.56
 0.58 0.59 0.63 0.63 0.63 0.68 0.68 0.7  0.71 0.72 0.74 0.74 0.75 0.75
 0.76 0.77 0.81 0.82 0.82 0.83 0.92 0.92 0.95 1.03 1.04 1.08 1.08 1.1
 1.17 1.29 1.31 1.34]
var: 0.1037503055555557
| [0m38       [0m | [0m0.6112   [0m | [0m0.2756   [0m | [0m3.429    [0m | [0m2.02     [0m |
[0.33 0.46 0.55 0.55 0.57 0.67 0.67 0.67 0.67 0.7  0.72 0.82 0.82 0.83
 0.89 0.94 0.96 1.   1.01 1.04 1.07 1.12 1.13 1.13 1.2  1.22 1.23 1.25
 1.27 1.29 1.34 1.43 1.45 1.46 1.48 1.5  1.5  1.51 1.53 1.59 1.6  1.64
 1.69 1.73 1.75 1.8  1.82 1.83 1.97 2.16 2.17 2.32 2.35 2.36 2.52 2.53
 2.78 2.84 3.02 3.11]
var: 0.4509440000000003
| [0m39       [0m | [0m1.426    [0m | [0m0.1904   [0m | [0m31.4     [0m | [0m0.3637   [0m |
[0.   0.01 0.04 0.04 0.08 0.12 0.16 0.19 0.19 0.2  0.22 0.23 0.28 0.36
 0.43 0.43 0.44 0.46 0.46 0.51 0.54 0.55 0.55 0.56 0.59 0.59 0.63 0.64
 0.65 0.68 0.69 0.7  0.72 0.73 0.76 0.77 0.84 0.91 0.92 0.95 0.96 1.
 1.01 1.05 1.07 1.09 1.11 1.13 1.17 1.19 1.23 1.25 1.28 1.43 1.49 1.53
 1.58 1.91 2.32 2.41]
var: 0.2799903055555561
| [0m40       [0m | [0m0.7672   [0m | [0m0.05957  [0m | [0m31.49    [0m | [0m2.486    [0m |
[0.28 0.43 0.5  0.58 0.64 0.75 0.76 0.76 0.78 0.79 0.8  0.86 0.87 0.88
 0.9  0.93 0.93 0.98 0.99 1.01 1.05 1.06 1.09 1.12 1.13 1.16 1.19 1.24
 1.27 1.29 1.31 1.32 1.32 1.33 1.37 1.39 1.4  1.43 1.48 1.56 1.57 1.58
 1.59 1.63 1.69 1.7  1.74 1.75 1.87 1.91 1.92 1.93 1.95 1.98 2.13 2.15
 2.18 2.31 2.5  2.52]
var: 0.2707214166666671
| [0m41       [0m | [0m1.326    [0m | [0m0.06672  [0m | [0m44.12    [0m | [0m0.0237   [0m |
[0.   0.01 0.02 0.04 0.14 0.16 0.22 0.26 0.27 0.29 0.34 0.37 0.37 0.4
 0.41 0.41 0.43 0.43 0.47 0.57 0.58 0.58 0.62 0.63 0.65 0.67 0.69 0.69
 0.7  0.71 0.72 0.72 0.76 0.78 0.8  0.81 0.81 0.84 0.85 0.89 0.89 0.89
 0.9  0.93 0.94 0.98 1.07 1.1  1.12 1.2  1.3  1.31 1.33 1.33 1.35 1.44
 1.61 1.63 1.75 2.38]
var: 0.21935955555555575
| [0m42       [0m | [0m0.7593   [0m | [0m0.2016   [0m | [0m29.46    [0m | [0m2.473    [0m |
[0.   0.06 0.07 0.09 0.11 0.12 0.14 0.15 0.18 0.19 0.24 0.25 0.32 0.34
 0.35 0.37 0.39 0.4  0.4  0.41 0.45 0.5  0.52 0.53 0.61 0.64 0.67 0.72
 0.74 0.75 0.76 0.77 0.79 0.81 0.82 0.85 0.85 0.86 0.92 0.94 0.94 0.95
 1.02 1.03 1.06 1.1  1.1  1.14 1.2  1.2  1.23 1.36 1.39 1.4  1.59 1.68
 1.72 1.73 1.81 2.25]
var: 0.2593598888888892
| [0m43       [0m | [0m0.7663   [0m | [0m0.2359   [0m | [0m33.99    [0m | [0m1.278    [0m |
[0.   0.05 0.07 0.09 0.12 0.12 0.13 0.13 0.14 0.14 0.14 0.15 0.15 0.15
 0.16 0.16 0.17 0.18 0.18 0.18 0.18 0.19 0.19 0.21 0.22 0.22 0.22 0.22
 0.23 0.23 0.24 0.24 0.25 0.26 0.26 0.26 0.27 0.3  0.31 0.32 0.32 0.32
 0.33 0.33 0.36 0.37 0.37 0.37 0.38 0.48 0.49 0.51 0.52 0.52 0.63 0.68
 0.74 0.89 0.9  1.1 ]
var: 0.045756222222222274
| [0m44       [0m | [0m0.3007   [0m | [0m0.2595   [0m | [0m44.85    [0m | [0m0.008811 [0m |
[0.01 0.03 0.05 0.06 0.06 0.08 0.22 0.29 0.29 0.3  0.31 0.37 0.41 0.42
 0.44 0.52 0.57 0.6  0.62 0.63 0.63 0.64 0.68 0.69 0.71 0.71 0.73 0.74
 0.74 0.79 0.84 0.85 0.87 0.88 0.93 0.93 0.95 0.97 0.98 1.   1.04 1.05
 1.07 1.11 1.12 1.13 1.19 1.2  1.22 1.24 1.28 1.32 1.33 1.36 1.62 1.78
 1.83 1.88 1.89 2.63]
var: 0.27345363888888874
| [0m45       [0m | [0m0.8472   [0m | [0m0.1129   [0m | [0m9.885    [0m | [0m2.868    [0m |
[0.04 0.04 0.1  0.12 0.12 0.16 0.2  0.22 0.26 0.27 0.27 0.34 0.36 0.37
 0.39 0.39 0.42 0.44 0.46 0.48 0.48 0.49 0.49 0.52 0.53 0.61 0.62 0.64
 0.68 0.69 0.69 0.7  0.7  0.75 0.76 0.81 0.81 0.81 0.82 0.84 0.87 0.92
 0.92 0.92 0.96 1.01 1.03 1.1  1.12 1.19 1.24 1.33 1.33 1.37 1.4  1.58
 1.65 1.66 1.72 2.6 ]
var: 0.2415916388888886
| [0m46       [0m | [0m0.7468   [0m | [0m0.2725   [0m | [0m4.864    [0m | [0m1.257    [0m |
[0.   0.   0.01 0.05 0.07 0.11 0.17 0.21 0.21 0.22 0.22 0.26 0.27 0.27
 0.31 0.32 0.36 0.39 0.4  0.45 0.46 0.48 0.48 0.49 0.49 0.51 0.56 0.6
 0.67 0.67 0.68 0.71 0.72 0.77 0.78 0.8  0.81 0.82 0.82 0.85 0.86 0.86
 0.87 0.89 0.92 0.92 0.93 0.99 0.99 1.07 1.13 1.2  1.22 1.23 1.24 1.26
 1.27 1.32 1.53 2.01]
var: 0.17811322222222228
| [0m47       [0m | [0m0.6697   [0m | [0m0.2822   [0m | [0m32.02    [0m | [0m2.803    [0m |
[0.04 0.04 0.11 0.15 0.15 0.17 0.25 0.43 0.51 0.52 0.54 0.54 0.56 0.57
 0.65 0.65 0.68 0.69 0.74 0.75 0.84 0.85 0.9  0.96 0.99 1.09 1.1  1.12
 1.15 1.27 1.31 1.32 1.33 1.41 1.43 1.61 1.62 1.66 1.7  1.72 1.75 1.76
 1.8  1.82 1.9  1.91 1.91 1.93 1.97 1.98 2.08 2.13 2.18 2.64 2.72 2.74
 2.88 2.94 3.36 6.06]
var: 1.0120132222222231
| [0m48       [0m | [0m1.376    [0m | [0m0.0308   [0m | [0m45.08    [0m | [0m0.5937   [0m |
[0.04 0.05 0.07 0.09 0.11 0.21 0.25 0.25 0.26 0.27 0.28 0.36 0.37 0.39
 0.41 0.41 0.42 0.53 0.55 0.59 0.63 0.67 0.7  0.72 0.73 0.75 0.75 0.79
 0.8  0.81 0.86 0.89 0.9  0.92 0.93 0.99 1.11 1.13 1.15 1.17 1.22 1.25
 1.27 1.28 1.32 1.33 1.36 1.46 1.49 1.62 1.67 1.9  1.98 2.09 2.1  2.15
 2.21 2.27 2.31 4.24]
var: 0.5665836388888891
| [0m49       [0m | [0m0.9972   [0m | [0m0.0854   [0m | [0m11.53    [0m | [0m2.215    [0m |
[0.01 0.03 0.04 0.2  0.2  0.23 0.26 0.28 0.29 0.31 0.35 0.37 0.43 0.45
 0.52 0.54 0.59 0.61 0.62 0.63 0.65 0.66 0.68 0.68 0.69 0.7  0.7  0.73
 0.74 0.75 0.77 0.79 0.81 0.83 0.83 0.86 0.88 0.89 0.98 0.99 1.04 1.05
 1.06 1.08 1.09 1.12 1.12 1.13 1.25 1.25 1.32 1.36 1.49 1.5  1.53 1.6
 1.65 1.72 1.76 1.95]
var: 0.20999288888888876
| [0m50       [0m | [0m0.8273   [0m | [0m0.08273  [0m | [0m18.18    [0m | [0m2.294    [0m |
[0.02 0.02 0.02 0.04 0.05 0.11 0.12 0.14 0.16 0.17 0.2  0.27 0.27 0.3
 0.3  0.31 0.34 0.35 0.36 0.36 0.37 0.4  0.43 0.46 0.5  0.5  0.51 0.51
 0.54 0.54 0.59 0.66 0.69 0.7  0.72 0.73 0.83 0.83 0.85 0.88 0.92 0.94
 0.95 1.   1.04 1.04 1.07 1.07 1.2  1.35 1.43 1.5  1.51 1.59 1.59 1.7
 1.77 2.17 2.64 2.87]
var: 0.3908505555555552
| [0m51       [0m | [0m0.7583   [0m | [0m0.1083   [0m | [0m47.98    [0m | [0m1.507    [0m |
[0.01 0.11 0.14 0.16 0.17 0.17 0.23 0.24 0.38 0.4  0.42 0.43 0.44 0.46
 0.49 0.5  0.51 0.53 0.53 0.56 0.56 0.56 0.63 0.64 0.64 0.67 0.7  0.71
 0.72 0.73 0.74 0.74 0.76 0.76 0.79 0.81 0.82 0.82 0.82 0.85 0.9  0.91
 1.01 1.04 1.04 1.08 1.1  1.15 1.26 1.26 1.28 1.42 1.45 1.47 1.67 1.69
 1.77 1.8  2.03 2.39]
var: 0.24772697222222215
| [0m52       [0m | [0m0.8178   [0m | [0m0.2119   [0m | [0m16.42    [0m | [0m1.339    [0m |
[0.   0.03 0.03 0.05 0.05 0.09 0.17 0.19 0.19 0.22 0.23 0.28 0.3  0.31
 0.36 0.36 0.37 0.41 0.45 0.49 0.5  0.5  0.53 0.56 0.59 0.63 0.67 0.69
 0.73 0.77 0.77 0.8  0.81 0.82 0.87 0.89 0.91 0.92 0.94 0.95 1.   1.
 1.01 1.04 1.09 1.19 1.19 1.2  1.24 1.25 1.31 1.33 1.36 1.39 1.41 1.58
 1.74 2.05 2.25 2.37]
var: 0.2963214166666663
| [0m53       [0m | [0m0.7905   [0m | [0m0.07371  [0m | [0m36.32    [0m | [0m1.748    [0m |
[0.02 0.05 0.11 0.12 0.14 0.2  0.21 0.22 0.33 0.36 0.43 0.51 0.54 0.56
 0.62 0.65 0.7  0.72 0.75 0.79 0.81 0.81 0.82 0.83 0.87 0.88 0.94 0.94
 1.01 1.01 1.02 1.07 1.08 1.08 1.11 1.11 1.19 1.26 1.26 1.26 1.27 1.33
 1.41 1.43 1.45 1.45 1.45 1.47 1.5  1.5  1.57 1.64 1.64 1.86 2.   2.4
 2.51 2.93 3.64 3.66]
var: 0.581973888888889
| [0m54       [0m | [0m1.108    [0m | [0m0.09229  [0m | [0m21.56    [0m | [0m0.8613   [0m |
[0.   0.02 0.03 0.05 0.07 0.12 0.14 0.23 0.26 0.32 0.32 0.35 0.37 0.38
 0.4  0.41 0.42 0.42 0.49 0.49 0.54 0.63 0.64 0.65 0.69 0.69 0.71 0.72
 0.74 0.74 0.75 0.75 0.79 0.81 0.84 0.85 0.94 0.95 0.97 0.98 0.98 0.99
 1.04 1.05 1.1  1.11 1.13 1.14 1.15 1.27 1.29 1.32 1.4  1.59 1.6  1.72
 1.89 2.06 2.45 2.45]
var: 0.3113955555555558
| [0m55       [0m | [0m0.8233   [0m | [0m0.2106   [0m | [0m31.51    [0m | [0m1.971    [0m |
[0.   0.05 0.06 0.12 0.16 0.18 0.25 0.3  0.32 0.37 0.4  0.45 0.52 0.56
 0.61 0.62 0.68 0.69 0.72 0.72 0.75 0.78 0.81 0.84 0.87 0.87 0.91 0.94
 0.94 0.99 1.   1.02 1.04 1.08 1.1  1.11 1.14 1.16 1.29 1.35 1.35 1.36
 1.44 1.46 1.55 1.55 1.65 1.68 1.7  1.77 1.78 1.89 1.92 1.94 1.95 1.98
 2.07 2.11 2.27 2.45]
var: 0.3864628888888893
| [0m56       [0m | [0m1.061    [0m | [0m0.08509  [0m | [0m12.7     [0m | [0m2.284    [0m |
[0.   0.01 0.02 0.03 0.04 0.14 0.18 0.18 0.2  0.22 0.27 0.28 0.3  0.37
 0.37 0.37 0.38 0.4  0.43 0.45 0.47 0.48 0.51 0.52 0.52 0.53 0.54 0.54
 0.56 0.57 0.64 0.64 0.64 0.65 0.66 0.66 0.71 0.71 0.78 0.82 0.88 0.89
 0.9  0.9  0.92 0.97 0.97 1.   1.07 1.13 1.14 1.25 1.32 1.49 1.58 1.68
 1.7  1.86 2.3  2.58]
var: 0.2930793333333334
| [0m57       [0m | [0m0.722    [0m | [0m0.02741  [0m | [0m24.31    [0m | [0m2.82     [0m |
[0.07 0.14 0.28 0.39 0.42 0.47 0.47 0.5  0.5  0.53 0.55 0.55 0.55 0.57
 0.58 0.64 0.67 0.68 0.7  0.7  0.71 0.72 0.74 0.76 0.82 0.85 0.89 0.89
 0.9  0.9  0.97 1.   1.   1.02 1.12 1.15 1.2  1.21 1.25 1.25 1.27 1.31
 1.35 1.36 1.44 1.46 1.46 1.47 1.59 1.6  1.63 1.76 2.04 2.22 2.37 2.56
 2.62 2.8  2.84 3.46]
var: 0.505266
| [0m58       [0m | [0m1.132    [0m | [0m0.2653   [0m | [0m3.495    [0m | [0m0.2922   [0m |
[0.21 0.63 0.7  0.86 0.91 1.   1.08 1.08 1.12 1.16 1.16 1.25 1.28 1.3
 1.32 1.34 1.34 1.5  1.5  1.52 1.53 1.54 1.58 1.69 1.69 1.74 1.79 1.8
 1.81 1.81 1.84 1.87 1.96 2.03 2.06 2.11 2.17 2.2  2.23 2.27 2.32 2.39
 2.45 2.45 2.46 2.5  2.6  2.63 2.64 2.65 2.76 2.79 2.95 3.25 3.25 3.32
 3.32 3.36 3.42 3.84]
var: 0.6268214166666666
| [95m59       [0m | [95m1.956    [0m | [95m0.08777  [0m | [95m10.29    [0m | [95m0.08805  [0m |
[0.   0.05 0.08 0.08 0.09 0.15 0.15 0.15 0.22 0.26 0.27 0.29 0.3  0.3
 0.3  0.31 0.32 0.32 0.33 0.4  0.43 0.45 0.47 0.52 0.58 0.6  0.61 0.62
 0.63 0.63 0.64 0.69 0.7  0.72 0.73 0.74 0.76 0.82 0.83 0.84 0.87 0.87
 0.87 0.87 0.89 0.9  0.91 0.92 0.95 0.96 1.03 1.11 1.12 1.15 1.19 1.27
 1.31 1.32 1.97 3.53]
var: 0.28705830555555545
| [0m60       [0m | [0m0.6898   [0m | [0m0.1406   [0m | [0m39.79    [0m | [0m2.318    [0m |
[0.01 0.04 0.06 0.08 0.09 0.1  0.14 0.22 0.27 0.34 0.34 0.38 0.48 0.54
 0.61 0.64 0.68 0.83 0.84 0.88 0.98 0.99 1.   1.   1.02 1.06 1.06 1.23
 1.26 1.27 1.28 1.29 1.3  1.31 1.32 1.34 1.36 1.36 1.36 1.36 1.42 1.62
 1.66 1.71 1.71 1.75 2.03 2.15 2.39 2.49 2.55 2.58 2.72 2.75 2.83 3.09
 3.39 3.49 4.24 4.84]
var: 1.1101014166666665
| [0m61       [0m | [0m1.386    [0m | [0m0.02569  [0m | [0m39.65    [0m | [0m0.8077   [0m |
[0.02 0.05 0.06 0.08 0.24 0.25 0.28 0.29 0.3  0.3  0.31 0.33 0.33 0.4
 0.44 0.53 0.53 0.58 0.61 0.63 0.64 0.64 0.66 0.71 0.79 0.79 0.84 0.86
 0.88 0.89 0.91 0.92 0.94 0.94 0.95 0.99 1.   1.07 1.07 1.08 1.11 1.12
 1.16 1.21 1.22 1.23 1.26 1.27 1.28 1.33 1.33 1.38 1.42 1.5  1.52 1.73
 1.78 1.9  2.69 2.78]
var: 0.3211443055555553
| [0m62       [0m | [0m0.9058   [0m | [0m0.1385   [0m | [0m16.61    [0m | [0m1.827    [0m |
[0.   0.05 0.06 0.14 0.15 0.16 0.21 0.21 0.21 0.24 0.26 0.33 0.33 0.34
 0.35 0.37 0.42 0.42 0.45 0.47 0.48 0.53 0.53 0.54 0.54 0.55 0.59 0.59
 0.6  0.62 0.71 0.71 0.71 0.8  0.81 0.82 0.84 0.9  0.95 0.99 0.99 1.01
 1.04 1.07 1.07 1.09 1.17 1.17 1.2  1.22 1.23 1.31 1.48 1.54 1.56 1.95
 1.99 2.26 2.32 2.34]
var: 0.32487497222222234
| [0m63       [0m | [0m0.7998   [0m | [0m0.1696   [0m | [0m31.77    [0m | [0m2.897    [0m |
[0.01 0.02 0.02 0.02 0.05 0.05 0.09 0.1  0.1  0.11 0.13 0.21 0.21 0.24
 0.29 0.36 0.38 0.38 0.39 0.4  0.41 0.42 0.43 0.43 0.44 0.46 0.47 0.52
 0.52 0.52 0.53 0.54 0.58 0.62 0.65 0.67 0.69 0.75 0.79 0.8  0.82 0.83
 0.84 0.97 1.01 1.06 1.07 1.11 1.17 1.17 1.18 1.49 1.51 1.64 1.69 1.85
 1.87 1.92 2.12 2.13]
var: 0.3205576388888882
| [0m64       [0m | [0m0.7042   [0m | [0m0.1901   [0m | [0m38.48    [0m | [0m2.685    [0m |
[0.55 0.58 0.61 0.61 0.62 0.63 0.65 0.72 0.74 0.78 0.88 0.92 0.95 0.96
 0.96 0.98 1.03 1.08 1.09 1.1  1.11 1.11 1.15 1.21 1.22 1.23 1.27 1.29
 1.32 1.43 1.45 1.49 1.5  1.54 1.58 1.6  1.71 1.74 1.78 1.79 1.93 1.96
 2.   2.05 2.24 2.28 2.28 2.31 2.36 2.49 2.56 2.58 2.63 2.72 2.74 2.89
 3.14 3.26 3.53 5.  ]
var: 0.7617383055555553
| [0m65       [0m | [0m1.632    [0m | [0m0.09711  [0m | [0m35.11    [0m | [0m0.2164   [0m |
[0.51 0.59 0.6  0.62 0.62 0.78 0.94 0.98 1.08 1.23 1.27 1.3  1.3  1.37
 1.39 1.4  1.4  1.45 1.49 1.52 1.53 1.54 1.59 1.64 1.67 1.68 1.7  1.75
 1.85 1.91 2.06 2.09 2.13 2.15 2.15 2.19 2.28 2.36 2.37 2.41 2.47 2.51
 2.51 2.53 2.59 2.61 2.72 2.81 2.86 2.88 2.89 3.26 3.35 3.42 3.86 3.87
 3.89 4.84 4.93 5.81]
var: 1.2002983333333332
| [95m66       [0m | [95m2.125    [0m | [95m0.06111  [0m | [95m10.19    [0m | [95m0.141    [0m |
[0.4  0.42 0.54 0.58 0.63 0.66 0.71 0.72 0.76 0.77 0.79 0.89 0.92 0.94
 0.99 0.99 1.04 1.04 1.09 1.12 1.13 1.17 1.17 1.18 1.22 1.24 1.26 1.28
 1.31 1.32 1.34 1.34 1.37 1.38 1.4  1.49 1.52 1.54 1.57 1.61 1.62 1.64
 1.68 1.71 1.72 1.76 1.77 1.82 1.83 1.93 1.98 1.99 2.09 2.09 2.13 2.17
 2.29 2.35 2.38 2.47]
var: 0.2727123333333336
| [0m67       [0m | [0m1.371    [0m | [0m0.0174   [0m | [0m10.13    [0m | [0m0.03156  [0m |
[0.3  0.61 0.65 0.66 0.67 0.67 0.72 0.75 0.75 0.76 0.76 0.77 0.78 0.78
 0.79 0.86 0.88 0.91 0.96 0.98 1.   1.02 1.05 1.09 1.1  1.14 1.18 1.26
 1.33 1.37 1.39 1.39 1.4  1.44 1.45 1.46 1.47 1.48 1.49 1.53 1.55 1.62
 1.62 1.66 1.67 1.69 1.7  1.75 1.81 1.84 2.04 2.18 2.38 2.54 2.6  3.12
 3.3  3.82 4.16 4.53]
var: 0.746053638888889
| [0m68       [0m | [0m1.477    [0m | [0m0.1372   [0m | [0m10.23    [0m | [0m0.3142   [0m |
[0.01 0.04 0.04 0.05 0.18 0.19 0.23 0.24 0.28 0.3  0.35 0.37 0.44 0.59
 0.6  0.6  0.63 0.64 0.65 0.65 0.67 0.71 0.72 0.72 0.74 0.74 0.74 0.75
 0.8  0.8  0.81 0.81 0.89 0.92 0.93 1.05 1.06 1.08 1.09 1.11 1.18 1.2
 1.21 1.21 1.27 1.31 1.34 1.38 1.41 1.44 1.45 1.48 1.6  1.93 1.98 2.14
 2.25 2.32 2.72 2.75]
var: 0.40504497222222235
| [0m69       [0m | [0m0.9632   [0m | [0m0.2173   [0m | [0m15.61    [0m | [0m1.503    [0m |
[0.33 0.55 0.55 0.56 0.57 0.6  0.63 0.74 0.75 0.8  0.83 0.86 1.11 1.18
 1.24 1.26 1.28 1.4  1.42 1.46 1.47 1.55 1.58 1.59 1.63 1.66 1.71 1.71
 1.78 1.85 1.86 1.9  1.92 1.94 1.95 1.96 2.   2.08 2.11 2.15 2.18 2.18
 2.24 2.26 2.44 2.45 2.49 2.5  2.52 2.57 2.65 2.68 2.71 2.85 2.91 2.94
 3.01 3.19 3.3  3.43]
var: 0.6163665555555551
| [0m70       [0m | [0m1.8      [0m | [0m0.1422   [0m | [0m10.21    [0m | [0m0.1398   [0m |
[0.04 0.05 0.07 0.07 0.08 0.24 0.27 0.3  0.34 0.45 0.51 0.53 0.55 0.61
 0.64 0.67 0.69 0.74 0.74 0.82 0.89 0.92 0.94 0.95 0.97 1.   1.02 1.05
 1.06 1.06 1.06 1.08 1.13 1.14 1.15 1.17 1.17 1.19 1.27 1.28 1.34 1.35
 1.36 1.37 1.38 1.39 1.39 1.43 1.52 1.62 1.77 1.78 1.96 2.03 2.14 2.51
 2.77 2.93 2.99 3.03]
var: 0.5140503055555554
| [0m71       [0m | [0m1.133    [0m | [0m0.09448  [0m | [0m12.34    [0m | [0m1.454    [0m |
[0.7  0.7  0.79 0.99 1.04 1.18 1.29 1.31 1.37 1.37 1.45 1.49 1.5  1.54
 1.58 1.72 1.79 1.84 1.88 1.89 1.97 2.01 2.09 2.13 2.14 2.2  2.21 2.27
 2.37 2.43 2.53 2.55 2.57 2.59 2.65 2.66 2.7  2.85 2.9  2.91 2.94 3.07
 3.09 3.14 3.27 3.31 3.37 3.37 3.65 3.66 3.69 3.73 3.75 3.91 4.01 4.73
 5.06 5.81 7.65 9.85]
var: 2.4391149722222223
| [95m72       [0m | [95m2.687    [0m | [95m0.01092  [0m | [95m10.44    [0m | [95m0.06476  [0m |
[0.   0.08 0.12 0.12 0.12 0.16 0.17 0.19 0.27 0.37 0.4  0.4  0.42 0.43
 0.48 0.5  0.51 0.52 0.54 0.54 0.56 0.56 0.56 0.57 0.59 0.59 0.61 0.63
 0.65 0.65 0.67 0.69 0.69 0.8  0.88 0.96 1.01 1.02 1.08 1.11 1.22 1.29
 1.55 1.61 1.7  1.75 1.8  2.02 2.03 2.06 2.21 2.21 2.22 2.3  2.66 2.99
 3.58 4.08 4.56 6.49]
var: 1.4539554166666675
| [0m73       [0m | [0m1.193    [0m | [0m1e-08    [0m | [0m10.43    [0m | [0m0.1411   [0m |
[0.52 0.6  0.9  1.   1.03 1.04 1.04 1.12 1.13 1.17 1.24 1.32 1.36 1.38
 1.46 1.51 1.52 1.52 1.53 1.53 1.58 1.59 1.66 1.69 1.75 1.81 1.84 1.88
 1.9  1.9  1.92 1.92 1.96 2.03 2.1  2.12 2.27 2.31 2.31 2.41 2.48 2.52
 2.59 2.59 2.59 2.63 2.68 2.81 2.86 2.91 2.96 3.03 3.05 3.06 3.3  4.4
 4.44 4.52 5.65 6.28]
var: 1.2385265555555556
| [0m74       [0m | [0m2.17     [0m | [0m0.01574  [0m | [0m10.43    [0m | [0m0.04318  [0m |
[0.04 0.1  0.14 0.21 0.21 0.22 0.23 0.26 0.27 0.29 0.31 0.32 0.36 0.41
 0.46 0.51 0.52 0.54 0.54 0.54 0.55 0.59 0.59 0.59 0.59 0.6  0.61 0.63
 0.64 0.64 0.65 0.65 0.67 0.67 0.68 0.69 0.71 0.72 0.72 0.73 0.73 0.73
 0.78 0.82 0.83 0.85 0.92 0.99 1.   1.01 1.02 1.06 1.07 1.1  1.11 1.14
 1.3  1.38 1.5  1.54]
var: 0.11310822222222226
| [0m75       [0m | [0m0.6713   [0m | [0m0.1321   [0m | [0m10.35    [0m | [0m0.01317  [0m |
[0.   0.02 0.03 0.04 0.04 0.05 0.06 0.07 0.09 0.11 0.12 0.14 0.21 0.22
 0.25 0.27 0.28 0.32 0.33 0.4  0.42 0.44 0.54 0.57 0.58 0.61 0.61 0.62
 0.65 0.66 0.66 0.68 0.71 0.77 0.83 0.84 0.88 0.89 0.92 0.96 1.   1.01
 1.08 1.1  1.14 1.14 1.15 1.16 1.16 1.23 1.25 1.26 1.35 1.35 1.36 1.99
 2.11 2.24 2.44 2.96]
var: 0.40427697222222225
| [0m76       [0m | [0m0.7728   [0m | [0m0.02828  [0m | [0m25.74    [0m | [0m2.71     [0m |
[0.09 0.11 0.18 0.24 0.26 0.28 0.31 0.33 0.34 0.34 0.35 0.37 0.38 0.42
 0.48 0.53 0.53 0.54 0.56 0.56 0.56 0.57 0.58 0.62 0.63 0.63 0.64 0.66
 0.66 0.67 0.68 0.7  0.7  0.72 0.73 0.74 0.75 0.79 0.8  0.93 0.98 1.
 1.05 1.07 1.09 1.16 1.17 1.19 1.19 1.23 1.29 1.36 1.39 1.4  1.63 1.73
 1.86 2.06 2.29 2.55]
var: 0.27457875000000004
| [0m77       [0m | [0m0.8275   [0m | [0m0.01435  [0m | [0m10.31    [0m | [0m0.01084  [0m |
[0.45 0.47 0.54 0.85 1.09 1.09 1.15 1.17 1.2  1.23 1.23 1.48 1.81 1.86
 1.92 1.95 1.99 2.02 2.03 2.04 2.11 2.14 2.17 2.19 2.2  2.25 2.25 2.26
 2.27 2.32 2.33 2.37 2.44 2.47 2.48 2.49 2.53 2.53 2.59 2.61 2.9  2.91
 2.99 3.02 3.04 3.12 3.26 3.27 3.43 3.46 3.76 3.76 3.82 4.18 4.46 4.47
 4.48 4.6  5.53 5.93]
var: 1.349520666666666
| [0m78       [0m | [0m2.516    [0m | [0m0.04152  [0m | [0m10.49    [0m | [0m0.05484  [0m |
[0.06 0.12 0.17 0.19 0.29 0.3  0.31 0.32 0.35 0.37 0.37 0.38 0.43 0.46
 0.46 0.49 0.5  0.51 0.53 0.55 0.56 0.57 0.58 0.6  0.61 0.62 0.63 0.64
 0.68 0.68 0.7  0.72 0.73 0.74 0.75 0.84 0.86 0.89 0.89 0.91 0.94 0.95
 0.98 0.98 1.04 1.05 1.07 1.07 1.13 1.16 1.25 1.32 1.34 1.37 1.38 1.67
 1.77 1.79 2.5  2.61]
var: 0.2594303055555557
| [0m79       [0m | [0m0.8122   [0m | [0m0.2153   [0m | [0m8.879    [0m | [0m0.7052   [0m |
[0.36 0.55 0.56 0.59 0.61 0.65 0.66 0.7  0.71 0.77 0.78 0.87 1.   1.05
 1.05 1.08 1.08 1.13 1.18 1.18 1.21 1.23 1.26 1.26 1.31 1.43 1.44 1.45
 1.48 1.49 1.51 1.55 1.6  1.61 1.63 1.64 1.65 1.69 1.79 1.79 1.84 1.91
 1.91 1.96 2.02 2.09 2.34 2.43 2.45 2.48 2.63 2.81 2.83 2.87 2.94 2.97
 3.2  3.57 3.73 4.24]
var: 0.7407822222222223
| [0m80       [0m | [0m1.663    [0m | [0m0.118    [0m | [0m10.19    [0m | [0m0.232    [0m |
=============================================================
None
num_trials:  40  inits,  40  iters,  60  per
rho:  0.9
pthin:  0.50

Best VPT: 2.686833333333334
Best result: {'a': 0.010921832256409691, 'g': 10.4373002748295, 's': 0.06475540468625157}

KERNEL: nu=1.5, lengthscale=2.0, alpha=0.0005
