|   iter    |  target   |     a     |     g     |     s     |
-------------------------------------------------------------
[0.07 0.12 0.14 0.16 0.21 0.28 0.32 0.39 0.4  0.45 0.51 0.52 0.57 0.57
 0.6  0.66 0.66 0.66 0.7  0.74 0.75 0.77 0.78 0.81 0.83 0.89 0.91 1.
 1.05 1.15 1.22 1.28 1.28 1.39 1.48 1.5  1.59 1.71 1.72 1.77 1.77 1.83
 1.94 1.97 1.98 2.09 2.1  2.16 2.19 2.26 2.27 2.38 2.53 2.55 2.85 2.95
 3.06 3.1  4.3  5.33]
var: 1.0853232222222224
| [0m1        [0m | [0m1.404    [0m | [0m0.2464   [0m | [0m28.58    [0m | [0m0.9143   [0m |
[0.01 0.03 0.09 0.11 0.14 0.18 0.27 0.3  0.33 0.43 0.44 0.5  0.5  0.53
 0.6  0.65 0.68 0.73 0.76 0.76 0.82 0.99 0.99 1.01 1.05 1.05 1.07 1.08
 1.09 1.11 1.12 1.15 1.18 1.23 1.27 1.38 1.39 1.42 1.59 1.62 1.63 1.66
 1.66 1.71 1.76 1.76 1.76 1.77 2.11 2.16 2.21 2.29 2.48 2.56 2.78 2.94
 2.97 3.27 3.29 3.74]
var: 0.7912662222222225
| [0m2        [0m | [0m1.303    [0m | [0m0.2425   [0m | [0m31.22    [0m | [0m2.149    [0m |
[0.04 0.09 0.11 0.14 0.17 0.17 0.2  0.2  0.36 0.39 0.46 0.47 0.5  0.53
 0.54 0.6  0.69 0.73 0.78 0.82 0.83 0.85 0.86 0.87 0.88 0.9  0.91 0.94
 1.02 1.11 1.15 1.33 1.35 1.35 1.41 1.41 1.53 1.6  1.61 1.62 1.66 1.67
 1.71 1.71 1.8  1.86 1.96 2.05 2.17 2.47 2.67 2.7  2.99 3.32 3.4  3.48
 3.51 3.68 5.34 6.34]
var: 1.5691316388888898
| [95m3        [0m | [95m1.467    [0m | [95m0.04496  [0m | [95m33.97    [0m | [95m0.4946   [0m |
[0.04 0.04 0.09 0.1  0.1  0.11 0.14 0.15 0.2  0.2  0.22 0.23 0.24 0.26
 0.3  0.39 0.41 0.42 0.58 0.62 0.63 0.71 0.74 0.75 0.77 0.79 0.8  0.86
 0.92 0.95 0.95 0.95 0.99 1.01 1.05 1.06 1.09 1.12 1.13 1.18 1.18 1.22
 1.24 1.27 1.37 1.46 1.46 1.48 1.51 1.56 1.68 1.83 1.88 2.16 2.27 2.3
 2.37 2.48 3.14 4.2 ]
var: 0.6604220833333335
| [0m4        [0m | [0m1.023    [0m | [0m0.1943   [0m | [0m39.53    [0m | [0m0.8682   [0m |
[0.01 0.03 0.05 0.06 0.09 0.16 0.17 0.2  0.2  0.21 0.24 0.28 0.29 0.31
 0.37 0.37 0.39 0.39 0.41 0.41 0.41 0.46 0.48 0.56 0.57 0.62 0.66 0.67
 0.68 0.7  0.71 0.74 0.81 0.83 0.86 0.89 0.92 0.93 0.94 1.02 1.04 1.08
 1.08 1.08 1.08 1.16 1.2  1.41 1.41 1.44 1.48 1.49 1.58 1.59 1.67 1.68
 1.94 2.09 2.12 2.72]
var: 0.3562106666666661
| [0m5        [0m | [0m0.824    [0m | [0m0.04913  [0m | [0m49.0     [0m | [0m2.109    [0m |
[0.   0.   0.06 0.12 0.12 0.14 0.15 0.16 0.16 0.17 0.22 0.24 0.31 0.33
 0.35 0.36 0.41 0.42 0.52 0.53 0.57 0.57 0.59 0.6  0.65 0.69 0.7  0.7
 0.71 0.71 0.72 0.72 0.73 0.74 0.74 0.74 0.81 0.82 0.85 0.91 1.01 1.11
 1.15 1.19 1.2  1.23 1.4  1.45 1.51 1.59 1.61 1.7  1.77 1.8  1.9  2.35
 2.39 2.4  2.54 4.32]
var: 0.6090423333333332
| [0m6        [0m | [0m0.911    [0m | [0m0.06273  [0m | [0m36.63    [0m | [0m2.629    [0m |
[0.23 0.25 0.32 0.32 0.35 0.4  0.41 0.44 0.45 0.53 0.55 0.59 0.61 0.66
 0.68 0.7  0.74 0.78 0.79 0.82 0.85 0.95 0.97 0.98 0.99 1.02 1.09 1.12
 1.17 1.18 1.22 1.28 1.41 1.43 1.52 1.53 1.59 1.62 1.67 1.67 1.75 1.8
 1.93 2.09 2.2  2.32 2.38 2.45 2.46 2.54 2.63 2.65 2.7  3.08 3.13 3.27
 3.6  3.91 5.05 5.85]
var: 1.355586972222223
| [95m7        [0m | [95m1.561    [0m | [95m0.2994   [0m | [95m6.32     [0m | [95m0.401    [0m |
[0.1  0.14 0.2  0.22 0.28 0.41 0.52 0.54 0.57 0.58 0.6  0.65 0.66 0.67
 0.72 0.73 0.76 0.77 0.79 0.86 0.91 0.93 1.02 1.06 1.11 1.14 1.26 1.31
 1.32 1.35 1.37 1.37 1.41 1.41 1.5  1.54 1.54 1.55 1.59 1.76 1.83 1.91
 1.94 1.94 2.01 2.05 2.08 2.23 2.34 2.47 2.51 2.55 2.56 2.59 2.71 2.78
 3.15 3.23 3.87 5.56]
var: 1.0046769722222222
| [0m8        [0m | [0m1.492    [0m | [0m0.2211   [0m | [0m17.63    [0m | [0m1.955    [0m |
[0.07 0.11 0.11 0.11 0.14 0.17 0.21 0.27 0.27 0.28 0.36 0.42 0.43 0.46
 0.5  0.54 0.58 0.64 0.68 0.68 0.7  0.71 0.72 0.77 0.83 0.86 0.89 0.92
 1.09 1.09 1.1  1.16 1.19 1.24 1.24 1.31 1.34 1.37 1.41 1.47 1.53 1.55
 1.57 1.64 1.68 1.8  1.81 1.95 2.   2.01 2.19 2.23 2.34 2.36 2.64 2.76
 2.77 2.77 2.85 2.96]
var: 0.6679320833333338
| [0m9        [0m | [0m1.198    [0m | [0m0.1233   [0m | [0m37.41    [0m | [0m1.557    [0m |
[0.05 0.08 0.19 0.21 0.24 0.24 0.28 0.3  0.31 0.33 0.35 0.39 0.44 0.54
 0.63 0.65 0.73 0.75 0.84 0.87 0.9  0.91 0.93 0.98 0.99 1.01 1.04 1.09
 1.1  1.1  1.12 1.17 1.2  1.22 1.35 1.4  1.46 1.51 1.55 1.59 1.64 1.79
 1.83 1.94 2.   2.06 2.07 2.08 2.22 2.42 2.45 2.49 2.68 2.76 2.82 3.03
 3.3  3.61 3.91 3.99]
var: 0.9713347500000004
| [0m10       [0m | [0m1.386    [0m | [0m0.05677  [0m | [0m32.36    [0m | [0m0.9886   [0m |
[0.03 0.04 0.08 0.09 0.1  0.11 0.12 0.21 0.22 0.22 0.23 0.24 0.26 0.32
 0.34 0.4  0.44 0.46 0.53 0.54 0.59 0.63 0.66 0.67 0.69 0.72 0.72 0.73
 0.93 0.96 1.05 1.12 1.13 1.21 1.33 1.37 1.38 1.38 1.39 1.43 1.5  1.59
 1.65 1.71 1.73 1.74 1.8  1.8  1.88 1.89 1.92 2.05 2.07 2.14 2.18 2.19
 2.3  2.56 3.25 5.19]
var: 0.8641983055555558
| [0m11       [0m | [0m1.137    [0m | [0m0.1281   [0m | [0m41.58    [0m | [0m1.225    [0m |
[0.09 0.11 0.31 0.32 0.43 0.45 0.47 0.58 0.58 0.61 0.62 0.64 0.65 0.66
 0.69 0.8  0.87 0.88 0.94 0.98 1.03 1.05 1.08 1.14 1.17 1.3  1.35 1.39
 1.43 1.55 1.56 1.61 1.83 1.86 1.89 1.92 2.05 2.23 2.29 2.34 2.36 2.48
 2.49 2.64 2.67 2.77 2.78 2.88 2.88 2.91 2.93 3.01 3.04 3.3  3.51 3.53
 3.57 4.29 4.86 5.33]
var: 1.4462898888888887
| [95m12       [0m | [95m1.8      [0m | [95m0.2253   [0m | [95m24.24    [0m | [95m1.273    [0m |
[0.02 0.03 0.05 0.05 0.05 0.06 0.07 0.12 0.16 0.17 0.19 0.24 0.25 0.3
 0.4  0.41 0.42 0.42 0.42 0.43 0.46 0.48 0.49 0.58 0.6  0.6  0.61 0.62
 0.63 0.65 0.68 0.71 0.75 0.77 0.8  0.84 0.86 0.89 0.94 0.94 0.96 1.08
 1.17 1.2  1.23 1.24 1.26 1.34 1.35 1.56 1.56 1.59 1.64 1.91 2.02 2.2
 2.49 2.82 2.86 3.11]
var: 0.5481676388888889
| [0m13       [0m | [0m0.8792   [0m | [0m0.1301   [0m | [0m42.03    [0m | [0m2.736    [0m |
[0.   0.01 0.04 0.05 0.11 0.14 0.15 0.17 0.22 0.25 0.27 0.3  0.3  0.3
 0.33 0.36 0.44 0.45 0.46 0.48 0.48 0.51 0.52 0.52 0.55 0.56 0.59 0.59
 0.63 0.72 0.73 0.84 0.86 0.9  1.   1.21 1.22 1.23 1.28 1.32 1.38 1.38
 1.38 1.43 1.46 1.5  1.59 1.61 1.78 1.8  1.85 1.99 2.   2.16 2.59 2.74
 2.76 3.12 3.51 4.07]
var: 0.8355083055555551
| [0m14       [0m | [0m1.053    [0m | [0m0.09623  [0m | [0m45.44    [0m | [0m2.016    [0m |
[0.02 0.14 0.16 0.2  0.21 0.22 0.31 0.4  0.42 0.43 0.43 0.44 0.46 0.47
 0.49 0.59 0.61 0.69 0.7  0.71 0.72 0.76 0.77 0.78 0.79 0.85 0.9  0.98
 1.   1.01 1.05 1.08 1.1  1.12 1.16 1.18 1.19 1.21 1.24 1.25 1.28 1.33
 1.41 1.41 1.47 1.61 1.71 1.86 1.97 2.02 2.09 2.19 2.31 2.31 2.32 2.42
 2.49 2.76 2.96 4.12]
var: 0.6618682222222219
| [0m15       [0m | [0m1.171    [0m | [0m0.263    [0m | [0m39.66    [0m | [0m0.9052   [0m |
[0.   0.   0.01 0.01 0.01 0.02 0.02 0.04 0.04 0.05 0.05 0.05 0.06 0.06
 0.07 0.07 0.07 0.07 0.07 0.08 0.08 0.08 0.08 0.09 0.1  0.1  0.1  0.1
 0.11 0.11 0.12 0.12 0.13 0.13 0.14 0.14 0.14 0.16 0.17 0.17 0.19 0.2
 0.21 0.21 0.21 0.21 0.23 0.26 0.27 0.27 0.28 0.29 0.3  0.3  0.3  0.31
 0.34 0.35 0.43 0.62]
var: 0.014183333333333388
| [0m16       [0m | [0m0.15     [0m | [0m0.2655   [0m | [0m7.402    [0m | [0m0.004725 [0m |
[0.   0.01 0.04 0.05 0.05 0.07 0.11 0.11 0.12 0.13 0.18 0.18 0.24 0.25
 0.28 0.28 0.29 0.3  0.31 0.35 0.36 0.36 0.37 0.45 0.45 0.5  0.53 0.53
 0.57 0.6  0.66 0.66 0.68 0.69 0.71 0.72 0.72 0.73 0.73 0.73 0.75 0.75
 0.81 0.86 0.88 1.03 1.16 1.16 1.21 1.26 1.26 1.31 1.36 1.52 1.54 1.8
 1.83 1.86 2.14 3.07]
var: 0.36174233333333333
| [0m17       [0m | [0m0.711    [0m | [0m0.05446  [0m | [0m42.07    [0m | [0m2.31     [0m |
[0.05 0.52 0.7  0.94 0.96 0.98 1.21 1.28 1.33 1.59 1.63 1.67 1.68 1.77
 1.85 1.94 1.97 2.03 2.04 2.08 2.11 2.24 2.24 2.55 2.56 2.6  2.63 2.66
 2.71 2.79 2.81 2.83 2.84 2.95 3.09 3.43 3.43 3.47 3.47 3.59 3.62 3.64
 3.79 3.8  3.84 3.97 3.99 4.01 4.11 4.12 4.15 4.4  4.45 5.19 5.35 5.5
 5.58 5.8  8.06 8.12]
var: 2.6213483055555553
| [95m18       [0m | [95m3.012    [0m | [95m0.02683  [0m | [95m37.3     [0m | [95m0.142    [0m |
[0.06 0.07 0.08 0.08 0.1  0.15 0.16 0.19 0.22 0.36 0.4  0.41 0.45 0.5
 0.53 0.59 0.68 0.7  0.73 0.75 0.77 0.87 0.91 0.99 1.   1.04 1.13 1.14
 1.19 1.22 1.22 1.25 1.27 1.3  1.31 1.31 1.32 1.42 1.62 1.64 1.67 1.69
 1.7  1.74 1.8  1.81 1.88 2.03 2.07 2.09 2.2  2.44 2.65 2.75 2.81 3.16
 3.3  3.61 3.63 3.84]
var: 0.9359255555555562
| [0m19       [0m | [0m1.333    [0m | [0m0.1676   [0m | [0m17.17    [0m | [0m2.66     [0m |
[0.05 0.06 0.11 0.11 0.13 0.14 0.15 0.16 0.17 0.19 0.22 0.24 0.26 0.27
 0.27 0.27 0.29 0.33 0.36 0.49 0.5  0.52 0.55 0.55 0.58 0.58 0.6  0.69
 0.75 0.75 0.77 0.77 0.81 0.88 0.9  0.94 0.99 1.   1.02 1.1  1.11 1.17
 1.22 1.25 1.28 1.29 1.44 1.44 1.45 1.5  1.68 1.78 1.93 1.95 1.97 2.05
 2.16 2.27 2.46 2.99]
var: 0.48103941666666683
| [0m20       [0m | [0m0.8985   [0m | [0m0.1131   [0m | [0m40.73    [0m | [0m1.891    [0m |
[0.03 0.32 0.33 0.46 0.49 0.51 0.51 0.84 0.88 0.94 0.95 0.96 1.05 1.18
 1.18 1.21 1.25 1.27 1.34 1.38 1.45 1.52 1.54 1.54 1.55 1.58 1.58 1.65
 1.69 1.69 1.69 1.71 1.78 1.78 1.8  1.81 1.81 1.93 1.95 1.96 2.08 2.1
 2.3  2.38 2.38 2.47 2.49 2.57 2.68 2.7  2.75 2.83 3.02 3.06 3.1  3.13
 3.29 3.67 5.02 5.41]
var: 1.0540393333333342
| [0m21       [0m | [0m1.842    [0m | [0m0.1214   [0m | [0m18.77    [0m | [0m1.05     [0m |
[0.27 0.28 0.43 0.44 0.61 0.78 0.86 0.88 1.01 1.04 1.13 1.14 1.14 1.16
 1.17 1.18 1.2  1.22 1.24 1.27 1.3  1.32 1.33 1.35 1.56 1.66 1.71 1.83
 1.93 1.94 1.96 2.04 2.06 2.11 2.13 2.14 2.17 2.26 2.47 2.55 2.61 2.66
 2.67 2.79 2.97 2.99 3.   3.23 3.27 3.42 3.51 3.52 3.68 4.31 5.04 5.33]
var: 1.2737782844387753
| [0m22       [0m | [0m1.987    [0m | [0m0.1503   [0m | [0m32.74    [0m | [0m0.3107   [0m |
[0.02 0.03 0.05 0.13 0.14 0.16 0.26 0.31 0.32 0.35 0.36 0.38 0.43 0.44
 0.47 0.5  0.52 0.54 0.63 0.64 0.64 0.65 0.65 0.72 0.8  0.84 0.85 0.91
 0.93 0.95 1.01 1.04 1.05 1.13 1.16 1.23 1.24 1.26 1.26 1.26 1.28 1.3
 1.35 1.35 1.37 1.49 1.59 1.61 1.68 1.68 1.77 1.85 1.94 1.99 2.05 2.11
 2.21 2.33 2.52 3.18]
var: 0.47677941666666634
| [0m23       [0m | [0m1.049    [0m | [0m0.1849   [0m | [0m32.81    [0m | [0m2.53     [0m |
[0.01 0.07 0.28 0.32 0.34 0.41 0.43 0.52 0.55 0.59 0.67 0.78 0.81 0.82
 0.86 0.89 0.92 1.05 1.12 1.12 1.12 1.15 1.19 1.2  1.27 1.27 1.33 1.35
 1.38 1.39 1.52 1.58 1.63 1.68 1.68 1.71 1.84 1.85 1.88 1.88 1.91 2.05
 2.16 2.18 2.18 2.19 2.22 2.25 2.28 2.34 2.54 2.55 3.   3.18 3.4  3.51
 4.18 4.29 5.88 6.1 ]
var: 1.5122376388888883
| [0m24       [0m | [0m1.714    [0m | [0m0.2126   [0m | [0m23.64    [0m | [0m0.4303   [0m |
[0.   0.04 0.04 0.06 0.13 0.14 0.16 0.24 0.26 0.27 0.3  0.31 0.37 0.38
 0.4  0.46 0.53 0.54 0.54 0.56 0.61 0.63 0.63 0.64 0.64 0.68 0.68 0.72
 0.81 0.81 0.89 0.92 1.09 1.1  1.15 1.17 1.21 1.28 1.34 1.37 1.45 1.5
 1.52 1.54 1.59 1.65 1.66 1.71 1.76 1.84 1.95 1.98 2.06 2.17 2.19 2.23
 2.3  3.17 3.77 5.39]
var: 0.9336414166666672
| [0m25       [0m | [0m1.126    [0m | [0m0.2183   [0m | [0m36.25    [0m | [0m1.809    [0m |
[0.15 0.16 0.17 0.28 0.35 0.44 0.48 0.52 0.61 0.61 0.63 0.69 0.78 0.83
 0.85 0.85 0.85 0.88 0.93 0.95 0.97 1.06 1.08 1.11 1.23 1.29 1.3  1.42
 1.51 1.56 1.57 1.59 1.66 1.8  1.9  1.95 2.11 2.14 2.25 2.31 2.34 2.35
 2.41 2.58 2.6  2.61 2.69 2.71 2.75 2.79 2.81 2.84 2.85 2.97 3.1  3.26
 3.58 4.14 5.06 5.37]
var: 1.3504447499999996
| [0m26       [0m | [0m1.761    [0m | [0m0.2347   [0m | [0m4.239    [0m | [0m0.9809   [0m |
[0.   0.01 0.03 0.06 0.09 0.1  0.11 0.13 0.13 0.14 0.17 0.23 0.24 0.33
 0.4  0.48 0.57 0.57 0.59 0.64 0.65 0.65 0.71 0.73 0.74 0.75 0.77 0.85
 0.93 0.97 0.99 1.01 1.04 1.08 1.09 1.16 1.17 1.18 1.2  1.27 1.34 1.34
 1.38 1.41 1.43 1.45 1.45 1.46 1.49 1.65 1.65 1.82 1.88 1.92 2.13 2.27
 2.51 2.65 2.9  3.81]
var: 0.6164272222222222
| [0m27       [0m | [0m1.032    [0m | [0m0.289    [0m | [0m42.5     [0m | [0m1.833    [0m |
[0.02 0.03 0.07 0.16 0.19 0.2  0.23 0.24 0.31 0.34 0.36 0.37 0.5  0.54
 0.55 0.56 0.59 0.66 0.68 0.69 0.71 0.73 0.73 0.74 0.78 0.84 0.85 0.89
 0.9  0.91 0.92 0.93 1.02 1.04 1.04 1.05 1.06 1.07 1.07 1.11 1.15 1.15
 1.2  1.27 1.32 1.34 1.41 1.43 1.46 1.47 1.52 1.57 1.59 1.78 1.94 1.96
 2.41 2.59 2.65 2.69]
var: 0.4012309999999996
| [0m28       [0m | [0m0.993    [0m | [0m0.2666   [0m | [0m31.52    [0m | [0m2.131    [0m |
[0.14 0.15 0.15 0.17 0.18 0.19 0.23 0.28 0.29 0.29 0.34 0.41 0.44 0.45
 0.55 0.55 0.58 0.59 0.59 0.62 0.64 0.64 0.67 0.68 0.69 0.69 0.73 0.75
 0.76 0.76 0.87 0.87 0.91 0.96 1.02 1.03 1.08 1.12 1.14 1.17 1.21 1.22
 1.3  1.3  1.3  1.31 1.34 1.37 1.4  1.42 1.43 1.57 1.59 1.93 2.23 2.28
 2.46 2.75 2.83 3.12]
var: 0.47947474999999984
| [0m29       [0m | [0m0.9955   [0m | [0m0.2329   [0m | [0m0.8108   [0m | [0m0.5944   [0m |
[0.02 0.02 0.07 0.07 0.11 0.11 0.15 0.34 0.37 0.42 0.53 0.58 0.58 0.65
 0.74 0.81 0.9  0.91 0.95 0.95 0.97 1.1  1.11 1.15 1.16 1.19 1.23 1.26
 1.29 1.3  1.31 1.31 1.42 1.45 1.47 1.49 1.53 1.54 1.56 1.65 1.74 1.76
 1.78 1.89 1.93 2.06 2.06 2.07 2.14 2.2  2.22 2.34 2.35 2.43 2.6  2.7
 2.74 3.07 3.77 5.77]
var: 0.9968249722222231
| [0m30       [0m | [0m1.423    [0m | [0m0.2174   [0m | [0m33.43    [0m | [0m1.154    [0m |
[0.12 0.21 0.22 0.34 0.43 0.47 0.53 0.62 0.65 0.7  0.83 0.92 0.96 0.98
 0.99 0.99 1.09 1.1  1.15 1.17 1.18 1.24 1.34 1.44 1.47 1.56 1.63 1.66
 1.68 1.78 1.79 1.88 1.89 1.91 1.92 2.02 2.19 2.27 2.29 2.43 2.47 2.54
 2.58 2.59 2.79 2.96 3.   3.01 3.17 3.29 3.3  3.34 3.44 3.48 3.59 3.61
 3.83 3.88 4.04 4.81]
var: 1.2906762222222228
| [0m31       [0m | [0m1.929    [0m | [0m0.1563   [0m | [0m9.004    [0m | [0m1.772    [0m |
[0.05 0.06 0.15 0.15 0.32 0.4  0.48 0.5  0.52 0.52 0.56 0.59 0.68 0.71
 0.72 0.78 0.8  0.84 0.85 0.86 0.86 0.88 0.9  0.92 0.97 0.97 1.02 1.09
 1.1  1.12 1.15 1.28 1.31 1.31 1.39 1.39 1.45 1.45 1.49 1.51 1.54 1.58
 1.6  1.62 1.71 1.72 1.85 1.96 2.14 2.23 2.42 2.71 2.74 2.81 2.94 2.99
 3.25 3.25 3.83 4.44]
var: 0.9007080833333329
| [0m32       [0m | [0m1.391    [0m | [0m0.1624   [0m | [0m39.66    [0m | [0m0.418    [0m |
[0.07 0.08 0.14 0.15 0.15 0.16 0.16 0.17 0.17 0.2  0.22 0.3  0.31 0.34
 0.37 0.41 0.45 0.47 0.49 0.52 0.56 0.59 0.63 0.69 0.76 0.77 0.8  0.84
 0.87 0.97 0.98 1.   1.03 1.09 1.09 1.11 1.19 1.21 1.22 1.23 1.25 1.28
 1.32 1.33 1.35 1.38 1.38 1.45 1.45 1.63 1.65 1.78 2.08 2.15 2.27 2.35
 2.41 2.71 3.27 4.44]
var: 0.707228305555555
| [0m33       [0m | [0m1.048    [0m | [0m0.008418 [0m | [0m44.55    [0m | [0m1.76     [0m |
[0.02 0.02 0.06 0.12 0.16 0.17 0.19 0.26 0.45 0.54 0.62 0.63 0.64 0.69
 0.71 0.8  0.8  0.87 0.9  0.94 1.   1.07 1.08 1.09 1.19 1.2  1.22 1.22
 1.25 1.33 1.37 1.39 1.4  1.49 1.57 1.59 1.6  1.67 1.68 1.69 1.71 1.74
 1.78 1.79 1.87 1.9  2.14 2.38 2.38 2.39 2.47 2.52 2.74 2.77 2.8  2.8
 2.81 2.98 3.61 4.02]
var: 0.8413149722222231
| [0m34       [0m | [0m1.438    [0m | [0m0.1759   [0m | [0m22.28    [0m | [0m2.332    [0m |
[0.11 0.12 0.14 0.17 0.2  0.2  0.22 0.24 0.27 0.3  0.34 0.37 0.51 0.54
 0.54 0.56 0.58 0.61 0.67 0.69 0.69 0.71 0.71 0.74 0.76 0.78 0.8  0.82
 0.83 0.85 0.86 0.91 0.92 0.92 0.93 0.98 1.   1.05 1.15 1.18 1.21 1.22
 1.25 1.42 1.42 1.46 1.47 1.61 1.66 1.69 1.7  1.76 1.8  1.81 2.1  2.11
 2.32 2.47 3.47 3.82]
var: 0.5705512222222219
| [0m35       [0m | [0m1.046    [0m | [0m0.1184   [0m | [0m46.59    [0m | [0m1.583    [0m |
[0.03 0.07 0.07 0.13 0.13 0.25 0.32 0.42 0.46 0.56 0.56 0.64 0.68 0.74
 0.75 0.78 0.83 0.9  0.94 0.99 1.03 1.03 1.04 1.09 1.14 1.16 1.27 1.32
 1.41 1.42 1.43 1.46 1.48 1.52 1.54 1.62 1.65 1.73 1.75 1.77 1.82 1.95
 2.14 2.2  2.27 2.32 2.4  2.54 2.58 2.58 2.74 2.82 2.89 3.18 3.22 3.58
 3.77 3.9  4.18 4.78]
var: 1.2183580833333325
| [0m36       [0m | [0m1.6      [0m | [0m0.08253  [0m | [0m25.94    [0m | [0m1.57     [0m |
[0.04 0.12 0.14 0.29 0.34 0.42 0.6  0.68 0.75 0.77 0.78 0.82 0.88 0.89
 0.89 1.08 1.09 1.18 1.18 1.19 1.23 1.26 1.29 1.3  1.34 1.35 1.36 1.37
 1.38 1.41 1.52 1.55 1.57 1.59 1.61 1.62 1.72 1.75 1.83 1.84 1.88 1.9
 1.9  1.93 1.98 1.99 2.02 2.05 2.08 2.15 2.22 2.36 2.66 2.74 2.75 2.77
 2.88 3.24 3.52 4.37]
var: 0.7119583055555558
| [0m37       [0m | [0m1.557    [0m | [0m0.201    [0m | [0m2.51     [0m | [0m1.994    [0m |
[0.04 0.08 0.16 0.26 0.32 0.33 0.37 0.59 0.63 0.7  0.74 0.76 0.77 0.8
 0.88 0.92 0.95 1.03 1.03 1.09 1.1  1.11 1.12 1.16 1.18 1.22 1.5  1.5
 1.5  1.52 1.53 1.53 1.58 1.6  1.61 1.69 1.73 1.76 1.83 1.87 1.87 1.94
 2.01 2.18 2.38 2.49 2.59 2.62 2.7  2.78 2.84 2.92 2.98 3.36 3.44 3.46
 3.49 3.9  4.16 4.19]
var: 1.1056649722222223
| [0m38       [0m | [0m1.673    [0m | [0m0.1879   [0m | [0m16.49    [0m | [0m1.386    [0m |
[0.05 0.06 0.17 0.26 0.34 0.44 0.6  0.75 0.75 0.76 0.83 0.86 0.89 0.95
 1.04 1.06 1.07 1.09 1.1  1.15 1.3  1.36 1.38 1.46 1.48 1.51 1.57 1.62
 1.66 1.72 1.76 1.76 1.79 1.81 1.88 1.89 2.02 2.04 2.06 2.14 2.19 2.24
 2.35 2.36 2.37 2.52 2.55 2.71 2.74 2.84 2.91 3.15 3.33 3.33 3.41 3.58
 4.   4.11 4.73 4.92]
var: 1.2440336388888886
| [0m39       [0m | [0m1.846    [0m | [0m0.1736   [0m | [0m5.206    [0m | [0m1.934    [0m |
[0.08 0.18 0.21 0.26 0.35 0.41 0.48 0.52 0.57 0.58 0.61 0.61 0.63 0.64
 0.69 0.71 0.71 0.73 0.74 0.75 0.79 0.82 0.82 0.84 0.84 0.86 0.87 0.9
 0.99 1.04 1.05 1.05 1.09 1.24 1.25 1.29 1.32 1.32 1.35 1.35 1.35 1.36
 1.37 1.41 1.46 1.55 1.59 1.6  1.68 1.77 1.78 1.87 2.07 2.08 2.19 2.2
 2.39 2.6  2.95 3.67]
var: 0.4866148888888891
| [0m40       [0m | [0m1.175    [0m | [0m0.1968   [0m | [0m1.018    [0m | [0m1.85     [0m |
[0.11 0.13 0.16 0.37 0.38 0.44 0.44 0.61 0.62 0.68 0.69 0.86 0.87 0.89
 0.94 0.96 0.98 0.99 1.   1.08 1.1  1.2  1.23 1.23 1.3  1.31 1.32 1.32
 1.33 1.33 1.4  1.41 1.61 1.68 1.72 1.78 1.95 1.96 2.06 2.07 2.07 2.09
 2.29 2.35 2.45 2.47 2.58 2.68 2.7  2.71 2.79 2.92 3.26 3.31 3.44 3.45
 3.52 3.59 4.02 5.12]
var: 1.162462666666667
| [0m41       [0m | [0m1.722    [0m | [0m0.04943  [0m | [0m19.93    [0m | [0m0.8873   [0m |
[0.   0.   0.   0.   0.01 0.01 0.01 0.01 0.02 0.02 0.02 0.03 0.03 0.03
 0.03 0.03 0.04 0.04 0.04 0.05 0.05 0.05 0.05 0.05 0.05 0.06 0.06 0.06
 0.06 0.06 0.06 0.06 0.07 0.07 0.07 0.07 0.07 0.07 0.07 0.08 0.08 0.08
 0.08 0.09 0.09 0.09 0.1  0.1  0.1  0.11 0.12 0.13 0.13 0.15 0.18 0.18
 0.22 0.24 0.27 0.3 ]
var: 0.0040716666666666965
| [0m42       [0m | [0m0.075    [0m | [0m1e-08    [0m | [0m36.94    [0m | [0m0.001    [0m |
[0.13 0.73 0.79 0.83 1.1  1.3  1.42 1.49 1.55 1.64 1.65 1.68 1.71 1.72
 1.74 1.91 1.99 2.01 2.04 2.08 2.1  2.25 2.34 2.37 2.46 2.52 2.7  2.76
 2.81 2.9  3.08 3.12 3.27 3.29 3.43 3.47 3.48 3.54 3.62 3.64 3.65 3.73
 3.77 3.77 3.81 3.82 3.92 4.09 4.17 4.2  4.25 4.61 4.69 4.71 4.84 4.92
 5.02 5.04 5.29 5.87]
var: 1.7219736388888884
| [0m43       [0m | [0m2.947    [0m | [0m0.02937  [0m | [0m37.34    [0m | [0m0.1551   [0m |
[0.02 0.03 0.04 0.04 0.06 0.07 0.1  0.12 0.12 0.16 0.17 0.18 0.18 0.2
 0.21 0.23 0.24 0.29 0.29 0.29 0.33 0.4  0.41 0.46 0.5  0.52 0.55 0.55
 0.56 0.6  0.66 0.68 0.68 0.7  0.72 0.72 0.73 0.77 0.78 0.78 0.84 0.85
 0.86 0.98 1.04 1.15 1.25 1.26 1.27 1.3  1.31 1.32 1.38 1.42 1.55 1.72
 1.94 2.09 2.25 4.02]
var: 0.4785890000000004
| [0m44       [0m | [0m0.749    [0m | [0m0.1433   [0m | [0m42.72    [0m | [0m2.584    [0m |
[0.08 0.62 0.67 0.78 0.83 1.07 1.08 1.22 1.51 1.72 1.75 1.79 1.81 1.96
 2.04 2.08 2.12 2.12 2.13 2.21 2.24 2.31 2.32 2.41 2.46 2.48 2.52 2.54
 2.6  2.68 2.82 2.87 2.9  2.91 2.93 2.94 2.98 3.01 3.02 3.32 3.42 3.5
 3.51 3.52 3.6  3.62 3.81 4.03 4.09 4.51 4.57 4.58 4.79 5.37 5.52 5.67
 5.89 6.   6.49 7.16]
var: 2.30181388888889
| [0m45       [0m | [0m2.958    [0m | [0m0.08744  [0m | [0m37.37    [0m | [0m0.06283  [0m |
[0.04 0.12 0.13 0.18 0.3  0.3  0.45 0.6  0.62 0.67 0.67 0.67 0.7  0.75
 0.75 0.81 0.82 0.85 0.97 0.99 1.09 1.11 1.15 1.19 1.19 1.2  1.27 1.3
 1.37 1.42 1.49 1.5  1.52 1.52 1.52 1.55 1.6  1.6  1.66 1.68 1.69 1.76
 1.76 1.81 1.88 2.07 2.11 2.2  2.33 2.48 2.58 2.81 2.87 2.89 2.9  2.91
 3.01 4.2  4.38 4.57]
var: 1.0158203055555555
| [0m46       [0m | [0m1.542    [0m | [0m0.1829   [0m | [0m27.02    [0m | [0m0.3552   [0m |
[0.   0.02 0.02 0.04 0.09 0.1  0.12 0.13 0.13 0.17 0.2  0.2  0.22 0.24
 0.29 0.4  0.45 0.48 0.58 0.6  0.6  0.62 0.63 0.63 0.73 0.75 0.85 0.86
 0.87 0.89 0.92 0.93 0.96 0.96 1.04 1.09 1.1  1.13 1.17 1.48 1.51 1.56
 1.58 1.59 1.59 1.6  1.64 1.67 1.99 2.07 2.25 2.25 2.31 2.33 2.34 2.38
 2.59 2.69 2.75 3.04]
var: 0.6889098888888886
| [0m47       [0m | [0m1.074    [0m | [0m0.1008   [0m | [0m29.26    [0m | [0m2.58     [0m |
[0.06 0.11 0.18 0.2  0.27 0.3  0.45 0.78 0.81 0.82 0.82 0.95 0.96 0.99
 1.03 1.03 1.03 1.1  1.1  1.12 1.37 1.38 1.48 1.6  1.73 1.77 1.79 1.79
 1.81 1.88 1.9  2.05 2.09 2.12 2.17 2.23 2.24 2.35 2.38 2.42 2.47 2.58
 2.59 2.6  2.67 2.72 2.73 2.73 3.07 3.11 3.19 3.21 3.36 3.51 3.83 3.92
 3.99 4.91 4.93 5.09]
var: 1.477660305555555
| [0m48       [0m | [0m1.998    [0m | [0m0.04794  [0m | [0m9.796    [0m | [0m0.9685   [0m |
[0.29 0.62 0.74 0.81 0.95 0.96 0.99 1.02 1.09 1.18 1.2  1.32 1.37 1.39
 1.48 1.51 1.51 1.69 1.84 1.84 1.9  1.92 1.93 2.05 2.14 2.2  2.27 2.28
 2.29 2.37 2.49 2.5  2.57 2.68 2.68 2.76 2.8  2.82 2.83 2.84 2.86 2.88
 2.96 3.   3.18 3.35 3.61 3.74 3.85 4.01 4.11 4.19 4.31 4.33 4.46 4.47
 4.65 5.65 6.44 6.85]
var: 1.946436555555554
| [0m49       [0m | [0m2.584    [0m | [0m0.1305   [0m | [0m37.29    [0m | [0m0.1208   [0m |
[0.14 0.23 0.26 0.34 0.57 0.68 0.69 0.7  0.82 0.84 0.92 0.93 0.94 1.02
 1.04 1.16 1.18 1.18 1.21 1.26 1.37 1.38 1.48 1.5  1.51 1.52 1.52 1.56
 1.59 1.6  1.61 1.62 1.72 1.73 1.87 1.92 1.93 1.95 2.16 2.33 2.41 2.51
 2.56 2.66 2.77 2.8  3.11 3.36 3.36 3.36 3.47 3.63 3.69 3.72 3.72 4.15
 4.38 4.6  5.1  7.47]
var: 1.886858305555555
| [0m50       [0m | [0m2.047    [0m | [0m0.06729  [0m | [0m8.823    [0m | [0m0.6579   [0m |
[0.26 0.34 0.36 0.38 0.38 0.4  0.41 0.42 0.49 0.5  0.54 0.54 0.55 0.56
 0.6  0.6  0.62 0.66 0.67 0.74 0.79 0.81 0.82 0.9  0.9  0.91 0.92 0.93
 0.94 1.   1.04 1.11 1.14 1.23 1.24 1.24 1.25 1.36 1.38 1.39 1.53 1.54
 1.56 1.64 1.66 1.78 1.78 1.79 1.84 1.9  2.03 2.17 2.18 2.3  2.35 2.63
 2.63 2.74 3.25 3.38]
var: 0.5726955555555561
| [0m51       [0m | [0m1.233    [0m | [0m1e-08    [0m | [0m37.34    [0m | [0m0.03991  [0m |
[0.   0.01 0.04 0.05 0.05 0.07 0.09 0.09 0.1  0.1  0.12 0.16 0.16 0.16
 0.17 0.17 0.27 0.27 0.27 0.27 0.3  0.33 0.34 0.34 0.45 0.45 0.51 0.52
 0.54 0.54 0.55 0.59 0.62 0.63 0.67 0.7  0.82 0.85 1.03 1.06 1.07 1.08
 1.1  1.12 1.18 1.33 1.39 1.44 1.5  1.56 1.67 1.8  1.92 1.97 2.03 2.03
 2.09 2.15 2.21 2.53]
var: 0.4886169722222216
| [0m52       [0m | [0m0.7938   [0m | [0m0.1041   [0m | [0m40.09    [0m | [0m2.051    [0m |
[0.07 0.77 1.33 1.34 1.38 1.44 1.49 1.5  1.53 1.57 1.68 1.8  1.81 2.
 2.13 2.33 2.44 2.64 2.65 2.76 2.84 2.86 2.87 2.91 2.93 2.98 3.01 3.02
 3.02 3.16 3.19 3.2  3.21 3.24 3.31 3.35 3.46 3.54 3.55 3.7  3.81 3.82
 3.9  3.94 3.94 4.   4.2  4.24 4.31 4.49 4.8  4.9  5.04 5.04 5.33 5.42
 5.93 5.98 7.03 7.98]
var: 2.2429494166666673
| [95m53       [0m | [95m3.269    [0m | [95m0.08698  [0m | [95m37.35    [0m | [95m0.1237   [0m |
[0.05 0.1  0.18 0.19 0.22 0.26 0.35 0.39 0.48 0.49 0.57 0.6  0.62 0.71
 0.78 0.85 0.85 0.92 1.   1.   1.03 1.04 1.25 1.27 1.29 1.33 1.36 1.39
 1.39 1.42 1.45 1.46 1.49 1.57 1.59 1.63 1.63 1.67 1.76 1.78 1.83 1.92
 1.92 1.93 1.94 1.96 2.03 2.07 2.07 2.28 2.31 2.52 2.53 2.58 2.92 2.97
 3.14 3.23 3.52 3.97]
var: 0.8003843055555558
| [0m54       [0m | [0m1.484    [0m | [0m0.1326   [0m | [0m31.4     [0m | [0m1.015    [0m |
[0.26 0.32 0.34 0.35 0.39 0.49 0.51 0.72 0.72 0.73 0.76 0.79 0.9  0.91
 0.92 0.95 1.12 1.13 1.21 1.24 1.25 1.26 1.29 1.54 1.66 1.7  1.73 1.76
 1.76 1.86 1.9  1.92 1.96 2.   2.04 2.08 2.09 2.1  2.14 2.21 2.23 2.25
 2.26 2.28 2.29 2.42 2.63 2.95 3.05 3.08 3.38 3.38 3.59 3.6  3.64 3.82
 4.27 4.69 5.01 5.19]
var: 1.4420832222222224
| [0m55       [0m | [0m1.95     [0m | [0m0.1558   [0m | [0m3.816    [0m | [0m0.1246   [0m |
[0.08 0.15 0.17 0.19 0.24 0.28 0.4  0.42 0.51 0.55 0.58 0.58 0.59 0.62
 0.65 0.67 0.68 0.76 0.78 0.84 0.84 0.92 0.96 1.   1.   1.07 1.08 1.13
 1.14 1.16 1.17 1.2  1.3  1.34 1.34 1.4  1.52 1.72 1.72 1.79 1.9  1.95
 1.99 2.02 2.05 2.12 2.17 2.26 2.44 2.46 2.49 2.88 3.13 3.14 3.18 3.5
 3.69 3.73 4.14 4.43]
var: 1.1515960833333339
| [0m56       [0m | [0m1.504    [0m | [0m0.2091   [0m | [0m2.512    [0m | [0m2.027    [0m |
[0.07 0.15 0.18 0.18 0.18 0.26 0.34 0.37 0.44 0.48 0.51 0.51 0.53 0.58
 0.59 0.61 0.62 0.64 0.8  0.82 0.83 0.83 0.95 1.06 1.12 1.19 1.19 1.2
 1.22 1.25 1.36 1.38 1.41 1.53 1.55 1.59 1.6  1.6  1.63 1.65 1.68 1.76
 1.79 1.79 1.8  1.81 1.82 1.9  1.91 1.98 2.05 2.08 2.09 2.16 2.2  2.24
 2.41 2.52 3.09 3.26]
var: 0.5620923333333346
| [0m57       [0m | [0m1.289    [0m | [0m0.05667  [0m | [0m1.643    [0m | [0m1.839    [0m |
[1.14 1.15 1.26 1.44 1.52 1.53 1.66 1.83 1.83 1.97 2.07 2.1  2.15 2.15
 2.16 2.23 2.3  2.33 2.35 2.42 2.47 2.48 2.5  2.5  2.54 2.69 2.73 2.75
 2.87 2.91 2.92 2.92 2.97 3.08 3.16 3.22 3.26 3.3  3.3  3.36 3.5  3.62
 3.71 3.73 3.8  3.9  4.02 4.04 4.21 4.22 4.47 4.47 4.57 4.82 5.01 5.01
 5.07 5.12 5.26 5.51]
var: 1.2790732222222212
| [0m58       [0m | [0m3.06     [0m | [0m0.09508  [0m | [0m37.45    [0m | [0m0.02582  [0m |
[0.34 0.34 0.44 0.71 0.8  0.84 0.95 1.03 1.05 1.06 1.1  1.19 1.2  1.21
 1.25 1.25 1.27 1.37 1.4  1.41 1.46 1.54 1.55 1.65 1.67 1.7  1.75 1.79
 1.81 1.81 1.82 1.92 1.93 1.99 2.04 2.05 2.07 2.2  2.24 2.36 2.41 2.55
 2.58 2.58 2.73 2.76 2.76 2.78 2.86 2.92 2.94 2.99 3.05 3.14 3.21 3.43
 3.69 3.83 4.3  5.  ]
var: 0.941643638888888
| [0m59       [0m | [0m2.001    [0m | [0m0.209    [0m | [0m37.41    [0m | [0m0.009724 [0m |
[0.06 0.21 0.26 0.27 0.35 0.4  0.42 0.54 0.56 0.6  0.61 0.61 0.64 0.68
 0.73 0.84 0.94 0.97 1.02 1.03 1.05 1.17 1.18 1.24 1.35 1.43 1.44 1.44
 1.45 1.51 1.53 1.53 1.61 1.68 1.69 1.7  1.74 1.82 1.89 1.89 1.97 2.04
 2.16 2.35 2.44 2.53 2.62 2.72 2.9  2.94 3.04 3.19 3.38 3.86 3.97 4.15
 4.29 4.89 4.95 5.81]
var: 1.688501555555555
| [0m60       [0m | [0m1.805    [0m | [0m0.1579   [0m | [0m37.45    [0m | [0m0.2503   [0m |
[0.5  0.79 1.45 1.69 1.78 1.88 1.89 1.95 1.95 1.98 2.   2.18 2.19 2.27
 2.28 2.3  2.32 2.33 2.48 2.49 2.55 2.61 2.62 2.75 2.79 2.89 2.91 2.93
 2.99 3.08 3.09 3.09 3.09 3.1  3.11 3.16 3.19 3.25 3.36 3.38 3.39 3.47
 3.49 3.5  3.57 3.58 3.66 3.84 3.98 4.29 4.46 4.94 5.02 5.03 5.91 6.34
 6.48 6.7  6.96 8.39]
var: 2.2388995555555566
| [0m61       [0m | [0m3.261    [0m | [0m0.0813   [0m | [0m37.25    [0m | [0m0.1177   [0m |
[0.03 0.08 0.09 0.1  0.15 0.22 0.26 0.34 0.46 0.54 0.6  0.64 0.66 0.76
 0.79 0.85 0.85 0.85 0.88 0.88 0.92 0.98 0.99 1.05 1.07 1.09 1.14 1.14
 1.17 1.18 1.27 1.31 1.34 1.34 1.34 1.48 1.51 1.57 1.6  1.61 1.68 1.69
 1.76 1.77 1.82 1.86 1.9  1.96 2.05 2.06 2.09 2.1  2.1  2.31 2.6  2.9
 2.9  3.23 3.46 5.02]
var: 0.8407449722222224
| [0m62       [0m | [0m1.373    [0m | [0m0.1249   [0m | [0m23.81    [0m | [0m2.31     [0m |
[0.98 1.11 1.26 1.56 1.61 1.81 1.98 2.08 2.12 2.5  2.53 2.61 2.64 2.65
 2.71 2.75 2.79 2.84 3.05 3.09 3.18 3.21 3.23 3.24 3.31 3.59 3.59 3.62
 3.63 3.77 3.78 3.82 3.96 4.01 4.03 4.1  4.13 4.32 4.34 4.36 4.36 4.36
 4.43 4.54 4.54 4.6  4.64 4.7  4.84 4.93 4.95 4.95 5.11 5.55 5.57 5.68
 6.22 6.33 6.72 6.89]
var: 1.848576666666666
| [95m63       [0m | [95m3.73     [0m | [95m0.01471  [0m | [95m37.2     [0m | [95m0.1408   [0m |
[0.02 0.06 0.11 0.15 0.31 0.35 0.6  0.71 0.88 0.92 0.99 1.   1.04 1.05
 1.06 1.12 1.15 1.15 1.19 1.38 1.39 1.45 1.48 1.5  1.51 1.57 1.63 1.68
 1.77 1.78 1.88 1.94 2.06 2.11 2.13 2.17 2.19 2.27 2.34 2.45 2.7  2.87
 2.94 3.19 3.39 3.47 3.57 3.62 3.84 3.87 4.05 4.13 4.14 4.44 5.04 5.69
 5.7  5.73 5.88 8.36]
var: 2.924786222222222
| [0m64       [0m | [0m2.319    [0m | [0m0.07561  [0m | [0m37.22    [0m | [0m0.1995   [0m |
[0.05 0.05 0.07 0.17 0.21 0.27 0.33 0.37 0.5  0.52 0.6  0.61 0.64 0.67
 0.68 0.69 0.71 0.73 0.77 0.84 0.84 0.86 0.96 0.99 1.   1.03 1.08 1.09
 1.09 1.16 1.18 1.2  1.26 1.3  1.31 1.33 1.37 1.47 1.56 1.64 1.68 1.71
 1.71 1.75 1.78 1.8  1.83 1.87 1.91 1.98 2.   2.07 2.1  2.12 2.14 2.16
 2.31 2.47 2.51 2.54]
var: 0.4606128888888883
| [0m65       [0m | [0m1.227    [0m | [0m0.1544   [0m | [0m33.65    [0m | [0m0.4922   [0m |
[0.93 0.99 1.26 1.29 1.42 1.44 1.46 1.69 1.73 1.79 1.82 1.97 2.21 2.24
 2.31 2.41 2.44 2.53 2.62 2.66 2.71 2.82 2.84 2.93 2.94 2.94 3.16 3.26
 3.34 3.36 3.51 3.62 3.87 3.88 4.   4.03 4.07 4.08 4.21 4.35 4.39 4.72
 4.81 4.9  4.93 5.   5.23 5.27 5.39 5.43 5.75 5.78 5.8  5.95 6.03 6.65
 6.7  7.52 8.01 8.73]
var: 3.2860648888888906
| [95m66       [0m | [95m3.735    [0m | [95m0.004352 [0m | [95m37.29    [0m | [95m0.1063   [0m |
[0.2  0.25 0.31 0.42 0.64 0.71 0.72 0.76 0.81 1.3  1.42 1.45 1.46 1.54
 1.57 1.58 1.68 1.76 1.78 1.82 1.86 1.91 1.92 1.97 2.07 2.09 2.13 2.14
 2.2  2.27 2.27 2.28 2.35 2.36 2.54 2.54 2.56 2.68 2.7  2.87 2.87 2.96
 3.07 3.15 3.17 3.25 3.42 3.45 3.46 3.58 3.62 3.77 3.79 3.9  3.99 4.38
 5.01 5.31 5.5  5.7 ]
var: 1.642676222222222
| [0m67       [0m | [0m2.421    [0m | [0m0.04312  [0m | [0m37.44    [0m | [0m0.1882   [0m |
[0.01 0.03 0.03 0.04 0.13 0.24 0.28 0.33 0.33 0.38 0.4  0.45 0.69 0.71
 0.75 0.75 0.75 0.82 0.85 0.87 0.95 0.95 0.99 0.99 1.   1.03 1.06 1.08
 1.1  1.2  1.26 1.33 1.37 1.38 1.39 1.52 1.59 1.68 1.68 1.83 1.86 1.87
 1.89 1.92 1.99 2.   2.14 2.39 2.41 2.53 2.62 3.01 3.12 3.12 3.19 3.38
 3.46 3.52 3.55 4.55]
var: 1.124315666666667
| [0m68       [0m | [0m1.479    [0m | [0m0.2695   [0m | [0m24.37    [0m | [0m0.6509   [0m |
[0.17 0.69 0.79 0.83 1.15 1.15 1.18 1.21 1.31 1.61 1.61 1.64 1.66 1.68
 1.71 1.71 1.82 1.83 1.96 1.97 2.   2.   2.01 2.11 2.12 2.2  2.23 2.27
 2.35 2.45 2.57 2.63 2.71 2.8  2.8  2.83 2.89 2.99 3.01 3.14 3.19 3.55
 3.71 3.73 3.82 3.83 3.9  3.94 3.98 4.03 4.23 4.4  4.46 4.47 4.51 5.82
 5.83 6.01 6.12 6.67]
var: 2.109024972222222
| [0m69       [0m | [0m2.8      [0m | [0m0.02867  [0m | [0m37.31    [0m | [0m0.1623   [0m |
[0.43 0.87 1.01 1.37 1.46 1.52 1.68 1.69 1.75 1.76 1.85 1.92 1.96 2.
 2.04 2.04 2.04 2.08 2.15 2.16 2.17 2.21 2.23 2.36 2.4  2.44 2.47 2.61
 2.69 2.8  2.86 2.98 3.   3.04 3.12 3.12 3.38 3.53 3.65 3.71 3.83 4.11
 4.25 4.27 4.35 4.45 4.48 4.5  4.54 4.74 4.75 4.78 4.88 4.98 5.33 5.43
 5.55 5.55 6.11 7.03]
var: 2.0842556666666687
| [0m70       [0m | [0m3.141    [0m | [0m0.03007  [0m | [0m37.11    [0m | [0m0.1415   [0m |
[0.04 0.24 0.88 1.14 1.19 1.25 1.34 1.35 1.36 1.41 1.44 1.52 1.65 2.
 2.15 2.31 2.45 2.46 2.47 2.54 2.7  2.81 2.91 2.98 3.03 3.09 3.13 3.13
 3.14 3.17 3.32 3.38 3.55 3.57 3.62 3.64 3.73 3.86 3.87 3.88 3.96 4.06
 4.14 4.25 4.36 4.43 4.46 4.55 4.65 4.65 4.82 5.01 5.01 5.07 5.53 5.57
 6.16 6.41 6.52 6.6 ]
var: 2.414656083333333
| [0m71       [0m | [0m3.299    [0m | [0m0.0481   [0m | [0m37.43    [0m | [0m0.1298   [0m |
[0.   0.04 0.04 0.05 0.13 0.17 0.31 0.46 0.57 0.59 0.61 0.62 0.63 0.64
 0.64 0.65 0.7  0.71 0.71 0.75 0.77 0.8  0.8  0.82 0.85 0.87 0.9  0.96
 0.99 1.06 1.11 1.15 1.18 1.2  1.26 1.26 1.28 1.3  1.3  1.32 1.33 1.56
 1.61 1.63 1.67 1.71 1.89 1.94 2.24 2.27 2.44 2.46 2.53 2.55 2.97 3.04
 3.1  3.13 3.93 4.8 ]
var: 0.9697988888888891
| [0m72       [0m | [0m1.317    [0m | [0m0.2731   [0m | [0m47.85    [0m | [0m0.8704   [0m |
[0.01 0.04 0.05 0.06 0.08 0.16 0.21 0.21 0.21 0.23 0.23 0.41 0.5  0.7
 0.73 0.73 0.74 0.75 0.89 0.94 0.94 0.98 1.02 1.03 1.13 1.16 1.27 1.38
 1.44 1.47 1.55 1.62 1.62 1.65 1.7  1.73 1.78 1.8  1.8  1.8  1.8  1.82
 1.85 1.96 2.07 2.07 2.08 2.16 2.21 2.23 2.31 2.41 2.51 2.8  2.91 3.01
 3.22 3.27 3.36 4.86]
var: 1.0074889999999994
| [0m73       [0m | [0m1.461    [0m | [0m0.1667   [0m | [0m28.07    [0m | [0m1.523    [0m |
[0.18 0.33 0.54 0.74 0.87 0.93 0.98 1.18 1.22 1.25 1.39 1.45 1.47 1.48
 1.59 1.63 1.66 1.66 1.68 1.69 1.89 1.91 1.95 1.97 2.18 2.2  2.37 2.42
 2.45 2.5  2.65 2.71 2.71 2.71 2.87 2.93 2.94 2.98 3.03 3.18 3.24 3.32
 3.34 3.43 3.56 3.56 3.56 3.61 3.67 3.84 3.94 4.03 4.09 4.37 4.64 4.71
 4.72 5.11 5.26 6.58]
var: 1.782825416666666
| [0m74       [0m | [0m2.618    [0m | [0m0.136    [0m | [0m37.18    [0m | [0m0.1192   [0m |
[0.11 0.88 0.99 1.11 1.24 1.26 1.3  1.33 1.35 1.5  1.57 1.61 1.63 1.66
 1.67 1.75 1.81 1.94 2.05 2.13 2.25 2.43 2.49 2.59 2.62 2.75 2.88 2.94
 2.97 3.02 3.07 3.15 3.3  3.33 3.62 3.71 3.77 3.82 3.84 3.99 4.03 4.08
 4.17 4.61 4.64 4.75 4.77 5.05 5.07 5.1  5.32 5.58 5.77 5.86 6.18 6.34
 6.37 6.56 6.99 7.49]
var: 3.141497333333333
| [0m75       [0m | [0m3.336    [0m | [0m0.0542   [0m | [0m37.4     [0m | [0m0.08231  [0m |
[0.37 0.41 0.51 0.72 0.75 0.81 0.86 0.92 0.93 1.24 1.28 1.3  1.51 1.52
 1.58 1.58 1.63 1.78 1.79 1.83 1.85 1.94 2.23 2.24 2.28 2.29 2.31 2.39
 2.47 2.48 2.55 2.67 2.77 2.85 2.93 2.94 3.24 3.31 3.37 3.45 3.57 3.59
 3.62 3.72 3.72 3.82 3.93 4.04 4.15 4.29 4.36 4.55 4.6  5.06 5.27 5.51
 5.71 5.85 6.52 7.07]
var: 2.518973638888889
| [0m76       [0m | [0m2.814    [0m | [0m0.05353  [0m | [0m37.22    [0m | [0m0.1492   [0m |
[0.14 1.14 1.37 1.61 1.64 1.69 1.71 1.98 2.05 2.06 2.1  2.13 2.22 2.34
 2.61 2.66 2.83 2.86 2.87 2.96 2.99 3.08 3.1  3.11 3.23 3.29 3.31 3.33
 3.37 3.4  3.45 3.48 3.49 3.6  3.6  3.73 3.75 3.8  3.81 3.85 3.89 3.89
 4.2  4.23 4.25 4.31 4.35 4.39 4.42 4.53 4.65 4.8  4.85 5.11 5.78 6.02
 6.33 6.6  7.65 7.79]
var: 2.180013222222222
| [0m77       [0m | [0m3.53     [0m | [0m0.03226  [0m | [0m37.14    [0m | [0m0.09085  [0m |
[0.81 1.07 1.12 1.18 1.36 1.38 1.39 1.42 1.46 1.52 1.61 1.64 1.66 1.71
 1.74 1.94 1.96 1.99 2.16 2.25 2.33 2.39 2.41 2.47 2.48 2.6  2.61 2.61
 2.65 2.65 2.69 2.86 2.97 2.98 3.09 3.14 3.2  3.39 3.43 3.56 3.67 3.67
 3.71 3.75 3.76 3.96 3.97 4.04 4.15 4.34 4.4  4.61 4.63 4.66 4.71 4.78
 5.42 5.54 5.9  5.99]
var: 1.6856356666666665
| [0m78       [0m | [0m2.959    [0m | [0m0.1169   [0m | [0m37.45    [0m | [0m0.08758  [0m |
[0.17 0.18 0.19 0.28 0.33 0.36 0.41 0.49 0.5  0.53 0.63 0.76 0.81 0.84
 0.94 0.98 1.   1.01 1.16 1.25 1.27 1.29 1.31 1.46 1.47 1.51 1.7  1.76
 1.76 1.82 1.83 1.83 2.21 2.4  2.68 2.73 2.79 2.84 2.85 2.85 2.89 2.91
 3.06 3.11 3.15 3.27 3.44 3.64 3.75 3.85 3.97 4.01 4.11 4.2  4.21 4.57
 4.97 5.07 6.58 8.95]
var: 2.923479416666667
| [0m79       [0m | [0m2.282    [0m | [0m0.0103   [0m | [0m37.14    [0m | [0m0.2166   [0m |
[0.47 0.98 1.03 1.27 1.28 1.29 1.34 1.43 1.78 1.97 2.05 2.05 2.13 2.18
 2.22 2.28 2.29 2.39 2.43 2.43 2.65 2.67 2.72 2.72 2.79 2.85 2.86 2.94
 2.98 3.09 3.12 3.13 3.19 3.31 3.39 3.47 3.47 3.62 3.67 3.68 3.89 3.91
 4.05 4.12 4.23 4.25 4.32 4.53 4.77 4.86 4.93 5.06 5.06 5.34 5.5  5.63
 5.93 6.16 7.17 8.37]
var: 2.4391949722222237
| [0m80       [0m | [0m3.328    [0m | [0m0.0584   [0m | [0m37.58    [0m | [0m0.05074  [0m |
=============================================================
None
num_trials:  40  inits,  40  iters,  60  per
rho:  10
pthin:  0.98

Best VPT: 3.7353333333333345
Best result: {'a': 0.004352154054328348, 'g': 37.29159154937937, 's': 0.10625679960842803}

KERNEL: nu=1.5, lengthscale=2.0, alpha=0.0005
