|   iter    |  target   |     a     |     g     |     s     |
-------------------------------------------------------------
[0.05 0.08 0.17 0.17 0.21 0.23 0.25 0.28 0.32 0.37 0.38 0.39 0.43 0.43
 0.44 0.48 0.55 0.56 0.61 0.61 0.65 0.7  0.74 0.81 0.81 0.84 0.85 0.87
 0.87 0.89 0.94 0.95 0.98 1.04 1.04 1.05 1.06 1.06 1.06 1.13 1.17 1.24
 1.24 1.31 1.32 1.37 1.38 1.4  1.44 1.5  1.51 1.52 1.62 1.7  1.73 1.78
 1.82 2.15 2.46 3.04]
var: 0.357652083333333
| [0m1        [0m | [0m0.9675   [0m | [0m0.08058  [0m | [0m1.574    [0m | [0m2.495    [0m |
[0.02 0.03 0.08 0.08 0.16 0.2  0.3  0.32 0.33 0.38 0.45 0.45 0.46 0.51
 0.55 0.55 0.75 0.76 0.78 0.78 0.83 0.86 0.88 0.89 0.92 0.94 0.95 0.95
 0.96 0.96 1.03 1.08 1.11 1.21 1.22 1.27 1.28 1.33 1.42 1.42 1.42 1.43
 1.44 1.45 1.59 1.61 1.66 1.68 1.83 1.92 1.95 1.99 2.01 2.06 2.06 2.87
 2.99 3.05 3.11 4.19]
var: 0.7057606666666664
| [95m2        [0m | [95m1.196    [0m | [95m0.2948   [0m | [95m20.27    [0m | [95m2.621    [0m |
[0.01 0.07 0.15 0.24 0.45 0.49 0.53 0.55 0.59 0.63 0.67 0.73 0.74 0.78
 0.84 0.94 0.97 1.   1.01 1.13 1.25 1.39 1.44 1.47 1.53 1.63 1.65 1.66
 1.66 1.78 1.81 1.82 1.83 1.91 1.91 1.91 1.92 1.93 1.98 1.98 2.02 2.03
 2.04 2.05 2.15 2.18 2.43 2.44 2.47 2.69 2.84 2.88 2.89 2.9  3.13 3.23
 3.3  3.51 4.03 4.64]
var: 0.9886436388888887
| [95m3        [0m | [95m1.714    [0m | [95m0.2936   [0m | [95m10.58    [0m | [95m2.087    [0m |
[0.03 0.09 0.1  0.16 0.16 0.17 0.17 0.24 0.27 0.31 0.32 0.32 0.33 0.35
 0.38 0.42 0.6  0.69 0.72 0.79 0.8  0.86 0.91 0.92 0.94 1.04 1.05 1.05
 1.07 1.09 1.11 1.12 1.14 1.18 1.31 1.39 1.42 1.44 1.45 1.45 1.55 1.68
 1.97 1.97 2.04 2.14 2.14 2.17 2.17 2.27 2.3  2.45 2.48 2.55 2.62 3.01
 3.09 3.28 4.59 4.73]
var: 1.101659555555556
| [0m4        [0m | [0m1.343    [0m | [0m0.03914  [0m | [0m31.34    [0m | [0m0.8739   [0m |
[0.03 0.06 0.1  0.1  0.11 0.18 0.27 0.34 0.35 0.44 0.44 0.47 0.47 0.48
 0.48 0.52 0.52 0.55 0.57 0.64 0.65 0.66 0.66 0.72 0.76 0.79 0.81 0.83
 0.84 0.91 0.91 0.97 0.98 0.99 1.   1.02 1.11 1.17 1.19 1.21 1.24 1.24
 1.26 1.27 1.4  1.46 1.46 1.57 1.7  1.71 1.77 1.78 1.96 2.21 2.28 2.54
 2.59 2.75 3.45 3.73]
var: 0.6368103055555561
| [0m5        [0m | [0m1.078    [0m | [0m0.2818   [0m | [0m2.269    [0m | [0m2.892    [0m |
[0.05 0.11 0.17 0.19 0.31 0.45 0.52 0.55 0.56 0.64 0.67 0.74 0.76 0.9
 0.94 0.98 0.99 1.01 1.05 1.06 1.07 1.09 1.09 1.22 1.23 1.32 1.34 1.36
 1.4  1.43 1.44 1.44 1.45 1.48 1.53 1.6  1.61 1.61 1.61 1.83 1.86 1.93
 2.11 2.14 2.16 2.17 2.19 2.3  2.33 2.41 2.49 2.63 2.81 3.11 3.37 3.41
 3.51 4.54 5.03]
var: 1.04721850043091
| [0m6        [0m | [0m1.581    [0m | [0m0.07674  [0m | [0m16.65    [0m | [0m0.8177   [0m |
[0.09 0.15 0.17 0.28 0.3  0.31 0.32 0.33 0.41 0.42 0.43 0.48 0.49 0.5
 0.6  0.67 0.68 0.69 0.72 0.75 0.77 0.9  0.91 0.94 0.96 1.   1.11 1.18
 1.29 1.33 1.54 1.56 1.58 1.68 1.86 1.89 1.9  1.93 1.94 2.03 2.06 2.07
 2.1  2.14 2.36 2.44 2.5  2.51 2.51 2.54 2.58 2.61 2.73 2.86 2.87 3.
 3.35 3.46 4.17 5.61]
var: 1.248786222222221
| [0m7        [0m | [0m1.559    [0m | [0m0.2931   [0m | [0m40.7     [0m | [0m0.3815   [0m |
[0.02 0.09 0.1  0.28 0.29 0.39 0.41 0.51 0.55 0.61 0.64 0.67 0.72 0.77
 0.8  1.1  1.11 1.19 1.19 1.21 1.22 1.23 1.26 1.31 1.39 1.46 1.47 1.51
 1.58 1.82 1.83 1.86 1.9  1.95 1.96 2.02 2.03 2.06 2.1  2.13 2.17 2.18
 2.3  2.34 2.38 2.39 2.52 2.53 2.53 2.63 2.67 2.81 3.01 3.07 3.14 3.14
 3.36 3.53 3.76 4.52]
var: 1.0129982222222222
| [95m8        [0m | [95m1.729    [0m | [95m0.02753  [0m | [95m12.87    [0m | [95m1.8      [0m |
[0.05 0.09 0.15 0.15 0.25 0.35 0.41 0.44 0.49 0.66 0.73 0.84 0.88 0.98
 1.18 1.19 1.2  1.21 1.23 1.25 1.25 1.26 1.26 1.39 1.47 1.5  1.55 1.7
 1.71 1.71 1.76 1.79 1.9  2.02 2.08 2.11 2.18 2.18 2.22 2.36 2.39 2.64
 2.64 2.68 2.72 2.76 2.91 3.22 3.26 3.3  3.3  3.37 3.4  3.44 3.44 3.56
 4.07 4.74 4.8  5.18]
var: 1.5222576388888884
| [95m9        [0m | [95m1.949    [0m | [95m0.125    [0m | [95m8.247    [0m | [95m1.368    [0m |
[0.3  0.31 0.34 0.49 0.51 0.51 0.58 0.59 0.63 0.74 0.81 0.81 0.85 0.88
 0.92 0.98 1.   1.   1.11 1.14 1.17 1.34 1.35 1.38 1.39 1.47 1.48 1.49
 1.53 1.59 1.59 1.68 1.7  1.78 1.79 1.84 1.86 1.89 2.02 2.03 2.08 2.37
 2.42 2.43 2.46 2.59 2.74 2.82 2.83 2.86 3.04 3.23 3.38 3.48 3.59 3.89
 4.13 4.55 4.64 6.36]
var: 1.508356222222222
| [0m10       [0m | [0m1.879    [0m | [0m0.2613   [0m | [0m16.19    [0m | [0m0.6181   [0m |
[0.01 0.03 0.03 0.04 0.07 0.08 0.13 0.13 0.15 0.15 0.17 0.22 0.25 0.28
 0.29 0.32 0.33 0.37 0.38 0.39 0.39 0.41 0.43 0.43 0.44 0.48 0.5  0.54
 0.56 0.6  0.63 0.64 0.67 0.68 0.7  0.73 0.73 0.82 0.84 0.93 0.93 0.94
 0.99 1.   1.02 1.11 1.13 1.14 1.18 1.22 1.4  1.41 1.45 1.5  1.58 1.63
 2.02 2.06 2.29 3.75]
var: 0.44317600000000024
| [0m11       [0m | [0m0.762    [0m | [0m0.1412   [0m | [0m49.86    [0m | [0m2.224    [0m |
[0.03 0.04 0.33 0.39 0.43 0.67 0.76 0.86 1.01 1.06 1.08 1.08 1.11 1.12
 1.13 1.19 1.35 1.39 1.39 1.49 1.69 1.7  1.73 1.74 1.75 1.81 1.82 1.85
 1.86 1.89 1.92 1.94 2.04 2.08 2.08 2.14 2.14 2.24 2.36 2.36 2.39 2.5
 2.52 2.67 2.84 3.01 3.11 3.12 3.12 3.17 3.2  3.49 3.67 3.81 3.84 4.35
 4.48 5.67 6.04 6.41]
var: 1.8197512222222239
| [95m12       [0m | [95m2.174    [0m | [95m0.06725  [0m | [95m10.61    [0m | [95m1.332    [0m |
[0.03 0.03 0.07 0.07 0.09 0.11 0.12 0.16 0.17 0.17 0.17 0.18 0.18 0.2
 0.21 0.22 0.23 0.24 0.26 0.28 0.29 0.35 0.38 0.39 0.39 0.4  0.4  0.42
 0.44 0.47 0.5  0.54 0.54 0.58 0.62 0.62 0.65 0.66 0.66 0.69 0.7  0.71
 0.75 0.85 0.89 1.   1.01 1.03 1.05 1.07 1.08 1.11 1.12 1.51 1.52 1.9
 1.97 2.22 2.59 3.24]
var: 0.41361833333333325
| [0m13       [0m | [0m0.675    [0m | [0m0.2719   [0m | [0m49.93    [0m | [0m2.441    [0m |
[0.   0.04 0.06 0.07 0.12 0.15 0.2  0.22 0.23 0.23 0.25 0.29 0.3  0.31
 0.31 0.32 0.39 0.4  0.48 0.59 0.59 0.62 0.63 0.65 0.73 0.73 0.76 0.79
 0.8  0.81 0.86 0.89 0.91 0.94 0.94 1.04 1.06 1.09 1.1  1.14 1.17 1.21
 1.32 1.46 1.48 1.54 1.56 1.56 1.76 1.8  1.83 1.83 1.86 2.26 2.44 2.45
 2.74 2.82 3.22 3.45]
var: 0.6763366666666664
| [0m14       [0m | [0m1.03     [0m | [0m0.1942   [0m | [0m30.86    [0m | [0m2.699    [0m |
[0.05 0.19 0.26 0.29 0.31 0.55 0.77 0.78 0.81 0.88 0.88 0.97 1.   1.06
 1.06 1.07 1.17 1.24 1.27 1.28 1.33 1.37 1.42 1.44 1.69 1.72 1.75 1.76
 1.84 1.87 1.99 2.01 2.02 2.16 2.22 2.22 2.23 2.31 2.34 2.35 2.38 2.39
 2.41 2.5  2.7  2.78 2.83 2.85 2.87 2.89 2.94 3.11 3.17 3.35 3.5  3.84
 4.06 4.56 6.08]
var: 1.3099993679977016
| [0m15       [0m | [0m1.952    [0m | [0m0.1549   [0m | [0m13.28    [0m | [0m0.7037   [0m |
[0.05 0.09 0.14 0.3  0.31 0.33 0.34 0.36 0.38 0.39 0.39 0.42 0.46 0.51
 0.54 0.54 0.59 0.64 0.67 0.68 0.68 0.73 0.75 0.94 0.96 0.96 0.96 0.96
 0.97 0.98 1.   1.02 1.04 1.05 1.07 1.18 1.24 1.25 1.5  1.53 1.54 1.69
 1.78 1.86 1.99 2.08 2.14 2.16 2.25 2.43 2.65 2.66 2.68 3.34 3.48 3.87
 4.51 4.66 7.09]
var: 1.6897015800057458
| [0m16       [0m | [0m1.42     [0m | [0m0.2798   [0m | [0m14.27    [0m | [0m0.4227   [0m |
[0.04 0.17 0.18 0.18 0.22 0.25 0.33 0.42 0.42 0.42 0.43 0.44 0.49 0.49
 0.52 0.6  0.61 0.61 0.61 0.63 0.65 0.72 0.76 0.78 0.84 0.96 0.97 0.98
 1.03 1.1  1.11 1.12 1.12 1.17 1.2  1.22 1.25 1.27 1.47 1.5  1.54 1.56
 1.63 1.91 1.91 1.96 2.02 2.02 2.13 2.17 2.17 2.28 2.34 2.54 2.59 3.05
 3.14 3.34 4.21 4.42]
var: 0.9596327500000014
| [0m17       [0m | [0m1.304    [0m | [0m0.09813  [0m | [0m26.68    [0m | [0m2.317    [0m |
[0.03 0.12 0.27 0.3  0.32 0.37 0.39 0.41 0.43 0.45 0.5  0.53 0.57 0.59
 0.68 0.68 0.73 0.82 0.85 0.89 0.91 0.93 1.   1.06 1.16 1.22 1.26 1.26
 1.27 1.27 1.29 1.29 1.29 1.38 1.38 1.44 1.46 1.53 1.54 1.55 1.6  1.61
 1.63 1.67 1.75 1.75 1.86 1.87 1.95 2.03 2.04 2.13 2.14 2.18 2.2  2.31
 2.54 2.81 3.28 3.62]
var: 0.5791660833333329
| [0m18       [0m | [0m1.307    [0m | [0m0.1194   [0m | [0m21.98    [0m | [0m2.132    [0m |
[0.   0.07 0.11 0.21 0.21 0.29 0.35 0.38 0.4  0.4  0.43 0.44 0.48 0.49
 0.51 0.51 0.56 0.56 0.57 0.61 0.63 0.66 0.68 0.69 0.77 0.82 0.87 0.87
 0.89 0.92 0.93 1.02 1.04 1.06 1.08 1.11 1.13 1.15 1.16 1.19 1.22 1.24
 1.24 1.25 1.25 1.32 1.36 1.37 1.55 1.65 1.68 1.71 1.73 1.75 2.2  2.25
 2.35 2.75 2.89 3.07]
var: 0.46908488888888905
| [0m19       [0m | [0m1.035    [0m | [0m0.132    [0m | [0m42.33    [0m | [0m1.729    [0m |
[0.02 0.17 0.2  0.27 0.3  0.31 0.35 0.35 0.37 0.39 0.53 0.54 0.68 0.8
 0.81 0.84 0.89 0.98 1.   1.01 1.03 1.1  1.2  1.23 1.28 1.34 1.36 1.38
 1.48 1.6  1.63 1.64 1.74 1.83 1.85 1.96 2.03 2.05 2.15 2.15 2.24 2.51
 2.51 2.52 2.53 2.71 2.74 3.2  3.28 3.38 3.39 3.41 3.46 3.49 3.62 3.84
 4.13 4.16 4.57 5.2 ]
var: 1.5960703055555556
| [0m20       [0m | [0m1.829    [0m | [0m0.06047  [0m | [0m15.5     [0m | [0m1.661    [0m |
[0.01 0.03 0.08 0.08 0.14 0.21 0.22 0.23 0.23 0.26 0.28 0.35 0.38 0.42
 0.44 0.48 0.5  0.51 0.52 0.52 0.54 0.55 0.6  0.6  0.64 0.7  0.75 0.76
 0.77 0.81 0.82 0.86 0.87 0.93 0.97 1.04 1.11 1.15 1.29 1.29 1.32 1.34
 1.35 1.45 1.55 1.58 1.68 1.77 1.8  1.84 1.89 1.93 1.95 2.05 2.15 2.56
 2.77 3.12 3.17 3.56]
var: 0.6935269722222228
| [0m21       [0m | [0m1.063    [0m | [0m0.06312  [0m | [0m38.49    [0m | [0m1.431    [0m |
[0.12 0.2  0.24 0.4  0.41 0.44 0.48 0.54 0.6  0.63 0.67 0.77 0.83 0.94
 0.99 1.   1.01 1.02 1.05 1.07 1.09 1.1  1.1  1.13 1.22 1.26 1.32 1.34
 1.39 1.42 1.52 1.54 1.55 1.63 1.67 1.73 1.78 1.81 1.86 1.91 1.99 2.
 2.04 2.05 2.16 2.19 2.25 2.49 2.52 2.55 2.59 2.65 2.8  2.8  2.94 3.06
 3.15 3.36 3.46 4.08]
var: 0.81958275
| [0m22       [0m | [0m1.599    [0m | [0m0.2206   [0m | [0m11.91    [0m | [0m2.664    [0m |
[0.03 0.04 0.05 0.05 0.1  0.22 0.25 0.25 0.29 0.34 0.46 0.49 0.52 0.54
 0.55 0.55 0.64 0.65 0.65 0.7  0.8  0.81 0.84 0.86 0.87 0.88 1.03 1.08
 1.12 1.15 1.25 1.4  1.46 1.47 1.48 1.57 1.58 1.6  1.61 1.74 1.76 1.91
 1.91 1.93 1.95 2.04 2.13 2.22 2.22 2.32 2.7  2.76 2.85 3.3  3.33 3.68
 4.14 4.23 4.32 5.69]
var: 1.4895262222222216
| [0m23       [0m | [0m1.489    [0m | [0m0.05938  [0m | [0m35.6     [0m | [0m1.035    [0m |
[0.03 0.04 0.04 0.04 0.05 0.09 0.12 0.17 0.21 0.22 0.22 0.23 0.23 0.27
 0.29 0.3  0.32 0.37 0.39 0.39 0.41 0.45 0.54 0.55 0.58 0.6  0.61 0.68
 0.69 0.71 0.79 0.79 0.81 0.86 0.87 0.87 0.87 0.94 0.98 1.01 1.05 1.07
 1.14 1.15 1.17 1.17 1.23 1.24 1.32 1.36 1.41 1.45 1.61 1.81 1.82 2.13
 2.25 2.32 2.87 4.03]
var: 0.5644280833333333
| [0m24       [0m | [0m0.8705   [0m | [0m0.241    [0m | [0m44.98    [0m | [0m2.51     [0m |
[0.02 0.02 0.06 0.09 0.09 0.09 0.13 0.15 0.16 0.17 0.17 0.19 0.19 0.22
 0.24 0.25 0.27 0.28 0.28 0.3  0.34 0.37 0.41 0.45 0.49 0.51 0.56 0.68
 0.72 0.73 0.79 0.8  0.84 0.88 0.9  0.93 0.95 0.97 0.99 1.07 1.08 1.13
 1.15 1.16 1.21 1.31 1.31 1.32 1.41 1.41 1.49 1.53 1.65 1.68 2.06 2.27
 2.35 2.35 2.36 3.11]
var: 0.501036083333333
| [0m25       [0m | [0m0.8515   [0m | [0m0.06671  [0m | [0m47.14    [0m | [0m1.764    [0m |
[0.11 0.13 0.15 0.2  0.22 0.27 0.31 0.37 0.41 0.44 0.45 0.49 0.5  0.63
 0.73 0.81 0.82 0.82 0.85 0.85 0.86 0.88 0.9  0.91 0.93 0.96 1.   1.02
 1.15 1.23 1.41 1.42 1.46 1.46 1.5  1.52 1.57 1.61 1.67 1.75 1.76 1.86
 1.91 2.01 2.14 2.21 2.26 2.28 2.39 2.53 2.58 2.62 2.77 3.18 3.21 3.46
 3.51 4.5  4.62 9.04]
var: 2.0403027499999986
| [0m26       [0m | [0m1.594    [0m | [0m0.2814   [0m | [0m23.89    [0m | [0m0.7189   [0m |
[0.9  0.94 1.04 1.08 1.53 1.55 1.58 1.66 1.7  1.85 1.95 2.04 2.1  2.13
 2.15 2.16 2.24 2.26 2.27 2.3  2.33 2.34 2.4  2.83 2.95 2.99 3.01 3.14
 3.14 3.19 3.29 3.31 3.33 3.38 3.44 3.5  3.54 3.67 3.8  3.88 3.91 3.96
 3.98 4.03 4.13 4.15 4.2  4.2  4.33 4.67 4.73 4.74 4.82 4.94 5.29 5.33
 5.54 5.56 5.98 6.03]
var: 1.7411194166666675
| [95m27       [0m | [95m3.224    [0m | [95m0.1848   [0m | [95m19.56    [0m | [95m0.2279   [0m |
[0.   0.01 0.03 0.07 0.07 0.1  0.13 0.14 0.16 0.2  0.25 0.3  0.3  0.31
 0.31 0.38 0.39 0.39 0.45 0.46 0.46 0.48 0.49 0.5  0.51 0.51 0.52 0.53
 0.54 0.56 0.59 0.62 0.7  0.73 0.73 0.73 0.76 0.8  0.8  0.83 0.84 0.86
 0.87 0.88 0.93 0.96 0.99 1.03 1.03 1.1  1.15 1.26 1.32 1.33 1.34 1.45
 1.46 1.46 1.71 1.8 ]
var: 0.19553830555555554
| [0m28       [0m | [0m0.6768   [0m | [0m0.06695  [0m | [0m0.2681   [0m | [0m2.14     [0m |
[0.49 0.7  0.86 1.17 1.18 1.3  1.32 1.55 1.72 2.03 2.05 2.09 2.13 2.32
 2.38 2.42 2.47 2.47 2.49 2.5  2.71 2.71 2.72 2.79 2.87 2.91 2.93 3.02
 3.06 3.09 3.15 3.17 3.2  3.22 3.35 3.36 3.42 3.44 3.47 3.47 3.65 3.73
 3.96 4.02 4.04 4.11 4.21 4.57 4.76 4.87 5.08 5.12 5.16 5.38 5.49 5.63
 5.63 6.12 6.68]
var: 1.9473799482907195
| [0m29       [0m | [0m3.219    [0m | [0m0.2015   [0m | [0m11.43    [0m | [0m0.1501   [0m |
[0.13 0.19 0.21 0.21 0.21 0.24 0.29 0.33 0.36 0.37 0.39 0.4  0.41 0.43
 0.47 0.51 0.52 0.56 0.6  0.64 0.66 0.67 0.68 0.74 0.82 0.83 0.93 0.95
 1.06 1.06 1.13 1.15 1.17 1.17 1.22 1.25 1.33 1.35 1.38 1.41 1.42 1.51
 1.63 1.7  1.7  1.72 1.77 1.8  1.81 1.88 1.9  1.97 2.07 2.09 2.13 2.14
 2.6  2.6  2.68 2.84]
var: 0.5215816388888895
| [0m30       [0m | [0m1.14     [0m | [0m0.1674   [0m | [0m31.2     [0m | [0m2.432    [0m |
[0.03 0.07 0.1  0.1  0.12 0.17 0.21 0.21 0.28 0.3  0.32 0.35 0.43 0.46
 0.57 0.58 0.77 0.84 0.86 0.87 0.95 0.96 1.01 1.17 1.22 1.23 1.25 1.25
 1.25 1.3  1.37 1.41 1.43 1.45 1.46 1.48 1.56 1.59 1.62 1.71 1.8  1.81
 1.83 1.84 1.97 1.97 2.14 2.22 2.25 2.26 2.29 2.33 2.34 2.34 2.52 2.75
 2.78 2.96 3.32 4.89]
var: 0.898276
| [0m31       [0m | [0m1.382    [0m | [0m0.1202   [0m | [0m28.6     [0m | [0m1.472    [0m |
[0.   0.03 0.14 0.15 0.15 0.19 0.28 0.37 0.38 0.39 0.44 0.48 0.54 0.55
 0.58 0.6  0.64 0.7  0.73 0.75 0.78 0.88 0.89 0.94 0.95 0.95 0.95 1.01
 1.02 1.03 1.09 1.1  1.21 1.23 1.28 1.29 1.3  1.32 1.34 1.36 1.45 1.48
 1.49 1.5  1.64 1.76 1.81 1.83 1.91 1.92 1.95 2.02 2.14 2.31 2.36 2.36
 2.49 2.81 2.84 4.42]
var: 0.6751172222222229
| [0m32       [0m | [0m1.208    [0m | [0m0.2969   [0m | [0m29.18    [0m | [0m2.648    [0m |
[0.08 0.17 0.21 0.21 0.28 0.38 0.52 0.54 0.58 0.61 0.63 0.63 0.65 0.76
 0.77 0.77 0.85 0.85 0.88 0.9  0.94 0.94 0.97 1.02 1.06 1.09 1.1  1.19
 1.25 1.3  1.31 1.31 1.35 1.4  1.44 1.46 1.48 1.5  1.53 1.57 1.7  1.71
 1.77 1.78 1.79 1.83 1.88 1.98 2.15 2.16 2.47 2.59 2.72 2.73 2.86 3.15
 3.37 3.84 3.95 4.85]
var: 0.9711395555555559
| [0m33       [0m | [0m1.463    [0m | [0m0.09023  [0m | [0m26.67    [0m | [0m1.606    [0m |
[0.11 0.16 0.21 0.21 0.28 0.28 0.29 0.3  0.36 0.45 0.49 0.51 0.6  0.64
 0.65 0.67 0.68 0.7  0.74 0.76 0.77 0.8  0.83 0.86 0.89 0.91 0.93 0.95
 1.02 1.08 1.12 1.17 1.23 1.28 1.32 1.45 1.65 1.67 1.7  1.75 1.84 1.92
 1.97 1.97 2.   2.05 2.07 2.14 2.2  2.28 2.31 2.37 2.5  2.67 2.85 2.86
 2.88 3.02 3.16 3.94]
var: 0.820356972222222
| [0m34       [0m | [0m1.358    [0m | [0m0.1686   [0m | [0m0.9511   [0m | [0m0.7977   [0m |
[0.   0.01 0.02 0.04 0.05 0.05 0.08 0.11 0.11 0.12 0.15 0.16 0.16 0.17
 0.17 0.19 0.24 0.27 0.28 0.31 0.35 0.41 0.43 0.44 0.46 0.5  0.53 0.55
 0.58 0.6  0.61 0.62 0.65 0.65 0.65 0.68 0.68 0.71 0.72 0.84 0.87 0.88
 0.92 0.93 1.   1.05 1.12 1.14 1.22 1.24 1.37 1.44 1.45 1.53 1.54 1.76
 2.02 2.13 2.45 2.52]
var: 0.3775680833333335
| [0m35       [0m | [0m0.7155   [0m | [0m0.2873   [0m | [0m49.69    [0m | [0m2.582    [0m |
[0.09 0.11 0.13 0.14 0.24 0.26 0.3  0.34 0.35 0.42 0.48 0.49 0.55 0.57
 0.57 0.58 0.62 0.62 0.66 0.67 0.79 0.81 0.82 0.91 1.   1.02 1.03 1.05
 1.09 1.1  1.11 1.12 1.13 1.2  1.21 1.23 1.23 1.28 1.28 1.48 1.5  1.51
 1.58 1.6  1.73 1.86 1.94 2.   2.22 2.38 2.67 2.7  2.7  2.72 3.07 3.31
 3.36 3.49 5.5  6.48]
var: 1.4918855555555555
| [0m36       [0m | [0m1.407    [0m | [0m0.01112  [0m | [0m3.975    [0m | [0m2.759    [0m |
[0.05 0.08 0.08 0.1  0.13 0.13 0.14 0.18 0.29 0.34 0.47 0.49 0.53 0.66
 0.71 0.73 0.79 0.84 0.85 0.88 0.88 0.98 1.04 1.09 1.09 1.18 1.27 1.35
 1.46 1.55 1.58 1.66 1.69 1.89 1.92 1.93 2.02 2.06 2.07 2.08 2.09 2.11
 2.18 2.22 2.25 2.29 2.3  2.59 2.73 2.8  2.87 3.02 3.06 3.11 3.17 3.56
 3.6  3.9  4.4  4.44]
var: 1.3081254166666658
| [0m37       [0m | [0m1.633    [0m | [0m0.006707 [0m | [0m17.99    [0m | [0m1.368    [0m |
[0.04 0.06 0.07 0.09 0.09 0.09 0.12 0.12 0.13 0.13 0.13 0.15 0.16 0.17
 0.18 0.19 0.21 0.24 0.32 0.34 0.36 0.37 0.37 0.39 0.41 0.41 0.42 0.43
 0.46 0.46 0.48 0.53 0.56 0.59 0.62 0.62 0.65 0.65 0.69 0.7  0.71 0.74
 0.76 0.78 0.92 1.12 1.15 1.16 1.21 1.21 1.28 1.32 1.63 1.64 2.26 2.29
 2.35 2.64 3.85 3.89]
var: 0.7005527499999995
| [0m38       [0m | [0m0.7685   [0m | [0m0.2009   [0m | [0m49.52    [0m | [0m2.587    [0m |
[0.03 0.1  0.16 0.17 0.2  0.32 0.46 0.46 0.54 0.6  0.76 0.76 0.77 0.79
 0.81 0.85 0.89 0.9  0.92 0.94 1.05 1.07 1.16 1.16 1.21 1.26 1.31 1.35
 1.36 1.4  1.41 1.47 1.51 1.56 1.57 1.59 1.59 1.61 1.62 1.63 1.63 1.67
 1.72 1.75 1.75 1.77 1.85 1.98 2.08 2.09 2.16 2.22 2.24 2.57 2.66 2.67
 2.69 3.85 3.96 6.04]
var: 1.0044003055555553
| [0m39       [0m | [0m1.478    [0m | [0m0.07066  [0m | [0m10.84    [0m | [0m2.693    [0m |
[0.42 0.42 0.43 0.44 0.47 0.51 0.93 0.93 1.17 1.23 1.29 1.47 1.54 1.61
 1.63 1.77 1.96 1.99 2.04 2.07 2.1  2.1  2.17 2.35 2.41 2.42 2.51 2.6
 2.65 2.78 2.81 2.85 2.85 2.98 3.   3.07 3.11 3.17 3.23 3.25 3.25 3.3
 3.32 3.4  3.4  3.41 3.55 3.57 3.68 3.73 3.75 3.76 3.94 4.12 4.33 4.83
 5.25 5.45 5.8 ]
var: 1.6288084458488945
| [0m40       [0m | [0m2.62     [0m | [0m0.209    [0m | [0m35.69    [0m | [0m0.2871   [0m |
[0.   0.01 0.04 0.08 0.08 0.09 0.13 0.13 0.15 0.17 0.18 0.21 0.22 0.22
 0.22 0.22 0.23 0.24 0.25 0.25 0.25 0.26 0.27 0.28 0.29 0.3  0.3  0.3
 0.32 0.32 0.35 0.38 0.41 0.42 0.43 0.44 0.47 0.47 0.57 0.6  0.6  0.64
 0.71 0.76 0.77 0.77 0.77 0.83 0.94 1.01 1.08 1.19 1.19 1.37 1.42 1.56
 1.92 2.34 2.44 4.23]
var: 0.5033183055555558
| [0m41       [0m | [0m0.6182   [0m | [0m1e-08    [0m | [0m20.28    [0m | [0m0.001    [0m |
[0.06 0.12 0.12 0.14 0.14 0.17 0.22 0.29 0.37 0.44 0.45 0.45 0.53 0.53
 0.54 0.55 0.56 0.62 0.63 0.73 0.74 0.77 0.79 0.92 0.93 0.95 1.   1.07
 1.19 1.24 1.44 1.47 1.51 1.59 1.68 1.68 1.8  1.91 2.12 2.16 2.22 2.24
 2.45 2.48 2.68 2.77 2.94 2.96 3.07 3.16 3.22 3.3  3.94 4.41]
var: 1.2167241426611806
| [0m42       [0m | [0m1.416    [0m | [0m0.2343   [0m | [0m19.19    [0m | [0m0.419    [0m |
[ 0.57  1.13  1.32  1.42  1.56  1.57  1.66  1.72  1.87  1.9   2.09  2.09
  2.21  2.27  2.29  2.39  2.52  2.57  2.81  2.81  2.84  2.86  2.91  2.96
  3.01  3.01  3.06  3.3   3.41  3.43  3.44  3.47  3.52  3.53  3.67  3.7
  3.71  3.72  3.76  3.8   3.97  3.99  4.05  4.13  4.17  4.32  4.38  4.43
  4.51  4.55  4.81  5.    5.02  5.19  5.35  5.52  5.92  6.34  7.27 10.2 ]
var: 2.5565122222222234
| [95m43       [0m | [95m3.483    [0m | [95m0.0744   [0m | [95m11.43    [0m | [95m0.2567   [0m |
[0.08 0.11 0.15 0.24 0.41 0.41 0.46 0.5  0.51 0.54 0.75 0.8  0.83 0.87
 0.88 0.99 1.   1.   1.01 1.18 1.28 1.33 1.34 1.36 1.37 1.37 1.38 1.49
 1.52 1.54 1.54 1.58 1.59 1.64 1.83 1.89 1.95 2.05 2.06 2.07 2.21 2.24
 2.37 2.41 2.52 2.6  2.75 2.77 2.92 3.23 3.53 3.64 3.65 3.7  3.73 4.
 4.12 4.15 4.51 4.86]
var: 1.4698849722222223
| [0m44       [0m | [0m1.847    [0m | [0m0.2649   [0m | [0m20.83    [0m | [0m0.9086   [0m |
[0.12 0.61 0.76 0.86 1.49 1.92 1.93 2.04 2.06 2.17 2.41 2.58 2.63 2.67
 2.69 2.79 2.79 2.86 2.87 2.89 3.01 3.02 3.17 3.24 3.32 3.37 3.37 3.56
 3.68 3.73 3.79 3.82 3.85 3.93 3.94 3.94 3.99 4.08 4.09 4.15 4.15 4.27
 4.37 4.38 4.41 4.55 4.64 4.77 4.78 4.92 4.92 4.95 5.01 5.15 5.17 5.36
 5.47 5.5  5.66 7.96]
var: 1.95142988888889
| [95m45       [0m | [95m3.576    [0m | [95m0.2099   [0m | [95m9.946    [0m | [95m0.1866   [0m |
[0.1  0.15 0.16 0.2  0.24 0.3  0.31 0.43 0.47 0.55 0.65 0.69 0.73 0.74
 0.74 0.74 0.78 0.83 1.   1.22 1.24 1.25 1.34 1.41 1.49 1.5  1.56 1.61
 1.63 1.8  1.83 1.87 1.87 1.88 1.92 1.94 1.95 1.97 1.97 1.98 2.02 2.07
 2.19 2.22 2.23 2.24 2.29 2.38 2.42 2.42 2.64 2.68 2.68 2.79 2.94 3.17
 3.77 3.96 3.97 4.15]
var: 1.0136836388888881
| [0m46       [0m | [0m1.671    [0m | [0m0.2385   [0m | [0m15.65    [0m | [0m2.152    [0m |
[0.66 0.71 1.16 1.25 1.27 1.35 1.37 1.38 1.54 1.64 1.94 2.37 2.46 2.48
 2.52 2.54 2.6  2.65 2.96 2.98 3.05 3.09 3.14 3.18 3.22 3.24 3.25 3.36
 3.46 3.51 3.52 3.56 3.64 3.67 3.76 3.89 3.89 3.91 4.   4.04 4.07 4.15
 4.19 4.25 4.29 4.31 4.43 4.61 4.74 4.77 4.87 5.09 5.28 5.5  5.52 5.88
 5.92 6.78 6.97 9.72]
var: 2.680950972222221
| [0m47       [0m | [0m3.559    [0m | [0m0.1798   [0m | [0m10.22    [0m | [0m0.2544   [0m |
[0.41 0.51 0.72 0.84 0.88 1.21 1.26 1.31 1.39 1.51 1.63 1.79 1.83 1.84
 1.9  2.02 2.12 2.15 2.22 2.3  2.54 2.56 2.56 2.57 2.62 2.63 2.64 2.66
 2.7  2.76 2.78 2.88 2.97 3.04 3.08 3.17 3.2  3.27 3.39 3.54 3.7  3.87
 3.88 3.95 3.97 4.05 4.19 4.2  4.44 4.55 4.58 4.71 4.79 4.84 5.04 5.07
 5.19 5.6  7.48]
var: 2.0075807526572826
| [0m48       [0m | [0m2.975    [0m | [0m0.04247  [0m | [0m10.93    [0m | [0m0.3082   [0m |
[0.13 0.21 0.27 0.3  0.32 0.37 0.39 0.43 0.44 0.46 0.46 0.54 0.58 0.58
 0.61 0.62 0.78 0.89 0.91 1.08 1.11 1.16 1.17 1.24 1.3  1.33 1.44 1.45
 1.46 1.48 1.59 1.67 1.71 1.74 1.75 1.93 2.04 2.05 2.07 2.08 2.09 2.23
 2.35 2.37 2.49 2.61 2.62 2.68 2.95 3.03 3.1  3.48 3.71 4.21 4.44]
var: 1.1147216528925623
| [0m49       [0m | [0m1.573    [0m | [0m0.3      [0m | [0m10.01    [0m | [0m0.5534   [0m |
[0.01 0.04 0.06 0.08 0.11 0.12 0.13 0.13 0.14 0.15 0.26 0.26 0.33 0.37
 0.38 0.46 0.48 0.49 0.53 0.54 0.58 0.58 0.6  0.64 0.65 0.66 0.72 0.76
 0.76 0.79 0.79 0.83 0.84 0.84 0.99 1.   1.04 1.08 1.13 1.21 1.3  1.32
 1.35 1.36 1.4  1.43 1.5  1.55 1.63 1.64 1.72 1.74 1.81 1.95 2.05 2.12
 2.31 2.33 2.46 4.26]
var: 0.6069216388888894
| [0m50       [0m | [0m0.9798   [0m | [0m0.2516   [0m | [0m36.41    [0m | [0m1.973    [0m |
[0.   0.   0.   0.   0.   0.   0.   0.   0.   0.   0.   0.   0.   0.
 0.   0.   0.   0.   0.   0.   0.   0.   0.   0.   0.   0.   0.   0.
 0.   0.   0.   0.   0.   0.   0.   0.   0.   0.01 0.01 0.01 0.01 0.02
 0.03 0.04 0.04 0.04 0.05 0.06 0.06 0.06 0.06 0.08 0.08 0.11 0.12 0.15
 0.25 0.25 0.29 0.36]
var: 0.00573274999999998
| [0m51       [0m | [0m0.0365   [0m | [0m0.1005   [0m | [0m10.14    [0m | [0m0.001    [0m |
[0.09 0.25 0.44 0.56 0.57 0.71 0.71 0.75 0.76 0.77 0.89 0.91 0.96 1.06
 1.07 1.16 1.17 1.18 1.19 1.2  1.26 1.45 1.49 1.51 1.53 1.6  1.65 1.65
 1.67 1.69 1.72 1.86 1.87 1.88 1.9  2.05 2.07 2.07 2.17 2.22 2.22 2.22
 2.24 2.43 2.67 2.69 2.74 3.01 3.03 3.15 3.18 3.2  3.54 3.58 3.97 4.
 4.2  4.93 5.31 5.96]
var: 1.5514432222222216
| [0m52       [0m | [0m2.0      [0m | [0m0.1567   [0m | [0m9.995    [0m | [0m0.3645   [0m |
[ 0.59  1.12  1.23  1.4   1.78  1.8   1.89  1.98  2.02  2.05  2.11  2.25
  2.25  2.4   2.42  2.77  2.84  3.13  3.22  3.31  3.35  3.42  3.42  3.45
  3.48  3.52  3.57  3.66  3.72  3.75  3.82  3.97  4.02  4.04  4.1   4.16
  4.19  4.25  4.32  4.33  4.38  4.6   4.65  4.68  4.69  4.69  4.84  5.25
  5.54  5.65  5.73  5.73  5.75  5.77  5.81  5.9   6.3   9.14 11.82]
var: 3.4505134156851462
| [95m53       [0m | [95m3.899    [0m | [95m0.08844  [0m | [95m11.34    [0m | [95m0.2463   [0m |
[0.05 0.08 0.16 0.16 0.18 0.19 0.28 0.28 0.28 0.28 0.32 0.33 0.33 0.34
 0.38 0.39 0.42 0.48 0.5  0.58 0.58 0.6  0.61 0.63 0.67 0.77 0.82 0.84
 0.86 0.88 0.91 1.05 1.06 1.21 1.23 1.24 1.28 1.28 1.38 1.42 1.42 1.44
 1.47 1.48 1.54 1.56 1.62 1.67 1.76 1.78 1.85 1.89 2.02 2.06 2.1  2.27
 2.27 2.37 2.78 3.6 ]
var: 0.5788915555555557
| [0m54       [0m | [0m1.071    [0m | [0m0.1035   [0m | [0m31.52    [0m | [0m2.089    [0m |
[0.62 0.99 1.22 1.53 1.54 1.56 1.6  1.68 1.77 2.08 2.17 2.26 2.4  2.5
 2.51 2.67 2.7  2.72 2.76 2.79 2.79 2.81 2.82 2.83 3.08 3.11 3.15 3.18
 3.19 3.23 3.29 3.31 3.35 3.37 3.5  3.55 3.63 3.66 3.72 3.8  3.85 3.86
 3.97 4.   4.21 4.31 4.94 5.1  5.21 6.27 6.39 6.71 7.46 7.85 7.98 9.48]
var: 3.2464134885204103
| [0m55       [0m | [0m3.518    [0m | [0m0.08992  [0m | [0m11.32    [0m | [0m0.1243   [0m |
[0.2  0.4  0.44 0.53 1.16 1.27 1.45 1.63 1.66 1.7  1.7  1.73 1.74 1.74
 1.78 1.8  2.04 2.08 2.1  2.16 2.17 2.2  2.21 2.29 2.33 2.35 2.4  2.61
 2.79 2.8  2.81 2.83 3.06 3.16 3.29 3.35 3.43 3.52 3.59 3.69 3.82 3.85
 3.94 4.08 4.14 4.19 4.39 4.42 4.43 4.74 4.8  4.89 5.   5.13 5.34 5.38
 5.44 5.61 6.19 6.21]
var: 2.2405065555555543
| [0m56       [0m | [0m3.036    [0m | [0m0.1487   [0m | [0m11.25    [0m | [0m0.285    [0m |
[0.22 1.18 1.47 1.51 1.62 1.81 1.88 1.9  1.92 2.09 2.17 2.18 2.22 2.23
 2.23 2.33 2.39 2.44 2.64 2.75 2.82 2.83 2.87 2.87 2.92 3.   3.24 3.28
 3.3  3.36 3.37 3.45 3.46 3.55 3.55 3.91 3.96 4.05 4.11 4.11 4.26 4.41
 4.61 4.75 4.8  5.11 5.11 5.74 5.79 5.83 5.89 5.93 6.02 6.03 6.1  7.35
 7.55 9.73]
var: 3.173704994054699
| [0m57       [0m | [0m3.659    [0m | [0m0.2886   [0m | [0m10.1     [0m | [0m0.2311   [0m |
[0.05 0.06 0.1  0.13 0.14 0.16 0.17 0.18 0.24 0.27 0.29 0.34 0.36 0.37
 0.48 0.52 0.64 0.65 0.65 0.75 0.76 0.81 0.88 0.89 0.91 0.94 1.06 1.16
 1.17 1.18 1.18 1.26 1.34 1.37 1.37 1.42 1.43 1.43 1.46 1.53 1.54 1.66
 1.75 1.82 1.83 1.87 1.91 1.93 2.22 2.23 2.26 2.44 2.59 2.62 2.7  3.2
 3.21 3.31 3.41 3.42]
var: 0.8803865555555555
| [0m58       [0m | [0m1.3      [0m | [0m0.2174   [0m | [0m39.01    [0m | [0m0.8042   [0m |
[0.   0.01 0.02 0.02 0.02 0.02 0.08 0.09 0.12 0.14 0.16 0.17 0.17 0.25
 0.25 0.27 0.29 0.3  0.32 0.35 0.39 0.44 0.49 0.5  0.5  0.55 0.55 0.6
 0.62 0.64 0.67 0.68 0.71 0.73 0.88 0.89 0.9  0.94 0.97 1.   1.07 1.09
 1.11 1.16 1.16 1.19 1.22 1.27 1.33 1.51 1.61 1.69 1.78 1.82 1.9  1.94
 1.99 2.08 2.32 2.73]
var: 0.4415369722222218
| [0m59       [0m | [0m0.8112   [0m | [0m0.2139   [0m | [0m40.62    [0m | [0m2.722    [0m |
[0.64 1.74 1.96 2.12 2.26 2.31 2.32 2.35 2.51 2.58 2.6  2.75 2.77 2.79
 2.93 3.05 3.36 3.36 3.41 3.48 3.53 3.6  3.61 3.97 4.17 4.24 4.29 4.31
 4.32 4.39 4.45 4.55 4.59 4.64 4.65 4.68 4.69 4.77 4.84 4.89 4.9  5.01
 5.02 5.06 5.4  5.47 5.66 5.71 5.85 6.46 6.76 7.09 7.58 8.51 9.39]
var: 2.825213685950413
| [95m60       [0m | [95m4.224    [0m | [95m0.01202  [0m | [95m11.34    [0m | [95m0.251    [0m |
[0.   0.   0.   0.   0.   0.06 0.07 0.15 0.19 0.25 0.36 0.49 0.52 0.53
 0.54 0.54 0.61 0.68 0.69 0.73 0.76 0.9  1.02 1.03 1.15 1.15 1.21 1.28
 1.55 1.7  1.74 1.85 1.85 1.94 1.94 2.03 2.14 2.19 2.31 2.68 2.87 3.13
 3.2  3.23 3.31 3.34 3.48 3.69 3.88 3.97 3.97 4.04 4.25 4.33 4.41 4.82
 5.9  8.66]
var: 3.0826989595719394
| [0m61       [0m | [0m1.954    [0m | [0m1e-08    [0m | [0m11.22    [0m | [0m0.2184   [0m |
[0.07 0.19 0.21 0.23 0.35 0.57 0.57 0.68 0.75 0.81 0.83 0.85 0.92 1.
 1.03 1.06 1.07 1.15 1.28 1.37 1.37 1.66 1.7  1.7  1.73 1.75 1.84 1.88
 1.93 1.94 1.99 2.09 2.17 2.19 2.39 2.43 2.45 2.52 2.56 2.64 2.65 2.76
 2.77 2.77 3.03 3.04 3.08 3.17 3.21 3.26 3.59 3.85 4.   4.5  4.61 4.89
 5.36]
var: 1.5614496768236379
| [0m62       [0m | [0m2.043    [0m | [0m0.1938   [0m | [0m10.29    [0m | [0m0.3431   [0m |
[0.43 1.24 2.01 2.03 2.08 2.14 2.21 2.27 2.31 2.52 2.85 2.85 3.15 3.17
 3.48 3.52 3.6  3.63 3.67 3.73 4.05 4.13 4.14 4.27 4.34 4.35 4.4  4.47
 4.56 4.65 4.75 5.11 5.12 5.13 5.15 5.25 5.29 5.32 5.34 5.46 5.73 5.8
 5.8  5.82 6.14 6.15 6.22 6.26 6.29 6.39 6.73 6.78 6.99 7.41 7.48 7.77
 9.26 9.87]
var: 3.5950432818073734
| [95m63       [0m | [95m4.673    [0m | [95m0.005073 [0m | [95m11.39    [0m | [95m0.1842   [0m |
[0.94 1.35 1.56 1.71 1.85 1.86 2.08 2.22 2.23 2.31 2.43 2.5  2.53 2.68
 2.68 2.77 2.79 2.8  2.96 3.05 3.17 3.18 3.18 3.2  3.46 3.5  3.52 3.58
 3.78 3.79 3.8  3.94 3.95 4.1  4.11 4.11 4.21 4.22 4.27 4.33 4.44 4.48
 4.6  4.63 4.63 4.68 4.76 4.97 4.99 5.   5.04 5.1  5.19 5.29 5.56 5.85
 6.   6.02 6.06]
var: 1.5941300201091644
| [0m64       [0m | [0m3.695    [0m | [0m0.1777   [0m | [0m19.52    [0m | [0m0.2397   [0m |
[0.32 0.5  1.   1.18 1.35 1.76 1.91 1.95 2.03 2.29 2.48 2.65 2.67 2.77
 2.83 2.84 2.86 2.88 2.89 2.92 3.   3.   3.06 3.15 3.17 3.23 3.23 3.25
 3.26 3.36 3.4  3.43 3.75 3.84 3.9  3.9  4.16 4.28 4.29 4.3  4.31 4.44
 4.61 4.98 5.04 5.35 5.66 5.69 6.45 7.13]
var: 1.9414680000000006
| [0m65       [0m | [0m3.334    [0m | [0m0.02597  [0m | [0m11.35    [0m | [0m0.1184   [0m |
[0.59 0.61 0.88 1.58 1.83 1.95 2.05 2.11 2.25 2.35 2.37 2.42 2.43 2.49
 2.55 2.56 2.56 2.81 2.82 2.86 2.92 2.92 2.93 2.96 3.04 3.12 3.18 3.2
 3.31 3.38 3.39 3.56 3.63 3.72 3.92 3.97 4.01 4.03 4.23 4.3  4.43 4.52
 4.64 4.65 4.77 4.79 4.88 4.93 4.95 5.01 5.19 5.19 5.57 5.86 5.95 6.23
 6.48 7.4 ]
var: 2.0884276159334125
| [0m66       [0m | [0m3.573    [0m | [0m0.2534   [0m | [0m19.42    [0m | [0m0.2488   [0m |
[0.98 1.13 1.39 1.45 1.5  1.69 1.84 1.88 2.04 2.08 2.1  2.17 2.19 2.44
 2.46 2.64 2.65 2.7  2.77 2.81 2.87 2.95 3.03 3.1  3.29 3.36 3.47 3.58
 3.6  3.66 3.7  3.73 3.77 3.77 3.79 3.8  3.82 3.9  3.91 3.94 4.07 4.07
 4.09 4.1  4.12 4.2  4.42 4.45 4.67 4.79 4.84 4.91 5.11 5.14 5.23 5.29
 5.4  5.64 6.59 6.72]
var: 1.6798855555555556
| [0m67       [0m | [0m3.497    [0m | [0m0.1202   [0m | [0m19.45    [0m | [0m0.2455   [0m |
[0.06 0.12 0.12 0.18 0.22 0.28 0.32 0.45 0.45 0.52 0.53 0.55 0.59 0.84
 0.94 0.95 0.97 0.98 0.98 0.99 1.   1.01 1.04 1.04 1.14 1.22 1.25 1.25
 1.27 1.31 1.39 1.41 1.5  1.54 1.69 1.83 1.87 1.88 2.07 2.08 2.08 2.23
 2.27 2.33 2.39 2.4  2.49 2.64 2.76 3.04 3.11 3.14 3.3  3.31 3.61 3.68
 4.46 4.49 5.22 5.81]
var: 1.6686983055555553
| [0m68       [0m | [0m1.743    [0m | [0m0.1757   [0m | [0m13.7     [0m | [0m0.8856   [0m |
[0.1  0.16 0.22 0.34 0.37 0.39 0.42 0.47 0.5  0.61 0.62 0.67 0.71 0.79
 0.86 0.92 0.93 1.1  1.11 1.22 1.31 1.42 1.48 1.54 1.57 1.57 1.67 1.7
 1.71 1.71 1.79 1.85 1.94 1.98 2.02 2.11 2.11 2.11 2.14 2.35 2.36 2.52
 2.61 2.64 2.71 2.76 2.81 2.81 3.09 3.11 3.37 3.42 3.46 3.55 3.6  3.92
 3.95 4.15]
var: 1.1941380796670638
| [0m69       [0m | [0m1.818    [0m | [0m0.1857   [0m | [0m13.26    [0m | [0m0.7072   [0m |
[0.   0.   0.   0.01 0.03 0.09 0.12 0.12 0.14 0.15 0.24 0.43 0.5  0.51
 0.64 0.72 0.93 0.93 0.98 1.02 1.02 1.06 1.08 1.17 1.2  1.21 1.24 1.27
 1.33 1.34 1.39 1.43 1.46 1.47 1.54 1.68 1.68 1.7  1.75 1.77 1.81 2.
 2.3  2.32 2.35 2.38 2.58 2.79 2.85 3.   3.   3.04 3.06 3.29 3.54 3.83
 3.96 4.4  4.85 5.32]
var: 1.6373932222222223
| [0m70       [0m | [0m1.634    [0m | [0m1e-08    [0m | [0m11.47    [0m | [0m0.1669   [0m |
[1.15 1.19 1.32 1.4  1.65 1.66 1.74 2.   2.   2.04 2.07 2.21 2.24 2.27
 2.35 2.4  2.44 2.54 2.66 2.77 2.8  2.82 2.92 2.92 2.96 3.   3.09 3.09
 3.11 3.21 3.28 3.33 3.47 3.52 3.55 3.59 3.65 3.66 3.76 3.92 4.07 4.15
 4.16 4.18 4.2  4.24 4.25 4.49 4.52 4.6  4.73 4.87 4.9  4.96 5.09 5.54
 6.38 6.45]
var: 1.5117277348394778
| [0m71       [0m | [0m3.302    [0m | [0m0.2161   [0m | [0m19.44    [0m | [0m0.1821   [0m |
[0.14 0.15 0.16 0.21 0.27 0.29 0.36 0.36 0.49 0.49 0.51 0.56 0.56 0.58
 0.61 0.66 0.7  0.71 0.71 0.74 0.76 0.77 0.81 0.86 0.89 0.96 1.01 1.02
 1.02 1.09 1.11 1.14 1.19 1.19 1.2  1.41 1.47 1.52 1.52 1.55 1.58 1.61
 1.62 1.63 1.76 1.76 1.8  1.96 1.97 2.03 2.12 2.15 2.19 2.3  2.37 2.46
 2.89 2.98 3.06 3.23]
var: 0.6146432222222222
| [0m72       [0m | [0m1.254    [0m | [0m0.05846  [0m | [0m1.129    [0m | [0m1.461    [0m |
[0.76 0.83 1.   1.29 1.77 1.88 1.98 2.09 2.32 2.46 2.47 2.54 2.56 2.6
 2.77 2.81 2.82 2.85 2.95 2.97 3.02 3.03 3.14 3.2  3.31 3.31 3.52 3.56
 3.58 3.63 3.73 3.83 3.86 4.   4.06 4.15 4.21 4.26 4.28 4.57 4.73 4.82
 5.07 5.16 5.17 5.21 5.21 5.27 5.29 5.32 5.35 5.35 5.45 5.6  6.01 6.03
 6.49 6.89 6.89 7.42]
var: 2.3977783333333336
| [0m73       [0m | [0m3.845    [0m | [0m0.1857   [0m | [0m9.955    [0m | [0m0.2091   [0m |
[0.36 0.74 0.83 0.99 1.01 1.23 1.26 1.51 1.52 1.74 1.74 1.77 1.79 1.79
 1.86 1.91 1.99 2.   2.02 2.13 2.14 2.2  2.3  2.36 2.49 2.62 2.74 2.75
 2.75 2.76 2.82 2.89 3.04 3.12 3.23 3.29 3.32 3.52 3.61 3.71 3.77 3.78
 3.88 3.89 3.94 4.09 4.11 4.15 4.22 4.37 4.39 4.54 4.56 4.81 5.27 5.36
 6.25 6.66]
var: 1.8748492568370987
| [0m74       [0m | [0m2.929    [0m | [0m0.2374   [0m | [0m10.04    [0m | [0m0.2686   [0m |
[0.   0.   0.02 0.06 0.07 0.1  0.13 0.13 0.14 0.17 0.2  0.27 0.29 0.31
 0.33 0.34 0.34 0.36 0.37 0.41 0.43 0.47 0.47 0.49 0.49 0.5  0.52 0.52
 0.53 0.54 0.54 0.55 0.55 0.67 0.69 0.73 0.75 0.76 0.78 0.81 0.84 0.88
 0.9  0.91 0.91 0.94 0.98 1.08 1.16 1.17 1.24 1.26 1.26 1.33 1.41 1.41
 2.05 2.28 2.48 3.29]
var: 0.3867583055555556
| [0m75       [0m | [0m0.7268   [0m | [0m0.1484   [0m | [0m46.22    [0m | [0m2.494    [0m |
[0.16 0.19 0.22 0.28 0.28 0.32 0.4  0.41 0.45 0.45 0.46 0.48 0.5  0.54
 0.64 0.64 0.66 0.68 0.73 0.75 0.78 0.79 0.82 0.84 0.86 0.87 0.93 1.04
 1.11 1.12 1.12 1.16 1.24 1.24 1.25 1.27 1.3  1.32 1.47 1.5  1.56 1.61
 1.74 1.75 1.9  2.09 2.09 2.11 2.35 2.59 2.77 2.84 2.86 3.01 3.73 3.82
 4.34 4.53 4.96]
var: 1.2941231829933937
| [0m76       [0m | [0m1.422    [0m | [0m0.1172   [0m | [0m19.47    [0m | [0m0.4143   [0m |
[0.41 0.56 1.36 1.45 1.54 1.59 1.93 1.98 1.98 2.01 2.21 2.33 2.33 2.35
 2.58 2.74 2.92 2.99 3.32 3.33 3.45 3.46 3.49 3.61 3.68 3.7  3.71 3.72
 3.76 3.79 3.81 3.84 4.   4.06 4.13 4.18 4.18 4.29 4.3  4.32 4.32 4.4
 4.4  4.72 4.82 4.99 5.03 5.42 5.5  5.56 5.62 5.85 5.9  6.1  6.12 6.36
 6.36 7.04 7.1  7.42]
var: 2.603283222222221
| [0m77       [0m | [0m3.874    [0m | [0m0.04026  [0m | [0m11.37    [0m | [0m0.1997   [0m |
[0.17 0.82 0.82 1.17 1.25 1.57 1.59 1.71 1.71 1.82 1.96 2.01 2.05 2.2
 2.21 2.26 2.3  2.36 2.38 2.44 2.56 2.58 2.68 2.7  2.71 2.77 2.83 2.87
 3.06 3.12 3.23 3.28 3.41 3.43 3.43 3.54 3.59 3.6  3.62 3.67 3.67 3.76
 3.81 3.82 3.88 3.88 3.88 4.02 4.09 4.54 4.56 4.67 4.67 4.8  4.82 4.88
 5.01 5.33 9.7 ]
var: 2.0829474288997423
| [0m78       [0m | [0m3.14     [0m | [0m0.1842   [0m | [0m11.34    [0m | [0m0.1579   [0m |
[0.04 0.09 0.16 0.22 0.35 0.65 0.67 0.7  0.86 0.94 1.02 1.08 1.11 1.17
 1.18 1.19 1.21 1.24 1.4  1.41 1.48 1.51 1.57 1.59 1.7  1.74 1.81 1.89
 1.92 1.93 1.97 2.02 2.03 2.08 2.12 2.17 2.2  2.23 2.24 2.27 2.41 2.56
 2.64 2.65 2.83 2.91 3.09 3.15 3.29 3.33 3.39 3.56 3.58 3.61 3.71 3.85
 3.87 4.26 4.5  4.82]
var: 1.3261236388888882
| [0m79       [0m | [0m2.053    [0m | [0m0.2395   [0m | [0m7.983    [0m | [0m1.618    [0m |
[0.09 0.32 0.44 0.48 0.54 0.85 1.13 1.31 1.44 1.48 1.51 1.53 1.53 1.53
 1.67 1.69 1.71 1.82 2.02 2.04 2.28 2.41 2.45 2.5  2.52 2.65 2.91 2.99
 3.05 3.19 3.3  3.33 3.43 3.57 3.57 3.65 3.84 3.85 3.85 3.86 3.95 4.35
 4.4  4.4  4.44 4.5  4.75 4.83 5.   5.24 5.44 5.49 5.66 5.9  5.94 5.96
 6.11 6.41 6.77 6.92]
var: 3.2048794166666656
| [0m80       [0m | [0m3.247    [0m | [0m0.008144 [0m | [0m11.41    [0m | [0m0.3106   [0m |
=============================================================
None
num_trials:  40  inits,  40  iters,  60  per
rho:  10
pthin:  0.50

Best VPT: 4.673448275862069
Best result: {'a': 0.005073193097498166, 'g': 11.38937392811734, 's': 0.18420917290678182}

KERNEL: nu=1.5, lengthscale=2.0, alpha=0.0005
