|   iter    |  target   |     a     |     g     |     s     |
-------------------------------------------------------------
[0.1  0.16 0.16 0.17 0.26 0.28 0.36 0.36 0.36 0.4  0.46 0.56 0.58 0.74
 0.75 0.76 0.81 0.82 0.83 0.84 0.85 0.85 0.86 0.87 0.98 1.03 1.1  1.1
 1.1  1.15 1.15 1.16 1.17 1.2  1.21 1.21 1.23 1.24 1.39 1.42 1.44 1.6
 1.62 1.65 1.81 1.81 2.04 2.05 2.05 2.38 2.47 2.51 2.56 2.59 3.21 3.25
 3.25 3.62 4.4  5.  ]
var: 1.0822889999999996
| [0m1        [0m | [0m1.389    [0m | [0m0.29     [0m | [0m9.653    [0m | [0m0.9626   [0m |
[0.2  0.54 0.55 0.6  0.72 0.73 0.75 0.77 0.82 0.9  0.97 1.01 1.07 1.1
 1.17 1.21 1.27 1.28 1.4  1.42 1.49 1.49 1.56 1.57 1.59 1.61 1.66 1.68
 1.71 1.78 1.83 1.85 1.94 2.03 2.04 2.1  2.22 2.32 2.47 2.58 2.62 2.63
 2.79 2.89 2.95 2.99 3.02 3.13 3.29 3.3  3.34 3.38 3.4  3.6  3.8  3.86
 3.9  3.93 4.26 4.59]
var: 1.1847003055555556
| [95m2        [0m | [95m2.061    [0m | [95m0.09077  [0m | [95m26.49    [0m | [95m0.2504   [0m |
[0.04 0.04 0.15 0.17 0.17 0.18 0.18 0.19 0.27 0.31 0.33 0.33 0.54 0.59
 0.6  0.71 0.72 0.73 0.77 0.79 0.8  0.81 0.83 0.87 0.89 0.92 0.94 0.94
 0.95 0.98 0.98 0.99 1.03 1.06 1.24 1.31 1.32 1.42 1.51 1.54 1.56 1.64
 1.67 1.69 1.71 1.73 1.75 1.82 1.83 1.95 2.07 2.08 2.1  2.21 2.29 2.33
 2.62 2.74 2.98 3.  ]
var: 0.5896916388888888
| [0m3        [0m | [0m1.182    [0m | [0m0.01485  [0m | [0m2.167    [0m | [0m1.097    [0m |
[0.05 0.08 0.08 0.09 0.1  0.1  0.11 0.13 0.22 0.23 0.28 0.32 0.48 0.48
 0.48 0.51 0.53 0.54 0.54 0.6  0.64 0.66 0.74 0.76 0.82 0.85 0.86 0.91
 0.93 0.98 1.01 1.04 1.07 1.1  1.16 1.19 1.26 1.26 1.28 1.29 1.43 1.49
 1.52 1.58 1.58 1.59 1.67 1.73 1.86 1.99 2.   2.08 2.11 2.21 2.25 2.27
 2.39 2.59 2.68 2.75]
var: 0.5625903055555553
| [0m4        [0m | [0m1.092    [0m | [0m0.1256   [0m | [0m49.06    [0m | [0m0.58     [0m |
[0.   0.   0.03 0.06 0.08 0.1  0.11 0.13 0.14 0.14 0.17 0.18 0.21 0.24
 0.26 0.27 0.27 0.31 0.34 0.35 0.35 0.37 0.39 0.43 0.46 0.46 0.46 0.47
 0.48 0.5  0.51 0.52 0.55 0.57 0.6  0.61 0.62 0.62 0.66 0.67 0.68 0.68
 0.69 0.7  0.71 0.71 0.73 0.75 0.77 0.78 0.78 0.87 0.92 1.05 1.09 1.12
 1.14 1.35 1.44 2.04]
var: 0.14624497222222207
| [0m5        [0m | [0m0.5448   [0m | [0m0.2982   [0m | [0m0.8112   [0m | [0m2.969    [0m |
[0.   0.04 0.05 0.06 0.06 0.07 0.08 0.12 0.12 0.15 0.16 0.16 0.22 0.22
 0.23 0.25 0.28 0.29 0.34 0.36 0.39 0.4  0.4  0.45 0.47 0.5  0.56 0.6
 0.63 0.67 0.74 0.76 0.82 0.83 0.86 0.87 0.88 0.89 1.02 1.07 1.17 1.18
 1.2  1.23 1.34 1.37 1.45 1.45 1.53 1.57 1.63 1.63 1.68 1.75 1.85 1.96
 2.13 2.15 2.18 2.82]
var: 0.4605656666666668
| [0m6        [0m | [0m0.839    [0m | [0m0.01887  [0m | [0m49.15    [0m | [0m2.87     [0m |
[0.02 0.03 0.06 0.11 0.11 0.12 0.17 0.17 0.21 0.24 0.39 0.39 0.39 0.4
 0.4  0.42 0.45 0.47 0.51 0.56 0.57 0.62 0.66 0.71 0.75 0.81 0.83 0.86
 0.92 0.97 0.98 0.99 1.01 1.01 1.03 1.05 1.07 1.07 1.07 1.13 1.16 1.25
 1.25 1.3  1.36 1.37 1.37 1.41 1.43 1.44 1.52 1.6  1.65 1.72 1.76 1.82
 1.99 2.14 2.42 3.53]
var: 0.4368665555555555
| [0m7        [0m | [0m0.9537   [0m | [0m0.05686  [0m | [0m49.94    [0m | [0m1.194    [0m |
[0.07 0.09 0.1  0.1  0.12 0.13 0.14 0.24 0.26 0.32 0.32 0.33 0.34 0.36
 0.41 0.47 0.54 0.61 0.63 0.72 0.74 0.76 0.78 0.8  0.87 0.89 0.97 1.07
 1.08 1.11 1.13 1.17 1.18 1.19 1.2  1.21 1.25 1.28 1.3  1.31 1.38 1.42
 1.45 1.49 1.55 1.57 1.62 1.63 1.67 1.7  1.81 1.89 1.89 1.94 2.11 2.15
 2.25 2.57 3.12 3.55]
var: 0.5678343055555557
| [0m8        [0m | [0m1.106    [0m | [0m0.2736   [0m | [0m42.57    [0m | [0m0.8057   [0m |
[0.08 0.11 0.24 0.29 0.32 0.39 0.43 0.52 0.58 0.59 0.6  0.61 0.72 0.73
 0.76 0.77 0.82 0.83 0.91 0.93 0.95 0.99 1.03 1.04 1.07 1.07 1.12 1.12
 1.22 1.23 1.28 1.36 1.37 1.41 1.43 1.43 1.44 1.5  1.56 1.6  1.61 1.74
 1.75 1.76 1.84 1.88 2.03 2.05 2.06 2.07 2.15 2.25 2.26 2.65 2.72 2.79
 3.8  3.97 3.98 5.98]
var: 1.1007883055555565
| [0m9        [0m | [0m1.463    [0m | [0m0.0765   [0m | [0m7.135    [0m | [0m2.109    [0m |
[0.1  0.16 0.17 0.26 0.33 0.42 0.43 0.5  0.52 0.6  0.67 0.75 0.77 0.81
 0.82 0.86 0.87 0.91 0.91 0.93 0.97 0.99 0.99 1.02 1.04 1.14 1.18 1.25
 1.3  1.37 1.41 1.42 1.66 1.75 1.76 1.91 1.92 1.99 2.   2.01 2.01 2.01
 2.02 2.03 2.04 2.08 2.13 2.16 2.18 2.31 2.31 2.33 2.51 2.53 2.62 2.62
 2.77 2.96 3.19 3.29]
var: 0.6715803055555548
| [0m10       [0m | [0m1.483    [0m | [0m0.118    [0m | [0m2.462    [0m | [0m0.6143   [0m |
[0.08 0.16 0.19 0.22 0.27 0.3  0.32 0.38 0.41 0.43 0.45 0.45 0.51 0.53
 0.54 0.68 0.68 0.7  0.72 0.73 0.74 0.74 0.75 0.8  0.8  0.85 0.96 0.98
 1.02 1.06 1.06 1.06 1.06 1.06 1.08 1.15 1.21 1.32 1.36 1.39 1.39 1.41
 1.51 1.75 1.79 1.79 2.   2.   2.06 2.07 2.3  2.33 2.4  2.42 2.45 2.46
 2.62 2.74 3.45 4.88]
var: 0.8189732222222221
| [0m11       [0m | [0m1.25     [0m | [0m0.1638   [0m | [0m7.028    [0m | [0m2.347    [0m |
[0.01 0.13 0.13 0.13 0.21 0.26 0.35 0.36 0.36 0.37 0.4  0.41 0.43 0.44
 0.49 0.5  0.53 0.54 0.57 0.59 0.59 0.62 0.66 0.68 0.73 0.73 0.73 0.74
 0.77 0.87 0.92 0.94 0.95 0.97 0.97 1.01 1.06 1.06 1.12 1.15 1.2  1.21
 1.22 1.25 1.26 1.29 1.43 1.77 1.83 1.86 1.95 1.99 2.01 2.14 2.22 2.35
 2.36 2.7  2.79 3.35]
var: 0.5510478888888888
| [0m12       [0m | [0m1.044    [0m | [0m0.2197   [0m | [0m48.34    [0m | [0m1.093    [0m |
[0.03 0.04 0.08 0.13 0.18 0.18 0.22 0.23 0.27 0.3  0.31 0.32 0.36 0.36
 0.36 0.37 0.38 0.39 0.44 0.47 0.5  0.54 0.58 0.62 0.68 0.72 0.74 0.78
 0.78 0.82 0.82 0.84 0.86 0.86 0.87 0.9  0.97 0.97 0.99 1.06 1.12 1.12
 1.29 1.31 1.35 1.38 1.46 1.52 1.64 1.76 1.77 1.88 1.97 2.04 2.07 2.22
 2.45 2.55 2.66 4.73]
var: 0.6896460833333343
| [0m13       [0m | [0m0.9935   [0m | [0m0.2104   [0m | [0m5.523    [0m | [0m2.869    [0m |
[0.06 0.08 0.22 0.26 0.32 0.33 0.38 0.41 0.46 0.51 0.58 0.6  0.61 0.7
 0.74 0.76 0.77 0.78 0.78 0.78 0.84 0.88 0.92 0.98 1.11 1.13 1.28 1.36
 1.4  1.43 1.5  1.54 1.57 1.58 1.77 1.95 1.95 2.   2.   2.06 2.18 2.19
 2.2  2.25 2.27 2.28 2.31 2.53 2.55 2.74 3.2  3.34 3.36 3.5  3.73 3.75
 3.86 4.57 4.88 5.58]
var: 1.5942443055555562
| [0m14       [0m | [0m1.711    [0m | [0m0.2457   [0m | [0m4.285    [0m | [0m0.5506   [0m |
[0.47 0.74 1.07 1.17 1.2  1.42 1.7  1.77 1.77 1.93 2.04 2.12 2.28 2.52
 2.53 2.56 2.56 2.58 2.58 2.64 2.7  2.7  2.7  2.75 2.92 2.99 3.12 3.12
 3.25 3.28 3.39 3.39 3.56 3.64 3.66 3.73 3.78 3.86 4.01 4.03 4.05 4.21
 4.23 4.24 4.36 4.39 4.4  4.48 4.5  4.5  4.85 4.89 4.92 5.04 5.22 5.23
 5.62 5.97 6.19 8.51]
var: 2.1506480833333317
| [95m15       [0m | [95m3.401    [0m | [95m0.1399   [0m | [95m9.95     [0m | [95m0.06854  [0m |
[0.06 0.07 0.11 0.16 0.19 0.26 0.44 0.48 0.54 0.55 0.57 0.6  0.62 0.7
 0.72 0.78 0.79 0.83 0.94 0.95 1.   1.01 1.01 1.02 1.03 1.04 1.09 1.12
 1.2  1.22 1.23 1.26 1.33 1.43 1.44 1.56 1.56 1.62 1.64 1.65 1.66 1.68
 1.81 1.82 1.85 1.85 1.94 2.11 2.13 2.14 2.17 2.18 2.18 2.37 2.44 2.77
 2.88 3.2  4.   4.26]
var: 0.7897412222222222
| [0m16       [0m | [0m1.388    [0m | [0m0.09384  [0m | [0m11.58    [0m | [0m2.13     [0m |
[0.06 0.07 0.09 0.1  0.11 0.22 0.25 0.26 0.39 0.43 0.46 0.5  0.55 0.55
 0.63 0.66 0.67 0.67 0.74 0.75 0.75 0.76 0.78 0.79 0.82 0.82 0.83 0.85
 0.86 0.86 0.87 0.88 0.88 0.88 0.89 0.92 0.95 0.97 0.98 0.98 0.99 1.
 1.   1.   1.01 1.02 1.08 1.2  1.23 1.27 1.33 1.43 1.49 1.57 1.6  1.65
 1.66 1.99 2.01 2.09]
var: 0.22060833333333335
| [0m17       [0m | [0m0.885    [0m | [0m0.1543   [0m | [0m33.86    [0m | [0m2.94     [0m |
[0.04 0.18 0.2  0.22 0.27 0.29 0.38 0.42 0.47 0.55 0.68 0.69 0.75 0.75
 0.76 0.78 0.92 0.93 0.94 0.96 1.03 1.12 1.13 1.19 1.2  1.2  1.21 1.24
 1.25 1.26 1.32 1.37 1.44 1.48 1.5  1.5  1.53 1.58 1.64 1.68 1.68 1.7
 1.76 1.77 1.78 1.86 1.86 1.91 1.98 1.99 2.27 2.32 2.47 2.55 2.61 2.77
 2.85 2.86 2.98 3.33]
var: 0.6054909722222227
| [0m18       [0m | [0m1.389    [0m | [0m0.1016   [0m | [0m43.05    [0m | [0m0.8573   [0m |
[0.03 0.06 0.15 0.17 0.2  0.25 0.29 0.36 0.41 0.45 0.49 0.54 0.6  0.67
 0.69 0.69 0.7  0.71 0.82 0.83 0.85 0.85 0.87 0.87 0.88 0.92 0.95 0.99
 1.01 1.01 1.07 1.1  1.12 1.12 1.12 1.2  1.21 1.3  1.35 1.41 1.45 1.48
 1.5  1.53 1.56 1.57 1.63 1.83 1.91 1.93 2.11 2.15 2.25 2.28 2.32 2.36
 2.42 2.64 2.79 4.27]
var: 0.6268383055555556
| [0m19       [0m | [0m1.205    [0m | [0m0.05885  [0m | [0m5.435    [0m | [0m2.756    [0m |
[0.09 0.12 0.17 0.26 0.32 0.42 0.47 0.54 0.56 0.57 0.64 0.66 0.67 0.68
 0.68 0.71 0.76 0.83 0.88 0.89 0.89 0.92 0.92 0.93 0.94 0.94 0.97 1.07
 1.11 1.13 1.16 1.18 1.18 1.19 1.24 1.25 1.28 1.29 1.34 1.36 1.36 1.43
 1.49 1.55 1.63 1.67 1.72 1.97 2.07 2.17 2.27 2.36 2.59 2.74 2.9  3.06
 3.13 3.28 3.47 3.53]
var: 0.7395522222222229
| [0m20       [0m | [0m1.327    [0m | [0m0.1569   [0m | [0m3.762    [0m | [0m1.49     [0m |
[0.02 0.08 0.09 0.14 0.16 0.42 0.42 0.43 0.43 0.43 0.49 0.53 0.58 0.58
 0.59 0.62 0.68 0.68 0.73 0.78 0.83 0.84 0.84 0.87 0.89 0.92 0.97 0.97
 0.99 1.02 1.13 1.15 1.21 1.22 1.23 1.26 1.27 1.29 1.3  1.31 1.39 1.64
 1.65 1.66 1.72 1.74 1.75 1.78 1.87 1.99 2.01 2.03 2.26 2.28 2.44 2.52
 2.7  3.03 3.42 5.03]
var: 0.8034116666666667
| [0m21       [0m | [0m1.255    [0m | [0m0.1995   [0m | [0m24.26    [0m | [0m1.113    [0m |
[0.02 0.05 0.08 0.12 0.16 0.17 0.19 0.21 0.24 0.34 0.38 0.39 0.56 0.57
 0.63 0.63 0.64 0.66 0.71 0.75 0.76 0.79 0.8  0.81 0.82 0.83 0.84 0.85
 0.85 0.86 0.86 0.88 0.92 0.94 0.94 0.95 1.02 1.09 1.09 1.11 1.14 1.15
 1.26 1.31 1.32 1.32 1.34 1.36 1.4  1.49 1.49 1.51 1.53 1.64 1.69 1.76
 1.92 2.09 2.3  2.38]
var: 0.30250608333333334
| [0m22       [0m | [0m0.9485   [0m | [0m0.2187   [0m | [0m16.6     [0m | [0m2.368    [0m |
[0.   0.01 0.01 0.1  0.16 0.24 0.26 0.29 0.31 0.39 0.4  0.41 0.42 0.44
 0.47 0.49 0.5  0.51 0.56 0.59 0.6  0.61 0.65 0.69 0.69 0.7  0.75 0.76
 0.78 0.81 0.85 0.85 0.86 0.95 0.99 1.09 1.14 1.14 1.15 1.15 1.18 1.22
 1.26 1.3  1.31 1.32 1.33 1.34 1.38 1.65 1.66 1.67 1.68 1.7  1.7  1.71
 1.87 2.03 2.54 2.75]
var: 0.3646114166666668
| [0m23       [0m | [0m0.9395   [0m | [0m0.1689   [0m | [0m36.58    [0m | [0m2.913    [0m |
[0.   0.03 0.04 0.05 0.07 0.09 0.13 0.17 0.19 0.19 0.24 0.24 0.3  0.34
 0.36 0.37 0.43 0.7  0.73 0.74 0.8  0.81 0.97 0.99 0.99 1.   1.03 1.05
 1.07 1.09 1.09 1.1  1.15 1.17 1.18 1.24 1.25 1.32 1.37 1.37 1.4  1.49
 1.51 1.57 1.58 1.69 1.69 1.71 1.76 1.78 1.81 1.84 1.92 1.99 2.12 2.26
 2.53 2.6  2.7  2.87]
var: 0.5496180833333326
| [0m24       [0m | [0m1.105    [0m | [0m0.04274  [0m | [0m19.72    [0m | [0m2.427    [0m |
[0.07 0.15 0.18 0.19 0.23 0.27 0.28 0.34 0.38 0.49 0.6  0.7  0.75 0.82
 0.84 0.9  0.97 1.01 1.04 1.1  1.12 1.17 1.2  1.27 1.28 1.28 1.29 1.33
 1.34 1.38 1.41 1.41 1.46 1.47 1.48 1.58 1.64 1.66 1.67 1.67 1.68 1.76
 1.87 1.88 1.88 1.9  1.97 2.01 2.34 2.34 2.38 2.38 2.39 2.46 2.61 2.63
 2.64 2.84 3.08 3.09]
var: 0.6099476388888891
| [0m25       [0m | [0m1.426    [0m | [0m0.06163  [0m | [0m27.66    [0m | [0m1.062    [0m |
[0.01 0.06 0.08 0.24 0.24 0.26 0.31 0.34 0.45 0.54 0.54 0.58 0.59 0.59
 0.6  0.71 0.71 0.81 0.82 0.84 0.85 0.9  0.9  0.91 0.92 0.93 1.02 1.09
 1.13 1.17 1.19 1.22 1.22 1.28 1.28 1.28 1.33 1.42 1.43 1.47 1.53 1.53
 1.58 1.68 1.71 1.73 1.76 1.79 2.02 2.13 2.2  2.35 2.37 2.49 2.51 2.67
 2.76 3.44 3.46 4.55]
var: 0.8082415555555554
| [0m26       [0m | [0m1.309    [0m | [0m0.01511  [0m | [0m48.02    [0m | [0m1.346    [0m |
[0.02 0.16 0.17 0.18 0.21 0.21 0.24 0.29 0.36 0.42 0.43 0.44 0.51 0.57
 0.59 0.62 0.63 0.63 0.64 0.65 0.71 0.71 0.79 0.84 0.91 0.96 0.97 1.03
 1.04 1.05 1.07 1.07 1.1  1.18 1.19 1.26 1.27 1.29 1.3  1.32 1.33 1.34
 1.34 1.36 1.37 1.46 1.53 1.63 1.69 1.99 2.03 2.19 2.21 2.3  2.3  2.34
 2.38 2.97 3.22 5.15]
var: 0.7782206666666664
| [0m27       [0m | [0m1.186    [0m | [0m0.2753   [0m | [0m46.93    [0m | [0m0.7988   [0m |
[0.   0.   0.04 0.1  0.12 0.17 0.19 0.19 0.21 0.22 0.29 0.32 0.33 0.36
 0.4  0.42 0.44 0.48 0.48 0.51 0.52 0.54 0.56 0.58 0.6  0.61 0.63 0.71
 0.71 0.72 0.74 0.85 0.96 1.   1.   1.02 1.03 1.05 1.09 1.12 1.15 1.18
 1.24 1.24 1.28 1.38 1.4  1.48 1.49 1.55 1.58 1.64 1.71 1.73 1.73 1.82
 1.95 2.   2.07 3.13]
var: 0.40485900000000086
| [0m28       [0m | [0m0.901    [0m | [0m0.2706   [0m | [0m49.81    [0m | [0m1.815    [0m |
[0.02 0.05 0.1  0.13 0.17 0.17 0.18 0.25 0.3  0.34 0.39 0.41 0.45 0.5
 0.57 0.64 0.66 0.66 0.73 0.85 0.95 0.98 0.98 1.   1.06 1.08 1.23 1.26
 1.3  1.31 1.37 1.37 1.4  1.45 1.45 1.48 1.49 1.59 1.59 1.61 1.61 1.71
 1.82 1.83 1.88 1.93 1.94 2.01 2.02 2.09 2.14 2.18 2.26 2.3  2.31 2.38
 2.45 3.03 3.21 4.66]
var: 0.7914382222222218
| [0m29       [0m | [0m1.321    [0m | [0m0.2249   [0m | [0m32.48    [0m | [0m0.4941   [0m |
[0.24 0.3  0.39 0.68 0.84 0.89 0.93 1.24 1.34 1.53 1.53 1.6  1.67 1.68
 1.89 1.92 1.93 1.98 2.   2.02 2.09 2.16 2.21 2.21 2.25 2.32 2.33 2.45
 2.48 2.49 2.68 2.75 2.81 2.93 3.01 3.03 3.06 3.1  3.16 3.16 3.26 3.43
 3.45 3.68 3.89 3.94 4.05 4.06 4.32 4.32 4.54 4.73 4.93 5.13 5.3  5.33
 5.36 5.69 5.87 6.32]
var: 2.189725999999999
| [0m30       [0m | [0m2.848    [0m | [0m0.07676  [0m | [0m22.28    [0m | [0m0.2031   [0m |
[0.06 0.1  0.12 0.24 0.28 0.38 0.38 0.39 0.5  0.53 0.56 0.57 0.58 0.69
 0.71 0.73 0.74 0.79 0.85 0.86 0.92 0.96 0.98 1.01 1.04 1.04 1.07 1.11
 1.18 1.21 1.24 1.24 1.26 1.33 1.38 1.39 1.46 1.51 1.59 1.6  1.82 1.83
 2.01 2.02 2.04 2.08 2.18 2.45 2.55 2.56 2.63 2.65 2.74 2.85 2.92 3.
 3.27 3.41 3.42 3.64]
var: 0.8912909722222226
| [0m31       [0m | [0m1.444    [0m | [0m0.1428   [0m | [0m4.464    [0m | [0m1.491    [0m |
[0.03 0.12 0.13 0.14 0.17 0.2  0.25 0.25 0.32 0.32 0.36 0.38 0.38 0.42
 0.42 0.47 0.47 0.5  0.57 0.58 0.63 0.73 0.75 0.8  0.8  0.86 0.92 0.92
 0.97 0.98 0.99 1.   1.06 1.09 1.09 1.11 1.14 1.17 1.19 1.23 1.29 1.35
 1.37 1.43 1.43 1.44 1.48 1.53 1.54 1.62 1.65 1.66 1.74 1.76 2.16 2.27
 2.66 3.07 3.17 4.65]
var: 0.6971832222222221
| [0m32       [0m | [0m1.086    [0m | [0m0.07108  [0m | [0m29.51    [0m | [0m2.71     [0m |
[0.   0.03 0.04 0.05 0.08 0.08 0.08 0.09 0.09 0.14 0.14 0.14 0.16 0.24
 0.25 0.28 0.31 0.43 0.44 0.46 0.49 0.53 0.55 0.62 0.62 0.64 0.64 0.65
 0.65 0.66 0.71 0.72 0.75 0.76 0.76 0.78 0.8  0.81 0.85 0.96 0.97 0.98
 1.01 1.01 1.11 1.2  1.22 1.27 1.27 1.29 1.36 1.51 1.58 1.69 1.73 1.96
 2.05 2.08 2.39 5.19]
var: 0.6537343055555549
| [0m33       [0m | [0m0.8392   [0m | [0m0.09274  [0m | [0m28.05    [0m | [0m2.947    [0m |
[0.01 0.08 0.09 0.16 0.23 0.25 0.25 0.29 0.4  0.5  0.56 0.56 0.61 0.65
 0.73 0.73 0.77 0.79 0.8  0.8  0.82 0.82 0.83 0.83 0.86 0.99 1.   1.04
 1.05 1.06 1.14 1.18 1.24 1.25 1.26 1.29 1.48 1.5  1.52 1.57 1.57 1.58
 1.6  1.63 1.65 1.66 1.71 1.71 1.78 1.81 1.91 1.92 1.93 1.99 2.   2.08
 2.1  2.11 2.5  2.83]
var: 0.4219245555555554
| [0m34       [0m | [0m1.168    [0m | [0m0.1889   [0m | [0m17.35    [0m | [0m2.255    [0m |
[0.   0.08 0.09 0.12 0.15 0.16 0.21 0.21 0.3  0.37 0.37 0.39 0.41 0.48
 0.49 0.49 0.52 0.55 0.59 0.59 0.61 0.62 0.68 0.7  0.71 0.74 0.77 0.81
 0.84 0.88 0.9  0.92 0.93 0.94 0.96 0.98 1.02 1.07 1.11 1.12 1.15 1.16
 1.23 1.26 1.27 1.34 1.38 1.41 1.45 1.48 1.5  1.52 1.58 1.58 1.58 1.61
 1.67 1.67 2.   2.07]
var: 0.2653560833333333
| [0m35       [0m | [0m0.8965   [0m | [0m0.2116   [0m | [0m26.35    [0m | [0m2.88     [0m |
[0.05 0.07 0.11 0.13 0.14 0.16 0.19 0.21 0.21 0.25 0.28 0.28 0.35 0.41
 0.42 0.44 0.45 0.52 0.52 0.53 0.58 0.59 0.59 0.65 0.69 0.69 0.7  0.74
 0.75 0.75 0.78 0.8  0.82 0.82 0.86 0.86 0.89 0.9  0.91 0.94 0.99 1.01
 1.01 1.02 1.09 1.19 1.23 1.25 1.3  1.35 1.4  1.48 1.57 1.61 1.69 1.96
 1.99 2.23 2.48 3.56]
var: 0.419140666666667
| [0m36       [0m | [0m0.874    [0m | [0m0.2497   [0m | [0m33.15    [0m | [0m2.256    [0m |
[0.05 0.09 0.1  0.12 0.17 0.24 0.31 0.43 0.47 0.49 0.5  0.51 0.55 0.61
 0.63 0.65 0.7  0.71 0.78 0.79 0.8  0.81 0.85 0.89 0.9  0.92 0.92 0.96
 0.99 1.   1.1  1.12 1.13 1.19 1.22 1.3  1.34 1.36 1.36 1.41 1.45 1.47
 1.58 1.63 1.71 1.73 1.76 1.82 1.83 2.   2.01 2.1  2.2  2.26 2.29 2.39
 2.53 2.54 3.26 3.42]
var: 0.587795416666666
| [0m37       [0m | [0m1.208    [0m | [0m0.2268   [0m | [0m48.93    [0m | [0m0.5449   [0m |
[0.02 0.05 0.08 0.1  0.2  0.21 0.26 0.4  0.45 0.65 0.66 0.78 0.87 0.99
 0.99 1.06 1.07 1.14 1.18 1.29 1.39 1.43 1.51 1.51 1.54 1.63 1.67 1.72
 1.73 1.73 1.78 1.8  1.8  1.91 1.91 1.94 1.98 2.   2.26 2.31 2.33 2.36
 2.38 2.5  2.52 2.58 2.64 2.73 2.81 2.88 3.06 3.09 3.17 3.5  3.56 4.16
 4.59 4.64 4.77 5.5 ]
var: 1.5551503055555567
| [0m38       [0m | [0m1.896    [0m | [0m0.04217  [0m | [0m30.07    [0m | [0m0.528    [0m |
[1.11 1.3  1.55 1.68 1.7  1.73 1.82 1.98 2.06 2.17 2.5  2.71 2.71 2.73
 2.79 2.81 2.82 2.91 2.96 2.98 3.07 3.14 3.14 3.15 3.19 3.3  3.34 3.38
 3.43 3.53 3.58 3.61 3.77 3.85 3.91 4.08 4.23 4.26 4.34 4.41 4.43 4.49
 4.54 4.58 4.71 4.78 5.1  5.15 5.3  5.44 5.45 5.55 5.97 6.07 6.19 6.24
 6.33 6.8  6.99 8.44]
var: 2.4314026666666653
| [95m39       [0m | [95m3.838    [0m | [95m0.002723 [0m | [95m7.396    [0m | [95m0.1626   [0m |
[0.06 0.07 0.1  0.12 0.16 0.18 0.18 0.19 0.2  0.22 0.24 0.25 0.28 0.32
 0.32 0.34 0.36 0.41 0.44 0.46 0.46 0.47 0.47 0.47 0.49 0.49 0.5  0.54
 0.56 0.6  0.61 0.62 0.62 0.65 0.69 0.7  0.74 0.75 0.75 0.77 0.8  0.8
 0.82 0.83 0.89 0.97 0.98 1.07 1.15 1.19 1.19 1.21 1.23 1.25 1.3  1.34
 1.84 1.85 2.59 2.92]
var: 0.31032030555555606
| [0m40       [0m | [0m0.7178   [0m | [0m0.06199  [0m | [0m0.9339   [0m | [0m2.295    [0m |
[0.11 0.15 0.17 0.18 0.18 0.2  0.21 0.21 0.22 0.22 0.22 0.23 0.23 0.23
 0.23 0.23 0.26 0.27 0.27 0.28 0.28 0.28 0.28 0.29 0.31 0.32 0.33 0.33
 0.34 0.34 0.35 0.38 0.38 0.4  0.4  0.41 0.42 0.42 0.43 0.45 0.46 0.46
 0.46 0.46 0.48 0.49 0.52 0.52 0.55 0.55 0.56 0.58 0.59 0.61 0.66 0.69
 0.71 0.81 1.22 1.49]
var: 0.05546830555555559
| [0m41       [0m | [0m0.4052   [0m | [0m1e-08    [0m | [0m8.067    [0m | [0m0.001    [0m |
[0.08 0.1  0.12 0.17 0.18 0.22 0.25 0.4  0.41 0.42 0.45 0.47 0.63 0.65
 0.71 0.79 0.85 1.03 1.13 1.14 1.16 1.24 1.27 1.28 1.31 1.31 1.41 1.47
 1.5  1.51 1.52 1.54 1.55 1.55 1.56 1.6  1.62 1.65 1.69 1.69 1.73 1.74
 1.76 1.82 1.84 1.86 1.92 2.   2.01 2.09 2.17 2.42 2.5  2.57 2.8  2.91
 2.95 3.12 3.16 3.42]
var: 0.6994632222222228
| [0m42       [0m | [0m1.44     [0m | [0m0.04399  [0m | [0m29.5     [0m | [0m1.037    [0m |
[0.14 0.18 0.21 0.24 0.26 0.29 0.34 0.35 0.38 0.41 0.41 0.43 0.43 0.44
 0.45 0.46 0.47 0.48 0.48 0.51 0.53 0.53 0.55 0.59 0.63 0.63 0.63 0.66
 0.68 0.69 0.7  0.71 0.74 0.74 0.78 0.79 0.8  0.83 0.87 0.88 0.93 0.93
 0.96 0.96 1.07 1.07 1.07 1.11 1.21 1.27 1.4  1.44 1.51 1.64 1.81 1.84
 1.84 1.92 2.2  2.46]
var: 0.27079955555555557
| [0m43       [0m | [0m0.8327   [0m | [0m0.08365  [0m | [0m1.226    [0m | [0m2.272    [0m |
[0.09 0.27 0.28 0.84 0.97 1.64 1.73 1.88 1.98 2.04 2.05 2.06 2.13 2.15
 2.31 2.4  2.47 2.53 2.54 2.55 2.57 2.59 2.64 2.7  2.96 3.08 3.14 3.23
 3.25 3.28 3.34 3.36 3.39 3.5  3.5  3.51 3.55 3.56 3.68 3.68 3.88 4.06
 4.08 4.1  4.27 4.31 4.43 4.53 4.59 4.65 4.67 4.8  4.95 4.99 5.01 5.17
 5.43 7.65 8.16 8.31]
var: 2.695807888888888
| [0m44       [0m | [0m3.358    [0m | [0m0.08286  [0m | [0m5.888    [0m | [0m0.2301   [0m |
[0.03 0.03 0.06 0.07 0.08 0.11 0.14 0.15 0.18 0.18 0.18 0.19 0.27 0.27
 0.33 0.33 0.33 0.34 0.34 0.38 0.47 0.52 0.52 0.56 0.63 0.64 0.64 0.68
 0.68 0.69 0.74 0.79 0.81 0.83 0.87 0.89 0.89 0.9  0.95 0.98 1.   1.02
 1.09 1.1  1.14 1.18 1.2  1.24 1.44 1.48 1.51 1.54 1.57 1.63 1.88 2.16
 2.21 2.29 2.57 2.61]
var: 0.42685697222222246
| [0m45       [0m | [0m0.8422   [0m | [0m0.2263   [0m | [0m40.77    [0m | [0m1.932    [0m |
[0.14 0.65 0.99 1.34 1.52 1.74 1.75 1.8  2.05 2.28 2.29 2.4  2.43 2.57
 2.57 2.73 2.78 2.82 2.88 3.03 3.07 3.14 3.27 3.28 3.38 3.43 3.46 3.59
 3.6  3.64 3.73 3.9  3.91 3.96 4.01 4.02 4.03 4.06 4.11 4.15 4.36 4.39
 4.63 4.76 4.84 4.94 5.26 5.3  5.53 5.68 5.71 5.83 5.84 6.   6.01 6.33
 6.58 6.97 7.01 7.88]
var: 2.748287638888888
| [0m46       [0m | [0m3.806    [0m | [0m0.001589 [0m | [0m7.097    [0m | [0m0.1463   [0m |
[0.07 0.4  0.45 0.55 0.6  0.71 0.98 1.07 1.1  1.11 1.13 1.19 1.31 1.35
 1.39 1.47 1.55 1.58 1.64 1.71 1.84 1.85 1.88 1.88 1.91 1.95 2.01 2.01
 2.08 2.14 2.15 2.18 2.22 2.22 2.32 2.47 2.56 2.65 2.68 2.72 2.72 2.75
 2.76 2.83 2.98 3.16 3.18 3.19 3.19 3.34 3.36 3.38 3.47 3.86 3.93 4.57
 4.58 4.78 5.55 5.67]
var: 1.4836414166666663
| [0m47       [0m | [0m2.306    [0m | [0m0.1186   [0m | [0m7.26     [0m | [0m0.4751   [0m |
[0.69 0.69 1.38 1.41 1.46 1.63 1.68 1.86 1.88 1.92 1.93 1.97 2.04 2.17
 2.24 2.25 2.25 2.27 2.34 2.48 2.65 2.75 2.76 2.79 2.82 2.88 2.92 2.94
 3.04 3.12 3.34 3.35 3.47 3.59 3.63 3.7  3.75 3.76 3.84 3.99 4.02 4.04
 4.04 4.15 4.21 4.21 4.53 4.55 4.61 4.67 4.68 4.77 4.78 4.86 5.21 5.34
 6.31 6.4  8.1  8.38]
var: 2.4328160833333343
| [0m48       [0m | [0m3.392    [0m | [0m0.2025   [0m | [0m7.172    [0m | [0m0.09532  [0m |
[0.04 0.09 0.26 0.28 0.3  0.3  0.31 0.34 0.36 0.4  0.4  0.42 0.55 0.58
 0.6  0.62 0.63 0.7  0.73 0.76 0.86 0.88 0.91 0.95 0.96 1.05 1.05 1.08
 1.13 1.14 1.14 1.14 1.16 1.17 1.25 1.29 1.29 1.33 1.34 1.38 1.38 1.5
 1.55 1.64 1.64 1.67 1.71 1.73 2.   2.04 2.14 2.17 2.2  2.37 2.43 2.55
 2.89 3.   3.22 3.72]
var: 0.6634248888888884
| [0m49       [0m | [0m1.245    [0m | [0m0.2957   [0m | [0m4.25     [0m | [0m0.9908   [0m |
[0.12 0.15 0.16 0.18 0.22 0.27 0.3  0.33 0.34 0.36 0.42 0.43 0.44 0.44
 0.44 0.45 0.49 0.49 0.49 0.51 0.54 0.54 0.56 0.56 0.58 0.58 0.61 0.61
 0.62 0.65 0.66 0.76 0.76 0.77 0.79 0.82 0.83 0.84 0.84 0.85 0.86 0.88
 0.89 0.96 1.06 1.08 1.1  1.1  1.17 1.27 1.3  1.34 1.48 1.66 1.83 1.86
 1.99 2.22 2.34 2.35]
var: 0.2944178888888895
| [0m50       [0m | [0m0.8257   [0m | [0m1e-08    [0m | [0m6.576    [0m | [0m0.001    [0m |
[0.04 0.75 1.15 1.3  1.43 1.44 1.47 1.47 1.51 1.61 1.62 1.7  1.86 1.87
 1.91 1.93 1.94 1.94 2.02 2.03 2.05 2.06 2.08 2.13 2.15 2.18 2.21 2.23
 2.28 2.3  2.31 2.33 2.39 2.46 2.48 2.5  2.57 2.6  2.6  2.61 2.69 2.72
 2.79 2.85 2.87 2.88 2.97 3.   3.06 3.07 3.07 3.08 3.08 3.13 3.31 3.37
 4.01 4.06 5.67 6.  ]
var: 0.9153949722222224
| [0m51       [0m | [0m2.42     [0m | [0m0.03124  [0m | [0m7.269    [0m | [0m0.02419  [0m |
[0.25 0.26 0.28 0.28 0.28 0.39 0.39 0.42 0.66 0.73 0.76 0.79 0.84 0.87
 0.93 0.95 1.02 1.03 1.05 1.05 1.12 1.15 1.29 1.31 1.31 1.33 1.35 1.39
 1.43 1.47 1.49 1.52 1.56 1.57 1.6  1.6  1.65 1.72 1.76 1.78 1.82 1.85
 1.85 1.92 1.92 1.98 2.13 2.17 2.23 2.26 2.27 2.34 2.34 2.43 2.57 2.73
 2.97 3.07 3.11 4.3 ]
var: 0.6669849722222227
| [0m52       [0m | [0m1.515    [0m | [0m0.1867   [0m | [0m10.4     [0m | [0m0.7563   [0m |
[0.   0.01 0.25 0.36 0.39 0.42 0.45 0.51 0.57 0.58 0.58 0.64 0.73 0.73
 0.79 0.82 0.84 0.87 0.9  0.93 0.95 0.97 0.99 1.05 1.08 1.11 1.26 1.27
 1.29 1.29 1.3  1.3  1.31 1.32 1.37 1.44 1.45 1.58 1.65 1.72 1.76 1.76
 1.9  1.95 1.98 2.06 2.15 2.24 2.26 2.47 2.53 2.72 2.82 2.83 2.88 3.08
 3.23 3.96 4.08 6.02]
var: 1.1779043055555563
| [0m53       [0m | [0m1.529    [0m | [0m0.161    [0m | [0m45.02    [0m | [0m0.2824   [0m |
[0.3  0.31 0.89 0.93 1.13 1.16 1.29 1.59 1.66 1.88 1.89 1.98 2.01 2.22
 2.37 2.48 2.66 2.66 2.68 2.68 2.74 2.75 2.8  2.84 2.89 3.02 3.05 3.15
 3.17 3.18 3.19 3.22 3.26 3.48 3.63 3.75 3.78 3.8  3.83 3.96 4.01 4.06
 4.07 4.17 4.2  4.24 4.26 4.35 4.39 4.39 4.62 4.77 5.11 5.23 5.24 5.42
 5.47 6.3  6.58 6.72]
var: 2.1143745555555546
| [0m54       [0m | [0m3.298    [0m | [0m0.03094  [0m | [0m7.166    [0m | [0m0.295    [0m |
[0.4  0.55 0.75 1.1  1.2  1.32 1.41 1.54 1.6  1.64 1.77 1.87 2.1  2.13
 2.14 2.19 2.21 2.23 2.48 2.54 2.68 2.77 2.83 2.83 2.89 2.96 3.02 3.06
 3.07 3.37 3.4  3.46 3.53 3.53 3.54 3.57 3.57 3.74 3.79 3.84 4.02 4.05
 4.1  4.11 4.17 4.2  4.26 4.35 4.42 4.43 4.54 4.68 4.94 5.36 5.47 5.5
 5.86 6.7  7.4  8.17]
var: 2.516738749999999
| [0m55       [0m | [0m3.323    [0m | [0m0.1155   [0m | [0m7.342    [0m | [0m0.2223   [0m |
[0.23 0.37 0.54 1.06 1.1  1.13 1.24 1.37 1.41 1.43 1.57 1.6  1.62 1.65
 1.66 1.78 1.81 1.83 1.89 1.91 1.92 2.03 2.05 2.06 2.17 2.17 2.24 2.27
 2.29 2.31 2.32 2.32 2.35 2.36 2.41 2.42 2.53 2.63 2.64 2.68 2.7  2.72
 2.76 2.78 2.79 2.8  2.95 3.03 3.07 3.16 3.27 3.39 3.4  3.57 3.57 3.68
 3.78 4.16 4.27 6.37]
var: 1.0183016388888886
| [0m56       [0m | [0m2.36     [0m | [0m0.1363   [0m | [0m28.76    [0m | [0m0.09129  [0m |
[0.15 0.32 0.62 0.9  0.94 1.38 1.38 1.59 1.59 1.72 1.87 1.99 2.11 2.19
 2.28 2.29 2.3  2.34 2.38 2.54 2.58 2.58 2.63 2.79 2.79 2.8  2.83 2.83
 2.95 3.01 3.35 3.38 3.4  3.42 3.49 3.49 3.53 3.56 3.68 3.73 3.74 3.94
 3.97 4.15 4.2  4.26 4.32 4.46 4.49 4.49 4.51 4.8  4.96 4.99 5.   5.19
 5.53 6.15 6.97 7.28]
var: 2.2470672222222228
| [0m57       [0m | [0m3.218    [0m | [0m0.1293   [0m | [0m7.028    [0m | [0m0.1856   [0m |
[0.49 0.59 1.04 1.1  1.2  1.4  1.54 2.01 2.03 2.14 2.26 2.26 2.38 2.4
 2.4  2.68 2.7  2.74 2.75 2.79 2.85 2.85 2.91 3.03 3.06 3.25 3.27 3.32
 3.38 3.42 3.52 3.55 3.6  3.62 3.69 3.7  3.73 3.94 4.   4.09 4.13 4.53
 4.55 4.59 4.68 4.7  4.82 4.82 4.86 5.04 5.13 5.32 5.39 5.39 6.06 6.25
 6.53 6.64 7.08 8.39]
var: 2.635103222222222
| [0m58       [0m | [0m3.61     [0m | [0m0.01697  [0m | [0m7.577    [0m | [0m0.3336   [0m |
[0.33 0.41 0.47 0.52 0.62 0.84 0.92 1.05 1.05 1.09 1.09 1.12 1.17 1.17
 1.19 1.2  1.22 1.26 1.29 1.35 1.42 1.43 1.5  1.58 1.58 1.59 1.64 1.64
 1.7  1.72 1.74 1.79 1.91 2.   2.02 2.04 2.06 2.11 2.11 2.12 2.12 2.27
 2.35 2.6  2.78 3.   3.09 3.26 3.28 3.28 3.29 3.33 3.48 3.48 3.65 3.65
 3.87 4.75 5.02 5.61]
var: 1.3301532222222217
| [0m59       [0m | [0m2.054    [0m | [0m0.0476   [0m | [0m13.68    [0m | [0m0.7552   [0m |
[0.64 0.79 0.82 0.88 1.06 1.64 1.85 2.13 2.23 2.28 2.6  2.61 2.64 2.65
 2.66 2.67 2.84 2.89 2.9  3.08 3.13 3.22 3.31 3.34 3.46 3.64 3.75 3.81
 3.91 4.1  4.14 4.19 4.23 4.28 4.36 4.46 4.49 4.52 4.56 4.64 4.94 4.96
 5.05 5.08 5.13 5.16 5.25 5.28 5.29 5.33 5.63 5.65 5.87 6.07 6.33 6.44
 6.67 7.   7.17 8.84]
var: 2.9607678888888884
| [95m60       [0m | [95m3.976    [0m | [95m0.005413 [0m | [95m7.533    [0m | [95m0.2153   [0m |
[0.02 0.04 0.06 0.07 0.07 0.09 0.13 0.16 0.18 0.19 0.19 0.2  0.21 0.24
 0.25 0.26 0.31 0.36 0.37 0.4  0.44 0.47 0.47 0.48 0.51 0.51 0.54 0.55
 0.56 0.58 0.61 0.62 0.64 0.64 0.65 0.68 0.69 0.71 0.71 0.71 0.72 0.76
 0.77 0.79 0.92 0.96 1.03 1.06 1.09 1.1  1.12 1.17 1.2  1.21 1.29 1.3
 1.44 1.46 1.48 1.59]
var: 0.17347030555555581
| [0m61       [0m | [0m0.6338   [0m | [0m0.2968   [0m | [0m46.75    [0m | [0m2.445    [0m |
[0.09 0.17 1.13 1.27 1.46 1.66 1.69 1.85 1.89 1.97 1.99 2.11 2.14 2.14
 2.22 2.25 2.35 2.45 2.53 2.53 2.66 2.72 2.72 2.76 2.83 2.94 2.98 2.99
 3.   3.01 3.1  3.12 3.13 3.14 3.14 3.18 3.23 3.36 3.38 3.46 3.47 3.71
 3.84 3.84 3.89 4.08 4.11 4.17 4.26 4.51 4.53 4.75 4.77 4.84 5.73 5.84
 6.17 6.55 7.21 7.32]
var: 2.2121403055555557
| [0m62       [0m | [0m3.239    [0m | [0m0.1637   [0m | [0m7.553    [0m | [0m0.2421   [0m |
[0.29 0.32 0.64 0.73 0.76 0.91 1.05 1.24 1.28 1.35 1.36 1.42 1.47 1.61
 1.7  1.72 1.75 1.8  1.86 1.89 1.9  2.   2.05 2.05 2.13 2.18 2.35 2.51
 2.51 2.54 2.6  2.6  2.6  2.62 2.77 2.86 2.87 3.   3.13 3.16 3.17 3.26
 3.28 3.31 3.41 3.42 3.55 3.56 3.66 3.67 3.94 4.02 4.04 4.06 4.08 4.26
 4.52 4.6  5.74 7.44]
var: 1.7465614166666663
| [0m63       [0m | [0m2.61     [0m | [0m0.2052   [0m | [0m5.689    [0m | [0m0.3233   [0m |
[0.15 0.31 0.77 0.77 0.97 1.06 1.17 1.21 1.23 1.29 1.3  1.47 1.51 1.55
 1.56 1.57 1.59 1.61 1.62 1.69 1.7  1.77 1.79 1.8  1.84 1.91 1.95 1.95
 1.99 2.01 2.03 2.12 2.13 2.19 2.21 2.26 2.31 2.34 2.36 2.39 2.42 2.43
 2.43 2.49 2.65 2.79 2.91 3.16 3.37 3.43 3.44 3.53 3.79 3.93 3.99 4.1
 4.18 4.82 5.2  5.41]
var: 1.2456948888888886
| [0m64       [0m | [0m2.265    [0m | [0m0.22     [0m | [0m31.07    [0m | [0m0.05612  [0m |
[0.   0.01 0.03 0.05 0.1  0.13 0.15 0.15 0.15 0.15 0.17 0.19 0.36 0.43
 0.45 0.46 0.54 0.55 0.57 0.58 0.59 0.6  0.72 0.73 0.76 0.8  0.82 0.83
 0.87 0.9  0.94 0.96 1.03 1.07 1.09 1.09 1.1  1.11 1.11 1.13 1.14 1.2
 1.2  1.33 1.39 1.42 1.45 1.53 1.6  1.62 1.74 2.11 2.22 2.29 2.36 2.39
 2.93 2.94 3.2  3.34]
var: 0.676973638888889
| [0m65       [0m | [0m1.048    [0m | [0m0.2028   [0m | [0m45.7     [0m | [0m1.796    [0m |
[0.15 0.57 0.74 1.18 1.23 1.28 1.55 1.67 1.69 1.81 1.86 1.93 1.98 2.02
 2.1  2.28 2.49 2.54 2.56 2.63 2.64 2.68 2.74 2.8  2.8  2.81 2.87 2.93
 2.95 2.98 3.16 3.3  3.32 3.34 3.36 3.38 3.42 3.42 3.62 3.67 3.72 3.72
 3.79 3.82 3.83 3.84 3.91 4.09 4.28 4.34 4.66 4.74 4.9  5.11 5.3  5.43
 5.44 5.51 5.51 5.86]
var: 1.7361587499999989
| [0m66       [0m | [0m3.138    [0m | [0m0.08183  [0m | [0m9.734    [0m | [0m0.2054   [0m |
[0.28 0.34 0.75 0.86 0.95 1.09 1.16 1.44 1.55 1.86 1.88 1.93 1.95 1.99
 1.99 2.02 2.07 2.09 2.1  2.17 2.26 2.33 2.33 2.34 2.37 2.4  2.42 2.44
 2.49 2.49 2.53 2.63 2.68 2.76 2.81 2.81 2.82 2.89 2.91 2.92 2.97 3.18
 3.22 3.25 3.28 3.33 3.34 3.5  3.63 3.63 3.72 3.92 3.99 4.13 4.3  4.34
 4.44 5.67 6.18 6.5 ]
var: 1.5078032222222217
| [0m67       [0m | [0m2.71     [0m | [0m0.2897   [0m | [0m9.677    [0m | [0m0.06414  [0m |
[0.28 0.47 0.59 0.62 0.64 0.93 1.05 1.07 1.18 1.39 1.43 1.49 1.5  1.78
 1.87 1.94 2.04 2.17 2.18 2.24 2.28 2.34 2.43 2.46 2.51 2.64 2.78 2.81
 2.95 3.01 3.1  3.13 3.18 3.22 3.29 3.3  3.33 3.42 3.49 3.6  3.64 3.72
 3.72 3.73 3.98 4.03 4.07 4.17 4.58 4.61 4.65 4.7  4.71 4.78 4.83 4.94
 5.21 5.56 5.61 5.93]
var: 2.043845
| [0m68       [0m | [0m2.955    [0m | [0m0.192    [0m | [0m9.955    [0m | [0m0.3241   [0m |
[0.37 0.43 1.11 1.19 1.26 1.26 1.57 1.7  2.09 2.17 2.25 2.26 2.28 2.42
 2.52 2.72 2.74 2.81 2.86 2.88 2.88 2.93 3.1  3.1  3.13 3.16 3.19 3.21
 3.24 3.29 3.34 3.39 3.73 3.95 4.   4.01 4.11 4.16 4.18 4.18 4.35 4.37
 4.42 4.5  4.55 4.73 4.86 4.91 4.92 4.99 5.29 5.29 5.31 5.52 5.87 5.9
 5.92 6.15 6.23 8.95]
var: 2.5476422222222235
| [0m69       [0m | [0m3.603    [0m | [0m0.0259   [0m | [0m5.736    [0m | [0m0.04081  [0m |
[0.1  0.11 0.11 0.22 0.25 0.29 0.3  0.33 0.34 0.36 0.4  0.42 0.44 0.51
 0.55 0.55 0.56 0.57 0.6  0.62 0.63 0.64 0.74 0.85 0.85 0.85 0.86 0.88
 0.92 0.93 0.98 0.98 0.98 0.99 0.99 1.01 1.03 1.03 1.04 1.16 1.19 1.21
 1.22 1.31 1.43 1.47 1.49 1.49 1.56 1.57 1.58 1.66 1.7  1.77 1.89 2.33
 2.41 3.3  3.42 5.38]
var: 0.7779276388888897
| [0m70       [0m | [0m1.089    [0m | [0m1e-08    [0m | [0m5.447    [0m | [0m0.001    [0m |
[0.04 0.05 0.06 0.14 0.16 0.2  0.22 0.22 0.24 0.26 0.28 0.45 0.46 0.46
 0.5  0.5  0.51 0.55 0.56 0.57 0.6  0.61 0.65 0.65 0.66 0.69 0.73 0.74
 0.75 0.76 0.78 0.87 0.87 0.88 0.89 1.   1.02 1.02 1.03 1.03 1.08 1.11
 1.17 1.17 1.18 1.19 1.19 1.2  1.22 1.26 1.38 1.5  1.59 1.7  1.84 2.16
 2.55 2.59 2.68 2.93]
var: 0.42898208333333376
| [0m71       [0m | [0m0.9225   [0m | [0m0.2879   [0m | [0m42.26    [0m | [0m1.248    [0m |
[0.94 1.54 1.59 1.68 1.68 1.73 1.76 1.87 1.98 2.   2.01 2.06 2.17 2.26
 2.32 2.33 2.35 2.37 2.4  2.45 2.5  2.74 2.76 2.84 2.95 2.96 2.99 3.06
 3.11 3.12 3.24 3.27 3.27 3.31 3.32 3.36 3.46 3.48 3.52 3.55 3.59 3.71
 3.76 3.77 3.87 3.89 3.96 3.99 4.01 4.42 4.48 4.71 4.75 4.77 4.89 5.04
 5.09 5.89 7.45 7.55]
var: 1.7060216388888907
| [0m72       [0m | [0m3.265    [0m | [0m0.1083   [0m | [0m5.834    [0m | [0m0.04899  [0m |
[1.32 1.39 1.48 1.75 1.85 1.9  2.   2.02 2.08 2.1  2.18 2.24 2.34 2.38
 2.39 2.44 2.51 2.73 2.74 2.91 3.09 3.11 3.14 3.25 3.25 3.28 3.31 3.43
 3.54 3.59 3.74 3.77 3.83 3.84 3.86 3.91 4.02 4.02 4.1  4.22 4.23 4.24
 4.25 4.27 4.29 4.52 4.62 4.66 4.67 4.82 5.01 5.07 5.24 5.25 5.39 5.68
 5.83 5.92 6.04 7.19]
var: 1.7175373333333328
| [0m73       [0m | [0m3.604    [0m | [0m0.02877  [0m | [0m10.19    [0m | [0m0.1402   [0m |
[0.92 0.97 0.98 1.14 1.22 1.52 1.58 1.59 1.77 1.77 1.78 1.85 2.12 2.17
 2.22 2.24 2.31 2.34 2.42 2.5  2.57 2.58 2.6  2.63 2.71 2.83 2.87 2.87
 2.96 2.98 3.23 3.23 3.24 3.29 3.31 3.44 3.46 3.46 3.47 3.5  3.56 3.61
 3.62 3.66 3.73 3.91 4.25 4.56 4.6  4.63 4.63 4.93 4.94 5.01 5.08 5.31
 5.39 5.63 6.54 7.17]
var: 1.89807
| [0m74       [0m | [0m3.19     [0m | [0m0.25     [0m | [0m10.21    [0m | [0m0.08453  [0m |
[0.04 0.06 0.06 0.13 0.13 0.13 0.13 0.14 0.14 0.15 0.16 0.16 0.17 0.17
 0.18 0.18 0.19 0.19 0.22 0.22 0.22 0.22 0.22 0.23 0.23 0.23 0.24 0.25
 0.25 0.25 0.25 0.25 0.26 0.26 0.26 0.26 0.27 0.28 0.28 0.29 0.32 0.32
 0.33 0.36 0.38 0.4  0.4  0.4  0.42 0.43 0.45 0.46 0.47 0.48 0.54 0.57
 0.59 0.7  0.73 0.82]
var: 0.026292666666666707
| [0m75       [0m | [0m0.292    [0m | [0m1e-08    [0m | [0m10.09    [0m | [0m0.001    [0m |
[0.78 0.94 0.95 1.   1.06 1.34 1.36 1.62 1.63 1.71 1.74 1.94 1.96 2.09
 2.14 2.18 2.24 2.25 2.26 2.39 2.44 2.44 2.49 2.49 2.55 2.69 2.72 2.72
 2.78 2.83 3.03 3.04 3.04 3.12 3.21 3.24 3.28 3.29 3.32 3.49 3.5  3.59
 3.68 4.11 4.12 4.18 4.21 4.22 4.37 4.43 4.44 4.51 4.6  4.77 4.99 5.01
 5.26 5.49 5.95 6.84]
var: 1.7794712222222222
| [0m76       [0m | [0m3.068    [0m | [0m0.1773   [0m | [0m10.32    [0m | [0m0.2272   [0m |
[0.   0.   0.04 0.06 0.06 0.11 0.16 0.22 0.23 0.25 0.29 0.33 0.34 0.36
 0.36 0.36 0.37 0.4  0.43 0.44 0.47 0.49 0.5  0.51 0.51 0.51 0.51 0.53
 0.53 0.55 0.57 0.58 0.6  0.6  0.61 0.61 0.62 0.69 0.73 0.75 0.77 0.82
 0.86 0.88 0.89 0.91 0.94 0.94 0.96 1.06 1.07 1.08 1.12 1.22 1.29 1.3
 1.34 1.69 1.69 1.78]
var: 0.17282163888888885
| [0m77       [0m | [0m0.6482   [0m | [0m0.1928   [0m | [0m49.16    [0m | [0m2.891    [0m |
[0.12 0.18 0.24 0.28 0.35 0.38 0.7  1.73 1.81 2.06 2.19 2.22 2.25 2.3
 2.49 2.52 2.58 2.64 2.69 2.78 2.83 2.84 2.86 2.99 3.01 3.06 3.38 3.38
 3.39 3.43 3.45 3.52 3.54 3.55 3.55 3.66 3.69 3.7  3.84 3.87 3.94 4.22
 4.27 4.43 4.52 4.64 4.71 4.8  4.96 5.28 5.33 5.35 5.39 5.42 5.43 5.52
 6.07 6.27 6.55 8.84]
var: 2.9854116388888903
| [0m78       [0m | [0m3.433    [0m | [0m0.03053  [0m | [0m10.21    [0m | [0m0.1165   [0m |
[0.12 0.39 0.7  1.07 1.11 1.43 1.47 1.72 1.74 1.76 1.83 1.84 1.86 1.91
 2.18 2.27 2.28 2.49 2.61 2.69 2.82 2.9  2.98 3.04 3.09 3.13 3.26 3.27
 3.36 3.37 3.42 3.46 3.51 3.6  3.62 3.91 3.95 4.01 4.11 4.14 4.23 4.32
 4.39 4.48 4.51 4.59 4.69 4.81 4.96 5.01 5.02 5.09 5.18 5.19 5.25 5.34
 5.72 5.84 5.99 6.57]
var: 2.2408288888888896
| [0m79       [0m | [0m3.393    [0m | [0m0.04655  [0m | [0m10.17    [0m | [0m0.3517   [0m |
[0.14 0.24 0.34 0.4  0.41 0.43 0.44 0.45 0.49 0.57 0.59 0.62 0.62 0.69
 0.71 0.75 0.75 0.77 0.78 0.78 0.79 0.82 0.82 0.89 0.9  1.06 1.12 1.2
 1.28 1.3  1.31 1.33 1.51 1.63 1.65 1.68 1.69 1.71 1.71 1.78 1.8  1.81
 1.92 1.94 2.   2.04 2.16 2.17 2.27 2.33 2.46 2.48 2.69 2.79 3.04 3.21
 3.48 3.82 4.29 4.4 ]
var: 1.0137243055555551
| [0m80       [0m | [0m1.504    [0m | [0m0.1158   [0m | [0m21.62    [0m | [0m0.9713   [0m |
=============================================================
None
num_trials:  40  inits,  40  iters,  60  per
rho:  1
pthin:  0.10

Best VPT: 3.9756666666666676
Best result: {'a': 0.005412947701897687, 'g': 7.5325328340678235, 's': 0.2152683532356777}

KERNEL: nu=1.5, lengthscale=2.0, alpha=0.0005
