|   iter    |  target   |     a     |     g     |     s     |
-------------------------------------------------------------
[0.   0.01 0.01 0.07 0.07 0.07 0.1  0.14 0.18 0.22 0.26 0.35 0.38 0.42
 0.51 0.51 0.55 0.59 0.59 0.62 0.64 0.67 0.67 0.69 0.71 0.73 0.74 0.75
 0.76 0.8  0.85 0.88 0.91 0.93 0.95 1.   1.02 1.04 1.04 1.14 1.18 1.22
 1.23 1.24 1.25 1.25 1.3  1.3  1.32 1.32 1.34 1.43 1.48 1.5  1.52 1.62
 1.86 1.94 2.22 2.22]
var: 0.298241638888889
| [0m1        [0m | [0m0.8718   [0m | [0m0.04884  [0m | [0m27.8     [0m | [0m2.194    [0m |
[0.03 0.08 0.08 0.14 0.14 0.15 0.15 0.15 0.17 0.18 0.19 0.2  0.24 0.25
 0.28 0.32 0.37 0.4  0.41 0.43 0.45 0.49 0.5  0.54 0.58 0.58 0.59 0.6
 0.6  0.62 0.67 0.68 0.69 0.7  0.71 0.72 0.73 0.74 0.75 0.77 0.89 0.96
 1.02 1.04 1.06 1.11 1.14 1.18 1.2  1.24 1.27 1.29 1.33 1.35 1.44 1.47
 1.73 1.98 2.13 2.39]
var: 0.2814449722222227
| [0m2        [0m | [0m0.7382   [0m | [0m0.1887   [0m | [0m4.661    [0m | [0m1.322    [0m |
[0.1  0.14 0.16 0.17 0.17 0.25 0.27 0.27 0.28 0.32 0.37 0.4  0.41 0.47
 0.51 0.51 0.54 0.56 0.68 0.69 0.72 0.76 0.82 0.83 0.84 0.86 0.93 0.96
 1.01 1.02 1.04 1.09 1.1  1.1  1.12 1.15 1.16 1.19 1.2  1.2  1.22 1.27
 1.27 1.4  1.43 1.49 1.53 1.53 1.72 1.75 1.81 2.05 2.11 2.26 2.31 2.43
 2.9  3.07 3.1  3.91]
var: 0.6609303055555558
| [95m3        [0m | [95m1.132    [0m | [95m0.1819   [0m | [95m22.45    [0m | [95m1.31     [0m |
[0.61 0.63 0.63 0.78 0.8  0.81 0.83 0.86 0.87 0.91 0.93 0.97 0.99 1.01
 1.06 1.09 1.1  1.11 1.17 1.17 1.25 1.26 1.32 1.33 1.34 1.37 1.42 1.48
 1.5  1.54 1.59 1.61 1.74 1.81 1.83 1.86 1.89 1.91 1.91 1.92 1.95 2.03
 2.07 2.15 2.35 2.37 2.47 2.48 2.55 2.62 2.63 2.73 2.76 2.78 2.8  3.07
 3.32 3.46 4.46 5.76]
var: 0.9179198888888885
| [95m4        [0m | [95m1.784    [0m | [95m0.05285  [0m | [95m6.354    [0m | [95m0.2167   [0m |
[0.   0.02 0.03 0.04 0.05 0.08 0.1  0.11 0.12 0.15 0.15 0.16 0.18 0.2
 0.22 0.22 0.23 0.29 0.33 0.33 0.36 0.38 0.38 0.38 0.42 0.42 0.45 0.45
 0.49 0.52 0.57 0.57 0.66 0.7  0.71 0.71 0.72 0.74 0.76 0.77 0.79 0.8
 0.81 0.85 0.96 1.   1.02 1.07 1.12 1.15 1.18 1.21 1.29 1.3  1.31 1.39
 1.48 1.51 1.81 1.89]
var: 0.226531638888889
| [0m5        [0m | [0m0.6352   [0m | [0m0.07817  [0m | [0m44.55    [0m | [0m2.859    [0m |
[0.   0.   0.   0.   0.   0.01 0.01 0.03 0.04 0.06 0.07 0.07 0.08 0.09
 0.1  0.12 0.14 0.17 0.19 0.21 0.21 0.23 0.28 0.37 0.41 0.41 0.42 0.45
 0.46 0.49 0.49 0.49 0.5  0.53 0.54 0.54 0.56 0.58 0.61 0.62 0.67 0.7
 0.7  0.7  0.7  0.72 0.73 0.74 0.78 0.8  0.82 0.83 0.83 0.85 1.07 1.13
 1.31 1.61 1.64 2.04]
var: 0.18872763888888902
| [0m6        [0m | [0m0.4992   [0m | [0m0.1095   [0m | [0m49.67    [0m | [0m2.788    [0m |
[0.   0.   0.02 0.03 0.04 0.04 0.05 0.06 0.08 0.08 0.11 0.15 0.17 0.19
 0.24 0.28 0.29 0.3  0.31 0.31 0.31 0.35 0.35 0.37 0.41 0.48 0.48 0.55
 0.6  0.61 0.64 0.64 0.65 0.67 0.74 0.74 0.77 0.84 0.86 0.9  1.   1.03
 1.04 1.13 1.14 1.15 1.17 1.18 1.19 1.23 1.25 1.33 1.41 1.6  1.62 1.79
 1.97 2.29 2.81 3.94]
var: 0.5358198888888883
| [0m7        [0m | [0m0.7663   [0m | [0m0.2183   [0m | [0m38.61    [0m | [0m2.215    [0m |
[0.05 0.12 0.13 0.16 0.17 0.18 0.35 0.4  0.46 0.51 0.52 0.55 0.55 0.56
 0.62 0.64 0.64 0.66 0.72 0.72 0.79 0.86 0.89 0.95 0.98 0.98 1.   1.01
 1.02 1.03 1.09 1.13 1.14 1.14 1.15 1.17 1.18 1.2  1.2  1.22 1.29 1.3
 1.31 1.34 1.39 1.45 1.46 1.51 1.57 1.62 1.64 1.64 1.75 1.75 1.94 2.2
 2.5  2.54 3.15 3.54]
var: 0.4801136388888882
| [0m8        [0m | [0m1.112    [0m | [0m0.02601  [0m | [0m18.61    [0m | [0m1.942    [0m |
[0.   0.   0.   0.02 0.03 0.03 0.05 0.07 0.07 0.08 0.09 0.1  0.1  0.1
 0.13 0.13 0.13 0.13 0.14 0.14 0.16 0.16 0.16 0.18 0.18 0.19 0.2  0.21
 0.21 0.22 0.22 0.23 0.25 0.26 0.28 0.29 0.32 0.32 0.33 0.36 0.36 0.37
 0.37 0.37 0.41 0.41 0.42 0.42 0.43 0.45 0.45 0.48 0.5  0.56 0.6  0.61
 0.61 0.79 0.9  1.  ]
var: 0.04693322222222206
| [0m9        [0m | [0m0.2797   [0m | [0m0.1756   [0m | [0m0.1382   [0m | [0m2.053    [0m |
[0.   0.06 0.11 0.12 0.22 0.22 0.24 0.24 0.25 0.26 0.27 0.28 0.29 0.3
 0.3  0.33 0.35 0.35 0.38 0.38 0.38 0.4  0.41 0.43 0.44 0.45 0.47 0.47
 0.49 0.49 0.53 0.56 0.57 0.6  0.63 0.63 0.64 0.65 0.66 0.68 0.69 0.7
 0.72 0.72 0.74 0.74 0.74 0.86 0.9  0.93 0.96 0.98 1.02 1.03 1.03 1.16
 1.36 1.51 1.81 2.51]
var: 0.18316955555555545
| [0m10       [0m | [0m0.6107   [0m | [0m0.1663   [0m | [0m2.502    [0m | [0m1.042    [0m |
[0.01 0.06 0.06 0.07 0.07 0.08 0.08 0.08 0.1  0.1  0.11 0.11 0.12 0.12
 0.12 0.13 0.13 0.13 0.13 0.14 0.14 0.15 0.15 0.15 0.15 0.15 0.15 0.15
 0.16 0.16 0.16 0.17 0.19 0.2  0.2  0.2  0.21 0.22 0.22 0.23 0.23 0.23
 0.25 0.25 0.3  0.31 0.32 0.33 0.34 0.35 0.35 0.37 0.38 0.39 0.4  0.4
 0.42 0.54 0.54 0.68]
var: 0.017667333333333347
| [0m11       [0m | [0m0.214    [0m | [0m0.2279   [0m | [0m35.27    [0m | [0m0.008042 [0m |
[0.69 0.76 0.77 0.77 0.78 0.99 1.03 1.05 1.08 1.13 1.14 1.25 1.26 1.27
 1.27 1.29 1.29 1.29 1.29 1.34 1.42 1.51 1.54 1.55 1.57 1.58 1.63 1.66
 1.67 1.7  1.73 1.8  1.8  1.81 1.81 1.85 1.89 1.92 2.01 2.08 2.2  2.25
 2.4  2.47 2.58 2.67 2.68 2.75 2.81 2.84 2.92 2.96 3.3  3.39 3.53 3.74
 3.75 4.34 4.91 5.06]
var: 1.0076876666666676
| [95m12       [0m | [95m1.997    [0m | [95m0.036    [0m | [95m12.67    [0m | [95m0.1621   [0m |
[0.   0.02 0.04 0.04 0.05 0.07 0.08 0.19 0.26 0.29 0.31 0.35 0.44 0.47
 0.48 0.53 0.58 0.63 0.67 0.68 0.69 0.71 0.72 0.74 0.75 0.76 0.77 0.78
 0.8  0.85 0.88 0.92 0.93 0.96 0.97 0.99 1.   1.01 1.02 1.04 1.07 1.14
 1.14 1.16 1.19 1.25 1.28 1.29 1.3  1.34 1.37 1.41 1.43 1.44 1.44 1.48
 1.5  1.72 1.96 2.33]
var: 0.25386830555555556
| [0m13       [0m | [0m0.8618   [0m | [0m0.1834   [0m | [0m10.93    [0m | [0m2.589    [0m |
[0.18 0.19 0.26 0.33 0.34 0.41 0.43 0.47 0.51 0.58 0.62 0.63 0.66 0.68
 0.69 0.72 0.74 0.76 0.8  0.85 0.86 0.86 0.91 0.91 0.91 0.91 0.93 0.93
 1.   1.01 1.06 1.08 1.12 1.17 1.19 1.19 1.2  1.21 1.24 1.29 1.34 1.35
 1.35 1.38 1.38 1.43 1.45 1.6  1.61 1.79 1.86 2.08 2.08 2.13 2.39 2.97
 3.   3.15 3.24 3.5 ]
var: 0.584881638888889
| [0m14       [0m | [0m1.215    [0m | [0m0.2795   [0m | [0m12.7     [0m | [0m0.3871   [0m |
[0.09 0.1  0.1  0.13 0.14 0.14 0.18 0.2  0.22 0.23 0.24 0.31 0.36 0.4
 0.56 0.56 0.56 0.6  0.61 0.61 0.62 0.65 0.66 0.71 0.72 0.73 0.74 0.75
 0.77 0.78 0.78 0.8  0.82 0.86 0.88 0.88 0.9  0.9  0.9  0.91 0.95 0.96
 0.98 1.04 1.11 1.12 1.14 1.22 1.22 1.25 1.31 1.43 1.66 1.68 1.91 2.01
 2.02 2.03 2.08 2.09]
var: 0.29264497222222213
| [0m15       [0m | [0m0.8552   [0m | [0m0.283    [0m | [0m7.211    [0m | [0m2.085    [0m |
[0.05 0.24 0.36 0.41 0.55 0.58 0.6  0.66 0.66 0.7  0.72 0.72 0.72 0.74
 0.81 0.96 1.01 1.03 1.07 1.09 1.14 1.15 1.21 1.24 1.27 1.29 1.3  1.37
 1.44 1.47 1.49 1.5  1.52 1.53 1.57 1.57 1.59 1.7  1.76 1.81 1.84 2.05
 2.07 2.17 2.29 2.31 2.41 2.43 2.47 2.56 2.59 2.61 2.69 2.7  2.74 2.82
 2.83 3.59 4.03 4.31]
var: 0.8359216388888889
| [0m16       [0m | [0m1.602    [0m | [0m0.03665  [0m | [0m38.31    [0m | [0m0.4913   [0m |
[0.01 0.04 0.09 0.09 0.12 0.14 0.14 0.16 0.16 0.17 0.17 0.21 0.23 0.24
 0.26 0.28 0.32 0.45 0.46 0.47 0.51 0.52 0.56 0.57 0.58 0.58 0.59 0.61
 0.62 0.69 0.72 0.72 0.74 0.74 0.75 0.76 0.77 0.77 0.81 0.87 0.89 0.9
 0.9  0.92 0.99 1.02 1.08 1.09 1.1  1.4  1.58 1.61 1.64 1.78 1.8  1.92
 1.95 1.97 2.02 2.06]
var: 0.32420163888888903
| [0m17       [0m | [0m0.7718   [0m | [0m0.2675   [0m | [0m8.115    [0m | [0m1.114    [0m |
[0.   0.   0.09 0.14 0.17 0.2  0.23 0.23 0.24 0.25 0.26 0.3  0.3  0.32
 0.32 0.34 0.34 0.35 0.39 0.45 0.49 0.56 0.58 0.59 0.62 0.67 0.69 0.7
 0.7  0.71 0.71 0.72 0.74 0.75 0.78 0.83 0.86 0.89 0.94 1.   1.03 1.03
 1.05 1.05 1.1  1.11 1.15 1.21 1.22 1.22 1.27 1.28 1.33 1.33 1.36 1.45
 1.51 1.63 1.87 3.46]
var: 0.317498305555555
| [0m18       [0m | [0m0.7852   [0m | [0m0.148    [0m | [0m37.39    [0m | [0m1.89     [0m |
[0.33 0.4  0.52 0.55 0.58 0.64 0.65 0.68 0.7  0.71 0.74 0.74 0.75 0.77
 0.83 0.88 0.91 1.   1.07 1.1  1.12 1.16 1.17 1.2  1.24 1.27 1.27 1.29
 1.31 1.35 1.37 1.5  1.51 1.52 1.54 1.57 1.62 1.64 1.64 1.74 1.77 1.78
 1.8  1.83 1.89 1.97 1.99 2.12 2.2  2.22 2.23 2.56 2.61 2.7  2.72 2.87
 3.04 3.17 3.6  5.11]
var: 0.7684906666666663
| [0m19       [0m | [0m1.546    [0m | [0m0.1892   [0m | [0m28.87    [0m | [0m0.3326   [0m |
[0.   0.01 0.01 0.03 0.04 0.05 0.08 0.08 0.08 0.08 0.09 0.1  0.18 0.19
 0.19 0.26 0.28 0.33 0.44 0.45 0.45 0.45 0.46 0.46 0.47 0.5  0.53 0.55
 0.56 0.57 0.57 0.6  0.61 0.63 0.65 0.66 0.66 0.66 0.68 0.68 0.69 0.75
 0.75 0.78 0.79 0.8  0.8  0.84 0.85 0.95 1.07 1.12 1.15 1.33 1.35 1.45
 1.64 1.66 1.89 2.08]
var: 0.22807608333333368
| [0m20       [0m | [0m0.6185   [0m | [0m0.2472   [0m | [0m46.56    [0m | [0m2.342    [0m |
[0.24 0.29 0.63 0.64 0.68 0.72 0.73 0.75 0.77 0.8  0.83 0.83 0.85 0.9
 0.92 0.93 0.98 0.98 0.99 1.01 1.04 1.07 1.09 1.13 1.16 1.17 1.17 1.19
 1.27 1.3  1.32 1.32 1.37 1.42 1.45 1.46 1.57 1.65 1.81 2.   2.   2.02
 2.03 2.04 2.13 2.17 2.22 2.27 2.38 2.59 2.65 2.7  2.76 2.97 3.18 3.48
 3.72 3.76 4.22 4.33]
var: 0.9284843055555547
| [0m21       [0m | [0m1.634    [0m | [0m0.1111   [0m | [0m8.772    [0m | [0m0.3637   [0m |
[0.05 0.06 0.07 0.09 0.09 0.1  0.1  0.1  0.11 0.14 0.15 0.16 0.17 0.18
 0.19 0.22 0.29 0.31 0.32 0.33 0.35 0.36 0.39 0.4  0.4  0.45 0.48 0.51
 0.53 0.55 0.55 0.57 0.57 0.57 0.58 0.6  0.64 0.64 0.66 0.66 0.66 0.72
 0.74 0.74 0.74 0.75 0.78 0.86 0.88 0.9  0.93 1.01 1.06 1.12 1.12 1.13
 1.18 1.25 1.34 1.4 ]
var: 0.12975666666666646
| [0m22       [0m | [0m0.55     [0m | [0m0.2688   [0m | [0m46.16    [0m | [0m2.665    [0m |
[0.04 0.04 0.05 0.06 0.09 0.11 0.11 0.14 0.15 0.15 0.18 0.19 0.26 0.26
 0.27 0.28 0.35 0.37 0.41 0.42 0.46 0.47 0.48 0.52 0.52 0.56 0.57 0.58
 0.62 0.66 0.68 0.71 0.73 0.74 0.75 0.76 0.82 0.88 0.94 0.96 0.96 0.98
 0.99 1.2  1.21 1.29 1.3  1.47 1.51 1.57 1.59 1.61 1.63 1.65 1.73 1.89
 2.05 2.15 2.27 2.31]
var: 0.38965722222222265
| [0m23       [0m | [0m0.8117   [0m | [0m0.1536   [0m | [0m36.84    [0m | [0m0.6557   [0m |
[0.   0.01 0.01 0.02 0.04 0.05 0.08 0.09 0.13 0.39 0.39 0.42 0.43 0.45
 0.46 0.47 0.47 0.5  0.52 0.52 0.52 0.57 0.59 0.61 0.63 0.67 0.67 0.69
 0.69 0.7  0.71 0.72 0.73 0.75 0.76 0.81 0.83 0.85 0.88 0.91 0.91 1.04
 1.06 1.06 1.09 1.12 1.15 1.16 1.16 1.18 1.19 1.3  1.39 1.44 1.57 1.58
 1.65 1.99 2.09 2.33]
var: 0.2698955555555554
| [0m24       [0m | [0m0.7867   [0m | [0m0.2805   [0m | [0m15.88    [0m | [0m2.842    [0m |
[0.07 0.1  0.16 0.33 0.34 0.39 0.42 0.42 0.46 0.48 0.65 0.69 0.71 0.76
 0.79 0.86 0.88 0.91 0.93 0.96 0.97 0.99 1.   1.02 1.03 1.03 1.07 1.12
 1.13 1.15 1.23 1.27 1.31 1.33 1.33 1.37 1.39 1.41 1.44 1.46 1.48 1.49
 1.51 1.84 1.89 1.95 1.97 1.98 1.98 1.99 2.19 2.22 2.31 2.56 2.57 2.86
 2.88 2.9  3.12 3.5 ]
var: 0.6248420833333329
| [0m25       [0m | [0m1.343    [0m | [0m0.03439  [0m | [0m18.01    [0m | [0m0.7816   [0m |
[0.06 0.07 0.07 0.07 0.08 0.11 0.12 0.17 0.2  0.21 0.22 0.22 0.22 0.24
 0.24 0.28 0.31 0.33 0.33 0.4  0.46 0.55 0.57 0.59 0.64 0.68 0.7  0.75
 0.78 0.79 0.79 0.79 0.79 0.8  0.8  0.82 0.83 0.85 0.85 0.91 0.92 0.94
 0.95 0.99 1.01 1.06 1.12 1.13 1.16 1.18 1.22 1.33 1.42 1.52 1.67 1.81
 1.95 2.05 2.15 2.25]
var: 0.30673155555555603
| [0m26       [0m | [0m0.7753   [0m | [0m0.09739  [0m | [0m27.09    [0m | [0m2.843    [0m |
[0.43 0.6  0.61 0.61 0.65 0.71 0.75 0.81 0.84 0.89 0.94 0.98 1.05 1.07
 1.09 1.11 1.13 1.18 1.19 1.2  1.22 1.24 1.25 1.32 1.33 1.37 1.4  1.42
 1.43 1.44 1.46 1.47 1.54 1.57 1.66 1.68 1.68 1.71 1.71 1.75 1.79 1.8
 1.84 2.   2.   2.02 2.07 2.1  2.11 2.24 2.27 2.27 2.34 2.37 2.38 2.75
 2.98 4.18 4.61 5.72]
var: 0.8677180833333331
| [0m27       [0m | [0m1.656    [0m | [0m0.1352   [0m | [0m46.89    [0m | [0m0.1655   [0m |
[0.04 0.05 0.07 0.09 0.17 0.23 0.26 0.28 0.29 0.36 0.41 0.66 0.66 0.7
 0.71 0.71 0.72 0.73 0.76 0.77 0.77 0.85 0.88 0.89 0.96 0.97 0.98 0.98
 0.99 1.01 1.04 1.08 1.09 1.11 1.13 1.16 1.18 1.23 1.3  1.34 1.36 1.38
 1.39 1.43 1.45 1.59 1.64 1.74 1.74 1.75 1.77 1.77 1.84 1.84 1.86 1.88
 1.99 2.05 2.61 3.  ]
var: 0.3969983055555556
| [0m28       [0m | [0m1.095    [0m | [0m0.06595  [0m | [0m20.73    [0m | [0m0.8922   [0m |
[0.21 0.35 0.41 0.58 0.61 0.63 0.65 0.65 0.67 0.68 0.7  0.71 0.71 0.71
 0.75 0.76 0.81 0.81 0.86 0.92 0.95 0.95 0.98 1.   1.01 1.07 1.08 1.17
 1.23 1.35 1.38 1.4  1.42 1.44 1.47 1.48 1.52 1.53 1.54 1.58 1.63 1.71
 1.72 1.76 1.77 1.8  1.83 1.84 1.84 1.97 1.98 2.02 2.43 2.44 2.48 2.5
 2.55 2.65 2.9  3.24]
var: 0.467881638888889
| [0m29       [0m | [0m1.363    [0m | [0m0.2428   [0m | [0m17.56    [0m | [0m0.3674   [0m |
[0.01 0.06 0.11 0.12 0.18 0.2  0.21 0.23 0.25 0.28 0.31 0.32 0.34 0.34
 0.36 0.37 0.41 0.42 0.44 0.46 0.56 0.58 0.59 0.6  0.62 0.65 0.66 0.66
 0.69 0.74 0.81 0.81 0.86 0.87 0.94 0.95 0.95 0.98 1.05 1.06 1.1  1.13
 1.18 1.23 1.28 1.32 1.33 1.34 1.34 1.36 1.45 1.5  1.59 1.77 1.89 1.9
 2.   2.06 2.13 2.33]
var: 0.3394082222222224
| [0m30       [0m | [0m0.8713   [0m | [0m0.08136  [0m | [0m37.74    [0m | [0m0.7059   [0m |
[0.42 0.55 0.57 0.57 0.67 0.69 0.74 0.75 0.75 0.79 0.79 0.95 0.96 1.07
 1.08 1.1  1.1  1.2  1.23 1.25 1.31 1.34 1.38 1.39 1.54 1.55 1.55 1.59
 1.61 1.63 1.64 1.66 1.74 1.79 1.8  1.8  1.81 1.81 1.83 1.87 1.89 1.94
 1.98 2.04 2.06 2.08 2.38 2.43 2.64 2.65 2.65 2.77 2.86 2.89 3.   3.19
 3.3  3.36 3.48 4.05]
var: 0.699581638888889
| [0m31       [0m | [0m1.725    [0m | [0m0.1206   [0m | [0m47.73    [0m | [0m0.1314   [0m |
[0.04 0.07 0.12 0.14 0.17 0.19 0.2  0.21 0.25 0.38 0.39 0.6  0.6  0.6
 0.63 0.65 0.66 0.68 0.69 0.73 0.74 0.75 0.77 0.79 0.84 0.84 0.87 0.93
 0.97 1.   1.01 1.02 1.05 1.09 1.11 1.11 1.17 1.18 1.31 1.37 1.41 1.42
 1.44 1.5  1.57 1.64 1.73 1.74 1.78 1.79 1.86 1.86 2.12 2.28 2.78 2.96
 2.99 3.51 4.04 5.04]
var: 0.9507143333333326
| [0m32       [0m | [0m1.223    [0m | [0m0.07826  [0m | [0m8.617    [0m | [0m0.4989   [0m |
[0.   0.   0.02 0.03 0.04 0.04 0.04 0.08 0.13 0.13 0.14 0.18 0.19 0.2
 0.25 0.35 0.43 0.44 0.46 0.47 0.48 0.5  0.51 0.56 0.6  0.61 0.62 0.64
 0.66 0.66 0.69 0.74 0.75 0.8  0.81 0.84 0.96 0.99 0.99 1.04 1.09 1.14
 1.15 1.16 1.22 1.29 1.3  1.31 1.41 1.41 1.46 1.62 1.67 1.73 1.75 1.77
 1.92 2.08 2.44 3.43]
var: 0.46597655555555567
| [0m33       [0m | [0m0.8403   [0m | [0m0.04509  [0m | [0m41.81    [0m | [0m1.233    [0m |
[0.   0.   0.01 0.03 0.09 0.18 0.18 0.19 0.22 0.27 0.28 0.29 0.34 0.46
 0.48 0.52 0.58 0.58 0.61 0.62 0.65 0.65 0.65 0.68 0.68 0.85 0.87 0.93
 0.93 0.94 0.94 0.95 1.   1.01 1.02 1.03 1.05 1.05 1.07 1.09 1.09 1.15
 1.16 1.16 1.16 1.18 1.21 1.24 1.26 1.36 1.37 1.41 1.46 1.66 1.71 1.72
 1.75 2.04 2.08 2.87]
var: 0.32607497222222215
| [0m34       [0m | [0m0.9002   [0m | [0m0.1202   [0m | [0m35.5     [0m | [0m0.6457   [0m |
[0.01 0.04 0.07 0.09 0.17 0.2  0.21 0.21 0.33 0.4  0.41 0.43 0.44 0.45
 0.47 0.48 0.5  0.52 0.55 0.62 0.72 0.73 0.76 0.83 0.84 0.87 0.9  0.96
 0.96 1.   1.03 1.11 1.15 1.16 1.27 1.29 1.34 1.36 1.37 1.4  1.4  1.42
 1.42 1.44 1.47 1.51 1.54 1.56 1.81 1.82 1.85 1.86 1.96 2.01 2.17 2.19
 2.32 2.63 2.67 3.19]
var: 0.5236349722222219
| [0m35       [0m | [0m1.098    [0m | [0m0.006682 [0m | [0m4.389    [0m | [0m1.83     [0m |
[0.   0.02 0.05 0.05 0.08 0.13 0.16 0.17 0.23 0.26 0.28 0.3  0.32 0.39
 0.4  0.41 0.51 0.51 0.52 0.57 0.61 0.63 0.66 0.67 0.7  0.75 0.81 0.87
 0.89 0.89 0.9  0.93 0.93 1.   1.06 1.12 1.14 1.16 1.24 1.28 1.31 1.33
 1.38 1.47 1.49 1.56 1.57 1.59 1.61 1.63 1.63 1.64 1.74 1.74 1.81 1.82
 2.01 2.6  2.76 2.84]
var: 0.4693214166666664
| [0m36       [0m | [0m0.9855   [0m | [0m0.1256   [0m | [0m26.42    [0m | [0m0.7932   [0m |
[0.56 0.65 0.66 0.69 0.71 0.83 0.91 1.   1.   1.02 1.05 1.05 1.09 1.16
 1.18 1.21 1.22 1.31 1.34 1.34 1.34 1.35 1.35 1.35 1.35 1.37 1.39 1.42
 1.42 1.43 1.48 1.52 1.53 1.62 1.64 1.65 1.66 1.67 1.68 1.72 1.73 1.94
 1.95 2.04 2.04 2.09 2.13 2.17 2.18 2.38 2.38 2.47 2.47 2.56 2.61 2.61
 2.83 2.88 4.07 4.38]
var: 0.5530836388888887
| [0m37       [0m | [0m1.664    [0m | [0m0.1774   [0m | [0m22.16    [0m | [0m0.09687  [0m |
[0.06 0.19 0.41 0.51 0.58 0.59 0.63 0.73 0.74 0.76 0.79 0.8  0.81 0.92
 0.92 1.   1.02 1.03 1.04 1.04 1.05 1.05 1.07 1.08 1.11 1.19 1.23 1.26
 1.27 1.27 1.28 1.29 1.31 1.33 1.34 1.34 1.46 1.48 1.49 1.49 1.57 1.58
 1.64 1.65 1.68 1.68 1.69 1.76 1.82 1.84 1.86 1.89 1.93 1.97 1.97 2.02
 2.29 2.32 2.33 2.89]
var: 0.30178122222222176
| [0m38       [0m | [0m1.306    [0m | [0m0.2292   [0m | [0m27.96    [0m | [0m0.02241  [0m |
[0.   0.04 0.08 0.08 0.09 0.1  0.11 0.12 0.14 0.14 0.19 0.22 0.23 0.23
 0.27 0.28 0.29 0.29 0.37 0.38 0.41 0.44 0.45 0.54 0.55 0.56 0.56 0.57
 0.6  0.62 0.64 0.68 0.68 0.68 0.73 0.75 0.78 0.79 0.81 0.81 0.83 0.84
 0.88 0.9  0.94 0.96 0.97 1.03 1.05 1.13 1.2  1.33 1.42 1.44 1.56 1.61
 1.74 1.79 2.13 2.63]
var: 0.2999448888888892
| [0m39       [0m | [0m0.7113   [0m | [0m0.01149  [0m | [0m37.65    [0m | [0m2.359    [0m |
[0.22 0.34 0.35 0.39 0.4  0.42 0.52 0.52 0.62 0.69 0.7  0.72 0.73 0.74
 0.75 0.79 0.85 0.91 0.93 0.94 1.   1.05 1.08 1.1  1.1  1.12 1.14 1.14
 1.17 1.21 1.21 1.25 1.35 1.37 1.38 1.43 1.48 1.49 1.5  1.6  1.61 1.62
 1.68 1.73 1.75 1.83 1.86 1.92 1.96 1.97 2.01 2.07 2.08 2.1  2.61 2.61
 2.85 2.99 3.54 4.13]
var: 0.6150476666666665
| [0m40       [0m | [0m1.377    [0m | [0m0.1748   [0m | [0m11.79    [0m | [0m0.4103   [0m |
[0.01 0.01 0.04 0.05 0.06 0.13 0.17 0.28 0.3  0.32 0.33 0.34 0.37 0.38
 0.48 0.48 0.5  0.54 0.58 0.6  0.62 0.65 0.68 0.69 0.69 0.7  0.73 0.77
 0.78 0.79 0.79 0.8  0.81 0.81 0.86 0.88 0.95 0.96 0.99 1.01 1.05 1.06
 1.06 1.08 1.09 1.12 1.14 1.14 1.21 1.22 1.31 1.35 1.35 1.39 1.47 1.64
 1.76 1.78 2.02 2.74]
var: 0.2750783055555556
| [0m41       [0m | [0m0.8318   [0m | [0m0.2804   [0m | [0m13.87    [0m | [0m2.49     [0m |
[0.43 0.59 0.72 0.75 0.78 0.79 0.87 0.88 1.   1.   1.06 1.07 1.09 1.12
 1.14 1.14 1.16 1.16 1.19 1.19 1.2  1.2  1.2  1.26 1.28 1.29 1.31 1.33
 1.34 1.39 1.41 1.44 1.44 1.44 1.46 1.46 1.47 1.52 1.55 1.59 1.61 1.66
 1.69 1.71 1.71 1.71 1.78 1.79 1.84 1.84 1.9  1.93 2.02 2.04 2.12 2.3
 2.34 2.81 2.9  2.93]
var: 0.270297888888889
| [0m42       [0m | [0m1.456    [0m | [0m0.175    [0m | [0m12.4     [0m | [0m0.04202  [0m |
[0.   0.   0.02 0.05 0.07 0.08 0.08 0.1  0.18 0.23 0.25 0.25 0.26 0.26
 0.26 0.27 0.28 0.31 0.35 0.36 0.36 0.4  0.4  0.41 0.42 0.54 0.55 0.57
 0.57 0.57 0.57 0.6  0.6  0.6  0.61 0.63 0.65 0.67 0.68 0.73 0.76 0.78
 0.78 0.79 0.87 0.93 0.93 0.99 1.01 1.05 1.06 1.13 1.18 1.19 1.2  1.43
 1.49 1.89 2.03 2.54]
var: 0.25494433333333333
| [0m43       [0m | [0m0.647    [0m | [0m1e-08    [0m | [0m12.87    [0m | [0m0.001    [0m |
[0.03 0.05 0.07 0.12 0.28 0.32 0.32 0.35 0.35 0.36 0.37 0.37 0.44 0.52
 0.55 0.57 0.59 0.61 0.63 0.64 0.64 0.65 0.65 0.65 0.68 0.68 0.68 0.69
 0.7  0.76 0.84 0.89 0.9  1.05 1.08 1.1  1.1  1.1  1.14 1.17 1.19 1.23
 1.25 1.25 1.26 1.5  1.56 1.58 1.73 1.73 1.73 1.76 1.94 1.96 2.08 2.1
 2.56 2.87 2.93 4.62]
var: 0.6628048888888884
| [0m44       [0m | [0m1.059    [0m | [0m0.2249   [0m | [0m27.93    [0m | [0m0.01673  [0m |
[0.04 0.13 0.25 0.42 0.49 0.52 0.52 0.57 0.59 0.68 0.69 0.7  0.71 0.71
 0.78 0.79 0.81 0.82 0.83 0.84 0.91 0.93 0.94 0.98 1.1  1.11 1.11 1.14
 1.18 1.21 1.24 1.28 1.34 1.37 1.42 1.59 1.61 1.61 1.62 1.62 1.65 1.69
 1.9  1.97 1.97 2.   2.01 2.07 2.08 2.14 2.21 2.22 2.55 2.73 2.74 2.78
 2.89 3.21 3.33 3.84]
var: 0.7007598888888888
| [0m45       [0m | [0m1.42     [0m | [0m0.2236   [0m | [0m17.55    [0m | [0m0.3677   [0m |
[0.02 0.03 0.16 0.16 0.23 0.27 0.28 0.37 0.39 0.4  0.41 0.51 0.51 0.59
 0.6  0.61 0.66 0.66 0.68 0.68 0.68 0.68 0.7  0.72 0.73 0.74 0.76 0.8
 0.83 0.84 0.88 0.89 0.92 0.93 0.93 0.94 0.97 0.99 1.   1.01 1.11 1.16
 1.16 1.22 1.22 1.24 1.24 1.25 1.27 1.3  1.31 1.34 1.36 1.41 1.56 1.69
 1.93 1.98 2.02 2.06]
var: 0.22884163888888895
| [0m46       [0m | [0m0.8998   [0m | [0m0.1127   [0m | [0m19.85    [0m | [0m2.415    [0m |
[0.04 0.33 0.61 0.8  0.91 1.3  1.31 1.32 1.38 1.43 1.52 1.63 1.68 1.69
 1.72 1.75 1.88 1.89 2.1  2.14 2.16 2.19 2.22 2.24 2.25 2.31 2.32 2.42
 2.43 2.57 2.57 2.66 2.8  2.94 2.95 2.96 2.97 3.13 3.21 3.27 3.46 3.56
 3.57 3.57 3.63 3.63 3.63 3.83 3.9  3.96 4.26 4.3  4.7  4.83 4.88 5.05
 5.23 5.25 5.38 7.19]
var: 1.9571349722222222
| [95m47       [0m | [95m2.797    [0m | [95m0.005025 [0m | [95m12.68    [0m | [95m0.217    [0m |
[0.04 0.17 0.39 0.63 0.81 1.   1.13 1.18 1.33 1.37 1.44 1.54 1.59 1.76
 1.78 1.8  1.88 1.94 2.13 2.15 2.29 2.38 2.42 2.52 2.54 2.57 2.61 2.67
 2.72 2.81 2.82 2.83 2.85 2.85 2.89 2.95 3.15 3.18 3.29 3.32 3.46 3.49
 3.51 3.51 3.53 3.63 3.77 3.8  3.81 3.86 3.92 3.92 3.95 3.97 4.22 4.26
 4.31 4.8  4.98 5.61]
var: 1.4819014166666673
| [0m48       [0m | [0m2.701    [0m | [0m0.002216 [0m | [0m12.82    [0m | [0m0.3314   [0m |
[0.67 0.72 0.74 0.77 0.78 0.82 0.9  0.93 0.95 0.97 1.04 1.14 1.16 1.17
 1.19 1.19 1.25 1.26 1.34 1.35 1.35 1.38 1.39 1.43 1.48 1.48 1.53 1.56
 1.56 1.58 1.6  1.63 1.65 1.68 1.69 1.7  1.72 1.73 1.73 1.78 1.85 1.88
 1.9  1.93 1.94 2.13 2.17 2.41 2.49 2.59 2.6  2.73 2.78 3.02 3.24 3.39
 3.95 4.25 4.29 4.43]
var: 0.8086595555555558
| [0m49       [0m | [0m1.799    [0m | [0m0.06049  [0m | [0m12.64    [0m | [0m0.3149   [0m |
[0.   0.   0.02 0.05 0.07 0.07 0.09 0.09 0.1  0.11 0.12 0.14 0.16 0.24
 0.24 0.33 0.33 0.36 0.39 0.39 0.41 0.42 0.44 0.44 0.47 0.47 0.48 0.48
 0.52 0.54 0.54 0.56 0.57 0.65 0.66 0.68 0.69 0.7  0.73 0.73 0.74 0.75
 0.75 0.77 0.84 0.86 0.91 0.91 0.92 0.95 0.95 0.99 1.09 1.12 1.16 1.3
 1.4  1.63 1.92 2.67]
var: 0.23853941666666695
| [0m50       [0m | [0m0.6185   [0m | [0m0.08229  [0m | [0m47.63    [0m | [0m2.845    [0m |
[0.   0.   0.   0.04 0.12 0.13 0.16 0.18 0.23 0.27 0.3  0.31 0.31 0.33
 0.34 0.4  0.4  0.42 0.47 0.48 0.5  0.51 0.53 0.54 0.55 0.58 0.6  0.67
 0.7  0.71 0.72 0.73 0.78 0.79 0.79 0.82 0.83 0.85 0.86 0.89 0.9  0.92
 0.94 0.94 0.94 0.96 0.97 1.01 1.02 1.05 1.12 1.13 1.13 1.24 1.26 1.51
 1.68 1.7  1.77 3.41]
var: 0.2970562222222224
| [0m51       [0m | [0m0.7407   [0m | [0m0.09229  [0m | [0m35.94    [0m | [0m2.555    [0m |
[0.65 0.98 0.98 0.99 1.23 1.29 1.44 1.66 1.7  1.7  1.71 1.72 1.74 1.78
 1.78 1.82 1.85 1.9  1.96 1.97 1.98 2.1  2.17 2.19 2.21 2.23 2.29 2.37
 2.42 2.45 2.5  2.51 2.54 2.55 2.58 2.7  2.71 2.76 2.79 2.96 3.02 3.03
 3.09 3.09 3.12 3.31 3.34 3.41 3.41 3.43 3.45 3.46 3.52 3.55 3.58 3.64
 4.01 4.33 4.35 5.5 ]
var: 0.8742649999999997
| [0m52       [0m | [0m2.525    [0m | [0m0.004287 [0m | [0m12.66    [0m | [0m0.2791   [0m |
[0.12 0.14 0.61 0.68 0.73 0.82 0.83 0.9  1.11 1.16 1.16 1.23 1.25 1.25
 1.27 1.31 1.35 1.35 1.37 1.37 1.4  1.5  1.52 1.57 1.58 1.59 1.61 1.7
 1.73 1.87 1.92 1.93 2.   2.02 2.03 2.11 2.12 2.13 2.16 2.34 2.36 2.48
 2.49 2.51 2.55 2.56 2.58 2.6  2.61 2.63 2.65 2.66 2.9  2.97 3.12 3.18
 3.5  3.6  4.2  4.28]
var: 0.7898936388888893
| [0m53       [0m | [0m1.921    [0m | [0m0.04189  [0m | [0m12.92    [0m | [0m0.361    [0m |
[0.73 0.79 0.82 0.89 0.94 1.03 1.03 1.09 1.17 1.22 1.24 1.3  1.32 1.32
 1.41 1.42 1.44 1.46 1.56 1.59 1.64 1.66 1.66 1.67 1.73 1.76 1.81 1.87
 1.99 2.05 2.06 2.08 2.08 2.09 2.1  2.11 2.13 2.16 2.19 2.33 2.33 2.42
 2.49 2.63 2.64 2.67 2.79 2.82 2.95 3.01 3.3  3.4  3.43 3.46 3.49 3.5
 3.64 4.32 4.82 5.81]
var: 1.0315778888888887
| [0m54       [0m | [0m2.148    [0m | [0m0.01635  [0m | [0m12.84    [0m | [0m0.2947   [0m |
[0.49 0.51 0.53 0.62 0.74 0.77 0.9  1.01 1.1  1.21 1.22 1.23 1.24 1.25
 1.26 1.28 1.29 1.34 1.35 1.37 1.37 1.39 1.41 1.43 1.43 1.45 1.49 1.52
 1.53 1.59 1.63 1.64 1.74 1.75 1.77 1.78 1.84 1.96 1.96 1.98 1.98 2.
 2.02 2.07 2.07 2.18 2.25 2.49 2.57 2.58 2.61 2.63 2.69 2.77 2.8  2.82
 2.83 3.32 3.33 3.81]
var: 0.5318449722222223
| [0m55       [0m | [0m1.753    [0m | [0m0.1008   [0m | [0m12.76    [0m | [0m0.2089   [0m |
[0.42 0.57 0.64 0.71 0.78 0.78 0.79 0.89 0.89 1.01 1.06 1.06 1.1  1.18
 1.26 1.32 1.33 1.37 1.38 1.41 1.42 1.42 1.45 1.49 1.49 1.54 1.61 1.66
 1.71 1.72 1.75 1.77 1.83 1.85 1.89 1.9  1.99 2.   2.02 2.02 2.06 2.07
 2.08 2.13 2.13 2.24 2.29 2.3  2.3  2.33 2.51 2.54 2.55 3.11 3.17 3.23
 3.52 3.78 4.35 5.09]
var: 0.8086812222222232
| [0m56       [0m | [0m1.838    [0m | [0m0.04807  [0m | [0m12.65    [0m | [0m0.3392   [0m |
[0.   0.   0.05 0.05 0.08 0.09 0.21 0.27 0.27 0.29 0.32 0.35 0.35 0.36
 0.36 0.37 0.43 0.43 0.47 0.48 0.64 0.67 0.68 0.68 0.7  0.72 0.75 0.75
 0.76 0.76 0.76 0.78 0.79 0.8  0.82 0.82 0.84 0.84 0.85 0.9  0.95 0.97
 0.98 1.11 1.14 1.15 1.16 1.16 1.17 1.17 1.17 1.24 1.24 1.35 1.43 1.45
 1.47 1.49 1.77 2.88]
var: 0.2529483055555558
| [0m57       [0m | [0m0.7832   [0m | [0m0.2418   [0m | [0m18.34    [0m | [0m2.957    [0m |
[0.   0.01 0.02 0.02 0.03 0.05 0.05 0.07 0.08 0.1  0.14 0.17 0.18 0.18
 0.18 0.2  0.22 0.28 0.28 0.33 0.35 0.36 0.4  0.41 0.43 0.46 0.47 0.5
 0.57 0.58 0.58 0.59 0.61 0.62 0.64 0.64 0.65 0.66 0.69 0.74 0.78 0.79
 0.79 0.87 0.91 0.99 1.01 1.01 1.13 1.15 1.2  1.28 1.32 1.35 1.4  1.45
 1.72 1.87 2.27 2.56]
var: 0.31413608333333326
| [0m58       [0m | [0m0.6565   [0m | [0m0.06986  [0m | [0m45.06    [0m | [0m2.616    [0m |
[0.61 0.62 0.62 0.63 0.64 0.66 0.73 0.76 0.77 0.84 0.86 0.89 0.91 0.91
 0.91 0.93 0.99 1.06 1.08 1.09 1.1  1.2  1.23 1.24 1.26 1.26 1.29 1.29
 1.31 1.34 1.43 1.44 1.49 1.51 1.57 1.58 1.65 1.66 1.69 1.69 1.76 1.76
 1.79 1.92 1.92 2.02 2.21 2.27 2.29 2.31 2.33 2.47 2.6  2.63 2.69 2.76
 2.76 2.85 3.25 3.35]
var: 0.508541555555555
| [0m59       [0m | [0m1.545    [0m | [0m0.07714  [0m | [0m47.18    [0m | [0m0.2376   [0m |
[0.03 0.08 0.09 0.09 0.11 0.13 0.19 0.47 0.61 0.63 0.65 0.65 0.73 0.73
 0.77 0.78 0.79 0.86 0.86 0.9  0.91 0.95 0.99 1.   1.14 1.16 1.17 1.26
 1.28 1.3  1.33 1.38 1.39 1.42 1.43 1.46 1.46 1.46 1.5  1.55 1.58 1.7
 1.88 1.89 1.93 1.96 2.06 2.08 2.17 2.19 2.2  2.33 2.47 2.58 2.67 2.71
 2.79 3.02 3.38 4.01]
var: 0.7480149722222219
| [0m60       [0m | [0m1.388    [0m | [0m0.05995  [0m | [0m12.84    [0m | [0m0.5009   [0m |
[0.52 0.53 0.54 0.56 0.58 0.61 0.63 0.66 0.7  0.75 0.79 0.79 0.82 0.91
 0.96 1.06 1.08 1.11 1.17 1.2  1.21 1.21 1.26 1.27 1.27 1.28 1.28 1.33
 1.33 1.35 1.38 1.43 1.45 1.46 1.51 1.52 1.52 1.57 1.58 1.59 1.61 1.63
 1.64 1.65 1.65 1.74 1.75 1.81 1.83 1.84 1.87 1.9  1.94 1.95 1.97 2.01
 2.49 2.66 2.67 2.98]
var: 0.3042028888888889
| [0m61       [0m | [0m1.389    [0m | [0m0.2058   [0m | [0m35.96    [0m | [0m0.1453   [0m |
[0.71 0.78 0.78 0.81 0.83 0.88 0.89 1.1  1.12 1.27 1.4  1.43 1.45 1.5
 1.52 1.58 1.67 1.72 1.73 1.78 1.79 1.82 1.85 1.86 2.08 2.11 2.12 2.17
 2.19 2.32 2.33 2.55 2.67 2.7  2.7  2.72 2.77 2.82 2.83 2.88 2.99 3.11
 3.27 3.33 3.53 3.59 3.61 3.67 3.75 3.96 4.03 4.19 4.24 4.49 4.77 4.79
 5.75 5.81 5.85 6.17]
var: 1.9256869722222227
| [0m62       [0m | [0m2.619    [0m | [0m0.005078 [0m | [0m12.62    [0m | [0m0.1478   [0m |
[0.   0.04 0.07 0.09 0.11 0.12 0.14 0.16 0.17 0.2  0.21 0.21 0.27 0.28
 0.29 0.31 0.32 0.35 0.35 0.36 0.39 0.4  0.42 0.46 0.48 0.5  0.5  0.55
 0.59 0.61 0.66 0.66 0.68 0.69 0.71 0.77 0.78 0.79 0.84 0.84 0.97 1.
 1.05 1.05 1.14 1.15 1.16 1.18 1.21 1.25 1.33 1.33 1.37 1.44 1.47 1.48
 1.55 1.64 1.66 2.05]
var: 0.24793097222222238
| [0m63       [0m | [0m0.7142   [0m | [0m0.09797  [0m | [0m42.7     [0m | [0m2.471    [0m |
[0.   0.07 0.08 0.09 0.13 0.14 0.2  0.22 0.28 0.3  0.32 0.32 0.34 0.38
 0.42 0.45 0.54 0.55 0.59 0.63 0.64 0.66 0.66 0.67 0.69 0.7  0.72 0.76
 0.77 0.78 0.79 0.84 0.87 0.97 1.   1.09 1.12 1.14 1.14 1.18 1.19 1.22
 1.28 1.32 1.37 1.42 1.44 1.5  1.63 1.64 1.66 1.66 1.72 1.79 1.79 1.95
 2.02 2.22 3.15 4.07]
var: 0.5567793333333328
| [0m64       [0m | [0m0.988    [0m | [0m0.04443  [0m | [0m35.38    [0m | [0m1.044    [0m |
[0.76 0.76 0.89 0.93 0.93 0.98 0.99 1.01 1.04 1.06 1.13 1.14 1.25 1.29
 1.33 1.35 1.37 1.38 1.39 1.44 1.46 1.56 1.67 1.69 1.7  1.7  1.76 1.8
 1.84 1.89 1.9  1.91 1.92 1.93 1.94 1.94 1.99 1.99 2.   2.04 2.05 2.13
 2.14 2.32 2.44 2.72 2.74 2.76 2.78 2.84 2.95 2.96 2.97 3.08 3.23 3.89
 4.93 5.01 5.13 5.17]
var: 1.1167949722222223
| [0m65       [0m | [0m2.055    [0m | [0m0.0171   [0m | [0m12.42    [0m | [0m0.36     [0m |
[0.02 0.03 0.03 0.04 0.06 0.07 0.1  0.21 0.26 0.29 0.34 0.39 0.43 0.5
 0.55 0.57 0.57 0.58 0.62 0.63 0.66 0.68 0.72 0.73 0.74 0.74 0.74 0.74
 0.78 0.78 0.8  0.8  0.81 0.85 0.85 1.05 1.07 1.07 1.09 1.09 1.1  1.16
 1.28 1.29 1.3  1.3  1.37 1.39 1.4  1.45 1.52 1.56 1.76 1.78 1.81 1.82
 1.9  1.99 2.01 2.07]
var: 0.31476788888888874
| [0m66       [0m | [0m0.9057   [0m | [0m0.2052   [0m | [0m26.14    [0m | [0m1.239    [0m |
[0.46 0.62 0.72 0.78 0.8  0.81 0.81 0.81 0.83 0.85 0.92 0.93 0.99 1.04
 1.04 1.16 1.18 1.19 1.19 1.23 1.23 1.25 1.27 1.32 1.4  1.41 1.41 1.42
 1.46 1.47 1.47 1.71 1.73 1.74 1.79 1.79 1.84 1.89 1.98 2.07 2.23 2.36
 2.39 2.44 2.45 2.54 2.61 2.64 2.69 2.74 2.78 2.79 2.81 2.93 2.98 3.
 3.37 3.83 3.91 3.92]
var: 0.7742832222222221
| [0m67       [0m | [0m1.79     [0m | [0m0.03873  [0m | [0m6.369    [0m | [0m0.1995   [0m |
[0.   0.   0.   0.01 0.01 0.13 0.2  0.22 0.25 0.36 0.38 0.42 0.46 0.46
 0.48 0.54 0.54 0.62 0.71 0.71 0.73 0.77 0.79 0.8  0.8  0.82 0.82 0.87
 0.9  0.9  0.9  0.92 0.99 1.02 1.09 1.15 1.2  1.22 1.25 1.3  1.3  1.46
 1.63 1.67 1.75 1.91 2.23 2.34 2.37 2.68 2.74 2.83 2.89 2.92 3.01 3.06
 3.97 4.7  5.12 5.37]
var: 1.5682260833333324
| [0m68       [0m | [0m1.362    [0m | [0m1e-08    [0m | [0m12.57    [0m | [0m0.2109   [0m |
[0.18 0.42 0.67 0.67 0.7  0.76 0.91 0.98 1.01 1.02 1.19 1.19 1.28 1.28
 1.29 1.33 1.36 1.41 1.44 1.45 1.46 1.46 1.48 1.53 1.53 1.54 1.54 1.55
 1.6  1.64 1.68 1.69 1.78 1.79 1.79 1.82 1.83 1.85 1.85 1.93 2.02 2.14
 2.26 2.33 2.34 2.37 2.4  2.5  2.69 2.72 2.76 2.85 2.98 2.99 3.11 3.18
 3.2  4.6  4.67 4.8 ]
var: 0.9016183055555558
| [0m69       [0m | [0m1.88     [0m | [0m0.03756  [0m | [0m12.72    [0m | [0m0.3749   [0m |
[0.63 0.67 0.82 1.04 1.04 1.16 1.2  1.22 1.22 1.3  1.3  1.4  1.4  1.48
 1.59 1.63 1.68 1.72 1.72 1.76 1.79 1.9  1.92 1.96 2.08 2.08 2.18 2.18
 2.22 2.32 2.33 2.39 2.45 2.46 2.49 2.56 2.57 2.68 2.73 2.74 2.78 2.99
 3.14 3.2  3.22 3.26 3.32 3.38 3.52 3.78 3.87 3.89 3.98 4.06 4.17 4.45
 4.49 4.65 5.3  7.3 ]
var: 1.5721695555555566
| [0m70       [0m | [0m2.513    [0m | [0m0.07954  [0m | [0m12.63    [0m | [0m0.05936  [0m |
[0.02 0.03 0.05 0.08 0.08 0.1  0.1  0.11 0.15 0.16 0.2  0.2  0.24 0.25
 0.26 0.3  0.32 0.33 0.34 0.35 0.38 0.39 0.44 0.45 0.47 0.47 0.47 0.52
 0.54 0.54 0.57 0.59 0.61 0.67 0.68 0.7  0.73 0.77 0.78 0.78 0.79 0.82
 0.91 0.96 0.96 0.97 0.99 1.   1.03 1.06 1.09 1.34 1.39 1.44 1.77 1.81
 1.84 1.84 2.03 3.79]
var: 0.4123554166666668
| [0m71       [0m | [0m0.7175   [0m | [0m0.02688  [0m | [0m31.68    [0m | [0m2.615    [0m |
[0.   0.   0.01 0.04 0.05 0.06 0.12 0.17 0.23 0.23 0.27 0.3  0.4  0.41
 0.45 0.45 0.48 0.49 0.51 0.51 0.52 0.54 0.57 0.57 0.57 0.58 0.6  0.64
 0.64 0.64 0.66 0.68 0.7  0.7  0.71 0.75 0.75 0.77 0.81 0.81 0.82 0.83
 0.94 0.94 1.05 1.07 1.08 1.17 1.19 1.2  1.24 1.32 1.37 1.48 1.51 1.63
 1.75 2.12 2.35 2.43]
var: 0.2978448888888885
| [0m72       [0m | [0m0.7647   [0m | [0m0.1598   [0m | [0m33.05    [0m | [0m2.363    [0m |
[0.35 0.36 0.38 0.48 0.56 0.64 0.64 0.66 0.67 0.67 0.72 0.77 0.78 0.78
 0.87 0.87 0.9  0.91 0.94 0.96 0.99 1.02 1.04 1.06 1.06 1.07 1.12 1.19
 1.19 1.19 1.2  1.2  1.25 1.3  1.32 1.34 1.36 1.37 1.38 1.39 1.4  1.46
 1.47 1.48 1.61 1.62 1.67 1.68 1.75 1.75 2.04 2.06 2.14 2.15 2.18 2.36
 2.64 2.83 3.33 4.45]
var: 0.534726555555555
| [0m73       [0m | [0m1.334    [0m | [0m0.2614   [0m | [0m17.55    [0m | [0m0.3557   [0m |
[0.06 0.08 0.1  0.14 0.16 0.19 0.2  0.21 0.21 0.22 0.22 0.22 0.23 0.23
 0.24 0.24 0.25 0.26 0.28 0.28 0.28 0.29 0.29 0.33 0.42 0.43 0.45 0.45
 0.46 0.48 0.49 0.49 0.51 0.52 0.52 0.53 0.53 0.53 0.54 0.55 0.56 0.56
 0.56 0.57 0.57 0.6  0.62 0.65 0.67 0.72 0.72 0.75 0.75 0.76 0.87 0.89
 1.02 1.02 1.03 1.04]
var: 0.06297288888888884
| [0m74       [0m | [0m0.4673   [0m | [0m0.05952  [0m | [0m12.57    [0m | [0m0.009984 [0m |
[0.54 0.56 0.63 0.67 0.67 0.69 0.74 0.75 0.76 0.77 0.87 1.   1.02 1.12
 1.29 1.34 1.36 1.37 1.37 1.4  1.5  1.53 1.55 1.57 1.71 1.73 1.73 1.77
 1.79 1.8  1.81 1.81 1.82 1.86 1.87 1.88 1.88 1.93 1.94 1.97 2.07 2.07
 2.07 2.15 2.16 2.18 2.3  2.39 2.46 2.5  2.51 2.57 2.61 2.62 2.7  2.86
 3.17 3.26 4.81 4.94]
var: 0.770336972222222
| [0m75       [0m | [0m1.813    [0m | [0m0.06369  [0m | [0m42.66    [0m | [0m0.09076  [0m |
[0.52 0.61 0.66 1.05 1.13 1.15 1.17 1.2  1.36 1.39 1.4  1.51 1.61 1.65
 1.66 1.67 1.73 1.73 1.74 1.74 1.74 1.8  1.81 1.84 1.86 1.87 1.9  1.9
 1.93 1.95 1.95 1.95 2.   2.03 2.05 2.28 2.29 2.31 2.41 2.45 2.45 2.65
 2.7  2.85 2.86 2.89 2.95 3.06 3.13 3.22 3.29 3.33 3.33 3.34 3.35 3.53
 3.55 3.59 3.74 4.13]
var: 0.7080578888888888
| [0m76       [0m | [0m2.182    [0m | [0m0.05058  [0m | [0m12.69    [0m | [0m0.04913  [0m |
[0.48 1.   1.07 1.18 1.21 1.28 1.34 1.34 1.37 1.42 1.43 1.45 1.46 1.49
 1.51 1.6  1.61 1.62 1.64 1.65 1.72 1.77 1.78 1.8  1.81 1.82 1.83 1.88
 1.93 1.96 1.97 1.98 2.06 2.07 2.09 2.11 2.11 2.16 2.21 2.28 2.4  2.44
 2.5  2.59 2.63 2.63 2.66 2.83 2.85 2.88 2.91 2.96 3.21 3.26 3.51 3.51
 3.82 3.94 5.09 5.89]
var: 0.8953122222222218
| [0m77       [0m | [0m2.183    [0m | [0m0.02661  [0m | [0m6.384    [0m | [0m0.2064   [0m |
[0.   0.01 0.02 0.09 0.17 0.21 0.27 0.4  0.47 0.5  0.55 0.56 0.57 0.58
 0.59 0.59 0.59 0.61 0.63 0.64 0.65 0.67 0.67 0.68 0.68 0.7  0.7  0.71
 0.73 0.74 0.75 0.75 0.8  0.88 0.89 0.93 0.95 1.02 1.03 1.04 1.04 1.05
 1.05 1.1  1.11 1.11 1.12 1.13 1.16 1.16 1.28 1.29 1.35 1.36 1.51 1.61
 1.72 1.81 2.57 2.9 ]
var: 0.28011097222222175
| [0m78       [0m | [0m0.8742   [0m | [0m0.1962   [0m | [0m28.17    [0m | [0m1.588    [0m |
[0.12 0.18 0.19 0.21 0.26 0.35 0.41 0.42 0.42 0.45 0.59 0.59 0.59 0.64
 0.66 0.68 0.71 0.72 0.73 0.74 0.82 0.82 0.88 0.9  0.91 0.97 1.   1.04
 1.07 1.09 1.16 1.23 1.28 1.35 1.39 1.4  1.41 1.44 1.5  1.55 1.62 1.69
 1.7  1.76 1.8  1.8  1.95 2.03 2.29 2.32 2.32 2.35 2.36 2.56 3.07 3.22
 3.53 3.85 4.33 5.26]
var: 1.1173582222222211
| [0m79       [0m | [0m1.411    [0m | [0m1e-08    [0m | [0m12.72    [0m | [0m0.2646   [0m |
[0.   0.02 0.03 0.05 0.06 0.1  0.11 0.11 0.13 0.17 0.19 0.2  0.21 0.25
 0.27 0.3  0.33 0.39 0.4  0.42 0.47 0.48 0.62 0.65 0.66 0.66 0.67 0.68
 0.68 0.69 0.71 0.72 0.72 0.72 0.74 0.76 0.77 0.83 0.84 0.85 0.87 0.89
 0.92 0.99 1.03 1.08 1.12 1.12 1.14 1.15 1.19 1.22 1.27 1.27 1.34 1.38
 1.46 1.59 1.83 2.24]
var: 0.23367622222222206
| [0m80       [0m | [0m0.7127   [0m | [0m0.2394   [0m | [0m43.07    [0m | [0m1.969    [0m |
=============================================================
None
num_trials:  40  inits,  40  iters,  60  per
rho:  50
pthin:  0.98

Best VPT: 2.796833333333334
Best result: {'a': 0.005024612871410689, 'g': 12.678395900847931, 's': 0.2170471018938365}

KERNEL: nu=1.5, lengthscale=2.0, alpha=0.0005
