|   iter    |  target   |     a     |     g     |     s     |
-------------------------------------------------------------
[0.01 0.04 0.06 0.09 0.1  0.11 0.13 0.17 0.22 0.24 0.32 0.35 0.43 0.45
 0.55 0.58 0.59 0.63 0.64 0.65 0.69 0.72 0.73 0.73 0.74 0.75 0.81 0.81
 0.81 0.82 0.83 0.85 0.86 0.87 0.87 0.87 0.88 0.89 0.91 0.97 1.07 1.1
 1.13 1.13 1.16 1.21 1.22 1.24 1.25 1.25 1.25 1.26 1.27 1.28 1.28 1.37
 1.38 1.49 1.55 1.86]
var: 0.18533488888888888
| [0m1        [0m | [0m0.8087   [0m | [0m0.2324   [0m | [0m17.2     [0m | [0m2.719    [0m |
[0.02 0.03 0.12 0.14 0.14 0.14 0.15 0.18 0.21 0.21 0.24 0.27 0.27 0.28
 0.29 0.32 0.33 0.37 0.38 0.38 0.38 0.4  0.41 0.41 0.41 0.43 0.45 0.47
 0.49 0.49 0.5  0.53 0.56 0.58 0.59 0.59 0.63 0.63 0.63 0.67 0.67 0.67
 0.71 0.71 0.71 0.72 0.73 0.77 0.78 0.78 0.78 0.8  0.81 0.92 1.02 1.02
 1.1  1.15 1.59 1.9 ]
var: 0.11986233333333345
| [0m2        [0m | [0m0.551    [0m | [0m0.133    [0m | [0m1.863    [0m | [0m1.902    [0m |
[0.01 0.01 0.04 0.04 0.06 0.06 0.09 0.09 0.11 0.12 0.14 0.14 0.15 0.15
 0.15 0.16 0.16 0.19 0.19 0.2  0.21 0.24 0.28 0.28 0.29 0.29 0.29 0.29
 0.32 0.34 0.36 0.38 0.41 0.42 0.43 0.43 0.5  0.51 0.57 0.6  0.64 0.65
 0.72 0.73 0.73 0.74 0.74 0.78 0.87 0.89 0.95 1.03 1.2  1.2  1.22 1.29
 1.36 1.43 1.86 2.15]
var: 0.2178015555555555
| [0m3        [0m | [0m0.5147   [0m | [0m0.05191  [0m | [0m49.1     [0m | [0m2.933    [0m |
[0.   0.   0.03 0.03 0.07 0.24 0.28 0.3  0.31 0.33 0.36 0.38 0.44 0.45
 0.48 0.57 0.58 0.59 0.6  0.62 0.63 0.69 0.69 0.7  0.71 0.73 0.75 0.76
 0.76 0.77 0.78 0.78 0.79 0.8  0.8  0.82 0.83 0.87 0.9  0.92 0.93 0.93
 0.99 1.11 1.19 1.21 1.25 1.25 1.31 1.33 1.34 1.45 1.51 1.57 1.67 1.76
 1.84 1.93 2.15 2.57]
var: 0.2898303055555553
| [95m4        [0m | [95m0.8572   [0m | [95m0.2145   [0m | [95m17.77    [0m | [95m1.507    [0m |
[0.01 0.03 0.05 0.06 0.09 0.15 0.19 0.23 0.38 0.38 0.39 0.45 0.55 0.55
 0.56 0.58 0.65 0.66 0.69 0.74 0.74 0.77 0.77 0.78 0.78 0.8  0.81 0.81
 0.83 0.83 0.84 0.89 0.96 0.98 1.01 1.01 1.04 1.06 1.1  1.1  1.12 1.15
 1.18 1.2  1.2  1.26 1.32 1.35 1.37 1.39 1.41 1.41 1.57 1.59 1.61 1.8
 2.04 2.1  2.29 2.67]
var: 0.3150736388888887
| [95m5        [0m | [95m0.9388   [0m | [95m0.04517  [0m | [95m21.8     [0m | [95m2.151    [0m |
[0.04 0.05 0.1  0.1  0.12 0.17 0.18 0.19 0.2  0.2  0.21 0.26 0.27 0.27
 0.27 0.28 0.3  0.3  0.33 0.33 0.36 0.37 0.38 0.39 0.39 0.4  0.42 0.43
 0.46 0.46 0.47 0.47 0.47 0.48 0.52 0.52 0.55 0.55 0.55 0.56 0.57 0.59
 0.59 0.6  0.62 0.62 0.62 0.66 0.67 0.67 0.68 0.69 0.7  0.72 0.83 0.84
 0.91 0.92 0.95 1.09]
var: 0.05547497222222235
| [0m6        [0m | [0m0.4652   [0m | [0m0.1389   [0m | [0m0.8102   [0m | [0m2.133    [0m |
[0.07 0.1  0.12 0.15 0.15 0.16 0.25 0.27 0.28 0.32 0.33 0.33 0.34 0.34
 0.38 0.42 0.48 0.5  0.52 0.55 0.58 0.59 0.59 0.62 0.63 0.65 0.65 0.7
 0.76 0.92 0.92 0.92 0.93 0.94 0.95 1.   1.01 1.02 1.03 1.06 1.07 1.08
 1.11 1.16 1.19 1.25 1.25 1.25 1.31 1.47 1.47 1.48 2.02 2.13 2.14 2.19
 2.3  2.7  2.84 2.97]
var: 0.4850360833333335
| [95m7        [0m | [95m0.9485   [0m | [95m0.1271   [0m | [95m2.58     [0m | [95m0.3898   [0m |
[0.01 0.06 0.07 0.08 0.09 0.15 0.17 0.21 0.22 0.27 0.27 0.35 0.36 0.36
 0.38 0.46 0.48 0.5  0.51 0.51 0.52 0.53 0.56 0.6  0.6  0.61 0.61 0.62
 0.62 0.64 0.68 0.71 0.73 0.73 0.75 0.77 0.81 0.85 0.87 0.87 0.89 0.89
 0.92 0.95 1.01 1.04 1.07 1.11 1.14 1.14 1.17 1.21 1.32 1.32 1.33 1.33
 1.35 1.76 1.83 2.02]
var: 0.20004497222222203
| [0m8        [0m | [0m0.7332   [0m | [0m0.05123  [0m | [0m37.91    [0m | [0m2.161    [0m |
[0.01 0.01 0.02 0.03 0.04 0.05 0.06 0.07 0.09 0.1  0.12 0.13 0.18 0.23
 0.27 0.31 0.31 0.34 0.36 0.38 0.39 0.39 0.42 0.43 0.51 0.52 0.58 0.59
 0.63 0.64 0.65 0.66 0.67 0.71 0.72 0.75 0.79 0.84 0.85 0.85 0.86 0.87
 0.88 0.88 0.91 0.91 1.04 1.08 1.11 1.13 1.17 1.23 1.24 1.35 1.35 1.5
 1.51 1.63 1.69 2.01]
var: 0.2338320833333331
| [0m9        [0m | [0m0.6675   [0m | [0m0.1656   [0m | [0m47.95    [0m | [0m1.563    [0m |
[0.   0.02 0.03 0.05 0.07 0.09 0.11 0.11 0.11 0.15 0.27 0.28 0.29 0.36
 0.37 0.37 0.42 0.45 0.46 0.5  0.53 0.53 0.54 0.54 0.58 0.6  0.63 0.66
 0.66 0.71 0.77 0.81 0.83 0.84 0.84 0.85 0.86 0.86 0.87 1.02 1.03 1.06
 1.06 1.07 1.07 1.07 1.15 1.16 1.24 1.27 1.39 1.44 1.46 1.5  1.5  1.6
 1.75 1.83 2.01 2.03]
var: 0.2742136388888887
| [0m10       [0m | [0m0.7788   [0m | [0m0.2323   [0m | [0m35.56    [0m | [0m1.988    [0m |
[0.04 0.06 0.07 0.1  0.11 0.13 0.16 0.16 0.16 0.16 0.18 0.22 0.27 0.3
 0.3  0.31 0.34 0.36 0.36 0.4  0.47 0.5  0.5  0.51 0.61 0.63 0.65 0.66
 0.66 0.66 0.7  0.7  0.7  0.76 0.82 0.92 0.97 0.97 1.01 1.01 1.03 1.07
 1.08 1.09 1.1  1.21 1.22 1.23 1.29 1.32 1.33 1.43 1.51 1.78 1.78 1.79
 1.93 1.94 2.17 2.27]
var: 0.3339769722222216
| [0m11       [0m | [0m0.8028   [0m | [0m0.1903   [0m | [0m3.741    [0m | [0m0.4479   [0m |
[0.01 0.03 0.05 0.09 0.11 0.18 0.18 0.19 0.27 0.28 0.3  0.3  0.31 0.34
 0.38 0.42 0.43 0.51 0.54 0.62 0.67 0.74 0.81 0.81 0.83 0.83 0.9  0.92
 0.92 0.93 0.96 1.04 1.04 1.04 1.07 1.08 1.11 1.16 1.17 1.22 1.24 1.25
 1.35 1.35 1.43 1.47 1.51 1.51 1.57 1.71 1.73 1.94 2.01 2.22 2.28 2.29
 2.34 2.46 3.01 3.32]
var: 0.5677465555555549
| [95m12       [0m | [95m1.046    [0m | [95m0.1349   [0m | [95m37.19    [0m | [95m1.222    [0m |
[0.   0.03 0.04 0.05 0.06 0.06 0.1  0.11 0.13 0.16 0.17 0.21 0.23 0.33
 0.35 0.35 0.37 0.39 0.39 0.41 0.44 0.5  0.51 0.52 0.54 0.54 0.56 0.57
 0.6  0.62 0.62 0.68 0.7  0.7  0.72 0.73 0.77 0.77 0.77 0.78 0.88 0.89
 0.89 0.95 0.95 1.01 1.01 1.03 1.09 1.1  1.11 1.12 1.13 1.15 1.24 1.35
 1.38 1.57 1.94 2.25]
var: 0.2195943333333331
| [0m13       [0m | [0m0.677    [0m | [0m0.01254  [0m | [0m45.3     [0m | [0m2.812    [0m |
[0.03 0.06 0.07 0.07 0.08 0.14 0.23 0.25 0.27 0.3  0.32 0.35 0.37 0.45
 0.45 0.49 0.51 0.55 0.61 0.62 0.62 0.68 0.68 0.74 0.76 0.78 0.86 0.92
 0.92 0.94 1.   1.02 1.09 1.1  1.1  1.13 1.15 1.17 1.2  1.22 1.24 1.24
 1.25 1.27 1.29 1.3  1.34 1.39 1.39 1.47 1.47 1.51 1.65 1.74 1.89 2.05
 2.15 2.24 2.25 2.72]
var: 0.3780609722222221
| [0m14       [0m | [0m0.9692   [0m | [0m0.06781  [0m | [0m22.84    [0m | [0m1.519    [0m |
[0.   0.03 0.03 0.08 0.09 0.09 0.15 0.15 0.22 0.24 0.25 0.3  0.31 0.42
 0.43 0.45 0.5  0.54 0.63 0.67 0.67 0.67 0.67 0.68 0.72 0.73 0.76 0.77
 0.8  0.81 0.83 0.84 0.84 0.87 0.88 0.97 0.99 1.06 1.08 1.09 1.09 1.11
 1.12 1.19 1.22 1.25 1.25 1.26 1.31 1.36 1.39 1.42 1.43 1.46 1.5  1.76
 1.77 1.8  2.21 2.23]
var: 0.286522888888889
| [0m15       [0m | [0m0.8573   [0m | [0m0.05275  [0m | [0m39.88    [0m | [0m1.931    [0m |
[0.03 0.04 0.05 0.07 0.09 0.11 0.17 0.18 0.19 0.2  0.2  0.2  0.23 0.24
 0.3  0.31 0.32 0.33 0.36 0.4  0.43 0.45 0.54 0.54 0.6  0.62 0.64 0.65
 0.7  0.72 0.74 0.76 0.78 0.83 0.84 0.85 0.86 0.91 0.99 1.   1.03 1.06
 1.16 1.18 1.26 1.26 1.28 1.33 1.37 1.44 1.53 1.58 1.59 1.77 1.79 1.83
 1.94 2.07 2.15 2.32]
var: 0.36449941666666597
| [0m16       [0m | [0m0.8235   [0m | [0m0.2056   [0m | [0m40.31    [0m | [0m0.8003   [0m |
[0.   0.02 0.02 0.04 0.05 0.08 0.08 0.11 0.12 0.14 0.19 0.2  0.22 0.26
 0.26 0.33 0.36 0.38 0.41 0.43 0.44 0.44 0.47 0.47 0.48 0.5  0.52 0.54
 0.54 0.55 0.56 0.6  0.62 0.65 0.72 0.74 0.75 0.76 0.76 0.77 0.79 0.8
 0.84 0.85 0.85 0.86 0.87 0.93 1.07 1.09 1.09 1.13 1.26 1.33 1.33 1.34
 1.4  1.65 1.72 1.78]
var: 0.19841955555555557
| [0m17       [0m | [0m0.6427   [0m | [0m0.2772   [0m | [0m32.58    [0m | [0m1.468    [0m |
[0.02 0.09 0.1  0.13 0.13 0.18 0.22 0.29 0.32 0.32 0.36 0.36 0.37 0.37
 0.37 0.42 0.43 0.46 0.49 0.53 0.54 0.56 0.56 0.57 0.57 0.58 0.6  0.65
 0.65 0.67 0.69 0.69 0.7  0.74 0.76 0.76 0.76 0.81 0.83 0.86 0.91 0.91
 0.93 1.   1.17 1.19 1.26 1.27 1.27 1.28 1.29 1.41 1.52 1.65 1.66 1.79
 2.   2.03 2.05 2.06]
var: 0.2810862222222227
| [0m18       [0m | [0m0.8027   [0m | [0m0.1971   [0m | [0m11.26    [0m | [0m2.574    [0m |
[0.48 0.5  0.54 0.56 0.59 0.59 0.61 0.64 0.65 0.67 0.72 0.8  0.83 0.87
 0.88 0.88 0.89 0.9  0.98 1.14 1.16 1.18 1.23 1.25 1.26 1.27 1.28 1.3
 1.31 1.41 1.44 1.45 1.49 1.62 1.63 1.68 1.7  1.74 1.86 1.87 1.88 1.91
 1.93 1.94 1.94 1.96 1.98 2.07 2.13 2.36 2.36 2.43 2.44 2.62 2.69 3.45
 3.58 3.62 3.91 4.3 ]
var: 0.7843576388888884
| [95m19       [0m | [95m1.589    [0m | [95m0.1421   [0m | [95m33.68    [0m | [95m0.3342   [0m |
[0.02 0.13 0.15 0.24 0.29 0.3  0.33 0.34 0.34 0.34 0.39 0.42 0.43 0.53
 0.53 0.57 0.61 0.65 0.66 0.69 0.72 0.72 0.75 0.81 0.82 0.83 0.84 0.84
 0.88 0.89 0.9  0.91 0.92 1.   1.   1.01 1.05 1.05 1.06 1.07 1.11 1.13
 1.13 1.19 1.21 1.25 1.28 1.3  1.3  1.31 1.33 1.37 1.38 1.44 1.52 1.59
 1.77 1.83 1.85 2.29]
var: 0.22126163888888872
| [0m20       [0m | [0m0.9102   [0m | [0m0.2399   [0m | [0m34.94    [0m | [0m1.521    [0m |
[0.01 0.02 0.03 0.05 0.07 0.08 0.11 0.14 0.22 0.22 0.31 0.31 0.32 0.32
 0.36 0.36 0.36 0.36 0.37 0.37 0.4  0.47 0.48 0.5  0.51 0.52 0.52 0.56
 0.58 0.59 0.6  0.67 0.67 0.68 0.69 0.73 0.75 0.75 0.79 0.84 0.88 0.97
 1.01 1.04 1.04 1.07 1.13 1.15 1.16 1.23 1.24 1.28 1.32 1.33 1.33 1.34
 1.36 1.38 1.52 1.79]
var: 0.19709455555555572
| [0m21       [0m | [0m0.6877   [0m | [0m0.2973   [0m | [0m22.79    [0m | [0m0.6172   [0m |
[0.01 0.01 0.09 0.11 0.12 0.16 0.2  0.29 0.38 0.4  0.43 0.43 0.44 0.59
 0.62 0.64 0.65 0.67 0.67 0.69 0.7  0.71 0.72 0.73 0.75 0.75 0.79 0.8
 0.81 0.86 0.88 0.91 0.94 0.99 1.01 1.12 1.16 1.17 1.2  1.21 1.31 1.31
 1.36 1.41 1.42 1.5  1.65 1.67 1.73 1.83 1.92 2.1  2.13 2.15 2.31 2.52
 2.91 3.33 3.46 3.64]
var: 0.7070047500000006
| [0m22       [0m | [0m1.125    [0m | [0m0.001352 [0m | [0m30.16    [0m | [0m1.885    [0m |
[0.02 0.03 0.07 0.07 0.08 0.09 0.11 0.13 0.15 0.17 0.3  0.37 0.46 0.49
 0.51 0.55 0.6  0.6  0.69 0.71 0.71 0.71 0.72 0.72 0.73 0.74 0.78 0.81
 0.81 0.84 0.85 0.89 0.9  0.91 0.93 0.96 0.97 0.99 1.   1.03 1.06 1.06
 1.09 1.12 1.12 1.2  1.21 1.22 1.22 1.22 1.31 1.31 1.35 1.36 1.65 1.81
 1.86 2.03 2.16 2.87]
var: 0.313406972222222
| [0m23       [0m | [0m0.8738   [0m | [0m0.2135   [0m | [0m10.56    [0m | [0m2.94     [0m |
[0.08 0.09 0.14 0.14 0.2  0.21 0.21 0.22 0.25 0.26 0.26 0.28 0.38 0.39
 0.41 0.42 0.43 0.46 0.47 0.49 0.5  0.52 0.53 0.54 0.57 0.58 0.6  0.63
 0.64 0.7  0.71 0.72 0.75 0.75 0.76 0.77 0.78 0.79 0.8  0.81 0.82 0.83
 0.87 0.91 0.91 0.99 1.02 1.04 1.06 1.08 1.12 1.18 1.2  1.3  1.35 1.44
 1.52 1.83 1.99 2.13]
var: 0.20400141666666682
| [0m24       [0m | [0m0.7305   [0m | [0m0.08889  [0m | [0m2.856    [0m | [0m1.27     [0m |
[0.01 0.01 0.02 0.06 0.06 0.1  0.1  0.18 0.19 0.21 0.22 0.24 0.25 0.25
 0.31 0.32 0.32 0.34 0.37 0.45 0.46 0.48 0.51 0.58 0.59 0.6  0.62 0.62
 0.64 0.71 0.72 0.76 0.83 0.83 0.84 0.84 0.85 0.9  0.93 0.94 0.94 0.96
 0.96 0.97 0.98 1.04 1.08 1.14 1.14 1.18 1.24 1.27 1.31 1.34 1.55 1.67
 1.74 2.15 2.61 2.73]
var: 0.34487233333333367
| [0m25       [0m | [0m0.771    [0m | [0m0.1349   [0m | [0m26.69    [0m | [0m2.38     [0m |
[0.03 0.05 0.13 0.31 0.33 0.35 0.39 0.43 0.51 0.52 0.55 0.56 0.66 0.68
 0.69 0.7  0.74 0.78 0.8  0.82 0.82 0.84 0.9  0.92 0.98 1.02 1.03 1.12
 1.14 1.18 1.22 1.23 1.24 1.24 1.3  1.3  1.3  1.31 1.32 1.38 1.41 1.46
 1.48 1.54 1.55 1.56 1.58 1.63 1.78 1.79 1.85 1.85 1.86 1.89 1.92 1.99
 2.15 2.17 3.   3.59]
var: 0.44654697222222206
| [0m26       [0m | [0m1.181    [0m | [0m0.08704  [0m | [0m18.46    [0m | [0m1.496    [0m |
[0.   0.01 0.01 0.04 0.05 0.06 0.06 0.07 0.07 0.09 0.11 0.15 0.15 0.22
 0.23 0.27 0.27 0.28 0.31 0.32 0.34 0.37 0.37 0.38 0.38 0.4  0.48 0.48
 0.52 0.52 0.53 0.55 0.55 0.56 0.56 0.57 0.64 0.66 0.68 0.7  0.72 0.72
 0.74 0.75 0.81 0.82 0.82 0.93 0.98 1.06 1.13 1.18 1.23 1.37 1.6  1.62
 1.75 1.78 2.01 2.35]
var: 0.28219766666666657
| [0m27       [0m | [0m0.623    [0m | [0m0.2892   [0m | [0m48.92    [0m | [0m1.952    [0m |
[0.   0.   0.01 0.04 0.05 0.07 0.17 0.18 0.18 0.21 0.27 0.29 0.31 0.32
 0.34 0.37 0.37 0.39 0.4  0.47 0.53 0.57 0.61 0.62 0.63 0.64 0.64 0.68
 0.69 0.69 0.7  0.72 0.74 0.76 0.77 0.82 0.83 0.84 0.89 0.89 0.89 0.92
 0.93 0.95 0.99 1.03 1.03 1.09 1.14 1.16 1.22 1.24 1.26 1.27 1.71 2.37
 2.39 2.65 2.72 5.48]
var: 0.7246512222222227
| [0m28       [0m | [0m0.8523   [0m | [0m0.05082  [0m | [0m45.88    [0m | [0m2.1      [0m |
[0.   0.05 0.07 0.13 0.17 0.2  0.2  0.26 0.27 0.29 0.31 0.31 0.34 0.35
 0.36 0.38 0.42 0.46 0.46 0.55 0.6  0.62 0.63 0.64 0.64 0.65 0.67 0.72
 0.72 0.73 0.73 0.74 0.76 0.76 0.76 0.78 0.78 0.87 0.88 0.89 0.92 1.
 1.01 1.02 1.04 1.04 1.07 1.08 1.11 1.11 1.11 1.11 1.14 1.15 1.23 1.28
 1.33 1.37 1.68 1.71]
var: 0.1570812222222217
| [0m29       [0m | [0m0.7277   [0m | [0m0.2791   [0m | [0m11.44    [0m | [0m2.804    [0m |
[0.   0.   0.   0.01 0.02 0.02 0.02 0.03 0.04 0.06 0.07 0.11 0.17 0.17
 0.18 0.23 0.27 0.28 0.28 0.29 0.31 0.34 0.37 0.39 0.42 0.42 0.45 0.46
 0.49 0.49 0.51 0.53 0.53 0.54 0.56 0.57 0.6  0.62 0.63 0.64 0.66 0.7
 0.71 0.72 0.78 0.8  0.92 0.92 0.98 0.98 1.01 1.04 1.04 1.07 1.07 1.19
 1.19 1.38 1.79 3.86]
var: 0.3386736388888885
| [0m30       [0m | [0m0.5822   [0m | [0m0.1652   [0m | [0m37.51    [0m | [0m2.951    [0m |
[0.02 0.02 0.03 0.06 0.06 0.06 0.15 0.23 0.28 0.29 0.35 0.38 0.4  0.47
 0.48 0.49 0.53 0.56 0.58 0.58 0.6  0.68 0.69 0.7  0.73 0.78 0.79 0.79
 0.82 0.86 0.9  0.95 0.97 0.99 1.02 1.08 1.09 1.11 1.12 1.17 1.17 1.17
 1.22 1.25 1.27 1.35 1.4  1.42 1.45 1.46 1.49 1.55 1.57 1.64 1.67 1.85
 1.88 1.91 2.02 2.21]
var: 0.3101827500000002
| [0m31       [0m | [0m0.9135   [0m | [0m0.03033  [0m | [0m20.02    [0m | [0m2.753    [0m |
[0.02 0.03 0.04 0.04 0.05 0.11 0.15 0.15 0.17 0.4  0.42 0.45 0.45 0.46
 0.48 0.49 0.53 0.58 0.59 0.6  0.61 0.62 0.64 0.7  0.71 0.71 0.76 0.78
 0.82 0.87 0.88 0.89 0.9  0.9  0.92 0.94 0.98 1.   1.02 1.03 1.12 1.13
 1.16 1.16 1.22 1.24 1.34 1.37 1.38 1.42 1.43 1.47 1.85 1.92 2.   2.07
 2.18 2.23 2.26 2.39]
var: 0.3707814166666666
| [0m32       [0m | [0m0.9205   [0m | [0m0.1122   [0m | [0m27.32    [0m | [0m1.598    [0m |
[0.08 0.1  0.12 0.13 0.21 0.25 0.26 0.27 0.29 0.3  0.5  0.52 0.52 0.57
 0.57 0.61 0.62 0.71 0.74 0.74 0.8  0.8  0.83 0.88 0.88 0.94 0.96 0.97
 1.01 1.03 1.07 1.11 1.15 1.18 1.2  1.2  1.24 1.25 1.27 1.32 1.33 1.39
 1.44 1.49 1.54 1.55 1.56 1.58 1.6  1.72 1.74 1.83 1.87 1.87 1.94 2.
 2.01 2.37 3.42 3.82]
var: 0.5318903055555552
| [0m33       [0m | [0m1.121    [0m | [0m0.01693  [0m | [0m20.0     [0m | [0m1.627    [0m |
[0.   0.01 0.02 0.06 0.07 0.09 0.18 0.22 0.23 0.26 0.27 0.3  0.3  0.3
 0.31 0.31 0.33 0.33 0.34 0.34 0.35 0.36 0.39 0.41 0.43 0.46 0.47 0.49
 0.49 0.5  0.5  0.54 0.54 0.56 0.56 0.56 0.58 0.6  0.6  0.63 0.63 0.65
 0.65 0.69 0.69 0.69 0.7  0.71 0.75 0.77 0.78 0.86 0.87 0.87 0.89 0.93
 1.03 1.25 1.26 1.3 ]
var: 0.08837899999999974
| [0m34       [0m | [0m0.521    [0m | [0m0.2637   [0m | [0m1.234    [0m | [0m2.68     [0m |
[0.04 0.11 0.11 0.14 0.17 0.23 0.26 0.34 0.46 0.46 0.5  0.51 0.59 0.6
 0.65 0.67 0.74 0.78 0.81 0.81 0.83 0.89 0.94 0.94 0.97 0.99 1.   1.03
 1.07 1.08 1.1  1.12 1.12 1.12 1.14 1.14 1.2  1.25 1.31 1.33 1.36 1.37
 1.45 1.52 1.55 1.56 1.6  1.61 1.62 1.83 1.85 1.91 2.15 2.22 2.29 2.31
 2.31 2.34 2.55 2.95]
var: 0.45153055555555605
| [0m35       [0m | [0m1.148    [0m | [0m0.08471  [0m | [0m9.225    [0m | [0m0.9387   [0m |
[0.07 0.08 0.1  0.16 0.2  0.2  0.21 0.21 0.22 0.22 0.25 0.26 0.31 0.33
 0.37 0.38 0.39 0.4  0.4  0.45 0.45 0.49 0.5  0.53 0.53 0.56 0.57 0.59
 0.59 0.59 0.6  0.6  0.66 0.66 0.68 0.68 0.68 0.69 0.69 0.7  0.71 0.72
 0.73 0.75 0.76 0.77 0.77 0.78 0.8  0.83 0.83 0.84 0.84 0.86 0.94 1.04
 1.07 1.13 1.15 1.35]
var: 0.08045933333333334
| [0m36       [0m | [0m0.582    [0m | [0m0.2928   [0m | [0m3.087    [0m | [0m2.049    [0m |
[0.01 0.03 0.14 0.21 0.21 0.35 0.35 0.51 0.52 0.55 0.55 0.61 0.64 0.65
 0.66 0.67 0.68 0.68 0.7  0.71 0.72 0.74 0.82 0.82 0.83 0.84 0.86 0.87
 0.89 0.93 0.94 0.95 0.98 0.99 1.01 1.02 1.06 1.08 1.08 1.16 1.18 1.25
 1.26 1.26 1.28 1.34 1.37 1.39 1.44 1.49 1.65 2.04 2.04 2.06 2.07 2.08
 2.19 2.28 2.63 2.95]
var: 0.39179808333333327
| [0m37       [0m | [0m1.055    [0m | [0m0.0833   [0m | [0m6.032    [0m | [0m1.919    [0m |
[0.02 0.02 0.03 0.05 0.06 0.11 0.13 0.2  0.31 0.31 0.32 0.32 0.33 0.35
 0.38 0.38 0.39 0.4  0.46 0.5  0.53 0.55 0.58 0.59 0.6  0.61 0.61 0.66
 0.67 0.68 0.68 0.7  0.7  0.7  0.71 0.71 0.71 0.72 0.74 0.74 0.75 0.75
 0.76 0.77 0.83 0.83 0.84 0.86 0.87 0.87 0.9  1.07 1.07 1.09 1.12 1.19
 1.26 1.29 1.79 1.98]
var: 0.1494420833333329
| [0m38       [0m | [0m0.6525   [0m | [0m0.1086   [0m | [0m38.32    [0m | [0m2.81     [0m |
[0.08 0.14 0.19 0.2  0.21 0.22 0.22 0.29 0.35 0.35 0.35 0.38 0.41 0.46
 0.5  0.56 0.58 0.61 0.66 0.71 0.71 0.72 0.74 0.76 0.79 0.81 0.9  0.9
 0.93 0.94 0.97 0.98 1.04 1.05 1.12 1.15 1.24 1.26 1.26 1.29 1.32 1.45
 1.57 1.59 1.62 1.63 1.65 1.68 1.73 1.73 1.83 1.86 1.96 2.06 2.1  2.14
 2.16 2.56 2.72 2.74]
var: 0.470431416666667
| [0m39       [0m | [0m1.086    [0m | [0m0.006912 [0m | [0m14.67    [0m | [0m2.226    [0m |
[0.   0.04 0.06 0.08 0.13 0.17 0.17 0.18 0.23 0.25 0.33 0.39 0.4  0.41
 0.45 0.46 0.5  0.53 0.54 0.57 0.61 0.68 0.69 0.7  0.7  0.71 0.71 0.76
 0.78 0.83 0.86 0.93 1.   1.02 1.04 1.04 1.07 1.1  1.14 1.15 1.19 1.24
 1.29 1.29 1.31 1.35 1.41 1.45 1.46 1.49 1.55 1.8  1.82 1.86 1.96 2.03
 2.24 2.34 2.41 2.65]
var: 0.4184509722222227
| [0m40       [0m | [0m0.9592   [0m | [0m0.01331  [0m | [0m8.263    [0m | [0m2.734    [0m |
[0.   0.   0.   0.   0.   0.   0.   0.   0.   0.   0.   0.   0.   0.
 0.   0.   0.   0.   0.   0.   0.   0.01 0.01 0.01 0.01 0.01 0.01 0.02
 0.02 0.02 0.02 0.02 0.03 0.03 0.03 0.03 0.03 0.03 0.04 0.04 0.04 0.04
 0.04 0.04 0.04 0.05 0.05 0.06 0.06 0.07 0.07 0.07 0.07 0.08 0.08 0.09
 0.09 0.1  0.12 0.15]
var: 0.0011847500000000098
| [0m41       [0m | [0m0.0305   [0m | [0m0.004748 [0m | [0m34.06    [0m | [0m0.001    [0m |
[0.01 0.01 0.01 0.02 0.05 0.08 0.09 0.13 0.18 0.18 0.18 0.22 0.27 0.32
 0.42 0.42 0.43 0.43 0.46 0.49 0.49 0.51 0.56 0.59 0.67 0.69 0.74 0.75
 0.8  0.83 0.83 0.84 0.88 0.88 0.88 0.9  1.   1.05 1.07 1.07 1.09 1.15
 1.16 1.16 1.21 1.24 1.31 1.37 1.47 1.47 1.56 1.65 1.72 1.78 1.86 1.87
 1.99 2.03 2.51 2.59]
var: 0.40458099999999997
| [0m42       [0m | [0m0.877    [0m | [0m0.0176   [0m | [0m30.17    [0m | [0m1.896    [0m |
[0.03 0.08 0.12 0.16 0.18 0.21 0.22 0.24 0.24 0.25 0.41 0.45 0.48 0.53
 0.55 0.6  0.62 0.64 0.65 0.65 0.66 0.67 0.75 0.78 0.78 0.78 0.79 0.79
 0.81 0.82 0.82 0.87 0.9  0.9  0.92 0.93 0.95 0.95 0.96 1.03 1.06 1.09
 1.1  1.1  1.12 1.2  1.2  1.27 1.28 1.29 1.31 1.31 1.32 1.33 1.34 1.61
 1.74 1.75 2.17 2.2 ]
var: 0.22807733333333355
| [0m43       [0m | [0m0.866    [0m | [0m0.1115   [0m | [0m6.001    [0m | [0m1.933    [0m |
[0.01 0.03 0.05 0.08 0.09 0.09 0.13 0.14 0.16 0.18 0.22 0.26 0.31 0.31
 0.31 0.31 0.36 0.38 0.41 0.42 0.45 0.47 0.61 0.64 0.67 0.68 0.69 0.72
 0.73 0.75 0.76 0.81 0.82 0.88 0.91 0.93 0.94 0.95 0.96 0.96 1.01 1.02
 1.02 1.03 1.06 1.17 1.2  1.25 1.26 1.29 1.3  1.38 1.62 1.65 1.65 1.81
 1.89 1.89 1.9  2.91]
var: 0.3447016388888887
| [0m44       [0m | [0m0.8148   [0m | [0m0.06883  [0m | [0m21.76    [0m | [0m2.162    [0m |
[0.01 0.05 0.07 0.13 0.14 0.14 0.18 0.25 0.34 0.43 0.45 0.54 0.55 0.56
 0.59 0.63 0.64 0.64 0.66 0.69 0.69 0.69 0.71 0.72 0.74 0.75 0.76 0.82
 0.82 0.83 0.85 0.88 0.88 0.94 0.95 1.   1.03 1.06 1.08 1.08 1.1  1.15
 1.19 1.21 1.26 1.27 1.36 1.39 1.39 1.44 1.44 1.49 1.61 1.7  1.96 1.97
 2.06 2.13 2.19 3.19]
var: 0.3653469722222217
| [0m45       [0m | [0m0.9578   [0m | [0m0.1981   [0m | [0m8.553    [0m | [0m1.068    [0m |
[0.   0.05 0.08 0.08 0.08 0.09 0.12 0.16 0.18 0.21 0.26 0.28 0.29 0.33
 0.39 0.4  0.4  0.42 0.44 0.44 0.47 0.48 0.49 0.51 0.55 0.61 0.66 0.67
 0.68 0.73 0.73 0.73 0.74 0.76 0.76 0.78 0.83 0.88 1.05 1.05 1.05 1.07
 1.13 1.14 1.18 1.2  1.26 1.29 1.29 1.3  1.32 1.33 1.34 1.36 1.81 2.11
 2.18 2.42 2.69 3.42]
var: 0.4639043055555557
| [0m46       [0m | [0m0.8458   [0m | [0m0.05126  [0m | [0m22.83    [0m | [0m1.542    [0m |
[0.   0.01 0.02 0.11 0.11 0.12 0.13 0.15 0.18 0.23 0.32 0.33 0.34 0.35
 0.41 0.41 0.41 0.42 0.49 0.54 0.6  0.6  0.61 0.62 0.65 0.65 0.67 0.68
 0.69 0.69 0.7  0.71 0.78 0.78 0.8  0.8  0.86 0.86 0.88 0.9  0.91 0.94
 0.96 0.97 0.98 1.05 1.15 1.19 1.19 1.2  1.23 1.28 1.33 1.37 1.44 1.49
 1.98 2.09 2.16 2.26]
var: 0.2746098888888891
| [0m47       [0m | [0m0.7797   [0m | [0m0.1811   [0m | [0m26.51    [0m | [0m0.8191   [0m |
[0.   0.02 0.03 0.03 0.04 0.06 0.12 0.13 0.15 0.17 0.17 0.21 0.25 0.27
 0.28 0.31 0.32 0.34 0.36 0.37 0.43 0.44 0.46 0.48 0.49 0.51 0.53 0.53
 0.54 0.56 0.57 0.65 0.65 0.65 0.69 0.69 0.74 0.75 0.77 0.78 0.78 0.82
 0.82 0.9  0.93 0.97 0.97 1.07 1.16 1.18 1.2  1.25 1.32 1.34 1.48 1.73
 1.9  1.94 2.16 2.25]
var: 0.2920683055555557
| [0m48       [0m | [0m0.6952   [0m | [0m0.2087   [0m | [0m39.83    [0m | [0m1.654    [0m |
[0.   0.05 0.06 0.07 0.2  0.23 0.28 0.29 0.3  0.35 0.37 0.39 0.42 0.42
 0.43 0.46 0.49 0.51 0.58 0.64 0.68 0.69 0.7  0.72 0.75 0.76 0.76 0.78
 0.78 0.85 0.93 0.95 0.98 0.99 1.04 1.07 1.09 1.12 1.15 1.18 1.2  1.21
 1.29 1.3  1.3  1.36 1.41 1.41 1.47 1.51 1.52 1.53 1.56 1.6  1.66 1.9
 1.97 2.18 2.41 2.77]
var: 0.3585969722222225
| [0m49       [0m | [0m0.9512   [0m | [0m0.04241  [0m | [0m22.86    [0m | [0m1.542    [0m |
[0.02 0.08 0.12 0.15 0.17 0.23 0.25 0.34 0.37 0.37 0.38 0.48 0.51 0.53
 0.6  0.61 0.61 0.68 0.72 0.76 0.78 0.8  0.86 0.92 0.94 0.98 1.03 1.06
 1.06 1.06 1.08 1.1  1.17 1.18 1.2  1.28 1.28 1.35 1.36 1.37 1.44 1.49
 1.66 1.77 1.78 1.81 1.87 1.91 1.95 2.06 2.21 2.23 2.25 2.27 2.4  2.49
 2.55 2.64 2.7  3.94]
var: 0.6559156666666671
| [0m50       [0m | [0m1.221    [0m | [0m0.05686  [0m | [0m18.43    [0m | [0m1.486    [0m |
[0.02 0.06 0.08 0.12 0.14 0.15 0.19 0.21 0.22 0.23 0.28 0.31 0.38 0.38
 0.5  0.51 0.59 0.63 0.63 0.7  0.72 0.72 0.73 0.73 0.75 0.76 0.79 0.8
 0.8  0.82 0.83 0.91 0.94 0.96 0.97 0.98 1.   1.01 1.05 1.17 1.18 1.24
 1.3  1.3  1.33 1.38 1.42 1.43 1.44 1.47 1.47 1.5  1.68 1.68 1.82 1.93
 2.02 2.06 2.41 3.56]
var: 0.42786941666666695
| [0m51       [0m | [0m0.9565   [0m | [0m0.05218  [0m | [0m18.45    [0m | [0m1.523    [0m |
[0.   0.01 0.03 0.05 0.06 0.08 0.13 0.16 0.2  0.23 0.27 0.28 0.3  0.3
 0.31 0.33 0.4  0.55 0.58 0.63 0.64 0.65 0.65 0.71 0.71 0.71 0.74 0.75
 0.76 0.77 0.79 0.8  0.81 0.89 0.9  0.94 0.96 0.98 0.99 1.02 1.03 1.07
 1.15 1.16 1.17 1.17 1.21 1.22 1.28 1.39 1.41 1.43 1.46 1.52 1.58 1.76
 1.83 1.91 2.15 2.25]
var: 0.30147433333333284
| [0m52       [0m | [0m0.837    [0m | [0m0.07182  [0m | [0m34.4     [0m | [0m2.282    [0m |
[0.01 0.03 0.03 0.04 0.13 0.13 0.14 0.16 0.18 0.2  0.21 0.22 0.28 0.32
 0.34 0.38 0.42 0.46 0.46 0.47 0.55 0.58 0.58 0.6  0.63 0.63 0.64 0.7
 0.71 0.74 0.74 0.76 0.84 0.84 0.86 0.91 0.92 0.94 0.95 0.96 0.98 0.98
 1.   1.06 1.08 1.11 1.11 1.12 1.12 1.14 1.16 1.18 1.21 1.22 1.27 1.29
 1.3  1.33 1.66 2.22]
var: 0.20393697222222207
| [0m53       [0m | [0m0.7372   [0m | [0m0.2989   [0m | [0m36.99    [0m | [0m1.584    [0m |
[0.   0.   0.   0.05 0.06 0.08 0.13 0.14 0.16 0.19 0.22 0.22 0.22 0.3
 0.3  0.3  0.32 0.37 0.41 0.45 0.46 0.46 0.5  0.53 0.54 0.54 0.54 0.56
 0.56 0.61 0.62 0.65 0.66 0.66 0.69 0.7  0.7  0.72 0.76 0.77 0.78 0.8
 0.9  0.91 0.91 0.99 1.01 1.09 1.17 1.22 1.24 1.25 1.37 1.4  1.54 1.54
 1.57 1.68 1.82 1.83]
var: 0.23211030555555517
| [0m54       [0m | [0m0.6862   [0m | [0m0.09883  [0m | [0m42.92    [0m | [0m2.681    [0m |
[0.   0.   0.   0.03 0.03 0.08 0.1  0.12 0.15 0.15 0.16 0.16 0.2  0.25
 0.29 0.31 0.32 0.35 0.39 0.39 0.42 0.44 0.45 0.47 0.49 0.5  0.5  0.54
 0.55 0.6  0.66 0.75 0.76 0.78 0.82 0.89 0.89 0.92 0.96 0.98 1.   1.05
 1.05 1.06 1.08 1.08 1.11 1.13 1.15 1.19 1.2  1.31 1.39 1.41 1.46 1.47
 1.49 1.51 1.53 1.89]
var: 0.23852497222222233
| [0m55       [0m | [0m0.7068   [0m | [0m0.01218  [0m | [0m45.01    [0m | [0m2.65     [0m |
[0.35 0.36 0.45 0.46 0.46 0.59 0.59 0.6  0.62 0.65 0.66 0.67 0.69 0.7
 0.78 0.78 0.8  0.82 0.83 0.86 0.88 0.88 0.89 0.9  0.9  0.91 0.96 1.
 1.04 1.04 1.06 1.07 1.07 1.12 1.14 1.21 1.23 1.27 1.29 1.29 1.35 1.35
 1.38 1.38 1.41 1.55 1.78 1.81 1.83 1.84 1.85 1.85 1.98 2.21 2.45 2.49
 3.02 3.57 3.64 3.67]
var: 0.5965082222222228
| [0m56       [0m | [0m1.271    [0m | [0m0.21     [0m | [0m33.64    [0m | [0m0.3313   [0m |
[0.12 0.42 0.48 0.61 0.63 0.64 0.65 0.66 0.68 0.68 0.69 0.73 0.76 0.79
 0.8  0.82 0.83 0.84 0.87 0.91 0.93 0.94 0.94 0.95 0.98 1.01 1.03 1.05
 1.07 1.1  1.15 1.22 1.23 1.23 1.24 1.27 1.29 1.39 1.49 1.65 1.7  1.74
 1.79 1.82 1.87 1.92 1.96 1.98 2.02 2.12 2.12 2.14 2.18 2.31 2.32 2.56
 2.59 2.71 3.61 3.9 ]
var: 0.5728236388888888
| [0m57       [0m | [0m1.369    [0m | [0m0.1154   [0m | [0m33.66    [0m | [0m0.3584   [0m |
[0.17 0.18 0.28 0.33 0.49 0.6  0.6  0.62 0.64 0.64 0.67 0.69 0.71 0.82
 0.82 0.83 0.85 0.86 0.92 0.94 1.03 1.08 1.1  1.11 1.11 1.17 1.21 1.22
 1.23 1.23 1.25 1.26 1.31 1.32 1.36 1.38 1.38 1.46 1.53 1.54 1.64 1.67
 1.69 1.75 1.78 1.8  1.81 1.89 1.91 1.91 1.94 1.96 2.03 2.19 2.3  2.42
 2.92 3.44 4.23 5.5 ]
var: 0.8320626666666673
| [0m58       [0m | [0m1.412    [0m | [0m0.168    [0m | [0m33.72    [0m | [0m0.3424   [0m |
[0.29 0.42 0.55 0.55 0.59 0.6  0.61 0.63 0.68 0.69 0.71 0.76 0.77 0.8
 0.83 0.88 0.89 0.91 0.94 0.95 0.95 0.98 1.05 1.07 1.1  1.11 1.14 1.21
 1.24 1.25 1.32 1.37 1.38 1.39 1.42 1.44 1.44 1.48 1.5  1.52 1.62 1.7
 1.77 1.82 1.95 1.98 2.07 2.09 2.16 2.16 2.22 2.3  2.42 2.57 2.61 2.64
 2.7  2.76 3.58 4.74]
var: 0.6772880833333329
| [0m59       [0m | [0m1.455    [0m | [0m0.1648   [0m | [0m33.68    [0m | [0m0.3641   [0m |
[0.04 0.08 0.09 0.17 0.18 0.19 0.21 0.21 0.33 0.36 0.43 0.44 0.44 0.45
 0.46 0.52 0.53 0.54 0.57 0.58 0.6  0.6  0.6  0.64 0.66 0.67 0.71 0.74
 0.76 0.76 0.84 0.85 0.92 0.93 0.94 0.97 0.98 1.01 1.05 1.07 1.1  1.21
 1.25 1.31 1.36 1.38 1.38 1.47 1.55 1.57 1.65 1.68 1.72 1.81 1.81 1.84
 1.85 2.   2.01 2.36]
var: 0.3268003055555558
| [0m60       [0m | [0m0.9238   [0m | [0m0.2204   [0m | [0m33.7     [0m | [0m0.448    [0m |
[0.33 0.39 0.41 0.52 0.58 0.63 0.64 0.66 0.67 0.68 0.69 0.69 0.75 0.76
 0.77 0.78 0.84 0.85 0.9  0.92 0.92 0.95 1.01 1.03 1.07 1.19 1.24 1.37
 1.4  1.47 1.49 1.53 1.58 1.6  1.64 1.66 1.72 1.73 1.74 1.76 1.81 1.83
 1.83 1.84 1.9  1.96 2.   2.   2.01 2.03 2.07 2.13 2.18 2.19 2.29 2.38
 2.42 2.44 2.69 3.45]
var: 0.45645497222222203
| [0m61       [0m | [0m1.417    [0m | [0m0.1004   [0m | [0m33.79    [0m | [0m0.3963   [0m |
[0.   0.02 0.04 0.08 0.08 0.11 0.11 0.14 0.18 0.18 0.21 0.25 0.26 0.31
 0.41 0.43 0.48 0.54 0.58 0.59 0.59 0.64 0.76 0.84 0.87 0.88 0.95 0.97
 0.98 0.98 1.04 1.04 1.06 1.09 1.11 1.13 1.14 1.16 1.17 1.2  1.23 1.25
 1.25 1.27 1.3  1.31 1.32 1.32 1.54 1.57 1.59 1.66 1.7  1.79 1.82 2.12
 2.17 2.25 2.37 2.49]
var: 0.4094448888888892
| [0m62       [0m | [0m0.9653   [0m | [0m0.01927  [0m | [0m42.32    [0m | [0m1.345    [0m |
[0.05 0.05 0.06 0.07 0.08 0.12 0.16 0.23 0.25 0.26 0.28 0.35 0.35 0.37
 0.39 0.4  0.43 0.51 0.57 0.59 0.66 0.82 0.87 0.92 0.93 0.97 0.99 1.03
 1.04 1.04 1.09 1.15 1.17 1.17 1.19 1.22 1.29 1.36 1.36 1.43 1.47 1.48
 1.53 1.53 1.55 1.58 1.64 1.7  1.77 1.78 1.83 1.87 1.99 2.03 2.05 2.16
 2.25 2.32 2.44 2.55]
var: 0.48270163888888906
| [0m63       [0m | [0m1.08     [0m | [0m0.002706 [0m | [0m41.65    [0m | [0m1.845    [0m |
[0.16 0.33 0.63 0.67 0.68 0.68 0.68 0.69 0.77 0.79 0.88 0.91 0.93 0.94
 0.99 1.   1.01 1.03 1.15 1.2  1.31 1.31 1.33 1.34 1.36 1.39 1.42 1.44
 1.45 1.45 1.47 1.54 1.6  1.62 1.63 1.64 1.7  1.74 1.74 1.75 1.77 1.82
 1.88 1.89 1.92 1.93 1.93 1.98 1.98 2.04 2.08 2.2  2.22 2.56 2.62 2.67
 2.69 2.82 3.31 3.84]
var: 0.4999638888888891
| [0m64       [0m | [0m1.542    [0m | [0m0.151    [0m | [0m33.69    [0m | [0m0.3241   [0m |
[0.16 0.57 0.57 0.59 0.59 0.62 0.63 0.64 0.69 0.7  0.73 0.74 0.92 0.95
 0.96 1.   1.02 1.02 1.03 1.05 1.05 1.06 1.1  1.1  1.17 1.17 1.17 1.25
 1.29 1.29 1.38 1.53 1.57 1.6  1.62 1.64 1.65 1.69 1.75 1.85 1.87 1.91
 1.92 1.94 2.01 2.06 2.18 2.2  2.32 2.38 2.4  2.49 2.49 2.5  2.55 2.66
 2.68 3.04 3.08 3.51]
var: 0.5603938888888881
| [0m65       [0m | [0m1.522    [0m | [0m0.1539   [0m | [0m33.65    [0m | [0m0.2264   [0m |
[0.01 0.09 0.11 0.17 0.18 0.18 0.32 0.36 0.37 0.4  0.43 0.44 0.45 0.49
 0.5  0.57 0.66 0.68 0.73 0.73 0.75 0.76 0.76 0.77 0.77 0.78 0.81 0.87
 0.89 0.89 0.9  0.92 0.92 0.93 0.93 0.95 0.98 0.99 1.01 1.04 1.12 1.14
 1.19 1.2  1.22 1.26 1.27 1.3  1.33 1.38 1.42 1.47 1.48 1.55 1.58 1.64
 1.64 1.68 2.09 2.19]
var: 0.23374955555555574
| [0m66       [0m | [0m0.9107   [0m | [0m0.1152   [0m | [0m27.33    [0m | [0m1.627    [0m |
[0.03 0.04 0.04 0.04 0.07 0.07 0.08 0.1  0.15 0.18 0.24 0.26 0.29 0.34
 0.34 0.4  0.42 0.45 0.46 0.47 0.48 0.58 0.6  0.62 0.62 0.63 0.67 0.68
 0.68 0.72 0.72 0.78 0.78 0.8  0.83 0.84 1.05 1.09 1.11 1.13 1.14 1.14
 1.44 1.45 1.46 1.5  1.52 1.58 1.58 1.6  1.62 1.85 1.93 2.03 2.04 2.05
 2.19 2.23 2.53 2.58]
var: 0.48523122222222237
| [0m67       [0m | [0m0.9223   [0m | [0m0.265    [0m | [0m26.66    [0m | [0m0.8682   [0m |
[0.05 0.42 0.45 0.52 0.53 0.59 0.6  0.63 0.65 0.71 0.78 0.79 0.85 0.94
 1.01 1.03 1.05 1.12 1.19 1.2  1.22 1.31 1.34 1.35 1.49 1.53 1.53 1.56
 1.59 1.59 1.61 1.63 1.65 1.66 1.67 1.75 1.81 1.89 1.89 1.92 1.99 1.99
 2.   2.01 2.01 2.01 2.04 2.17 2.2  2.3  2.38 2.44 2.74 2.74 2.78 3.17
 3.31 3.37 3.44 3.92]
var: 0.6922449722222218
| [95m68       [0m | [95m1.635    [0m | [95m0.05291  [0m | [95m33.82    [0m | [95m0.4356   [0m |
[0.42 0.52 0.7  0.88 0.9  0.96 0.97 0.99 1.   1.06 1.06 1.09 1.12 1.26
 1.3  1.35 1.35 1.42 1.43 1.43 1.47 1.49 1.5  1.53 1.54 1.58 1.61 1.63
 1.85 1.86 1.87 1.88 1.91 1.91 1.93 1.96 2.03 2.04 2.09 2.1  2.2  2.24
 2.28 2.3  2.34 2.54 2.7  2.72 2.73 2.8  2.95 3.15 3.38 3.46 3.48 3.52
 3.84 3.96 4.9  5.19]
var: 1.0079280833333333
| [95m69       [0m | [95m1.995    [0m | [95m0.01985  [0m | [95m33.77    [0m | [95m0.4627   [0m |
[0.02 0.04 0.06 0.12 0.14 0.21 0.22 0.23 0.24 0.26 0.26 0.27 0.31 0.32
 0.33 0.36 0.36 0.43 0.46 0.48 0.54 0.57 0.59 0.65 0.68 0.68 0.69 0.77
 0.82 0.83 0.84 0.85 0.89 0.93 0.94 0.95 0.96 0.99 0.99 1.03 1.16 1.2
 1.25 1.26 1.29 1.31 1.38 1.4  1.4  1.42 1.42 1.43 1.46 1.47 1.56 1.6
 1.64 1.7  1.89 1.92]
var: 0.2681469722222224
| [0m70       [0m | [0m0.8412   [0m | [0m0.1526   [0m | [0m15.6     [0m | [0m1.244    [0m |
[0.05 0.05 0.07 0.11 0.14 0.14 0.22 0.23 0.27 0.32 0.33 0.34 0.36 0.36
 0.45 0.51 0.57 0.58 0.58 0.59 0.61 0.64 0.71 0.75 0.8  0.91 0.93 0.98
 0.99 1.02 1.02 1.04 1.05 1.14 1.18 1.19 1.22 1.25 1.25 1.28 1.3  1.41
 1.47 1.48 1.61 1.63 1.65 1.67 1.67 1.69 1.69 1.71 1.84 1.9  1.91 2.
 2.08 2.52 2.54 3.12]
var: 0.4782626666666662
| [0m71       [0m | [0m1.052    [0m | [0m0.1048   [0m | [0m33.83    [0m | [0m0.481    [0m |
[0.32 0.38 0.63 0.66 0.66 0.67 0.69 0.69 0.75 0.79 0.82 0.87 0.88 0.9
 0.91 0.92 0.92 0.98 1.01 1.01 1.03 1.04 1.04 1.08 1.14 1.15 1.16 1.2
 1.23 1.28 1.28 1.29 1.35 1.37 1.38 1.38 1.42 1.43 1.49 1.54 1.54 1.56
 1.71 1.72 1.74 1.77 1.79 1.89 2.   2.06 2.21 2.24 2.26 2.41 2.44 2.44
 2.89 3.72 3.85 5.02]
var: 0.7131722222222223
| [0m72       [0m | [0m1.467    [0m | [0m0.1096   [0m | [0m33.67    [0m | [0m0.3617   [0m |
[0.48 0.52 0.54 0.55 0.65 0.75 0.76 0.77 0.77 0.78 0.78 0.79 0.8  0.81
 0.85 0.94 0.96 0.96 0.98 1.   1.06 1.07 1.12 1.14 1.16 1.16 1.21 1.22
 1.29 1.3  1.3  1.37 1.43 1.46 1.46 1.58 1.66 1.68 1.68 1.69 1.7  1.81
 1.88 1.89 1.89 1.93 2.01 2.16 2.3  2.34 2.38 2.42 2.48 2.66 2.77 3.01
 3.24 3.58 5.03 6.11]
var: 1.0580303055555553
| [0m73       [0m | [0m1.601    [0m | [0m0.17     [0m | [0m33.5     [0m | [0m0.1801   [0m |
[0.   0.   0.01 0.12 0.12 0.17 0.18 0.19 0.2  0.23 0.24 0.25 0.31 0.32
 0.33 0.34 0.34 0.35 0.42 0.43 0.44 0.45 0.5  0.52 0.52 0.53 0.57 0.58
 0.58 0.6  0.64 0.66 0.66 0.66 0.66 0.7  0.86 0.9  0.93 0.94 0.99 0.99
 1.   1.   1.03 1.06 1.1  1.1  1.11 1.15 1.18 1.23 1.3  1.3  1.52 1.79
 2.17 2.21 2.23 2.27]
var: 0.3124110000000006
| [0m74       [0m | [0m0.753    [0m | [0m0.2371   [0m | [0m31.1     [0m | [0m2.144    [0m |
[0.01 0.02 0.07 0.08 0.15 0.17 0.17 0.17 0.22 0.23 0.26 0.27 0.29 0.31
 0.38 0.4  0.41 0.44 0.46 0.47 0.49 0.52 0.52 0.53 0.56 0.57 0.61 0.62
 0.63 0.63 0.63 0.65 0.66 0.67 0.68 0.73 0.75 0.77 0.8  0.82 0.87 0.93
 0.97 1.   1.   1.01 1.01 1.04 1.07 1.11 1.15 1.22 1.24 1.25 1.28 1.32
 1.33 1.45 1.66 1.73]
var: 0.17305900000000002
| [0m75       [0m | [0m0.691    [0m | [0m0.215    [0m | [0m41.43    [0m | [0m2.84     [0m |
[0.11 0.13 0.21 0.24 0.25 0.26 0.26 0.29 0.33 0.33 0.33 0.43 0.49 0.49
 0.49 0.5  0.52 0.52 0.55 0.55 0.56 0.65 0.65 0.66 0.75 0.76 0.77 0.78
 0.8  0.81 0.82 0.91 0.94 0.95 0.97 1.02 1.04 1.05 1.07 1.1  1.16 1.27
 1.3  1.32 1.34 1.35 1.36 1.38 1.48 1.51 1.69 1.72 1.8  2.22 2.55 2.65
 2.97 3.   3.04 3.81]
var: 0.6450278888888887
| [0m76       [0m | [0m1.054    [0m | [0m1e-08    [0m | [0m33.76    [0m | [0m0.4143   [0m |
[0.6  0.62 0.66 0.73 0.74 0.74 0.75 0.77 0.82 0.9  0.92 0.94 0.97 0.99
 1.   1.01 1.03 1.16 1.17 1.17 1.17 1.2  1.22 1.26 1.31 1.35 1.38 1.43
 1.45 1.47 1.48 1.61 1.72 1.77 1.81 1.84 1.87 1.91 1.94 1.94 1.98 1.98
 1.99 2.02 2.05 2.14 2.21 2.3  2.34 2.38 2.51 2.51 2.54 2.8  2.91 2.92
 3.03 3.3  3.49 5.08]
var: 0.7166372222222225
| [0m77       [0m | [0m1.688    [0m | [0m0.09295  [0m | [0m33.51    [0m | [0m0.1971   [0m |
[0.28 0.52 0.57 0.58 0.6  0.6  0.62 0.64 0.66 0.69 0.7  0.74 0.75 0.76
 0.85 0.9  0.92 0.93 0.93 1.01 1.02 1.04 1.07 1.08 1.1  1.16 1.16 1.2
 1.21 1.22 1.23 1.24 1.33 1.37 1.41 1.43 1.43 1.44 1.46 1.47 1.56 1.59
 1.59 1.66 1.67 1.7  1.72 1.73 1.75 1.93 1.94 1.99 2.02 2.16 2.2  2.25
 2.25 2.28 2.83 3.08]
var: 0.3467365555555556
| [0m78       [0m | [0m1.32     [0m | [0m0.1252   [0m | [0m33.56    [0m | [0m0.2407   [0m |
[0.33 0.6  0.61 0.64 0.65 0.68 0.72 0.72 0.73 0.82 0.89 0.92 0.94 0.95
 0.99 1.04 1.05 1.08 1.11 1.18 1.19 1.19 1.2  1.21 1.22 1.29 1.29 1.3
 1.35 1.37 1.42 1.44 1.48 1.54 1.63 1.66 1.67 1.7  1.77 1.8  1.82 1.91
 1.91 1.91 2.01 2.03 2.24 2.27 2.42 2.5  2.68 2.79 3.04 3.13 3.24 3.3
 3.5  3.66 3.97 3.98]
var: 0.8091382222222233
| [0m79       [0m | [0m1.661    [0m | [0m0.08623  [0m | [0m33.42    [0m | [0m0.1832   [0m |
[0.05 0.05 0.06 0.1  0.11 0.12 0.16 0.26 0.33 0.34 0.44 0.5  0.5  0.52
 0.54 0.57 0.61 0.61 0.67 0.68 0.73 0.73 0.73 0.74 0.74 0.75 0.76 0.79
 0.81 0.82 0.82 0.84 0.86 0.87 0.87 0.87 0.88 0.97 0.98 1.01 1.05 1.11
 1.14 1.17 1.17 1.19 1.19 1.19 1.21 1.22 1.3  1.36 1.39 1.48 1.52 1.58
 1.66 2.   2.16 2.43]
var: 0.2538616388888889
| [0m80       [0m | [0m0.8718   [0m | [0m0.2578   [0m | [0m11.25    [0m | [0m2.163    [0m |
=============================================================
None
num_trials:  40  inits,  40  iters,  60  per
rho:  25
pthin:  0.94

Best VPT: 1.9945000000000013
Best result: {'a': 0.01985107681113629, 'g': 33.768495160752764, 's': 0.46268236459898743}

KERNEL: nu=1.5, lengthscale=2.0, alpha=0.0005
