|   iter    |  target   |     a     |     g     |     s     |
-------------------------------------------------------------
[0.03 0.16 0.18 0.21 0.22 0.23 0.25 0.27 0.28 0.28 0.29 0.29 0.32 0.34
 0.37 0.39 0.39 0.41 0.41 0.43 0.46 0.49 0.5  0.5  0.5  0.54 0.55 0.58
 0.58 0.59 0.59 0.64 0.64 0.69 0.71 0.74 0.74 0.82 0.83 0.84 0.85 0.9
 0.96 0.97 1.   1.   1.02 1.04 1.28 1.29 1.3  1.38 1.42 1.51 1.51 2.15
 2.35 2.69 2.76 2.96]
var: 0.4220598888888882
| [0m1        [0m | [0m0.8103   [0m | [0m0.2694   [0m | [0m49.36    [0m | [0m1.253    [0m |
[0.09 0.1  0.11 0.18 0.19 0.2  0.2  0.2  0.22 0.22 0.24 0.26 0.27 0.27
 0.29 0.3  0.31 0.32 0.34 0.34 0.38 0.39 0.39 0.44 0.48 0.53 0.54 0.56
 0.6  0.6  0.6  0.6  0.61 0.62 0.63 0.69 0.69 0.71 0.73 0.74 0.75 0.82
 0.82 0.86 0.86 0.87 0.92 0.94 0.96 0.97 1.   1.01 1.06 1.15 1.22 2.3
 2.32]
var: 0.19190507848568772
| [0m2        [0m | [0m0.6142   [0m | [0m0.2727   [0m | [0m1.607    [0m | [0m1.761    [0m |
[0.03 0.04 0.1  0.11 0.13 0.13 0.14 0.18 0.18 0.18 0.19 0.22 0.23 0.23
 0.24 0.28 0.29 0.32 0.36 0.37 0.43 0.46 0.49 0.5  0.51 0.56 0.57 0.61
 0.62 0.71 0.74 0.77 0.78 0.79 0.79 0.79 0.79 0.79 0.84 0.86 0.86 0.92
 0.94 0.94 1.03 1.06 1.13 1.13 1.24 1.27 1.29 1.3  1.43 1.45 1.96 1.97
 1.97 1.99 2.08 3.02]
var: 0.37157030555555587
| [0m3        [0m | [0m0.7722   [0m | [0m0.267    [0m | [0m47.49    [0m | [0m1.467    [0m |
[0.03 0.05 0.07 0.07 0.07 0.08 0.08 0.1  0.11 0.12 0.13 0.15 0.16 0.19
 0.2  0.2  0.2  0.22 0.24 0.24 0.25 0.26 0.3  0.3  0.31 0.32 0.36 0.36
 0.37 0.37 0.4  0.4  0.41 0.43 0.46 0.47 0.48 0.6  0.63 0.66 0.67 0.69
 0.88 0.96 1.   1.   1.1  1.12 1.12 1.13 1.25 1.3  1.31 1.37 1.41 1.58
 1.81 1.91 2.19 3.02]
var: 0.36931697222222243
| [0m4        [0m | [0m0.6278   [0m | [0m0.04643  [0m | [0m38.23    [0m | [0m2.148    [0m |
[0.11 0.16 0.16 0.2  0.21 0.23 0.26 0.29 0.3  0.31 0.33 0.34 0.36 0.4
 0.44 0.47 0.47 0.48 0.49 0.51 0.57 0.62 0.65 0.66 0.68 0.76 0.77 0.81
 0.91 0.94 0.97 1.   1.   1.04 1.08 1.08 1.13 1.16 1.16 1.22 1.27 1.33
 1.38 1.4  1.44 1.44 1.46 1.55 1.58 1.63 2.06 2.18 2.32 2.33 2.45 3.02
 3.06 3.1  3.1  4.16]
var: 0.7817327500000004
| [95m5        [0m | [95m1.117    [0m | [95m0.27     [0m | [95m20.78    [0m | [95m1.909    [0m |
[0.07 0.08 0.08 0.13 0.16 0.23 0.24 0.27 0.28 0.31 0.35 0.4  0.4  0.4
 0.41 0.41 0.45 0.46 0.47 0.47 0.48 0.49 0.51 0.54 0.54 0.55 0.56 0.56
 0.57 0.58 0.62 0.62 0.65 0.67 0.69 0.72 0.75 0.77 0.77 0.79 0.79 0.84
 0.86 0.89 0.9  0.91 0.91 0.92 0.96 1.01 1.02 1.06 1.08 1.14 1.14 1.22
 1.64 1.77 1.97 2.57]
var: 0.20710722222222208
| [0m6        [0m | [0m0.7017   [0m | [0m0.2212   [0m | [0m48.85    [0m | [0m0.1408   [0m |
[0.08 0.11 0.18 0.2  0.2  0.33 0.35 0.35 0.37 0.47 0.49 0.5  0.57 0.59
 0.63 0.64 0.66 0.68 0.71 0.74 0.76 0.76 0.76 0.77 0.82 0.83 0.83 0.83
 0.87 0.9  0.9  0.93 1.02 1.07 1.09 1.11 1.23 1.24 1.25 1.28 1.31 1.32
 1.37 1.43 1.53 1.54 1.63 1.66 1.68 1.72 1.81 1.92 2.32 2.43 2.91 3.36
 3.56 3.66 3.84 4.94]
var: 0.9845340000000005
| [95m7        [0m | [95m1.234    [0m | [95m0.06683  [0m | [95m11.95    [0m | [95m1.652    [0m |
[0.04 0.08 0.1  0.22 0.22 0.23 0.24 0.24 0.28 0.28 0.29 0.3  0.31 0.31
 0.35 0.35 0.37 0.39 0.39 0.4  0.4  0.45 0.45 0.46 0.52 0.55 0.57 0.6
 0.61 0.65 0.65 0.7  0.71 0.74 0.75 0.77 0.78 0.79 0.81 0.81 0.82 0.91
 0.92 0.97 0.98 1.01 1.09 1.1  1.1  1.11 1.12 1.19 1.23 1.24 1.29 1.34
 1.35 1.71 1.74 1.99]
var: 0.1874769722222224
| [0m8        [0m | [0m0.7062   [0m | [0m0.2903   [0m | [0m1.514    [0m | [0m2.765    [0m |
[0.31 0.33 0.47 0.51 0.6  0.64 0.65 0.67 0.91 0.92 0.96 0.97 1.   1.1
 1.1  1.1  1.13 1.23 1.34 1.42 1.44 1.45 1.53 1.54 1.58 1.66 1.7  1.72
 1.77 1.78 1.92 2.14 2.2  2.28 2.28 2.44 2.47 2.49 2.51 2.58 2.71 2.76
 2.79 2.95 2.98 3.06 3.09 3.28 3.33 3.34 3.5  3.84 3.96 3.96 4.08 4.33
 4.6  4.8 ]
var: 1.365401070154578
| [95m9        [0m | [95m2.072    [0m | [95m0.2515   [0m | [95m10.02    [0m | [95m1.091    [0m |
[0.02 0.08 0.13 0.14 0.17 0.22 0.27 0.28 0.31 0.33 0.34 0.35 0.38 0.38
 0.39 0.39 0.4  0.48 0.49 0.51 0.55 0.55 0.72 0.74 0.75 0.75 0.77 0.78
 0.82 0.86 0.9  0.93 0.93 1.01 1.06 1.12 1.14 1.21 1.32 1.34 1.38 1.39
 1.44 1.55 1.65 1.77 1.78 1.79 1.82 1.93 2.02 2.04 2.15 2.59 2.91 2.95
 3.24 4.04 5.82]
var: 1.1045392128698648
| [0m10       [0m | [0m1.162    [0m | [0m0.2676   [0m | [0m27.37    [0m | [0m1.756    [0m |
[0.05 0.06 0.08 0.13 0.14 0.15 0.16 0.16 0.21 0.22 0.24 0.24 0.26 0.3
 0.34 0.34 0.35 0.35 0.36 0.38 0.38 0.4  0.46 0.47 0.48 0.52 0.52 0.57
 0.59 0.6  0.65 0.65 0.7  0.73 0.75 0.8  0.87 0.88 0.9  0.92 0.94 0.98
 1.01 1.08 1.18 1.3  1.34 1.38 1.66 1.75 1.8  1.94 2.25 2.26 2.44 2.69
 4.5 ]
var: 0.650810403200984
| [0m11       [0m | [0m0.8396   [0m | [0m0.295    [0m | [0m4.418    [0m | [0m2.518    [0m |
[0.03 0.08 0.1  0.11 0.15 0.16 0.21 0.21 0.22 0.24 0.24 0.28 0.34 0.34
 0.35 0.36 0.37 0.38 0.42 0.42 0.43 0.48 0.5  0.54 0.55 0.6  0.66 0.69
 0.72 0.78 0.81 0.83 0.84 0.9  0.94 0.95 0.95 1.07 1.08 1.1  1.1  1.14
 1.15 1.22 1.22 1.33 1.53 1.55 1.57 1.76 1.85 1.88 1.98 2.   2.6  2.92
 3.02 3.04 3.14]
var: 0.6364500430910659
| [0m12       [0m | [0m0.9564   [0m | [0m0.0311   [0m | [0m34.75    [0m | [0m1.601    [0m |
[0.03 0.04 0.05 0.08 0.13 0.19 0.21 0.21 0.27 0.28 0.31 0.31 0.34 0.35
 0.4  0.43 0.44 0.45 0.46 0.46 0.46 0.49 0.52 0.53 0.54 0.6  0.62 0.64
 0.69 0.7  0.83 0.83 0.84 0.85 0.85 0.87 0.88 0.91 0.94 0.97 0.98 1.03
 1.09 1.18 1.22 1.32 1.35 1.42 1.47 1.53 1.67 1.68 1.71 1.72 1.91 2.12
 2.2  2.21 2.38 2.91]
var: 0.42830166666666686
| [0m13       [0m | [0m0.885    [0m | [0m0.2675   [0m | [0m15.51    [0m | [0m2.807    [0m |
[0.06 0.08 0.1  0.23 0.26 0.41 0.41 0.46 0.49 0.5  0.5  0.61 0.62 0.63
 0.64 0.8  0.85 0.88 0.97 0.97 0.99 1.   1.07 1.11 1.13 1.14 1.19 1.2
 1.26 1.36 1.48 1.48 1.56 1.58 1.61 1.68 1.8  1.86 1.99 2.   2.1  2.18
 2.28 2.33 2.39 2.44 2.53 2.54 2.55 2.56 3.01 3.04 3.18 3.26 3.62 4.01
 4.26 4.35 5.21 6.68]
var: 1.7596715555555538
| [0m14       [0m | [0m1.725    [0m | [0m0.1749   [0m | [0m10.03    [0m | [0m1.595    [0m |
[0.04 0.05 0.07 0.08 0.08 0.08 0.09 0.09 0.13 0.16 0.17 0.17 0.18 0.2
 0.2  0.23 0.26 0.27 0.33 0.33 0.36 0.4  0.41 0.41 0.42 0.44 0.45 0.5
 0.51 0.52 0.53 0.54 0.56 0.57 0.64 0.65 0.66 0.67 0.69 0.69 0.7  0.74
 0.83 0.83 0.85 0.99 1.09 1.16 1.2  1.21 1.29 1.43 1.49 1.6  1.87 1.99
 2.2 ]
var: 0.2632907356109573
| [0m15       [0m | [0m0.6193   [0m | [0m0.155    [0m | [0m48.56    [0m | [0m1.932    [0m |
[0.02 0.03 0.04 0.05 0.11 0.12 0.13 0.14 0.15 0.15 0.16 0.17 0.17 0.18
 0.18 0.19 0.19 0.2  0.21 0.21 0.24 0.25 0.26 0.27 0.28 0.3  0.3  0.31
 0.36 0.38 0.39 0.41 0.41 0.42 0.45 0.52 0.52 0.55 0.59 0.59 0.6  0.62
 0.65 0.65 0.66 0.67 0.71 0.71 0.76 0.82 0.82 0.86 0.88 0.9  0.96 0.99
 1.05 1.08 1.14 1.45]
var: 0.10635655555555559
| [0m16       [0m | [0m0.4597   [0m | [0m0.1626   [0m | [0m36.72    [0m | [0m0.4769   [0m |
[0.03 0.06 0.11 0.11 0.14 0.16 0.17 0.18 0.2  0.2  0.26 0.27 0.28 0.32
 0.34 0.38 0.39 0.4  0.46 0.49 0.53 0.54 0.54 0.55 0.61 0.61 0.69 0.74
 0.76 0.77 0.82 0.83 0.85 0.9  0.9  0.98 1.01 1.01 1.04 1.12 1.15 1.42
 1.46 1.57 1.65 1.72 1.76 1.78 1.85 1.9  1.9  1.91 1.98 2.17 2.18 2.28
 2.32 2.41 2.47 4.27]
var: 0.6861583333333333
| [0m17       [0m | [0m1.015    [0m | [0m0.07479  [0m | [0m19.6     [0m | [0m1.697    [0m |
[0.06 0.16 0.17 0.18 0.18 0.2  0.25 0.29 0.35 0.44 0.66 0.69 0.72 0.87
 0.89 0.89 0.9  0.93 0.98 1.05 1.08 1.08 1.11 1.15 1.17 1.2  1.24 1.26
 1.37 1.4  1.43 1.47 1.5  1.52 1.53 1.65 1.67 1.79 1.83 1.89 1.95 2.1
 2.21 2.27 2.27 2.33 2.34 2.75 2.85 3.05 3.26 3.27 3.38 3.5  3.63 3.82
 3.94 4.6  5.19]
var: 1.4022726228095375
| [0m18       [0m | [0m1.659    [0m | [0m0.1397   [0m | [0m18.76    [0m | [0m1.085    [0m |
[0.01 0.02 0.02 0.03 0.04 0.04 0.04 0.04 0.04 0.04 0.06 0.06 0.09 0.13
 0.16 0.16 0.16 0.17 0.17 0.19 0.21 0.21 0.23 0.23 0.24 0.24 0.24 0.26
 0.26 0.28 0.28 0.31 0.37 0.38 0.41 0.41 0.41 0.43 0.44 0.46 0.47 0.49
 0.49 0.52 0.54 0.61 0.66 0.69 0.72 0.73 0.78 0.8  0.83 0.83 0.87 0.95
 1.   1.36 1.7  2.28]
var: 0.17511608333333328
| [0m19       [0m | [0m0.4215   [0m | [0m0.1885   [0m | [0m39.63    [0m | [0m0.5892   [0m |
[0.05 0.1  0.11 0.12 0.13 0.15 0.15 0.17 0.17 0.18 0.21 0.23 0.25 0.25
 0.26 0.29 0.29 0.31 0.31 0.33 0.34 0.35 0.35 0.35 0.38 0.4  0.4  0.47
 0.48 0.52 0.56 0.57 0.57 0.61 0.62 0.62 0.64 0.65 0.68 0.7  0.71 0.73
 0.76 0.78 0.82 0.83 1.   1.07 1.07 1.22 1.23 1.27 1.28 1.3  1.46 1.47
 1.48 1.69 1.72 2.97]
var: 0.2809743333333332
| [0m20       [0m | [0m0.653    [0m | [0m0.2992   [0m | [0m9.196    [0m | [0m0.196    [0m |
[0.03 0.04 0.1  0.13 0.13 0.14 0.14 0.16 0.17 0.2  0.21 0.23 0.23 0.23
 0.26 0.32 0.35 0.36 0.36 0.39 0.4  0.41 0.42 0.43 0.45 0.47 0.5  0.51
 0.52 0.53 0.57 0.59 0.6  0.6  0.62 0.68 0.69 0.73 0.73 0.84 0.87 0.94
 0.94 0.96 0.96 0.97 1.   1.02 1.06 1.23 1.28 1.32 1.37 1.53 1.76 1.79
 1.84 2.09 3.1  3.31]
var: 0.44146163888888895
| [0m21       [0m | [0m0.7468   [0m | [0m0.261    [0m | [0m41.32    [0m | [0m1.044    [0m |
[0.04 0.36 0.52 0.53 0.61 0.74 0.76 0.77 0.81 0.83 0.84 0.87 0.91 0.91
 0.93 1.03 1.12 1.16 1.17 1.18 1.18 1.2  1.25 1.3  1.31 1.37 1.37 1.43
 1.44 1.45 1.46 1.47 1.47 1.47 1.49 1.5  1.53 1.55 1.57 1.65 1.65 1.74
 1.88 1.91 1.91 2.09 2.1  2.26 2.28 2.39 2.53 2.57 2.71 2.95 2.98 3.02
 3.7  3.89 3.96 4.49]
var: 0.829597333333334
| [0m22       [0m | [0m1.626    [0m | [0m0.1748   [0m | [0m8.536    [0m | [0m0.4797   [0m |
[0.01 0.01 0.02 0.02 0.02 0.02 0.03 0.03 0.04 0.05 0.06 0.07 0.09 0.09
 0.1  0.1  0.11 0.15 0.16 0.21 0.23 0.23 0.23 0.23 0.24 0.25 0.27 0.28
 0.29 0.3  0.32 0.35 0.38 0.39 0.4  0.4  0.41 0.44 0.44 0.44 0.45 0.45
 0.47 0.47 0.47 0.5  0.52 0.56 0.63 0.68 0.79 0.81 0.83 0.88 1.17 1.22
 1.67]
var: 0.1087082794706061
| [0m23       [0m | [0m0.3593   [0m | [0m0.1278   [0m | [0m47.29    [0m | [0m0.6989   [0m |
[0.01 0.01 0.02 0.07 0.12 0.12 0.2  0.2  0.21 0.21 0.23 0.23 0.25 0.29
 0.31 0.35 0.36 0.38 0.4  0.43 0.46 0.47 0.49 0.49 0.51 0.55 0.55 0.66
 0.67 0.68 0.7  0.72 0.74 0.8  0.88 0.89 0.93 0.99 1.   1.01 1.07 1.08
 1.08 1.11 1.11 1.21 1.23 1.27 1.4  1.48 1.56 1.86 1.98 2.46 2.6  3.2
 3.3  3.64 3.85 4.46]
var: 0.9893712222222228
| [0m24       [0m | [0m0.9923   [0m | [0m0.08602  [0m | [0m48.47    [0m | [0m1.48     [0m |
[0.02 0.21 0.29 0.3  0.34 0.51 0.61 0.67 0.79 0.98 1.   1.01 1.07 1.12
 1.13 1.14 1.23 1.25 1.28 1.29 1.34 1.38 1.42 1.43 1.55 1.59 1.61 1.99
 2.06 2.07 2.09 2.19 2.27 2.27 2.39 2.39 2.41 2.6  2.62 2.64 2.69 2.72
 2.82 2.95 2.99 3.06 3.27 3.44 3.6  3.61 3.73 3.86 4.5  4.7  5.41]
var: 1.4613566942148761
| [0m25       [0m | [0m1.998    [0m | [0m0.2566   [0m | [0m20.44    [0m | [0m1.238    [0m |
[0.02 0.1  0.17 0.2  0.22 0.22 0.24 0.24 0.24 0.25 0.26 0.26 0.28 0.28
 0.29 0.29 0.3  0.34 0.34 0.35 0.36 0.39 0.4  0.42 0.43 0.43 0.45 0.47
 0.52 0.62 0.63 0.63 0.63 0.64 0.67 0.7  0.7  0.74 0.74 0.75 0.75 0.76
 0.77 0.83 0.84 0.92 1.   1.08 1.15 1.34 1.39 1.39 1.4  1.44 1.48 1.59
 1.77 2.39 2.72]
var: 0.29471680551565627
| [0m26       [0m | [0m0.6986   [0m | [0m0.1295   [0m | [0m3.331    [0m | [0m2.26     [0m |
[ 0.05  0.16  0.18  0.19  0.22  0.23  0.24  0.24  0.25  0.27  0.27  0.3
  0.33  0.33  0.34  0.34  0.35  0.39  0.39  0.4   0.4   0.42  0.45  0.48
  0.52  0.54  0.55  0.57  0.57  0.63  0.72  0.75  0.75  0.76  0.79  0.83
  0.9   0.94  0.94  0.94  0.96  0.98  1.    1.01  1.19  1.25  1.35  1.35
  1.4   1.43  1.45  1.45  1.47  1.5   1.55  1.63  1.73  1.99  2.06 11.32]
var: 2.078938305555555
| [0m27       [0m | [0m0.9498   [0m | [0m0.1188   [0m | [0m3.368    [0m | [0m1.822    [0m |
[0.   0.   0.03 0.04 0.05 0.05 0.06 0.07 0.07 0.08 0.08 0.09 0.09 0.16
 0.16 0.21 0.21 0.22 0.24 0.24 0.24 0.27 0.29 0.3  0.3  0.31 0.33 0.37
 0.37 0.37 0.38 0.38 0.41 0.44 0.46 0.47 0.47 0.5  0.5  0.51 0.52 0.53
 0.54 0.56 0.58 0.62 0.65 0.68 0.69 0.69 0.71 0.75 0.77 0.84 0.86 1.04
 1.09 1.78 1.84 2.35]
var: 0.1934949722222222
| [0m28       [0m | [0m0.4652   [0m | [0m0.2725   [0m | [0m37.39    [0m | [0m2.984    [0m |
[0.04 0.09 0.09 0.09 0.1  0.12 0.13 0.13 0.16 0.16 0.18 0.18 0.18 0.21
 0.22 0.3  0.3  0.3  0.3  0.36 0.38 0.38 0.39 0.41 0.43 0.45 0.51 0.52
 0.57 0.59 0.61 0.62 0.65 0.65 0.68 0.7  0.71 0.73 0.74 0.79 0.81 0.82
 0.83 0.84 0.92 0.92 0.96 0.98 1.13 1.2  1.23 1.24 1.26 1.34 1.59 2.14
 2.63 2.64 3.03 3.12]
var: 0.49523655555555524
| [0m29       [0m | [0m0.7463   [0m | [0m0.19     [0m | [0m0.8494   [0m | [0m2.345    [0m |
[0.01 0.01 0.01 0.06 0.07 0.07 0.1  0.12 0.17 0.21 0.24 0.28 0.3  0.32
 0.34 0.34 0.35 0.38 0.39 0.43 0.45 0.48 0.48 0.48 0.49 0.53 0.55 0.55
 0.56 0.59 0.59 0.6  0.6  0.62 0.64 0.65 0.65 0.65 0.67 0.69 0.72 0.76
 0.77 0.77 0.8  0.86 0.89 0.9  1.02 1.12 1.14 1.23 1.24 1.26 1.49 1.58
 1.81 2.28 3.15 3.3 ]
var: 0.41608608333333347
| [0m30       [0m | [0m0.7135   [0m | [0m0.1714   [0m | [0m38.91    [0m | [0m2.364    [0m |
[0.01 0.02 0.02 0.02 0.03 0.03 0.04 0.04 0.05 0.08 0.09 0.09 0.1  0.1
 0.11 0.11 0.12 0.16 0.18 0.18 0.2  0.22 0.24 0.26 0.28 0.3  0.3  0.33
 0.33 0.37 0.41 0.42 0.43 0.46 0.46 0.46 0.49 0.51 0.52 0.54 0.54 0.56
 0.56 0.59 0.59 0.65 0.67 0.72 0.72 0.73 0.74 0.93 0.97 0.99 1.11 1.16
 1.26 1.47 1.51 2.14]
var: 0.18337266666666638
| [0m31       [0m | [0m0.462    [0m | [0m0.02863  [0m | [0m34.34    [0m | [0m2.617    [0m |
[0.28 0.31 0.38 0.44 0.46 0.48 0.53 0.54 0.62 0.63 0.65 0.69 0.69 0.73
 0.78 0.93 0.95 0.98 0.99 1.01 1.05 1.05 1.07 1.07 1.1  1.11 1.12 1.13
 1.23 1.27 1.31 1.36 1.39 1.43 1.5  1.52 1.54 1.59 1.79 1.83 1.9  2.03
 2.11 2.13 2.14 2.23 2.25 2.38 2.81 3.   3.1  3.68 4.   4.4  5.23 6.03]
var: 1.4381456313775511
| [0m32       [0m | [0m1.588    [0m | [0m0.03259  [0m | [0m3.271    [0m | [0m1.192    [0m |
[0.07 0.08 0.1  0.12 0.12 0.17 0.19 0.23 0.24 0.27 0.31 0.33 0.35 0.39
 0.41 0.43 0.49 0.5  0.52 0.55 0.56 0.56 0.57 0.59 0.63 0.64 0.64 0.66
 0.67 0.69 0.71 0.73 0.75 0.77 0.79 0.83 0.92 0.94 1.01 1.07 1.17 1.26
 1.28 1.3  1.4  1.47 1.69 1.72 1.79 1.88 2.02 2.61 2.65 3.55 5.64]
var: 0.9006712727272728
| [0m33       [0m | [0m0.946    [0m | [0m0.1422   [0m | [0m18.2     [0m | [0m2.57     [0m |
[0.03 0.09 0.15 0.15 0.17 0.17 0.21 0.24 0.28 0.3  0.35 0.36 0.4  0.46
 0.57 0.6  0.61 0.61 0.63 0.64 0.69 0.72 0.72 0.73 0.74 0.74 0.86 0.92
 0.95 0.96 1.01 1.02 1.03 1.11 1.14 1.14 1.17 1.19 1.23 1.26 1.37 1.39
 1.52 1.58 1.76 1.77 1.85 1.88 1.93 2.01 2.08 2.12 2.13 2.21 2.34 2.55
 2.76 2.83 3.19 4.46]
var: 0.7709893333333327
| [0m34       [0m | [0m1.168    [0m | [0m0.1125   [0m | [0m26.93    [0m | [0m1.46     [0m |
[0.14 0.18 0.2  0.23 0.37 0.39 0.4  0.44 0.45 0.45 0.57 0.58 0.66 0.69
 0.74 0.79 0.84 0.85 1.   1.03 1.04 1.16 1.17 1.41 1.47 1.55 1.6  1.61
 1.63 1.66 1.68 1.68 1.79 1.98 2.05 2.07 2.13 2.14 2.2  2.21 2.3  2.31
 2.32 2.35 2.39 2.44 2.45 2.61 2.67 2.93 3.06 3.09 3.1  3.14 3.3  3.5
 3.7  4.06 4.69 5.14]
var: 1.3373098888888892
| [0m35       [0m | [0m1.78     [0m | [0m0.2374   [0m | [0m18.93    [0m | [0m1.268    [0m |
[0.2  0.28 0.33 0.36 0.41 0.53 0.57 0.66 0.68 0.68 0.72 0.79 0.84 0.95
 1.01 1.04 1.08 1.13 1.26 1.32 1.36 1.41 1.42 1.45 1.52 1.53 1.59 1.62
 1.68 1.79 1.88 1.99 2.04 2.1  2.16 2.16 2.23 2.27 2.29 2.4  2.44 2.52
 2.54 2.55 2.6  2.72 2.74 2.81 2.84 2.87 2.96 2.98 3.05 3.07 3.35 3.49
 3.53 4.22 4.84 5.37]
var: 1.2599432222222224
| [0m36       [0m | [0m1.92     [0m | [0m0.01263  [0m | [0m2.851    [0m | [0m0.7764   [0m |
[0.04 0.06 0.06 0.07 0.08 0.09 0.09 0.1  0.1  0.1  0.11 0.12 0.13 0.13
 0.13 0.13 0.13 0.13 0.18 0.18 0.18 0.19 0.21 0.24 0.25 0.26 0.27 0.27
 0.3  0.3  0.3  0.31 0.32 0.33 0.34 0.39 0.4  0.4  0.46 0.51 0.54 0.55
 0.55 0.66 0.72 0.8  0.84 0.88 0.9  0.92 1.05 1.07 1.26 1.28 1.36 1.55
 1.73 3.63]
var: 0.3393523186682524
| [0m37       [0m | [0m0.4945   [0m | [0m0.01745  [0m | [0m41.75    [0m | [0m2.019    [0m |
[0.41 0.52 0.53 0.64 0.65 0.67 0.71 0.75 0.86 0.92 0.93 0.95 1.05 1.06
 1.07 1.14 1.18 1.23 1.33 1.33 1.45 1.48 1.5  1.52 1.53 1.7  1.74 1.75
 1.75 1.88 1.89 1.91 1.91 1.92 1.96 2.09 2.1  2.11 2.2  2.25 2.28 2.57
 2.63 2.67 2.79 2.8  2.86 2.92 2.99 3.06 3.33 3.38 3.53 3.55 3.66 3.68
 4.01 4.45 5.45]
var: 1.1811119218615345
| [0m38       [0m | [0m1.986    [0m | [0m0.1923   [0m | [0m8.944    [0m | [0m1.253    [0m |
[0.   0.02 0.04 0.04 0.06 0.09 0.09 0.11 0.11 0.12 0.13 0.15 0.16 0.16
 0.16 0.17 0.17 0.19 0.19 0.2  0.21 0.24 0.25 0.26 0.26 0.27 0.27 0.27
 0.31 0.33 0.34 0.35 0.35 0.42 0.43 0.45 0.46 0.52 0.52 0.55 0.56 0.56
 0.58 0.6  0.62 0.69 0.7  0.7  0.76 0.79 0.88 0.89 0.91 0.93 1.02 1.07
 1.1  1.14 1.15]
var: 0.10238431485205396
| [0m39       [0m | [0m0.4249   [0m | [0m0.03885  [0m | [0m41.39    [0m | [0m0.6611   [0m |
[0.   0.02 0.05 0.07 0.09 0.11 0.11 0.15 0.18 0.19 0.2  0.27 0.3  0.31
 0.36 0.38 0.48 0.5  0.52 0.52 0.54 0.56 0.57 0.57 0.64 0.65 0.66 0.68
 0.71 0.73 0.84 0.9  0.98 0.99 1.02 1.04 1.05 1.15 1.15 1.16 1.16 1.28
 1.33 1.35 1.36 1.37 1.38 1.39 1.4  1.41 1.61 1.78 1.95 2.21 2.23 2.38
 2.4  2.44 3.29]
var: 0.5191871301350184
| [0m40       [0m | [0m0.9342   [0m | [0m0.1224   [0m | [0m16.71    [0m | [0m2.477    [0m |
[0.11 0.13 0.17 0.18 0.19 0.19 0.2  0.25 0.28 0.32 0.33 0.36 0.4  0.41
 0.42 0.45 0.48 0.5  0.54 0.57 0.58 0.58 0.58 0.58 0.59 0.6  0.62 0.79
 0.79 0.8  0.86 0.87 0.88 0.88 0.89 0.96 1.01 1.1  1.11 1.16 1.23 1.24
 1.3  1.32 1.37 1.41 1.47 1.48 1.56 1.89 1.9  1.93 2.09 2.25 2.72 5.11]
var: 0.664988137755102
| [0m41       [0m | [0m0.9461   [0m | [0m0.2946   [0m | [0m20.29    [0m | [0m0.5947   [0m |
[0.04 0.07 0.11 0.12 0.12 0.3  0.31 0.33 0.38 0.42 0.45 0.48 0.52 0.52
 0.55 0.6  0.61 0.65 0.71 0.71 0.8  0.82 0.85 0.89 0.91 0.94 1.16 1.16
 1.17 1.24 1.29 1.3  1.42 1.43 1.49 1.61 1.79 2.   2.25 2.3  2.33 2.4
 2.64 3.21 3.25 3.62]
var: 0.7990798204158783
| [0m42       [0m | [0m1.136    [0m | [0m0.2886   [0m | [0m32.01    [0m | [0m1.43     [0m |
[0.25 0.27 0.32 0.4  0.49 0.51 0.67 0.69 0.82 0.82 0.88 0.9  0.95 0.99
 1.   1.12 1.12 1.14 1.16 1.16 1.31 1.37 1.4  1.4  1.43 1.5  1.53 1.57
 1.62 1.64 1.73 1.82 1.83 1.84 1.95 1.98 2.16 2.17 2.29 2.33 2.39 2.59
 2.73 2.82 2.97 3.03 3.08 3.1  3.13 3.37 3.39 3.48 3.92 3.96 4.09 4.13
 4.49]
var: 1.2269152970144672
| [0m43       [0m | [0m1.881    [0m | [0m0.1014   [0m | [0m9.512    [0m | [0m1.317    [0m |
[0.   0.01 0.03 0.31 0.32 0.4  0.47 0.48 0.48 0.52 0.54 0.69 0.71 0.78
 0.78 0.82 0.82 0.86 0.88 0.88 0.9  0.96 1.17 1.17 1.17 1.18 1.24 1.3
 1.33 1.34 1.4  1.51 1.53 1.53 1.56 1.6  1.67 1.72 1.79 1.9  1.93 1.97
 2.05 2.13 2.21 2.23 2.26 2.42 2.44 2.64 2.74 2.77 3.09 3.47 3.52 3.57
 4.12 4.42 4.46]
var: 1.171811605860385
| [0m44       [0m | [0m1.579    [0m | [0m1e-08    [0m | [0m8.348    [0m | [0m1.233    [0m |
[0.   0.   0.09 0.11 0.12 0.18 0.19 0.22 0.41 0.5  0.54 0.58 0.58 0.6
 0.61 0.64 0.65 0.65 0.67 0.69 0.82 0.82 0.84 0.87 0.97 0.98 1.   1.03
 1.05 1.1  1.11 1.12 1.15 1.15 1.19 1.27 1.35 1.43 1.55 1.56 1.57 1.58
 1.6  1.64 1.8  1.81 1.93 1.97 2.17 2.31 2.35 2.48 2.53 2.58 2.59 2.84
 2.95 2.98 3.17 5.23]
var: 0.9438736388888908
| [0m45       [0m | [0m1.308    [0m | [0m1e-08    [0m | [0m10.49    [0m | [0m1.008    [0m |
[0.09 0.16 0.22 0.28 0.29 0.29 0.32 0.32 0.36 0.37 0.37 0.42 0.42 0.44
 0.45 0.45 0.45 0.47 0.48 0.48 0.49 0.49 0.49 0.55 0.56 0.57 0.58 0.58
 0.6  0.66 0.68 0.69 0.69 0.79 0.8  0.88 0.94 1.05 1.09 1.21 1.35 1.38
 1.41 1.49 1.56 1.59 1.67 1.7  1.72 1.73 1.8  1.83 2.06 2.14 2.34 2.4
 2.53 2.56 2.66 3.01]
var: 0.5559187500000002
| [0m46       [0m | [0m1.008    [0m | [0m0.2462   [0m | [0m9.026    [0m | [0m1.848    [0m |
[0.13 0.15 0.15 0.17 0.18 0.21 0.23 0.29 0.3  0.3  0.31 0.31 0.34 0.35
 0.36 0.37 0.39 0.39 0.4  0.4  0.42 0.44 0.44 0.46 0.46 0.48 0.49 0.51
 0.57 0.65 0.66 0.76 0.76 0.78 0.79 0.8  0.82 0.86 0.86 0.88 0.88 0.95
 0.95 1.09 1.09 1.11 1.27 1.27 1.28 1.34 1.66 1.76 1.87 1.88 2.03 2.22
 2.37 2.87 3.  ]
var: 0.45335690893421393
| [0m47       [0m | [0m0.8392   [0m | [0m0.1647   [0m | [0m2.674    [0m | [0m2.893    [0m |
[0.09 0.33 0.37 0.4  0.47 0.48 0.48 0.5  0.5  0.55 0.56 0.6  0.6  0.62
 0.62 0.64 0.71 0.71 0.75 0.78 0.8  0.82 0.83 0.84 0.88 0.89 0.9  0.98
 0.98 0.98 0.99 1.   1.04 1.08 1.08 1.1  1.1  1.12 1.15 1.15 1.21 1.22
 1.28 1.29 1.38 1.39 1.44 1.46 1.57 1.64 1.66 1.86 1.99 2.01 2.12 2.49
 2.61 2.73 2.8  3.08]
var: 0.42553388888888893
| [0m48       [0m | [0m1.128    [0m | [0m0.1234   [0m | [0m3.234    [0m | [0m0.3848   [0m |
[0.31 0.36 0.37 0.39 0.43 0.59 0.6  0.71 0.75 0.86 0.86 0.97 0.97 1.16
 1.32 1.38 1.39 1.4  1.45 1.49 1.53 1.58 1.68 1.69 1.74 1.77 1.86 1.93
 1.96 1.99 2.09 2.14 2.18 2.18 2.19 2.23 2.4  2.47 2.48 2.53 2.58 2.61
 2.75 2.81 2.85 2.86 3.   3.11 3.2  3.21 3.23 3.48 3.77 3.82 3.94 4.23
 4.26 4.58 4.6  5.71]
var: 1.4695532222222227
| [95m49       [0m | [95m2.15     [0m | [95m0.3      [0m | [95m9.638    [0m | [95m1.001    [0m |
[0.05 0.15 0.24 0.34 0.45 0.51 0.51 0.64 0.85 0.89 0.9  1.03 1.03 1.06
 1.09 1.15 1.16 1.17 1.31 1.38 1.54 1.63 1.69 1.78 1.87 1.92 1.97 2.09
 2.16 2.21 2.25 2.28 2.3  2.3  2.37 2.42 2.44 2.56 2.57 2.65 2.71 2.78
 2.78 2.82 3.16 3.17 3.24 3.37 3.64 3.82 3.85 3.87 3.96 4.79 4.97 5.09
 5.32]
var: 1.6816951061865182
| [0m50       [0m | [0m2.145    [0m | [0m0.04101  [0m | [0m9.046    [0m | [0m0.8961   [0m |
[0.06 0.07 0.07 0.09 0.1  0.1  0.11 0.12 0.14 0.15 0.16 0.23 0.23 0.27
 0.28 0.28 0.28 0.3  0.33 0.34 0.34 0.35 0.39 0.41 0.41 0.41 0.42 0.48
 0.5  0.55 0.55 0.57 0.62 0.62 0.63 0.66 0.68 0.73 0.77 0.79 0.84 0.84
 0.97 0.97 1.17 1.2  1.34 1.36 1.43 1.44 1.61 1.67 1.7  1.79 1.89 1.9
 1.95 2.28 2.97 3.21]
var: 0.5133782222222215
| [0m51       [0m | [0m0.7853   [0m | [0m0.07601  [0m | [0m33.86    [0m | [0m1.887    [0m |
[0.03 0.1  0.26 0.32 0.43 0.46 0.52 0.69 0.72 0.75 0.83 0.88 0.88 0.98
 1.03 1.08 1.3  1.34 1.35 1.43 1.45 1.46 1.47 1.55 1.66 1.83 1.86 1.99
 2.01 2.06 2.07 2.15 2.16 2.2  2.33 2.33 2.35 2.38 2.39 2.41 2.43 2.43
 2.52 2.57 2.6  2.61 2.79 2.83 2.9  3.   3.12 3.61 3.62 3.72 3.84 3.94
 4.12 4.22 4.49 6.58]
var: 1.5601403055555543
| [0m52       [0m | [0m2.057    [0m | [0m0.009964 [0m | [0m9.732    [0m | [0m0.9647   [0m |
[0.16 0.59 0.66 0.71 0.73 0.76 0.8  0.84 0.87 0.88 0.95 1.01 1.09 1.16
 1.19 1.28 1.31 1.31 1.32 1.44 1.47 1.55 1.62 1.65 1.68 1.68 1.72 1.72
 1.75 1.81 1.91 1.92 1.95 2.04 2.15 2.15 2.15 2.2  2.2  2.41 2.7  2.74
 3.01 3.24 3.26 3.35 3.5  3.6  3.63 3.66 3.83 3.96 3.98 4.11 4.38 4.69
 4.7  5.17 5.35 7.34]
var: 2.0553649722222223
| [95m53       [0m | [95m2.283    [0m | [95m0.2034   [0m | [95m8.975    [0m | [95m1.235    [0m |
[0.01 0.05 0.09 0.11 0.2  0.23 0.25 0.25 0.26 0.27 0.27 0.27 0.27 0.28
 0.3  0.31 0.32 0.33 0.34 0.36 0.41 0.43 0.44 0.46 0.51 0.54 0.57 0.59
 0.63 0.64 0.78 0.8  0.85 0.87 0.89 0.91 0.94 0.95 0.98 0.98 1.01 1.04
 1.08 1.09 1.1  1.15 1.17 1.23 1.27 1.36 1.49 1.57 1.66 1.73 1.75 2.39
 2.78]
var: 0.32916645121575866
| [0m54       [0m | [0m0.7686   [0m | [0m0.00264  [0m | [0m19.62    [0m | [0m2.8      [0m |
[0.02 0.02 0.02 0.04 0.04 0.05 0.05 0.05 0.05 0.06 0.08 0.08 0.08 0.1
 0.12 0.13 0.17 0.17 0.19 0.19 0.2  0.2  0.2  0.22 0.23 0.27 0.29 0.3
 0.31 0.34 0.35 0.36 0.36 0.37 0.38 0.39 0.42 0.43 0.43 0.44 0.46 0.48
 0.49 0.55 0.55 0.57 0.58 0.62 0.66 0.72 0.88 1.11 1.25 1.38 1.42 1.93
 2.05 2.09 2.16]
var: 0.2839018672795177
| [0m55       [0m | [0m0.4771   [0m | [0m0.02341  [0m | [0m47.78    [0m | [0m2.111    [0m |
[0.16 0.3  0.47 0.53 0.64 0.9  0.95 0.98 1.19 1.29 1.34 1.34 1.35 1.37
 1.38 1.41 1.42 1.49 1.51 1.52 1.53 1.56 1.62 1.63 1.72 1.84 1.87 1.91
 1.92 1.95 2.04 2.06 2.06 2.16 2.19 2.21 2.23 2.27 2.28 2.35 2.37 2.41
 2.47 2.57 2.68 2.82 2.87 3.03 3.22 3.29 3.45 3.53 3.77 3.82 3.83 3.95
 3.96 4.24 4.4  4.46]
var: 1.1080648888888882
| [0m56       [0m | [0m2.135    [0m | [0m0.09562  [0m | [0m9.121    [0m | [0m1.131    [0m |
[0.3  0.38 0.44 1.   1.03 1.04 1.12 1.12 1.13 1.15 1.17 1.2  1.21 1.22
 1.22 1.3  1.34 1.39 1.4  1.45 1.47 1.54 1.58 1.6  1.61 1.62 1.65 1.71
 1.72 1.74 1.77 1.83 1.9  2.06 2.08 2.08 2.12 2.16 2.16 2.23 2.39 2.42
 2.5  2.51 2.65 2.72 2.73 2.79 2.79 2.97 3.01 3.04 3.06 3.13 3.13 3.15
 3.25 3.42 5.83 5.98]
var: 1.1052660833333332
| [0m57       [0m | [0m2.029    [0m | [0m0.2818   [0m | [0m9.011    [0m | [0m0.9997   [0m |
[0.41 0.45 0.49 0.53 0.79 0.86 0.94 0.95 1.   1.06 1.08 1.12 1.14 1.16
 1.23 1.25 1.28 1.37 1.45 1.5  1.54 1.6  1.6  1.62 1.67 1.69 1.78 1.79
 1.88 1.89 1.97 2.07 2.22 2.41 2.46 2.47 2.51 2.51 2.6  2.7  2.93 2.96
 3.02 3.2  3.27 3.36 3.37 4.   4.02 4.46 5.71]
var: 1.224569780853518
| [0m58       [0m | [0m1.987    [0m | [0m0.3      [0m | [0m9.174    [0m | [0m1.245    [0m |
[0.12 0.33 0.43 0.49 0.68 0.76 0.8  0.86 0.87 0.89 0.91 0.91 0.96 0.98
 1.02 1.06 1.11 1.15 1.18 1.21 1.22 1.4  1.42 1.5  1.51 1.53 1.54 1.59
 1.6  1.63 1.69 1.75 1.78 1.84 1.89 1.92 1.96 2.03 2.12 2.19 2.19 2.2
 2.31 2.4  2.44 2.45 2.61 2.69 2.82 2.83 2.9  2.99 3.   3.06 3.43 3.68
 3.95 5.03 5.05 6.27]
var: 1.393150305555556
| [0m59       [0m | [0m1.919    [0m | [0m0.2007   [0m | [0m9.799    [0m | [0m1.221    [0m |
[0.   0.01 0.06 0.1  0.14 0.16 0.17 0.18 0.25 0.26 0.27 0.27 0.29 0.3
 0.31 0.38 0.4  0.4  0.45 0.47 0.47 0.51 0.53 0.56 0.57 0.59 0.66 0.7
 0.74 0.77 0.77 0.78 0.78 0.81 0.82 0.82 0.9  0.91 0.91 0.96 1.01 1.03
 1.03 1.04 1.06 1.07 1.28 1.35 1.35 1.37 1.43 1.47 1.5  1.62 1.64 1.76
 1.88 1.97 2.3  2.76]
var: 0.3469887499999996
| [0m60       [0m | [0m0.8225   [0m | [0m0.2598   [0m | [0m17.75    [0m | [0m0.3207   [0m |
[0.29 0.3  0.61 0.65 0.69 0.74 0.8  0.81 0.89 0.94 1.12 1.17 1.22 1.25
 1.25 1.29 1.37 1.38 1.4  1.44 1.45 1.48 1.64 1.66 1.67 1.69 1.73 1.77
 1.78 1.83 1.9  1.9  1.93 1.93 1.97 2.08 2.08 2.1  2.25 2.28 2.32 2.33
 2.5  2.66 2.68 2.69 2.72 2.73 2.84 2.84 2.86 2.97 2.99 3.42 3.63 3.73
 3.96 4.49 4.75]
var: 0.9628868141338701
| [0m61       [0m | [0m1.963    [0m | [0m0.2708   [0m | [0m9.876    [0m | [0m0.807    [0m |
[0.26 0.32 0.32 0.56 0.67 0.71 0.81 0.84 0.88 0.96 1.03 1.04 1.1  1.11
 1.12 1.17 1.17 1.18 1.19 1.23 1.24 1.3  1.33 1.36 1.56 1.56 1.59 1.64
 1.67 1.67 1.73 1.77 1.8  1.81 1.82 1.82 1.85 1.88 1.93 2.17 2.31 2.32
 2.33 2.39 2.4  2.53 2.54 2.61 2.75 2.79 2.88 3.07 3.09 3.29 3.53 4.16
 4.27 5.03 5.08 5.71]
var: 1.3643287499999996
| [0m62       [0m | [0m1.938    [0m | [0m0.2624   [0m | [0m9.451    [0m | [0m0.7838   [0m |
[0.01 0.11 0.15 0.19 0.2  0.21 0.24 0.33 0.35 0.39 0.4  0.48 0.52 0.6
 0.62 0.65 0.68 0.68 0.73 0.79 0.85 0.87 0.87 0.95 1.03 1.1  1.14 1.16
 1.19 1.24 1.25 1.29 1.38 1.4  1.41 1.44 1.48 1.58 1.68 1.69 1.71 1.84
 1.86 1.88 1.95 1.99 1.99 2.03 2.1  2.12 2.18 2.37 2.38 2.53 2.53 2.58
 2.63 2.7  3.15 3.67]
var: 0.7130582222222226
| [0m63       [0m | [0m1.325    [0m | [0m0.02049  [0m | [0m16.73    [0m | [0m0.7521   [0m |
[0.15 0.21 0.4  0.45 0.5  0.56 0.64 0.71 0.71 0.78 0.78 0.86 0.91 1.07
 1.09 1.12 1.13 1.14 1.22 1.22 1.23 1.26 1.26 1.33 1.34 1.36 1.38 1.4
 1.48 1.5  1.56 1.58 1.63 1.77 1.83 1.86 1.87 1.87 1.9  1.94 2.09 2.15
 2.19 2.28 2.29 2.32 2.35 2.35 2.43 2.53 2.62 2.83 3.07 3.16 3.46 3.48
 3.71 4.06 5.11 5.13]
var: 1.1535849722222224
| [0m64       [0m | [0m1.777    [0m | [0m0.1981   [0m | [0m8.931    [0m | [0m1.237    [0m |
[0.3  0.47 0.5  0.81 0.82 0.84 0.85 0.87 0.95 1.02 1.11 1.2  1.21 1.23
 1.28 1.39 1.54 1.55 1.55 1.57 1.58 1.77 1.81 1.85 1.87 1.89 1.92 1.92
 1.95 2.04 2.08 2.08 2.09 2.1  2.15 2.17 2.18 2.18 2.19 2.4  2.43 2.46
 2.5  2.55 2.71 2.79 2.88 2.91 3.01 3.16 3.37 3.53 3.68 3.87 4.06 4.07
 4.08 4.16 4.34 4.56]
var: 1.1045266666666662
| [0m65       [0m | [0m2.14     [0m | [0m0.0844   [0m | [0m9.421    [0m | [0m0.9954   [0m |
[0.02 0.04 0.04 0.09 0.13 0.18 0.25 0.29 0.32 0.32 0.33 0.34 0.39 0.46
 0.48 0.49 0.51 0.57 0.58 0.6  0.61 0.63 0.68 0.76 0.77 0.78 0.78 0.81
 0.83 0.88 0.97 0.99 1.01 1.05 1.07 1.19 1.21 1.24 1.29 1.41 1.51 1.53
 1.56 1.56 1.68 1.77 1.89 1.96 2.07 2.09 2.18 2.3  2.4  2.55 2.8  3.51
 4.32]
var: 0.782461372730071
| [0m66       [0m | [0m1.106    [0m | [0m1e-08    [0m | [0m9.275    [0m | [0m0.8005   [0m |
[0.2  0.29 0.32 0.33 0.33 0.39 0.41 0.47 0.51 0.52 0.53 0.65 0.67 0.68
 0.79 0.79 0.85 0.86 0.89 0.95 1.05 1.23 1.25 1.32 1.44 1.46 1.49 1.59
 1.68 1.92 1.93 2.01 2.14 2.15 2.15 2.24 2.38 2.5  2.53 2.66 2.69 2.7
 2.71 2.84 3.08 3.21 3.32 3.36 3.5  3.52 3.61 3.66 3.88 3.89 4.11 4.25
 5.08 5.33 6.47 7.69]
var: 2.560847638888888
| [0m67       [0m | [0m2.124    [0m | [0m0.05229  [0m | [0m9.199    [0m | [0m1.36     [0m |
[0.02 0.28 0.34 0.41 0.42 0.44 0.45 0.57 0.67 0.68 0.78 0.85 0.86 0.98
 1.04 1.06 1.15 1.15 1.28 1.35 1.38 1.48 1.49 1.5  1.53 1.58 1.6  1.62
 1.68 1.85 1.87 1.88 1.92 1.99 2.08 2.24 2.28 2.29 2.34 2.36 2.41 2.46
 2.48 2.5  2.5  2.54 2.64 2.65 2.66 2.71 2.8  3.01 3.11 3.15 3.32 3.35
 3.51 4.45 5.36 5.87]
var: 1.3669265555555545
| [0m68       [0m | [0m1.92     [0m | [0m0.2951   [0m | [0m9.389    [0m | [0m1.038    [0m |
[0.2  0.24 0.41 0.48 0.5  0.5  0.67 0.83 0.89 0.96 1.02 1.08 1.08 1.19
 1.22 1.22 1.23 1.23 1.3  1.36 1.37 1.41 1.41 1.43 1.47 1.72 1.74 1.93
 1.94 1.99 2.05 2.1  2.18 2.19 2.27 2.31 2.32 2.32 2.39 2.56 2.57 2.67
 2.7  2.77 2.89 2.89 3.11 3.21 3.36 3.43 3.48 3.66 3.86 3.91 4.29 5.12
 5.95 6.71 7.29]
var: 2.2146659006032747
| [0m69       [0m | [0m2.213    [0m | [0m0.1723   [0m | [0m9.073    [0m | [0m1.325    [0m |
[0.03 0.14 0.31 0.52 0.58 0.86 0.89 0.96 0.97 0.97 1.11 1.12 1.13 1.26
 1.31 1.35 1.36 1.43 1.49 1.52 1.55 1.55 1.61 1.61 1.67 1.71 1.77 1.82
 1.82 1.84 1.87 1.88 1.94 2.01 2.01 2.04 2.14 2.29 2.32 2.38 2.4  2.43
 2.44 2.46 2.49 2.58 2.62 2.63 2.69 2.71 2.89 2.94 2.98 3.17 3.57 3.65
 3.73]
var: 0.7118879655278546
| [0m70       [0m | [0m1.851    [0m | [0m0.03634  [0m | [0m9.991    [0m | [0m0.9911   [0m |
[0.13 0.17 0.34 0.4  0.4  0.43 0.49 0.5  0.73 0.76 0.8  0.94 0.96 0.97
 1.   1.03 1.05 1.2  1.24 1.25 1.29 1.3  1.35 1.42 1.55 1.55 1.67 1.74
 1.89 2.04 2.09 2.16 2.22 2.23 2.26 2.28 2.33 2.35 2.35 2.62 2.7  2.71
 2.78 2.79 2.85 2.9  2.92 2.94 2.99 3.05 3.3  3.51 3.97 4.17 4.25 4.29
 5.38 5.52 5.71 6.86]
var: 2.1304936388888884
| [0m71       [0m | [0m2.151    [0m | [0m0.01022  [0m | [0m9.589    [0m | [0m1.107    [0m |
[0.17 0.48 0.51 0.55 0.58 0.59 0.6  0.77 0.79 0.83 0.95 0.99 0.99 1.02
 1.07 1.15 1.19 1.22 1.31 1.34 1.35 1.35 1.37 1.49 1.51 1.62 1.66 1.68
 1.72 1.74 1.75 1.81 1.82 1.92 1.94 2.11 2.19 2.25 2.28 2.31 2.35 2.36
 2.44 2.47 2.47 2.5  2.57 2.59 2.73 3.02 3.06 3.08 3.22 3.23 3.38 3.4
 3.5  4.39 4.42 4.84]
var: 1.0806827500000002
| [0m72       [0m | [0m1.917    [0m | [0m0.09333  [0m | [0m8.84     [0m | [0m0.7062   [0m |
[0.07 0.16 0.4  0.59 0.63 0.69 0.73 0.85 0.86 0.86 0.88 0.91 0.99 1.01
 1.03 1.21 1.22 1.22 1.23 1.25 1.27 1.3  1.33 1.36 1.42 1.43 1.45 1.59
 1.61 1.63 1.66 1.66 1.68 1.72 1.75 1.85 1.89 1.9  2.   2.13 2.4  2.51
 2.69 2.73 2.74 2.74 2.76 2.91 3.02 3.17 3.39 3.45 3.49 3.6  3.86 3.95
 4.06 4.39 4.61 4.86]
var: 1.3365309722222218
| [0m73       [0m | [0m1.946    [0m | [0m0.1348   [0m | [0m20.73    [0m | [0m1.225    [0m |
[0.25 0.31 0.34 0.35 0.35 0.43 0.49 0.58 0.61 0.63 0.63 0.75 0.92 1.
 1.02 1.04 1.05 1.1  1.12 1.22 1.25 1.38 1.38 1.44 1.44 1.45 1.49 1.49
 1.53 1.56 1.6  1.67 1.7  1.71 1.71 1.72 1.74 1.87 1.88 2.06 2.12 2.19
 2.2  2.33 2.43 2.46 2.55 2.63 2.69 2.76 2.76 2.89 2.91 3.15 3.2  3.31
 3.38 4.7  4.7  5.4 ]
var: 1.2239698888888888
| [0m74       [0m | [0m1.784    [0m | [0m0.05923  [0m | [0m20.48    [0m | [0m1.37     [0m |
[0.01 0.04 0.17 0.3  0.44 0.55 0.58 0.58 0.59 0.59 0.63 0.63 0.72 0.76
 0.82 0.91 0.93 0.97 0.99 1.   1.02 1.04 1.05 1.08 1.09 1.1  1.11 1.14
 1.23 1.41 1.65 1.65 1.78 1.79 1.79 1.85 1.88 1.92 2.12 2.22 2.25 2.26
 2.38 2.5  2.66 2.97 3.05 3.06 3.08 3.25 3.69 4.08 4.28 5.12]
var: 1.2808925925925916
| [0m75       [0m | [0m1.607    [0m | [0m0.002643 [0m | [0m20.52    [0m | [0m1.044    [0m |
[0.15 0.25 0.36 0.36 0.37 0.4  0.64 0.65 0.67 0.68 0.7  0.8  0.83 0.88
 0.88 0.88 0.89 0.99 1.04 1.13 1.17 1.19 1.24 1.25 1.28 1.33 1.4  1.43
 1.46 1.5  1.56 1.67 1.71 1.76 1.77 1.81 1.82 1.83 1.84 1.94 2.06 2.07
 2.1  2.19 2.25 2.42 2.44 2.46 2.49 2.53 2.53 2.71 2.9  2.93 3.35 3.46
 3.59 4.06 4.14 8.46]
var: 1.6507409722222226
| [0m76       [0m | [0m1.761    [0m | [0m0.2625   [0m | [0m2.84     [0m | [0m1.025    [0m |
[0.18 0.22 0.52 0.65 0.72 0.8  0.91 0.92 0.92 0.94 0.98 1.01 1.01 1.02
 1.03 1.14 1.19 1.23 1.26 1.33 1.36 1.41 1.42 1.43 1.5  1.52 1.56 1.57
 1.58 1.64 1.71 1.8  1.8  1.93 1.95 2.   2.09 2.1  2.18 2.18 2.19 2.22
 2.32 2.39 2.54 2.57 2.62 2.68 2.7  2.75 2.78 2.82 2.94 3.   3.55 3.6
 3.63 3.67 4.53 5.69]
var: 1.079437222222222
| [0m77       [0m | [0m1.898    [0m | [0m0.00823  [0m | [0m2.567    [0m | [0m0.5984   [0m |
[0.05 0.07 0.14 0.15 0.21 0.23 0.3  0.33 0.34 0.35 0.36 0.39 0.4  0.42
 0.45 0.46 0.49 0.52 0.54 0.55 0.55 0.6  0.6  0.62 0.63 0.63 0.64 0.64
 0.65 0.66 0.7  0.78 0.78 0.81 0.82 0.84 0.85 0.89 0.89 0.96 0.97 0.99
 1.   1.05 1.07 1.08 1.11 1.14 1.15 1.17 1.21 1.21 1.35 1.45 1.48 1.56
 1.71 1.96 2.11 2.5 ]
var: 0.24615288888888864
| [0m78       [0m | [0m0.8093   [0m | [0m0.2416   [0m | [0m37.17    [0m | [0m0.9812   [0m |
[0.   0.05 0.12 0.14 0.21 0.28 0.34 0.48 0.49 0.51 0.58 0.6  0.61 0.64
 0.64 0.8  0.84 0.88 0.93 0.97 0.98 1.01 1.02 1.08 1.1  1.13 1.23 1.24
 1.25 1.29 1.3  1.32 1.35 1.37 1.47 1.49 1.59 1.66 1.69 1.76 1.87 1.89
 1.9  1.9  1.95 1.99 1.99 2.07 2.14 2.21 2.22 2.36 2.38 2.76 2.77 2.9
 3.19 3.36 3.38 3.55]
var: 0.7765865555555551
| [0m79       [0m | [0m1.42     [0m | [0m1e-08    [0m | [0m2.553    [0m | [0m0.9483   [0m |
[0.04 0.07 0.07 0.08 0.1  0.11 0.11 0.14 0.14 0.16 0.17 0.21 0.23 0.24
 0.25 0.25 0.27 0.29 0.35 0.35 0.45 0.46 0.46 0.5  0.52 0.56 0.58 0.59
 0.65 0.67 0.67 0.67 0.76 0.79 0.79 0.8  0.96 0.99 1.03 1.03 1.05 1.06
 1.06 1.07 1.09 1.29 1.31 1.35 1.38 1.39 1.54 1.55 1.55 1.63 2.13 2.48
 2.82 2.84 3.37 3.68]
var: 0.6703222222222224
| [0m80       [0m | [0m0.8867   [0m | [0m0.1353   [0m | [0m40.09    [0m | [0m1.125    [0m |
=============================================================
None
num_trials:  40  inits,  40  iters,  60  per
rho:  50
pthin:  0.0

Best VPT: 2.283166666666668
Best result: {'a': 0.2034132861096823, 'g': 8.975188296374105, 's': 1.2350627795504054}

KERNEL: nu=1.5, lengthscale=2.0, alpha=0.0005
