|   iter    |  target   |     a     |     g     |     s     |
-------------------------------------------------------------
[0.05 0.05 0.09 0.1  0.12 0.12 0.12 0.15 0.16 0.18 0.19 0.19 0.26 0.27
 0.29 0.32 0.39 0.4  0.42 0.43 0.44 0.45 0.45 0.49 0.5  0.55 0.57 0.64
 0.75 0.76 0.82 0.82 0.84 0.91 0.92 1.01 1.1  1.11 1.15 1.17 1.22 1.23
 1.42 1.42 1.46 1.5  1.56 1.61 1.75 1.76 1.77 1.86 1.87 2.07 2.3  2.37
 2.44 2.53 2.62 3.78]
var: 0.6520827499999997
| [0m1        [0m | [0m0.9715   [0m | [0m0.2901   [0m | [0m19.44    [0m | [0m2.926    [0m |
[0.05 0.07 0.08 0.11 0.12 0.18 0.2  0.22 0.24 0.29 0.3  0.36 0.37 0.38
 0.49 0.52 0.54 0.55 0.57 0.67 0.7  0.76 0.77 0.82 0.96 1.   1.04 1.05
 1.08 1.13 1.32 1.33 1.36 1.38 1.39 1.4  1.43 1.44 1.46 1.5  1.51 1.55
 1.59 1.71 1.71 1.78 1.8  1.81 1.94 2.   2.01 2.01 2.07 2.2  2.29 2.38
 2.72 3.17 3.19 4.03]
var: 0.7441038888888887
| [95m2        [0m | [95m1.218    [0m | [95m0.05642  [0m | [95m34.71    [0m | [95m1.556    [0m |
[0.   0.01 0.02 0.02 0.04 0.06 0.08 0.17 0.21 0.25 0.26 0.26 0.29 0.32
 0.32 0.37 0.38 0.4  0.41 0.44 0.45 0.46 0.48 0.49 0.52 0.54 0.57 0.61
 0.61 0.63 0.69 0.7  0.73 0.75 0.78 0.79 0.8  0.8  1.01 1.01 1.01 1.16
 1.18 1.23 1.24 1.37 1.37 1.39 1.44 1.45 1.56 1.66 1.68 1.8  1.84 1.94
 1.94 2.15 2.71 2.9 ]
var: 0.45312430555555533
| [0m3        [0m | [0m0.8458   [0m | [0m0.04505  [0m | [0m40.98    [0m | [0m2.588    [0m |
[0.03 0.04 0.08 0.09 0.48 0.48 0.48 0.5  0.52 0.54 0.61 0.61 0.66 0.68
 0.72 0.78 0.81 0.82 0.84 0.89 0.9  0.93 0.95 0.96 1.02 1.02 1.11 1.11
 1.17 1.22 1.29 1.3  1.32 1.39 1.42 1.44 1.46 1.46 1.48 1.53 1.55 1.62
 1.65 1.69 1.69 1.95 1.95 1.97 2.01 2.09 2.28 2.38 2.51 2.62 2.64 2.74
 2.78 3.24 3.77]
var: 0.6507647802355645
| [95m4        [0m | [95m1.327    [0m | [95m0.1125   [0m | [95m27.01    [0m | [95m0.6239   [0m |
[0.03 0.03 0.06 0.08 0.09 0.15 0.31 0.35 0.39 0.45 0.47 0.51 0.58 0.62
 0.63 0.67 0.68 0.7  0.73 0.77 0.78 0.79 0.85 0.86 0.87 0.88 0.92 0.98
 1.09 1.11 1.23 1.24 1.27 1.33 1.4  1.41 1.44 1.5  1.59 1.66 1.8  1.89
 1.89 1.91 2.06 2.09 2.12 2.17 2.23 2.25 2.75 3.07 3.14 3.33 3.49 3.65
 6.51]
var: 1.3080103416435822
| [95m5        [0m | [95m1.366    [0m | [95m0.1726   [0m | [95m33.88    [0m | [95m0.7445   [0m |
[0.36 0.37 0.42 0.43 0.52 0.55 0.55 0.56 0.67 0.7  0.7  0.77 0.78 0.83
 0.89 0.9  0.95 0.96 1.01 1.02 1.05 1.07 1.1  1.11 1.11 1.12 1.13 1.13
 1.2  1.23 1.23 1.27 1.32 1.37 1.38 1.39 1.47 1.52 1.55 1.7  1.8  1.81
 1.89 2.01 2.02 2.05 2.1  2.14 2.14 2.28 2.31 2.35 2.45 2.48 2.55 2.7
 3.34 3.59]
var: 0.5420087990487521
| [95m6        [0m | [95m1.403    [0m | [95m0.2157   [0m | [95m31.33    [0m | [95m0.04263  [0m |
[0.01 0.02 0.05 0.18 0.2  0.22 0.22 0.27 0.35 0.38 0.48 0.49 0.55 0.6
 0.61 0.62 0.65 0.67 0.72 0.79 0.8  0.8  0.8  0.81 0.86 0.86 0.9  0.92
 0.93 0.93 1.03 1.08 1.11 1.11 1.12 1.22 1.25 1.27 1.28 1.39 1.39 1.41
 1.42 1.44 1.49 1.56 1.77 1.86 1.92 1.93 2.08 2.33 2.36 2.56 2.86 2.98
 3.02 3.28 4.22 5.02]
var: 0.9942087499999998
| [0m7        [0m | [0m1.258    [0m | [0m0.2885   [0m | [0m30.63    [0m | [0m1.834    [0m |
[0.04 0.09 0.25 0.33 0.36 0.4  0.45 0.54 0.56 0.58 0.71 0.74 0.8  0.85
 0.87 0.9  0.9  1.07 1.14 1.19 1.22 1.23 1.27 1.32 1.39 1.41 1.42 1.7
 1.75 1.8  1.81 1.82 1.86 1.9  1.92 1.96 2.03 2.12 2.14 2.16 2.2  2.23
 2.23 2.27 2.37 2.51 2.58 2.59 2.65 2.77 2.81 2.83 2.94 3.1  3.14 3.18
 3.29 3.62 3.75 4.53]
var: 1.0173183055555552
| [95m8        [0m | [95m1.743    [0m | [95m0.2799   [0m | [95m12.71    [0m | [95m2.164    [0m |
[0.19 0.19 0.24 0.26 0.31 0.33 0.45 0.47 0.55 0.57 0.8  0.81 0.82 0.83
 0.83 0.83 0.87 0.87 0.9  0.91 0.91 1.12 1.13 1.15 1.27 1.29 1.31 1.35
 1.38 1.44 1.44 1.52 1.56 1.57 1.71 1.78 1.81 1.85 1.97 2.06 2.14 2.18
 2.28 2.36 2.48 2.87 2.89 3.1  3.15 3.17 3.3  3.4  4.1  4.1  4.19 4.21
 4.56 4.83 6.47 7.65]
var: 2.3644559999999992
| [95m9        [0m | [95m1.918    [0m | [95m0.2147   [0m | [95m21.7     [0m | [95m1.206    [0m |
[0.01 0.05 0.06 0.1  0.11 0.18 0.28 0.32 0.33 0.42 0.48 0.61 0.62 0.62
 0.66 0.66 0.69 0.73 0.74 0.75 0.77 0.78 0.84 0.87 0.97 1.03 1.05 1.09
 1.11 1.21 1.26 1.28 1.35 1.36 1.39 1.48 1.55 1.56 1.57 1.58 1.72 1.75
 1.82 1.83 1.93 2.   2.07 2.24 2.31 2.34 2.47 2.5  2.56 2.61 2.88 3.
 3.04 3.7  4.41 4.57]
var: 1.0633080833333335
| [0m10       [0m | [0m1.405    [0m | [0m0.2993   [0m | [0m26.24    [0m | [0m1.972    [0m |
[0.02 0.07 0.08 0.27 0.32 0.37 0.38 0.48 0.6  0.63 0.65 0.76 0.79 0.97
 0.97 0.97 0.98 1.27 1.3  1.31 1.41 1.42 1.46 1.46 1.47 1.55 1.59 1.66
 1.71 1.82 1.89 1.95 1.96 1.96 1.96 2.02 2.1  2.12 2.14 2.14 2.2  2.33
 2.57 2.58 2.59 2.62 2.71 2.75 2.75 2.91 3.25 3.32 3.61 3.85 3.87 3.94
 4.47 4.84 4.85 5.9 ]
var: 1.6545716388888883
| [95m11       [0m | [95m1.948    [0m | [95m0.1099   [0m | [95m10.11    [0m | [95m1.696    [0m |
[0.03 0.07 0.1  0.1  0.16 0.22 0.23 0.38 0.4  0.4  0.41 0.45 0.47 0.53
 0.54 0.65 0.71 0.75 0.78 0.79 0.79 0.79 0.81 0.81 0.88 0.99 0.99 1.02
 1.16 1.18 1.2  1.21 1.24 1.3  1.34 1.36 1.48 1.53 1.6  1.73 1.82 1.86
 1.86 1.89 1.92 1.98 1.99 2.   2.08 2.11 2.11 2.23 2.33 2.41 2.45 2.9
 3.57 4.02 4.17 4.48]
var: 1.0268962222222227
| [0m12       [0m | [0m1.363    [0m | [0m0.04387  [0m | [0m4.82     [0m | [0m2.469    [0m |
[0.47 0.69 0.74 0.79 0.97 1.07 1.08 1.14 1.16 1.18 1.28 1.29 1.35 1.39
 1.44 1.48 1.49 1.5  1.57 1.82 1.83 1.95 1.98 2.05 2.07 2.09 2.13 2.16
 2.2  2.21 2.25 2.26 2.47 2.47 2.49 2.64 2.83 2.88 2.89 2.9  2.93 3.01
 3.13 3.14 3.29 3.3  3.49 3.55 3.72 3.79 3.95 4.04 4.17 4.32 4.56 5.33
 5.58 5.66 6.12 7.1 ]
var: 2.04773475
| [95m13       [0m | [95m2.581    [0m | [95m0.2394   [0m | [95m41.51    [0m | [95m0.305    [0m |
[0.17 0.21 0.23 0.26 0.4  0.52 0.6  0.66 0.83 1.04 1.04 1.21 1.23 1.26
 1.27 1.39 1.52 1.53 1.54 1.54 1.61 1.71 1.71 1.71 1.77 1.77 1.78 1.78
 1.82 1.86 1.86 1.88 1.88 1.91 2.   2.03 2.06 2.15 2.16 2.25 2.28 2.31
 2.35 2.43 2.45 2.47 2.49 2.49 2.54 2.95 3.02 3.11 3.26 3.31 3.4  3.43
 3.53 3.93 4.33 5.2 ]
var: 1.0431936388888887
| [0m14       [0m | [0m1.957    [0m | [0m0.2459   [0m | [0m4.535    [0m | [0m0.752    [0m |
[0.02 0.04 0.04 0.1  0.13 0.18 0.19 0.2  0.29 0.3  0.33 0.48 0.49 0.55
 0.55 0.63 0.69 0.74 0.75 0.76 0.85 0.9  1.03 1.09 1.09 1.1  1.12 1.13
 1.13 1.15 1.19 1.22 1.22 1.3  1.33 1.34 1.42 1.47 1.48 1.49 1.56 1.63
 1.71 1.75 1.8  1.88 1.9  1.93 2.   2.05 2.2  2.29 2.41 2.6  2.65 2.99
 3.01 3.05 3.25 4.22]
var: 0.8320727499999997
| [0m15       [0m | [0m1.307    [0m | [0m0.1544   [0m | [0m32.23    [0m | [0m1.771    [0m |
[0.   0.01 0.05 0.07 0.08 0.1  0.1  0.11 0.12 0.13 0.14 0.17 0.21 0.23
 0.29 0.31 0.32 0.33 0.35 0.41 0.43 0.44 0.46 0.47 0.53 0.58 0.63 0.64
 0.64 0.66 0.67 0.68 0.74 0.74 0.79 0.8  0.83 0.84 0.97 0.99 1.01 1.02
 1.08 1.08 1.1  1.1  1.15 1.16 1.16 1.3  1.35 1.4  1.45 1.67 1.94 2.08
 2.1  2.29 2.38 2.4 ]
var: 0.39456266666666656
| [0m16       [0m | [0m0.788    [0m | [0m0.2023   [0m | [0m34.86    [0m | [0m2.928    [0m |
[0.07 0.09 0.15 0.16 0.18 0.2  0.2  0.24 0.25 0.3  0.31 0.35 0.39 0.42
 0.45 0.47 0.48 0.5  0.56 0.56 0.56 0.56 0.58 0.58 0.6  0.61 0.62 0.62
 0.64 0.66 0.68 0.68 0.81 0.83 0.88 0.92 1.07 1.08 1.08 1.14 1.18 1.18
 1.2  1.35 1.37 1.46 1.62 1.62 1.62 1.63 1.67 1.73 1.84 1.97 2.36 2.44
 2.84 2.89 2.99 4.09]
var: 0.6808898888888887
| [0m17       [0m | [0m1.01     [0m | [0m0.266    [0m | [0m32.94    [0m | [0m2.743    [0m |
[0.09 0.11 0.13 0.13 0.17 0.17 0.24 0.24 0.27 0.28 0.29 0.37 0.4  0.46
 0.54 0.6  0.64 0.7  0.71 0.75 0.77 0.84 0.88 0.98 0.99 1.12 1.13 1.18
 1.21 1.24 1.25 1.28 1.36 1.39 1.4  1.46 1.51 1.67 1.69 1.8  1.89 1.94
 1.97 2.01 2.02 2.08 2.09 2.1  2.11 2.23 2.54 2.58 2.65 2.82 2.85 2.96
 3.02 3.36 3.49 3.67]
var: 0.9223365555555552
| [0m18       [0m | [0m1.38     [0m | [0m0.1927   [0m | [0m26.62    [0m | [0m1.77     [0m |
[0.07 0.09 0.11 0.14 0.16 0.17 0.2  0.2  0.21 0.26 0.3  0.34 0.39 0.42
 0.53 0.61 0.63 0.71 0.76 0.83 0.88 0.97 1.09 1.12 1.13 1.16 1.27 1.29
 1.3  1.31 1.32 1.32 1.33 1.34 1.37 1.38 1.4  1.53 1.54 1.56 1.6  1.62
 1.7  1.72 1.79 1.82 1.85 1.87 1.89 1.93 2.39 2.4  2.46 2.49 2.5  2.67
 2.7  2.88 3.35 3.79]
var: 0.7544762222222217
| [0m19       [0m | [0m1.303    [0m | [0m0.2522   [0m | [0m38.18    [0m | [0m0.6607   [0m |
[0.18 0.19 0.29 0.32 0.32 0.35 0.5  0.51 0.73 0.9  0.91 0.93 0.94 1.11
 1.15 1.17 1.19 1.22 1.35 1.42 1.44 1.44 1.45 1.53 1.59 1.62 1.62 1.69
 1.71 1.84 1.97 1.98 2.09 2.1  2.11 2.19 2.19 2.24 2.26 2.37 2.58 2.75
 2.77 2.79 2.85 2.91 2.92 2.95 2.96 2.98 3.04 3.07 3.23 3.25 3.41 3.65
 3.76 3.77 4.36 4.45]
var: 1.1674795555555566
| [0m20       [0m | [0m1.959    [0m | [0m0.1203   [0m | [0m10.83    [0m | [0m1.764    [0m |
[0.   0.05 0.08 0.14 0.16 0.2  0.29 0.3  0.35 0.38 0.4  0.47 0.47 0.48
 0.62 0.63 0.7  0.7  0.75 0.8  0.85 0.86 0.88 0.9  0.9  0.93 0.96 0.96
 1.   1.01 1.04 1.06 1.09 1.13 1.15 1.18 1.18 1.2  1.21 1.22 1.27 1.31
 1.39 1.44 1.48 1.52 1.64 1.86 1.87 1.9  1.97 2.22 2.33 2.43 2.46 2.49
 2.56 2.59 3.03 3.77]
var: 0.634504972222222
| [0m21       [0m | [0m1.17     [0m | [0m0.154    [0m | [0m24.22    [0m | [0m2.879    [0m |
[0.02 0.04 0.05 0.06 0.09 0.12 0.15 0.17 0.21 0.3  0.3  0.34 0.37 0.37
 0.41 0.41 0.41 0.5  0.54 0.54 0.55 0.56 0.59 0.66 0.68 0.7  0.72 0.75
 0.77 0.9  0.92 0.94 0.97 1.05 1.14 1.14 1.16 1.18 1.24 1.29 1.37 1.38
 1.42 1.52 1.55 1.64 1.71 1.75 1.82 1.93 2.   2.06 2.1  2.3  2.34 2.4
 2.86 3.15 3.47 4.65]
var: 0.8689203055555547
| [0m22       [0m | [0m1.112    [0m | [0m0.1082   [0m | [0m42.09    [0m | [0m1.289    [0m |
[0.   0.01 0.03 0.08 0.09 0.09 0.16 0.19 0.22 0.25 0.28 0.32 0.34 0.36
 0.36 0.41 0.44 0.45 0.46 0.48 0.51 0.55 0.56 0.58 0.61 0.61 0.63 0.66
 0.67 0.71 0.73 0.73 0.74 0.82 0.83 0.88 0.94 1.05 1.06 1.14 1.16 1.22
 1.28 1.29 1.35 1.42 1.44 1.45 1.62 1.63 1.68 1.7  2.04 2.08 2.18 2.21
 2.37 2.47 2.53 3.07]
var: 0.5298976666666662
| [0m23       [0m | [0m0.937    [0m | [0m0.2174   [0m | [0m42.38    [0m | [0m2.686    [0m |
[0.05 0.07 0.07 0.07 0.07 0.09 0.11 0.16 0.17 0.26 0.26 0.27 0.31 0.33
 0.39 0.39 0.41 0.43 0.48 0.49 0.49 0.55 0.55 0.57 0.6  0.61 0.63 0.68
 0.69 0.69 0.71 0.79 0.81 0.82 0.84 0.95 1.11 1.18 1.21 1.3  1.3  1.32
 1.34 1.36 1.38 1.4  1.48 1.55 1.61 1.67 1.72 1.73 1.8  1.82 1.83 1.88
 1.92 2.43 3.21 3.27]
var: 0.5423682222222226
| [0m24       [0m | [0m0.9447   [0m | [0m0.2492   [0m | [0m42.72    [0m | [0m1.773    [0m |
[0.02 0.16 0.17 0.35 0.42 0.47 0.5  0.62 0.77 0.96 1.04 1.13 1.15 1.21
 1.24 1.42 1.48 1.52 1.57 1.58 1.61 1.64 1.73 1.74 1.81 1.87 1.91 1.99
 1.99 2.07 2.12 2.13 2.15 2.16 2.2  2.23 2.29 2.4  2.45 2.46 2.5  2.51
 2.51 2.54 2.54 2.57 2.65 2.93 2.93 3.   3.07 3.24 3.57 3.69 3.91 3.99
 4.32 4.71 5.06 5.47]
var: 1.4160962222222218
| [0m25       [0m | [0m2.107    [0m | [0m0.2565   [0m | [0m5.321    [0m | [0m1.009    [0m |
[0.04 0.06 0.08 0.1  0.11 0.14 0.17 0.19 0.2  0.23 0.27 0.29 0.34 0.34
 0.38 0.43 0.43 0.5  0.56 0.56 0.6  0.64 0.65 0.77 0.78 0.82 0.83 0.88
 0.91 0.96 1.01 1.02 1.08 1.09 1.19 1.25 1.41 1.43 1.49 1.5  1.72 1.73
 1.76 1.79 1.91 2.   2.15 2.28 2.4  2.43 2.61 2.62 2.82 2.89 3.17 3.25
 3.32 3.52 3.64 3.93]
var: 1.1284847499999993
| [0m26       [0m | [0m1.295    [0m | [0m0.0177   [0m | [0m30.81    [0m | [0m1.738    [0m |
[0.1  0.16 0.18 0.2  0.24 0.37 0.68 0.71 0.79 0.8  0.92 0.99 1.11 1.12
 1.16 1.27 1.29 1.32 1.38 1.4  1.55 1.57 1.61 1.62 1.68 1.77 1.8  1.82
 1.9  1.96 1.97 2.07 2.16 2.18 2.2  2.21 2.23 2.5  2.56 2.62 2.7  2.75
 2.84 2.85 2.87 2.99 3.15 3.16 3.18 3.24 3.39 3.56 3.85 3.93 3.99 4.38
 4.51 4.54 4.91 6.07]
var: 1.6961080833333333
| [0m27       [0m | [0m2.151    [0m | [0m0.03754  [0m | [0m11.11    [0m | [0m0.8808   [0m |
[0.62 0.69 0.81 1.09 1.62 1.71 1.77 1.77 1.78 1.78 1.82 1.85 1.88 2.01
 2.14 2.17 2.18 2.19 2.35 2.4  2.45 2.47 2.51 2.56 2.67 2.75 2.78 2.8
 2.84 2.89 3.12 3.26 3.27 3.27 3.28 3.31 3.32 3.35 3.36 3.59 3.6  3.62
 3.64 3.66 3.67 3.9  3.95 4.05 4.06 4.21 4.58 4.72 4.75 4.83 4.84 4.96
 5.34 5.46 5.62 5.83]
var: 1.5437069722222219
| [95m28       [0m | [95m3.063    [0m | [95m0.2695   [0m | [95m16.84    [0m | [95m0.1455   [0m |
[0.04 0.07 0.12 0.14 0.15 0.18 0.18 0.21 0.22 0.28 0.31 0.32 0.35 0.4
 0.44 0.44 0.45 0.48 0.57 0.59 0.6  0.65 0.65 0.66 0.67 0.69 0.79 0.85
 0.87 0.9  0.93 0.93 0.96 1.01 1.07 1.23 1.25 1.26 1.29 1.32 1.36 1.38
 1.4  1.45 1.5  1.54 1.58 1.61 1.62 1.68 1.8  1.83 1.96 2.02 2.33 2.57
 3.07 3.96 4.33 4.73]
var: 0.9795428888888894
| [0m29       [0m | [0m1.137    [0m | [0m0.2232   [0m | [0m33.47    [0m | [0m0.6386   [0m |
[0.04 0.19 0.28 0.37 0.4  0.47 0.49 0.5  0.53 0.54 0.58 0.59 0.59 0.63
 0.69 0.75 0.77 0.8  0.94 0.96 0.97 0.99 1.01 1.04 1.07 1.08 1.16 1.21
 1.21 1.23 1.27 1.35 1.36 1.45 1.48 1.5  1.53 1.59 1.65 1.74 1.85 1.87
 1.89 1.94 1.96 2.1  2.11 2.23 2.31 2.34 2.36 2.55 2.67 2.9  3.06 3.31
 3.44 4.37 4.5  4.94]
var: 1.1313405555555553
| [0m30       [0m | [0m1.528    [0m | [0m0.04986  [0m | [0m4.528    [0m | [0m2.77     [0m |
[0.02 0.03 0.05 0.1  0.15 0.16 0.19 0.22 0.22 0.36 0.36 0.41 0.41 0.45
 0.46 0.52 0.52 0.54 0.55 0.58 0.6  0.64 0.78 0.88 0.91 0.94 0.98 0.98
 1.04 1.1  1.18 1.24 1.26 1.34 1.41 1.53 1.57 1.67 1.71 1.79 1.81 1.96
 1.97 1.98 2.06 2.14 2.47 2.6  2.67 2.73 2.74 2.86 2.9  3.02 3.22 3.35
 3.43 3.46 3.52 4.06]
var: 1.1921588888888885
| [0m31       [0m | [0m1.413    [0m | [0m0.03117  [0m | [0m30.59    [0m | [0m0.6637   [0m |
[0.25 0.32 0.34 0.53 0.73 0.75 0.83 0.89 0.91 0.93 0.95 0.96 1.1  1.1
 1.2  1.38 1.53 1.53 1.59 1.66 1.68 1.72 1.74 1.78 1.79 1.8  1.84 1.87
 2.01 2.02 2.08 2.12 2.13 2.17 2.22 2.22 2.22 2.29 2.36 2.37 2.45 2.47
 2.57 2.66 2.67 2.7  2.71 2.91 3.   3.11 3.64 3.67 3.8  3.81 3.93 4.31
 4.58 4.8  4.9  6.76]
var: 1.5934495555555548
| [0m32       [0m | [0m2.189    [0m | [0m0.1035   [0m | [0m8.832    [0m | [0m1.496    [0m |
[0.05 0.12 0.16 0.22 0.28 0.37 0.45 0.49 0.5  0.52 0.52 0.54 0.54 0.56
 0.6  0.66 0.7  0.7  0.71 0.73 0.73 0.74 0.78 0.81 0.82 0.96 0.98 0.98
 1.05 1.05 1.11 1.18 1.21 1.22 1.23 1.28 1.29 1.34 1.4  1.43 1.43 1.49
 1.54 1.59 1.62 1.64 1.65 1.67 1.69 1.81 1.84 1.88 2.06 2.08 2.12 2.14
 2.16 2.17 2.67 3.4 ]
var: 0.4563523333333327
| [0m33       [0m | [0m1.161    [0m | [0m0.2636   [0m | [0m2.563    [0m | [0m2.738    [0m |
[0.   0.01 0.1  0.15 0.18 0.2  0.22 0.23 0.26 0.29 0.31 0.31 0.35 0.36
 0.44 0.47 0.56 0.6  0.64 0.68 0.69 0.73 0.76 0.82 0.84 0.87 0.92 0.94
 0.95 0.96 1.   1.05 1.09 1.09 1.12 1.13 1.13 1.23 1.26 1.29 1.34 1.34
 1.41 1.45 1.49 1.54 1.63 1.64 1.68 1.71 1.78 1.8  1.97 2.03 2.31 2.41
 2.52 2.83 3.11 3.27]
var: 0.5875394166666673
| [0m34       [0m | [0m1.092    [0m | [0m0.03584  [0m | [0m36.97    [0m | [0m2.185    [0m |
[0.06 0.06 0.08 0.1  0.11 0.13 0.13 0.25 0.34 0.4  0.44 0.53 0.57 0.62
 0.63 0.66 0.69 0.72 0.73 0.75 0.78 0.8  0.82 0.83 0.89 0.92 0.92 1.
 1.1  1.13 1.16 1.2  1.24 1.33 1.33 1.35 1.43 1.43 1.44 1.51 1.55 1.63
 1.73 1.74 1.75 1.82 1.89 1.95 2.   2.07 2.18 2.29 2.29 2.31 2.47 2.59
 2.62 2.66 3.35 3.73]
var: 0.7078636388888891
| [0m35       [0m | [0m1.254    [0m | [0m0.1881   [0m | [0m15.25    [0m | [0m2.763    [0m |
[0.04 0.05 0.12 0.19 0.25 0.32 0.47 0.5  0.53 0.55 0.55 0.66 0.75 0.92
 0.92 1.05 1.07 1.12 1.16 1.17 1.22 1.23 1.23 1.27 1.3  1.3  1.34 1.38
 1.38 1.45 1.49 1.5  1.51 1.56 1.59 1.65 1.67 1.68 1.72 1.73 1.74 1.87
 2.07 2.11 2.16 2.25 2.36 2.37 2.41 2.53 2.68 2.82 2.82 3.02 3.32 3.36
 3.98 4.07 4.53 4.65]
var: 1.1458916388888882
| [0m36       [0m | [0m1.645    [0m | [0m0.08379  [0m | [0m16.02    [0m | [0m1.976    [0m |
[0.05 0.06 0.07 0.16 0.2  0.2  0.23 0.28 0.32 0.35 0.37 0.4  0.42 0.45
 0.48 0.48 0.49 0.57 0.58 0.58 0.61 0.62 0.64 0.7  0.72 0.77 0.8  0.81
 0.87 0.91 0.92 0.99 1.19 1.22 1.22 1.28 1.33 1.34 1.34 1.4  1.61 1.65
 1.77 1.83 1.89 2.08 2.13 2.44 2.54 2.66 2.86 2.87 2.97 3.04 3.12 3.13
 3.42 4.25 7.78 8.29]
var: 2.4855309722222203
| [0m37       [0m | [0m1.479    [0m | [0m0.07977  [0m | [0m26.21    [0m | [0m0.3844   [0m |
[0.12 0.41 0.52 0.64 0.85 0.89 1.08 1.17 1.23 1.28 1.41 1.45 1.49 1.49
 1.57 1.64 1.78 1.86 1.95 1.96 1.97 2.05 2.05 2.06 2.06 2.16 2.18 2.2
 2.28 2.28 2.38 2.62 2.64 2.65 2.67 2.69 2.8  2.84 2.88 2.94 3.01 3.01
 3.03 3.04 3.26 3.36 3.39 3.44 3.75 3.76 3.77 4.01 4.05 4.07 4.09 4.4
 5.05 5.12 6.79]
var: 1.5785349612180397
| [0m38       [0m | [0m2.502    [0m | [0m0.2338   [0m | [0m48.67    [0m | [0m0.1823   [0m |
[0.17 0.22 0.23 0.26 0.35 0.46 0.6  0.67 0.71 0.71 0.74 0.75 0.76 0.77
 0.79 0.79 0.84 0.92 0.96 1.02 1.12 1.2  1.24 1.26 1.26 1.28 1.33 1.37
 1.46 1.5  1.55 1.57 1.65 1.66 1.7  1.78 1.79 1.8  1.89 1.92 2.08 2.18
 2.22 2.24 2.43 2.46 2.47 2.52 2.71 2.8  2.98 3.03 3.06 3.17 3.25 3.29
 3.55 3.59 4.1  4.4 ]
var: 1.0622343333333337
| [0m39       [0m | [0m1.693    [0m | [0m0.1141   [0m | [0m21.24    [0m | [0m0.6694   [0m |
[0.03 0.06 0.06 0.11 0.16 0.25 0.26 0.27 0.37 0.42 0.45 0.54 0.56 0.56
 0.57 0.61 0.69 0.72 0.73 0.74 0.76 0.76 0.83 0.83 0.9  0.97 1.   1.03
 1.03 1.07 1.09 1.09 1.27 1.3  1.35 1.36 1.36 1.39 1.39 1.46 1.55 1.62
 1.69 1.69 1.78 1.79 1.87 1.97 2.19 2.43 2.53 2.58 2.83 2.91 2.98 3.12
 3.46 3.52 3.91 3.98]
var: 1.0036988888888894
| [0m40       [0m | [0m1.347    [0m | [0m0.2715   [0m | [0m31.31    [0m | [0m1.249    [0m |
[0.   0.   0.   0.   0.   0.   0.   0.   0.   0.   0.   0.   0.   0.
 0.   0.   0.   0.   0.   0.   0.   0.   0.   0.   0.   0.   0.   0.
 0.   0.   0.   0.   0.   0.   0.   0.   0.   0.   0.01 0.01 0.01 0.01
 0.01 0.01 0.01 0.01 0.02 0.02 0.02 0.02 0.02 0.03 0.03 0.03 0.04 0.04
 0.07 0.07 0.13 0.18]
var: 0.0009522222222222372
| [0m41       [0m | [0m0.01333  [0m | [0m0.3      [0m | [0m16.08    [0m | [0m0.001    [0m |
[0.24 0.36 0.54 0.55 0.71 0.79 0.97 1.1  1.12 1.17 1.32 1.43 1.9  1.9
 1.91 2.14 2.29 2.32 2.53 2.55 2.58 2.59 2.74 2.78 2.84 2.9  2.99 3.1
 3.12 3.16 3.25 3.59 3.61 3.66 3.71 3.8  3.82 3.85 3.9  3.91 3.95 3.95
 4.12 4.17 4.23 4.38 4.49 4.51 4.67 4.77 4.82 4.94 5.08 5.28 5.31 5.34
 6.21 6.34 6.75]
var: 2.5057727664464244
| [95m42       [0m | [95m3.17     [0m | [95m0.2706   [0m | [95m16.91    [0m | [95m0.2316   [0m |
[0.36 0.39 0.4  0.45 0.52 0.58 0.71 0.81 0.82 0.91 0.92 0.93 0.95 0.96
 1.02 1.09 1.11 1.16 1.2  1.21 1.21 1.25 1.27 1.27 1.31 1.31 1.35 1.36
 1.43 1.47 1.53 1.59 1.66 1.68 1.78 1.85 1.86 1.91 1.97 1.98 1.99 2.03
 2.11 2.11 2.3  2.3  2.38 2.93 3.06 3.1  3.12 3.22 3.29 3.38 3.45 3.59
 3.9  3.91 4.06 5.  ]
var: 1.123276972222222
| [0m43       [0m | [0m1.813    [0m | [0m0.2473   [0m | [0m17.15    [0m | [0m0.05222  [0m |
[0.09 0.1  0.18 0.24 0.25 0.44 0.71 0.79 0.82 0.84 0.86 0.91 0.99 1.12
 1.14 1.22 1.23 1.25 1.27 1.33 1.33 1.34 1.35 1.35 1.36 1.44 1.5  1.55
 1.59 1.6  1.63 1.64 1.69 1.74 1.77 1.77 1.77 1.79 1.81 1.83 1.87 1.97
 1.97 2.01 2.11 2.14 2.22 2.24 2.27 2.37 2.54 2.56 2.83 2.9  2.96 2.96
 3.11 3.14 3.53 4.85]
var: 0.7915098888888885
| [0m44       [0m | [0m1.67     [0m | [0m0.03011  [0m | [0m9.521    [0m | [0m2.348    [0m |
[0.18 0.25 0.27 0.3  0.35 0.43 0.48 0.5  0.56 0.62 0.63 0.78 0.79 0.84
 0.89 0.92 0.95 0.96 1.05 1.05 1.06 1.07 1.07 1.07 1.08 1.11 1.12 1.12
 1.15 1.18 1.19 1.28 1.29 1.3  1.3  1.38 1.39 1.67 1.73 1.74 1.85 1.87
 1.94 1.97 1.97 1.98 2.02 2.09 2.13 2.19 2.23 2.24 2.56 2.64 2.72 2.79
 3.01 3.05 3.35 3.46]
var: 0.6557506666666666
| [0m45       [0m | [0m1.436    [0m | [0m0.138    [0m | [0m2.007    [0m | [0m0.6798   [0m |
[0.49 0.53 0.61 0.7  0.71 0.76 0.85 0.91 0.93 0.99 0.99 1.01 1.03 1.08
 1.22 1.23 1.39 1.42 1.49 1.68 1.79 1.81 1.88 1.89 1.96 2.11 2.18 2.32
 2.35 2.43 2.54 2.65 2.79 2.93 2.96 2.97 2.98 2.99 3.   3.08 3.13 3.17
 3.37 3.45 3.45 3.59 3.62 3.67 3.69 3.77 3.96 4.24 4.31 4.33 4.96 5.13
 5.37 5.4  5.67 5.72]
var: 2.049178083333333
| [0m46       [0m | [0m2.561    [0m | [0m0.2045   [0m | [0m16.82    [0m | [0m0.3309   [0m |
[0.   0.08 0.1  0.1  0.12 0.2  0.21 0.22 0.26 0.46 0.53 0.55 0.56 0.57
 0.64 0.66 0.71 0.75 0.75 0.76 0.77 0.78 0.79 0.84 0.86 0.89 0.93 0.94
 0.96 1.03 1.14 1.15 1.23 1.23 1.23 1.26 1.31 1.37 1.43 1.47 1.47 1.53
 1.77 1.92 1.94 2.08 2.1  2.1  2.16 2.2  2.23 2.37 2.38 2.56 2.7  3.48
 4.15 4.15 4.57 5.4 ]
var: 1.306808333333333
| [0m47       [0m | [0m1.385    [0m | [0m0.1058   [0m | [0m29.63    [0m | [0m1.937    [0m |
[0.06 0.23 0.28 0.35 0.41 0.43 0.5  0.51 0.55 0.55 0.63 0.75 0.8  0.8
 0.85 0.85 0.86 0.87 0.89 0.94 0.94 0.95 0.96 1.03 1.03 1.13 1.13 1.13
 1.2  1.3  1.32 1.33 1.39 1.53 1.56 1.56 1.59 1.66 1.72 1.77 1.77 1.78
 1.86 1.93 1.94 1.96 2.02 2.1  2.12 2.2  2.24 2.4  2.4  2.73 2.77 2.96
 2.97 3.1  3.2  3.34]
var: 0.6654414166666666
| [0m48       [0m | [0m1.436    [0m | [0m0.05151  [0m | [0m25.74    [0m | [0m1.299    [0m |
[0.42 0.58 0.72 0.91 1.25 1.29 1.4  1.49 1.54 1.55 1.79 1.79 1.89 1.95
 2.   2.01 2.3  2.38 2.42 2.43 2.46 2.49 2.5  2.53 2.54 2.71 2.75 2.79
 2.82 2.88 2.88 2.94 2.95 3.07 3.08 3.11 3.12 3.12 3.16 3.24 3.29 3.31
 3.39 3.41 3.64 3.8  3.93 4.04 4.05 4.39 4.46 4.51 4.62 4.68 4.7  4.96
 5.4  5.71 6.9  7.  ]
var: 1.9162728888888885
| [0m49       [0m | [0m2.991    [0m | [0m0.2993   [0m | [0m17.01    [0m | [0m0.2747   [0m |
[0.04 0.15 0.24 0.26 0.36 0.37 0.42 0.43 0.47 0.54 0.61 0.69 0.72 0.72
 0.73 0.81 0.89 0.91 0.98 1.25 1.29 1.4  1.41 1.53 1.56 1.6  1.65 1.73
 1.8  1.83 1.88 1.92 1.93 1.99 2.01 2.02 2.09 2.16 2.18 2.26 2.29 2.35
 2.41 2.43 2.48 2.48 2.63 2.73 2.76 2.77 2.78 2.79 2.79 2.87 2.9  2.95
 3.01 3.22 3.74 5.32]
var: 1.0812203055555563
| [0m50       [0m | [0m1.759    [0m | [0m0.1369   [0m | [0m10.8     [0m | [0m1.769    [0m |
[0.01 0.03 0.1  0.23 0.26 0.27 0.35 0.41 0.41 0.48 0.52 0.66 0.66 0.67
 0.67 0.7  0.73 0.75 0.76 0.81 0.85 0.86 0.94 0.96 0.97 0.97 1.05 1.09
 1.1  1.13 1.13 1.21 1.29 1.31 1.31 1.33 1.37 1.4  1.55 1.61 1.63 1.66
 1.78 1.87 1.91 1.93 1.94 2.01 2.03 2.06 2.13 2.38 2.48 2.63 2.67 2.73
 2.93 2.96 3.51 3.52]
var: 0.7309036388888887
| [0m51       [0m | [0m1.328    [0m | [0m0.2182   [0m | [0m16.04    [0m | [0m2.891    [0m |
[0.   0.12 0.12 0.17 0.22 0.29 0.29 0.33 0.35 0.36 0.45 0.45 0.52 0.53
 0.54 0.55 0.59 0.65 0.67 0.67 0.69 0.75 0.79 0.82 0.83 0.83 0.85 0.87
 0.87 0.88 0.89 1.05 1.09 1.28 1.29 1.3  1.3  1.31 1.33 1.38 1.44 1.55
 1.57 1.57 1.6  1.61 1.67 1.85 1.89 1.89 1.93 2.16 2.18 2.55 2.56 2.65
 3.15 3.74 4.44 4.8 ]
var: 0.9934336388888896
| [0m52       [0m | [0m1.251    [0m | [0m0.01707  [0m | [0m24.67    [0m | [0m2.069    [0m |
[0.33 0.53 0.94 1.1  1.18 1.26 1.29 1.44 1.53 1.61 1.65 1.72 1.82 1.92
 1.97 2.17 2.18 2.25 2.33 2.33 2.36 2.52 2.7  2.81 2.89 3.   3.06 3.17
 3.23 3.36 3.37 3.48 3.52 3.67 3.67 3.75 3.77 3.8  3.81 3.82 3.86 3.88
 4.04 4.04 4.23 4.24 4.38 4.41 4.56 4.81 4.91 5.02 5.08 5.18 5.22 5.23
 6.2  6.45 8.49 8.59]
var: 2.87074141666667
| [95m53       [0m | [95m3.336    [0m | [95m0.109    [0m | [95m16.84    [0m | [95m0.1314   [0m |
[0.   0.   0.02 0.04 0.05 0.05 0.05 0.05 0.05 0.06 0.09 0.09 0.11 0.11
 0.12 0.14 0.15 0.18 0.19 0.2  0.22 0.22 0.22 0.22 0.23 0.23 0.24 0.26
 0.26 0.26 0.26 0.3  0.3  0.33 0.35 0.35 0.37 0.38 0.42 0.43 0.44 0.44
 0.45 0.49 0.51 0.51 0.54 0.57 0.58 0.67 0.68 0.73 0.73 0.81 0.81 0.82
 0.83 0.98 1.11 1.13]
var: 0.07993697222222217
| [0m54       [0m | [0m0.3572   [0m | [0m0.1892   [0m | [0m0.1133   [0m | [0m1.736    [0m |
[0.   0.02 0.18 0.22 0.26 0.28 0.29 0.31 0.36 0.41 0.51 0.54 0.6  0.63
 0.7  0.84 1.1  1.12 1.15 1.15 1.21 1.21 1.22 1.29 1.34 1.4  1.4  1.43
 1.43 1.48 1.53 1.57 1.72 1.79 1.82 1.96 2.05 2.06 2.1  2.13 2.14 2.33
 2.38 2.51 2.59 2.64 2.68 2.82 2.83 2.99 3.24 3.26 3.39 3.49 3.52 3.55
 4.86 4.94 5.31 5.37]
var: 1.7351020833333333
| [0m55       [0m | [0m1.828    [0m | [0m0.1017   [0m | [0m16.38    [0m | [0m1.648    [0m |
[0.13 0.14 0.22 0.29 0.3  0.31 0.31 0.45 0.46 0.55 0.6  0.62 0.75 0.76
 0.8  0.83 1.04 1.08 1.11 1.13 1.16 1.2  1.21 1.21 1.24 1.34 1.34 1.35
 1.36 1.38 1.38 1.39 1.57 1.57 1.62 1.65 1.94 1.96 1.96 1.96 2.01 2.11
 2.15 2.17 2.2  2.22 2.26 2.28 2.35 2.4  2.49 2.52 2.57 2.64 2.82 3.16
 3.3  3.65 3.82 3.82]
var: 0.8735916388888885
| [0m56       [0m | [0m1.577    [0m | [0m0.03346  [0m | [0m1.892    [0m | [0m0.8703   [0m |
[0.04 0.1  0.38 0.42 0.46 0.54 0.63 0.66 0.73 0.82 0.98 1.   1.03 1.06
 1.08 1.08 1.11 1.12 1.16 1.2  1.26 1.34 1.47 1.47 1.53 1.55 1.7  1.82
 1.99 2.   2.04 2.15 2.23 2.23 2.27 2.43 2.47 2.47 2.47 2.61 2.65 2.69
 2.92 3.15 3.36 3.4  3.61 3.61 3.69 3.78 3.82 3.86 3.92 4.05 4.06 4.31
 4.5  5.29 5.46 7.65]
var: 2.2556826666666656
| [0m57       [0m | [0m2.248    [0m | [0m0.09434  [0m | [0m6.149    [0m | [0m1.251    [0m |
[1.25 1.81 2.   2.08 2.16 2.18 2.23 2.31 2.32 2.39 2.7  2.84 2.92 2.92
 2.94 3.07 3.12 3.15 3.16 3.17 3.17 3.23 3.33 3.34 3.35 3.39 3.39 3.48
 3.51 3.6  3.75 3.84 3.88 3.94 4.03 4.09 4.09 4.15 4.17 4.56 4.78 4.82
 4.9  4.92 4.93 4.98 5.21 5.23 5.24 5.27 5.44 5.82 5.85 5.88 6.49 6.49
 6.61 7.04 7.1  9.46]
var: 2.39931475
| [95m58       [0m | [95m4.025    [0m | [95m0.08971  [0m | [95m16.96    [0m | [95m0.21     [0m |
[0.19 0.37 0.52 0.57 0.59 0.63 0.79 0.8  1.11 1.12 1.23 1.25 1.36 1.49
 1.56 1.63 1.79 1.82 1.9  2.07 2.11 2.14 2.15 2.24 2.26 2.34 2.37 2.59
 2.63 2.79 2.82 2.88 3.14 3.15 3.17 3.21 3.45 3.46 3.47 3.51 3.58 3.63
 3.8  3.84 3.84 3.87 3.99 4.11 4.38 4.49 4.5  4.59 4.85 5.18 5.41 5.52
 6.55 6.74 7.06 8.  ]
var: 3.060992222222224
| [0m59       [0m | [0m2.943    [0m | [0m0.05712  [0m | [0m16.99    [0m | [0m0.3303   [0m |
[0.98 1.03 1.14 1.25 1.39 1.45 1.52 1.62 1.66 1.78 1.83 1.89 1.89 2.01
 2.02 2.02 2.19 2.35 2.44 2.47 2.49 2.57 2.62 2.68 2.73 2.81 2.94 3.01
 3.1  3.11 3.22 3.28 3.29 3.35 3.37 3.37 3.47 3.5  3.61 3.62 3.67 3.74
 3.82 3.88 3.98 4.01 4.03 4.14 4.14 4.18 4.23 4.47 4.5  4.57 5.08 5.08
 5.14 5.57 6.31 7.48]
var: 1.75461275
| [0m60       [0m | [0m3.152    [0m | [0m0.09388  [0m | [0m16.95    [0m | [0m0.1442   [0m |
[0.03 0.12 0.24 0.33 0.35 0.36 0.37 0.47 0.5  0.55 0.66 0.67 0.68 0.72
 0.77 0.78 0.8  0.81 0.84 0.96 0.97 1.03 1.11 1.12 1.2  1.2  1.34 1.35
 1.36 1.47 1.49 1.54 1.55 1.58 1.6  1.63 1.63 1.7  1.71 1.75 1.78 1.8
 1.88 2.09 2.4  2.48 2.49 2.5  2.62 2.78 2.78 2.95 2.96 2.96 3.28 3.29
 3.47 3.76 3.87 3.9 ]
var: 1.0352632222222218
| [0m61       [0m | [0m1.59     [0m | [0m0.2663   [0m | [0m12.7     [0m | [0m2.135    [0m |
[0.27 0.38 1.06 1.11 1.2  1.65 1.78 1.86 1.97 2.05 2.25 2.27 2.27 2.29
 2.33 2.36 2.53 2.56 2.57 2.64 2.66 2.83 2.85 2.88 2.89 2.91 2.92 3.01
 3.14 3.14 3.15 3.18 3.32 3.39 3.47 3.48 3.58 3.59 3.69 3.92 4.12 4.21
 4.29 4.3  4.58 4.62 4.63 4.73 4.96 5.01 5.56 5.6  5.95 6.31 6.35 6.8 ]
var: 2.094917729591837
| [0m62       [0m | [0m3.275    [0m | [0m0.1245   [0m | [0m16.71    [0m | [0m0.1296   [0m |
[0.03 0.34 0.4  0.43 0.44 0.48 0.51 0.63 0.63 0.64 0.68 0.71 0.72 0.87
 0.92 1.05 1.05 1.19 1.22 1.39 1.5  1.57 1.57 1.6  1.67 1.7  1.72 1.75
 1.75 1.79 1.92 1.95 1.95 2.04 2.16 2.18 2.23 2.25 2.33 2.35 2.4  2.41
 2.5  2.52 2.52 2.57 2.59 2.61 2.67 2.67 2.84 3.13 3.29 3.63 3.66 3.8
 3.99 4.17 4.52 8.51]
var: 1.8259194166666672
| [0m63       [0m | [0m1.989    [0m | [0m0.1669   [0m | [0m7.997    [0m | [0m1.855    [0m |
[ 0.27  0.45  0.52  0.59  1.09  1.43  1.51  1.6   1.64  1.7   1.7   1.76
  1.81  1.85  1.89  1.89  1.95  2.01  2.02  2.06  2.12  2.23  2.31  2.37
  2.37  2.5   2.51  2.65  2.72  2.74  2.75  2.83  2.85  3.08  3.17  3.18
  3.36  3.56  3.57  3.6   3.65  3.74  3.77  3.77  4.15  4.23  4.28  4.32
  4.41  4.43  4.5   4.84  4.89  4.98  4.99  5.45  5.68  5.86  7.27 10.5 ]
var: 3.026094888888889
| [0m64       [0m | [0m3.099    [0m | [0m0.03429  [0m | [0m16.97    [0m | [0m0.3062   [0m |
[0.08 0.13 0.14 0.16 0.28 0.37 0.41 0.46 0.54 0.64 0.65 0.66 0.66 0.68
 0.7  0.76 0.77 0.78 0.78 0.84 0.84 0.95 1.07 1.08 1.1  1.19 1.33 1.39
 1.4  1.49 1.68 1.69 1.74 1.74 1.78 1.8  1.85 1.91 2.   2.02 2.07 2.08
 2.14 2.21 2.23 2.27 2.3  2.69 2.73 2.75 2.77 2.77 3.22 3.48 3.62 3.99
 4.03 4.11 4.34 4.89]
var: 1.368393638888889
| [0m65       [0m | [0m1.687    [0m | [0m0.1372   [0m | [0m17.71    [0m | [0m0.7311   [0m |
[0.1  0.5  0.53 0.74 0.89 1.66 1.72 2.01 2.18 2.23 2.23 2.26 2.34 2.35
 2.39 2.41 2.43 2.49 2.59 2.6  2.67 2.71 2.72 2.83 2.83 2.95 3.   3.07
 3.2  3.22 3.22 3.27 3.3  3.33 3.36 3.37 3.41 3.43 3.52 3.71 3.74 3.76
 3.83 3.9  3.99 4.01 4.03 4.08 4.08 4.11 4.24 4.29 4.31 4.36 4.42 4.78
 5.71 5.87 5.88 6.3 ]
var: 1.6041212222222219
| [0m66       [0m | [0m3.158    [0m | [0m0.1724   [0m | [0m16.96    [0m | [0m0.2593   [0m |
[0.54 0.89 1.79 1.83 1.85 2.59 2.88 2.99 3.06 3.17 3.27 3.3  3.35 3.38
 3.44 3.45 3.45 3.48 3.5  3.54 3.72 3.74 3.8  3.88 3.88 3.9  3.94 3.97
 4.01 4.06 4.12 4.19 4.24 4.3  4.31 4.33 4.34 4.35 4.36 4.43 4.46 4.59
 4.62 4.7  4.76 4.82 4.86 4.95 5.03 5.23 5.41 5.56 5.83 6.09 6.76 6.84
 7.16 7.53]
var: 1.7781248513674202
| [95m67       [0m | [95m4.083    [0m | [95m0.03611  [0m | [95m16.75    [0m | [95m0.1762   [0m |
[1.17 1.35 1.48 1.71 1.77 1.79 2.1  2.2  2.47 2.6  2.67 2.7  2.85 2.97
 3.09 3.1  3.23 3.24 3.29 3.42 3.43 3.49 3.78 4.08 4.08 4.2  4.26 4.28
 4.31 4.39 4.41 4.44 4.7  4.86 4.96 4.96 4.97 5.04 5.04 5.09 5.11 5.12
 5.14 5.18 5.25 5.68 5.83 6.13 6.17 6.4  6.44 6.47 6.48 6.63 6.75 6.8
 6.97 7.68 9.   9.27]
var: 3.297220305555554
| [95m68       [0m | [95m4.441    [0m | [95m0.0109   [0m | [95m16.83    [0m | [95m0.2286   [0m |
[0.16 0.17 0.26 0.37 0.4  0.41 0.5  0.54 0.66 0.7  0.89 0.95 0.97 1.04
 1.13 1.15 1.2  1.21 1.33 1.38 1.55 1.74 1.8  1.85 1.96 1.97 2.05 2.06
 2.07 2.07 2.12 2.19 2.19 2.28 2.43 2.44 2.44 2.44 2.5  2.65 2.7  2.8
 2.8  2.88 2.93 3.02 3.05 3.13 3.14 3.15 3.19 3.27 3.31 3.32 3.35 3.39
 3.54 4.01 4.29 4.61]
var: 1.218390555555555
| [0m69       [0m | [0m2.068    [0m | [0m0.1411   [0m | [0m8.814    [0m | [0m1.518    [0m |
[0.06 0.14 0.25 0.25 0.4  0.4  0.46 0.49 0.5  0.56 0.57 0.59 0.62 0.76
 0.77 0.78 0.96 1.01 1.03 1.12 1.17 1.17 1.18 1.21 1.22 1.25 1.27 1.28
 1.31 1.37 1.41 1.42 1.43 1.51 1.55 1.61 1.62 1.67 1.83 1.84 1.87 1.97
 1.99 2.03 2.05 2.08 2.09 2.15 2.2  2.22 2.31 2.48 2.56 3.07 3.2  3.2
 3.37 3.45 4.15 4.9 ]
var: 0.9898565555555554
| [0m70       [0m | [0m1.556    [0m | [0m0.1642   [0m | [0m15.23    [0m | [0m2.583    [0m |
[0.   0.   0.04 0.44 0.47 0.49 0.5  0.54 0.59 0.71 0.79 0.8  0.81 0.83
 0.84 0.96 1.07 1.12 1.12 1.15 1.15 1.25 1.26 1.28 1.34 1.37 1.43 1.52
 1.59 1.59 1.77 1.81 1.93 1.98 2.   2.06 2.29 2.32 2.32 2.34 2.37 2.38
 2.44 2.49 2.56 2.58 2.59 2.63 2.77 2.86 2.89 2.9  3.64 3.75 4.53 4.88]
var: 1.1384724170918374
| [0m71       [0m | [0m1.717    [0m | [0m1e-08    [0m | [0m16.75    [0m | [0m0.2781   [0m |
[0.46 0.95 0.99 2.05 2.25 2.3  2.37 2.49 2.75 2.78 2.93 3.   3.02 3.03
 3.04 3.05 3.1  3.13 3.17 3.23 3.28 3.31 3.39 3.4  3.51 3.52 3.66 3.83
 3.86 3.87 3.91 4.04 4.23 4.29 4.4  4.45 4.55 4.63 4.67 4.7  4.77 4.83
 4.9  4.92 4.98 5.05 5.12 5.15 5.39 5.43 5.6  5.61 5.86 5.96 7.28 7.53]
var: 1.9367856823979586
| [0m72       [0m | [0m3.892    [0m | [0m0.05585  [0m | [0m17.02    [0m | [0m0.1965   [0m |
[1.26 1.83 1.94 2.   2.03 2.03 2.24 2.34 2.34 2.37 2.62 2.71 2.83 2.85
 2.91 2.92 2.99 3.13 3.19 3.3  3.31 3.37 3.46 3.66 3.66 3.67 3.79 3.83
 3.83 3.97 3.98 4.03 4.09 4.09 4.1  4.19 4.22 4.24 4.32 4.34 4.37 4.39
 4.4  4.53 4.61 4.76 4.79 4.89 5.2  5.25 5.33 5.44 5.87 6.08 7.18 7.69
 7.78 7.78 8.91 8.94]
var: 2.8494469722222218
| [0m73       [0m | [0m4.103    [0m | [0m0.008411 [0m | [0m16.9     [0m | [0m0.1305   [0m |
[ 0.61  0.91  1.27  1.41  1.43  1.45  1.53  1.58  1.73  1.9   1.92  1.99
  2.02  2.09  2.37  2.39  2.5   2.53  2.55  2.76  2.78  2.79  2.84  2.85
  2.85  3.08  3.1   3.11  3.22  3.26  3.46  3.48  3.53  3.65  3.65  3.73
  3.74  3.76  3.78  3.86  3.91  4.06  4.09  4.14  4.14  4.21  4.28  4.31
  4.53  4.54  4.73  4.88  6.04  6.4   6.5   7.35  7.63  7.91 10.11]
var: 3.2578849755817285
| [0m74       [0m | [0m3.512    [0m | [0m0.04407  [0m | [0m16.77    [0m | [0m0.1133   [0m |
[ 0.78  1.4   1.45  1.79  1.88  1.89  2.03  2.06  2.07  2.1   2.13  2.16
  2.23  2.27  2.4   2.49  2.61  2.74  2.79  2.8   2.9   2.98  2.98  3.03
  3.41  3.55  3.57  3.66  3.72  3.77  3.87  3.93  3.96  4.    4.01  4.13
  4.18  4.19  4.23  4.25  4.27  4.36  4.37  4.43  4.87  4.95  4.95  5.29
  5.61  5.65  5.71  6.    6.02  6.95  7.13  7.25  7.33  7.78  8.22 10.3 ]
var: 3.5846669722222217
| [0m75       [0m | [0m3.964    [0m | [0m0.06748  [0m | [0m17.15    [0m | [0m0.2275   [0m |
[0.04 0.05 0.13 0.16 0.17 0.17 0.18 0.22 0.23 0.24 0.24 0.26 0.31 0.32
 0.34 0.35 0.38 0.71 0.73 0.76 0.79 0.86 0.88 0.92 1.15 1.25 1.3  1.41
 1.41 1.47 1.63 1.75 1.78 1.8  1.87 1.97 2.01 2.11 2.13 2.16 2.39 2.39
 2.5  2.53 2.53 2.57 2.67 2.78 2.81 3.   3.18 3.36 3.52 3.88 4.11 4.3
 5.97]
var: 1.6933581409664507
| [0m76       [0m | [0m1.599    [0m | [0m0.04724  [0m | [0m17.17    [0m | [0m0.3777   [0m |
[0.   0.02 0.03 0.05 0.12 0.12 0.16 0.16 0.17 0.21 0.3  0.31 0.33 0.37
 0.39 0.46 0.5  0.51 0.52 0.56 0.58 0.6  0.63 0.72 0.79 0.79 0.8  0.88
 0.88 0.89 0.9  0.94 0.94 0.98 1.05 1.09 1.12 1.14 1.23 1.29 1.33 1.36
 1.41 1.66 1.71 1.72 1.87 1.89 2.11 2.2  2.35 2.37 2.49 2.55 2.68 2.8
 2.97 3.23 3.3  3.36]
var: 0.8542149722222224
| [0m77       [0m | [0m1.148    [0m | [0m0.2387   [0m | [0m49.24    [0m | [0m0.982    [0m |
[0.   0.01 0.04 0.05 0.05 0.07 0.09 0.09 0.1  0.1  0.11 0.12 0.12 0.14
 0.19 0.22 0.29 0.4  0.42 0.42 0.43 0.45 0.46 0.51 0.53 0.61 0.63 0.65
 0.68 0.69 0.69 0.76 0.77 0.78 0.78 0.8  0.86 0.86 0.89 0.93 0.98 1.05
 1.13 1.17 1.2  1.22 1.25 1.31 1.32 1.32 1.38 1.56 1.56 1.61 1.81 1.94
 2.01 2.14 2.3  2.49]
var: 0.39909122222222254
| [0m78       [0m | [0m0.7923   [0m | [0m0.03865  [0m | [0m43.54    [0m | [0m2.643    [0m |
[0.75 1.16 1.47 1.52 1.58 1.65 1.89 2.19 2.31 2.32 2.46 2.61 2.88 3.09
 3.13 3.14 3.15 3.15 3.17 3.18 3.21 3.41 3.51 3.52 3.56 3.57 3.57 3.65
 3.66 3.77 3.91 3.96 4.01 4.02 4.03 4.07 4.08 4.09 4.11 4.13 4.23 4.24
 4.36 4.38 4.42 4.48 4.5  4.59 4.72 4.73 4.79 4.87 5.35 5.62 5.77 6.06
 6.55 6.76 6.91 8.79]
var: 2.134706222222223
| [0m79       [0m | [0m3.813    [0m | [0m0.1089   [0m | [0m16.84    [0m | [0m0.1951   [0m |
[0.03 0.03 0.07 0.09 0.13 0.14 0.14 0.16 0.19 0.25 0.26 0.26 0.27 0.28
 0.3  0.32 0.34 0.35 0.36 0.4  0.42 0.43 0.47 0.49 0.49 0.52 0.55 0.56
 0.64 0.72 0.76 0.77 0.77 0.79 0.82 0.82 0.87 0.98 1.06 1.09 1.15 1.17
 1.19 1.24 1.24 1.25 1.26 1.45 1.82 1.88 2.2  2.33 2.52 2.65 2.66 2.69
 2.83 2.9  3.4  4.35]
var: 0.9138580833333328
| [0m80       [0m | [0m1.01     [0m | [0m0.1094   [0m | [0m43.75    [0m | [0m0.5252   [0m |
=============================================================
None
num_trials:  40  inits,  40  iters,  60  per
rho:  10
pthin:  0.60

Best VPT: 4.441166666666667
Best result: {'a': 0.010897860162059417, 'g': 16.83178394800635, 's': 0.22860248859374813}

KERNEL: nu=1.5, lengthscale=2.0, alpha=0.0005
