|   iter    |  target   |     a     |     g     |     s     |
-------------------------------------------------------------
[0.03 0.06 0.25 0.25 0.29 0.29 0.31 0.31 0.34 0.34 0.36 0.36 0.36 0.38
 0.39 0.42 0.49 0.5  0.51 0.56 0.56 0.61 0.63 0.65 0.66 0.66 0.67 0.69
 0.69 0.7  0.74 0.74 0.75 0.75 0.78 0.82 0.82 0.86 0.9  0.99 1.   1.03
 1.04 1.04 1.06 1.07 1.08 1.19 1.24 1.25 1.31 1.32 1.36 1.38 1.39 1.41
 1.68 1.78 2.05 2.57]
var: 0.2360426666666667
| [0m1        [0m | [0m0.812    [0m | [0m0.2734   [0m | [0m6.881    [0m | [0m1.138    [0m |
[0.01 0.02 0.09 0.1  0.1  0.11 0.13 0.14 0.15 0.17 0.18 0.2  0.2  0.26
 0.28 0.37 0.39 0.39 0.44 0.46 0.47 0.49 0.52 0.53 0.54 0.54 0.61 0.64
 0.65 0.67 0.68 0.74 0.74 0.75 0.76 0.76 0.77 0.79 0.86 0.89 0.92 0.92
 0.97 0.99 1.08 1.16 1.29 1.29 1.37 1.39 1.42 1.5  1.51 1.51 1.62 1.84
 2.   2.   2.02 2.76]
var: 0.3541909722222219
| [0m2        [0m | [0m0.7858   [0m | [0m0.164    [0m | [0m14.29    [0m | [0m2.941    [0m |
[0.27 0.36 0.45 0.51 0.52 0.56 0.57 0.58 0.59 0.6  0.68 0.68 0.69 0.73
 0.74 0.8  0.82 0.82 0.84 0.85 0.86 0.91 0.92 0.95 0.99 1.05 1.06 1.07
 1.08 1.13 1.14 1.16 1.19 1.21 1.27 1.29 1.32 1.32 1.35 1.36 1.37 1.37
 1.4  1.46 1.54 1.63 1.64 1.66 1.66 1.69 1.69 1.74 1.75 1.81 1.86 2.27
 2.39 2.65 3.08 3.93]
var: 0.434061555555555
| [95m3        [0m | [95m1.231    [0m | [95m0.2877   [0m | [95m44.25    [0m | [95m0.2767   [0m |
[0.02 0.02 0.03 0.05 0.12 0.17 0.26 0.26 0.27 0.29 0.29 0.32 0.34 0.38
 0.39 0.43 0.63 0.67 0.67 0.7  0.7  0.72 0.76 0.77 0.79 0.83 0.87 0.9
 0.94 0.96 1.   1.04 1.06 1.09 1.13 1.18 1.23 1.23 1.24 1.26 1.27 1.28
 1.29 1.32 1.34 1.4  1.4  1.43 1.45 1.48 1.51 1.54 1.59 1.65 1.67 1.68
 1.69 1.8  1.84 2.83]
var: 0.32757030555555544
| [0m4        [0m | [0m0.9578   [0m | [0m0.1315   [0m | [0m9.676    [0m | [0m0.9391   [0m |
[0.01 0.06 0.07 0.07 0.11 0.13 0.15 0.18 0.19 0.21 0.23 0.26 0.27 0.28
 0.28 0.3  0.41 0.42 0.43 0.45 0.45 0.49 0.56 0.57 0.59 0.6  0.6  0.61
 0.64 0.66 0.67 0.68 0.73 0.73 0.74 0.79 0.82 0.84 0.85 0.87 0.9  0.91
 0.99 1.03 1.05 1.12 1.18 1.35 1.36 1.38 1.38 1.42 1.42 1.76 1.9  1.95
 2.18 2.23 2.68 2.82]
var: 0.41669497222222207
| [0m5        [0m | [0m0.8168   [0m | [0m0.2645   [0m | [0m28.75    [0m | [0m0.7966   [0m |
[0.01 0.02 0.04 0.08 0.13 0.15 0.15 0.22 0.28 0.39 0.4  0.41 0.54 0.58
 0.58 0.58 0.59 0.62 0.63 0.65 0.67 0.68 0.7  0.7  0.75 0.76 0.79 0.81
 0.84 0.85 0.88 0.88 0.91 0.94 0.95 0.99 1.01 1.07 1.07 1.07 1.09 1.11
 1.12 1.14 1.18 1.2  1.21 1.22 1.24 1.26 1.46 1.55 1.59 1.7  1.74 2.1
 2.15 2.59 2.62 3.22]
var: 0.4136812222222224
| [0m6        [0m | [0m0.9477   [0m | [0m0.2556   [0m | [0m11.11    [0m | [0m1.501    [0m |
[0.   0.   0.   0.01 0.07 0.1  0.11 0.11 0.15 0.15 0.16 0.18 0.19 0.2
 0.24 0.25 0.3  0.3  0.34 0.36 0.37 0.4  0.42 0.43 0.44 0.44 0.49 0.5
 0.57 0.62 0.65 0.68 0.69 0.71 0.74 0.74 0.75 0.79 0.82 0.83 0.89 0.93
 1.06 1.15 1.18 1.18 1.19 1.21 1.25 1.27 1.28 1.29 1.41 1.46 1.56 1.69
 1.71 1.93 2.45 3.34]
var: 0.41054808333333376
| [0m7        [0m | [0m0.7455   [0m | [0m0.2792   [0m | [0m42.71    [0m | [0m1.692    [0m |
[0.02 0.02 0.03 0.04 0.06 0.11 0.12 0.17 0.28 0.34 0.34 0.35 0.4  0.4
 0.43 0.45 0.56 0.57 0.57 0.58 0.59 0.61 0.61 0.61 0.61 0.67 0.71 0.71
 0.77 0.81 0.83 0.84 0.9  0.91 0.94 0.96 1.01 1.07 1.1  1.11 1.21 1.27
 1.31 1.32 1.35 1.41 1.43 1.48 1.54 1.55 1.57 1.77 1.78 1.83 1.86 1.97
 2.07 2.08 2.33 2.88]
var: 0.41594433333333325
| [0m8        [0m | [0m0.937    [0m | [0m0.1185   [0m | [0m23.07    [0m | [0m1.469    [0m |
[0.   0.01 0.01 0.02 0.06 0.07 0.1  0.11 0.14 0.21 0.4  0.44 0.46 0.47
 0.54 0.54 0.57 0.57 0.59 0.6  0.61 0.62 0.63 0.65 0.67 0.68 0.69 0.71
 0.75 0.76 0.8  0.83 0.83 0.85 0.87 0.88 0.91 0.91 1.02 1.03 1.05 1.11
 1.15 1.15 1.2  1.22 1.36 1.36 1.38 1.41 1.42 1.42 1.53 1.53 1.67 1.72
 1.73 1.75 2.08 2.79]
var: 0.3190228888888892
| [0m9        [0m | [0m0.8607   [0m | [0m0.2655   [0m | [0m26.53    [0m | [0m1.511    [0m |
[0.   0.   0.   0.   0.   0.   0.   0.   0.   0.   0.03 0.03 0.06 0.06
 0.06 0.06 0.08 0.09 0.09 0.1  0.11 0.11 0.11 0.13 0.15 0.15 0.16 0.17
 0.18 0.18 0.18 0.2  0.22 0.22 0.23 0.23 0.24 0.28 0.28 0.29 0.3  0.31
 0.31 0.35 0.37 0.39 0.4  0.44 0.45 0.45 0.47 0.47 0.51 0.53 0.54 0.54
 0.59 0.65 0.67 0.7 ]
var: 0.03896933333333332
| [0m10       [0m | [0m0.232    [0m | [0m0.1805   [0m | [0m0.1568   [0m | [0m0.7155   [0m |
[0.   0.07 0.1  0.1  0.12 0.16 0.17 0.18 0.2  0.24 0.3  0.32 0.32 0.32
 0.38 0.38 0.41 0.44 0.46 0.46 0.5  0.53 0.53 0.55 0.63 0.7  0.72 0.75
 0.76 0.78 0.81 0.93 0.95 0.96 1.02 1.17 1.18 1.2  1.25 1.27 1.27 1.27
 1.32 1.46 1.49 1.53 1.54 1.61 1.63 1.69 1.72 1.75 1.97 1.98 2.01 2.03
 2.16 2.21 2.6  2.71]
var: 0.481826972222222
| [0m11       [0m | [0m0.9712   [0m | [0m0.06069  [0m | [0m23.44    [0m | [0m1.193    [0m |
[0.01 0.02 0.05 0.08 0.1  0.1  0.18 0.24 0.27 0.28 0.29 0.34 0.36 0.41
 0.47 0.52 0.54 0.57 0.58 0.58 0.67 0.72 0.72 0.76 0.76 0.78 0.89 0.91
 0.91 0.94 0.98 1.01 1.09 1.13 1.18 1.22 1.3  1.3  1.39 1.54 1.57 1.58
 1.76 1.8  1.84 1.94 1.94 1.97 2.13 2.16 2.18 2.36 2.53 2.56 2.62 2.64
 2.79 3.2  3.48 3.59]
var: 0.8527436388888892
| [0m12       [0m | [0m1.214    [0m | [0m0.009069 [0m | [0m7.36     [0m | [0m1.412    [0m |
[0.03 0.08 0.1  0.19 0.2  0.23 0.26 0.29 0.32 0.32 0.36 0.55 0.55 0.56
 0.57 0.59 0.66 0.7  0.71 0.71 0.75 0.8  0.8  0.81 0.83 0.85 0.85 0.87
 0.88 0.89 0.91 0.92 0.98 0.99 1.07 1.11 1.13 1.16 1.17 1.18 1.22 1.22
 1.26 1.31 1.34 1.45 1.47 1.51 1.53 1.6  1.68 1.78 1.93 1.93 1.96 2.01
 2.16 2.18 2.67 3.28]
var: 0.42833322222222203
| [0m13       [0m | [0m1.04     [0m | [0m0.2011   [0m | [0m25.52    [0m | [0m1.789    [0m |
[0.   0.   0.   0.05 0.06 0.08 0.11 0.2  0.24 0.27 0.28 0.28 0.31 0.33
 0.36 0.37 0.4  0.42 0.45 0.51 0.54 0.55 0.57 0.59 0.59 0.62 0.65 0.67
 0.68 0.72 0.74 0.77 0.77 0.78 0.79 0.8  0.8  0.81 0.95 0.97 0.99 1.
 1.   1.03 1.05 1.17 1.2  1.21 1.33 1.36 1.38 1.41 1.41 1.45 1.46 1.51
 1.73 1.84 2.01 2.76]
var: 0.3045198888888889
| [0m14       [0m | [0m0.7897   [0m | [0m0.2396   [0m | [0m23.24    [0m | [0m2.859    [0m |
[0.3  0.37 0.46 0.48 0.48 0.49 0.5  0.59 0.59 0.66 0.68 0.69 0.72 0.76
 0.77 0.8  0.85 0.87 0.89 0.91 0.91 0.97 1.01 1.1  1.15 1.18 1.19 1.19
 1.2  1.21 1.23 1.26 1.3  1.34 1.35 1.38 1.44 1.51 1.54 1.54 1.56 1.58
 1.6  1.65 1.66 1.77 1.78 1.81 1.99 1.99 2.   2.07 2.1  2.12 2.25 2.37
 2.45 2.46 2.72 3.5 ]
var: 0.43339274999999944
| [95m15       [0m | [95m1.322    [0m | [95m0.2573   [0m | [95m35.0     [0m | [95m0.302    [0m |
[0.   0.   0.01 0.02 0.04 0.09 0.13 0.24 0.28 0.29 0.38 0.38 0.41 0.42
 0.44 0.45 0.46 0.53 0.53 0.57 0.59 0.61 0.62 0.63 0.65 0.67 0.68 0.7
 0.71 0.73 0.76 0.77 0.78 0.79 0.79 0.83 0.86 0.88 0.9  0.91 0.94 0.98
 1.14 1.22 1.31 1.31 1.32 1.34 1.37 1.52 1.54 1.59 1.63 1.64 1.73 1.81
 1.86 1.99 2.61 3.44]
var: 0.42460322222222197
| [0m16       [0m | [0m0.8803   [0m | [0m0.131    [0m | [0m19.76    [0m | [0m1.551    [0m |
[0.03 0.03 0.05 0.05 0.06 0.07 0.13 0.14 0.15 0.16 0.17 0.2  0.21 0.22
 0.28 0.33 0.34 0.34 0.37 0.39 0.39 0.39 0.41 0.42 0.44 0.45 0.46 0.47
 0.49 0.5  0.51 0.52 0.53 0.53 0.61 0.63 0.65 0.65 0.67 0.69 0.69 0.7
 0.73 0.74 0.75 0.75 0.87 0.89 0.89 0.99 1.01 1.01 1.04 1.08 1.09 1.11
 1.21 1.38 1.99 3.61]
var: 0.2955023333333329
| [0m17       [0m | [0m0.611    [0m | [0m0.0499   [0m | [0m2.156    [0m | [0m2.434    [0m |
[0.   0.02 0.06 0.06 0.08 0.1  0.1  0.12 0.13 0.18 0.22 0.23 0.24 0.27
 0.3  0.3  0.3  0.33 0.38 0.38 0.47 0.5  0.5  0.51 0.52 0.56 0.61 0.61
 0.7  0.71 0.76 0.8  0.81 0.82 0.84 0.85 0.85 0.93 0.96 0.97 1.02 1.04
 1.07 1.12 1.14 1.17 1.18 1.2  1.23 1.35 1.35 1.42 1.43 1.58 1.76 1.77
 1.86 1.92 2.1  2.38]
var: 0.33049697222222213
| [0m18       [0m | [0m0.7862   [0m | [0m0.1258   [0m | [0m46.52    [0m | [0m0.9639   [0m |
[0.   0.02 0.02 0.03 0.03 0.09 0.11 0.13 0.15 0.22 0.22 0.22 0.23 0.25
 0.25 0.3  0.3  0.3  0.34 0.36 0.38 0.42 0.43 0.43 0.44 0.45 0.48 0.5
 0.52 0.55 0.56 0.57 0.57 0.57 0.59 0.6  0.67 0.67 0.72 0.76 0.78 0.87
 0.87 0.88 0.95 0.98 1.   1.06 1.11 1.13 1.18 1.21 1.23 1.24 1.26 1.29
 1.46 1.55 1.76 2.25]
var: 0.22597830555555526
| [0m19       [0m | [0m0.6418   [0m | [0m0.09926  [0m | [0m47.4     [0m | [0m2.059    [0m |
[0.08 0.1  0.14 0.15 0.16 0.19 0.21 0.23 0.25 0.26 0.3  0.35 0.39 0.41
 0.45 0.49 0.51 0.54 0.56 0.58 0.61 0.63 0.67 0.69 0.7  0.7  0.73 0.75
 0.8  0.84 0.84 0.87 0.88 0.9  0.91 0.92 0.93 0.94 0.94 0.99 1.02 1.02
 1.03 1.1  1.17 1.18 1.19 1.27 1.32 1.34 1.4  1.48 1.52 1.52 1.68 1.73
 1.91 1.98 2.07 3.17]
var: 0.33118497222222276
| [0m20       [0m | [0m0.8782   [0m | [0m0.2233   [0m | [0m21.73    [0m | [0m1.351    [0m |
[0.02 0.02 0.04 0.06 0.08 0.09 0.12 0.16 0.18 0.19 0.19 0.22 0.23 0.31
 0.32 0.36 0.39 0.43 0.43 0.48 0.49 0.49 0.52 0.52 0.52 0.54 0.58 0.61
 0.64 0.66 0.66 0.66 0.66 0.69 0.7  0.7  0.71 0.74 0.74 0.75 0.82 0.83
 0.83 0.84 0.85 0.88 0.88 0.89 0.91 0.96 1.   1.09 1.12 1.16 1.24 1.25
 1.39 1.71 2.04 2.12]
var: 0.2016016388888887
| [0m21       [0m | [0m0.6618   [0m | [0m0.2852   [0m | [0m19.51    [0m | [0m0.9242   [0m |
[0.02 0.04 0.13 0.2  0.23 0.24 0.24 0.27 0.3  0.34 0.41 0.41 0.48 0.53
 0.55 0.61 0.66 0.66 0.68 0.74 0.78 0.8  0.83 0.84 0.85 0.86 0.9  0.92
 0.92 1.02 1.02 1.1  1.12 1.12 1.14 1.15 1.16 1.16 1.19 1.19 1.21 1.24
 1.25 1.28 1.37 1.39 1.41 1.41 1.41 1.44 1.45 1.5  1.54 1.65 1.71 1.75
 1.88 1.88 2.05 2.15]
var: 0.27088988888888826
| [0m22       [0m | [0m0.9797   [0m | [0m0.207    [0m | [0m16.63    [0m | [0m1.572    [0m |
[0.1  0.15 0.2  0.32 0.35 0.41 0.57 0.64 0.66 0.67 0.69 0.7  0.74 0.82
 0.84 0.89 0.91 0.94 0.99 1.02 1.02 1.06 1.08 1.1  1.1  1.14 1.16 1.17
 1.23 1.29 1.32 1.32 1.36 1.38 1.4  1.4  1.42 1.54 1.55 1.6  1.69 1.75
 1.75 1.77 1.83 1.85 1.88 1.91 1.95 1.96 2.07 2.25 2.29 2.44 2.5  2.55
 2.64 2.64 2.74 2.76]
var: 0.4733769722222218
| [95m23       [0m | [95m1.358    [0m | [95m0.1682   [0m | [95m15.65    [0m | [95m0.3893   [0m |
[0.08 0.12 0.13 0.15 0.16 0.16 0.16 0.18 0.24 0.24 0.28 0.31 0.35 0.37
 0.47 0.49 0.53 0.56 0.56 0.58 0.63 0.63 0.64 0.65 0.68 0.71 0.77 0.77
 0.8  0.89 0.93 0.98 1.01 1.03 1.05 1.17 1.18 1.18 1.22 1.24 1.26 1.38
 1.39 1.4  1.42 1.5  1.51 1.58 1.66 1.66 1.68 1.69 1.69 1.77 1.77 1.83
 2.39 2.44 2.49 2.79]
var: 0.4399543333333329
| [0m24       [0m | [0m0.993    [0m | [0m0.1428   [0m | [0m4.445    [0m | [0m0.3388   [0m |
[0.35 0.43 0.5  0.51 0.53 0.55 0.58 0.59 0.6  0.6  0.6  0.62 0.64 0.76
 0.79 0.79 0.83 0.83 0.85 0.86 0.9  0.92 0.95 0.95 1.03 1.04 1.05 1.07
 1.17 1.17 1.19 1.29 1.3  1.3  1.3  1.31 1.31 1.37 1.38 1.4  1.4  1.57
 1.57 1.61 1.64 1.65 1.77 1.78 1.78 1.84 1.91 1.92 1.93 1.95 2.   2.2
 2.51 3.33 3.45 4.15]
var: 0.5443436388888887
| [0m25       [0m | [0m1.303    [0m | [0m0.2549   [0m | [0m25.52    [0m | [0m0.2721   [0m |
[0.03 0.04 0.08 0.11 0.22 0.24 0.27 0.29 0.31 0.32 0.33 0.35 0.41 0.51
 0.56 0.62 0.68 0.68 0.69 0.71 0.71 0.78 0.81 0.83 0.83 0.87 0.87 0.91
 0.93 0.93 0.98 1.03 1.05 1.07 1.07 1.07 1.08 1.09 1.12 1.12 1.14 1.15
 1.15 1.27 1.31 1.33 1.37 1.41 1.44 1.45 1.48 1.57 1.61 1.64 1.76 2.09
 2.35 2.49 2.51 2.59]
var: 0.36967830555555586
| [0m26       [0m | [0m0.9952   [0m | [0m0.1038   [0m | [0m9.254    [0m | [0m1.633    [0m |
[0.01 0.05 0.09 0.09 0.12 0.24 0.26 0.27 0.28 0.3  0.33 0.36 0.39 0.47
 0.47 0.48 0.52 0.61 0.62 0.62 0.63 0.67 0.68 0.69 0.73 0.74 0.75 0.76
 0.81 0.82 0.83 0.84 0.85 0.89 0.91 0.97 1.05 1.07 1.08 1.13 1.14 1.19
 1.22 1.31 1.31 1.33 1.37 1.37 1.4  1.5  1.53 1.56 1.71 1.71 1.74 1.99
 2.25 2.32 2.44 2.85]
var: 0.3909515555555553
| [0m27       [0m | [0m0.9453   [0m | [0m0.141    [0m | [0m13.59    [0m | [0m2.095    [0m |
[0.   0.   0.   0.01 0.02 0.02 0.06 0.07 0.08 0.09 0.12 0.12 0.14 0.15
 0.17 0.2  0.23 0.25 0.32 0.32 0.33 0.36 0.38 0.4  0.4  0.43 0.43 0.43
 0.46 0.48 0.49 0.51 0.57 0.61 0.61 0.62 0.66 0.68 0.7  0.7  0.7  0.74
 0.74 0.76 0.78 0.81 0.81 0.82 0.82 0.83 0.87 0.92 0.95 1.03 1.03 1.06
 1.09 1.11 1.51 2.76]
var: 0.20524066666666652
| [0m28       [0m | [0m0.546    [0m | [0m0.2474   [0m | [0m44.79    [0m | [0m2.898    [0m |
[0.   0.01 0.02 0.05 0.1  0.14 0.15 0.15 0.27 0.36 0.39 0.42 0.45 0.46
 0.46 0.48 0.5  0.54 0.56 0.58 0.62 0.64 0.71 0.73 0.74 0.76 0.77 0.77
 0.77 0.79 0.83 0.87 0.9  0.93 1.02 1.03 1.05 1.05 1.08 1.13 1.13 1.15
 1.16 1.2  1.22 1.23 1.27 1.27 1.34 1.35 1.37 1.45 1.46 1.58 1.66 1.77
 2.07 2.13 2.75 2.92]
var: 0.37574622222222254
| [0m29       [0m | [0m0.9127   [0m | [0m0.05619  [0m | [0m17.03    [0m | [0m2.975    [0m |
[0.   0.13 0.18 0.19 0.19 0.21 0.21 0.21 0.22 0.24 0.25 0.26 0.31 0.33
 0.34 0.35 0.36 0.38 0.38 0.38 0.38 0.39 0.39 0.45 0.48 0.48 0.48 0.51
 0.53 0.57 0.59 0.62 0.64 0.64 0.69 0.7  0.7  0.7  0.72 0.73 0.77 0.85
 0.85 0.87 0.87 0.91 1.02 1.12 1.12 1.18 1.18 1.2  1.24 1.25 1.27 1.46
 1.58 1.63 1.81 1.93]
var: 0.1984343333333333
| [0m30       [0m | [0m0.677    [0m | [0m0.1578   [0m | [0m5.273    [0m | [0m2.858    [0m |
[0.04 0.11 0.12 0.13 0.15 0.16 0.17 0.19 0.19 0.21 0.21 0.24 0.25 0.26
 0.29 0.32 0.33 0.34 0.37 0.46 0.47 0.49 0.5  0.5  0.5  0.53 0.53 0.54
 0.54 0.57 0.59 0.61 0.61 0.62 0.62 0.63 0.67 0.77 0.78 0.8  0.83 0.83
 0.83 0.84 0.89 0.9  0.92 0.94 0.94 0.96 1.03 1.07 1.14 1.16 1.22 1.39
 1.49 1.78 2.52 2.64]
var: 0.2616569722222226
| [0m31       [0m | [0m0.6788   [0m | [0m0.04225  [0m | [0m1.743    [0m | [0m1.278    [0m |
[0.03 0.06 0.06 0.07 0.07 0.09 0.1  0.16 0.22 0.25 0.29 0.32 0.32 0.33
 0.35 0.36 0.39 0.45 0.48 0.48 0.5  0.51 0.54 0.62 0.65 0.69 0.72 0.73
 0.79 0.86 0.9  0.91 0.92 1.02 1.04 1.04 1.06 1.08 1.12 1.12 1.15 1.19
 1.23 1.24 1.3  1.32 1.36 1.38 1.53 1.58 1.58 1.64 1.67 1.68 1.71 1.71
 1.83 1.85 2.33 2.41]
var: 0.3597149722222221
| [0m32       [0m | [0m0.8898   [0m | [0m0.2087   [0m | [0m43.53    [0m | [0m0.5256   [0m |
[0.03 0.03 0.03 0.05 0.1  0.13 0.13 0.15 0.27 0.28 0.34 0.4  0.41 0.42
 0.48 0.52 0.64 0.66 0.68 0.68 0.69 0.7  0.7  0.73 0.73 0.74 0.83 0.84
 0.86 0.89 0.91 0.95 0.96 0.98 0.99 1.02 1.06 1.06 1.08 1.1  1.12 1.14
 1.17 1.18 1.18 1.21 1.27 1.27 1.32 1.36 1.4  1.41 1.42 1.43 1.46 1.47
 1.71 1.78 1.95 1.96]
var: 0.2421112222222219
| [0m33       [0m | [0m0.8743   [0m | [0m0.249    [0m | [0m22.39    [0m | [0m1.863    [0m |
[0.01 0.04 0.05 0.09 0.17 0.19 0.22 0.25 0.31 0.33 0.36 0.41 0.41 0.45
 0.46 0.49 0.54 0.54 0.55 0.56 0.58 0.6  0.62 0.63 0.64 0.68 0.69 0.72
 0.73 0.75 0.76 0.77 0.77 0.77 0.78 0.81 0.85 0.85 0.88 0.89 0.9  0.92
 0.97 0.97 0.98 1.08 1.14 1.15 1.2  1.21 1.29 1.4  1.44 1.46 1.51 1.55
 1.76 2.21 2.3  2.43]
var: 0.27555030555555554
| [0m34       [0m | [0m0.8178   [0m | [0m0.2344   [0m | [0m8.739    [0m | [0m2.813    [0m |
[0.   0.04 0.07 0.11 0.11 0.12 0.13 0.13 0.14 0.17 0.18 0.18 0.19 0.19
 0.2  0.2  0.21 0.22 0.22 0.23 0.24 0.24 0.26 0.29 0.29 0.29 0.31 0.31
 0.31 0.32 0.32 0.33 0.33 0.34 0.35 0.37 0.42 0.49 0.5  0.54 0.58 0.58
 0.59 0.59 0.61 0.62 0.63 0.64 0.64 0.67 0.68 0.73 0.74 0.75 0.81 0.81
 0.93 0.93 1.06 1.24]
var: 0.07386266666666687
| [0m35       [0m | [0m0.412    [0m | [0m0.155    [0m | [0m0.7952   [0m | [0m0.697    [0m |
[0.02 0.04 0.07 0.11 0.12 0.13 0.14 0.16 0.17 0.2  0.2  0.23 0.24 0.25
 0.31 0.32 0.33 0.36 0.37 0.38 0.4  0.43 0.47 0.48 0.48 0.48 0.49 0.51
 0.52 0.54 0.55 0.57 0.59 0.69 0.72 0.72 0.73 0.76 0.8  0.82 0.85 0.88
 0.94 0.97 0.99 0.99 1.   1.05 1.09 1.11 1.15 1.16 1.16 1.26 1.4  1.4
 1.6  1.61 1.72 2.14]
var: 0.21966030555555532
| [0m36       [0m | [0m0.6728   [0m | [0m0.1511   [0m | [0m4.948    [0m | [0m2.838    [0m |
[0.   0.03 0.1  0.15 0.17 0.18 0.19 0.19 0.19 0.23 0.24 0.3  0.32 0.38
 0.42 0.48 0.49 0.51 0.52 0.52 0.57 0.57 0.6  0.64 0.65 0.66 0.67 0.68
 0.72 0.74 0.76 0.76 0.81 0.83 0.83 0.84 0.85 0.86 0.87 0.87 0.88 0.89
 0.94 1.02 1.06 1.08 1.1  1.12 1.16 1.42 1.48 1.63 1.65 1.68 1.94 2.19
 2.33 2.34 2.6  2.6 ]
var: 0.4000438888888888
| [0m37       [0m | [0m0.8583   [0m | [0m0.1593   [0m | [0m5.212    [0m | [0m2.011    [0m |
[0.02 0.03 0.05 0.07 0.17 0.18 0.35 0.42 0.46 0.49 0.5  0.54 0.55 0.57
 0.59 0.65 0.66 0.69 0.69 0.71 0.72 0.73 0.78 0.8  0.82 0.88 0.91 0.96
 0.99 1.   1.01 1.04 1.06 1.09 1.09 1.12 1.12 1.17 1.23 1.24 1.24 1.25
 1.26 1.29 1.31 1.31 1.32 1.34 1.41 1.53 1.54 1.79 1.88 1.9  1.98 2.13
 2.13 2.44 3.   3.15]
var: 0.4335409722222218
| [0m38       [0m | [0m1.056    [0m | [0m0.004161 [0m | [0m10.4     [0m | [0m2.823    [0m |
[0.01 0.05 0.11 0.13 0.16 0.16 0.16 0.23 0.24 0.41 0.41 0.44 0.44 0.49
 0.51 0.53 0.54 0.55 0.56 0.6  0.64 0.68 0.76 0.79 0.79 0.83 0.86 0.87
 0.89 0.9  0.91 0.99 1.09 1.12 1.14 1.15 1.16 1.16 1.18 1.21 1.24 1.25
 1.27 1.28 1.29 1.29 1.33 1.33 1.35 1.36 1.43 1.47 1.5  1.72 1.78 2.
 2.11 2.21 2.8  3.57]
var: 0.4404114166666663
| [0m39       [0m | [0m0.9905   [0m | [0m0.1797   [0m | [0m26.07    [0m | [0m0.8141   [0m |
[0.02 0.03 0.07 0.14 0.14 0.15 0.18 0.25 0.27 0.28 0.28 0.28 0.3  0.31
 0.32 0.36 0.38 0.4  0.4  0.44 0.45 0.49 0.51 0.51 0.54 0.6  0.61 0.63
 0.64 0.64 0.65 0.7  0.71 0.73 0.75 0.76 0.79 0.82 0.87 0.9  0.95 0.96
 0.96 0.97 0.98 1.03 1.04 1.18 1.2  1.22 1.22 1.3  1.3  1.43 1.52 1.6
 1.76 1.96 2.45 3.65]
var: 0.38459099999999985
| [0m40       [0m | [0m0.783    [0m | [0m0.1618   [0m | [0m32.82    [0m | [0m2.753    [0m |
[0.27 0.51 0.6  0.63 0.68 0.75 0.77 0.85 0.87 0.89 0.99 1.01 1.01 1.14
 1.16 1.23 1.25 1.31 1.31 1.41 1.59 1.59 1.6  1.61 1.63 1.65 1.68 1.71
 1.73 1.75 1.8  1.82 1.83 1.83 1.85 1.86 1.91 1.98 2.09 2.09 2.15 2.22
 2.27 2.29 2.29 2.34 2.42 2.52 2.65 2.67 2.78 2.78 2.86 2.86 3.48 3.52
 3.65 3.8  4.25 4.27]
var: 0.8356983055555557
| [95m41       [0m | [95m1.872    [0m | [95m0.08026  [0m | [95m14.85    [0m | [95m0.09539  [0m |
[0.22 0.33 0.37 0.72 0.95 1.02 1.06 1.08 1.09 1.19 1.32 1.37 1.42 1.44
 1.45 1.47 1.47 1.51 1.58 1.62 1.64 1.69 1.73 1.8  1.82 1.86 1.88 1.96
 2.05 2.25 2.3  2.34 2.43 2.48 2.48 2.51 2.53 2.58 2.72 2.74 2.76 2.81
 2.81 2.85 2.88 3.02 3.13 3.15 3.33 3.34 3.52 3.76 3.84 3.85 4.05 4.18
 4.33 4.48 4.58 5.75]
var: 1.3307249722222234
| [95m42       [0m | [95m2.315    [0m | [95m0.04626  [0m | [95m14.19    [0m | [95m0.07717  [0m |
[0.08 0.17 0.19 0.21 0.22 0.23 0.23 0.24 0.26 0.28 0.35 0.35 0.37 0.4
 0.46 0.46 0.54 0.6  0.61 0.67 0.68 0.68 0.72 0.73 0.78 0.79 0.8  0.81
 0.82 0.82 0.83 0.84 0.85 0.87 0.87 1.08 1.09 1.09 1.12 1.13 1.14 1.14
 1.15 1.19 1.2  1.2  1.22 1.24 1.26 1.33 1.38 1.39 1.41 1.55 1.59 1.68
 1.69 1.71 1.77 2.32]
var: 0.23889488888888902
| [0m43       [0m | [0m0.8813   [0m | [0m1e-08    [0m | [0m13.61    [0m | [0m0.001    [0m |
[0.02 0.03 0.05 0.09 0.11 0.19 0.2  0.22 0.23 0.25 0.29 0.31 0.31 0.33
 0.33 0.42 0.43 0.46 0.46 0.47 0.5  0.54 0.54 0.55 0.55 0.57 0.65 0.7
 0.7  0.72 0.76 0.78 0.78 0.8  0.81 0.83 0.89 0.9  0.95 0.97 1.02 1.02
 1.05 1.05 1.06 1.09 1.12 1.19 1.3  1.35 1.36 1.38 1.51 1.51 1.87 1.91
 1.92 2.   2.54 3.2 ]
var: 0.38982788888888875
| [0m44       [0m | [0m0.8357   [0m | [0m0.07306  [0m | [0m43.78    [0m | [0m1.998    [0m |
[0.   0.02 0.02 0.05 0.05 0.07 0.11 0.13 0.17 0.22 0.22 0.25 0.28 0.28
 0.29 0.3  0.32 0.32 0.32 0.33 0.38 0.41 0.41 0.42 0.42 0.47 0.48 0.52
 0.56 0.57 0.59 0.62 0.63 0.65 0.66 0.67 0.68 0.89 0.93 0.94 0.94 1.01
 1.01 1.04 1.05 1.06 1.13 1.14 1.14 1.19 1.2  1.34 1.49 1.64 1.65 1.71
 1.83 1.87 1.89 2.73]
var: 0.33252608333333294
| [0m45       [0m | [0m0.7285   [0m | [0m0.09675  [0m | [0m32.78    [0m | [0m1.176    [0m |
[0.17 0.34 0.43 0.65 0.66 0.82 0.87 0.97 1.02 1.13 1.16 1.2  1.21 1.21
 1.21 1.22 1.28 1.3  1.3  1.32 1.34 1.34 1.34 1.34 1.37 1.38 1.38 1.44
 1.47 1.5  1.52 1.52 1.54 1.55 1.7  1.72 1.72 1.75 1.76 1.82 1.83 1.89
 1.89 1.9  1.92 1.96 2.11 2.14 2.18 2.2  2.26 2.29 2.3  2.33 2.38 2.43
 2.61 2.65 3.32 4.08]
var: 0.45120955555555475
| [0m46       [0m | [0m1.611    [0m | [0m0.08297  [0m | [0m14.25    [0m | [0m0.03796  [0m |
[0.06 0.14 0.15 0.16 0.24 0.43 0.5  0.54 0.54 0.59 0.65 0.69 0.76 0.87
 0.91 0.93 1.   1.03 1.05 1.09 1.13 1.16 1.17 1.18 1.23 1.24 1.27 1.29
 1.35 1.37 1.47 1.51 1.51 1.51 1.52 1.61 1.65 1.66 1.67 1.72 1.84 1.86
 1.9  1.9  1.93 1.94 1.96 2.02 2.05 2.13 2.13 2.17 2.17 2.47 2.64 2.74
 2.82 2.92 3.28 4.7 ]
var: 0.7161448888888894
| [0m47       [0m | [0m1.469    [0m | [0m0.1813   [0m | [0m15.59    [0m | [0m0.3745   [0m |
[0.01 0.03 0.04 0.04 0.11 0.13 0.15 0.17 0.23 0.32 0.33 0.36 0.4  0.4
 0.41 0.43 0.45 0.46 0.47 0.49 0.54 0.58 0.58 0.58 0.61 0.63 0.64 0.65
 0.66 0.7  0.7  0.73 0.75 0.77 0.89 0.9  0.92 0.99 1.   1.05 1.13 1.15
 1.16 1.24 1.32 1.33 1.33 1.35 1.36 1.36 1.38 1.39 1.41 1.44 1.47 1.49
 1.5  1.57 1.69 1.97]
var: 0.24388455555555552
| [0m48       [0m | [0m0.8057   [0m | [0m0.2      [0m | [0m49.9     [0m | [0m0.7289   [0m |
[0.54 0.61 0.91 1.   1.15 1.15 1.17 1.27 1.39 1.48 1.48 1.51 1.51 1.52
 1.53 1.55 1.55 1.58 1.6  1.67 1.68 1.73 2.   2.02 2.04 2.04 2.06 2.08
 2.2  2.23 2.24 2.3  2.38 2.4  2.47 2.48 2.49 2.5  2.56 2.74 2.8  2.8
 2.85 2.92 3.17 3.23 3.3  3.37 3.49 3.61 3.71 3.89 3.97 4.05 4.15 4.22
 4.24 4.68 5.79 7.74]
var: 1.6347883055555554
| [95m49       [0m | [95m2.48     [0m | [95m0.02162  [0m | [95m14.26    [0m | [95m0.07699  [0m |
[0.54 0.56 0.63 0.66 0.7  0.81 0.83 0.83 0.88 1.01 1.02 1.12 1.15 1.17
 1.19 1.24 1.31 1.33 1.34 1.36 1.38 1.39 1.44 1.49 1.5  1.5  1.54 1.7
 1.72 1.75 1.78 1.85 1.87 1.92 1.93 1.93 2.   2.06 2.06 2.13 2.14 2.15
 2.17 2.23 2.25 2.4  2.48 2.64 2.68 2.69 2.79 2.81 2.92 3.05 3.09 3.43
 3.44 4.16 4.27 4.6 ]
var: 0.845529416666667
| [0m50       [0m | [0m1.884    [0m | [0m0.05948  [0m | [0m14.29    [0m | [0m0.1239   [0m |
[0.02 0.02 0.05 0.07 0.08 0.1  0.11 0.13 0.14 0.19 0.21 0.29 0.3  0.31
 0.37 0.42 0.52 0.57 0.57 0.57 0.61 0.63 0.64 0.69 0.7  0.7  0.71 0.73
 0.73 0.76 0.85 0.85 0.89 0.92 0.96 0.97 1.02 1.02 1.07 1.07 1.08 1.11
 1.12 1.15 1.16 1.21 1.23 1.26 1.27 1.28 1.35 1.52 1.61 1.73 1.87 2.01
 2.04 2.1  2.19 2.63]
var: 0.36424488888888856
| [0m51       [0m | [0m0.8747   [0m | [0m0.2468   [0m | [0m28.16    [0m | [0m1.41     [0m |
[0.   0.   0.04 0.04 0.05 0.06 0.06 0.08 0.08 0.11 0.19 0.26 0.26 0.28
 0.35 0.53 0.54 0.55 0.59 0.6  0.63 0.74 0.75 0.76 0.78 0.81 0.81 0.81
 0.85 0.86 0.88 0.9  0.9  0.94 0.96 0.96 0.97 0.99 1.   1.01 1.05 1.06
 1.12 1.13 1.15 1.21 1.24 1.26 1.28 1.3  1.31 1.34 1.38 1.43 1.49 1.67
 2.78 3.   3.28 3.7 ]
var: 0.5685462222222227
| [0m52       [0m | [0m0.9193   [0m | [0m0.1783   [0m | [0m29.52    [0m | [0m0.6738   [0m |
[0.   0.01 0.02 0.02 0.04 0.17 0.18 0.22 0.23 0.27 0.27 0.28 0.28 0.31
 0.33 0.34 0.34 0.36 0.38 0.4  0.41 0.44 0.45 0.52 0.53 0.53 0.53 0.56
 0.59 0.6  0.62 0.66 0.66 0.67 0.7  0.73 0.73 0.76 0.77 0.8  0.82 0.83
 0.85 0.86 0.88 0.96 0.99 1.13 1.22 1.28 1.29 1.31 1.31 1.34 1.34 1.41
 1.52 1.57 1.83 2.78]
var: 0.26360363888888894
| [0m53       [0m | [0m0.7038   [0m | [0m0.2041   [0m | [0m47.82    [0m | [0m1.553    [0m |
[0.05 0.29 0.3  0.3  0.39 0.43 0.54 0.58 0.61 0.61 0.66 0.67 0.68 0.73
 0.74 0.75 0.75 0.78 0.79 0.79 0.81 0.84 0.87 0.92 1.03 1.03 1.11 1.12
 1.18 1.2  1.24 1.26 1.26 1.27 1.32 1.38 1.41 1.44 1.46 1.49 1.49 1.53
 1.54 1.68 1.76 1.8  1.81 1.83 1.87 1.92 1.95 1.98 2.04 2.05 2.05 2.15
 2.25 2.4  2.89 4.09]
var: 0.5036595555555556
| [0m54       [0m | [0m1.269    [0m | [0m0.109    [0m | [0m46.43    [0m | [0m0.3979   [0m |
[0.28 0.38 0.64 0.68 0.71 0.74 0.78 0.92 0.99 1.06 1.08 1.1  1.12 1.24
 1.36 1.42 1.44 1.45 1.5  1.51 1.51 1.55 1.6  1.62 1.62 1.65 1.65 1.68
 1.72 1.78 1.78 1.79 1.91 1.92 1.94 2.05 2.12 2.15 2.19 2.21 2.22 2.23
 2.33 2.35 2.47 2.48 2.49 2.54 2.61 2.67 2.7  2.72 2.73 2.84 2.89 2.95
 2.99 3.29 3.7  3.88]
var: 0.6250015555555561
| [0m55       [0m | [0m1.865    [0m | [0m0.05127  [0m | [0m24.81    [0m | [0m0.1375   [0m |
[0.03 0.05 0.09 0.13 0.17 0.19 0.2  0.24 0.25 0.27 0.3  0.41 0.41 0.47
 0.52 0.52 0.52 0.53 0.53 0.56 0.57 0.63 0.68 0.73 0.73 0.75 0.79 0.84
 0.85 0.87 0.89 0.91 0.91 0.92 0.93 0.96 0.98 1.   1.01 1.04 1.08 1.08
 1.1  1.15 1.16 1.18 1.18 1.21 1.22 1.26 1.43 1.44 1.44 1.5  1.5  1.55
 1.97 2.11 2.55 3.25]
var: 0.3553378888888882
| [0m56       [0m | [0m0.8957   [0m | [0m0.2489   [0m | [0m10.83    [0m | [0m2.976    [0m |
[0.   0.   0.01 0.12 0.13 0.15 0.22 0.23 0.25 0.29 0.29 0.31 0.37 0.38
 0.41 0.43 0.44 0.47 0.48 0.49 0.51 0.55 0.57 0.61 0.64 0.69 0.71 0.73
 0.75 0.76 0.81 0.87 0.88 0.89 0.94 0.99 1.03 1.07 1.08 1.12 1.18 1.19
 1.22 1.24 1.27 1.27 1.29 1.32 1.35 1.42 1.46 1.48 1.5  1.71 1.76 1.82
 1.82 1.88 1.9  1.91]
var: 0.2938490000000003
| [0m57       [0m | [0m0.861    [0m | [0m0.2284   [0m | [0m30.44    [0m | [0m1.828    [0m |
[0.72 0.8  0.89 0.99 1.1  1.18 1.21 1.22 1.23 1.33 1.33 1.36 1.39 1.4
 1.44 1.49 1.67 1.68 1.88 1.96 2.04 2.18 2.24 2.31 2.37 2.4  2.46 2.5
 2.55 2.58 2.68 2.7  2.75 2.77 2.98 3.   3.03 3.25 3.27 3.29 3.34 3.37
 3.38 3.39 3.42 3.47 3.48 3.61 3.66 3.71 3.95 4.09 4.18 4.29 4.3  4.73
 4.73 4.94 4.94 5.69]
var: 1.4565427500000003
| [95m58       [0m | [95m2.672    [0m | [95m0.01367  [0m | [95m14.34    [0m | [95m0.1161   [0m |
[0.5  0.59 0.62 0.71 0.85 1.   1.02 1.04 1.06 1.06 1.13 1.47 1.54 1.61
 1.66 1.71 1.76 1.84 1.93 1.95 1.99 1.99 2.   2.02 2.02 2.04 2.11 2.12
 2.14 2.23 2.29 2.29 2.33 2.33 2.34 2.46 2.58 2.62 2.65 2.76 2.77 2.79
 2.81 2.83 2.83 2.93 3.03 3.12 3.14 3.18 3.34 3.55 3.77 3.95 3.95 4.18
 4.45 4.47 5.92 7.3 ]
var: 1.5372269722222234
| [0m59       [0m | [0m2.411    [0m | [0m0.01887  [0m | [0m14.5     [0m | [0m0.07741  [0m |
[0.5  0.61 0.63 0.67 0.71 0.88 0.95 1.01 1.06 1.09 1.12 1.17 1.23 1.26
 1.35 1.37 1.56 1.58 1.62 1.73 1.75 1.76 1.81 1.92 1.92 2.01 2.01 2.12
 2.12 2.15 2.15 2.16 2.17 2.19 2.23 2.28 2.28 2.42 2.46 2.49 2.51 2.55
 2.66 2.8  2.87 2.98 3.03 3.09 3.15 3.16 3.17 3.18 3.31 3.34 3.58 3.81
 3.83 4.06 4.58 4.93]
var: 1.0137449722222223
| [0m60       [0m | [0m2.185    [0m | [0m0.06679  [0m | [0m14.45    [0m | [0m0.0781   [0m |
[0.03 0.13 0.13 0.25 0.26 0.26 0.32 0.36 0.42 0.42 0.43 0.44 0.46 0.49
 0.59 0.64 0.65 0.66 0.71 0.71 0.72 0.72 0.72 0.73 0.76 0.76 0.77 0.78
 0.78 0.78 0.79 0.79 0.83 0.84 0.85 0.85 0.87 0.9  0.91 0.92 0.93 0.95
 0.99 1.01 1.02 1.03 1.11 1.13 1.14 1.16 1.2  1.2  1.34 1.34 1.41 1.45
 1.46 1.65 1.81 1.89]
var: 0.15772875000000036
| [0m61       [0m | [0m0.8275   [0m | [0m0.2834   [0m | [0m13.01    [0m | [0m1.596    [0m |
[0.   0.   0.   0.   0.   0.01 0.01 0.02 0.02 0.03 0.03 0.03 0.04 0.04
 0.04 0.06 0.07 0.09 0.1  0.11 0.11 0.11 0.12 0.12 0.13 0.13 0.14 0.16
 0.16 0.18 0.18 0.18 0.2  0.21 0.22 0.24 0.26 0.27 0.28 0.29 0.3  0.35
 0.36 0.39 0.43 0.44 0.5  0.51 0.57 0.62 0.94 1.24 1.27 1.47 1.52 1.85
 1.95 2.13 4.17 4.61]
var: 0.7797583055555558
| [0m62       [0m | [0m0.5002   [0m | [0m1e-08    [0m | [0m14.21    [0m | [0m0.1279   [0m |
[0.46 0.6  0.65 0.65 0.71 1.03 1.09 1.14 1.21 1.26 1.29 1.31 1.33 1.34
 1.43 1.44 1.54 1.56 1.57 1.59 1.6  1.63 1.65 1.65 1.68 1.79 1.84 1.93
 1.97 2.03 2.1  2.1  2.16 2.16 2.27 2.28 2.29 2.34 2.4  2.51 2.58 2.6
 2.64 2.65 2.69 2.7  2.81 2.82 2.98 2.99 3.04 3.13 3.19 3.23 3.6  3.63
 4.01 4.16 4.74 4.79]
var: 0.953159555555556
| [0m63       [0m | [0m2.143    [0m | [0m0.03952  [0m | [0m14.4     [0m | [0m0.07242  [0m |
[0.04 0.09 0.09 0.15 0.21 0.23 0.27 0.29 0.29 0.31 0.34 0.35 0.36 0.36
 0.43 0.46 0.46 0.47 0.52 0.57 0.57 0.6  0.62 0.63 0.66 0.68 0.7  0.7
 0.71 0.71 0.72 0.73 0.73 0.74 0.76 0.78 0.87 0.88 0.88 0.89 0.94 1.01
 1.05 1.09 1.11 1.13 1.13 1.2  1.21 1.26 1.27 1.33 1.33 1.42 1.47 1.48
 1.5  2.05 2.21 2.8 ]
var: 0.2762540000000003
| [0m64       [0m | [0m0.814    [0m | [0m0.1956   [0m | [0m5.54     [0m | [0m2.278    [0m |
[0.11 0.15 0.18 0.22 0.38 0.4  0.42 0.49 0.53 0.54 0.58 0.63 0.72 0.81
 0.88 0.96 0.97 0.98 1.   1.06 1.11 1.13 1.16 1.19 1.25 1.25 1.33 1.42
 1.47 1.48 1.55 1.64 1.66 1.73 1.78 1.83 1.93 1.93 2.   2.1  2.17 2.35
 2.36 2.37 2.42 2.49 2.55 2.57 2.64 2.68 2.76 2.79 2.81 2.86 2.9  3.05
 3.18 3.47 4.28 6.18]
var: 1.242546972222222
| [0m65       [0m | [0m1.697    [0m | [0m0.0388   [0m | [0m16.45    [0m | [0m0.5495   [0m |
[0.55 0.58 0.65 0.65 0.66 0.66 0.79 0.82 0.96 1.01 1.04 1.05 1.21 1.22
 1.25 1.28 1.3  1.31 1.33 1.35 1.36 1.38 1.41 1.41 1.43 1.45 1.54 1.54
 1.59 1.65 1.66 1.69 1.73 1.74 1.82 1.83 1.88 1.91 2.07 2.12 2.13 2.18
 2.23 2.27 2.34 2.6  2.6  2.62 2.62 2.64 2.68 2.88 2.91 2.93 3.06 3.36
 3.59 3.73 4.62 5.91]
var: 1.007196555555556
| [0m66       [0m | [0m1.88     [0m | [0m0.07301  [0m | [0m24.74    [0m | [0m0.1626   [0m |
[0.59 0.77 0.82 0.93 1.01 1.04 1.21 1.31 1.35 1.35 1.36 1.36 1.37 1.37
 1.4  1.43 1.43 1.47 1.51 1.57 1.64 1.67 1.67 1.75 1.82 1.84 1.96 2.03
 2.09 2.13 2.13 2.13 2.18 2.23 2.33 2.34 2.35 2.35 2.39 2.46 2.47 2.47
 2.52 2.56 2.61 2.64 2.65 2.67 2.69 2.79 2.8  2.84 2.94 2.99 3.15 3.37
 3.42 3.42 3.78 4.  ]
var: 0.5941193333333334
| [0m67       [0m | [0m2.082    [0m | [0m0.08544  [0m | [0m14.46    [0m | [0m0.147    [0m |
[0.61 0.68 0.84 0.86 0.97 1.14 1.2  1.22 1.29 1.32 1.33 1.33 1.35 1.36
 1.42 1.43 1.43 1.44 1.54 1.65 1.7  1.71 1.75 1.75 1.76 1.82 1.87 1.87
 1.87 1.89 1.96 2.02 2.17 2.17 2.18 2.2  2.28 2.36 2.42 2.42 2.42 2.43
 2.44 2.45 2.48 2.6  2.66 2.69 2.73 2.73 2.88 3.15 3.16 3.42 3.43 3.78
 3.93 4.06 4.34 4.82]
var: 0.8229765555555565
| [0m68       [0m | [0m2.12     [0m | [0m0.1115   [0m | [0m14.52    [0m | [0m0.1383   [0m |
[0.01 0.05 0.06 0.08 0.09 0.1  0.11 0.12 0.14 0.18 0.25 0.27 0.28 0.32
 0.36 0.38 0.38 0.4  0.43 0.43 0.45 0.48 0.49 0.5  0.52 0.52 0.53 0.53
 0.54 0.54 0.55 0.62 0.64 0.65 0.65 0.67 0.7  0.7  0.7  0.74 0.74 0.76
 0.8  0.87 0.92 0.92 0.96 0.97 0.98 0.99 0.99 0.99 1.02 1.04 1.08 1.1
 1.18 1.35 1.47 1.96]
var: 0.14930430555555554
| [0m69       [0m | [0m0.6208   [0m | [0m0.2378   [0m | [0m37.52    [0m | [0m2.76     [0m |
[0.04 0.61 0.64 0.65 0.85 0.92 1.06 1.08 1.08 1.15 1.21 1.28 1.33 1.35
 1.42 1.45 1.47 1.49 1.6  1.64 1.66 1.76 1.77 1.84 1.85 1.87 2.04 2.14
 2.17 2.22 2.27 2.27 2.28 2.31 2.33 2.42 2.46 2.66 2.67 2.76 2.78 2.79
 2.84 2.94 2.95 3.11 3.18 3.19 3.27 3.29 3.37 3.4  3.73 3.75 3.81 3.81
 3.94 4.54 4.83 4.97]
var: 1.1891106666666664
| [0m70       [0m | [0m2.276    [0m | [0m0.0245   [0m | [0m14.54    [0m | [0m0.1428   [0m |
[0.04 0.05 0.06 0.09 0.1  0.11 0.13 0.17 0.24 0.26 0.29 0.39 0.48 0.51
 0.56 0.59 0.59 0.62 0.62 0.63 0.64 0.67 0.67 0.69 0.72 0.74 0.74 0.76
 0.77 0.84 0.85 0.89 0.9  0.91 1.09 1.12 1.13 1.15 1.16 1.18 1.19 1.22
 1.27 1.28 1.28 1.3  1.35 1.39 1.44 1.52 1.55 1.59 1.73 1.78 1.98 2.13
 2.24 2.41 2.63 2.64]
var: 0.4166503055555561
| [0m71       [0m | [0m0.9678   [0m | [0m0.1848   [0m | [0m46.79    [0m | [0m0.6543   [0m |
[0.43 0.56 0.56 0.59 0.65 1.01 1.01 1.11 1.2  1.24 1.28 1.42 1.54 1.57
 1.62 1.69 1.73 1.76 1.76 1.82 1.87 1.88 1.9  1.91 1.95 1.95 2.01 2.02
 2.05 2.06 2.07 2.09 2.17 2.2  2.29 2.39 2.42 2.44 2.47 2.64 2.66 2.67
 2.7  2.74 2.87 2.89 2.97 3.02 3.02 3.04 3.05 3.13 3.33 3.96 4.02 4.19
 4.41 4.51 4.61 4.72]
var: 1.0677039999999998
| [0m72       [0m | [0m2.264    [0m | [0m0.1014   [0m | [0m14.48    [0m | [0m0.06793  [0m |
[0.44 0.52 0.53 0.57 0.58 0.72 0.73 0.78 0.79 0.84 0.85 0.94 0.95 0.96
 0.97 1.1  1.12 1.16 1.25 1.25 1.26 1.26 1.37 1.45 1.45 1.46 1.47 1.53
 1.55 1.58 1.67 1.67 1.71 1.75 1.75 1.81 1.82 1.83 1.86 1.92 1.92 1.93
 1.97 2.23 2.23 2.3  2.34 2.35 2.49 2.52 2.52 2.56 2.69 2.92 2.95 3.38
 3.43 4.1  4.24 4.35]
var: 0.8342373333333342
| [0m73       [0m | [0m1.744    [0m | [0m0.1417   [0m | [0m14.58    [0m | [0m0.1607   [0m |
[0.46 0.59 0.61 0.62 0.79 0.84 0.92 0.93 0.95 1.02 1.03 1.05 1.17 1.18
 1.26 1.26 1.31 1.33 1.49 1.54 1.55 1.58 1.6  1.61 1.64 1.7  1.84 1.89
 1.97 2.04 2.07 2.09 2.23 2.26 2.35 2.48 2.55 2.64 2.71 2.74 2.74 2.79
 2.85 3.13 3.19 3.27 3.35 3.35 3.39 3.4  3.49 3.64 3.69 3.81 4.13 4.16
 4.58 4.84 5.26 6.16]
var: 1.6005883055555559
| [0m74       [0m | [0m2.285    [0m | [0m0.09176  [0m | [0m14.51    [0m | [0m0.08078  [0m |
[0.   0.01 0.02 0.02 0.04 0.04 0.08 0.08 0.1  0.11 0.13 0.17 0.2  0.25
 0.36 0.36 0.37 0.39 0.39 0.39 0.39 0.4  0.4  0.41 0.43 0.45 0.45 0.46
 0.53 0.53 0.54 0.55 0.57 0.58 0.6  0.64 0.68 0.72 0.72 0.74 0.74 0.89
 1.03 1.03 1.04 1.06 1.07 1.1  1.12 1.18 1.22 1.26 1.29 1.34 1.41 1.53
 1.62 1.66 1.81 2.33]
var: 0.2671069722222222
| [0m75       [0m | [0m0.6672   [0m | [0m0.0629   [0m | [0m45.75    [0m | [0m2.747    [0m |
[0.56 0.57 0.59 0.61 0.87 0.97 1.09 1.17 1.19 1.32 1.32 1.42 1.45 1.46
 1.46 1.49 1.49 1.5  1.5  1.51 1.52 1.53 1.54 1.57 1.6  1.67 1.8  1.81
 1.91 1.95 1.96 1.98 1.99 2.   2.08 2.1  2.12 2.18 2.2  2.23 2.23 2.38
 2.44 2.44 2.58 2.59 2.68 2.77 2.81 2.9  3.15 3.16 3.27 3.34 3.42 3.46
 4.23 4.32 4.53 4.58]
var: 0.9066573333333335
| [0m76       [0m | [0m2.076    [0m | [0m0.1252   [0m | [0m14.43    [0m | [0m0.1297   [0m |
[0.01 0.05 0.06 0.08 0.1  0.11 0.12 0.15 0.18 0.2  0.21 0.22 0.23 0.25
 0.25 0.32 0.43 0.44 0.48 0.55 0.56 0.57 0.6  0.63 0.65 0.65 0.66 0.7
 0.78 0.8  0.83 0.84 0.84 0.9  0.9  0.96 0.97 1.   1.01 1.04 1.06 1.07
 1.08 1.1  1.11 1.12 1.14 1.15 1.19 1.34 1.36 1.38 1.38 1.55 1.79 2.09
 2.17 2.26 2.6  2.64]
var: 0.3912360833333334
| [0m77       [0m | [0m0.8485   [0m | [0m0.2788   [0m | [0m12.91    [0m | [0m1.146    [0m |
[0.16 0.16 0.39 0.51 0.53 0.57 0.61 0.62 0.63 0.73 0.74 0.77 0.77 0.79
 0.84 0.94 0.95 0.95 0.96 1.02 1.04 1.07 1.07 1.07 1.11 1.21 1.25 1.27
 1.28 1.28 1.33 1.35 1.35 1.36 1.37 1.4  1.42 1.46 1.47 1.56 1.59 1.61
 1.62 1.7  1.72 1.73 1.75 1.76 1.78 1.79 1.8  1.84 1.84 1.88 1.94 2.11
 2.12 2.38 2.73 3.35]
var: 0.3541355555555555
| [0m78       [0m | [0m1.307    [0m | [0m0.1566   [0m | [0m14.58    [0m | [0m0.0213   [0m |
[0.09 0.1  0.12 0.15 0.2  0.26 0.28 0.33 0.38 0.43 0.43 0.44 0.45 0.46
 0.48 0.51 0.53 0.53 0.54 0.55 0.59 0.59 0.6  0.6  0.61 0.65 0.67 0.68
 0.68 0.69 0.69 0.7  0.72 0.73 0.75 0.76 0.76 0.82 0.83 0.83 0.88 0.9
 0.93 1.02 1.04 1.08 1.09 1.15 1.15 1.24 1.29 1.31 1.42 1.44 1.49 1.56
 1.83 1.9  2.25 2.44]
var: 0.24621655555555524
| [0m79       [0m | [0m0.8103   [0m | [0m0.2967   [0m | [0m6.653    [0m | [0m0.7226   [0m |
[0.96 1.13 1.23 1.29 1.44 1.47 1.48 1.49 1.51 1.52 1.56 1.59 1.62 1.67
 1.71 1.73 1.75 1.76 1.77 1.78 1.78 1.79 1.81 1.83 1.84 1.94 1.96 1.97
 2.   2.01 2.02 2.09 2.1  2.22 2.27 2.27 2.31 2.32 2.35 2.36 2.36 2.47
 2.5  2.51 2.56 2.74 2.77 2.85 2.87 2.9  2.97 2.98 3.03 3.22 3.25 3.36
 3.68 4.5  5.4  6.01]
var: 0.8491169722222213
| [0m80       [0m | [0m2.277    [0m | [0m0.03709  [0m | [0m14.27    [0m | [0m0.0446   [0m |
=============================================================
None
num_trials:  40  inits,  40  iters,  60  per
rho:  0.1
pthin:  0.96

Best VPT: 2.671500000000001
Best result: {'a': 0.01367257570763011, 'g': 14.337356938495986, 's': 0.11606131263696882}

KERNEL: nu=1.5, lengthscale=2.0, alpha=0.0005
