|   iter    |  target   |     a     |     g     |     s     |
-------------------------------------------------------------
[0.04 0.11 0.13 0.15 0.15 0.16 0.16 0.18 0.19 0.25 0.27 0.29 0.29 0.45
 0.5  0.53 0.55 0.55 0.55 0.56 0.57 0.59 0.6  0.62 0.62 0.65 0.65 0.69
 0.71 0.71 0.71 0.72 0.72 0.74 0.76 0.78 0.86 0.89 0.9  0.91 1.04 1.05
 1.06 1.06 1.06 1.11 1.11 1.17 1.18 1.2  1.29 1.3  1.41 1.46 1.64 1.7
 2.12 2.25 2.41 2.42]
var: 0.3114416666666669
| [0m1        [0m | [0m0.825    [0m | [0m0.2365   [0m | [0m7.401    [0m | [0m0.4786   [0m |
[0.12 0.14 0.22 0.31 0.35 0.4  0.51 0.51 0.53 0.55 0.59 0.59 0.77 0.89
 0.98 0.98 1.   1.03 1.08 1.09 1.09 1.12 1.12 1.15 1.2  1.22 1.26 1.29
 1.3  1.32 1.34 1.36 1.36 1.39 1.48 1.49 1.5  1.56 1.65 1.66 1.71 1.83
 1.83 1.96 1.99 2.03 2.04 2.12 2.16 2.5  2.54 2.55 2.59 2.65 2.93 3.02
 3.32 3.51 3.54 4.53]
var: 0.8492009722222221
| [95m2        [0m | [95m1.514    [0m | [95m0.1839   [0m | [95m5.077    [0m | [95m0.2558   [0m |
[0.03 0.1  0.14 0.14 0.16 0.18 0.18 0.19 0.24 0.29 0.3  0.31 0.35 0.35
 0.36 0.39 0.43 0.44 0.48 0.49 0.5  0.52 0.53 0.54 0.57 0.58 0.6  0.61
 0.64 0.65 0.68 0.72 0.73 0.73 0.76 0.83 0.83 0.84 0.85 0.9  0.91 0.93
 1.01 1.02 1.02 1.05 1.11 1.13 1.16 1.21 1.24 1.25 1.27 1.46 1.5  1.63
 1.73 1.74 1.81 2.03]
var: 0.22525697222222257
| [0m3        [0m | [0m0.7562   [0m | [0m0.07248  [0m | [0m2.602    [0m | [0m2.047    [0m |
[0.04 0.28 0.55 0.56 0.57 0.61 0.62 0.68 0.71 0.78 0.79 0.82 0.84 0.88
 0.88 0.88 0.93 0.94 0.98 1.05 1.09 1.09 1.1  1.13 1.2  1.22 1.24 1.26
 1.27 1.27 1.28 1.3  1.3  1.31 1.32 1.35 1.36 1.42 1.57 1.59 1.59 1.73
 1.75 1.84 1.87 2.   2.   2.06 2.34 2.37 2.4  2.62 2.72 2.75 3.14 3.22
 3.33 3.36 3.38 4.96]
var: 0.8383816388888882
| [95m4        [0m | [95m1.525    [0m | [95m0.2323   [0m | [95m25.08    [0m | [95m0.2912   [0m |
[0.03 0.06 0.1  0.11 0.11 0.13 0.2  0.21 0.22 0.22 0.23 0.29 0.31 0.34
 0.36 0.39 0.43 0.44 0.46 0.47 0.49 0.56 0.57 0.62 0.62 0.63 0.65 0.66
 0.68 0.69 0.75 0.77 0.81 0.86 0.89 0.91 0.93 0.98 1.02 1.02 1.06 1.12
 1.15 1.16 1.16 1.22 1.25 1.29 1.31 1.33 1.34 1.39 1.4  1.5  1.55 1.79
 1.92 2.29 2.39 4.32]
var: 0.4948795555555555
| [0m5        [0m | [0m0.8693   [0m | [0m0.2251   [0m | [0m12.22    [0m | [0m0.8211   [0m |
[0.   0.   0.   0.01 0.01 0.03 0.06 0.07 0.08 0.1  0.1  0.13 0.16 0.18
 0.22 0.36 0.37 0.42 0.44 0.45 0.47 0.5  0.5  0.51 0.52 0.54 0.55 0.6
 0.63 0.63 0.63 0.65 0.65 0.66 0.71 0.71 0.71 0.74 0.75 0.76 0.76 0.8
 0.81 0.9  0.92 0.93 1.04 1.05 1.05 1.07 1.07 1.18 1.25 1.28 1.31 1.34
 1.35 1.43 1.58 1.88]
var: 0.20006941666666697
| [0m6        [0m | [0m0.6435   [0m | [0m0.159    [0m | [0m45.93    [0m | [0m2.401    [0m |
[0.04 0.11 0.13 0.15 0.16 0.2  0.23 0.25 0.25 0.26 0.28 0.29 0.34 0.36
 0.37 0.41 0.43 0.45 0.46 0.46 0.47 0.48 0.5  0.5  0.5  0.57 0.58 0.61
 0.64 0.64 0.66 0.67 0.68 0.69 0.72 0.73 0.77 0.78 0.79 0.81 0.83 0.86
 0.86 0.95 0.95 1.   1.03 1.06 1.15 1.2  1.2  1.24 1.31 1.32 1.33 1.35
 1.44 1.54 1.67 1.81]
var: 0.17704155555555565
| [0m7        [0m | [0m0.7087   [0m | [0m0.256    [0m | [0m28.66    [0m | [0m2.407    [0m |
[0.01 0.01 0.01 0.03 0.05 0.1  0.1  0.15 0.16 0.18 0.19 0.2  0.32 0.35
 0.4  0.44 0.49 0.5  0.51 0.58 0.59 0.61 0.64 0.64 0.65 0.66 0.7  0.7
 0.71 0.76 0.77 0.79 0.79 0.8  0.83 0.84 0.86 0.93 0.99 1.02 1.03 1.03
 1.03 1.04 1.12 1.12 1.14 1.19 1.21 1.23 1.23 1.24 1.26 1.32 1.47 1.63
 1.72 1.81 1.89 1.9 ]
var: 0.24307363888888894
| [0m8        [0m | [0m0.7778   [0m | [0m0.1682   [0m | [0m15.12    [0m | [0m2.453    [0m |
[0.01 0.02 0.03 0.08 0.09 0.1  0.13 0.16 0.2  0.2  0.22 0.38 0.47 0.47
 0.47 0.54 0.54 0.59 0.61 0.62 0.65 0.65 0.65 0.69 0.7  0.74 0.76 0.81
 0.88 0.9  0.96 1.01 1.1  1.11 1.14 1.26 1.27 1.35 1.37 1.4  1.4  1.42
 1.43 1.46 1.51 1.54 1.58 1.61 1.72 1.73 1.74 1.79 1.82 1.96 2.02 2.07
 2.09 2.6  3.22 3.45]
var: 0.5774283055555556
| [0m9        [0m | [0m1.058    [0m | [0m0.03925  [0m | [0m38.17    [0m | [0m1.2      [0m |
[0.3  0.34 0.46 0.48 0.51 0.54 0.56 0.59 0.6  0.61 0.63 0.65 0.69 0.71
 0.72 0.72 0.74 0.76 0.78 0.8  0.8  0.8  0.81 0.82 0.88 1.06 1.08 1.08
 1.09 1.19 1.22 1.22 1.23 1.24 1.25 1.26 1.26 1.3  1.31 1.32 1.34 1.38
 1.43 1.53 1.59 1.59 1.6  1.65 1.69 1.71 1.95 2.01 2.01 2.12 2.2  2.62
 2.67 2.67 2.84 3.39]
var: 0.45009666666666637
| [0m10       [0m | [0m1.24     [0m | [0m0.2923   [0m | [0m33.08    [0m | [0m0.2842   [0m |
[0.03 0.05 0.11 0.11 0.12 0.12 0.13 0.19 0.2  0.23 0.24 0.25 0.29 0.3
 0.32 0.34 0.35 0.35 0.36 0.37 0.38 0.39 0.39 0.39 0.4  0.43 0.43 0.44
 0.46 0.46 0.48 0.48 0.48 0.49 0.51 0.52 0.53 0.53 0.56 0.57 0.6  0.64
 0.66 0.67 0.71 0.73 0.74 0.75 0.75 0.79 0.79 0.86 0.86 1.   1.06 1.07
 1.09 1.13 1.59 1.63]
var: 0.11141388888888915
| [0m11       [0m | [0m0.5317   [0m | [0m0.181    [0m | [0m46.11    [0m | [0m2.799    [0m |
[0.   0.03 0.04 0.04 0.04 0.12 0.14 0.17 0.18 0.22 0.23 0.25 0.25 0.28
 0.33 0.33 0.36 0.36 0.37 0.38 0.39 0.42 0.42 0.46 0.47 0.51 0.52 0.56
 0.61 0.61 0.62 0.64 0.74 0.75 0.76 0.78 0.78 0.84 0.85 0.87 0.88 0.9
 0.96 1.02 1.11 1.16 1.2  1.2  1.23 1.31 1.32 1.4  1.55 1.59 1.62 1.68
 1.74 1.83 2.   2.61]
var: 0.3213280833333337
| [0m12       [0m | [0m0.7505   [0m | [0m0.198    [0m | [0m24.58    [0m | [0m1.073    [0m |
[0.23 0.56 0.56 0.59 0.69 0.73 0.73 0.76 0.76 0.78 0.78 0.79 0.83 0.86
 1.03 1.08 1.09 1.13 1.23 1.23 1.24 1.28 1.29 1.31 1.39 1.4  1.43 1.43
 1.44 1.51 1.62 1.64 1.66 1.67 1.69 1.73 1.91 2.03 2.04 2.07 2.1  2.12
 2.17 2.24 2.25 2.32 2.34 2.35 2.56 2.74 2.75 2.82 3.04 3.1  3.14 3.43
 3.44 3.5  3.55 3.7 ]
var: 0.7863148888888888
| [95m13       [0m | [95m1.731    [0m | [95m0.183    [0m | [95m29.45    [0m | [95m0.1188   [0m |
[0.02 0.08 0.19 0.24 0.28 0.28 0.31 0.38 0.42 0.43 0.43 0.47 0.48 0.52
 0.54 0.55 0.6  0.61 0.62 0.63 0.64 0.65 0.65 0.65 0.69 0.7  0.71 0.72
 0.72 0.73 0.77 0.78 0.8  0.8  0.82 0.85 0.86 0.88 0.91 0.93 0.96 0.98
 1.   1.02 1.08 1.08 1.09 1.11 1.14 1.28 1.29 1.31 1.31 1.34 1.36 1.4
 1.51 1.74 1.85 1.97]
var: 0.17201622222222215
| [0m14       [0m | [0m0.8193   [0m | [0m0.2044   [0m | [0m5.548    [0m | [0m1.879    [0m |
[0.05 0.05 0.12 0.13 0.13 0.33 0.33 0.38 0.39 0.43 0.46 0.47 0.48 0.49
 0.51 0.56 0.59 0.66 0.67 0.7  0.73 0.73 0.74 0.76 0.76 0.81 0.84 0.85
 1.03 1.04 1.11 1.12 1.13 1.13 1.15 1.15 1.15 1.17 1.18 1.19 1.21 1.22
 1.22 1.23 1.23 1.25 1.28 1.32 1.38 1.49 1.54 1.58 1.72 1.78 1.8  1.96
 2.12 2.33 2.5  2.7 ]
var: 0.35135288888888844
| [0m15       [0m | [0m1.009    [0m | [0m0.1409   [0m | [0m12.84    [0m | [0m1.372    [0m |
[0.03 0.06 0.08 0.08 0.1  0.25 0.26 0.27 0.32 0.33 0.34 0.37 0.46 0.47
 0.48 0.48 0.53 0.53 0.58 0.59 0.66 0.68 0.71 0.72 0.72 0.82 0.83 0.88
 0.93 0.94 0.97 0.99 1.01 1.02 1.04 1.05 1.07 1.07 1.08 1.09 1.1  1.15
 1.19 1.21 1.23 1.25 1.25 1.31 1.36 1.37 1.45 1.5  1.51 1.51 1.55 1.61
 1.67 2.02 2.1  2.1 ]
var: 0.26434475000000013
| [0m16       [0m | [0m0.9055   [0m | [0m0.05151  [0m | [0m32.67    [0m | [0m1.403    [0m |
[0.   0.   0.   0.08 0.09 0.1  0.13 0.14 0.16 0.23 0.23 0.25 0.25 0.25
 0.27 0.27 0.28 0.32 0.33 0.37 0.41 0.44 0.45 0.46 0.5  0.5  0.55 0.63
 0.64 0.65 0.65 0.68 0.69 0.75 0.76 0.76 0.76 0.76 0.76 0.77 0.8  0.84
 0.92 0.93 0.94 0.95 1.17 1.2  1.22 1.22 1.28 1.44 1.45 1.58 1.62 1.63
 2.06 2.1  2.28 4.28]
var: 0.49891808333333315
| [0m17       [0m | [0m0.7705   [0m | [0m0.263    [0m | [0m40.83    [0m | [0m1.983    [0m |
[0.14 0.25 0.27 0.33 0.36 0.41 0.49 0.5  0.78 1.   1.   1.04 1.08 1.11
 1.4  1.44 1.49 1.52 1.52 1.54 1.65 1.74 1.75 1.88 1.9  1.91 1.91 2.
 2.03 2.04 2.07 2.16 2.16 2.21 2.27 2.28 2.33 2.36 2.38 2.42 2.43 2.51
 2.53 2.59 2.71 2.72 2.81 2.98 3.   3.08 3.14 3.2  3.25 3.27 3.28 3.47
 3.52 3.9  4.37 4.48]
var: 1.066689555555556
| [95m18       [0m | [95m2.039    [0m | [95m0.00626  [0m | [95m22.49    [0m | [95m0.6738   [0m |
[0.02 0.02 0.05 0.05 0.05 0.07 0.07 0.08 0.12 0.14 0.18 0.23 0.23 0.33
 0.34 0.34 0.38 0.38 0.45 0.45 0.53 0.53 0.56 0.66 0.66 0.7  0.7  0.7
 0.71 0.72 0.75 0.76 0.77 0.77 0.78 0.83 0.85 0.85 0.9  0.95 0.95 1.
 1.01 1.09 1.09 1.1  1.14 1.15 1.16 1.19 1.21 1.22 1.25 1.32 1.33 1.47
 1.57 1.61 1.69 1.77]
var: 0.21898099999999934
| [0m19       [0m | [0m0.733    [0m | [0m0.1091   [0m | [0m40.38    [0m | [0m1.782    [0m |
[0.   0.01 0.01 0.02 0.07 0.09 0.12 0.14 0.14 0.16 0.17 0.2  0.21 0.22
 0.26 0.27 0.3  0.34 0.36 0.36 0.36 0.37 0.45 0.45 0.53 0.55 0.55 0.56
 0.57 0.63 0.68 0.69 0.72 0.77 0.79 0.79 0.8  0.82 0.82 0.83 0.85 0.87
 0.95 0.99 0.99 1.01 1.01 1.01 1.07 1.14 1.14 1.18 1.27 1.32 1.36 1.42
 1.69 1.78 2.31 2.92]
var: 0.31706122222222227
| [0m20       [0m | [0m0.7077   [0m | [0m0.1757   [0m | [0m30.05    [0m | [0m1.768    [0m |
[0.02 0.1  0.13 0.14 0.15 0.15 0.18 0.21 0.24 0.37 0.37 0.48 0.51 0.55
 0.57 0.6  0.64 0.67 0.69 0.7  0.71 0.75 0.78 0.94 0.94 1.02 1.04 1.05
 1.06 1.06 1.06 1.07 1.1  1.22 1.25 1.26 1.26 1.28 1.31 1.32 1.32 1.33
 1.36 1.4  1.42 1.49 1.53 1.55 1.57 1.58 1.76 1.78 1.88 2.   2.13 2.25
 2.69 2.74 2.76 3.63]
var: 0.5438815555555556
| [0m21       [0m | [0m1.119    [0m | [0m0.04462  [0m | [0m13.83    [0m | [0m0.9807   [0m |
[0.   0.   0.02 0.03 0.05 0.07 0.08 0.11 0.11 0.13 0.18 0.21 0.27 0.35
 0.35 0.35 0.36 0.36 0.39 0.46 0.48 0.5  0.51 0.55 0.55 0.57 0.57 0.62
 0.66 0.67 0.67 0.68 0.69 0.69 0.69 0.71 0.72 0.77 0.8  0.83 0.91 0.92
 0.93 0.95 0.98 1.01 1.02 1.06 1.08 1.09 1.14 1.15 1.39 1.41 1.5  1.53
 1.53 1.57 1.94 3.6 ]
var: 0.34635155555555547
| [0m22       [0m | [0m0.7253   [0m | [0m0.2654   [0m | [0m39.02    [0m | [0m1.057    [0m |
[0.   0.05 0.06 0.06 0.14 0.14 0.19 0.19 0.22 0.25 0.25 0.25 0.25 0.29
 0.31 0.33 0.36 0.37 0.41 0.47 0.61 0.63 0.64 0.67 0.69 0.7  0.78 0.82
 0.84 0.94 0.98 1.   1.03 1.06 1.07 1.09 1.1  1.1  1.15 1.16 1.17 1.18
 1.19 1.23 1.28 1.29 1.31 1.38 1.46 1.52 1.56 1.6  1.63 1.64 1.98 2.22
 2.62 2.8  3.17 3.57]
var: 0.5866009722222227
| [0m23       [0m | [0m0.9742   [0m | [0m0.1524   [0m | [0m15.02    [0m | [0m1.221    [0m |
[0.02 0.13 0.14 0.19 0.23 0.29 0.35 0.38 0.39 0.4  0.46 0.47 0.5  0.52
 0.52 0.58 0.61 0.63 0.66 0.66 0.66 0.68 0.69 0.73 0.81 0.88 0.91 0.96
 1.01 1.01 1.03 1.05 1.1  1.14 1.16 1.18 1.19 1.2  1.23 1.26 1.3  1.36
 1.4  1.42 1.44 1.44 1.52 1.61 1.62 1.64 1.69 1.7  1.7  1.82 1.83 1.86
 2.12 2.28 2.79 2.94]
var: 0.4009683055555548
| [0m24       [0m | [0m1.058    [0m | [0m0.1593   [0m | [0m19.11    [0m | [0m0.9829   [0m |
[0.13 0.16 0.24 0.26 0.28 0.53 0.6  0.61 0.71 0.84 0.86 0.86 0.87 0.89
 0.95 1.05 1.09 1.13 1.22 1.25 1.25 1.28 1.3  1.32 1.33 1.4  1.5  1.52
 1.58 1.65 1.67 1.74 1.77 1.78 1.8  1.84 1.85 1.86 1.89 1.92 2.01 2.14
 2.17 2.2  2.24 2.29 2.42 2.49 2.51 2.61 2.68 2.69 2.82 2.94 3.34 3.43
 3.45 4.01 4.62 4.66]
var: 1.0435972222222216
| [0m25       [0m | [0m1.742    [0m | [0m0.01565  [0m | [0m45.19    [0m | [0m0.546    [0m |
[0.28 0.48 0.5  0.54 0.61 0.65 0.65 0.66 0.66 0.66 0.68 0.7  0.72 0.74
 0.78 0.84 0.84 0.87 0.89 0.91 0.92 0.96 0.96 0.97 0.98 1.03 1.08 1.14
 1.22 1.22 1.24 1.26 1.27 1.27 1.27 1.31 1.32 1.34 1.36 1.39 1.5  1.56
 1.66 1.73 1.75 1.78 1.81 1.82 1.88 1.9  2.08 2.08 2.1  2.22 2.26 2.29
 2.41 2.67 2.84 3.42]
var: 0.42481808333333326
| [0m26       [0m | [0m1.316    [0m | [0m0.09636  [0m | [0m46.34    [0m | [0m0.302    [0m |
[0.   0.05 0.06 0.14 0.14 0.15 0.29 0.29 0.32 0.34 0.36 0.39 0.41 0.58
 0.63 0.66 0.68 0.7  0.81 0.92 0.93 0.95 1.   1.01 1.02 1.08 1.1  1.12
 1.14 1.2  1.21 1.22 1.25 1.27 1.29 1.29 1.31 1.31 1.32 1.33 1.34 1.4
 1.45 1.51 1.57 1.65 1.79 1.88 1.93 1.99 2.01 2.05 2.05 2.3  2.31 2.41
 2.53 3.28 3.64 4.5 ]
var: 0.7668745555555555
| [0m27       [0m | [0m1.248    [0m | [0m0.002069 [0m | [0m42.31    [0m | [0m1.881    [0m |
[0.05 0.09 0.1  0.12 0.13 0.14 0.16 0.23 0.27 0.27 0.32 0.33 0.37 0.39
 0.4  0.42 0.45 0.49 0.52 0.53 0.54 0.58 0.58 0.64 0.71 0.72 0.72 0.72
 0.76 0.77 0.78 0.81 0.82 0.95 0.96 0.97 1.   1.15 1.18 1.18 1.22 1.27
 1.32 1.32 1.34 1.35 1.38 1.4  1.43 1.45 1.45 1.46 1.56 1.57 1.66 1.72
 2.27 2.31 2.73 3.11]
var: 0.4269862222222223
| [0m28       [0m | [0m0.9273   [0m | [0m0.1645   [0m | [0m13.92    [0m | [0m0.9232   [0m |
[0.41 0.55 0.57 0.57 0.63 0.65 0.66 0.69 0.69 0.7  0.81 0.82 0.84 0.87
 0.89 0.9  0.94 0.99 1.04 1.04 1.04 1.08 1.09 1.1  1.11 1.18 1.2  1.24
 1.24 1.24 1.27 1.39 1.43 1.44 1.48 1.52 1.54 1.55 1.59 1.6  1.66 1.69
 1.7  1.7  1.75 1.8  1.82 1.89 1.9  1.98 2.   2.07 2.46 2.48 2.55 2.61
 2.63 2.74 3.34 3.49]
var: 0.4736876388888895
| [0m29       [0m | [0m1.431    [0m | [0m0.1722   [0m | [0m42.91    [0m | [0m0.09553  [0m |
[0.02 0.06 0.07 0.11 0.18 0.19 0.26 0.26 0.28 0.31 0.31 0.34 0.41 0.41
 0.42 0.43 0.43 0.44 0.44 0.47 0.54 0.57 0.59 0.6  0.6  0.64 0.66 0.66
 0.66 0.69 0.71 0.77 0.78 0.8  0.86 0.87 0.88 0.93 1.   1.03 1.04 1.09
 1.11 1.14 1.24 1.3  1.38 1.46 1.47 1.54 1.76 1.79 1.81 1.88 1.9  1.96
 1.97 2.39 2.45 2.7 ]
var: 0.4143223333333334
| [0m30       [0m | [0m0.901    [0m | [0m0.1801   [0m | [0m13.4     [0m | [0m0.8269   [0m |
[0.   0.04 0.14 0.2  0.24 0.32 0.33 0.49 0.52 0.52 0.53 0.54 0.54 0.6
 0.6  0.64 0.66 0.68 0.7  0.7  0.71 0.72 0.73 0.74 0.76 0.77 0.82 0.84
 0.84 0.85 0.85 0.86 0.88 0.88 0.9  0.95 0.95 0.96 1.05 1.06 1.06 1.07
 1.07 1.07 1.09 1.14 1.18 1.2  1.24 1.25 1.26 1.29 1.3  1.36 1.37 1.45
 1.45 1.66 1.73 2.22]
var: 0.17174030555555564
| [0m31       [0m | [0m0.8762   [0m | [0m0.2119   [0m | [0m8.037    [0m | [0m2.938    [0m |
[0.01 0.03 0.05 0.08 0.16 0.16 0.17 0.2  0.2  0.29 0.3  0.31 0.36 0.4
 0.44 0.57 0.59 0.64 0.65 0.66 0.7  0.71 0.71 0.73 0.73 0.73 0.73 0.74
 0.75 0.75 0.77 0.82 0.82 0.83 0.87 0.88 0.93 0.97 0.97 1.03 1.03 1.08
 1.09 1.13 1.2  1.31 1.32 1.33 1.34 1.35 1.38 1.41 1.45 1.48 1.49 1.49
 2.05 2.15 2.24 3.34]
var: 0.36233500000000024
| [0m32       [0m | [0m0.885    [0m | [0m0.2912   [0m | [0m11.47    [0m | [0m2.744    [0m |
[0.   0.   0.01 0.04 0.05 0.06 0.06 0.06 0.11 0.14 0.15 0.2  0.21 0.26
 0.27 0.29 0.32 0.34 0.34 0.35 0.36 0.38 0.39 0.42 0.43 0.45 0.47 0.5
 0.5  0.51 0.52 0.52 0.54 0.55 0.59 0.6  0.61 0.61 0.62 0.67 0.69 0.74
 0.79 0.95 1.   1.04 1.05 1.05 1.05 1.1  1.12 1.12 1.28 1.35 1.45 1.48
 1.64 2.   2.22 4.11]
var: 0.4416436388888887
| [0m33       [0m | [0m0.6788   [0m | [0m0.1154   [0m | [0m46.38    [0m | [0m2.418    [0m |
[0.53 0.54 0.54 0.7  0.7  0.85 0.89 0.9  0.9  0.92 0.95 0.95 0.96 0.97
 0.98 1.   1.01 1.01 1.05 1.1  1.15 1.17 1.2  1.37 1.42 1.43 1.48 1.48
 1.51 1.53 1.63 1.64 1.67 1.67 1.72 1.76 1.79 1.84 1.86 1.89 1.98 1.99
 2.01 2.06 2.09 2.13 2.13 2.17 2.29 2.33 2.33 2.46 2.53 2.63 2.86 2.9
 2.94 3.01 3.42 4.72]
var: 0.6344062222222216
| [0m34       [0m | [0m1.661    [0m | [0m0.1675   [0m | [0m5.093    [0m | [0m0.05688  [0m |
[0.03 0.07 0.07 0.07 0.08 0.12 0.2  0.22 0.24 0.25 0.28 0.34 0.35 0.35
 0.35 0.4  0.41 0.49 0.58 0.6  0.62 0.63 0.68 0.69 0.72 0.73 0.74 0.78
 0.82 0.83 0.87 0.87 0.92 0.95 0.96 0.97 0.97 0.98 1.09 1.11 1.12 1.19
 1.23 1.24 1.3  1.33 1.38 1.42 1.53 1.59 1.62 1.71 1.97 1.98 2.   2.
 2.07 2.09 2.25 2.53]
var: 0.4002110000000002
| [0m35       [0m | [0m0.933    [0m | [0m0.1998   [0m | [0m20.25    [0m | [0m0.8148   [0m |
[0.   0.03 0.04 0.08 0.09 0.1  0.13 0.13 0.15 0.17 0.18 0.18 0.19 0.22
 0.31 0.34 0.35 0.36 0.49 0.5  0.55 0.56 0.57 0.59 0.62 0.63 0.65 0.7
 0.71 0.72 0.76 0.79 0.81 0.85 0.86 0.86 0.96 1.05 1.08 1.09 1.1  1.11
 1.15 1.15 1.15 1.21 1.22 1.25 1.29 1.39 1.41 1.46 1.62 1.71 1.78 1.96
 2.02 2.17 2.23 2.98]
var: 0.4078816388888893
| [0m36       [0m | [0m0.8468   [0m | [0m0.1274   [0m | [0m5.143    [0m | [0m0.7287   [0m |
[0.   0.03 0.08 0.1  0.11 0.12 0.12 0.17 0.17 0.2  0.28 0.32 0.34 0.36
 0.37 0.42 0.45 0.48 0.53 0.54 0.56 0.58 0.59 0.63 0.65 0.65 0.7  0.71
 0.75 0.75 0.76 0.79 0.83 0.83 0.84 0.84 0.86 0.87 0.98 0.99 1.01 1.11
 1.11 1.15 1.16 1.2  1.21 1.24 1.33 1.43 1.52 1.78 1.96 1.98 2.06 2.07
 2.34 2.35 2.65 2.69]
var: 0.45099833333333356
| [0m37       [0m | [0m0.895    [0m | [0m0.224    [0m | [0m24.06    [0m | [0m1.74     [0m |
[0.   0.02 0.08 0.11 0.11 0.12 0.14 0.16 0.18 0.22 0.22 0.22 0.23 0.25
 0.27 0.27 0.28 0.37 0.38 0.44 0.5  0.53 0.57 0.6  0.6  0.65 0.68 0.72
 0.73 0.77 0.77 0.78 0.84 0.9  0.96 0.98 1.01 1.03 1.15 1.18 1.2  1.22
 1.24 1.24 1.27 1.3  1.31 1.31 1.32 1.33 1.36 1.44 1.65 1.85 1.86 2.
 2.12 2.12 2.34 2.96]
var: 0.42864455555555553
| [0m38       [0m | [0m0.8743   [0m | [0m0.1229   [0m | [0m34.68    [0m | [0m1.037    [0m |
[0.09 0.72 0.78 1.03 1.13 1.14 1.22 1.48 1.56 1.58 1.58 1.6  1.74 1.97
 1.97 1.97 2.05 2.08 2.16 2.35 2.38 2.43 2.48 2.57 2.58 2.61 2.63 2.68
 2.72 2.73 2.79 2.79 3.   3.11 3.13 3.2  3.2  3.28 3.3  3.34 3.38 3.47
 3.61 3.68 3.71 3.78 3.86 3.87 3.88 4.02 4.03 4.15 4.26 4.3  4.51 4.52
 4.95 5.14 5.17 6.57]
var: 1.5606116388888889
| [95m39       [0m | [95m2.867    [0m | [95m0.005246 [0m | [95m19.94    [0m | [95m0.3266   [0m |
[0.05 0.09 0.16 0.16 0.19 0.2  0.24 0.24 0.26 0.27 0.27 0.29 0.3  0.35
 0.36 0.37 0.41 0.43 0.44 0.44 0.48 0.49 0.52 0.54 0.56 0.59 0.63 0.65
 0.65 0.66 0.67 0.68 0.75 0.76 0.76 0.8  0.81 0.83 0.85 0.86 0.87 0.9
 0.95 0.95 1.01 1.03 1.05 1.06 1.06 1.11 1.13 1.15 1.17 1.22 1.29 1.38
 1.55 1.6  2.11 2.23]
var: 0.2095682222222221
| [0m40       [0m | [0m0.7313   [0m | [0m0.1437   [0m | [0m8.649    [0m | [0m2.993    [0m |
[0.   0.   0.   0.   0.   0.   0.   0.   0.01 0.01 0.02 0.02 0.02 0.03
 0.03 0.04 0.05 0.05 0.07 0.07 0.08 0.08 0.09 0.09 0.09 0.09 0.1  0.11
 0.12 0.13 0.13 0.13 0.17 0.18 0.2  0.2  0.27 0.28 0.29 0.3  0.34 0.36
 0.4  0.41 0.42 0.46 0.54 0.58 0.67 0.73 0.8  0.93 0.97 1.02 1.04 1.18
 1.33 1.88 1.92 1.96]
var: 0.23807163888888888
| [0m41       [0m | [0m0.3582   [0m | [0m1e-08    [0m | [0m19.87    [0m | [0m0.1873   [0m |
[0.   0.   0.12 0.16 0.18 0.18 0.19 0.19 0.2  0.21 0.21 0.26 0.28 0.3
 0.32 0.35 0.37 0.57 0.57 0.57 0.58 0.58 0.59 0.59 0.65 0.7  0.74 0.75
 0.75 0.78 0.79 0.82 0.84 0.86 0.88 0.88 0.93 0.96 1.01 1.02 1.04 1.05
 1.09 1.1  1.13 1.14 1.14 1.22 1.22 1.38 1.42 1.58 1.6  1.61 1.76 1.83
 2.19 2.23 2.38 2.78]
var: 0.373919888888889
| [0m42       [0m | [0m0.8637   [0m | [0m0.2021   [0m | [0m30.56    [0m | [0m0.7546   [0m |
[0.06 0.07 0.1  0.1  0.11 0.13 0.15 0.19 0.2  0.2  0.21 0.21 0.22 0.23
 0.25 0.27 0.29 0.35 0.36 0.42 0.43 0.45 0.45 0.46 0.47 0.48 0.49 0.54
 0.54 0.6  0.6  0.6  0.61 0.63 0.63 0.65 0.65 0.69 0.7  0.71 0.76 0.78
 0.78 0.83 0.87 0.87 0.9  0.91 0.92 1.1  1.12 1.31 1.31 1.43 1.47 1.49
 1.49 1.68 1.97 2.31]
var: 0.23889555555555544
| [0m43       [0m | [0m0.6633   [0m | [0m0.1258   [0m | [0m2.956    [0m | [0m0.8639   [0m |
[0.04 0.05 0.06 0.08 0.08 0.13 0.15 0.16 0.3  0.35 0.35 0.46 0.5  0.51
 0.52 0.54 0.59 0.66 0.71 0.72 0.73 0.74 0.75 0.75 0.75 0.77 0.78 0.83
 0.83 0.84 0.85 0.89 0.9  0.92 0.95 0.98 1.03 1.04 1.11 1.11 1.13 1.17
 1.26 1.27 1.38 1.43 1.43 1.52 1.55 1.56 1.57 1.58 1.75 1.89 1.91 1.92
 1.97 2.13 2.35 2.78]
var: 0.3767845555555555
| [0m44       [0m | [0m0.9677   [0m | [0m0.1019   [0m | [0m21.38    [0m | [0m1.965    [0m |
[0.   0.03 0.18 0.25 0.29 0.29 0.39 0.4  0.54 0.56 0.59 0.64 0.67 0.68
 0.68 0.7  0.7  0.71 0.71 0.71 0.72 0.72 0.74 0.74 0.78 0.78 0.81 0.85
 0.85 0.86 0.88 0.88 0.93 1.   1.05 1.06 1.09 1.12 1.12 1.14 1.14 1.16
 1.17 1.18 1.26 1.29 1.31 1.32 1.33 1.34 1.37 1.39 1.5  1.52 1.6  1.63
 1.87 1.91 2.27 2.55]
var: 0.24547763888888932
| [0m45       [0m | [0m0.9658   [0m | [0m0.09173  [0m | [0m12.46    [0m | [0m2.26     [0m |
[0.01 0.03 0.07 0.07 0.07 0.12 0.12 0.13 0.15 0.19 0.2  0.23 0.24 0.25
 0.26 0.31 0.32 0.38 0.39 0.4  0.4  0.41 0.43 0.45 0.47 0.51 0.51 0.52
 0.55 0.56 0.6  0.64 0.65 0.65 0.67 0.68 0.72 0.73 0.73 0.74 0.75 0.79
 0.8  0.81 0.82 0.91 0.96 0.97 1.05 1.05 1.1  1.15 1.18 1.24 1.25 1.33
 1.34 1.66 1.72 1.94]
var: 0.1937298888888891
| [0m46       [0m | [0m0.6397   [0m | [0m0.05463  [0m | [0m48.94    [0m | [0m2.607    [0m |
[0.04 0.04 0.09 0.13 0.13 0.17 0.21 0.25 0.26 0.3  0.33 0.34 0.34 0.34
 0.35 0.36 0.36 0.37 0.38 0.39 0.4  0.41 0.41 0.45 0.49 0.55 0.57 0.58
 0.58 0.58 0.59 0.61 0.63 0.63 0.67 0.72 0.74 0.74 0.74 0.75 0.76 0.83
 0.86 0.86 0.89 0.95 1.03 1.09 1.1  1.11 1.13 1.13 1.15 1.2  1.23 1.26
 1.33 1.54 1.58 1.65]
var: 0.15850722222222194
| [0m47       [0m | [0m0.6617   [0m | [0m0.2238   [0m | [0m2.57     [0m | [0m1.481    [0m |
[0.36 0.4  0.66 0.66 0.84 0.86 0.89 0.93 0.96 0.99 1.04 1.04 1.08 1.13
 1.13 1.15 1.15 1.16 1.19 1.22 1.26 1.31 1.32 1.33 1.34 1.4  1.42 1.44
 1.45 1.51 1.52 1.52 1.52 1.53 1.6  1.66 1.66 1.75 1.76 1.85 1.85 1.86
 1.92 2.06 2.13 2.14 2.16 2.36 2.47 2.52 2.66 2.67 2.87 3.03 3.13 3.19
 3.33 3.37 3.37 4.92]
var: 0.7385855555555552
| [0m48       [0m | [0m1.717    [0m | [0m0.04532  [0m | [0m19.06    [0m | [0m0.0314   [0m |
[0.   0.   0.   0.02 0.02 0.02 0.03 0.09 0.12 0.16 0.22 0.29 0.39 0.4
 0.42 0.44 0.45 0.47 0.48 0.48 0.49 0.49 0.52 0.54 0.59 0.61 0.62 0.63
 0.63 0.64 0.64 0.66 0.66 0.7  0.71 0.71 0.72 0.77 0.77 0.81 0.84 0.85
 0.85 0.88 0.91 0.94 0.98 0.99 1.11 1.13 1.14 1.15 1.29 1.36 1.36 1.38
 1.43 1.48 1.87 2.74]
var: 0.2488027499999999
| [0m49       [0m | [0m0.7015   [0m | [0m0.2906   [0m | [0m40.72    [0m | [0m2.59     [0m |
[0.03 0.13 0.21 0.23 0.25 0.27 0.39 0.4  0.45 0.49 0.51 0.53 0.54 0.65
 0.68 0.71 0.77 0.78 0.78 0.79 0.8  0.81 0.84 0.84 0.84 0.87 0.89 0.89
 0.9  0.91 0.92 0.97 0.98 0.98 1.   1.03 1.04 1.05 1.08 1.11 1.13 1.18
 1.2  1.24 1.24 1.26 1.28 1.33 1.5  1.51 1.56 1.58 1.64 1.81 1.83 2.01
 2.04 2.09 2.22 2.41]
var: 0.28102888888888855
| [0m50       [0m | [0m1.007    [0m | [0m0.05691  [0m | [0m8.508    [0m | [0m2.211    [0m |
[0.02 0.04 0.07 0.11 0.13 0.14 0.28 0.29 0.37 0.39 0.43 0.48 0.49 0.49
 0.5  0.5  0.62 0.64 0.67 0.7  0.74 0.79 0.82 0.84 0.85 0.86 0.91 0.94
 0.95 0.97 1.02 1.07 1.1  1.12 1.13 1.24 1.28 1.32 1.32 1.34 1.37 1.39
 1.44 1.45 1.46 1.47 1.5  1.5  1.55 1.59 1.64 1.68 1.7  1.75 1.88 1.95
 2.   2.16 2.78 2.8 ]
var: 0.40193141666666715
| [0m51       [0m | [0m1.051    [0m | [0m0.08215  [0m | [0m8.192    [0m | [0m0.9598   [0m |
[0.04 0.04 0.04 0.06 0.09 0.12 0.13 0.18 0.21 0.21 0.23 0.24 0.24 0.29
 0.34 0.34 0.36 0.37 0.46 0.48 0.51 0.53 0.55 0.56 0.59 0.67 0.67 0.68
 0.7  0.75 0.75 0.75 0.77 0.8  0.82 0.86 0.86 0.93 0.96 1.03 1.05 1.07
 1.24 1.38 1.4  1.42 1.46 1.61 1.62 1.75 1.84 1.89 1.91 2.12 2.13 2.19
 2.27 2.64 3.13 3.15]
var: 0.5970015555555555
| [0m52       [0m | [0m0.9413   [0m | [0m0.1458   [0m | [0m12.6     [0m | [0m0.9362   [0m |
[0.23 0.41 0.63 0.63 0.7  0.74 0.85 0.96 0.98 1.08 1.2  1.23 1.24 1.26
 1.27 1.34 1.37 1.39 1.61 1.61 1.62 1.64 1.64 1.65 1.65 1.65 1.67 1.81
 1.82 1.84 1.95 2.   2.07 2.17 2.2  2.23 2.24 2.32 2.37 2.4  2.41 2.45
 2.54 2.67 2.71 2.71 2.75 2.84 2.85 2.9  2.97 3.01 3.29 3.35 3.43 3.56
 3.59 3.77 4.09 4.23]
var: 0.8789649722222221
| [0m53       [0m | [0m2.03     [0m | [0m0.183    [0m | [0m12.44    [0m | [0m0.09933  [0m |
[0.59 0.62 0.65 0.68 0.74 0.81 0.92 1.08 1.19 1.22 1.29 1.31 1.31 1.42
 1.5  1.67 1.71 1.82 1.82 1.86 1.87 1.87 1.94 2.   2.01 2.02 2.03 2.13
 2.16 2.16 2.17 2.19 2.21 2.24 2.36 2.39 2.52 2.59 2.6  2.72 2.74 2.78
 2.79 2.85 2.86 2.88 2.91 2.94 3.09 3.12 3.23 3.3  3.31 3.43 3.45 3.63
 3.67 4.15 5.12 8.73]
var: 1.5698369722222236
| [0m54       [0m | [0m2.323    [0m | [0m0.1427   [0m | [0m7.804    [0m | [0m0.06833  [0m |
[0.15 0.17 0.36 0.45 0.48 0.49 0.5  0.53 0.55 0.58 0.61 0.64 0.67 0.67
 0.68 0.71 0.72 0.77 0.78 0.79 0.79 0.8  0.84 0.84 0.85 0.89 0.94 0.94
 0.96 0.98 1.05 1.1  1.13 1.15 1.17 1.18 1.19 1.2  1.23 1.24 1.29 1.44
 1.47 1.55 1.55 1.6  1.82 1.88 1.95 2.05 2.16 2.33 2.41 2.48 2.49 2.77
 2.82 2.86 2.87 3.43]
var: 0.5813783055555557
| [0m55       [0m | [0m1.25     [0m | [0m0.2966   [0m | [0m45.57    [0m | [0m0.2685   [0m |
[0.05 0.05 0.06 0.09 0.09 0.1  0.11 0.12 0.21 0.21 0.23 0.25 0.27 0.3
 0.31 0.32 0.33 0.38 0.42 0.42 0.44 0.51 0.51 0.58 0.6  0.61 0.62 0.65
 0.65 0.67 0.67 0.7  0.73 0.81 0.81 0.82 0.82 0.82 0.82 0.85 1.   1.
 1.08 1.09 1.09 1.09 1.1  1.11 1.13 1.15 1.16 1.23 1.38 1.56 1.8  1.85
 1.89 1.92 3.15 6.07]
var: 0.7905645555555553
| [0m56       [0m | [0m0.8477   [0m | [0m0.2137   [0m | [0m29.59    [0m | [0m0.78     [0m |
[0.01 0.01 0.04 0.3  0.54 0.56 0.58 0.6  0.6  0.61 0.66 0.68 0.69 0.69
 0.69 0.72 0.77 0.8  0.8  0.84 0.87 0.9  0.92 0.92 0.98 0.99 1.04 1.04
 1.07 1.08 1.12 1.13 1.21 1.25 1.28 1.28 1.29 1.3  1.4  1.41 1.47 1.52
 1.55 1.65 1.66 1.66 1.77 1.89 1.89 1.89 1.9  1.93 2.36 2.4  2.65 2.66
 2.72 2.79 3.21 3.77]
var: 0.5989460833333337
| [0m57       [0m | [0m1.284    [0m | [0m0.2004   [0m | [0m49.08    [0m | [0m0.352    [0m |
[0.01 0.02 0.05 0.08 0.12 0.14 0.17 0.19 0.22 0.22 0.23 0.26 0.29 0.29
 0.36 0.38 0.41 0.42 0.47 0.54 0.56 0.59 0.64 0.64 0.65 0.68 0.7  0.7
 0.7  0.73 0.77 0.82 0.85 0.87 0.91 0.93 0.99 0.99 1.   1.01 1.02 1.02
 1.09 1.16 1.16 1.17 1.18 1.21 1.23 1.32 1.33 1.42 1.42 1.43 1.67 1.76
 1.84 2.38 2.45 4.01]
var: 0.46460808333333353
| [0m58       [0m | [0m0.8645   [0m | [0m0.2614   [0m | [0m25.5     [0m | [0m0.673    [0m |
[0.02 0.03 0.03 0.09 0.09 0.12 0.14 0.17 0.18 0.23 0.27 0.27 0.27 0.41
 0.41 0.49 0.5  0.56 0.58 0.59 0.61 0.62 0.64 0.67 0.68 0.69 0.7  0.71
 0.73 0.75 0.76 0.76 0.77 0.78 0.79 0.85 0.9  0.94 0.99 1.02 1.04 1.05
 1.08 1.11 1.18 1.24 1.25 1.26 1.27 1.27 1.33 1.38 1.42 1.52 1.52 1.53
 1.66 1.82 2.07 4.21]
var: 0.4250465555555554
| [0m59       [0m | [0m0.8503   [0m | [0m0.2487   [0m | [0m16.32    [0m | [0m1.837    [0m |
[0.04 0.06 0.08 0.09 0.11 0.13 0.17 0.18 0.18 0.18 0.18 0.19 0.2  0.2
 0.2  0.21 0.22 0.23 0.23 0.24 0.24 0.26 0.28 0.29 0.3  0.31 0.35 0.37
 0.38 0.4  0.41 0.41 0.42 0.42 0.46 0.47 0.47 0.5  0.5  0.5  0.52 0.53
 0.53 0.58 0.58 0.59 0.59 0.67 0.68 0.68 0.69 0.71 0.77 0.79 1.   1.12
 1.15 1.3  1.68 1.8 ]
var: 0.12942099999999995
| [0m60       [0m | [0m0.467    [0m | [0m0.2856   [0m | [0m1.736    [0m | [0m0.7195   [0m |
[0.   0.01 0.02 0.04 0.05 0.09 0.16 0.18 0.18 0.21 0.25 0.28 0.28 0.3
 0.31 0.31 0.32 0.32 0.33 0.41 0.41 0.43 0.43 0.48 0.48 0.5  0.52 0.55
 0.55 0.56 0.57 0.62 0.62 0.65 0.67 0.74 0.74 0.75 0.75 0.8  0.84 0.84
 0.86 0.87 0.87 0.93 0.96 1.   1.08 1.08 1.16 1.18 1.25 1.48 1.51 1.67
 2.   2.   2.05 2.53]
var: 0.2983114166666665
| [0m61       [0m | [0m0.7005   [0m | [0m0.2793   [0m | [0m34.94    [0m | [0m1.404    [0m |
[0.01 0.02 0.04 0.04 0.07 0.08 0.14 0.15 0.15 0.16 0.16 0.16 0.18 0.18
 0.24 0.29 0.32 0.33 0.33 0.34 0.34 0.39 0.4  0.41 0.46 0.48 0.5  0.56
 0.61 0.62 0.63 0.64 0.65 0.66 0.67 0.69 0.72 0.72 0.76 0.78 0.82 0.82
 0.83 0.89 0.98 0.98 1.1  1.11 1.13 1.16 1.16 1.24 1.31 1.31 1.32 1.61
 1.67 1.7  1.84 2.67]
var: 0.282910305555556
| [0m62       [0m | [0m0.6788   [0m | [0m0.258    [0m | [0m49.21    [0m | [0m0.7643   [0m |
[0.   0.03 0.04 0.05 0.13 0.14 0.15 0.16 0.19 0.33 0.34 0.36 0.37 0.39
 0.43 0.5  0.51 0.51 0.52 0.52 0.55 0.56 0.57 0.61 0.63 0.63 0.67 0.68
 0.72 0.72 0.73 0.74 0.87 0.87 0.89 0.9  0.9  0.91 0.95 0.95 0.97 0.97
 0.99 1.01 1.02 1.04 1.04 1.05 1.06 1.16 1.16 1.22 1.22 1.27 1.28 1.36
 1.55 1.63 2.01 2.15]
var: 0.21131488888888889
| [0m63       [0m | [0m0.7647   [0m | [0m0.2766   [0m | [0m49.75    [0m | [0m1.097    [0m |
[0.   0.01 0.01 0.03 0.07 0.11 0.12 0.13 0.16 0.16 0.25 0.25 0.31 0.34
 0.38 0.39 0.39 0.41 0.42 0.45 0.49 0.5  0.51 0.52 0.57 0.58 0.59 0.6
 0.64 0.64 0.65 0.66 0.67 0.67 0.68 0.71 0.73 0.74 0.77 0.8  0.8  0.82
 0.83 0.87 0.9  0.95 1.01 1.01 1.03 1.04 1.04 1.06 1.25 1.32 1.34 1.43
 1.7  2.12 2.13 2.17]
var: 0.25016697222222223
| [0m64       [0m | [0m0.6988   [0m | [0m0.2709   [0m | [0m40.77    [0m | [0m1.923    [0m |
[0.1  0.13 0.2  0.31 0.43 0.51 0.53 0.55 0.56 0.6  0.65 0.67 0.69 0.7
 0.71 0.71 0.71 0.74 0.75 0.76 0.79 0.89 0.91 0.93 0.96 1.   1.01 1.07
 1.09 1.09 1.1  1.11 1.15 1.16 1.17 1.18 1.24 1.24 1.32 1.36 1.36 1.38
 1.39 1.42 1.49 1.63 1.64 1.68 1.68 1.72 1.74 1.78 1.82 1.86 1.91 2.13
 2.23 2.85 2.87 3.59]
var: 0.43934208333333336
| [0m65       [0m | [0m1.183    [0m | [0m0.172    [0m | [0m39.54    [0m | [0m0.4268   [0m |
[0.29 0.33 0.46 0.69 0.73 0.75 0.77 0.79 0.81 0.81 0.9  0.9  1.   1.06
 1.14 1.15 1.15 1.16 1.18 1.2  1.21 1.23 1.24 1.27 1.29 1.29 1.3  1.31
 1.31 1.32 1.33 1.35 1.36 1.38 1.39 1.41 1.42 1.47 1.5  1.53 1.59 1.69
 1.7  1.76 1.8  1.81 1.9  1.95 1.97 1.99 2.01 2.05 2.09 2.12 2.37 2.51
 2.71 2.84 3.12 3.64]
var: 0.4133688888888887
| [0m66       [0m | [0m1.463    [0m | [0m0.09154  [0m | [0m7.79     [0m | [0m0.03742  [0m |
[0.   0.   0.05 0.09 0.12 0.13 0.14 0.16 0.18 0.26 0.27 0.28 0.34 0.37
 0.38 0.4  0.42 0.45 0.49 0.52 0.56 0.61 0.63 0.64 0.64 0.65 0.67 0.69
 0.7  0.71 0.74 0.75 0.77 0.81 0.84 0.91 0.91 0.97 0.98 1.   1.07 1.08
 1.09 1.09 1.09 1.11 1.11 1.13 1.15 1.22 1.25 1.28 1.32 1.33 1.33 1.59
 1.74 1.84 2.74 3.62]
var: 0.3903860833333331
| [0m67       [0m | [0m0.8235   [0m | [0m0.2991   [0m | [0m22.93    [0m | [0m1.288    [0m |
[0.05 0.07 0.17 0.2  0.24 0.27 0.77 0.79 0.89 0.92 1.04 1.15 1.23 1.36
 1.4  1.41 1.43 1.44 1.48 1.49 1.5  1.77 1.77 1.78 1.81 1.88 1.9  1.9
 1.98 2.05 2.06 2.07 2.14 2.19 2.22 2.32 2.33 2.35 2.46 2.56 2.57 2.59
 2.6  2.61 2.73 2.77 2.81 3.1  3.43 3.5  3.6  3.68 3.69 3.84 3.93 4.22
 4.37 5.17 5.35 5.76]
var: 1.6579106666666659
| [0m68       [0m | [0m2.186    [0m | [0m0.003838 [0m | [0m45.15    [0m | [0m0.547    [0m |
[0.02 0.03 0.03 0.13 0.17 0.21 0.23 0.24 0.28 0.3  0.37 0.37 0.39 0.4
 0.4  0.43 0.45 0.45 0.47 0.48 0.51 0.56 0.6  0.64 0.67 0.68 0.68 0.68
 0.7  0.71 0.73 0.8  0.82 0.83 0.86 0.88 0.91 0.93 0.95 0.95 0.98 1.03
 1.06 1.1  1.14 1.31 1.32 1.32 1.33 1.43 1.48 1.57 1.6  1.63 1.65 1.87
 1.87 1.93 1.95 2.01]
var: 0.2860859999999995
| [0m69       [0m | [0m0.842    [0m | [0m0.1651   [0m | [0m46.23    [0m | [0m0.63     [0m |
[0.04 0.06 0.73 0.83 0.95 0.96 1.11 1.29 1.32 1.34 1.35 1.35 1.46 1.47
 1.49 1.56 1.63 1.73 1.74 1.83 1.83 1.97 2.02 2.02 2.06 2.06 2.12 2.24
 2.25 2.32 2.32 2.34 2.36 2.56 2.57 2.7  2.72 2.75 2.77 2.8  2.82 2.85
 2.88 2.98 3.03 3.12 3.15 3.25 3.26 3.27 3.56 3.61 4.16 4.16 4.3  4.68
 4.9  5.13 5.19 5.44]
var: 1.464147333333333
| [0m70       [0m | [0m2.446    [0m | [0m0.005912 [0m | [0m19.95    [0m | [0m0.3443   [0m |
[0.07 0.08 0.11 0.19 0.23 0.24 0.29 0.32 0.32 0.41 0.42 0.47 0.5  0.52
 0.53 0.56 0.58 0.6  0.63 0.65 0.66 0.67 0.7  0.72 0.73 0.76 0.77 0.77
 0.78 0.8  0.86 0.89 0.9  0.9  0.91 1.   1.03 1.04 1.07 1.07 1.1  1.2
 1.21 1.27 1.31 1.32 1.34 1.34 1.4  1.47 1.5  1.55 1.64 1.67 1.7  1.95
 2.   2.12 2.42 3.22]
var: 0.3646526666666666
| [0m71       [0m | [0m0.958    [0m | [0m0.03163  [0m | [0m3.561    [0m | [0m0.9785   [0m |
[0.   0.01 0.05 0.11 0.12 0.17 0.18 0.21 0.21 0.22 0.22 0.23 0.25 0.28
 0.29 0.34 0.36 0.39 0.46 0.49 0.52 0.57 0.58 0.6  0.6  0.6  0.66 0.69
 0.7  0.71 0.72 0.72 0.72 0.73 0.74 0.75 0.78 0.8  0.91 0.92 0.99 1.03
 1.08 1.1  1.14 1.14 1.17 1.2  1.23 1.26 1.44 1.52 1.52 1.53 1.56 1.6
 1.61 1.68 1.84 2.22]
var: 0.2688880833333335
| [0m72       [0m | [0m0.7745   [0m | [0m0.2191   [0m | [0m34.39    [0m | [0m1.95     [0m |
[0.4  0.62 0.63 0.77 0.8  0.8  0.81 0.85 0.86 0.87 0.88 0.93 1.04 1.11
 1.12 1.3  1.34 1.37 1.42 1.43 1.48 1.54 1.55 1.58 1.62 1.64 1.67 1.76
 1.8  1.82 1.86 1.88 1.95 1.97 1.98 1.99 2.01 2.02 2.03 2.05 2.07 2.09
 2.13 2.17 2.36 2.44 2.44 2.65 2.74 2.79 2.83 2.84 3.41 3.42 3.43 3.58
 3.93 4.47 4.73 5.36]
var: 1.0817403055555554
| [0m73       [0m | [0m1.957    [0m | [0m0.03407  [0m | [0m19.94    [0m | [0m0.3258   [0m |
[0.58 0.61 0.63 0.68 0.7  0.8  0.82 0.84 0.84 0.87 0.87 0.95 0.95 0.96
 0.99 0.99 1.05 1.33 1.33 1.34 1.35 1.38 1.42 1.44 1.47 1.59 1.6  1.66
 1.7  1.74 1.76 1.77 1.77 1.81 1.89 1.95 1.95 1.98 1.98 1.98 1.98 2.03
 2.11 2.12 2.26 2.31 2.41 2.46 2.48 2.56 2.6  2.66 3.02 3.05 3.08 3.08
 3.09 3.35 3.36 4.43]
var: 0.6947462222222224
| [0m74       [0m | [0m1.779    [0m | [0m0.06471  [0m | [0m19.92    [0m | [0m0.3754   [0m |
[0.6  0.71 0.82 0.96 0.99 1.   1.04 1.1  1.11 1.15 1.18 1.27 1.27 1.34
 1.41 1.42 1.45 1.59 1.6  1.66 1.74 1.75 1.81 1.81 1.83 1.85 1.86 1.87
 1.92 1.93 1.95 1.97 2.   2.01 2.05 2.05 2.06 2.11 2.12 2.18 2.22 2.37
 2.37 2.49 2.49 2.51 2.57 2.57 2.58 2.66 2.87 2.9  2.91 2.94 2.99 3.02
 3.06 3.29 3.34 6.81]
var: 0.8467783333333333
| [0m75       [0m | [0m2.025    [0m | [0m0.192    [0m | [0m7.879    [0m | [0m0.0728   [0m |
[0.05 0.07 0.09 0.09 0.12 0.12 0.13 0.18 0.19 0.23 0.29 0.3  0.31 0.33
 0.37 0.41 0.45 0.49 0.61 0.62 0.62 0.63 0.64 0.66 0.72 0.75 0.76 0.77
 0.77 0.78 0.79 0.92 0.96 0.98 1.01 1.05 1.06 1.09 1.09 1.14 1.15 1.17
 1.17 1.22 1.28 1.31 1.32 1.35 1.37 1.39 1.39 1.4  1.55 1.56 1.93 1.94
 2.15 2.23 2.99 3.44]
var: 0.4686187499999997
| [0m76       [0m | [0m0.9325   [0m | [0m0.2117   [0m | [0m16.07    [0m | [0m1.455    [0m |
[0.   0.04 0.04 0.1  0.1  0.1  0.17 0.19 0.22 0.27 0.31 0.34 0.41 0.46
 0.49 0.55 0.57 0.61 0.62 0.65 0.68 0.7  0.71 0.72 0.74 0.74 0.76 0.77
 0.77 0.77 0.78 0.79 0.8  0.82 0.89 0.9  0.92 0.99 1.   1.03 1.1  1.12
 1.12 1.13 1.15 1.22 1.23 1.29 1.29 1.29 1.31 1.41 1.48 1.61 1.76 1.89
 2.18 2.28 2.71 2.79]
var: 0.37468599999999974
| [0m77       [0m | [0m0.898    [0m | [0m0.1509   [0m | [0m12.28    [0m | [0m2.106    [0m |
[0.4  0.58 0.74 0.84 0.86 0.96 1.21 1.21 1.27 1.28 1.3  1.32 1.32 1.33
 1.46 1.59 1.59 1.62 1.63 1.68 1.7  1.74 1.76 1.78 1.84 1.87 1.88 1.92
 1.97 1.97 1.98 2.   2.02 2.08 2.11 2.14 2.24 2.26 2.34 2.34 2.36 2.36
 2.5  2.54 2.6  2.68 2.7  2.76 2.79 2.92 2.93 3.05 3.12 3.16 3.16 3.2
 3.37 3.48 3.59 4.17]
var: 0.6399280833333338
| [0m78       [0m | [0m2.06     [0m | [0m0.1087   [0m | [0m12.43    [0m | [0m0.09825  [0m |
[0.38 0.58 0.58 0.58 0.69 0.86 0.9  0.9  0.99 1.09 1.1  1.11 1.27 1.5
 1.59 1.68 1.69 1.74 1.75 1.75 1.77 1.79 1.79 1.83 1.85 1.9  1.91 1.92
 1.92 1.96 1.98 2.02 2.02 2.08 2.09 2.11 2.14 2.3  2.4  2.45 2.57 2.61
 2.69 2.69 2.72 2.74 2.74 2.78 2.85 2.85 2.97 3.07 3.1  3.18 3.41 3.44
 3.44 3.49 3.82 4.75]
var: 0.8077669722222224
| [0m79       [0m | [0m2.081    [0m | [0m0.1533   [0m | [0m7.84     [0m | [0m0.1181   [0m |
[0.   0.02 0.09 0.1  0.12 0.14 0.18 0.19 0.3  0.33 0.38 0.39 0.45 0.51
 0.53 0.6  0.62 0.68 0.7  0.72 0.73 0.75 0.81 0.82 0.85 0.89 0.94 0.98
 1.   1.07 1.08 1.09 1.09 1.25 1.25 1.3  1.33 1.36 1.37 1.39 1.41 1.48
 1.51 1.52 1.55 1.64 1.7  1.7  1.72 1.75 2.04 2.11 2.18 2.29 2.33 2.42
 2.75 2.85 3.34 3.5 ]
var: 0.6637516388888888
| [0m80       [0m | [0m1.17     [0m | [0m0.005793 [0m | [0m17.52    [0m | [0m2.248    [0m |
=============================================================
None
num_trials:  40  inits,  40  iters,  60  per
rho:  0.1
pthin:  0.995

Best VPT: 2.866833333333335
Best result: {'a': 0.0052458150021146765, 'g': 19.94336727693694, 's': 0.32658507190333785}

KERNEL: nu=1.5, lengthscale=2.0, alpha=0.0005
