|   iter    |  target   |     a     |     g     |     s     |
-------------------------------------------------------------
[0.13 0.33 0.33 0.39 0.73 0.78 0.88 0.9  0.92 0.94 0.96 0.98 1.01 1.05
 1.06 1.16 1.2  1.25 1.27 1.29 1.34 1.37 1.39 1.41 1.42 1.46 1.49 1.5
 1.57 1.58 1.58 1.64 1.67 1.69 1.74 1.75 1.76 1.76 1.81 1.92 1.99 2.08
 2.14 2.2  2.25 2.31 2.48 2.56 2.6  2.93 3.04 3.06 3.12 3.2  3.29 3.39
 3.64 3.64 4.25 4.55]
var: 0.9382003055555558
| [0m1        [0m | [0m1.802    [0m | [0m0.1464   [0m | [0m20.44    [0m | [0m0.3687   [0m |
[0.02 0.05 0.15 0.18 0.22 0.22 0.28 0.29 0.36 0.38 0.42 0.44 0.46 0.47
 0.47 0.55 0.61 0.63 0.63 0.68 0.68 0.69 0.69 0.7  0.71 0.71 0.77 0.82
 0.82 0.83 0.84 0.87 0.88 0.89 0.9  0.92 0.97 0.98 0.99 0.99 1.02 1.05
 1.08 1.08 1.09 1.09 1.1  1.17 1.2  1.24 1.27 1.28 1.3  1.32 1.35 1.43
 1.56 1.61 2.09 3.59]
var: 0.2944593333333339
| [0m2        [0m | [0m0.868    [0m | [0m0.125    [0m | [0m2.014    [0m | [0m2.802    [0m |
[0.   0.   0.01 0.03 0.04 0.06 0.1  0.11 0.16 0.2  0.23 0.26 0.3  0.32
 0.37 0.38 0.42 0.43 0.44 0.45 0.46 0.47 0.51 0.55 0.58 0.59 0.6  0.61
 0.64 0.64 0.66 0.67 0.7  0.7  0.72 0.78 0.8  0.82 0.82 0.97 1.01 1.02
 1.04 1.06 1.07 1.1  1.12 1.14 1.16 1.17 1.2  1.27 1.29 1.47 1.47 1.9
 1.92 1.96 2.82 3.33]
var: 0.4115948888888886
| [0m3        [0m | [0m0.7853   [0m | [0m0.01148  [0m | [0m47.43    [0m | [0m2.75     [0m |
[0.02 0.09 0.11 0.17 0.17 0.18 0.18 0.24 0.25 0.26 0.27 0.31 0.34 0.34
 0.36 0.37 0.38 0.45 0.47 0.5  0.56 0.59 0.69 0.74 0.74 0.79 0.79 0.81
 0.82 0.84 0.85 0.87 0.87 0.88 0.89 0.95 0.97 0.99 1.02 1.03 1.04 1.08
 1.08 1.18 1.18 1.19 1.23 1.23 1.38 1.54 1.57 1.72 1.88 1.88 1.98 2.06
 2.57 2.6  2.6  2.7 ]
var: 0.45129955555555573
| [0m4        [0m | [0m0.9307   [0m | [0m0.03953  [0m | [0m1.656    [0m | [0m2.345    [0m |
[0.79 0.79 0.9  1.04 1.06 1.1  1.13 1.17 1.17 1.54 1.55 1.58 1.6  1.65
 1.67 1.72 1.75 1.81 1.82 1.83 1.84 1.84 1.88 1.9  1.94 1.95 2.   2.02
 2.02 2.08 2.08 2.31 2.36 2.37 2.41 2.42 2.52 2.58 2.63 2.65 2.88 2.95
 2.98 2.99 3.05 3.11 3.18 3.18 3.3  3.38 3.51 3.56 3.7  3.76 3.85 4.29
 4.48 5.01 6.12 6.6 ]
var: 1.415230972222222
| [95m5        [0m | [95m2.456    [0m | [95m0.1671   [0m | [95m27.25    [0m | [95m0.0414   [0m |
[0.45 0.46 0.5  0.72 0.88 0.89 1.05 1.41 1.56 1.61 1.63 1.64 1.67 1.73
 1.87 1.94 2.01 2.09 2.09 2.14 2.15 2.15 2.23 2.24 2.29 2.29 2.44 2.52
 2.58 2.59 2.62 2.68 2.72 2.78 2.81 2.87 2.87 2.89 2.9  2.93 2.98 3.1
 3.29 3.46 3.5  3.51 3.56 3.65 4.09 4.09 4.09 4.21 4.48 4.71 4.83 5.16
 5.39 5.72 5.96 7.56]
var: 2.0201703055555553
| [95m6        [0m | [95m2.787    [0m | [95m0.2209   [0m | [95m13.88    [0m | [95m0.07245  [0m |
[0.   0.04 0.09 0.11 0.12 0.14 0.28 0.34 0.37 0.4  0.46 0.47 0.5  0.5
 0.55 0.56 0.66 0.67 0.67 0.67 0.67 0.69 0.74 0.77 0.77 0.79 0.79 0.84
 0.9  0.95 0.97 1.04 1.13 1.14 1.17 1.18 1.32 1.35 1.35 1.41 1.43 1.43
 1.5  1.5  1.51 1.57 1.57 1.61 1.71 1.72 1.74 1.79 1.82 1.93 2.17 2.21
 2.59 2.76 2.96 3.1 ]
var: 0.5292183055555555
| [0m7        [0m | [0m1.103    [0m | [0m0.1909   [0m | [0m39.32    [0m | [0m1.007    [0m |
[0.01 0.01 0.02 0.06 0.06 0.06 0.06 0.09 0.09 0.16 0.19 0.29 0.36 0.37
 0.39 0.39 0.43 0.53 0.54 0.55 0.57 0.59 0.66 0.67 0.71 0.73 0.73 0.74
 0.74 0.76 0.81 0.87 0.87 0.9  0.9  0.9  0.91 0.97 0.97 1.   1.01 1.01
 1.02 1.04 1.04 1.08 1.08 1.19 1.25 1.32 1.38 1.45 1.52 1.77 1.85 2.13
 2.3  2.43 2.46 5.12]
var: 0.6547916388888885
| [0m8        [0m | [0m0.9018   [0m | [0m0.09211  [0m | [0m42.51    [0m | [0m2.094    [0m |
[0.07 0.14 0.15 0.22 0.28 0.37 0.39 0.4  0.43 0.5  0.6  0.61 0.69 0.71
 0.81 0.85 0.87 0.88 0.89 0.98 0.98 1.09 1.18 1.2  1.24 1.25 1.27 1.28
 1.43 1.52 1.56 1.56 1.6  1.62 1.62 1.63 1.66 1.7  1.71 1.78 1.79 1.89
 2.05 2.06 2.12 2.18 2.29 2.3  2.31 2.32 2.33 2.34 2.63 2.64 2.67 2.77
 2.84 3.27 3.3  3.61]
var: 0.7481780833333346
| [0m9        [0m | [0m1.491    [0m | [0m0.01187  [0m | [0m11.49    [0m | [0m2.663    [0m |
[0.01 0.05 0.05 0.08 0.09 0.12 0.12 0.25 0.26 0.29 0.3  0.44 0.48 0.49
 0.5  0.51 0.56 0.58 0.59 0.59 0.6  0.61 0.65 0.68 0.71 0.71 0.76 0.77
 0.77 0.8  0.81 0.85 0.85 0.98 0.99 1.04 1.08 1.13 1.14 1.33 1.36 1.39
 1.41 1.41 1.44 1.48 1.54 1.64 1.65 1.66 1.7  1.75 1.98 2.24 2.3  2.34
 2.35 2.73 2.85 3.57]
var: 0.594664972222223
| [0m10       [0m | [0m1.04     [0m | [0m0.03835  [0m | [0m40.34    [0m | [0m2.173    [0m |
[0.1  0.15 0.15 0.17 0.19 0.2  0.26 0.27 0.3  0.31 0.31 0.36 0.44 0.48
 0.5  0.51 0.51 0.58 0.59 0.62 0.64 0.64 0.66 0.66 0.67 0.69 0.72 0.78
 0.81 0.82 0.82 0.88 0.88 0.89 0.89 0.9  0.95 0.98 1.   1.06 1.11 1.12
 1.27 1.29 1.3  1.33 1.42 1.45 1.45 1.57 1.6  1.73 1.76 1.84 1.99 2.1
 2.14 2.15 2.17 2.85]
var: 0.38140655555555586
| [0m11       [0m | [0m0.9497   [0m | [0m0.04978  [0m | [0m48.55    [0m | [0m2.268    [0m |
[0.03 0.04 0.44 0.51 0.65 0.75 0.98 0.99 1.03 1.3  1.34 1.41 1.49 1.53
 1.55 1.6  1.71 1.73 1.78 1.9  1.91 1.93 2.04 2.19 2.26 2.37 2.53 2.53
 2.55 2.61 2.62 2.66 2.67 3.17 3.18 3.2  3.23 3.35 3.41 3.5  3.67 3.79
 3.81 3.89 3.91 4.03 4.18 4.19 4.27 4.29 4.37 4.41 4.55 4.93 5.06 5.13
 5.86 6.75 7.4  9.29]
var: 3.203532083333333
| [95m12       [0m | [95m2.908    [0m | [95m0.00307  [0m | [95m22.31    [0m | [95m0.527    [0m |
[0.01 0.06 0.06 0.08 0.1  0.22 0.27 0.39 0.43 0.5  0.51 0.52 0.53 0.61
 0.61 0.68 0.68 0.74 0.76 0.77 0.79 0.82 0.84 0.9  0.93 0.94 0.94 0.95
 0.96 0.97 1.   1.02 1.04 1.14 1.16 1.17 1.19 1.2  1.2  1.24 1.25 1.26
 1.28 1.28 1.34 1.42 1.42 1.49 1.51 1.51 1.51 1.66 1.72 1.72 1.73 1.9
 1.95 2.25 2.36 2.61]
var: 0.32789499999999994
| [0m13       [0m | [0m1.035    [0m | [0m0.2089   [0m | [0m20.63    [0m | [0m2.98     [0m |
[0.01 0.04 0.06 0.1  0.14 0.32 0.32 0.36 0.42 0.48 0.53 0.54 0.57 0.62
 0.62 0.68 0.69 0.71 0.72 0.73 0.73 0.73 0.74 0.74 0.78 0.79 0.79 0.82
 0.82 0.86 0.95 1.   1.03 1.06 1.07 1.07 1.09 1.11 1.13 1.2  1.32 1.32
 1.34 1.45 1.45 1.48 1.54 1.64 1.68 1.71 1.85 1.89 1.9  1.93 1.96 2.05
 2.19 2.19 2.23 3.66]
var: 0.45349763888888933
| [0m14       [0m | [0m1.066    [0m | [0m0.2725   [0m | [0m21.45    [0m | [0m2.0      [0m |
[0.31 0.32 0.35 0.4  0.45 0.54 0.59 0.75 0.85 0.85 0.9  0.94 0.98 1.
 1.01 1.07 1.11 1.21 1.42 1.46 1.47 1.48 1.51 1.52 1.56 1.58 1.59 1.92
 1.97 2.01 2.03 2.08 2.11 2.31 2.33 2.36 2.44 2.52 2.56 2.6  2.68 2.77
 2.84 2.95 3.14 3.23 3.24 3.4  3.49 3.52 3.67 4.21 4.46 4.62 4.98 4.99
 5.08 5.35 5.67 6.23]
var: 2.203194333333334
| [0m15       [0m | [0m2.283    [0m | [0m0.006004 [0m | [0m47.97    [0m | [0m0.2605   [0m |
[0.   0.02 0.03 0.04 0.06 0.06 0.08 0.09 0.1  0.11 0.12 0.15 0.15 0.17
 0.18 0.18 0.2  0.21 0.27 0.27 0.28 0.29 0.3  0.34 0.34 0.38 0.39 0.4
 0.42 0.49 0.5  0.51 0.53 0.53 0.54 0.55 0.55 0.57 0.59 0.61 0.62 0.65
 0.69 0.7  0.74 0.78 0.81 0.82 0.87 0.9  0.93 0.98 1.08 1.13 1.25 1.3
 1.39 1.48 2.75 3.28]
var: 0.34104763888888895
| [0m16       [0m | [0m0.5792   [0m | [0m0.04672  [0m | [0m0.3813   [0m | [0m0.7393   [0m |
[0.05 0.29 0.3  0.31 0.31 0.32 0.36 0.38 0.41 0.47 0.49 0.5  0.54 0.58
 0.59 0.69 0.73 0.74 0.74 0.81 0.87 0.87 0.91 0.94 0.99 1.14 1.17 1.2
 1.26 1.35 1.36 1.49 1.5  1.55 1.55 1.55 1.65 1.69 1.71 1.73 1.78 1.85
 1.87 1.93 1.94 1.99 2.07 2.09 2.23 2.37 2.43 2.44 2.5  2.5  2.64 2.77
 2.94 3.05 3.59 5.12]
var: 0.9187427499999993
| [0m17       [0m | [0m1.437    [0m | [0m0.02313  [0m | [0m4.6      [0m | [0m1.711    [0m |
[0.   0.02 0.02 0.06 0.08 0.08 0.09 0.11 0.11 0.13 0.14 0.15 0.21 0.26
 0.34 0.39 0.39 0.42 0.45 0.47 0.56 0.63 0.65 0.66 0.7  0.7  0.71 0.74
 0.75 0.76 0.77 0.82 0.82 0.84 0.96 0.99 1.04 1.12 1.14 1.23 1.29 1.32
 1.34 1.34 1.34 1.36 1.44 1.44 1.44 1.45 1.48 1.52 1.55 1.64 1.7  1.98
 2.08 2.39 2.42 4.06]
var: 0.547331638888889
| [0m18       [0m | [0m0.9182   [0m | [0m0.0734   [0m | [0m35.13    [0m | [0m2.182    [0m |
[0.01 0.05 0.05 0.08 0.1  0.1  0.14 0.16 0.17 0.18 0.22 0.24 0.32 0.33
 0.34 0.34 0.38 0.41 0.43 0.43 0.46 0.48 0.51 0.57 0.58 0.61 0.63 0.63
 0.65 0.65 0.7  0.72 0.77 0.8  0.81 0.87 0.93 0.93 0.95 0.95 0.96 0.98
 0.98 1.03 1.03 1.04 1.08 1.08 1.13 1.14 1.14 1.16 1.41 1.65 1.94 1.98
 2.09 2.68 2.93 3.24]
var: 0.46616208333333325
| [0m19       [0m | [0m0.8225   [0m | [0m0.1325   [0m | [0m3.177    [0m | [0m2.852    [0m |
[0.12 0.16 0.16 0.2  0.22 0.22 0.24 0.26 0.29 0.31 0.32 0.38 0.39 0.42
 0.46 0.55 0.59 0.66 0.82 0.83 0.84 0.85 0.88 0.92 1.08 1.08 1.12 1.17
 1.17 1.21 1.22 1.26 1.33 1.38 1.43 1.44 1.46 1.5  1.56 1.59 1.65 1.67
 1.75 1.76 1.93 1.95 1.97 2.05 2.15 2.16 2.2  2.29 2.39 2.42 2.48 2.68
 2.74 2.89 3.08 3.82]
var: 0.7428893333333331
| [0m20       [0m | [0m1.302    [0m | [0m0.01151  [0m | [0m45.45    [0m | [0m1.606    [0m |
[0.06 0.14 0.15 0.21 0.21 0.32 0.37 0.4  0.4  0.48 0.52 0.55 0.55 0.59
 0.6  0.64 0.64 0.7  0.71 0.76 0.76 0.79 0.79 0.86 0.86 0.88 0.89 0.89
 0.92 0.95 0.97 0.97 0.98 1.02 1.12 1.12 1.18 1.18 1.2  1.2  1.2  1.24
 1.32 1.34 1.39 1.42 1.43 1.45 1.46 1.56 1.6  1.63 2.07 2.1  2.15 2.23
 2.33 2.55 2.66 2.89]
var: 0.41607763888888927
| [0m21       [0m | [0m1.076    [0m | [0m0.05345  [0m | [0m12.76    [0m | [0m2.986    [0m |
[0.   0.04 0.12 0.13 0.33 0.34 0.4  0.49 0.5  0.52 0.55 0.62 0.63 0.64
 0.65 0.74 0.78 0.79 0.8  0.95 0.97 0.97 1.01 1.04 1.06 1.12 1.13 1.17
 1.17 1.23 1.24 1.25 1.25 1.25 1.3  1.39 1.44 1.45 1.46 1.48 1.49 1.5
 1.51 1.54 1.55 1.63 1.65 1.82 1.83 1.9  1.91 1.92 1.93 2.4  2.77 3.12
 3.2  3.38 4.15 4.65]
var: 0.8537920833333331
| [0m22       [0m | [0m1.338    [0m | [0m0.01993  [0m | [0m12.57    [0m | [0m2.586    [0m |
[0.   0.01 0.03 0.04 0.09 0.1  0.11 0.16 0.29 0.33 0.36 0.38 0.4  0.44
 0.44 0.48 0.49 0.52 0.56 0.59 0.6  0.61 0.62 0.63 0.66 0.7  0.73 0.82
 0.86 0.93 0.94 0.96 0.99 0.99 1.   1.1  1.15 1.19 1.22 1.25 1.26 1.32
 1.36 1.38 1.4  1.41 1.45 1.54 1.55 1.59 1.71 1.73 1.77 1.78 1.8  1.81
 1.87 2.06 2.97 3.06]
var: 0.4561994166666669
| [0m23       [0m | [0m0.9765   [0m | [0m0.214    [0m | [0m47.78    [0m | [0m1.448    [0m |
[0.16 0.45 0.99 1.02 1.11 1.19 1.46 1.59 1.7  1.71 1.72 1.76 1.78 1.84
 2.11 2.12 2.22 2.38 2.43 2.45 2.48 2.51 2.52 2.57 2.66 2.67 2.72 2.79
 2.82 2.84 2.98 2.98 3.04 3.09 3.15 3.35 3.35 3.42 3.42 3.43 3.45 3.7
 3.71 3.78 3.82 3.99 4.07 4.15 4.36 4.38 4.39 4.49 4.99 4.99 5.07 5.42
 5.47 5.94 6.13 7.67]
var: 2.104472083333333
| [95m24       [0m | [95m3.083    [0m | [95m0.06989  [0m | [95m4.397    [0m | [95m0.2496   [0m |
[0.15 0.16 0.21 0.24 0.27 0.36 0.47 0.51 0.53 0.54 0.59 0.6  0.63 0.65
 0.67 0.78 0.79 0.8  0.88 0.91 0.97 1.06 1.17 1.18 1.18 1.21 1.23 1.23
 1.38 1.39 1.48 1.52 1.53 1.53 1.54 1.71 1.71 1.74 1.87 1.97 1.98 2.04
 2.06 2.08 2.17 2.26 2.27 2.28 2.3  2.34 2.41 2.47 2.53 2.61 2.69 2.7
 2.79 3.02 3.23 3.26]
var: 0.7149214166666665
| [0m25       [0m | [0m1.481    [0m | [0m0.2109   [0m | [0m14.95    [0m | [0m0.9314   [0m |
[0.19 0.33 0.37 0.41 0.62 0.65 0.87 0.89 0.9  0.91 1.01 1.1  1.22 1.25
 1.36 1.36 1.43 1.45 1.55 1.56 1.62 1.65 1.7  1.77 1.85 1.95 1.99 2.02
 2.04 2.06 2.08 2.12 2.25 2.31 2.34 2.38 2.49 2.53 2.53 2.54 2.57 2.63
 2.69 2.77 2.83 2.91 2.93 2.94 3.01 3.1  3.22 3.26 3.61 3.79 4.18 4.21
 4.27 4.36 4.69 5.03]
var: 1.2950887500000003
| [0m26       [0m | [0m2.178    [0m | [0m0.1757   [0m | [0m12.54    [0m | [0m0.6116   [0m |
[0.27 0.36 0.56 0.62 0.67 0.7  0.7  0.93 0.94 0.99 1.01 1.04 1.06 1.06
 1.07 1.12 1.15 1.19 1.28 1.3  1.35 1.41 1.46 1.48 1.49 1.58 1.61 1.63
 1.63 1.63 1.69 1.71 1.73 1.87 1.88 1.94 1.95 1.96 1.98 1.99 2.14 2.18
 2.18 2.23 2.23 2.3  2.32 2.32 2.36 2.47 2.56 2.76 2.83 3.06 3.18 3.27
 3.3  3.33 3.97 4.03]
var: 0.7268427500000002
| [0m27       [0m | [0m1.784    [0m | [0m0.1005   [0m | [0m36.26    [0m | [0m0.4843   [0m |
[0.01 0.05 0.09 0.09 0.11 0.11 0.12 0.13 0.21 0.22 0.23 0.25 0.34 0.35
 0.41 0.44 0.47 0.53 0.6  0.72 0.76 0.78 0.82 0.82 0.84 0.85 0.9  0.9
 0.91 0.91 0.91 0.93 0.94 1.01 1.02 1.06 1.12 1.2  1.22 1.29 1.29 1.31
 1.36 1.37 1.4  1.47 1.49 1.59 1.59 1.61 1.9  1.91 2.18 2.21 2.22 2.27
 2.61 3.   3.54 3.59]
var: 0.6816498888888887
| [0m28       [0m | [0m1.076    [0m | [0m0.2723   [0m | [0m10.67    [0m | [0m2.91     [0m |
[0.   0.02 0.09 0.1  0.1  0.1  0.13 0.13 0.16 0.16 0.17 0.17 0.18 0.24
 0.26 0.38 0.39 0.43 0.46 0.46 0.51 0.54 0.58 0.59 0.61 0.61 0.64 0.65
 0.69 0.7  0.71 0.78 0.8  0.94 0.96 0.99 1.02 1.03 1.08 1.09 1.12 1.13
 1.15 1.16 1.2  1.22 1.23 1.28 1.29 1.29 1.35 1.39 1.46 1.56 1.66 1.79
 1.87 1.89 1.95 2.13]
var: 0.3111503055555554
| [0m29       [0m | [0m0.8128   [0m | [0m0.1965   [0m | [0m39.13    [0m | [0m1.645    [0m |
[0.02 0.06 0.07 0.09 0.1  0.17 0.22 0.28 0.29 0.41 0.42 0.47 0.47 0.51
 0.52 0.58 0.6  0.68 0.8  0.83 0.89 0.92 0.94 0.94 0.95 1.03 1.1  1.12
 1.19 1.26 1.27 1.28 1.31 1.36 1.44 1.46 1.49 1.49 1.51 1.57 1.6  1.7
 1.77 1.78 1.79 1.79 1.84 1.94 2.05 2.09 2.13 2.18 2.24 2.53 2.57 2.62
 2.68 2.68 2.7  2.85]
var: 0.6265462222222222
| [0m30       [0m | [0m1.261    [0m | [0m0.1185   [0m | [0m9.505    [0m | [0m2.06     [0m |
[0.03 0.17 0.41 0.61 0.69 0.72 0.76 0.76 0.88 0.95 0.95 0.95 0.95 1.03
 1.12 1.27 1.32 1.35 1.38 1.39 1.4  1.48 1.5  1.5  1.53 1.55 1.56 1.61
 1.62 1.63 1.82 1.88 1.91 1.92 1.92 1.97 1.99 2.05 2.06 2.1  2.16 2.31
 2.34 2.42 2.48 2.51 2.54 2.59 2.61 2.76 2.77 2.78 2.79 3.41 3.48 3.67
 3.68 3.84 3.89 4.44]
var: 0.9322495555555559
| [0m31       [0m | [0m1.869    [0m | [0m0.1122   [0m | [0m18.54    [0m | [0m0.5081   [0m |
[0.   0.11 0.15 0.16 0.17 0.19 0.24 0.26 0.32 0.54 0.61 0.71 0.71 0.79
 0.84 0.84 0.86 0.87 0.9  0.92 1.01 1.01 1.02 1.07 1.08 1.17 1.19 1.2
 1.24 1.3  1.33 1.35 1.38 1.38 1.41 1.43 1.48 1.49 1.55 1.56 1.65 1.71
 1.72 1.76 1.78 1.81 1.85 1.87 1.87 1.95 2.04 2.08 2.09 2.22 2.38 2.42
 2.42 2.43 3.48 3.49]
var: 0.5801978888888896
| [0m32       [0m | [0m1.314    [0m | [0m0.07058  [0m | [0m13.92    [0m | [0m1.836    [0m |
[0.04 0.05 0.07 0.21 0.25 0.25 0.31 0.4  0.47 0.48 0.48 0.53 0.55 0.56
 0.58 0.6  0.67 0.68 0.69 0.7  0.8  0.8  0.84 0.85 0.92 0.95 0.97 0.99
 1.04 1.08 1.1  1.13 1.13 1.17 1.22 1.25 1.26 1.26 1.3  1.4  1.44 1.45
 1.47 1.48 1.56 1.6  1.61 1.62 1.62 1.67 1.67 1.67 1.69 1.7  2.06 2.15
 2.51 2.87 3.04 3.53]
var: 0.5122428888888881
| [0m33       [0m | [0m1.141    [0m | [0m0.2515   [0m | [0m16.35    [0m | [0m2.248    [0m |
[0.07 0.07 0.08 0.21 0.24 0.52 0.53 0.55 0.59 0.62 0.63 0.67 0.68 0.7
 0.71 0.72 0.73 0.74 0.75 0.78 0.84 0.87 0.91 0.97 1.03 1.04 1.09 1.11
 1.13 1.14 1.15 1.17 1.18 1.25 1.35 1.44 1.45 1.6  1.88 1.88 1.88 1.94
 1.95 1.95 2.03 2.03 2.03 2.07 2.17 2.22 2.27 2.39 2.46 2.59 2.68 2.72
 3.12 4.02 4.32 4.97]
var: 1.0211659999999996
| [0m34       [0m | [0m1.448    [0m | [0m0.2775   [0m | [0m27.21    [0m | [0m0.8504   [0m |
[0.04 0.07 0.13 0.14 0.29 0.43 0.47 0.6  0.62 0.68 0.68 0.69 0.71 0.73
 0.73 0.81 0.88 0.92 0.92 0.95 0.99 1.06 1.07 1.07 1.09 1.13 1.17 1.22
 1.24 1.26 1.28 1.35 1.36 1.4  1.44 1.48 1.55 1.55 1.58 1.61 1.62 1.64
 1.64 1.69 1.74 1.78 1.91 1.95 1.96 1.97 2.05 2.09 2.12 2.22 2.25 2.28
 2.82 3.41 3.53 5.15]
var: 0.7698583055555557
| [0m35       [0m | [0m1.387    [0m | [0m0.009375 [0m | [0m19.03    [0m | [0m2.736    [0m |
[0.   0.03 0.07 0.09 0.1  0.1  0.12 0.13 0.15 0.21 0.27 0.27 0.28 0.29
 0.33 0.35 0.36 0.37 0.38 0.4  0.45 0.45 0.46 0.49 0.54 0.64 0.64 0.64
 0.71 0.74 0.77 0.81 0.81 0.81 0.87 0.9  0.97 0.98 1.01 1.04 1.09 1.11
 1.12 1.14 1.14 1.2  1.21 1.22 1.23 1.37 1.39 1.47 1.48 1.52 1.66 1.78
 1.8  2.13 2.36 2.95]
var: 0.37920888888888926
| [0m36       [0m | [0m0.8233   [0m | [0m0.1717   [0m | [0m29.86    [0m | [0m2.692    [0m |
[0.18 0.19 0.2  0.27 0.3  0.35 0.61 0.8  0.88 0.88 0.91 0.92 0.94 0.96
 1.02 1.06 1.11 1.11 1.2  1.26 1.3  1.33 1.36 1.36 1.44 1.63 1.68 1.73
 1.78 1.83 1.86 1.87 1.91 1.93 2.   2.11 2.12 2.14 2.23 2.25 2.31 2.38
 2.46 2.49 2.53 2.64 2.91 3.09 3.21 3.24 3.47 3.52 3.53 4.27 4.27 4.3
 4.54 4.78 4.94 5.89]
var: 1.7145665555555556
| [0m37       [0m | [0m2.03     [0m | [0m0.07482  [0m | [0m18.42    [0m | [0m0.4994   [0m |
[0.01 0.02 0.05 0.06 0.09 0.1  0.14 0.15 0.22 0.27 0.29 0.32 0.32 0.54
 0.59 0.6  0.65 0.68 0.68 0.68 0.7  0.71 0.72 0.72 0.73 0.79 0.8  0.81
 0.83 0.84 0.9  0.91 0.93 0.96 1.13 1.16 1.19 1.34 1.38 1.51 1.53 1.54
 1.57 1.57 1.63 1.74 1.75 1.77 2.01 2.08 2.26 2.32 2.44 2.54 2.55 2.56
 2.91 2.91 2.97 3.26]
var: 0.7415136388888885
| [0m38       [0m | [0m1.157    [0m | [0m0.2446   [0m | [0m6.764    [0m | [0m1.387    [0m |
[0.03 0.11 0.13 0.16 0.25 0.35 0.35 0.37 0.37 0.42 0.43 0.51 0.56 0.59
 0.59 0.61 0.62 0.64 0.65 0.67 0.72 0.81 0.82 0.82 0.83 0.84 0.87 0.91
 0.92 0.94 0.94 0.96 0.96 0.97 0.98 1.16 1.21 1.24 1.37 1.37 1.37 1.41
 1.51 1.6  1.61 1.63 1.65 1.76 1.9  1.97 2.03 2.06 2.13 2.23 2.24 2.33
 2.52 2.78 2.87 3.22]
var: 0.558036972222222
| [0m39       [0m | [0m1.148    [0m | [0m0.1835   [0m | [0m43.27    [0m | [0m0.6752   [0m |
[0.02 0.04 0.14 0.2  0.25 0.28 0.36 0.43 0.49 0.52 0.62 0.63 0.64 0.67
 0.68 0.71 0.74 0.81 0.84 0.86 0.87 0.89 0.9  0.91 1.05 1.08 1.08 1.14
 1.16 1.18 1.2  1.21 1.22 1.22 1.24 1.25 1.3  1.33 1.41 1.49 1.49 1.51
 1.55 1.57 1.61 1.63 1.65 1.66 1.67 1.8  2.02 2.04 2.14 2.2  2.22 2.28
 2.3  2.75 3.01 3.13]
var: 0.49480941666666683
| [0m40       [0m | [0m1.222    [0m | [0m0.2138   [0m | [0m19.19    [0m | [0m2.528    [0m |
[0.01 0.01 0.01 0.13 0.2  0.22 0.23 0.36 0.36 0.41 0.49 0.53 0.53 0.77
 0.78 0.83 0.92 0.99 1.01 1.02 1.03 1.04 1.06 1.06 1.08 1.09 1.13 1.13
 1.14 1.17 1.17 1.18 1.24 1.26 1.35 1.39 1.39 1.42 1.43 1.58 1.63 1.65
 1.75 1.76 1.76 1.98 2.02 2.03 2.09 2.17 2.29 2.37 2.44 2.46 2.51 3.18
 3.22 3.51 3.71 4.4 ]
var: 0.8858548888888881
| [0m41       [0m | [0m1.385    [0m | [0m0.2464   [0m | [0m11.04    [0m | [0m1.328    [0m |
[0.   0.   0.   0.   0.   0.   0.   0.   0.   0.   0.   0.   0.   0.
 0.   0.   0.   0.   0.   0.   0.   0.   0.   0.   0.   0.   0.   0.
 0.   0.   0.   0.   0.   0.   0.01 0.01 0.02 0.02 0.02 0.02 0.02 0.03
 0.03 0.03 0.04 0.04 0.04 0.04 0.05 0.05 0.05 0.06 0.06 0.09 0.14 0.14
 0.17 0.2  0.2  0.28]
var: 0.0033823333333334025
| [0m42       [0m | [0m0.031    [0m | [0m0.3      [0m | [0m4.842    [0m | [0m0.001    [0m |
[0.62 0.94 1.21 1.24 1.73 1.74 1.82 1.83 2.06 2.09 2.11 2.11 2.11 2.16
 2.18 2.31 2.31 2.34 2.39 2.41 2.44 2.53 2.54 2.55 2.57 2.65 2.74 2.78
 2.83 2.91 2.97 3.   3.06 3.09 3.15 3.19 3.23 3.28 3.32 3.43 3.5  3.51
 3.62 3.65 3.66 3.71 3.74 3.78 3.84 3.91 4.1  4.37 4.41 4.64 4.73 4.85
 4.96 4.97 5.18 5.27]
var: 1.1399369722222228
| [0m43       [0m | [0m3.006    [0m | [0m0.02727  [0m | [0m4.315    [0m | [0m0.2957   [0m |
[0.68 0.68 0.72 0.83 0.83 0.85 0.91 1.05 1.24 1.26 1.28 1.35 1.38 1.4
 1.47 1.47 1.5  1.52 1.55 1.67 1.7  1.74 1.85 1.85 1.86 1.95 2.01 2.02
 2.11 2.14 2.19 2.22 2.3  2.42 2.45 2.51 2.57 2.68 2.72 2.73 2.76 2.82
 2.83 2.93 3.01 3.17 3.24 3.37 3.39 3.43 3.65 3.68 3.72 3.83 4.22 4.67
 5.09 5.11 5.22 7.13]
var: 1.6731347499999996
| [0m44       [0m | [0m2.416    [0m | [0m0.2343   [0m | [0m31.83    [0m | [0m0.06847  [0m |
[0.44 0.64 0.94 1.5  1.54 1.55 1.72 1.76 1.76 1.8  1.98 2.02 2.08 2.18
 2.19 2.2  2.21 2.27 2.31 2.39 2.46 2.52 2.54 2.54 2.59 2.66 2.7  2.7
 2.72 2.76 2.89 2.93 2.93 2.97 3.1  3.11 3.29 3.35 3.39 3.41 3.54 3.58
 3.64 3.68 3.72 3.76 3.8  3.82 3.96 4.04 4.13 4.26 4.34 4.48 4.49 4.59
 4.59 4.83 5.   6.69]
var: 1.3146232222222227
| [0m45       [0m | [0m2.966    [0m | [0m0.1612   [0m | [0m4.252    [0m | [0m0.1878   [0m |
[0.02 0.12 0.15 0.16 0.17 0.19 0.19 0.21 0.23 0.23 0.25 0.25 0.28 0.31
 0.32 0.37 0.37 0.42 0.52 0.54 0.57 0.59 0.6  0.62 0.74 0.75 0.77 0.79
 0.79 0.8  0.8  0.82 0.85 0.91 0.92 0.94 0.94 0.97 0.98 1.02 1.08 1.2
 1.35 1.35 1.38 1.47 1.49 1.5  1.51 1.54 1.77 1.78 2.01 2.13 2.33 2.34
 2.4  2.58 2.86 3.11]
var: 0.555232083333333
| [0m46       [0m | [0m0.9775   [0m | [0m0.2444   [0m | [0m35.84    [0m | [0m1.239    [0m |
[0.   0.   0.   0.   0.   0.   0.   0.   0.   0.   0.   0.01 0.01 0.01
 0.02 0.02 0.02 0.02 0.04 0.09 0.1  0.1  0.13 0.15 0.18 0.18 0.22 0.23
 0.23 0.24 0.24 0.25 0.25 0.26 0.3  0.3  0.34 0.36 0.42 0.43 0.45 0.46
 0.47 0.71 0.74 0.77 0.81 0.91 0.92 1.07 1.07 1.28 1.46 1.73 1.78 2.31
 2.49 2.88 3.01 3.14]
var: 0.6356449722222225
| [0m47       [0m | [0m0.5602   [0m | [0m1e-08    [0m | [0m4.29     [0m | [0m0.07667  [0m |
[0.09 0.29 0.75 0.76 1.08 1.08 1.1  1.14 1.37 1.38 1.48 1.5  1.51 1.53
 1.53 1.63 1.63 1.68 1.69 1.7  1.78 1.78 1.8  1.83 1.88 1.92 1.95 2.01
 2.05 2.1  2.2  2.3  2.4  2.51 2.51 2.62 2.64 2.66 2.68 2.74 2.79 2.8
 2.9  2.9  2.94 2.97 3.   3.05 3.06 3.15 3.21 3.23 3.3  3.33 3.41 3.41
 3.96 4.3  4.6  5.07]
var: 0.9845312222222227
| [0m48       [0m | [0m2.278    [0m | [0m0.1331   [0m | [0m4.312    [0m | [0m0.4006   [0m |
[0.21 0.37 0.45 0.6  0.6  0.62 1.16 1.37 1.42 1.57 1.58 1.62 1.63 1.65
 1.66 1.68 1.73 1.75 1.77 1.79 1.87 1.97 1.97 1.97 2.01 2.01 2.12 2.16
 2.17 2.18 2.18 2.23 2.24 2.36 2.44 2.48 2.48 2.55 2.58 2.71 2.74 2.77
 2.78 2.89 2.98 3.04 3.09 3.21 3.37 3.42 3.42 3.51 3.57 3.59 3.94 3.99
 4.73 4.8  4.81 5.8 ]
var: 1.2728528888888906
| [0m49       [0m | [0m2.373    [0m | [0m0.1563   [0m | [0m4.274    [0m | [0m0.3079   [0m |
[0.06 0.58 0.91 0.92 0.96 1.02 1.17 1.17 1.21 1.24 1.26 1.27 1.76 1.94
 1.98 2.01 2.09 2.1  2.15 2.21 2.31 2.33 2.38 2.38 2.39 2.56 2.66 2.66
 2.67 2.7  2.72 2.77 2.83 2.95 2.97 3.   3.   3.08 3.15 3.18 3.28 3.34
 3.34 3.4  3.41 3.46 3.49 3.55 3.64 3.7  3.75 3.8  3.89 4.06 4.09 4.12
 4.13 4.94 5.79 6.34]
var: 1.4573498888888887
| [0m50       [0m | [0m2.704    [0m | [0m0.2305   [0m | [0m4.392    [0m | [0m0.2028   [0m |
[0.05 0.09 0.1  0.11 0.13 0.15 0.16 0.17 0.18 0.23 0.28 0.3  0.3  0.31
 0.33 0.36 0.45 0.51 0.53 0.54 0.56 0.57 0.57 0.63 0.66 0.72 0.75 0.82
 0.9  0.92 0.95 0.96 0.98 1.   1.02 1.07 1.08 1.09 1.1  1.1  1.11 1.15
 1.21 1.3  1.3  1.37 1.42 1.57 1.6  1.61 1.71 1.72 1.81 1.83 1.89 1.9
 2.06 2.09 2.74 3.24]
var: 0.46948733333333315
| [0m51       [0m | [0m0.956    [0m | [0m0.1778   [0m | [0m9.739    [0m | [0m2.828    [0m |
[0.33 0.4  0.57 0.97 0.99 1.12 1.63 1.65 1.67 1.84 1.86 1.97 2.06 2.11
 2.4  2.41 2.42 2.43 2.49 2.56 2.59 2.63 2.68 2.69 2.74 2.78 2.9  2.96
 2.97 2.98 3.   3.01 3.11 3.19 3.31 3.32 3.37 3.6  3.86 3.9  3.99 4.01
 4.18 4.19 4.22 4.38 4.49 4.52 4.66 4.69 4.82 4.87 5.07 5.29 5.5  5.73
 6.71 6.94 7.43 8.33]
var: 2.774391638888889
| [95m52       [0m | [95m3.325    [0m | [95m0.01706  [0m | [95m4.525    [0m | [95m0.3559   [0m |
[0.   0.   0.   0.01 0.01 0.01 0.03 0.04 0.04 0.05 0.05 0.05 0.06 0.06
 0.09 0.09 0.09 0.1  0.12 0.12 0.13 0.14 0.15 0.16 0.16 0.2  0.2  0.22
 0.27 0.27 0.27 0.29 0.29 0.3  0.33 0.35 0.35 0.37 0.37 0.44 0.44 0.45
 0.47 0.49 0.53 0.54 0.55 0.56 0.73 0.83 0.96 0.99 1.03 1.17 1.28 1.56
 1.56 1.6  1.72 1.81]
var: 0.22730097222222234
| [0m53       [0m | [0m0.4258   [0m | [0m1e-08    [0m | [0m4.425    [0m | [0m0.3629   [0m |
[0.03 0.13 0.18 0.22 0.28 0.42 0.52 0.56 0.57 0.58 0.59 0.6  0.62 0.63
 0.71 0.71 0.74 0.78 0.86 0.88 0.97 0.98 0.99 1.02 1.03 1.04 1.14 1.14
 1.2  1.22 1.23 1.32 1.41 1.41 1.46 1.47 1.49 1.56 1.6  1.65 1.68 1.73
 1.77 1.83 1.84 1.92 1.98 2.   2.03 2.06 2.07 2.12 2.29 2.34 2.57 2.59
 2.62 2.67 3.06 5.08]
var: 0.747684972222222
| [0m54       [0m | [0m1.37     [0m | [0m0.1758   [0m | [0m7.647    [0m | [0m1.32     [0m |
[0.14 0.99 1.06 1.15 1.17 1.39 1.39 1.45 1.63 1.64 1.69 1.71 1.96 1.97
 1.98 2.01 2.1  2.23 2.23 2.26 2.27 2.32 2.32 2.35 2.39 2.44 2.45 2.52
 2.54 2.72 2.74 2.78 2.86 2.87 2.88 2.9  2.99 3.01 3.05 3.12 3.14 3.15
 3.19 3.2  3.21 3.29 3.48 3.63 3.82 3.88 3.88 4.11 4.13 4.14 4.14 4.33
 4.76 5.16 5.89 7.45]
var: 1.5180843055555562
| [0m55       [0m | [0m2.794    [0m | [0m0.1908   [0m | [0m4.309    [0m | [0m0.2367   [0m |
[0.06 0.17 0.22 0.32 0.43 0.51 0.61 0.65 0.69 0.75 0.83 0.86 0.88 0.9
 0.91 0.92 0.99 1.05 1.07 1.08 1.1  1.12 1.13 1.17 1.2  1.22 1.29 1.32
 1.43 1.51 1.51 1.51 1.55 1.7  1.75 1.87 1.96 1.96 1.96 1.98 2.   2.02
 2.18 2.21 2.22 2.31 2.58 2.61 2.74 2.76 2.83 3.2  3.26 3.28 3.35 3.43
 3.51 3.64 3.73 5.99]
var: 1.2249716388888892
| [0m56       [0m | [0m1.733    [0m | [0m0.09638  [0m | [0m42.14    [0m | [0m0.3289   [0m |
[0.11 0.15 0.37 0.91 0.94 1.   1.04 1.13 1.2  1.51 1.59 1.59 1.63 1.71
 1.72 1.76 1.79 1.8  1.86 2.02 2.06 2.2  2.29 2.3  2.31 2.36 2.4  2.45
 2.51 2.59 2.64 2.71 2.88 2.91 2.92 2.94 2.97 2.99 3.02 3.04 3.08 3.1
 3.1  3.14 3.18 3.19 3.45 3.55 3.6  3.71 3.9  4.04 4.13 4.17 4.28 4.38
 4.74 4.91 5.66 8.1 ]
var: 1.8643269722222233
| [0m57       [0m | [0m2.662    [0m | [0m0.1389   [0m | [0m4.315    [0m | [0m0.2294   [0m |
[0.11 0.13 0.3  0.36 0.81 0.83 0.89 1.02 1.07 1.09 1.09 1.34 1.39 1.45
 1.47 1.57 1.65 1.66 1.69 1.71 1.85 1.93 2.04 2.1  2.17 2.2  2.26 2.44
 2.45 2.54 2.59 2.63 2.79 2.79 2.81 2.91 3.   3.08 3.19 3.26 3.3  3.31
 3.37 3.37 3.39 3.39 3.51 3.86 4.38 4.5  4.52 4.53 4.56 4.58 4.74 4.82
 5.04 5.04 5.92 6.61]
var: 2.1830122222222217
| [0m58       [0m | [0m2.657    [0m | [0m0.1267   [0m | [0m4.495    [0m | [0m0.2814   [0m |
[0.11 0.23 0.45 0.89 1.4  1.61 1.65 1.73 1.74 1.92 2.01 2.04 2.12 2.22
 2.39 2.47 2.72 2.72 2.72 2.73 2.76 2.77 2.82 2.97 3.01 3.01 3.02 3.17
 3.21 3.24 3.31 3.41 3.42 3.53 3.54 3.58 3.69 3.77 3.79 3.81 3.82 3.94
 4.08 4.08 4.22 4.24 4.31 4.32 4.81 5.07 5.46 5.71 5.93 6.01 6.43 6.49
 6.76 7.05 7.18 7.6 ]
var: 2.895874972222223
| [95m59       [0m | [95m3.487    [0m | [95m0.03466  [0m | [95m4.563    [0m | [95m0.3209   [0m |
[0.   0.   0.   0.   0.03 0.05 0.07 0.09 0.12 0.15 0.18 0.19 0.19 0.2
 0.21 0.22 0.23 0.25 0.28 0.3  0.41 0.45 0.49 0.53 0.53 0.59 0.68 0.7
 0.7  0.81 0.82 0.85 0.96 1.   1.03 1.05 1.2  1.22 1.23 1.24 1.25 1.28
 1.29 1.3  1.35 1.48 1.5  1.5  1.53 1.57 1.61 1.71 1.77 1.86 1.93 2.1
 2.16 2.26 2.31 2.45]
var: 0.4874723333333335
| [0m60       [0m | [0m0.891    [0m | [0m0.03359  [0m | [0m42.84    [0m | [0m2.31     [0m |
[0.11 0.58 0.68 0.86 0.98 0.99 1.06 1.14 1.29 1.41 1.42 1.62 1.63 1.69
 1.75 1.85 1.89 2.01 2.1  2.17 2.28 2.28 2.29 2.33 2.44 2.53 2.69 2.7
 2.76 2.85 2.96 2.96 3.02 3.13 3.13 3.2  3.22 3.3  3.32 3.39 3.53 3.54
 3.68 3.74 3.78 3.78 3.87 3.9  3.92 3.92 3.97 4.04 4.24 4.42 4.56 4.79
 4.83 4.89 5.93 8.7 ]
var: 2.117169555555556
| [0m61       [0m | [0m2.867    [0m | [0m0.03103  [0m | [0m4.636    [0m | [0m0.3723   [0m |
[0.83 0.9  0.94 1.18 1.26 1.27 1.3  1.34 1.36 1.48 1.6  1.6  1.61 1.63
 1.65 1.79 1.83 1.91 1.91 1.93 1.94 1.98 1.99 1.99 2.05 2.24 2.3  2.32
 2.34 2.34 2.42 2.43 2.46 2.46 2.5  2.52 2.57 2.78 2.78 2.83 2.92 2.94
 3.03 3.06 3.1  3.12 3.15 3.2  3.3  3.39 3.41 3.42 3.46 3.49 3.61 3.79
 3.98 4.26 4.96 6.11]
var: 1.0032856666666665
| [0m62       [0m | [0m2.471    [0m | [0m0.1469   [0m | [0m4.397    [0m | [0m0.2757   [0m |
[0.07 0.2  0.22 0.79 1.07 1.07 1.22 1.45 1.45 1.52 1.56 1.6  1.65 1.79
 1.83 1.85 1.94 1.96 2.02 2.13 2.15 2.17 2.18 2.24 2.26 2.29 2.29 2.31
 2.31 2.34 2.37 2.53 2.64 2.7  2.73 2.85 2.86 3.03 3.08 3.1  3.15 3.24
 3.3  3.3  3.35 3.39 3.44 3.47 3.48 3.62 3.65 3.76 3.9  3.95 4.02 4.02
 4.62 4.66 4.87 5.03]
var: 1.2547162222222221
| [0m63       [0m | [0m2.567    [0m | [0m0.08629  [0m | [0m4.184    [0m | [0m0.2682   [0m |
[0.05 0.08 0.13 0.18 0.2  0.22 0.32 0.36 0.41 0.5  0.51 0.55 0.57 0.68
 0.7  0.73 0.73 0.76 0.77 0.79 0.86 0.92 0.92 0.99 1.03 1.05 1.11 1.12
 1.25 1.36 1.37 1.46 1.5  1.53 1.55 1.57 1.64 1.66 1.67 1.7  1.71 1.73
 1.81 1.83 1.85 1.93 1.95 1.98 2.1  2.11 2.14 2.36 2.44 2.49 2.57 2.61
 2.9  2.9  2.93 4.03]
var: 0.724848083333333
| [0m64       [0m | [0m1.365    [0m | [0m0.1022   [0m | [0m16.71    [0m | [0m1.864    [0m |
[0.06 0.29 0.36 0.44 0.66 0.72 0.79 0.8  0.83 0.89 0.92 0.96 1.05 1.24
 1.24 1.36 1.42 1.46 1.55 1.56 1.62 1.68 1.73 1.8  1.81 1.91 2.02 2.03
 2.07 2.09 2.13 2.15 2.15 2.23 2.37 2.38 2.44 2.47 2.51 2.58 2.6  2.74
 2.74 2.75 2.79 2.96 3.1  3.16 3.34 3.36 3.37 3.47 3.55 3.59 3.59 3.65
 4.01 4.71 5.99 6.89]
var: 1.6773503055555556
| [0m65       [0m | [0m2.219    [0m | [0m0.1318   [0m | [0m4.549    [0m | [0m0.3743   [0m |
[0.55 0.76 0.81 1.08 1.12 1.26 1.26 1.29 1.3  1.34 1.58 1.63 1.68 1.72
 1.88 2.07 2.08 2.11 2.16 2.19 2.2  2.24 2.32 2.33 2.37 2.47 2.49 2.83
 2.93 3.01 3.02 3.06 3.07 3.1  3.22 3.22 3.25 3.26 3.3  3.32 3.37 3.47
 3.55 3.66 3.69 3.76 4.04 4.1  4.32 4.36 4.59 4.61 4.63 4.69 5.11 5.15
 5.38 5.51 5.55 6.9 ]
var: 1.914878222222222
| [0m66       [0m | [0m2.955    [0m | [0m0.1658   [0m | [0m4.292    [0m | [0m0.1245   [0m |
[0.   0.   0.02 0.04 0.05 0.05 0.06 0.07 0.11 0.16 0.21 0.24 0.32 0.32
 0.35 0.37 0.43 0.45 0.5  0.5  0.51 0.51 0.56 0.57 0.57 0.57 0.59 0.6
 0.61 0.66 0.67 0.7  0.73 0.74 0.75 0.77 0.77 0.83 0.83 0.84 0.96 1.
 1.02 1.06 1.11 1.12 1.13 1.15 1.22 1.22 1.25 1.36 1.39 1.41 1.41 1.53
 1.82 1.83 1.95 2.24]
var: 0.2751216388888888
| [0m67       [0m | [0m0.7468   [0m | [0m0.245    [0m | [0m44.09    [0m | [0m2.045    [0m |
[0.15 0.21 0.25 0.31 0.32 0.37 0.37 0.38 0.39 0.51 0.53 0.61 0.69 0.7
 0.76 0.76 0.76 0.84 0.9  0.99 1.06 1.07 1.11 1.23 1.3  1.3  1.39 1.4
 1.43 1.47 1.52 1.53 1.67 1.7  1.74 1.75 1.78 1.8  1.81 1.83 1.84 1.92
 1.98 1.99 2.06 2.15 2.19 2.21 2.22 2.42 2.49 2.54 2.6  2.65 2.67 2.71
 2.94 3.01 3.54 5.05]
var: 0.8868503055555561
| [0m68       [0m | [0m1.531    [0m | [0m0.1505   [0m | [0m12.54    [0m | [0m0.6422   [0m |
[0.03 0.05 0.16 0.16 0.18 0.18 0.23 0.26 0.32 0.39 0.41 0.41 0.42 0.42
 0.52 0.54 0.56 0.56 0.6  0.61 0.62 0.63 0.65 0.68 0.7  0.73 0.73 0.78
 0.82 0.83 0.84 0.84 0.98 1.12 1.19 1.19 1.21 1.28 1.32 1.41 1.43 1.44
 1.44 1.49 1.58 1.71 1.76 1.81 1.81 1.86 1.97 2.01 2.08 2.09 2.18 2.21
 2.48 2.99 3.53 4.61]
var: 0.7737973333333326
| [0m69       [0m | [0m1.134    [0m | [0m0.04231  [0m | [0m39.99    [0m | [0m1.877    [0m |
[0.15 0.15 0.16 0.17 0.19 0.28 0.3  0.36 0.36 0.39 0.39 0.42 0.47 0.49
 0.55 0.63 0.64 0.65 0.69 0.72 0.77 0.78 0.79 0.83 0.86 0.87 0.9  0.91
 1.03 1.05 1.06 1.21 1.22 1.27 1.31 1.36 1.46 1.52 1.54 1.56 1.59 1.65
 1.66 1.71 1.9  1.93 2.04 2.07 2.26 2.27 2.39 2.46 2.59 2.63 2.89 3.37
 3.59 3.78 4.75 5.4 ]
var: 1.2569283055555551
| [0m70       [0m | [0m1.39     [0m | [0m0.2772   [0m | [0m13.63    [0m | [0m1.256    [0m |
[1.07 1.35 1.6  1.61 1.62 1.82 1.93 2.06 2.12 2.12 2.39 2.44 2.48 2.53
 2.58 2.6  2.61 2.62 2.66 2.73 2.74 2.77 2.77 2.88 3.03 3.05 3.05 3.09
 3.11 3.14 3.18 3.27 3.3  3.37 3.39 3.47 3.48 3.63 3.65 3.68 3.88 4.
 4.   4.05 4.05 4.19 4.23 4.37 4.38 4.51 4.55 4.69 4.75 4.76 4.97 5.
 5.27 5.36 5.58 5.98]
var: 1.2469173333333337
| [0m71       [0m | [0m3.326    [0m | [0m0.06175  [0m | [0m4.476    [0m | [0m0.2092   [0m |
[0.09 0.5  0.52 0.57 0.7  1.61 1.74 1.8  1.87 1.99 2.13 2.21 2.21 2.41
 2.51 2.53 2.54 2.55 2.56 2.63 2.74 2.75 2.77 2.82 2.87 2.87 2.89 2.9
 2.98 3.02 3.03 3.05 3.12 3.21 3.26 3.32 3.35 3.36 3.47 3.51 3.66 3.82
 3.85 3.86 3.89 3.91 4.07 4.07 4.16 4.3  4.41 4.44 4.78 4.82 5.14 5.26
 5.38 5.54 5.65 7.81]
var: 1.9090309999999993
| [0m72       [0m | [0m3.163    [0m | [0m0.05546  [0m | [0m4.59     [0m | [0m0.256    [0m |
[0.51 0.62 0.84 0.86 0.89 0.96 1.06 1.21 1.27 1.27 1.33 1.34 1.4  1.46
 1.48 1.68 1.71 1.83 1.89 2.   2.   2.05 2.08 2.2  2.27 2.3  2.32 2.39
 2.42 2.44 2.55 2.56 2.57 2.76 2.86 2.86 2.89 3.02 3.04 3.23 3.36 3.42
 3.43 3.5  3.53 3.54 3.6  3.61 3.68 3.92 3.93 4.14 4.21 4.21 4.21 4.36
 4.47 4.78 4.94 5.12]
var: 1.4193598888888883
| [0m73       [0m | [0m2.606    [0m | [0m0.1564   [0m | [0m4.48     [0m | [0m0.2377   [0m |
[0.19 0.28 0.7  1.05 1.32 1.6  1.66 1.73 1.73 1.77 1.79 1.94 1.99 2.1
 2.2  2.27 2.34 2.47 2.55 2.66 2.76 2.76 2.87 2.87 2.91 3.08 3.12 3.29
 3.33 3.47 3.68 3.72 3.98 4.01 4.08 4.18 4.25 4.36 4.37 4.39 4.42 4.42
 4.49 4.53 4.55 4.58 4.6  4.67 4.7  4.72 4.92 4.96 4.98 4.99 5.26 5.53
 5.72 6.13 7.59 8.8 ]
var: 2.7298332222222226
| [95m74       [0m | [95m3.506    [0m | [95m0.064    [0m | [95m15.69    [0m | [95m0.1082   [0m |
[0.54 0.57 0.65 1.35 1.38 1.58 1.66 1.75 1.76 1.82 1.82 1.85 1.9  1.99
 2.03 2.07 2.11 2.25 2.27 2.3  2.31 2.35 2.36 2.39 2.4  2.46 2.48 2.48
 2.53 2.56 2.62 2.63 2.67 2.7  2.74 2.75 2.8  2.85 2.88 2.91 2.98 3.
 3.03 3.07 3.12 3.18 3.28 3.6  4.05 4.1  4.36 4.79 4.93 5.03 5.21 5.41
 5.79 5.83 7.11 8.27]
var: 2.179681222222222
| [0m75       [0m | [0m2.928    [0m | [0m0.1549   [0m | [0m15.79    [0m | [0m0.06617  [0m |
[0.17 0.35 0.46 0.47 0.47 0.59 0.7  0.87 0.88 0.91 0.96 1.04 1.06 1.11
 1.11 1.13 1.19 1.24 1.25 1.25 1.25 1.29 1.3  1.3  1.31 1.31 1.32 1.41
 1.46 1.5  1.5  1.5  1.51 1.56 1.57 1.62 1.64 1.79 1.83 1.83 1.86 1.86
 1.89 1.95 1.96 1.98 2.01 2.03 2.06 2.11 2.13 2.19 2.41 2.48 2.64 2.69
 3.05 3.54 3.63 6.2 ]
var: 0.8471993333333337
| [0m76       [0m | [0m1.628    [0m | [0m0.2389   [0m | [0m35.39    [0m | [0m0.3097   [0m |
[0.72 0.72 0.9  0.92 0.93 0.93 0.95 0.95 0.97 1.03 1.04 1.12 1.15 1.17
 1.2  1.23 1.34 1.39 1.45 1.51 1.53 1.57 1.61 1.64 1.75 1.8  1.81 1.88
 1.99 1.99 2.01 2.01 2.04 2.06 2.1  2.11 2.11 2.14 2.22 2.25 2.28 2.3
 2.31 2.32 2.32 2.53 2.57 2.62 2.67 2.69 2.81 2.84 2.92 2.95 2.95 2.99
 3.07 3.24 3.32 5.26]
var: 0.6858455555555556
| [0m77       [0m | [0m1.953    [0m | [0m0.1278   [0m | [0m15.65    [0m | [0m0.02013  [0m |
[0.36 0.74 0.86 1.11 1.11 1.17 1.25 1.29 1.49 1.55 1.73 1.79 1.8  1.85
 1.95 2.02 2.03 2.32 2.37 2.37 2.42 2.47 2.48 2.48 2.65 2.71 2.74 2.78
 2.81 2.86 2.93 2.97 3.02 3.16 3.17 3.18 3.19 3.25 3.28 3.49 3.56 3.84
 3.92 4.   4.03 4.17 4.4  4.48 4.52 4.77 4.9  4.98 5.16 5.24 5.5  5.73
 5.75 5.94 6.1  6.14]
var: 2.1746447500000006
| [0m78       [0m | [0m3.106    [0m | [0m0.1335   [0m | [0m15.72    [0m | [0m0.2067   [0m |
[0.24 1.21 1.35 1.57 1.64 1.66 1.71 1.77 1.77 1.79 1.8  1.8  1.83 1.89
 1.91 1.95 2.04 2.07 2.14 2.36 2.47 2.53 2.53 2.68 2.7  2.82 2.83 2.85
 2.88 2.92 2.96 3.   3.03 3.24 3.39 3.48 3.52 3.7  3.77 3.77 3.9  3.91
 3.92 3.94 4.02 4.07 4.13 4.28 4.29 4.45 4.56 4.58 4.74 4.93 5.05 5.16
 5.61 5.66 5.87 7.32]
var: 1.8570606666666662
| [0m79       [0m | [0m3.166    [0m | [0m0.1167   [0m | [0m4.543    [0m | [0m0.198    [0m |
[0.16 0.21 0.26 0.29 0.35 0.4  0.41 0.58 0.6  0.67 0.69 0.72 0.82 0.85
 0.85 0.89 0.94 0.95 1.04 1.14 1.17 1.18 1.18 1.19 1.19 1.21 1.22 1.28
 1.4  1.43 1.51 1.53 1.54 1.55 1.58 1.68 1.72 1.74 1.75 1.79 1.83 1.95
 1.99 2.   2.05 2.09 2.09 2.13 2.31 2.32 2.34 2.36 2.41 2.46 2.48 2.52
 2.74 3.22 4.   4.23]
var: 0.7392298888888899
| [0m80       [0m | [0m1.52     [0m | [0m0.08241  [0m | [0m6.09     [0m | [0m1.01     [0m |
=============================================================
None
num_trials:  40  inits,  40  iters,  60  per
rho:  2
pthin:  0.10

Best VPT: 3.5063333333333344
Best result: {'a': 0.06400455767217014, 'g': 15.69226131408844, 's': 0.10815714476807438}

KERNEL: nu=1.5, lengthscale=2.0, alpha=0.0005
