|   iter    |  target   |     a     |     g     |     s     |
-------------------------------------------------------------
[0.   0.01 0.05 0.07 0.08 0.2  0.24 0.25 0.28 0.29 0.32 0.38 0.38 0.38
 0.39 0.4  0.49 0.56 0.56 0.56 0.66 0.67 0.68 0.7  0.76 0.77 0.79 0.81
 0.81 0.82 0.83 0.85 0.85 0.87 0.92 0.94 0.95 0.97 0.97 0.99 1.   1.05
 1.05 1.09 1.09 1.1  1.17 1.17 1.2  1.27 1.28 1.36 1.5  1.51 1.52 1.59
 1.84 1.86 1.89 1.92]
var: 0.2384762222222224
| [0m1        [0m | [0m0.8327   [0m | [0m0.2275   [0m | [0m27.9     [0m | [0m1.87     [0m |
[0.26 0.28 0.35 0.44 0.44 0.48 0.66 0.71 0.74 0.76 0.79 0.79 0.81 0.81
 0.91 0.92 1.01 1.01 1.03 1.03 1.05 1.07 1.19 1.21 1.21 1.23 1.24 1.27
 1.29 1.3  1.3  1.31 1.33 1.33 1.36 1.37 1.37 1.39 1.39 1.4  1.43 1.44
 1.53 1.57 1.6  1.62 1.62 1.63 1.68 1.71 1.9  1.96 2.06 2.11 2.23 2.33
 2.46 2.5  2.62 2.76]
var: 0.33052999999999966
| [95m2        [0m | [95m1.31     [0m | [95m0.0551   [0m | [95m36.83    [0m | [95m0.0197   [0m |
[0.32 0.42 0.53 0.58 0.61 0.63 0.96 1.04 1.04 1.27 1.29 1.3  1.31 1.31
 1.34 1.36 1.37 1.51 1.57 1.58 1.61 1.62 1.64 1.64 1.68 1.82 1.82 1.82
 1.91 1.99 2.03 2.22 2.24 2.24 2.31 2.36 2.4  2.49 2.53 2.55 2.58 2.6
 2.6  2.63 2.66 2.72 2.76 2.91 2.93 3.05 3.11 3.11 3.14 3.23 3.29 3.32
 3.8  4.23 4.6  4.77]
var: 0.9856283333333345
| [95m3        [0m | [95m2.105    [0m | [95m0.2536   [0m | [95m31.18    [0m | [95m0.04806  [0m |
[0.05 0.07 0.11 0.11 0.13 0.14 0.16 0.16 0.18 0.23 0.26 0.27 0.27 0.28
 0.29 0.3  0.31 0.32 0.32 0.36 0.38 0.4  0.42 0.44 0.45 0.45 0.48 0.5
 0.5  0.52 0.53 0.53 0.53 0.58 0.6  0.61 0.62 0.67 0.68 0.68 0.72 0.73
 0.75 0.76 0.78 0.79 0.79 0.81 0.85 0.94 0.98 1.01 1.17 1.19 1.22 1.34
 1.36 1.5  1.9  2.84]
var: 0.22953933333333307
| [0m4        [0m | [0m0.622    [0m | [0m0.2278   [0m | [0m43.23    [0m | [0m2.626    [0m |
[0.02 0.07 0.08 0.14 0.31 0.32 0.33 0.34 0.38 0.38 0.38 0.44 0.52 0.57
 0.6  0.6  0.62 0.62 0.63 0.68 0.68 0.71 0.76 0.77 0.78 0.79 0.8  0.81
 0.85 0.87 0.88 1.01 1.07 1.09 1.14 1.15 1.17 1.2  1.21 1.21 1.24 1.29
 1.32 1.33 1.36 1.4  1.42 1.44 1.48 1.52 1.56 1.68 1.74 1.82 1.83 1.87
 2.03 2.22 2.52 2.68]
var: 0.3554103055555553
| [0m5        [0m | [0m1.012    [0m | [0m0.1395   [0m | [0m27.03    [0m | [0m1.74     [0m |
[0.11 0.38 0.42 0.56 0.6  0.67 0.71 0.72 0.76 0.77 0.77 0.81 0.85 0.91
 0.96 0.96 0.97 0.97 1.07 1.08 1.08 1.12 1.21 1.25 1.27 1.29 1.29 1.31
 1.31 1.35 1.37 1.39 1.45 1.54 1.56 1.56 1.57 1.58 1.62 1.68 1.7  1.7
 1.71 1.8  1.83 1.85 1.85 1.87 1.89 1.92 1.96 2.01 2.05 2.05 2.07 2.13
 2.35 2.4  3.05 3.1 ]
var: 0.3648412222222224
| [0m6        [0m | [0m1.402    [0m | [0m0.1436   [0m | [0m39.36    [0m | [0m0.02257  [0m |
[0.42 0.52 0.53 0.54 0.54 0.56 0.57 0.58 0.63 0.63 0.63 0.66 0.68 0.71
 0.72 0.73 0.74 0.83 0.91 0.91 0.95 1.   1.03 1.11 1.14 1.15 1.16 1.16
 1.18 1.19 1.2  1.25 1.26 1.26 1.32 1.32 1.34 1.34 1.36 1.47 1.52 1.55
 1.66 1.67 1.67 1.69 1.71 1.74 1.78 1.88 1.89 1.95 1.98 1.99 2.01 2.19
 2.38 2.42 2.49 2.97]
var: 0.33979697222222216
| [0m7        [0m | [0m1.273    [0m | [0m0.2362   [0m | [0m44.68    [0m | [0m0.1209   [0m |
[0.03 0.04 0.06 0.07 0.12 0.16 0.17 0.18 0.18 0.19 0.21 0.21 0.27 0.31
 0.33 0.35 0.37 0.4  0.43 0.5  0.52 0.59 0.64 0.64 0.65 0.67 0.67 0.68
 0.68 0.69 0.73 0.76 0.78 0.78 0.79 0.82 0.88 0.91 0.99 1.01 1.03 1.05
 1.06 1.09 1.12 1.12 1.13 1.14 1.18 1.21 1.22 1.39 1.5  1.62 1.64 1.67
 2.   2.   2.06 2.24]
var: 0.2991669722222223
| [0m8        [0m | [0m0.7988   [0m | [0m0.1558   [0m | [0m38.14    [0m | [0m2.031    [0m |
[0.09 0.11 0.14 0.14 0.17 0.17 0.21 0.22 0.24 0.25 0.25 0.27 0.28 0.31
 0.32 0.36 0.36 0.37 0.44 0.46 0.47 0.48 0.49 0.54 0.54 0.55 0.57 0.57
 0.59 0.64 0.65 0.66 0.68 0.72 0.72 0.74 0.79 0.79 0.8  0.82 0.83 0.83
 0.87 0.9  0.97 0.99 1.   1.02 1.06 1.07 1.14 1.15 1.23 1.23 1.27 1.36
 1.44 1.64 1.68 1.75]
var: 0.17267666666666656
| [0m9        [0m | [0m0.69     [0m | [0m0.1698   [0m | [0m36.38    [0m | [0m2.984    [0m |
[0.1  0.15 0.19 0.23 0.28 0.42 0.48 0.54 0.55 0.56 0.63 0.63 0.67 0.68
 0.69 0.71 0.82 0.84 0.89 0.91 0.91 0.95 1.01 1.05 1.07 1.11 1.14 1.16
 1.17 1.18 1.22 1.24 1.24 1.28 1.37 1.4  1.4  1.46 1.47 1.5  1.5  1.52
 1.54 1.61 1.62 1.63 1.66 1.82 1.82 1.92 1.92 1.92 2.03 2.04 2.35 2.48
 2.51 2.64 2.95 3.12]
var: 0.471158333333333
| [0m10       [0m | [0m1.265    [0m | [0m0.09841  [0m | [0m18.75    [0m | [0m0.4994   [0m |
[0.   0.   0.03 0.12 0.13 0.21 0.24 0.27 0.33 0.38 0.41 0.46 0.48 0.48
 0.5  0.52 0.54 0.61 0.69 0.69 0.71 0.74 0.75 0.77 0.81 0.82 0.82 0.85
 0.88 0.89 0.93 0.94 0.96 0.99 1.   1.   1.01 1.04 1.08 1.08 1.09 1.19
 1.21 1.25 1.25 1.27 1.28 1.32 1.33 1.36 1.36 1.41 1.46 1.5  1.53 1.76
 2.19 2.25 2.47 2.94]
var: 0.3455009999999993
| [0m11       [0m | [0m0.943    [0m | [0m0.1101   [0m | [0m20.28    [0m | [0m2.193    [0m |
[0.01 0.07 0.09 0.11 0.15 0.19 0.2  0.23 0.23 0.26 0.29 0.3  0.32 0.37
 0.38 0.4  0.4  0.41 0.5  0.5  0.56 0.64 0.69 0.72 0.74 0.78 0.83 0.84
 0.84 0.9  0.95 0.96 1.02 1.03 1.04 1.04 1.06 1.07 1.12 1.16 1.18 1.35
 1.41 1.44 1.5  1.5  1.54 1.55 1.72 1.9  1.91 1.96 1.97 2.15 2.16 2.18
 2.52 2.55 2.72 3.48]
var: 0.5870516388888893
| [0m12       [0m | [0m1.035    [0m | [0m0.04749  [0m | [0m10.87    [0m | [0m1.185    [0m |
[0.   0.01 0.03 0.04 0.08 0.08 0.1  0.13 0.14 0.14 0.23 0.24 0.25 0.32
 0.34 0.38 0.38 0.39 0.42 0.47 0.51 0.55 0.63 0.65 0.67 0.69 0.69 0.71
 0.75 0.75 0.79 0.8  0.87 0.88 0.93 0.95 0.98 0.98 0.98 1.01 1.01 1.04
 1.05 1.13 1.14 1.14 1.22 1.26 1.28 1.29 1.29 1.32 1.33 1.4  1.41 1.45
 1.47 1.48 1.7  1.97]
var: 0.23724933333333334
| [0m13       [0m | [0m0.772    [0m | [0m0.1288   [0m | [0m45.06    [0m | [0m0.7703   [0m |
[0.6  0.6  0.63 0.64 0.65 0.72 0.75 1.   1.1  1.15 1.19 1.21 1.25 1.25
 1.28 1.29 1.29 1.38 1.45 1.52 1.63 1.65 1.66 1.78 1.84 1.85 1.86 1.92
 1.95 1.96 1.97 1.97 2.05 2.05 2.07 2.13 2.24 2.29 2.34 2.41 2.62 2.63
 2.63 2.66 2.74 2.82 2.84 2.92 2.96 3.34 3.44 3.49 3.52 3.87 4.06 4.21
 4.31 4.65 4.91 5.57]
var: 1.3163462222222226
| [95m14       [0m | [95m2.179    [0m | [95m0.1148   [0m | [95m17.88    [0m | [95m0.06364  [0m |
[0.   0.02 0.04 0.06 0.06 0.08 0.09 0.09 0.13 0.21 0.24 0.39 0.39 0.4
 0.45 0.45 0.46 0.47 0.58 0.59 0.6  0.6  0.64 0.68 0.69 0.72 0.75 0.75
 0.75 0.76 0.76 0.76 0.8  0.82 0.83 0.83 0.84 0.85 0.93 0.94 0.96 0.98
 1.02 1.05 1.06 1.08 1.08 1.09 1.12 1.18 1.22 1.22 1.23 1.27 1.31 1.37
 1.38 1.72 2.74 3.11]
var: 0.319314972222222
| [0m15       [0m | [0m0.7948   [0m | [0m0.1817   [0m | [0m40.63    [0m | [0m1.447    [0m |
[0.46 0.53 0.58 0.59 0.59 0.61 0.61 0.65 0.69 0.72 0.75 0.83 0.84 0.85
 0.87 0.9  0.95 1.   1.01 1.03 1.07 1.07 1.2  1.22 1.24 1.24 1.26 1.27
 1.28 1.3  1.33 1.34 1.34 1.35 1.38 1.47 1.48 1.51 1.52 1.57 1.6  1.64
 1.66 1.68 1.68 1.69 1.75 1.8  1.81 1.83 1.83 1.83 1.85 1.88 2.67 2.92
 2.97 3.18 3.19 3.77]
var: 0.4940869722222223
| [0m16       [0m | [0m1.412    [0m | [0m0.2107   [0m | [0m25.34    [0m | [0m0.2327   [0m |
[0.59 0.65 0.74 0.76 0.82 0.9  0.9  1.01 1.01 1.11 1.15 1.24 1.26 1.27
 1.27 1.29 1.3  1.32 1.37 1.37 1.38 1.38 1.45 1.49 1.51 1.52 1.6  1.63
 1.64 1.71 1.75 1.77 1.8  1.82 1.85 1.9  1.93 1.97 2.01 2.03 2.04 2.1
 2.21 2.22 2.26 2.31 2.31 2.31 2.4  2.44 2.45 2.54 2.54 2.54 2.56 2.61
 2.67 2.8  3.69 4.04]
var: 0.48090163888888876
| [0m17       [0m | [0m1.775    [0m | [0m0.06864  [0m | [0m19.68    [0m | [0m0.2266   [0m |
[0.   0.01 0.02 0.02 0.03 0.04 0.06 0.06 0.11 0.11 0.12 0.12 0.13 0.14
 0.2  0.2  0.23 0.23 0.33 0.36 0.5  0.51 0.52 0.55 0.58 0.59 0.63 0.72
 0.74 0.8  0.82 0.86 0.92 0.95 0.98 1.03 1.04 1.09 1.09 1.1  1.16 1.2
 1.2  1.24 1.26 1.26 1.33 1.38 1.39 1.43 1.45 1.49 1.51 1.57 1.64 1.7
 1.75 2.71 3.15 3.41]
var: 0.5461503055555557
| [0m18       [0m | [0m0.8628   [0m | [0m0.1894   [0m | [0m27.52    [0m | [0m1.325    [0m |
[0.67 0.68 0.82 1.16 1.29 1.3  1.35 1.35 1.36 1.48 1.48 1.53 1.55 1.59
 1.64 1.66 1.66 1.69 1.7  1.75 1.75 1.78 1.78 1.81 1.92 1.98 1.99 1.99
 2.04 2.08 2.1  2.11 2.13 2.18 2.21 2.38 2.42 2.42 2.49 2.61 2.62 2.65
 2.66 2.83 2.83 2.88 2.95 2.99 3.   3.01 3.03 3.07 3.07 3.38 3.59 4.16
 4.27 4.33 4.47 5.11]
var: 0.8740532222222214
| [95m19       [0m | [95m2.28     [0m | [95m0.04455  [0m | [95m5.04     [0m | [95m0.1609   [0m |
[0.   0.01 0.02 0.03 0.04 0.05 0.05 0.05 0.06 0.07 0.09 0.1  0.12 0.12
 0.14 0.15 0.15 0.16 0.16 0.19 0.22 0.24 0.37 0.44 0.46 0.46 0.5  0.54
 0.56 0.57 0.6  0.61 0.62 0.66 0.69 0.7  0.73 0.74 0.77 0.77 0.78 0.78
 0.83 0.83 0.88 0.91 0.91 0.91 0.93 0.95 0.98 1.07 1.11 1.14 1.17 1.18
 1.42 1.58 2.   2.07]
var: 0.23209288888888888
| [0m20       [0m | [0m0.5907   [0m | [0m0.1919   [0m | [0m37.34    [0m | [0m1.575    [0m |
[0.02 0.03 0.08 0.08 0.1  0.11 0.12 0.12 0.13 0.17 0.19 0.22 0.3  0.34
 0.46 0.49 0.5  0.55 0.59 0.61 0.63 0.69 0.74 0.77 0.77 0.83 0.84 0.84
 0.9  0.91 0.92 0.98 1.   1.01 1.04 1.05 1.1  1.1  1.14 1.15 1.17 1.24
 1.34 1.35 1.36 1.38 1.41 1.42 1.44 1.48 1.61 1.65 1.68 1.8  1.81 1.82
 1.84 1.86 2.01 2.05]
var: 0.33469122222222253
| [0m21       [0m | [0m0.9223   [0m | [0m0.1283   [0m | [0m36.12    [0m | [0m0.8754   [0m |
[0.01 0.02 0.04 0.05 0.05 0.05 0.06 0.07 0.07 0.08 0.09 0.09 0.13 0.14
 0.14 0.15 0.16 0.21 0.25 0.27 0.28 0.28 0.28 0.29 0.29 0.34 0.35 0.37
 0.41 0.42 0.59 0.62 0.68 0.7  0.7  0.7  0.78 0.79 0.83 0.89 0.89 0.9
 0.95 0.98 0.99 1.01 1.07 1.11 1.13 1.14 1.15 1.17 1.31 1.32 1.33 1.35
 1.47 1.53 1.87 2.33]
var: 0.27841488888888827
| [0m22       [0m | [0m0.6287   [0m | [0m0.2783   [0m | [0m49.66    [0m | [0m1.157    [0m |
[0.05 0.06 0.09 0.15 0.17 0.19 0.2  0.21 0.26 0.3  0.32 0.33 0.35 0.38
 0.42 0.42 0.44 0.47 0.49 0.51 0.51 0.53 0.53 0.55 0.56 0.57 0.61 0.65
 0.69 0.7  0.76 0.77 0.8  0.92 0.93 0.97 1.02 1.03 1.11 1.11 1.17 1.17
 1.21 1.25 1.28 1.29 1.32 1.32 1.36 1.42 1.43 1.43 1.64 1.77 1.79 1.85
 1.87 1.99 2.   2.68]
var: 0.34211030555555527
| [0m23       [0m | [0m0.8728   [0m | [0m0.004065 [0m | [0m7.361    [0m | [0m2.589    [0m |
[0.01 0.06 0.07 0.13 0.23 0.23 0.36 0.39 0.4  0.41 0.42 0.47 0.52 0.54
 0.55 0.55 0.55 0.55 0.56 0.58 0.58 0.59 0.6  0.72 0.74 0.79 0.79 0.83
 0.93 0.95 0.96 0.97 1.   1.07 1.07 1.08 1.09 1.11 1.13 1.14 1.16 1.18
 1.19 1.26 1.31 1.33 1.34 1.37 1.39 1.45 1.47 1.47 1.56 1.63 1.83 1.86
 2.23 2.29 2.68 2.78]
var: 0.3655949999999996
| [0m24       [0m | [0m0.975    [0m | [0m0.1731   [0m | [0m26.14    [0m | [0m1.617    [0m |
[0.09 0.09 0.11 0.14 0.15 0.24 0.34 0.37 0.38 0.39 0.4  0.41 0.48 0.48
 0.49 0.55 0.57 0.57 0.58 0.59 0.59 0.59 0.62 0.62 0.63 0.65 0.65 0.66
 0.69 0.7  0.7  0.71 0.71 0.74 0.78 0.81 0.82 0.83 0.86 0.88 0.91 0.94
 0.95 0.97 0.99 1.04 1.07 1.09 1.12 1.16 1.17 1.19 1.25 1.25 1.29 1.31
 1.35 1.36 1.43 1.56]
var: 0.12979233333333312
| [0m25       [0m | [0m0.751    [0m | [0m0.06012  [0m | [0m4.354    [0m | [0m2.343    [0m |
[0.02 0.02 0.03 0.04 0.07 0.18 0.21 0.24 0.31 0.4  0.43 0.45 0.47 0.48
 0.5  0.5  0.52 0.52 0.53 0.57 0.59 0.6  0.61 0.63 0.65 0.66 0.67 0.68
 0.75 0.76 0.82 0.9  0.9  0.92 0.99 1.07 1.08 1.09 1.11 1.13 1.14 1.16
 1.18 1.19 1.19 1.2  1.26 1.29 1.32 1.36 1.39 1.5  1.62 1.84 1.86 2.03
 2.09 2.7  2.8  3.87]
var: 0.5079594166666664
| [0m26       [0m | [0m0.9515   [0m | [0m0.2995   [0m | [0m17.49    [0m | [0m1.488    [0m |
[0.13 0.38 0.48 0.55 0.66 0.67 0.72 0.75 0.79 0.81 0.98 0.99 1.   1.13
 1.22 1.26 1.28 1.31 1.32 1.32 1.33 1.34 1.35 1.39 1.4  1.41 1.45 1.48
 1.49 1.68 1.71 1.82 1.85 1.9  1.91 1.98 1.99 2.04 2.18 2.23 2.32 2.35
 2.35 2.38 2.55 2.73 2.8  2.85 2.87 3.01 3.09 3.14 3.2  3.22 3.23 3.28
 3.72 3.95 6.27 7.6 ]
var: 1.66657275
| [0m27       [0m | [0m1.977    [0m | [0m0.0006171[0m | [0m37.49    [0m | [0m0.9774   [0m |
[0.03 0.05 0.06 0.06 0.18 0.28 0.3  0.3  0.36 0.39 0.4  0.41 0.42 0.46
 0.47 0.48 0.54 0.55 0.58 0.6  0.62 0.63 0.65 0.65 0.65 0.72 0.73 0.74
 0.84 0.85 0.86 0.89 0.92 0.92 0.94 0.95 0.96 1.   1.02 1.04 1.05 1.06
 1.07 1.09 1.1  1.14 1.14 1.19 1.2  1.21 1.22 1.27 1.28 1.36 1.46 1.68
 1.82 1.89 1.91 2.21]
var: 0.2287354166666665
| [0m28       [0m | [0m0.8475   [0m | [0m0.27     [0m | [0m12.79    [0m | [0m2.903    [0m |
[0.   0.   0.   0.   0.01 0.08 0.1  0.12 0.23 0.24 0.26 0.26 0.28 0.29
 0.32 0.32 0.34 0.35 0.38 0.43 0.43 0.46 0.49 0.52 0.54 0.55 0.63 0.67
 0.68 0.7  0.73 0.73 0.76 0.77 0.78 0.78 0.79 0.8  0.82 0.82 0.83 0.9
 0.98 1.   1.   1.02 1.05 1.05 1.08 1.11 1.12 1.14 1.19 1.24 1.29 1.34
 1.37 1.77 2.27 2.72]
var: 0.27479808333333355
| [0m29       [0m | [0m0.7155   [0m | [0m0.2388   [0m | [0m48.09    [0m | [0m1.446    [0m |
[0.49 0.53 0.53 0.54 0.58 0.58 0.65 0.67 0.77 0.79 0.8  0.81 0.83 0.93
 0.94 0.97 0.97 1.03 1.07 1.1  1.19 1.21 1.25 1.34 1.35 1.36 1.41 1.41
 1.46 1.48 1.48 1.52 1.54 1.61 1.61 1.62 1.63 1.64 1.7  1.71 1.71 1.78
 1.8  1.85 1.9  2.01 2.05 2.07 2.11 2.19 2.21 2.26 2.41 2.53 2.59 2.65
 2.96 4.18 5.15 6.13]
var: 1.0408095555555559
| [0m30       [0m | [0m1.627    [0m | [0m0.1006   [0m | [0m32.25    [0m | [0m0.1842   [0m |
[0.32 0.47 0.61 0.62 0.73 0.79 0.8  0.84 1.   1.02 1.08 1.12 1.13 1.22
 1.24 1.27 1.31 1.31 1.32 1.36 1.37 1.38 1.4  1.4  1.4  1.45 1.46 1.51
 1.53 1.57 1.6  1.63 1.65 1.65 1.66 1.67 1.72 1.73 1.75 1.76 1.77 1.84
 2.06 2.14 2.15 2.17 2.2  2.34 2.39 2.51 2.63 2.72 2.73 2.74 2.77 2.94
 3.05 3.19 3.81 3.86]
var: 0.5905645555555556
| [0m31       [0m | [0m1.714    [0m | [0m0.1108   [0m | [0m20.97    [0m | [0m0.1409   [0m |
[0.02 0.07 0.09 0.1  0.15 0.21 0.25 0.36 0.37 0.4  0.43 0.43 0.43 0.57
 0.58 0.6  0.67 0.68 0.69 0.71 0.76 0.76 0.77 0.77 0.78 0.79 0.8  0.84
 0.86 0.87 0.88 0.88 0.89 0.9  0.94 0.95 0.95 0.96 1.03 1.04 1.06 1.11
 1.11 1.12 1.12 1.14 1.14 1.17 1.18 1.2  1.33 1.46 1.54 1.55 1.66 1.73
 1.81 1.95 2.2  2.75]
var: 0.2758962222222226
| [0m32       [0m | [0m0.9093   [0m | [0m0.2425   [0m | [0m14.26    [0m | [0m1.9      [0m |
[0.03 0.03 0.04 0.04 0.05 0.06 0.08 0.12 0.14 0.16 0.18 0.2  0.22 0.27
 0.34 0.34 0.34 0.35 0.35 0.35 0.38 0.45 0.48 0.54 0.54 0.55 0.6  0.62
 0.63 0.66 0.7  0.7  0.7  0.71 0.72 0.72 0.73 0.79 0.8  0.81 0.83 0.86
 0.9  0.97 1.06 1.07 1.14 1.16 1.19 1.2  1.25 1.36 1.36 1.38 1.39 1.41
 1.52 1.65 2.88 3.36]
var: 0.38660899999999976
| [0m33       [0m | [0m0.741    [0m | [0m0.02395  [0m | [0m29.47    [0m | [0m2.719    [0m |
[0.   0.03 0.05 0.06 0.09 0.1  0.16 0.18 0.19 0.2  0.21 0.22 0.3  0.3
 0.32 0.33 0.4  0.4  0.42 0.43 0.44 0.45 0.51 0.53 0.54 0.58 0.66 0.67
 0.68 0.71 0.75 0.76 0.78 0.83 0.84 0.88 0.88 0.89 0.89 0.91 0.94 0.94
 0.98 1.11 1.15 1.17 1.19 1.2  1.25 1.26 1.27 1.3  1.42 1.48 1.48 1.49
 1.74 2.02 2.4  2.73]
var: 0.3297516388888892
| [0m34       [0m | [0m0.7848   [0m | [0m0.2336   [0m | [0m30.23    [0m | [0m1.299    [0m |
[0.   0.01 0.05 0.09 0.12 0.12 0.12 0.12 0.12 0.13 0.13 0.15 0.21 0.29
 0.3  0.35 0.35 0.35 0.38 0.39 0.43 0.45 0.48 0.5  0.5  0.52 0.54 0.56
 0.6  0.64 0.64 0.68 0.74 0.76 0.77 0.8  0.8  0.82 0.85 0.86 0.87 0.88
 0.89 0.94 1.02 1.07 1.08 1.1  1.13 1.16 1.16 1.22 1.22 1.5  1.55 1.55
 1.65 1.95 1.98 2.6 ]
var: 0.29335288888888944
| [0m35       [0m | [0m0.7207   [0m | [0m0.1735   [0m | [0m39.74    [0m | [0m1.776    [0m |
[0.   0.02 0.05 0.09 0.11 0.17 0.18 0.25 0.26 0.28 0.3  0.3  0.34 0.35
 0.41 0.5  0.51 0.53 0.53 0.55 0.57 0.6  0.65 0.65 0.66 0.69 0.7  0.7
 0.72 0.72 0.75 0.76 0.77 0.81 0.81 0.87 0.88 0.9  0.94 0.96 0.98 1.02
 1.05 1.05 1.07 1.08 1.13 1.14 1.22 1.28 1.34 1.46 1.49 1.63 1.74 1.81
 2.04 2.11 2.38 3.74]
var: 0.41869333333333336
| [0m36       [0m | [0m0.86     [0m | [0m0.2789   [0m | [0m30.69    [0m | [0m2.11     [0m |
[0.02 0.08 0.19 0.29 0.29 0.35 0.43 0.47 0.66 0.66 0.73 0.81 0.82 0.84
 0.85 0.86 0.91 1.   1.06 1.08 1.11 1.11 1.17 1.23 1.23 1.25 1.27 1.27
 1.29 1.41 1.41 1.42 1.45 1.46 1.52 1.58 1.66 1.69 1.7  1.72 1.74 1.81
 1.82 1.91 1.92 1.94 2.05 2.08 2.23 2.31 2.41 2.46 2.67 2.73 2.75 2.78
 2.81 3.06 3.51 4.32]
var: 0.7517912222222224
| [0m37       [0m | [0m1.494    [0m | [0m0.02505  [0m | [0m25.04    [0m | [0m0.756    [0m |
[0.02 0.02 0.03 0.07 0.08 0.08 0.11 0.12 0.14 0.17 0.19 0.29 0.32 0.32
 0.42 0.43 0.44 0.51 0.53 0.56 0.57 0.59 0.66 0.74 0.79 0.79 0.81 0.86
 0.87 0.89 0.91 0.93 0.94 0.97 1.05 1.07 1.12 1.22 1.23 1.27 1.32 1.36
 1.41 1.48 1.49 1.49 1.51 1.59 1.6  1.67 1.7  1.79 1.8  1.84 1.87 1.93
 1.96 1.99 2.19 2.6 ]
var: 0.42419933333333376
| [0m38       [0m | [0m0.962    [0m | [0m0.03935  [0m | [0m48.72    [0m | [0m1.382    [0m |
[0.01 0.03 0.04 0.04 0.07 0.13 0.14 0.17 0.18 0.27 0.31 0.36 0.41 0.41
 0.42 0.43 0.5  0.51 0.51 0.55 0.57 0.61 0.63 0.63 0.64 0.67 0.67 0.69
 0.71 0.71 0.73 0.8  0.81 0.82 0.9  0.94 0.94 1.02 1.03 1.04 1.05 1.07
 1.07 1.08 1.18 1.26 1.33 1.41 1.47 1.47 1.49 1.5  1.59 1.76 1.78 1.82
 1.97 2.1  2.27 3.85]
var: 0.4558503055555555
| [0m39       [0m | [0m0.8928   [0m | [0m0.1735   [0m | [0m11.18    [0m | [0m0.9627   [0m |
[0.   0.08 0.1  0.14 0.14 0.15 0.18 0.19 0.21 0.21 0.23 0.24 0.26 0.28
 0.29 0.3  0.31 0.31 0.32 0.32 0.34 0.36 0.37 0.39 0.42 0.42 0.45 0.46
 0.46 0.47 0.48 0.48 0.53 0.55 0.56 0.59 0.62 0.63 0.64 0.69 0.7  0.7
 0.71 0.71 0.71 0.73 0.74 0.76 0.82 0.83 0.86 1.   1.02 1.03 1.12 1.2
 1.23 1.39 1.4  1.96]
var: 0.1405516388888889
| [0m40       [0m | [0m0.5632   [0m | [0m0.1874   [0m | [0m1.498    [0m | [0m1.284    [0m |
[0.02 0.03 0.04 0.06 0.09 0.1  0.13 0.14 0.15 0.28 0.29 0.37 0.37 0.41
 0.46 0.5  0.5  0.53 0.53 0.58 0.61 0.64 0.65 0.65 0.67 0.7  0.74 0.75
 0.76 0.78 0.79 0.87 0.98 0.99 1.08 1.1  1.16 1.16 1.17 1.18 1.19 1.22
 1.23 1.28 1.28 1.3  1.34 1.34 1.35 1.36 1.43 1.47 1.49 1.52 1.61 1.87
 1.95 1.98 2.   2.02]
var: 0.3057395555555559
| [0m41       [0m | [0m0.8873   [0m | [0m0.2416   [0m | [0m16.64    [0m | [0m1.519    [0m |
[0.   0.   0.   0.   0.   0.   0.   0.   0.   0.   0.   0.   0.   0.
 0.   0.   0.   0.   0.   0.   0.   0.   0.   0.   0.   0.   0.   0.
 0.   0.   0.   0.   0.   0.   0.   0.   0.   0.   0.   0.   0.   0.
 0.   0.   0.   0.   0.   0.   0.01 0.01 0.02 0.02 0.03 0.03 0.04 0.05
 0.06 0.07 0.07 0.1 ]
var: 0.00043275000000001824
| [0m42       [0m | [0m0.0085   [0m | [0m0.03464  [0m | [0m5.399    [0m | [0m0.001    [0m |
[0.   0.   0.01 0.04 0.04 0.05 0.05 0.06 0.08 0.08 0.1  0.11 0.11 0.12
 0.12 0.12 0.17 0.18 0.23 0.25 0.28 0.3  0.37 0.37 0.42 0.42 0.45 0.45
 0.47 0.48 0.49 0.5  0.5  0.54 0.56 0.64 0.74 0.75 0.77 0.79 0.8  0.82
 0.83 0.84 0.87 0.89 1.07 1.1  1.13 1.15 1.21 1.23 1.25 1.27 1.27 1.44
 1.56 1.63 1.65 2.24]
var: 0.2622712222222226
| [0m43       [0m | [0m0.6077   [0m | [0m0.2747   [0m | [0m48.01    [0m | [0m2.763    [0m |
[0.04 0.12 0.12 0.13 0.13 0.14 0.15 0.16 0.21 0.23 0.25 0.32 0.34 0.34
 0.38 0.39 0.41 0.44 0.45 0.46 0.47 0.47 0.47 0.48 0.49 0.49 0.5  0.5
 0.53 0.58 0.59 0.59 0.61 0.62 0.63 0.64 0.64 0.66 0.66 0.67 0.67 0.71
 0.71 0.77 0.78 0.79 0.95 0.98 0.98 0.99 1.08 1.09 1.11 1.13 1.2  1.22
 1.32 1.4  1.67 1.89]
var: 0.1521212222222223
| [0m44       [0m | [0m0.6323   [0m | [0m0.1904   [0m | [0m42.05    [0m | [0m2.74     [0m |
[0.07 0.08 0.09 0.1  0.14 0.16 0.16 0.17 0.19 0.21 0.24 0.26 0.27 0.3
 0.34 0.35 0.41 0.41 0.43 0.44 0.46 0.48 0.51 0.52 0.55 0.58 0.61 0.63
 0.64 0.65 0.67 0.68 0.72 0.73 0.75 0.76 0.76 0.77 0.79 0.8  0.81 0.82
 0.84 0.86 0.89 0.95 0.99 1.02 1.11 1.15 1.16 1.2  1.25 1.3  1.4  1.44
 1.47 2.01 2.06 2.46]
var: 0.2482369722222219
| [0m45       [0m | [0m0.7178   [0m | [0m0.208    [0m | [0m11.5     [0m | [0m0.6293   [0m |
[0.   0.05 0.13 0.15 0.15 0.15 0.19 0.33 0.36 0.36 0.37 0.38 0.4  0.45
 0.49 0.5  0.53 0.54 0.54 0.63 0.64 0.71 0.75 0.77 0.78 0.79 0.8  0.82
 0.83 0.85 0.93 0.95 0.98 0.99 1.04 1.05 1.09 1.1  1.11 1.12 1.15 1.17
 1.17 1.19 1.19 1.22 1.29 1.31 1.39 1.47 1.48 1.5  1.55 1.56 1.59 1.69
 1.75 1.82 1.82 1.97]
var: 0.25044822222222235
| [0m46       [0m | [0m0.9013   [0m | [0m0.2876   [0m | [0m13.82    [0m | [0m2.602    [0m |
[0.01 0.02 0.02 0.04 0.18 0.2  0.25 0.3  0.33 0.35 0.35 0.39 0.46 0.46
 0.49 0.52 0.53 0.54 0.57 0.6  0.6  0.62 0.62 0.62 0.65 0.67 0.67 0.67
 0.68 0.68 0.68 0.69 0.71 0.72 0.73 0.73 0.76 0.77 0.77 0.79 0.81 0.81
 0.89 0.9  0.98 0.99 1.04 1.1  1.12 1.22 1.25 1.29 1.32 1.4  1.43 1.52
 1.62 1.88 1.92 1.99]
var: 0.2063448888888888
| [0m47       [0m | [0m0.7653   [0m | [0m0.2858   [0m | [0m22.22    [0m | [0m2.991    [0m |
[0.02 0.06 0.06 0.07 0.08 0.1  0.11 0.14 0.19 0.21 0.23 0.23 0.28 0.3
 0.31 0.35 0.36 0.4  0.41 0.41 0.45 0.45 0.5  0.52 0.57 0.57 0.6  0.62
 0.65 0.7  0.73 0.73 0.76 0.77 0.82 0.85 0.86 0.88 0.93 0.98 1.   1.07
 1.1  1.17 1.19 1.2  1.21 1.24 1.26 1.28 1.31 1.34 1.35 1.49 1.8  1.85
 1.89 2.26 2.67 2.86]
var: 0.39639888888888863
| [0m48       [0m | [0m0.8133   [0m | [0m0.2676   [0m | [0m10.4     [0m | [0m0.469    [0m |
[0.01 0.03 0.04 0.04 0.04 0.07 0.09 0.1  0.12 0.2  0.23 0.24 0.24 0.32
 0.39 0.39 0.48 0.49 0.5  0.54 0.56 0.56 0.58 0.62 0.68 0.68 0.68 0.69
 0.69 0.76 0.77 0.86 0.93 1.04 1.06 1.06 1.07 1.07 1.14 1.15 1.16 1.17
 1.23 1.28 1.35 1.36 1.38 1.44 1.46 1.64 1.65 1.72 1.73 1.76 1.87 1.9
 1.95 1.97 2.52 3.68]
var: 0.4992769722222221
| [0m49       [0m | [0m0.9238   [0m | [0m0.2353   [0m | [0m22.81    [0m | [0m1.661    [0m |
[0.02 0.03 0.06 0.06 0.13 0.18 0.18 0.19 0.33 0.38 0.39 0.39 0.43 0.45
 0.48 0.52 0.57 0.59 0.61 0.62 0.63 0.63 0.63 0.64 0.64 0.66 0.72 0.72
 0.73 0.76 0.81 0.83 0.84 0.91 0.94 0.95 0.96 1.   1.01 1.02 1.07 1.08
 1.08 1.13 1.13 1.18 1.2  1.2  1.22 1.32 1.36 1.36 1.61 1.81 1.96 2.17
 2.37 2.52 2.74 2.93]
var: 0.42316933333333306
| [0m50       [0m | [0m0.918    [0m | [0m0.1689   [0m | [0m16.68    [0m | [0m1.167    [0m |
[0.   0.   0.01 0.02 0.03 0.05 0.08 0.08 0.11 0.11 0.18 0.33 0.36 0.39
 0.41 0.42 0.46 0.46 0.5  0.51 0.52 0.53 0.56 0.58 0.62 0.63 0.64 0.68
 0.72 0.72 0.73 0.76 0.77 0.8  0.81 0.82 0.84 0.85 0.85 0.86 0.86 0.87
 0.87 0.91 0.94 1.   1.07 1.1  1.1  1.12 1.17 1.21 1.22 1.26 1.27 1.33
 1.37 1.41 2.12 4.15]
var: 0.38128208333333297
| [0m51       [0m | [0m0.7525   [0m | [0m0.204    [0m | [0m39.54    [0m | [0m1.857    [0m |
[0.03 0.07 0.09 0.09 0.12 0.16 0.22 0.29 0.3  0.4  0.42 0.43 0.44 0.46
 0.5  0.52 0.55 0.58 0.58 0.61 0.63 0.72 0.73 0.74 0.78 0.81 0.81 0.83
 0.86 0.87 0.89 0.91 0.91 0.94 0.96 0.97 0.98 0.98 0.98 1.   1.03 1.03
 1.04 1.05 1.09 1.11 1.13 1.18 1.21 1.37 1.4  1.57 1.59 1.67 1.74 1.76
 1.77 2.01 2.08 2.24]
var: 0.2692136388888888
| [0m52       [0m | [0m0.8872   [0m | [0m0.1768   [0m | [0m19.72    [0m | [0m1.989    [0m |
[0.43 0.52 0.54 0.61 0.62 0.65 0.66 0.7  0.71 0.8  0.95 1.   1.04 1.11
 1.13 1.22 1.25 1.34 1.35 1.39 1.4  1.4  1.46 1.47 1.59 1.61 1.63 1.71
 1.82 1.84 1.96 1.99 2.01 2.03 2.05 2.07 2.17 2.19 2.25 2.33 2.34 2.38
 2.39 2.51 2.55 2.55 2.64 2.65 2.65 2.79 2.88 3.01 3.21 3.32 3.39 3.66
 3.9  3.91 4.74 5.14]
var: 1.0920449722222225
| [0m53       [0m | [0m1.96     [0m | [0m0.1169   [0m | [0m17.85    [0m | [0m0.07745  [0m |
[0.44 0.54 0.6  0.64 0.66 0.86 0.86 0.88 0.89 0.94 0.96 0.96 1.04 1.05
 1.1  1.13 1.15 1.18 1.24 1.36 1.36 1.42 1.48 1.51 1.51 1.55 1.57 1.6
 1.63 1.64 1.64 1.71 1.73 1.74 1.76 1.76 1.78 1.8  1.82 1.82 1.84 1.85
 1.88 1.89 1.91 1.91 1.92 1.92 2.13 2.17 2.33 2.34 2.45 2.51 2.6  2.62
 2.74 2.95 3.84 3.89]
var: 0.4981300000000005
| [0m54       [0m | [0m1.65     [0m | [0m0.05645  [0m | [0m4.979    [0m | [0m0.2201   [0m |
[0.7  0.79 0.79 0.81 0.82 0.82 0.83 0.85 0.92 0.93 0.94 0.97 0.97 0.98
 1.   1.01 1.02 1.04 1.04 1.06 1.07 1.07 1.12 1.15 1.23 1.23 1.24 1.27
 1.27 1.29 1.32 1.33 1.33 1.34 1.35 1.35 1.35 1.36 1.36 1.36 1.37 1.41
 1.47 1.5  1.57 1.6  1.67 1.68 1.69 1.72 1.72 1.73 1.79 1.79 1.83 1.89
 1.91 1.91 2.09 2.61]
var: 0.14643141666666676
| [0m55       [0m | [0m1.311    [0m | [0m0.06644  [0m | [0m17.87    [0m | [0m0.03017  [0m |
[0.09 0.37 0.58 0.63 0.66 0.76 0.82 0.83 0.95 0.99 1.   1.03 1.07 1.25
 1.32 1.39 1.4  1.44 1.53 1.56 1.64 1.72 1.77 1.81 1.85 1.92 2.   2.02
 2.1  2.12 2.13 2.16 2.17 2.17 2.43 2.43 2.43 2.57 2.68 2.7  2.93 2.95
 3.07 3.15 3.24 3.28 3.28 3.3  3.32 3.46 3.5  3.52 3.86 3.89 4.05 4.12
 4.22 4.71 4.95 5.37]
var: 1.4766245555555555
| [0m56       [0m | [0m2.278    [0m | [0m0.06019  [0m | [0m4.959    [0m | [0m0.1066   [0m |
[0.35 0.51 0.51 0.56 0.57 0.59 0.61 0.68 0.68 0.73 0.75 0.78 0.82 0.82
 0.85 0.87 0.9  0.9  0.91 0.92 0.92 0.93 0.95 1.   1.01 1.01 1.01 1.02
 1.15 1.15 1.21 1.23 1.24 1.38 1.38 1.39 1.41 1.46 1.48 1.5  1.5  1.5
 1.53 1.58 1.62 1.62 1.66 1.67 1.69 1.76 1.77 1.87 1.9  1.91 1.94 1.94
 2.11 2.16 2.37 2.57]
var: 0.25811830555555537
| [0m57       [0m | [0m1.247    [0m | [0m0.142    [0m | [0m46.92    [0m | [0m0.2726   [0m |
[0.01 0.01 0.1  0.12 0.18 0.29 0.35 0.39 0.42 0.47 0.48 0.53 0.53 0.59
 0.62 0.65 0.71 0.74 0.77 0.79 0.87 0.87 0.88 0.9  0.92 1.01 1.05 1.06
 1.17 1.2  1.23 1.25 1.3  1.32 1.36 1.37 1.46 1.47 1.48 1.49 1.49 1.5
 1.51 1.53 1.53 1.55 1.58 1.62 1.68 1.71 1.79 1.89 1.89 2.43 2.46 2.48
 2.8  2.84 2.99 3.02]
var: 0.5500138888888898
| [0m58       [0m | [0m1.212    [0m | [0m0.04876  [0m | [0m25.05    [0m | [0m0.7535   [0m |
[0.37 0.47 0.59 0.61 0.71 0.85 1.02 1.07 1.09 1.18 1.19 1.3  1.37 1.44
 1.52 1.55 1.55 1.56 1.62 1.68 1.69 1.71 1.74 1.84 1.85 1.96 2.   2.02
 2.06 2.08 2.28 2.32 2.37 2.38 2.4  2.49 2.49 2.52 2.53 2.63 2.74 2.74
 2.89 2.98 2.98 3.09 3.09 3.11 3.35 3.35 3.39 3.55 3.61 3.71 3.83 3.92
 3.97 4.1  4.85 5.22]
var: 1.1779069722222222
| [0m59       [0m | [0m2.276    [0m | [0m0.01502  [0m | [0m5.089    [0m | [0m0.1345   [0m |
[0.05 0.07 0.1  0.2  0.26 0.32 0.32 0.36 0.4  0.42 0.43 0.46 0.52 0.58
 0.59 0.59 0.64 0.64 0.65 0.67 0.67 0.69 0.71 0.71 0.71 0.76 0.79 0.8
 0.83 0.88 0.9  0.96 0.97 0.98 1.05 1.11 1.13 1.13 1.17 1.2  1.28 1.31
 1.32 1.37 1.37 1.38 1.38 1.39 1.39 1.42 1.5  1.5  1.52 1.55 1.58 1.58
 1.76 1.9  1.97 4.04]
var: 0.3839203055555551
| [0m60       [0m | [0m0.9822   [0m | [0m0.1739   [0m | [0m20.0     [0m | [0m2.262    [0m |
[0.51 0.55 0.58 0.67 0.74 0.8  0.92 1.04 1.07 1.08 1.22 1.24 1.26 1.28
 1.29 1.32 1.56 1.56 1.64 1.7  1.7  1.77 1.77 1.88 1.89 1.9  1.9  1.92
 1.92 1.94 1.98 1.98 2.06 2.09 2.16 2.18 2.2  2.29 2.36 2.4  2.46 2.55
 2.56 2.61 2.64 2.69 2.7  2.75 2.95 3.23 3.33 3.39 3.57 3.75 3.8  3.92
 4.58 4.76 4.8  4.82]
var: 1.1591732222222222
| [0m61       [0m | [0m2.17     [0m | [0m0.05832  [0m | [0m4.992    [0m | [0m0.06664  [0m |
[0.35 0.53 0.54 0.55 0.58 0.7  0.71 0.9  1.02 1.07 1.07 1.14 1.16 1.17
 1.17 1.25 1.25 1.32 1.33 1.38 1.39 1.46 1.49 1.49 1.54 1.54 1.56 1.57
 1.59 1.6  1.61 1.65 1.68 1.69 1.71 1.74 1.75 1.76 1.84 1.86 1.88 1.89
 1.89 1.94 1.94 1.94 1.95 2.02 2.05 2.06 2.32 2.45 2.6  2.81 3.01 3.2
 3.24 3.32 3.66 3.71]
var: 0.5647683055555558
| [0m62       [0m | [0m1.693    [0m | [0m0.2386   [0m | [0m31.09    [0m | [0m0.03971  [0m |
[0.06 0.06 0.06 0.08 0.12 0.14 0.15 0.15 0.18 0.18 0.21 0.22 0.29 0.51
 0.56 0.57 0.57 0.59 0.6  0.62 0.69 0.7  0.7  0.73 0.75 0.75 0.76 0.77
 0.79 0.8  0.81 0.82 0.86 0.86 0.9  0.91 0.95 0.95 0.95 0.98 1.03 1.12
 1.14 1.16 1.17 1.21 1.22 1.23 1.23 1.25 1.25 1.28 1.29 1.31 1.59 1.72
 1.9  1.94 2.06 3.1 ]
var: 0.3198476388888893
| [0m63       [0m | [0m0.8592   [0m | [0m0.2271   [0m | [0m9.432    [0m | [0m1.988    [0m |
[0.05 0.42 0.45 0.45 0.57 0.58 0.7  0.72 0.73 0.78 0.8  0.81 0.82 0.82
 0.82 0.87 0.88 0.89 0.91 0.94 0.98 0.99 1.01 1.06 1.07 1.09 1.11 1.15
 1.18 1.19 1.19 1.21 1.22 1.26 1.27 1.29 1.33 1.38 1.43 1.5  1.51 1.54
 1.54 1.54 1.55 1.56 1.59 1.71 1.75 1.76 1.82 1.82 1.85 1.96 1.97 2.1
 2.2  2.24 2.37 2.47]
var: 0.2691269722222218
| [0m64       [0m | [0m1.246    [0m | [0m0.1441   [0m | [0m39.33    [0m | [0m0.02643  [0m |
[0.   0.05 0.05 0.06 0.07 0.12 0.12 0.2  0.22 0.23 0.31 0.31 0.32 0.34
 0.34 0.38 0.39 0.39 0.42 0.43 0.45 0.46 0.47 0.65 0.73 0.84 0.84 0.85
 0.89 0.92 0.93 1.02 1.03 1.03 1.03 1.06 1.06 1.08 1.08 1.16 1.17 1.17
 1.18 1.22 1.23 1.25 1.32 1.34 1.4  1.49 1.49 1.52 1.53 1.68 1.77 1.95
 1.99 2.04 2.13 2.15]
var: 0.3463476388888888
| [0m65       [0m | [0m0.8892   [0m | [0m0.1609   [0m | [0m15.99    [0m | [0m1.694    [0m |
[0.02 0.02 0.05 0.08 0.08 0.09 0.11 0.14 0.15 0.18 0.21 0.22 0.23 0.24
 0.3  0.31 0.34 0.35 0.35 0.42 0.42 0.47 0.49 0.53 0.56 0.56 0.63 0.67
 0.69 0.76 0.76 0.77 0.78 0.78 0.78 0.82 0.83 0.84 0.84 0.88 0.95 1.04
 1.07 1.08 1.1  1.16 1.19 1.38 1.54 1.59 1.71 1.77 1.83 1.84 2.12 2.15
 2.43 2.81 3.1  3.24]
var: 0.5893443055555553
| [0m66       [0m | [0m0.8808   [0m | [0m0.01887  [0m | [0m11.25    [0m | [0m1.937    [0m |
[0.04 0.07 0.1  0.11 0.11 0.19 0.2  0.22 0.23 0.29 0.34 0.38 0.38 0.4
 0.41 0.42 0.43 0.52 0.57 0.68 0.72 0.76 0.79 0.79 0.84 0.84 0.86 0.87
 0.88 0.89 0.89 0.9  0.9  0.93 0.97 0.98 0.98 1.04 1.07 1.08 1.1  1.13
 1.17 1.27 1.29 1.36 1.41 1.71 1.83 1.85 1.88 1.97 2.01 2.08 2.33 2.34
 2.51 2.62 3.04 3.48]
var: 0.5945409722222219
| [0m67       [0m | [0m1.041    [0m | [0m0.09307  [0m | [0m45.62    [0m | [0m0.8259   [0m |
[0.15 0.4  0.51 0.53 0.63 0.65 0.66 0.8  0.82 0.84 0.86 1.14 1.15 1.17
 1.18 1.19 1.25 1.25 1.27 1.27 1.36 1.36 1.4  1.4  1.41 1.41 1.43 1.46
 1.47 1.51 1.55 1.55 1.59 1.63 1.65 1.66 1.69 1.75 1.81 1.87 1.9  1.91
 1.93 1.94 1.97 1.98 2.01 2.02 2.06 2.12 2.2  2.41 2.42 2.5  2.65 2.76
 2.8  2.94 3.27 3.84]
var: 0.5064749722222225
| [0m68       [0m | [0m1.605    [0m | [0m0.1229   [0m | [0m5.043    [0m | [0m0.1447   [0m |
[0.04 0.37 0.43 0.47 0.5  0.55 0.63 0.69 0.71 0.73 0.73 0.74 0.75 0.76
 0.79 0.83 0.85 0.86 0.87 0.89 0.9  0.94 0.95 0.95 0.97 0.97 0.97 0.98
 0.98 0.98 1.05 1.06 1.06 1.08 1.09 1.15 1.16 1.2  1.23 1.26 1.28 1.3
 1.37 1.39 1.4  1.4  1.47 1.54 1.55 1.55 1.66 1.74 1.77 1.84 1.84 1.88
 1.89 1.97 2.19 3.07]
var: 0.2565210000000003
| [0m69       [0m | [0m1.137    [0m | [0m0.2081   [0m | [0m17.95    [0m | [0m0.02072  [0m |
[0.   0.01 0.09 0.13 0.19 0.22 0.41 0.5  0.52 0.53 0.54 0.59 0.62 0.62
 0.63 0.65 0.72 0.81 0.88 0.9  0.9  0.91 0.93 0.95 0.96 0.96 1.08 1.13
 1.18 1.19 1.21 1.23 1.26 1.26 1.33 1.35 1.35 1.44 1.47 1.5  1.55 1.65
 1.7  1.72 1.75 1.77 1.89 2.01 2.05 2.08 2.16 2.21 2.33 2.66 2.7  2.75
 3.05 3.17 3.22 3.5 ]
var: 0.7100369722222226
| [0m70       [0m | [0m1.318    [0m | [0m0.01672  [0m | [0m37.53    [0m | [0m0.9664   [0m |
[0.   0.02 0.05 0.06 0.12 0.12 0.14 0.16 0.16 0.21 0.24 0.24 0.3  0.3
 0.33 0.4  0.41 0.42 0.47 0.49 0.49 0.51 0.52 0.53 0.55 0.56 0.68 0.69
 0.74 0.75 0.77 0.78 0.78 0.81 0.88 0.88 0.89 0.91 0.93 0.96 1.03 1.08
 1.09 1.1  1.11 1.15 1.24 1.29 1.31 1.35 1.38 1.44 1.5  1.6  1.61 1.72
 1.84 2.06 2.16 2.98]
var: 0.35999275000000003
| [0m71       [0m | [0m0.8215   [0m | [0m0.2907   [0m | [0m28.82    [0m | [0m1.4      [0m |
[1.02 1.02 1.1  1.19 1.3  1.33 1.47 1.55 1.93 1.98 1.99 2.04 2.05 2.07
 2.15 2.18 2.24 2.26 2.3  2.31 2.33 2.33 2.37 2.38 2.45 2.61 2.7  2.83
 2.89 2.97 3.01 3.02 3.07 3.08 3.08 3.17 3.18 3.2  3.34 3.44 3.47 3.53
 3.67 3.76 3.83 3.85 3.94 3.97 4.01 4.17 4.19 4.26 4.26 4.75 4.78 4.87
 4.92 5.22 6.51 8.72]
var: 1.86387497222222
| [95m72       [0m | [95m3.06     [0m | [95m0.001422 [0m | [95m5.014    [0m | [95m0.1157   [0m |
[0.12 0.21 0.5  0.55 0.59 0.6  0.6  0.6  0.61 0.61 0.63 0.68 0.73 0.81
 0.88 0.9  0.91 0.94 0.94 0.99 1.12 1.17 1.18 1.24 1.25 1.3  1.32 1.39
 1.43 1.43 1.43 1.44 1.44 1.46 1.49 1.52 1.59 1.59 1.6  1.63 1.63 1.66
 1.68 1.69 1.72 1.78 1.79 1.8  1.84 1.87 1.91 1.93 1.97 2.1  2.15 2.18
 2.61 2.79 3.73 4.73]
var: 0.5965665555555559
| [0m73       [0m | [0m1.416    [0m | [0m0.06381  [0m | [0m4.894    [0m | [0m0.05313  [0m |
[0.04 0.46 0.49 0.51 0.55 0.55 0.55 0.56 0.57 0.57 0.63 0.67 0.69 0.74
 0.79 0.84 0.92 0.92 0.97 0.97 0.97 1.09 1.12 1.21 1.21 1.24 1.3  1.33
 1.34 1.38 1.39 1.41 1.43 1.44 1.49 1.51 1.52 1.58 1.64 1.68 1.77 1.83
 1.86 1.86 1.9  1.9  1.92 1.93 1.95 2.01 2.01 2.23 2.27 2.52 2.52 2.61
 2.88 2.97 3.25 3.31]
var: 0.5467214166666666
| [0m74       [0m | [0m1.43     [0m | [0m0.227    [0m | [0m25.33    [0m | [0m0.2324   [0m |
[0.18 0.44 0.6  0.66 0.7  0.72 0.81 0.81 0.83 0.85 0.88 0.96 0.97 0.99
 1.   1.05 1.18 1.19 1.21 1.25 1.28 1.33 1.36 1.38 1.44 1.45 1.48 1.49
 1.49 1.51 1.54 1.69 1.73 1.8  1.83 1.87 1.87 1.91 2.   2.02 2.15 2.18
 2.29 2.34 2.51 2.66 2.88 2.9  3.07 3.09 3.19 3.64 3.64 3.71 3.95 4.
 4.19 4.38 5.48 5.51]
var: 1.4710894166666668
| [0m75       [0m | [0m1.959    [0m | [0m0.05896  [0m | [0m4.936    [0m | [0m0.1433   [0m |
[0.57 0.59 0.59 0.59 0.66 0.93 0.93 0.95 1.08 1.09 1.21 1.25 1.26 1.32
 1.41 1.44 1.51 1.52 1.56 1.62 1.65 1.68 1.71 1.73 1.75 1.78 1.78 1.81
 1.82 1.82 1.82 1.86 1.88 1.89 1.91 1.99 2.   2.   2.03 2.07 2.07 2.11
 2.18 2.19 2.2  2.23 2.34 2.36 2.36 2.39 2.43 2.47 2.56 2.61 2.61 2.61
 2.78 3.14 3.24 3.83]
var: 0.4477380833333327
| [0m76       [0m | [0m1.83     [0m | [0m0.1335   [0m | [0m17.85    [0m | [0m0.08583  [0m |
[0.   0.   0.01 0.08 0.22 0.24 0.27 0.31 0.34 0.4  0.45 0.5  0.53 0.64
 0.76 0.79 0.8  0.8  0.85 0.87 0.96 0.99 1.01 1.03 1.08 1.08 1.08 1.11
 1.12 1.16 1.21 1.29 1.29 1.3  1.3  1.3  1.37 1.39 1.44 1.45 1.54 1.59
 1.77 1.85 1.85 1.93 1.97 2.   2.03 2.07 2.19 2.25 2.26 2.39 2.58 2.59
 2.67 2.92 3.39 3.8 ]
var: 0.712374555555556
| [0m77       [0m | [0m1.308    [0m | [0m0.00948  [0m | [0m16.59    [0m | [0m0.9876   [0m |
[0.02 0.08 0.09 0.12 0.14 0.36 0.36 0.37 0.38 0.39 0.39 0.4  0.41 0.52
 0.55 0.67 0.68 0.72 0.73 0.88 0.89 0.91 0.91 0.94 0.97 1.02 1.04 1.11
 1.16 1.31 1.32 1.45 1.52 1.53 1.59 1.64 1.8  1.89 1.97 2.09 2.24 2.31
 2.34 2.38 2.41 2.53 2.57 2.79 2.85 2.88 2.96 3.05 3.06 3.12 3.17 3.23
 3.63 3.64 3.77 4.76]
var: 1.3166060833333337
| [0m78       [0m | [0m1.584    [0m | [0m1e-08    [0m | [0m5.034    [0m | [0m0.08742  [0m |
[0.06 0.1  0.13 0.13 0.17 0.18 0.22 0.22 0.23 0.24 0.26 0.28 0.29 0.33
 0.34 0.38 0.42 0.43 0.43 0.43 0.43 0.44 0.46 0.47 0.47 0.47 0.5  0.5
 0.51 0.55 0.56 0.56 0.63 0.63 0.63 0.63 0.68 0.68 0.69 0.7  0.7  0.73
 0.73 0.73 0.75 0.76 0.77 0.77 0.87 0.88 0.89 0.92 0.98 1.02 1.11 1.13
 1.16 1.19 1.25 1.35]
var: 0.09526763888888902
| [0m79       [0m | [0m0.5858   [0m | [0m0.01733  [0m | [0m1.325    [0m | [0m2.825    [0m |
[0.4  0.5  0.53 0.54 0.56 0.57 0.59 0.8  0.92 0.92 0.95 0.96 1.   1.02
 1.05 1.05 1.07 1.07 1.13 1.18 1.27 1.29 1.29 1.34 1.35 1.37 1.4  1.43
 1.48 1.5  1.53 1.59 1.63 1.64 1.67 1.72 1.79 1.8  1.81 1.82 2.07 2.08
 2.14 2.16 2.17 2.32 2.33 2.34 2.38 2.49 2.52 2.54 2.63 2.8  2.93 3.33
 3.5  4.11 4.41 5.37]
var: 0.9632809722222216
| [0m80       [0m | [0m1.736    [0m | [0m0.08349  [0m | [0m5.1      [0m | [0m0.05761  [0m |
=============================================================
None
num_trials:  40  inits,  40  iters,  60  per
rho:  50
pthin:  0.94

Best VPT: 3.060166666666667
Best result: {'a': 0.001422254879707287, 'g': 5.0135593111545615, 's': 0.11567466369875297}

KERNEL: nu=1.5, lengthscale=2.0, alpha=0.0005
