|   iter    |  target   |     a     |     g     |     s     |
-------------------------------------------------------------
[0.12 0.14 0.22 0.25 0.37 0.38 0.4  0.41 0.48 0.5  0.54 0.56 0.57 0.64
 0.72 0.78 0.81 0.84 0.85 0.88 0.99 1.   1.08 1.13 1.13 1.21 1.21 1.23
 1.32 1.32 1.37 1.42 1.5  1.52 1.57 1.65 1.73 1.79 1.83 1.87 1.91 1.96
 2.01 2.02 2.2  2.21 2.54 2.55 2.67 2.7  2.74 2.86 2.89 2.95 3.07 3.18
 3.23 3.23 3.62 3.96]
var: 0.9647436388888893
| [0m1        [0m | [0m1.547    [0m | [0m0.02587  [0m | [0m8.888    [0m | [0m2.582    [0m |
[0.05 0.06 0.08 0.15 0.27 0.33 0.55 0.56 0.57 0.6  0.66 0.71 0.73 0.76
 0.76 0.77 0.8  0.81 0.81 0.81 0.82 0.9  1.   1.02 1.02 1.07 1.09 1.12
 1.14 1.15 1.16 1.16 1.18 1.2  1.2  1.4  1.4  1.41 1.52 1.54 1.55 1.67
 1.68 1.75 1.87 2.47 2.61 2.74 2.76 2.81 2.99 3.04 3.23 3.56 3.56 3.58
 3.64 3.89 4.53 4.74]
var: 1.3358016388888885
| [95m2        [0m | [95m1.55     [0m | [95m0.09515  [0m | [95m34.66    [0m | [95m0.4458   [0m |
[0.03 0.14 0.16 0.17 0.18 0.19 0.28 0.36 0.4  0.48 0.53 0.56 0.58 0.65
 0.67 0.7  0.76 0.78 0.83 0.89 0.94 0.95 0.97 1.05 1.11 1.14 1.18 1.23
 1.28 1.51 1.53 1.56 1.58 1.6  1.62 1.64 1.69 1.82 1.92 1.94 2.12 2.16
 2.17 2.19 2.23 2.79 2.88 2.88 2.96 3.   3.1  3.32 3.5  3.67 3.67 3.73
 3.77 4.22 4.34 5.23]
var: 1.5593203055555567
| [95m3        [0m | [95m1.692    [0m | [95m0.03137  [0m | [95m12.92    [0m | [95m2.045    [0m |
[0.05 0.07 0.09 0.11 0.24 0.27 0.29 0.34 0.42 0.43 0.46 0.48 0.53 0.57
 0.57 0.62 0.68 0.71 0.76 0.82 0.88 0.98 1.01 1.06 1.08 1.1  1.14 1.24
 1.29 1.3  1.3  1.3  1.39 1.4  1.54 1.57 1.65 1.66 1.66 1.86 1.94 1.94
 1.99 2.   2.03 2.09 2.09 2.23 2.29 2.29 2.37 2.47 2.49 2.56 2.84 2.84
 2.93 3.06 3.72 4.67]
var: 0.9394195555555555
| [0m4        [0m | [0m1.429    [0m | [0m0.266    [0m | [0m44.56    [0m | [0m0.612    [0m |
[0.15 0.34 0.57 0.6  0.67 0.79 0.81 0.82 0.85 1.06 1.15 1.17 1.39 1.48
 1.51 1.54 1.59 1.63 1.66 1.71 1.84 2.03 2.05 2.09 2.1  2.16 2.17 2.25
 2.26 2.27 2.32 2.45 2.46 2.47 2.51 2.54 2.56 2.6  2.78 2.79 2.82 2.95
 2.97 2.99 3.01 3.03 3.14 3.19 3.23 3.31 3.33 3.38 3.69 3.85 3.87 4.08
 4.81 5.24 5.29 6.29]
var: 1.5550245555555546
| [95m5        [0m | [95m2.378    [0m | [95m0.112    [0m | [95m14.57    [0m | [95m1.241    [0m |
[0.04 0.1  0.26 0.26 0.26 0.28 0.3  0.31 0.31 0.34 0.36 0.44 0.45 0.47
 0.53 0.53 0.56 0.57 0.58 0.59 0.64 0.7  0.73 0.78 0.82 0.83 0.85 0.87
 0.87 0.89 0.91 0.94 1.   1.02 1.1  1.22 1.23 1.23 1.24 1.28 1.37 1.39
 1.48 1.56 1.59 1.63 1.72 1.73 1.8  1.81 1.85 2.05 2.34 2.41 2.42 2.7
 2.71 2.86 2.95 3.47]
var: 0.6423303055555564
| [0m6        [0m | [0m1.142    [0m | [0m0.2073   [0m | [0m26.59    [0m | [0m2.683    [0m |
[0.   0.   0.01 0.02 0.02 0.02 0.04 0.04 0.05 0.06 0.07 0.1  0.1  0.1
 0.11 0.11 0.13 0.2  0.21 0.22 0.24 0.27 0.27 0.28 0.34 0.34 0.35 0.37
 0.44 0.46 0.46 0.47 0.48 0.49 0.5  0.53 0.54 0.57 0.62 0.62 0.63 0.69
 0.71 0.76 0.77 0.82 0.84 0.89 0.97 0.99 1.12 1.14 1.52 1.57 1.7  1.82
 1.93 2.03 2.28 2.46]
var: 0.3668983055555554
| [0m7        [0m | [0m0.5982   [0m | [0m0.2298   [0m | [0m46.3     [0m | [0m2.812    [0m |
[0.01 0.01 0.01 0.01 0.02 0.02 0.02 0.02 0.02 0.02 0.02 0.03 0.03 0.03
 0.03 0.03 0.03 0.04 0.04 0.04 0.04 0.05 0.05 0.05 0.05 0.05 0.05 0.06
 0.06 0.06 0.06 0.06 0.07 0.07 0.07 0.07 0.07 0.08 0.08 0.08 0.08 0.08
 0.08 0.08 0.08 0.09 0.1  0.1  0.1  0.1  0.11 0.12 0.13 0.13 0.14 0.16
 0.17 0.17 0.17 0.23]
var: 0.0022103055555555704
| [0m8        [0m | [0m0.06883  [0m | [0m0.2292   [0m | [0m32.61    [0m | [0m0.004727 [0m |
[0.   0.01 0.01 0.03 0.05 0.06 0.1  0.13 0.17 0.24 0.37 0.38 0.4  0.4
 0.41 0.42 0.43 0.49 0.5  0.53 0.56 0.58 0.59 0.67 0.68 0.69 0.71 0.71
 0.75 0.76 0.81 0.83 0.84 0.86 0.87 0.92 1.15 1.16 1.16 1.22 1.23 1.25
 1.31 1.35 1.36 1.48 1.5  1.55 1.56 1.67 1.76 1.83 1.86 2.03 2.1  2.33
 2.33 2.49 2.63 2.94]
var: 0.5260449722222219
| [0m9        [0m | [0m0.9702   [0m | [0m0.1202   [0m | [0m44.49    [0m | [0m1.742    [0m |
[0.15 0.19 0.2  0.23 0.23 0.24 0.3  0.33 0.37 0.39 0.39 0.42 0.43 0.43
 0.43 0.47 0.49 0.5  0.5  0.55 0.55 0.61 0.63 0.69 0.7  0.76 0.76 0.77
 0.78 0.82 0.82 0.83 0.86 0.92 0.96 1.01 1.04 1.05 1.07 1.12 1.13 1.14
 1.14 1.17 1.2  1.21 1.21 1.27 1.29 1.36 1.39 1.45 1.48 1.56 1.57 1.76
 2.13 2.47 2.48 3.09]
var: 0.3568949722222225
| [0m10       [0m | [0m0.9248   [0m | [0m0.2143   [0m | [0m0.6115   [0m | [0m1.025    [0m |
[0.04 0.04 0.05 0.08 0.09 0.1  0.11 0.12 0.14 0.14 0.14 0.15 0.17 0.18
 0.22 0.24 0.29 0.35 0.37 0.45 0.5  0.5  0.54 0.56 0.56 0.59 0.6  0.6
 0.63 0.67 0.71 0.74 0.75 0.76 0.83 0.85 0.86 0.94 0.94 0.95 1.02 1.13
 1.19 1.2  1.22 1.24 1.29 1.34 1.34 1.41 1.44 1.48 1.5  1.51 1.64 1.84
 1.92 1.97 2.02 2.56]
var: 0.3602216388888893
| [0m11       [0m | [0m0.7968   [0m | [0m0.1307   [0m | [0m41.46    [0m | [0m2.133    [0m |
[0.1  0.14 0.25 0.32 0.37 0.44 0.48 0.49 0.56 0.63 0.64 0.64 0.72 0.78
 0.78 0.84 0.84 0.86 0.93 0.93 1.06 1.06 1.08 1.09 1.11 1.18 1.2  1.23
 1.27 1.31 1.41 1.48 1.49 1.5  1.57 1.73 1.84 1.92 1.94 1.98 2.12 2.14
 2.27 2.29 2.29 2.34 2.42 2.5  2.54 2.54 2.69 2.93 2.96 3.03 3.23 3.36
 3.67 3.75 4.58 4.83]
var: 1.1795280833333321
| [0m12       [0m | [0m1.645    [0m | [0m0.06892  [0m | [0m8.667    [0m | [0m2.164    [0m |
[0.   0.04 0.15 0.19 0.2  0.28 0.34 0.35 0.38 0.41 0.51 0.52 0.54 0.56
 0.6  0.63 0.69 0.71 0.71 0.79 0.82 0.95 0.96 0.97 1.03 1.03 1.05 1.06
 1.08 1.08 1.1  1.14 1.16 1.16 1.17 1.22 1.27 1.38 1.41 1.44 1.53 1.56
 1.66 1.68 1.72 1.87 1.89 1.91 1.95 2.07 2.15 2.18 2.21 2.31 2.38 2.45
 2.58 2.7  2.94 3.28]
var: 0.5949616666666667
| [0m13       [0m | [0m1.235    [0m | [0m0.2929   [0m | [0m26.76    [0m | [0m2.33     [0m |
[0.   0.02 0.16 0.18 0.25 0.26 0.29 0.37 0.48 0.5  0.53 0.54 0.55 0.61
 0.62 0.63 0.65 0.67 0.69 0.71 0.77 0.81 0.82 0.86 0.91 0.92 0.93 0.98
 1.01 1.22 1.25 1.35 1.36 1.37 1.44 1.48 1.49 1.49 1.61 1.61 1.63 1.64
 1.65 1.68 1.71 1.77 1.82 1.89 1.92 2.06 2.11 2.17 2.28 2.51 2.78 2.92
 3.05 3.14 3.6  6.38]
var: 1.1053772222222231
| [0m14       [0m | [0m1.352    [0m | [0m0.15     [0m | [0m8.68     [0m | [0m2.557    [0m |
[0.1  0.14 0.16 0.21 0.39 0.42 0.53 0.56 0.85 0.86 0.93 0.96 1.05 1.07
 1.13 1.19 1.21 1.21 1.25 1.32 1.37 1.43 1.47 1.47 1.52 1.54 1.56 1.57
 1.7  1.7  1.72 1.74 1.75 1.76 1.81 1.92 1.92 1.97 2.16 2.19 2.2  2.21
 2.23 2.25 2.37 2.44 2.59 2.6  2.7  2.77 2.77 2.78 2.8  2.91 3.2  3.24
 3.3  3.72 4.45 4.69]
var: 0.9902180833333336
| [0m15       [0m | [0m1.801    [0m | [0m0.09955  [0m | [0m2.178    [0m | [0m0.8166   [0m |
[0.06 0.09 0.11 0.17 0.23 0.25 0.32 0.37 0.39 0.41 0.46 0.47 0.49 0.55
 0.57 0.61 0.66 0.69 0.71 0.75 0.83 1.05 1.07 1.13 1.15 1.16 1.16 1.18
 1.24 1.26 1.29 1.41 1.44 1.48 1.51 1.52 1.54 1.63 1.78 1.96 1.96 2.15
 2.17 2.22 2.25 2.33 2.41 2.5  2.63 2.85 2.86 2.95 2.99 3.01 3.07 3.21
 3.33 3.38 3.64 4.04]
var: 1.0955605555555548
| [0m16       [0m | [0m1.518    [0m | [0m0.1853   [0m | [0m38.48    [0m | [0m1.052    [0m |
[0.44 0.51 0.76 0.9  0.95 0.97 1.03 1.11 1.2  1.21 1.22 1.28 1.3  1.34
 1.35 1.45 1.47 1.5  1.53 1.63 1.65 1.73 1.76 1.94 1.97 2.03 2.08 2.12
 2.17 2.25 2.3  2.41 2.42 2.43 2.54 2.81 2.92 2.95 3.   3.2  3.24 3.26
 3.27 3.29 3.51 3.64 3.76 3.8  4.17 4.25 4.29 4.4  4.52 5.   5.1  5.11
 5.21 5.23 5.54 6.13]
var: 2.0588743055555563
| [95m17       [0m | [95m2.609    [0m | [95m0.1143   [0m | [95m12.1     [0m | [95m0.7499   [0m |
[0.08 0.15 0.16 0.26 0.34 0.43 0.6  0.63 0.65 0.65 0.67 0.69 0.71 0.78
 0.84 0.85 0.89 0.91 0.91 0.94 0.96 1.11 1.16 1.18 1.24 1.36 1.42 1.52
 1.53 1.68 1.69 1.76 1.81 1.83 2.06 2.12 2.16 2.25 2.37 2.45 2.48 2.57
 2.6  2.62 2.63 2.8  2.85 2.92 2.96 3.02 3.14 3.15 3.2  3.41 3.53 3.97
 4.12 4.68 5.77 6.08]
var: 1.7698216666666668
| [0m18       [0m | [0m1.905    [0m | [0m0.2786   [0m | [0m34.34    [0m | [0m0.2138   [0m |
[0.07 0.32 0.59 0.75 0.92 0.94 0.99 1.06 1.16 1.17 1.17 1.25 1.32 1.4
 1.4  1.57 1.58 1.64 1.74 1.84 1.86 1.94 1.95 1.98 2.02 2.04 2.06 2.09
 2.16 2.24 2.29 2.34 2.44 2.49 2.58 2.69 2.7  2.7  2.76 2.77 2.82 2.86
 3.   3.06 3.16 3.17 3.39 3.54 3.6  3.7  3.78 3.95 3.97 4.08 4.44 4.5
 4.65 4.65 4.69 5.06]
var: 1.4332554166666656
| [0m19       [0m | [0m2.418    [0m | [0m0.06386  [0m | [0m3.257    [0m | [0m0.7451   [0m |
[0.04 0.14 0.25 0.38 0.52 0.55 0.65 0.67 0.77 0.8  0.82 0.89 1.17 1.17
 1.29 1.49 1.49 1.5  1.52 1.52 1.55 1.62 1.67 1.72 1.76 1.78 1.96 2.01
 2.07 2.11 2.17 2.21 2.28 2.41 2.41 2.44 2.52 2.66 2.7  2.76 2.81 2.91
 2.99 3.   3.   3.05 3.09 3.28 3.47 3.5  3.55 3.61 3.62 3.69 3.84 3.87
 4.37 4.41 4.75 5.11]
var: 1.482527333333333
| [0m20       [0m | [0m2.206    [0m | [0m0.1288   [0m | [0m13.4     [0m | [0m1.211    [0m |
[0.06 0.08 0.12 0.13 0.13 0.2  0.22 0.25 0.28 0.32 0.34 0.38 0.39 0.4
 0.54 0.62 0.64 0.64 0.67 0.7  0.73 0.8  0.86 0.89 0.9  0.91 0.91 0.95
 1.   1.04 1.07 1.09 1.16 1.23 1.28 1.34 1.44 1.46 1.49 1.52 1.62 1.75
 1.94 2.03 2.05 2.16 2.18 2.34 2.43 2.49 2.49 2.66 2.76 3.17 3.27 3.45
 3.53 4.23 4.39 5.37]
var: 1.3979349722222223
| [0m21       [0m | [0m1.425    [0m | [0m0.0768   [0m | [0m9.306    [0m | [0m2.522    [0m |
[0.04 0.05 0.06 0.13 0.15 0.17 0.19 0.2  0.26 0.27 0.34 0.35 0.35 0.47
 0.48 0.5  0.51 0.58 0.61 0.73 0.73 0.75 0.78 0.81 0.83 0.87 0.98 1.
 1.02 1.08 1.23 1.28 1.3  1.33 1.34 1.41 1.43 1.49 1.52 1.55 1.56 1.61
 1.65 1.7  1.74 1.77 1.82 1.83 1.84 1.97 2.03 2.09 2.2  2.26 2.45 2.59
 2.78 2.79 3.77 4.05]
var: 0.795796972222223
| [0m22       [0m | [0m1.228    [0m | [0m0.2637   [0m | [0m48.63    [0m | [0m1.036    [0m |
[0.03 0.1  0.11 0.41 0.73 0.75 0.82 0.84 0.94 0.95 1.   1.01 1.06 1.2
 1.2  1.31 1.38 1.45 1.56 1.57 1.61 1.7  1.73 1.85 1.91 2.06 2.12 2.24
 2.31 2.34 2.37 2.44 2.5  2.55 2.58 2.59 2.63 2.67 2.73 2.8  2.9  2.96
 3.05 3.1  3.14 3.19 3.25 3.45 3.49 3.51 3.65 3.69 3.72 4.07 4.15 4.29
 4.66 6.13 6.81 6.87]
var: 2.174150305555554
| [0m23       [0m | [0m2.404    [0m | [0m0.1206   [0m | [0m17.5     [0m | [0m0.6283   [0m |
[0.06 0.11 0.11 0.16 0.16 0.16 0.17 0.22 0.26 0.28 0.32 0.34 0.37 0.39
 0.55 0.57 0.66 0.66 0.71 0.74 0.75 0.79 0.84 0.98 0.98 1.   1.02 1.04
 1.08 1.11 1.34 1.47 1.51 1.6  1.62 1.7  1.77 1.85 1.88 1.97 2.03 2.06
 2.06 2.07 2.13 2.21 2.26 2.43 2.49 2.54 2.91 2.95 3.02 3.06 3.19 3.23
 3.37 3.4  3.78 4.47]
var: 1.2088395555555553
| [0m24       [0m | [0m1.483    [0m | [0m0.1749   [0m | [0m38.24    [0m | [0m0.8965   [0m |
[0.   0.01 0.03 0.04 0.09 0.09 0.17 0.17 0.27 0.31 0.32 0.34 0.39 0.42
 0.42 0.44 0.46 0.47 0.48 0.5  0.5  0.5  0.5  0.55 0.55 0.6  0.66 0.68
 0.7  0.77 0.77 0.79 0.8  0.85 0.85 0.88 0.9  0.98 1.01 1.03 1.05 1.08
 1.09 1.15 1.16 1.22 1.27 1.29 1.33 1.34 1.36 1.39 1.51 1.61 1.68 1.8
 1.91 1.94 2.88 3.18]
var: 0.40721363888888873
| [0m25       [0m | [0m0.8588   [0m | [0m0.2146   [0m | [0m49.15    [0m | [0m2.596    [0m |
[0.08 0.09 0.1  0.11 0.14 0.17 0.3  0.36 0.51 0.55 0.57 0.58 0.59 0.7
 0.75 0.75 0.83 0.83 0.83 0.93 0.95 0.96 0.98 1.01 1.06 1.06 1.06 1.09
 1.09 1.15 1.2  1.3  1.36 1.37 1.44 1.46 1.49 1.61 1.63 1.64 1.66 1.68
 1.74 1.75 1.77 1.83 2.14 2.16 2.21 2.29 2.39 2.47 2.57 2.74 3.21 3.4
 3.42 3.5  3.79 5.33]
var: 1.086364749999999
| [0m26       [0m | [0m1.446    [0m | [0m0.1017   [0m | [0m34.83    [0m | [0m1.552    [0m |
[0.02 0.03 0.03 0.09 0.1  0.13 0.15 0.17 0.21 0.23 0.27 0.33 0.36 0.36
 0.36 0.41 0.55 0.57 0.58 0.62 0.65 0.66 0.66 0.66 0.71 0.71 0.76 0.79
 0.82 0.91 0.92 0.92 0.97 0.97 1.03 1.06 1.08 1.16 1.29 1.34 1.45 1.47
 1.59 1.6  1.65 1.79 1.81 1.85 1.95 1.96 2.14 2.29 2.31 2.39 2.44 2.46
 2.62 2.92 3.52 3.61]
var: 0.7817778888888884
| [0m27       [0m | [0m1.124    [0m | [0m0.1329   [0m | [0m31.22    [0m | [0m1.486    [0m |
[0.54 0.86 0.93 1.   1.03 1.2  1.26 1.28 1.64 2.02 2.22 2.31 2.33 2.46
 2.48 2.71 2.78 2.82 2.83 2.85 2.87 2.88 3.01 3.08 3.17 3.26 3.35 3.35
 3.6  3.67 3.73 3.91 3.92 3.96 3.99 3.99 4.01 4.09 4.15 4.22 4.31 4.39
 4.47 4.55 4.57 4.66 4.74 4.86 4.94 5.04 5.37 5.63 5.68 5.73 5.82 5.95
 6.29 6.62 8.04 8.31]
var: 2.855466972222222
| [95m28       [0m | [95m3.662    [0m | [95m0.09375  [0m | [95m33.72    [0m | [95m0.1196   [0m |
[0.23 0.32 0.38 0.54 0.73 0.74 0.91 1.08 1.1  1.25 1.27 1.33 1.39 1.41
 1.46 1.47 1.59 1.74 1.76 1.76 1.8  1.82 1.96 1.97 1.97 1.99 2.01 2.04
 2.09 2.17 2.21 2.28 2.41 2.45 2.5  2.51 2.58 2.62 2.66 2.66 2.67 2.7
 2.76 2.9  3.   3.02 3.08 3.13 3.14 3.23 3.42 3.77 4.4  4.64 5.   5.04
 5.12 5.22 5.33 5.42]
var: 1.6927487499999987
| [0m29       [0m | [0m2.403    [0m | [0m0.07224  [0m | [0m8.267    [0m | [0m1.657    [0m |
[0.1  0.12 0.2  0.2  0.27 0.3  0.33 0.33 0.34 0.39 0.43 0.43 0.45 0.45
 0.6  0.63 0.71 0.72 0.72 0.75 0.78 0.82 0.83 0.85 0.86 0.87 0.92 0.94
 0.95 0.96 0.98 1.   1.04 1.1  1.12 1.13 1.15 1.16 1.18 1.22 1.22 1.33
 1.38 1.38 1.43 1.48 1.69 1.72 1.79 1.98 1.99 2.06 2.24 2.33 2.33 2.41
 2.5  2.55 2.59 3.49]
var: 0.5444176666666668
| [0m30       [0m | [0m1.137    [0m | [0m0.2359   [0m | [0m4.003    [0m | [0m2.484    [0m |
[0.09 0.1  0.12 0.12 0.13 0.13 0.14 0.15 0.16 0.18 0.3  0.34 0.35 0.36
 0.39 0.43 0.46 0.48 0.62 0.65 0.65 0.67 0.68 0.7  0.71 0.72 0.72 0.73
 0.74 0.74 0.79 0.81 0.84 0.89 0.95 0.96 1.02 1.02 1.07 1.15 1.24 1.26
 1.27 1.3  1.35 1.36 1.4  1.5  1.53 1.55 1.55 1.66 1.73 1.74 1.74 2.26
 2.27 2.69 4.19 4.83]
var: 0.7773515555555549
| [0m31       [0m | [0m1.011    [0m | [0m0.1728   [0m | [0m44.56    [0m | [0m1.279    [0m |
[0.   0.04 0.04 0.08 0.09 0.09 0.15 0.17 0.2  0.23 0.25 0.35 0.37 0.38
 0.48 0.52 0.55 0.61 0.68 0.71 0.73 0.78 0.83 0.83 0.84 0.88 0.88 0.91
 1.05 1.06 1.08 1.11 1.11 1.13 1.16 1.19 1.2  1.23 1.3  1.3  1.38 1.39
 1.46 1.49 1.62 1.65 1.65 1.68 1.81 1.88 2.03 2.22 2.29 2.36 2.43 2.56
 2.65 3.31 3.7  4.81]
var: 0.895046222222222
| [0m32       [0m | [0m1.183    [0m | [0m0.2523   [0m | [0m32.44    [0m | [0m2.06     [0m |
[0.01 0.05 0.05 0.09 0.11 0.13 0.24 0.29 0.33 0.35 0.39 0.42 0.46 0.5
 0.54 0.58 0.64 0.65 0.7  0.77 0.77 0.78 0.81 0.86 0.87 0.93 0.96 0.98
 0.99 1.   1.14 1.15 1.19 1.2  1.26 1.28 1.3  1.36 1.36 1.38 1.4  1.42
 1.49 1.53 1.59 1.63 1.81 1.83 1.83 1.85 1.86 1.95 2.   2.16 2.19 2.19
 2.42 2.47 2.88 3.42]
var: 0.5591027499999999
| [0m33       [0m | [0m1.147    [0m | [0m0.02187  [0m | [0m16.51    [0m | [0m2.587    [0m |
[0.   0.04 0.14 0.19 0.19 0.3  0.39 0.45 0.47 0.62 0.65 0.77 0.8  0.83
 0.85 0.87 0.9  0.9  0.91 1.03 1.06 1.11 1.12 1.16 1.16 1.17 1.22 1.33
 1.33 1.43 1.53 1.55 1.56 1.58 1.68 1.71 1.74 1.74 1.77 1.8  1.86 1.93
 1.93 2.13 2.26 2.29 2.36 2.38 2.49 2.5  2.62 2.81 2.92 3.22 3.24 3.31
 3.44 3.54 3.96 4.11]
var: 1.0178043055555557
| [0m34       [0m | [0m1.589    [0m | [0m0.1691   [0m | [0m40.21    [0m | [0m0.5996   [0m |
[0.02 0.07 0.08 0.16 0.16 0.2  0.27 0.33 0.4  0.41 0.49 0.54 0.58 0.59
 0.59 0.6  0.64 0.65 0.66 0.7  0.71 1.01 1.02 1.14 1.15 1.18 1.22 1.26
 1.27 1.28 1.28 1.34 1.35 1.39 1.42 1.42 1.47 1.58 1.63 1.71 1.99 2.08
 2.21 2.22 2.26 2.26 2.27 2.42 2.43 2.43 2.49 2.54 2.67 2.67 2.73 2.92
 3.65 3.68 4.06 5.27]
var: 1.185571
| [0m35       [0m | [0m1.487    [0m | [0m0.1474   [0m | [0m37.7     [0m | [0m1.047    [0m |
[0.03 0.04 0.08 0.11 0.16 0.2  0.24 0.24 0.28 0.34 0.38 0.38 0.39 0.42
 0.46 0.5  0.55 0.63 0.67 0.82 0.88 0.93 0.97 0.97 1.01 1.06 1.06 1.06
 1.07 1.21 1.36 1.36 1.37 1.41 1.42 1.42 1.43 1.48 1.57 1.65 1.83 1.87
 1.88 1.9  1.93 1.97 2.   2.07 2.12 2.16 2.29 2.4  2.57 2.64 2.66 2.73
 2.88 2.9  2.92 3.1 ]
var: 0.7550636388888885
| [0m36       [0m | [0m1.307    [0m | [0m0.1023   [0m | [0m42.26    [0m | [0m1.496    [0m |
[0.01 0.05 0.05 0.08 0.09 0.11 0.25 0.27 0.29 0.31 0.34 0.36 0.37 0.38
 0.38 0.39 0.4  0.4  0.42 0.52 0.53 0.53 0.54 0.57 0.59 0.6  0.67 0.78
 0.83 0.84 0.85 0.95 0.96 0.98 0.99 1.11 1.16 1.18 1.21 1.23 1.25 1.32
 1.34 1.4  1.4  1.52 1.54 1.71 1.76 1.82 1.86 1.98 2.27 2.41 2.47 2.48
 2.61 3.28 4.55 4.75]
var: 0.9822416388888893
| [0m37       [0m | [0m1.105    [0m | [0m0.2465   [0m | [0m44.97    [0m | [0m1.93     [0m |
[0.14 0.2  0.25 0.28 0.3  0.33 0.47 0.5  0.52 0.59 0.61 0.62 0.66 0.73
 0.77 0.8  0.8  0.85 0.86 0.86 0.87 0.88 0.89 0.97 0.98 1.06 1.11 1.14
 1.16 1.2  1.21 1.23 1.27 1.27 1.31 1.38 1.46 1.47 1.57 1.6  1.62 1.7
 1.79 1.79 1.89 1.89 1.99 2.01 2.05 2.07 2.09 2.14 2.29 2.32 2.51 2.53
 2.62 2.74 2.9  3.31]
var: 0.558946555555555
| [0m38       [0m | [0m1.324    [0m | [0m0.07063  [0m | [0m1.156    [0m | [0m0.9618   [0m |
[0.61 0.83 0.9  1.02 1.03 1.14 1.22 1.34 1.34 1.35 1.38 1.58 1.61 1.64
 1.65 1.7  1.77 1.78 1.88 1.89 1.89 2.07 2.2  2.32 2.36 2.37 2.39 2.39
 2.43 2.44 2.45 2.48 2.5  2.51 2.52 2.52 2.57 2.62 2.7  2.71 2.8  2.85
 3.04 3.08 3.13 3.25 3.37 3.39 3.41 3.47 3.48 3.53 3.53 3.57 3.77 4.06
 4.07 4.41 5.17 6.71]
var: 1.213158305555556
| [0m39       [0m | [0m2.503    [0m | [0m0.2419   [0m | [0m11.43    [0m | [0m1.037    [0m |
[0.01 0.02 0.03 0.09 0.27 0.33 0.33 0.59 0.66 0.7  0.73 0.75 0.75 0.83
 0.94 0.97 1.01 1.03 1.1  1.12 1.15 1.15 1.23 1.31 1.33 1.46 1.48 1.58
 1.59 1.6  1.69 1.83 1.9  1.92 1.96 2.02 2.08 2.13 2.19 2.44 2.46 2.59
 2.59 2.59 2.62 2.68 2.79 2.99 3.18 3.56 3.66 3.71 3.73 3.87 3.88 3.94
 3.96 4.   4.03 5.68]
var: 1.628879416666667
| [0m40       [0m | [0m1.914    [0m | [0m0.005343 [0m | [0m17.35    [0m | [0m1.764    [0m |
[0.04 0.07 0.08 0.1  0.13 0.22 0.25 0.26 0.3  0.32 0.34 0.37 0.51 0.52
 0.55 0.56 0.61 0.78 0.78 0.8  0.81 0.89 0.9  0.92 0.92 0.97 0.99 1.01
 1.05 1.05 1.08 1.08 1.16 1.18 1.2  1.23 1.24 1.26 1.27 1.3  1.41 1.42
 1.43 1.58 1.64 1.67 1.71 1.77 1.9  1.96 2.02 2.07 2.18 2.2  2.23 2.25
 2.25 2.91 3.21 3.48]
var: 0.6079916388888896
| [0m41       [0m | [0m1.173    [0m | [0m0.1029   [0m | [0m31.19    [0m | [0m2.536    [0m |
[0.01 0.04 0.05 0.06 0.06 0.1  0.13 0.2  0.21 0.25 0.3  0.35 0.37 0.42
 0.48 0.48 0.54 0.54 0.55 0.56 0.57 0.59 0.59 0.62 0.64 0.67 0.68 0.68
 0.68 0.7  0.79 0.79 1.   1.05 1.12 1.14 1.2  1.2  1.24 1.27 1.34 1.35
 1.38 1.42 1.46 1.55 1.57 1.59 1.6  1.64 1.65 1.72 1.82 1.87 2.02 2.1
 2.34 2.5  2.93 3.22]
var: 0.540704972222222
| [0m42       [0m | [0m0.9998   [0m | [0m0.1213   [0m | [0m34.59    [0m | [0m2.329    [0m |
[0.05 0.09 0.22 0.36 0.55 0.63 0.72 0.92 0.95 1.16 1.18 1.23 1.37 1.37
 1.55 1.55 1.6  1.64 1.65 1.68 1.69 1.69 1.71 1.75 1.79 1.81 1.85 1.9
 1.92 1.93 1.97 2.04 2.17 2.23 2.24 2.27 2.42 2.52 2.54 2.56 2.68 2.68
 2.71 2.72 2.79 2.89 2.97 2.99 3.03 3.04 3.08 3.12 3.19 3.38 3.43 3.52
 4.11 4.35 4.37 4.92]
var: 1.122133999999999
| [0m43       [0m | [0m2.124    [0m | [0m0.2889   [0m | [0m3.513    [0m | [0m0.7974   [0m |
[0.05 0.16 0.23 0.25 0.31 0.46 0.55 0.58 0.74 0.78 0.78 0.78 0.79 0.8
 0.82 0.9  0.91 0.93 0.94 0.95 1.05 1.07 1.08 1.11 1.27 1.47 1.48 1.51
 1.76 1.77 1.79 1.81 1.86 1.94 1.95 1.99 2.   2.09 2.17 2.17 2.24 2.28
 2.41 2.48 2.53 2.54 2.59 2.69 2.89 2.95 2.97 3.02 3.05 3.13 3.16 3.2
 3.22 3.6  3.76 3.9 ]
var: 1.024454555555555
| [0m44       [0m | [0m1.744    [0m | [0m0.03872  [0m | [0m33.64    [0m | [0m0.3453   [0m |
[0.   0.01 0.01 0.02 0.03 0.04 0.06 0.07 0.1  0.12 0.23 0.29 0.34 0.35
 0.35 0.36 0.39 0.44 0.46 0.49 0.51 0.52 0.52 0.58 0.6  0.61 0.62 0.65
 0.65 0.66 0.68 0.68 0.69 0.69 0.7  0.75 0.75 0.76 0.82 0.89 0.92 0.97
 1.   1.02 1.03 1.05 1.05 1.17 1.19 1.22 1.26 1.3  1.31 1.72 1.81 1.91
 2.03 2.08 2.18 2.37]
var: 0.3366593333333333
| [0m45       [0m | [0m0.768    [0m | [0m0.2357   [0m | [0m43.24    [0m | [0m2.878    [0m |
[0.06 0.13 0.13 0.19 0.27 0.29 0.46 0.52 0.54 0.95 0.99 1.   1.12 1.13
 1.16 1.17 1.17 1.48 1.48 1.62 1.66 1.7  1.77 1.8  1.81 1.82 1.86 1.92
 1.94 1.99 2.02 2.05 2.06 2.09 2.14 2.26 2.32 2.36 2.8  2.84 2.89 2.95
 3.04 3.07 3.17 3.21 3.24 3.26 3.27 3.27 3.29 3.39 3.47 3.86 3.93 3.95
 4.28 4.58 4.62 6.62]
var: 1.7373736388888874
| [0m46       [0m | [0m2.174    [0m | [0m0.0418   [0m | [0m3.266    [0m | [0m0.7332   [0m |
[1.28 1.38 1.9  2.16 2.16 2.53 2.6  2.67 2.68 2.69 2.88 2.99 3.09 3.13
 3.14 3.17 3.18 3.31 3.47 3.65 3.66 3.69 3.71 3.78 3.81 3.86 3.93 3.96
 3.97 3.98 4.01 4.04 4.06 4.18 4.24 4.24 4.25 4.32 4.34 4.41 4.45 4.46
 4.54 4.56 4.85 4.86 4.98 5.15 5.26 5.28 5.29 5.34 5.34 5.74 6.23 6.33
 6.38 6.69 6.8  7.96]
var: 1.7553916388888886
| [95m47       [0m | [95m4.083    [0m | [95m0.03003  [0m | [95m33.75    [0m | [95m0.09259  [0m |
[0.58 0.58 0.68 0.68 0.87 0.97 1.02 1.03 1.06 1.07 1.09 1.12 1.12 1.16
 1.18 1.34 1.34 1.34 1.35 1.35 1.41 1.47 1.52 1.53 1.62 1.64 1.65 1.72
 1.72 1.83 1.87 1.88 1.93 1.96 2.02 2.09 2.11 2.11 2.15 2.17 2.23 2.25
 2.35 2.44 2.53 2.61 2.79 2.79 2.82 2.84 2.87 2.94 3.07 3.11 3.11 3.42
 3.7  3.75 3.79 3.82]
var: 0.7407462222222221
| [0m48       [0m | [0m1.943    [0m | [0m0.05814  [0m | [0m33.79    [0m | [0m0.01887  [0m |
[0.01 0.12 0.17 0.32 0.32 0.34 0.47 0.47 0.53 0.82 1.09 1.1  1.14 1.32
 1.4  1.46 1.56 1.73 1.76 1.8  1.93 1.95 2.05 2.07 2.2  2.21 2.29 2.51
 2.52 2.59 2.62 2.66 2.92 3.   3.22 3.25 3.5  3.57 3.58 3.69 3.69 3.71
 3.74 3.8  3.82 3.83 3.89 3.92 3.99 4.13 4.31 4.39 5.02 5.27 5.35 5.36
 5.69 6.04 6.44 7.59]
var: 3.0213828888888887
| [0m49       [0m | [0m2.771    [0m | [0m0.09101  [0m | [0m33.76    [0m | [0m0.174    [0m |
[0.11 0.11 0.25 0.25 0.52 0.53 0.56 0.61 0.69 0.73 0.74 0.79 0.8  0.82
 0.85 0.91 0.94 1.05 1.1  1.1  1.31 1.34 1.49 1.49 1.52 1.56 1.64 1.7
 1.72 1.75 1.78 1.79 1.82 1.82 1.84 1.85 1.92 1.94 2.02 2.17 2.24 2.37
 2.48 2.51 2.53 2.65 2.78 2.86 2.87 3.06 3.27 3.36 3.46 3.52 3.65 3.85
 3.9  3.99 4.34 5.18]
var: 1.3402933333333331
| [0m50       [0m | [0m1.88     [0m | [0m0.02174  [0m | [0m33.72    [0m | [0m0.2245   [0m |
[0.13 0.19 0.29 0.35 0.35 0.38 0.43 0.51 0.53 0.59 0.76 0.78 0.79 0.83
 0.89 0.95 0.98 0.98 1.02 1.1  1.15 1.22 1.3  1.37 1.4  1.41 1.41 1.45
 1.47 1.51 1.52 1.53 1.54 1.55 1.55 1.55 1.59 1.64 1.88 1.95 2.07 2.13
 2.19 2.21 2.35 2.46 2.48 2.54 2.57 2.66 2.69 2.79 3.05 3.05 3.27 3.32
 3.36 3.38 4.05 4.38]
var: 0.992343222222223
| [0m51       [0m | [0m1.664    [0m | [0m0.2353   [0m | [0m6.861    [0m | [0m2.114    [0m |
[0.16 0.3  0.35 0.53 0.67 0.74 0.75 0.84 0.91 1.04 1.13 1.38 1.41 1.44
 1.65 1.74 1.83 1.85 1.85 1.93 2.   2.03 2.15 2.19 2.37 2.42 2.45 2.58
 2.62 2.7  2.7  2.7  2.73 2.76 2.84 2.91 3.05 3.09 3.12 3.19 3.21 3.48
 3.64 3.75 3.84 3.84 3.91 3.97 3.98 4.22 4.28 4.55 4.58 4.73 4.86 4.99
 5.   6.25 6.31 6.47]
var: 2.3231928888888884
| [0m52       [0m | [0m2.749    [0m | [0m0.03732  [0m | [0m33.6     [0m | [0m0.1621   [0m |
[0.29 0.32 0.33 0.38 0.51 0.56 0.6  1.22 1.39 1.67 1.77 1.89 2.16 2.25
 2.31 2.4  2.46 2.49 2.57 2.67 2.68 2.71 2.72 2.73 2.88 2.92 2.98 2.99
 3.08 3.34 3.45 3.47 3.57 3.68 3.75 3.86 3.91 4.08 4.11 4.27 4.3  4.31
 4.35 4.43 4.46 4.47 4.54 4.57 4.68 4.75 4.79 4.93 5.15 5.15 5.24 5.43
 5.56 5.7  5.72 6.26]
var: 2.4060849722222217
| [0m53       [0m | [0m3.27     [0m | [0m0.02582  [0m | [0m33.74    [0m | [0m0.1535   [0m |
[1.04 1.08 1.36 1.46 1.51 1.77 1.88 2.11 2.24 2.4  2.46 2.59 2.7  2.82
 2.88 2.88 2.93 3.02 3.03 3.08 3.12 3.13 3.13 3.16 3.25 3.3  3.41 3.51
 3.52 3.6  3.64 3.64 3.69 3.81 3.81 3.93 3.97 4.07 4.27 4.34 4.37 4.44
 4.45 4.5  4.5  4.59 4.64 4.71 4.75 4.87 4.92 4.93 4.95 5.12 5.27 5.28
 5.36 5.74 5.85 9.64]
var: 1.9925798888888893
| [0m54       [0m | [0m3.674    [0m | [0m0.09672  [0m | [0m33.63    [0m | [0m0.1256   [0m |
[0.05 0.13 0.16 0.35 0.67 0.68 0.72 0.72 0.77 0.79 0.86 0.91 0.93 0.94
 0.95 0.98 1.03 1.1  1.11 1.13 1.19 1.31 1.35 1.35 1.5  1.53 1.7  1.75
 1.77 1.87 1.9  1.94 1.96 1.98 2.02 2.06 2.08 2.1  2.23 2.32 2.36 2.43
 2.46 2.56 2.59 2.63 2.76 2.94 2.95 3.33 3.35 3.47 3.64 3.76 3.81 4.28
 4.28 4.49 4.86 5.25]
var: 1.5053749722222214
| [0m55       [0m | [0m1.985    [0m | [0m0.2228   [0m | [0m22.52    [0m | [0m0.2292   [0m |
[0.81 0.86 0.94 1.09 1.19 1.2  1.26 1.28 1.34 1.48 1.65 1.75 2.07 2.31
 2.32 2.36 2.44 2.45 2.46 2.48 2.49 2.54 2.63 2.63 2.66 2.76 2.78 2.83
 2.86 2.93 2.94 3.   3.06 3.06 3.12 3.12 3.22 3.3  3.3  3.34 3.36 3.51
 3.57 3.77 3.88 3.92 3.93 4.01 4.09 4.09 4.11 4.22 4.24 4.39 4.56 5.46
 6.08 6.93 7.49 7.55]
var: 2.169596972222223
| [0m56       [0m | [0m3.091    [0m | [0m0.1668   [0m | [0m33.59    [0m | [0m0.06656  [0m |
[0.81 0.86 1.08 1.16 1.54 1.69 1.87 1.9  2.1  3.13 3.19 3.51 3.52 3.63
 3.75 3.75 3.86 3.89 3.98 4.05 4.1  4.18 4.33 4.41 4.5  4.5  4.63 4.72
 4.74 4.74 4.76 4.76 4.78 4.78 4.82 4.86 5.03 5.14 5.17 5.19 5.26 5.28
 5.28 5.31 5.36 5.42 5.53 5.55 5.62 5.68 5.72 5.77 5.79 5.92 6.43 6.45
 6.46 6.52 6.67 8.78]
var: 2.516124972222223
| [95m57       [0m | [95m4.437    [0m | [95m0.02318  [0m | [95m33.8     [0m | [95m0.1273   [0m |
[1.43 1.44 1.73 1.76 2.   2.02 2.22 2.57 2.6  2.68 2.8  2.89 2.95 2.99
 3.01 3.07 3.12 3.14 3.16 3.32 3.34 3.35 3.45 3.47 3.57 3.68 3.79 3.81
 3.81 3.85 3.85 3.87 3.94 4.01 4.04 4.1  4.19 4.38 4.42 4.48 4.67 4.7
 4.76 4.81 4.83 5.11 5.26 5.46 5.47 5.57 5.61 5.63 5.74 5.75 5.89 6.
 6.06 6.19 6.27 7.16]
var: 1.791912888888889
| [0m58       [0m | [0m3.987    [0m | [0m0.07465  [0m | [0m33.56    [0m | [0m0.08196  [0m |
[0.03 0.07 0.1  0.15 0.17 0.23 0.37 0.39 0.4  0.44 0.46 0.47 0.48 0.52
 0.56 0.57 0.58 0.63 0.68 0.71 0.73 0.75 0.8  0.81 0.86 0.9  0.91 0.97
 1.03 1.05 1.13 1.14 1.19 1.19 1.21 1.3  1.33 1.47 1.52 1.68 1.7  1.77
 1.79 1.83 1.89 2.05 2.07 2.24 2.32 2.38 2.43 2.5  2.5  2.75 2.81 3.02
 3.21 3.67 4.52 4.92]
var: 1.1433554166666673
| [0m59       [0m | [0m1.373    [0m | [0m0.1566   [0m | [0m16.73    [0m | [0m2.814    [0m |
[0.69 1.41 1.61 1.64 1.81 2.11 2.17 2.21 2.33 2.35 2.41 2.43 2.48 2.57
 2.63 2.7  2.71 2.97 3.04 3.04 3.07 3.1  3.17 3.23 3.24 3.29 3.33 3.36
 3.48 3.5  3.71 3.89 4.01 4.02 4.07 4.07 4.07 4.14 4.19 4.27 4.45 4.56
 4.57 4.67 4.69 4.73 4.83 4.89 5.   5.   5.1  5.17 5.39 5.57 5.68 5.83
 5.86 6.69 6.72 7.02]
var: 1.9146789999999994
| [0m60       [0m | [0m3.749    [0m | [0m0.08678  [0m | [0m33.81    [0m | [0m0.08453  [0m |
[0.02 0.03 0.09 0.11 0.14 0.2  0.21 0.23 0.38 0.39 0.42 0.46 0.49 0.49
 0.51 0.53 0.57 0.69 0.69 0.7  0.71 0.71 0.72 0.73 0.76 0.78 0.79 0.83
 0.83 0.84 0.93 0.99 1.03 1.05 1.05 1.06 1.06 1.09 1.14 1.2  1.23 1.29
 1.34 1.36 1.42 1.42 1.58 1.59 1.59 1.65 1.68 1.7  1.72 1.73 2.1  2.1
 2.17 2.51 2.84 3.  ]
var: 0.4531936388888889
| [0m61       [0m | [0m1.028    [0m | [0m0.2533   [0m | [0m35.58    [0m | [0m1.759    [0m |
[0.76 0.92 1.13 1.63 1.64 1.78 1.83 2.09 2.18 2.36 2.45 2.52 2.64 2.65
 2.68 2.76 2.76 2.88 2.96 2.98 3.09 3.26 3.31 3.4  3.44 3.45 3.47 3.54
 3.79 3.8  3.86 3.88 3.88 3.89 4.06 4.13 4.18 4.35 4.36 4.43 4.49 4.51
 4.61 4.62 4.73 4.78 4.93 4.98 5.12 5.67 6.07 6.1  6.14 6.18 6.64 6.74
 6.91 6.91 7.32 8.  ]
var: 2.7225932222222218
| [0m62       [0m | [0m3.91     [0m | [0m0.08348  [0m | [0m33.61    [0m | [0m0.09197  [0m |
[0.15 0.69 0.93 0.95 0.96 1.07 1.09 1.09 1.24 1.38 1.42 1.61 1.73 1.97
 1.99 2.1  2.18 2.3  2.57 2.74 2.75 2.76 3.12 3.13 3.23 3.24 3.24 3.29
 3.57 3.58 3.64 3.77 3.84 3.86 4.06 4.13 4.22 4.26 4.31 4.32 4.38 4.4
 4.48 4.58 4.7  4.78 4.9  4.94 5.05 5.1  5.39 5.51 5.52 5.88 6.01 6.24
 6.29 6.59 6.92 7.42]
var: 3.0745073333333335
| [0m63       [0m | [0m3.526    [0m | [0m0.03765  [0m | [0m33.9     [0m | [0m0.1527   [0m |
[0.54 0.57 0.7  0.78 1.38 1.48 1.61 1.64 1.65 1.7  2.05 2.26 2.5  2.52
 2.54 2.61 2.65 2.74 2.75 2.77 2.84 2.91 3.02 3.18 3.23 3.23 3.24 3.35
 3.35 3.4  3.51 3.52 3.67 3.7  3.71 3.77 4.07 4.1  4.11 4.25 4.25 4.33
 4.45 4.55 4.59 4.68 4.75 4.78 4.8  4.83 4.96 5.25 5.57 5.58 5.78 5.82
 6.1  6.69 6.78 7.05]
var: 2.4127449722222223
| [0m64       [0m | [0m3.553    [0m | [0m0.08956  [0m | [0m33.67    [0m | [0m0.06858  [0m |
[0.49 0.63 2.06 2.19 2.2  2.21 2.25 2.26 2.44 2.5  2.63 2.67 2.75 2.8
 2.81 2.96 3.04 3.06 3.1  3.11 3.13 3.19 3.21 3.24 3.31 3.32 3.33 3.34
 3.41 3.42 3.52 3.57 3.58 3.59 3.61 3.77 3.81 3.88 4.   4.04 4.15 4.16
 4.18 4.21 4.22 4.45 4.5  4.56 4.71 4.89 4.97 5.   5.41 5.48 5.69 5.84
 6.56 6.88 7.3  7.3 ]
var: 1.8828683055555568
| [0m65       [0m | [0m3.715    [0m | [0m0.1478   [0m | [0m33.89    [0m | [0m0.134    [0m |
[0.01 0.05 0.08 0.09 0.1  0.15 0.16 0.3  0.31 0.34 0.39 0.45 0.48 0.52
 0.57 0.57 0.6  0.61 0.62 0.67 0.69 0.71 0.71 0.76 0.79 0.81 0.86 0.87
 0.89 0.91 0.96 1.   1.03 1.04 1.11 1.23 1.23 1.3  1.36 1.4  1.41 1.44
 1.49 1.5  1.57 1.57 1.6  1.6  1.64 1.64 1.78 1.87 2.04 2.09 2.58 2.78
 3.1  3.26 3.91 4.01]
var: 0.8019183055555551
| [0m66       [0m | [0m1.16     [0m | [0m0.1227   [0m | [0m32.82    [0m | [0m2.369    [0m |
[1.42 1.64 1.66 1.79 1.82 2.03 2.07 2.09 2.17 2.25 2.3  2.41 2.44 2.46
 2.48 2.54 2.57 2.6  2.65 2.68 2.7  2.77 2.81 2.85 2.86 2.91 2.94 2.95
 3.08 3.11 3.17 3.44 3.5  3.54 3.57 3.66 3.72 3.75 3.77 3.78 3.83 3.85
 4.06 4.37 4.37 4.53 4.82 4.86 4.98 4.99 5.08 5.19 5.21 5.28 5.4  5.53
 5.76 6.02 6.08 8.71]
var: 1.933123638888888
| [0m67       [0m | [0m3.531    [0m | [0m0.2278   [0m | [0m34.01    [0m | [0m0.1038   [0m |
[0.19 0.32 0.46 0.5  0.55 0.59 0.73 0.77 0.82 0.92 0.95 1.   1.01 1.05
 1.11 1.22 1.22 1.23 1.25 1.26 1.3  1.35 1.46 1.49 1.49 1.5  1.58 1.63
 1.66 1.8  1.8  1.82 1.85 1.89 1.93 2.09 2.12 2.13 2.14 2.15 2.21 2.25
 2.33 2.43 2.48 2.52 2.59 2.6  2.63 2.75 2.75 3.01 3.04 3.09 3.1  3.3
 4.1  4.27 4.88 5.16]
var: 1.1226043333333338
| [0m68       [0m | [0m1.897    [0m | [0m0.1433   [0m | [0m33.99    [0m | [0m0.2305   [0m |
[0.4  0.59 0.93 0.96 1.06 1.06 1.2  1.32 1.46 1.48 1.61 1.7  1.76 1.81
 1.87 1.9  1.99 2.27 2.33 2.36 2.42 2.42 2.48 2.5  2.51 2.56 2.56 2.66
 2.69 2.77 2.77 2.77 2.84 2.86 2.89 2.97 2.97 2.99 3.08 3.16 3.18 3.33
 3.39 3.47 3.5  3.61 3.76 3.79 3.8  3.8  3.82 3.91 4.03 4.32 4.46 4.48
 5.09 5.1  5.14 6.79]
var: 1.5081116666666667
| [0m69       [0m | [0m2.795    [0m | [0m0.07748  [0m | [0m33.44    [0m | [0m0.0458   [0m |
[0.02 0.09 0.14 0.15 0.33 0.34 0.43 0.54 0.59 0.59 0.69 0.84 0.84 0.85
 0.87 0.87 0.94 1.03 1.06 1.11 1.2  1.23 1.37 1.38 1.4  1.44 1.51 1.54
 1.58 1.69 1.72 1.73 1.73 1.74 1.8  1.83 1.94 2.01 2.05 2.07 2.21 2.22
 2.37 2.37 2.43 2.49 2.7  2.73 2.78 3.13 3.13 3.14 3.17 3.28 3.34 3.46
 3.76 3.96 4.34 4.74]
var: 1.2450769722222226
| [0m70       [0m | [0m1.784    [0m | [0m0.04409  [0m | [0m14.33    [0m | [0m1.944    [0m |
[0.65 1.21 1.68 1.73 2.13 2.33 2.38 2.4  2.49 2.6  2.61 2.73 2.79 2.84
 2.86 2.92 2.99 3.08 3.23 3.27 3.3  3.37 3.38 3.38 3.4  3.44 3.45 3.47
 3.49 3.49 3.52 3.64 3.74 3.89 3.92 3.93 4.01 4.14 4.21 4.26 4.36 4.55
 4.58 4.62 4.84 4.86 4.96 4.99 5.18 5.18 5.34 5.45 5.55 5.62 5.73 5.82
 6.18 6.22 6.49 8.  ]
var: 1.9014503055555554
| [0m71       [0m | [0m3.848    [0m | [0m0.2657   [0m | [0m33.93    [0m | [0m0.1129   [0m |
[0.81 0.97 1.09 1.12 1.26 1.4  1.48 1.51 1.62 1.68 1.77 1.78 1.82 1.96
 2.03 2.13 2.15 2.24 2.29 2.31 2.49 2.52 2.6  2.6  2.62 2.63 2.63 2.64
 2.67 2.69 2.71 2.72 2.75 2.78 2.81 2.83 2.86 2.94 2.98 2.99 3.1  3.15
 3.18 3.19 3.33 3.37 3.41 3.67 3.69 3.76 3.95 4.03 4.07 4.17 4.17 4.3
 4.78 4.92 5.71 5.73]
var: 1.1644895555555563
| [0m72       [0m | [0m2.793    [0m | [0m0.1244   [0m | [0m33.99    [0m | [0m0.05298  [0m |
[0.48 0.65 0.76 0.8  1.08 1.2  1.36 1.45 1.49 1.5  1.7  1.79 1.88 2.02
 2.07 2.11 2.12 2.27 2.3  2.32 2.36 2.39 2.43 2.45 2.49 2.5  2.5  2.61
 2.66 2.75 2.77 2.77 2.78 2.81 2.82 2.83 2.84 2.87 3.04 3.13 3.18 3.19
 3.23 3.42 3.44 3.45 3.58 3.58 3.59 3.72 3.73 3.74 3.81 3.81 3.82 3.9
 3.96 4.09 4.29 4.32]
var: 0.9108533333333332
| [0m73       [0m | [0m2.65     [0m | [0m0.02867  [0m | [0m33.58    [0m | [0m0.03049  [0m |
[1.04 1.09 1.12 1.2  1.75 1.83 1.88 2.   2.22 2.23 2.23 2.38 2.4  2.42
 2.62 2.66 2.83 3.06 3.13 3.13 3.17 3.18 3.2  3.21 3.31 3.46 3.47 3.51
 3.52 3.63 3.71 3.75 3.79 3.87 3.87 3.94 3.99 4.11 4.23 4.3  4.32 4.43
 4.51 4.56 4.59 4.6  4.62 4.73 4.74 4.89 5.03 5.27 5.48 5.87 5.88 5.89
 6.07 6.33 6.42 6.59]
var: 1.9432445555555562
| [0m74       [0m | [0m3.688    [0m | [0m0.1562   [0m | [0m33.45    [0m | [0m0.1449   [0m |
[0.37 0.49 0.82 0.87 1.14 1.38 1.53 1.57 1.62 1.7  1.85 1.87 1.95 2.04
 2.08 2.26 2.35 2.45 2.54 2.58 2.69 2.85 2.88 2.94 2.97 3.02 3.27 3.31
 3.32 3.37 3.4  3.42 3.45 3.45 3.54 3.55 3.62 3.67 3.67 3.69 3.83 4.
 4.01 4.2  4.2  4.21 4.22 4.29 4.32 4.39 4.51 4.6  5.03 5.18 5.2  5.35
 5.98 6.08 6.77 7.16]
var: 2.1690980833333353
| [0m75       [0m | [0m3.285    [0m | [0m0.1202   [0m | [0m33.52    [0m | [0m0.1426   [0m |
[0.2  0.32 0.32 0.33 0.36 0.43 0.45 0.51 0.6  0.76 0.79 0.84 0.9  0.9
 0.95 1.13 1.15 1.27 1.36 1.4  1.42 1.48 1.49 1.64 1.64 1.7  1.71 1.8
 1.93 2.   2.15 2.36 2.36 2.37 2.4  2.6  2.63 2.63 2.65 2.65 2.66 2.7
 3.04 3.1  3.22 3.25 3.25 3.42 3.43 3.6  3.62 3.7  3.87 3.98 4.06 4.21
 4.54 4.63 4.86 5.27]
var: 1.7454049722222225
| [0m76       [0m | [0m2.183    [0m | [0m0.2433   [0m | [0m11.42    [0m | [0m1.053    [0m |
[0.16 0.2  0.27 0.29 0.33 0.33 0.46 0.46 0.5  0.69 1.07 1.1  1.13 1.18
 1.19 1.21 1.23 1.25 1.31 1.35 1.39 1.39 1.44 1.47 1.55 1.56 1.59 1.64
 1.64 1.65 1.67 1.83 1.89 1.92 1.94 2.   2.1  2.17 2.21 2.36 2.43 2.49
 2.63 2.64 2.65 2.69 2.75 2.76 2.76 2.87 3.21 3.24 3.35 3.36 3.67 3.73
 4.14 4.18 4.62 5.79]
var: 1.390064888888888
| [0m77       [0m | [0m1.951    [0m | [0m0.1737   [0m | [0m33.37    [0m | [0m0.2699   [0m |
[0.05 0.17 0.36 0.39 0.4  0.72 0.76 0.76 0.79 0.8  0.81 0.85 0.88 0.91
 0.94 0.94 0.96 0.96 1.07 1.08 1.09 1.12 1.2  1.2  1.2  1.35 1.36 1.36
 1.43 1.6  1.61 1.63 1.64 1.65 1.66 1.72 1.87 1.93 1.94 1.98 2.06 2.07
 2.12 2.18 2.28 2.36 2.38 2.46 2.48 2.97 3.03 3.05 3.05 3.27 3.38 3.66
 3.77 4.08 4.36 6.81]
var: 1.4097328888888898
| [0m78       [0m | [0m1.783    [0m | [0m0.2745   [0m | [0m33.85    [0m | [0m0.2294   [0m |
[0.   0.   0.01 0.01 0.01 0.02 0.02 0.02 0.02 0.02 0.03 0.03 0.04 0.04
 0.04 0.05 0.05 0.05 0.05 0.05 0.05 0.05 0.05 0.05 0.05 0.05 0.05 0.06
 0.06 0.06 0.06 0.06 0.06 0.07 0.07 0.07 0.08 0.08 0.08 0.08 0.08 0.08
 0.08 0.09 0.09 0.09 0.1  0.1  0.1  0.1  0.12 0.12 0.13 0.14 0.16 0.16
 0.21 0.32 0.41 0.45]
var: 0.006880305555555577
| [0m79       [0m | [0m0.08217  [0m | [0m0.2545   [0m | [0m33.89    [0m | [0m0.005302 [0m |
[0.26 0.27 0.32 0.32 0.33 0.34 0.97 0.98 1.09 1.16 1.19 1.2  1.44 1.46
 1.47 1.5  1.53 1.64 1.71 1.83 1.9  1.98 2.03 2.06 2.11 2.12 2.42 2.45
 2.57 2.71 2.72 2.77 2.82 2.87 2.87 2.91 3.12 3.14 3.26 3.45 3.46 3.72
 3.73 3.97 4.   4.25 4.36 4.44 4.54 4.56 4.8  5.52 5.82 6.12 6.2  6.37
 6.44 6.6  6.92 7.12]
var: 3.4674303055555544
| [0m80       [0m | [0m2.937    [0m | [0m0.02299  [0m | [0m33.85    [0m | [0m0.1756   [0m |
=============================================================
None
num_trials:  40  inits,  40  iters,  60  per
rho:  1.1
pthin:  0.995

Best VPT: 4.436833333333333
Best result: {'a': 0.02318099167245649, 'g': 33.798775334203434, 's': 0.1273341135052495}

KERNEL: nu=1.5, lengthscale=2.0, alpha=0.0005
