|   iter    |  target   |     a     |     g     |     s     |
-------------------------------------------------------------
[0.07 0.08 0.18 0.21 0.24 0.29 0.29 0.29 0.34 0.36 0.42 0.42 0.43 0.43
 0.44 0.55 0.57 0.65 0.67 0.68 0.72 0.74 0.75 0.78 0.82 0.82 0.82 0.83
 0.83 0.84 0.88 0.95 1.03 1.06 1.07 1.17 1.17 1.17 1.23 1.3  1.32 1.37
 1.44 1.46 1.47 1.58 1.67 1.7  1.78 1.8  1.86 1.93 2.05 2.1  2.32 2.44
 2.65 2.72 3.12 3.61]
var: 0.604853222222222
| [0m1        [0m | [0m1.116    [0m | [0m0.03023  [0m | [0m23.41    [0m | [0m2.879    [0m |
[0.   0.07 0.08 0.13 0.14 0.14 0.17 0.17 0.18 0.19 0.24 0.24 0.25 0.26
 0.33 0.34 0.35 0.38 0.4  0.45 0.47 0.47 0.48 0.52 0.54 0.55 0.56 0.65
 0.65 0.69 0.7  0.74 0.75 0.79 0.82 0.87 0.94 0.94 1.02 1.05 1.08 1.09
 1.11 1.12 1.13 1.14 1.15 1.18 1.19 1.23 1.26 1.26 1.33 1.39 1.51 1.56
 1.58 1.65 1.96 2.11]
var: 0.2553778888888885
| [0m2        [0m | [0m0.7623   [0m | [0m0.155    [0m | [0m40.38    [0m | [0m2.886    [0m |
[0.01 0.06 0.13 0.22 0.24 0.25 0.28 0.32 0.36 0.39 0.39 0.4  0.4  0.43
 0.46 0.47 0.48 0.52 0.53 0.54 0.65 0.65 0.69 0.7  0.71 0.72 0.74 0.75
 0.79 0.87 0.87 0.87 0.88 0.92 0.94 0.96 0.96 0.96 1.   1.02 1.06 1.08
 1.18 1.19 1.31 1.33 1.35 1.36 1.42 1.43 1.45 1.57 1.61 1.7  1.77 1.97
 2.29 2.31 2.4  2.5 ]
var: 0.35033830555555556
| [0m3        [0m | [0m0.9302   [0m | [0m0.1805   [0m | [0m28.73    [0m | [0m2.497    [0m |
[0.11 0.13 0.15 0.17 0.18 0.21 0.25 0.43 0.5  0.51 0.54 0.55 0.59 0.62
 0.64 0.64 0.66 0.71 0.76 0.83 0.89 0.94 1.03 1.08 1.09 1.11 1.12 1.13
 1.19 1.21 1.24 1.31 1.32 1.35 1.37 1.41 1.42 1.43 1.45 1.51 1.58 1.6
 1.6  1.62 1.76 1.8  1.8  1.81 1.86 1.88 1.93 1.95 1.97 2.02 2.02 2.11
 2.34 2.5  3.44 5.53]
var: 0.7636372222222224
| [95m4        [0m | [95m1.282    [0m | [95m0.2868   [0m | [95m25.6     [0m | [95m1.703    [0m |
[0.13 0.47 0.5  0.55 0.75 0.95 1.05 1.31 1.38 1.4  1.45 1.46 1.53 1.72
 2.01 2.07 2.22 2.22 2.22 2.23 2.26 2.34 2.36 2.37 2.37 2.39 2.56 2.57
 2.62 2.84 2.92 2.99 3.   3.09 3.1  3.17 3.22 3.33 3.36 3.4  3.5  3.56
 3.6  3.73 3.77 3.77 3.78 3.93 3.95 3.95 3.97 4.01 4.06 4.1  4.14 4.16
 4.74 5.09 5.37 5.54]
var: 1.5629055555555555
| [95m5        [0m | [95m2.777    [0m | [95m0.01533  [0m | [95m15.82    [0m | [95m0.5549   [0m |
[0.02 0.08 0.09 0.09 0.09 0.1  0.11 0.11 0.14 0.14 0.17 0.3  0.33 0.35
 0.36 0.45 0.46 0.46 0.46 0.48 0.53 0.55 0.6  0.64 0.68 0.73 0.73 0.76
 0.8  0.88 1.06 1.1  1.15 1.17 1.19 1.22 1.23 1.24 1.28 1.29 1.33 1.4
 1.47 1.65 1.65 1.69 1.69 1.71 1.74 1.78 1.9  2.   2.02 2.04 2.11 2.18
 2.31 3.05 3.06 3.06]
var: 0.6379612222222218
| [0m6        [0m | [0m1.058    [0m | [0m0.06173  [0m | [0m17.39    [0m | [0m2.429    [0m |
[0.   0.02 0.09 0.13 0.14 0.15 0.18 0.2  0.25 0.26 0.27 0.28 0.28 0.34
 0.34 0.41 0.44 0.45 0.47 0.51 0.56 0.57 0.58 0.66 0.68 0.7  0.74 0.77
 0.79 0.8  0.84 0.85 0.86 0.88 0.89 0.95 0.99 1.01 1.03 1.08 1.15 1.21
 1.28 1.31 1.34 1.37 1.37 1.4  1.43 1.45 1.51 1.6  1.63 1.67 1.7  1.94
 2.05 2.19 2.75 3.05]
var: 0.43141733333333315
| [0m7        [0m | [0m0.914    [0m | [0m0.1331   [0m | [0m28.73    [0m | [0m2.857    [0m |
[0.01 0.02 0.05 0.07 0.12 0.16 0.21 0.28 0.31 0.43 0.44 0.45 0.47 0.5
 0.52 0.58 0.58 0.58 0.6  0.64 0.7  0.71 0.73 0.73 0.76 0.78 0.78 0.79
 0.79 0.82 0.82 0.91 0.93 0.94 0.94 0.99 1.   1.11 1.15 1.2  1.22 1.23
 1.27 1.28 1.28 1.29 1.31 1.34 1.37 1.38 1.42 1.48 1.54 1.62 1.67 1.87
 1.94 2.38 2.38 3.16]
var: 0.37429141666666693
| [0m8        [0m | [0m0.9505   [0m | [0m0.1893   [0m | [0m35.18    [0m | [0m1.874    [0m |
[0.1  0.16 0.16 0.32 0.34 0.57 0.64 0.74 0.84 1.05 1.07 1.11 1.21 1.28
 1.4  1.41 1.48 1.5  1.5  1.54 1.54 1.57 1.63 1.66 1.67 1.71 1.72 1.74
 1.75 1.87 1.87 1.89 1.94 1.94 1.97 1.99 1.99 2.   2.   2.02 2.02 2.04
 2.04 2.06 2.09 2.17 2.26 2.29 2.29 2.31 2.38 2.44 2.49 2.54 2.54 2.84
 2.99 3.03 3.41 3.93]
var: 0.5926009722222217
| [0m9        [0m | [0m1.751    [0m | [0m0.2026   [0m | [0m2.026    [0m | [0m0.372    [0m |
[0.09 0.11 0.21 0.23 0.31 0.31 0.49 0.5  0.64 0.65 0.7  0.72 0.74 0.76
 0.79 0.8  0.83 0.85 1.06 1.1  1.14 1.16 1.18 1.22 1.32 1.32 1.34 1.35
 1.44 1.46 1.49 1.58 1.59 1.62 1.67 1.76 1.83 1.85 1.85 1.92 1.93 1.94
 2.12 2.14 2.17 2.2  2.31 2.31 2.4  2.4  2.48 2.58 2.59 2.73 2.77 2.83
 2.86 3.27 3.93 4.37]
var: 0.8562016388888882
| [0m10       [0m | [0m1.572    [0m | [0m0.1699   [0m | [0m40.8     [0m | [0m0.3418   [0m |
[0.   0.04 0.08 0.1  0.14 0.15 0.21 0.26 0.27 0.29 0.3  0.36 0.37 0.39
 0.41 0.53 0.56 0.57 0.57 0.59 0.65 0.66 0.67 0.69 0.71 0.72 0.73 0.75
 0.76 0.76 0.77 0.77 0.77 0.87 0.87 0.9  0.92 0.96 0.99 1.   1.07 1.1
 1.14 1.2  1.22 1.24 1.27 1.45 1.48 1.5  1.59 1.67 1.71 1.72 2.07 2.12
 2.15 2.29 2.71 3.04]
var: 0.4370843055555555
| [0m11       [0m | [0m0.9308   [0m | [0m0.1792   [0m | [0m31.91    [0m | [0m1.762    [0m |
[0.   0.01 0.02 0.05 0.08 0.14 0.15 0.24 0.25 0.25 0.27 0.28 0.32 0.36
 0.37 0.37 0.39 0.43 0.44 0.52 0.64 0.64 0.66 0.69 0.75 0.75 0.75 0.76
 0.78 0.79 0.82 0.85 0.9  0.9  0.92 0.92 0.93 0.93 0.93 0.97 0.98 0.98
 1.01 1.13 1.19 1.2  1.26 1.32 1.34 1.37 1.46 1.54 1.54 1.6  1.62 1.64
 1.95 2.13 2.67 3.79]
var: 0.451847888888889
| [0m12       [0m | [0m0.8823   [0m | [0m0.05954  [0m | [0m39.29    [0m | [0m2.516    [0m |
[0.   0.   0.   0.01 0.03 0.06 0.1  0.12 0.17 0.17 0.25 0.26 0.28 0.29
 0.29 0.31 0.31 0.36 0.38 0.39 0.47 0.5  0.5  0.52 0.54 0.56 0.59 0.6
 0.61 0.68 0.69 0.69 0.77 0.8  0.83 0.88 0.88 0.97 1.09 1.11 1.13 1.14
 1.2  1.29 1.31 1.31 1.37 1.41 1.41 1.47 1.58 1.6  1.61 1.74 1.76 1.77
 2.08 2.72 2.82 3.86]
var: 0.5738695555555554
| [0m13       [0m | [0m0.8773   [0m | [0m0.07631  [0m | [0m47.72    [0m | [0m2.626    [0m |
[0.02 0.04 0.09 0.14 0.16 0.28 0.29 0.49 0.52 0.54 0.56 0.58 0.64 0.75
 0.8  0.82 0.9  0.91 0.93 0.97 1.16 1.22 1.34 1.53 1.56 1.59 1.64 1.64
 1.64 1.8  1.83 1.97 1.99 2.05 2.05 2.05 2.09 2.14 2.21 2.27 2.28 2.29
 2.33 2.35 2.36 2.37 2.39 2.39 2.4  2.47 2.53 2.65 2.74 2.76 2.79 2.88
 3.07 3.34 3.58 3.93]
var: 0.9292605555555549
| [0m14       [0m | [0m1.668    [0m | [0m0.003555 [0m | [0m20.37    [0m | [0m1.663    [0m |
[0.07 0.1  0.37 0.44 0.52 0.57 0.62 0.82 0.92 0.92 0.97 1.01 1.14 1.17
 1.17 1.28 1.34 1.4  1.44 1.55 1.73 1.73 1.76 1.77 1.81 1.83 1.84 1.9
 1.95 1.98 2.02 2.02 2.06 2.11 2.15 2.3  2.32 2.36 2.4  2.4  2.4  2.41
 2.42 2.48 2.57 2.64 2.86 3.09 3.1  3.19 3.23 3.28 3.35 3.43 3.5  3.54
 3.91 4.69 4.88 4.99]
var: 1.2467498888888893
| [0m15       [0m | [0m2.07     [0m | [0m0.08752  [0m | [0m19.46    [0m | [0m0.5046   [0m |
[0.02 0.03 0.04 0.06 0.09 0.09 0.15 0.16 0.2  0.22 0.22 0.27 0.28 0.3
 0.31 0.32 0.33 0.34 0.36 0.37 0.37 0.38 0.38 0.39 0.39 0.4  0.43 0.44
 0.45 0.45 0.5  0.5  0.51 0.51 0.53 0.54 0.54 0.55 0.57 0.57 0.66 0.66
 0.66 0.67 0.67 0.69 0.77 0.82 0.82 0.87 0.89 0.93 0.99 1.02 1.03 1.07
 1.08 1.09 1.15 1.42]
var: 0.10069822222222212
| [0m16       [0m | [0m0.5253   [0m | [0m0.2426   [0m | [0m0.4496   [0m | [0m1.583    [0m |
[0.   0.02 0.08 0.08 0.09 0.13 0.18 0.2  0.2  0.21 0.27 0.33 0.33 0.35
 0.35 0.35 0.4  0.42 0.42 0.43 0.44 0.45 0.46 0.49 0.5  0.51 0.55 0.55
 0.56 0.56 0.57 0.63 0.63 0.63 0.64 0.64 0.68 0.68 0.68 0.69 0.71 0.71
 0.73 0.73 0.78 0.82 0.85 0.92 0.96 1.02 1.04 1.07 1.07 1.07 1.09 1.22
 1.41 1.48 1.93 2.07]
var: 0.17438122222222227
| [0m17       [0m | [0m0.6343   [0m | [0m0.01875  [0m | [0m0.2868   [0m | [0m2.029    [0m |
[0.05 0.09 0.09 0.13 0.21 0.21 0.23 0.41 0.42 0.55 0.57 0.65 0.67 0.71
 0.71 0.72 0.76 0.76 0.77 0.83 0.83 0.85 0.87 0.89 0.9  0.9  0.97 0.99
 1.02 1.08 1.12 1.16 1.16 1.24 1.27 1.29 1.29 1.38 1.41 1.47 1.5  1.51
 1.54 1.55 1.56 1.58 1.58 1.62 1.69 1.83 1.88 1.95 2.02 2.06 2.06 2.19
 2.29 2.36 2.44 2.55]
var: 0.40750608333333277
| [0m18       [0m | [0m1.157    [0m | [0m0.07155  [0m | [0m2.654    [0m | [0m0.879    [0m |
[0.06 0.16 0.21 0.3  0.35 0.36 0.37 0.48 0.48 0.53 0.62 0.67 0.73 0.78
 1.03 1.08 1.25 1.26 1.3  1.31 1.38 1.38 1.42 1.42 1.45 1.52 1.6  1.63
 1.72 1.74 1.85 1.85 1.87 1.88 1.9  1.91 1.93 1.95 1.95 2.02 2.05 2.08
 2.1  2.12 2.15 2.25 2.28 2.36 2.37 2.38 2.39 2.4  2.48 2.57 2.83 2.92
 3.29 3.84 3.95 6.44]
var: 1.133087638888888
| [0m19       [0m | [0m1.716    [0m | [0m0.06317  [0m | [0m15.33    [0m | [0m0.9664   [0m |
[0.11 0.12 0.19 0.21 0.25 0.31 0.35 0.4  0.43 0.46 0.46 0.47 0.5  0.56
 0.56 0.68 0.7  0.72 0.78 0.78 0.78 0.79 0.79 0.85 0.87 0.87 0.9  0.9
 0.91 0.92 0.93 0.98 1.   1.01 1.02 1.26 1.27 1.41 1.45 1.53 1.64 1.65
 1.71 1.73 1.74 1.75 1.86 1.87 1.89 1.98 2.01 2.14 2.15 2.18 2.19 2.37
 2.57 2.75 4.25 4.38]
var: 0.7758916388888889
| [0m20       [0m | [0m1.238    [0m | [0m0.2082   [0m | [0m3.145    [0m | [0m0.8297   [0m |
[0.01 0.08 0.14 0.15 0.18 0.2  0.2  0.36 0.36 0.47 0.6  0.62 0.78 0.81
 0.82 0.86 0.95 0.95 1.1  1.13 1.13 1.14 1.17 1.21 1.32 1.34 1.35 1.39
 1.44 1.44 1.5  1.5  1.51 1.55 1.55 1.62 1.64 1.68 1.71 1.76 1.8  1.87
 2.03 2.12 2.17 2.18 2.32 2.35 2.35 2.53 2.63 2.71 2.72 2.75 2.77 3.04
 3.23 3.62 3.84 4.09]
var: 0.9346862222222229
| [0m21       [0m | [0m1.547    [0m | [0m0.1011   [0m | [0m31.5     [0m | [0m0.8341   [0m |
[0.02 0.08 0.19 0.22 0.25 0.26 0.27 0.38 0.38 0.54 0.55 0.57 0.63 0.63
 0.66 0.67 0.68 0.74 0.75 0.75 0.82 0.82 0.83 0.84 0.86 0.97 0.99 0.99
 1.01 1.03 1.08 1.11 1.16 1.17 1.17 1.21 1.23 1.29 1.33 1.35 1.36 1.42
 1.42 1.61 1.64 1.64 1.66 1.74 1.79 1.82 1.88 2.04 2.14 2.28 2.42 2.42
 2.46 2.85 2.89 2.98]
var: 0.5227145555555558
| [0m22       [0m | [0m1.182    [0m | [0m0.2383   [0m | [0m27.71    [0m | [0m1.36     [0m |
[0.06 0.08 0.1  0.11 0.13 0.25 0.32 0.44 0.65 0.71 0.78 0.97 0.97 1.07
 1.17 1.26 1.27 1.46 1.58 1.59 1.72 1.74 1.76 1.85 1.89 1.91 1.95 1.97
 1.98 2.18 2.25 2.29 2.35 2.4  2.4  2.47 2.48 2.58 2.58 2.6  2.61 2.61
 2.68 2.78 2.8  2.84 2.85 2.9  2.97 3.02 3.16 3.22 3.29 3.37 3.48 4.19
 4.37 4.41 4.99 6.2 ]
var: 1.6063445555555562
| [0m23       [0m | [0m2.118    [0m | [0m0.01328  [0m | [0m31.93    [0m | [0m0.7343   [0m |
[0.1  0.12 0.12 0.2  0.23 0.24 0.29 0.36 0.39 0.43 0.5  0.59 0.66 0.67
 0.67 0.71 0.75 0.76 0.78 0.79 0.8  0.82 0.94 0.96 0.97 0.97 0.99 1.
 1.01 1.14 1.15 1.19 1.28 1.31 1.32 1.33 1.36 1.38 1.47 1.48 1.53 1.55
 1.55 1.61 1.61 1.64 1.66 1.71 1.71 1.73 1.78 1.8  1.84 2.09 2.11 2.61
 2.78 3.46 3.77 4.18]
var: 0.7060009722222227
| [0m24       [0m | [0m1.249    [0m | [0m0.02396  [0m | [0m2.544    [0m | [0m1.294    [0m |
[0.   0.02 0.08 0.18 0.18 0.25 0.29 0.31 0.34 0.45 0.45 0.51 0.61 0.66
 0.67 0.69 0.72 0.72 0.73 0.82 0.83 0.84 0.87 0.96 1.12 1.13 1.19 1.2
 1.2  1.2  1.21 1.26 1.27 1.28 1.28 1.3  1.3  1.38 1.38 1.39 1.4  1.41
 1.44 1.48 1.5  1.71 1.76 1.79 1.9  1.93 1.95 1.99 2.05 2.14 2.23 2.38
 2.66 2.69 2.93 3.17]
var: 0.5390110000000002
| [0m25       [0m | [0m1.213    [0m | [0m0.1075   [0m | [0m24.11    [0m | [0m2.032    [0m |
[0.37 0.41 0.63 0.65 0.96 0.97 1.02 1.1  1.12 1.14 1.23 1.23 1.25 1.26
 1.31 1.44 1.53 1.65 1.66 1.66 1.79 1.85 1.85 1.89 1.95 1.96 1.99 2.03
 2.04 2.04 2.08 2.09 2.11 2.21 2.28 2.33 2.33 2.4  2.4  2.44 2.71 2.73
 2.73 2.91 2.95 2.96 3.23 3.3  3.31 3.34 3.52 3.55 4.   4.04 4.04 4.16
 4.35 4.52 5.89 7.49]
var: 1.6970432222222234
| [0m26       [0m | [0m2.34     [0m | [0m0.1381   [0m | [0m16.17    [0m | [0m0.4361   [0m |
[0.01 0.07 0.1  0.32 0.43 0.55 0.61 0.75 0.85 0.98 0.98 1.02 1.21 1.21
 1.29 1.3  1.39 1.47 1.58 1.65 1.67 1.69 1.7  1.77 1.78 1.87 1.94 2.
 2.02 2.05 2.1  2.12 2.34 2.47 2.48 2.57 2.6  2.69 2.84 2.85 2.87 2.99
 3.1  3.21 3.41 3.42 3.43 3.47 3.51 3.52 3.66 3.71 3.85 3.99 4.   4.33
 4.54 5.31 5.42 6.28]
var: 1.9038178888888893
| [0m27       [0m | [0m2.322    [0m | [0m0.04228  [0m | [0m20.73    [0m | [0m0.4441   [0m |
[0.13 0.22 0.37 0.44 0.58 0.66 0.67 0.71 0.71 0.72 0.73 0.76 0.9  0.91
 0.97 1.01 1.1  1.11 1.18 1.23 1.24 1.25 1.27 1.35 1.35 1.38 1.44 1.5
 1.53 1.54 1.6  1.61 1.65 1.72 1.74 1.76 1.8  1.81 1.83 1.83 1.85 1.92
 1.92 1.93 2.03 2.11 2.16 2.28 2.34 2.45 2.53 2.61 2.73 2.8  3.11 3.13
 3.3  3.62 3.9  4.35]
var: 0.8100265555555559
| [0m28       [0m | [0m1.656    [0m | [0m0.2069   [0m | [0m47.36    [0m | [0m0.3102   [0m |
[0.03 0.08 0.18 0.28 0.31 0.38 0.44 0.44 0.66 0.75 0.76 0.8  0.89 0.98
 1.01 1.01 1.03 1.05 1.11 1.21 1.26 1.28 1.31 1.35 1.43 1.54 1.62 1.69
 1.7  1.72 1.78 1.81 1.86 1.87 1.95 2.02 2.02 2.07 2.07 2.15 2.27 2.33
 2.39 2.42 2.42 2.42 2.44 2.48 2.5  2.67 2.68 2.71 2.89 3.2  3.31 3.32
 3.44 3.74 4.34 4.73]
var: 1.0793422222222233
| [0m29       [0m | [0m1.777    [0m | [0m0.2552   [0m | [0m28.73    [0m | [0m0.3655   [0m |
[0.02 0.04 0.07 0.08 0.09 0.19 0.19 0.19 0.2  0.23 0.27 0.29 0.31 0.33
 0.39 0.42 0.44 0.46 0.5  0.56 0.57 0.63 0.64 0.67 0.67 0.68 0.76 0.8
 0.8  0.81 0.81 0.88 0.93 0.95 0.97 0.97 1.01 1.07 1.11 1.14 1.16 1.22
 1.26 1.37 1.38 1.44 1.46 1.46 1.51 1.52 1.53 1.54 1.58 1.64 1.7  1.81
 1.84 2.19 2.32 2.34]
var: 0.3592883055555556
| [0m30       [0m | [0m0.9068   [0m | [0m0.258    [0m | [0m24.95    [0m | [0m2.096    [0m |
[0.   0.03 0.09 0.1  0.13 0.16 0.16 0.19 0.21 0.31 0.37 0.38 0.4  0.41
 0.47 0.48 0.51 0.52 0.55 0.57 0.62 0.62 0.66 0.67 0.69 0.69 0.71 0.74
 0.75 0.76 0.79 0.82 0.83 0.83 0.84 0.88 0.89 0.92 0.96 0.96 1.01 1.04
 1.05 1.06 1.07 1.07 1.17 1.22 1.24 1.41 1.44 1.46 1.64 1.66 1.7  1.73
 1.82 1.85 1.95 2.21]
var: 0.2736169722222224
| [0m31       [0m | [0m0.8412   [0m | [0m0.1233   [0m | [0m1.378    [0m | [0m2.315    [0m |
[0.08 0.14 0.18 0.22 0.51 0.52 0.57 0.59 0.64 0.68 0.71 0.74 0.78 0.79
 0.79 0.81 0.81 0.81 0.81 0.86 0.87 0.9  0.93 0.94 1.04 1.04 1.04 1.06
 1.12 1.15 1.2  1.27 1.29 1.31 1.34 1.39 1.44 1.45 1.46 1.48 1.56 1.62
 1.72 1.74 1.75 1.76 1.78 1.89 1.96 2.06 2.26 2.46 2.52 2.66 2.71 2.95
 3.49 3.5  4.49 4.74]
var: 0.926631000000001
| [0m32       [0m | [0m1.423    [0m | [0m0.1657   [0m | [0m4.101    [0m | [0m0.854    [0m |
[0.12 0.12 0.28 0.35 0.48 0.5  0.51 0.56 0.57 0.72 0.73 0.79 0.81 0.87
 0.91 0.92 0.92 1.   1.03 1.03 1.06 1.1  1.12 1.13 1.15 1.16 1.28 1.43
 1.48 1.51 1.51 1.55 1.75 1.84 1.84 1.9  1.91 2.   2.04 2.07 2.12 2.17
 2.17 2.24 2.32 2.33 2.36 2.4  2.42 2.54 2.82 2.83 2.92 2.94 2.97 3.13
 3.39 3.59 3.69 3.72]
var: 0.8910626666666663
| [0m33       [0m | [0m1.652    [0m | [0m0.05119  [0m | [0m25.17    [0m | [0m1.003    [0m |
[0.05 0.13 0.17 0.2  0.21 0.22 0.4  0.4  0.42 0.51 0.51 0.52 0.55 0.59
 0.59 0.63 0.7  0.71 0.71 0.74 0.75 0.75 0.76 0.76 0.77 0.77 0.77 0.81
 0.82 0.86 0.89 0.9  0.9  0.91 0.93 0.93 0.93 0.97 0.98 1.03 1.07 1.14
 1.14 1.27 1.32 1.33 1.33 1.38 1.39 1.4  1.46 1.53 1.54 1.54 1.57 1.7
 1.78 1.87 1.93 2.45]
var: 0.24034830555555523
| [0m34       [0m | [0m0.9382   [0m | [0m0.1831   [0m | [0m14.36    [0m | [0m2.944    [0m |
[0.   0.02 0.03 0.06 0.08 0.15 0.16 0.27 0.27 0.29 0.33 0.34 0.41 0.45
 0.47 0.47 0.5  0.51 0.54 0.57 0.6  0.61 0.62 0.64 0.64 0.64 0.64 0.67
 0.69 0.72 0.72 0.72 0.77 0.84 0.84 1.02 1.1  1.16 1.17 1.17 1.19 1.22
 1.33 1.37 1.38 1.51 1.61 1.61 1.63 1.69 1.83 1.95 2.13 2.23 2.25 2.44
 2.53 2.55 2.85 4.68]
var: 0.7374082222222224
| [0m35       [0m | [0m1.031    [0m | [0m0.2104   [0m | [0m19.82    [0m | [0m2.789    [0m |
[0.01 0.06 0.11 0.13 0.17 0.18 0.18 0.3  0.31 0.31 0.32 0.33 0.33 0.33
 0.34 0.36 0.37 0.38 0.38 0.42 0.42 0.43 0.43 0.44 0.45 0.46 0.48 0.48
 0.5  0.51 0.52 0.52 0.53 0.53 0.55 0.57 0.57 0.63 0.65 0.66 0.67 0.84
 0.85 0.85 0.97 0.98 0.99 1.   1.06 1.15 1.26 1.27 1.3  1.36 1.47 1.7
 1.96 2.13 2.2  2.36]
var: 0.2866298888888891
| [0m36       [0m | [0m0.7003   [0m | [0m0.2432   [0m | [0m0.9471   [0m | [0m0.6842   [0m |
[0.14 0.23 0.31 0.31 0.47 1.11 1.17 1.18 1.49 1.73 1.87 1.93 2.03 2.03
 2.16 2.17 2.17 2.18 2.19 2.24 2.28 2.28 2.33 2.35 2.4  2.43 2.43 2.43
 2.55 2.56 2.71 2.74 2.83 2.92 3.05 3.08 3.08 3.15 3.16 3.31 3.37 3.37
 3.5  3.55 3.61 3.9  3.93 4.05 4.08 4.14 4.24 4.35 4.59 4.8  4.93 4.94
 5.12 5.47 5.93 7.03]
var: 2.0094126666666656
| [95m37       [0m | [95m2.868    [0m | [95m0.05511  [0m | [95m22.9     [0m | [95m0.1563   [0m |
[0.01 0.01 0.05 0.06 0.08 0.11 0.13 0.13 0.22 0.28 0.38 0.41 0.44 0.49
 0.49 0.54 0.56 0.56 0.58 0.58 0.61 0.66 0.68 0.73 0.79 0.79 0.79 0.82
 0.83 0.85 0.88 0.89 0.9  0.91 0.92 0.93 0.96 0.98 1.04 1.06 1.08 1.13
 1.16 1.22 1.24 1.24 1.25 1.33 1.34 1.35 1.44 1.47 1.64 1.76 1.83 1.93
 1.95 2.09 2.19 2.92]
var: 0.35943608333333327
| [0m38       [0m | [0m0.9115   [0m | [0m0.05825  [0m | [0m40.48    [0m | [0m2.418    [0m |
[0.03 0.07 0.08 0.1  0.21 0.21 0.25 0.26 0.26 0.28 0.29 0.34 0.37 0.43
 0.43 0.51 0.51 0.61 0.72 0.74 0.8  0.88 0.91 0.96 0.99 1.04 1.09 1.13
 1.14 1.23 1.29 1.34 1.4  1.42 1.42 1.51 1.58 1.58 1.59 1.62 1.72 1.74
 1.76 1.83 1.84 1.92 1.92 2.   2.05 2.09 2.15 2.24 2.26 2.27 2.49 2.59
 2.88 3.25 3.55 3.61]
var: 0.7944232222222231
| [0m39       [0m | [0m1.296    [0m | [0m0.09468  [0m | [0m31.24    [0m | [0m1.373    [0m |
[0.03 0.03 0.05 0.1  0.12 0.14 0.17 0.19 0.21 0.3  0.36 0.39 0.45 0.46
 0.47 0.56 0.57 0.58 0.61 0.61 0.62 0.64 0.67 0.67 0.7  0.7  0.77 0.97
 1.   1.06 1.07 1.12 1.14 1.15 1.2  1.23 1.23 1.24 1.28 1.32 1.38 1.39
 1.42 1.47 1.56 1.62 1.65 1.73 1.76 1.89 1.98 1.99 2.01 2.13 2.17 2.62
 2.85 2.92 2.97 3.64]
var: 0.6711603055555553
| [0m40       [0m | [0m1.122    [0m | [0m0.1977   [0m | [0m12.35    [0m | [0m2.044    [0m |
[0.11 0.21 0.36 0.5  0.53 0.81 0.89 0.99 1.29 1.31 1.36 1.37 1.38 1.41
 1.45 1.45 1.49 1.62 1.64 1.67 1.69 1.99 2.21 2.24 2.29 2.29 2.36 2.39
 2.64 2.64 2.64 2.74 2.99 3.01 3.02 3.07 3.14 3.17 3.25 3.28 3.35 3.52
 3.59 3.61 3.7  3.78 3.8  4.05 4.14 4.18 4.21 4.4  4.72 4.88 5.06 5.13
 5.34 5.46 5.69 7.13]
var: 2.3539603055555562
| [0m41       [0m | [0m2.744    [0m | [0m0.01141  [0m | [0m15.77    [0m | [0m0.5137   [0m |
[0.02 0.03 0.08 0.17 0.17 0.18 0.32 0.36 0.39 0.41 0.41 0.43 0.46 0.48
 0.49 0.6  0.71 0.72 0.78 0.78 0.8  0.83 0.9  0.9  0.94 1.02 1.03 1.06
 1.15 1.22 1.22 1.33 1.34 1.36 1.38 1.38 1.5  1.5  1.51 1.57 1.67 1.67
 1.69 1.73 1.8  1.8  1.86 1.9  1.95 1.96 2.17 2.21 2.35 2.36 2.37 2.55
 3.02 3.89 3.98 4.21]
var: 0.8858336388888893
| [0m42       [0m | [0m1.318    [0m | [0m0.1839   [0m | [0m7.487    [0m | [0m1.861    [0m |
[0.09 0.12 0.14 0.17 0.2  0.23 0.28 0.36 0.36 0.4  0.49 0.65 0.8  0.84
 0.97 1.01 1.09 1.18 1.26 1.33 1.36 1.41 1.43 1.51 1.56 1.57 1.84 2.
 2.06 2.06 2.2  2.26 2.47 2.47 2.55 2.64 2.73 2.74 2.82 2.85 3.02 3.1
 3.18 3.26 3.37 3.65 3.78 3.87 3.94 3.98 4.05 4.06 4.18 4.26 4.47 4.71
 4.85 4.94 5.68 7.17]
var: 2.5952365555555543
| [0m43       [0m | [0m2.3      [0m | [0m0.002563 [0m | [0m22.18    [0m | [0m0.3178   [0m |
[0.   0.   0.   0.   0.   0.02 0.02 0.02 0.02 0.03 0.03 0.03 0.03 0.03
 0.03 0.03 0.03 0.04 0.04 0.04 0.04 0.04 0.04 0.04 0.04 0.04 0.04 0.04
 0.05 0.05 0.06 0.06 0.06 0.06 0.06 0.07 0.07 0.07 0.07 0.08 0.09 0.1
 0.1  0.13 0.13 0.15 0.16 0.17 0.18 0.2  0.21 0.21 0.23 0.23 0.26 0.27
 0.27 0.31 0.32 0.33]
var: 0.008073638888888932
| [0m44       [0m | [0m0.09283  [0m | [0m0.3      [0m | [0m23.5     [0m | [0m0.001    [0m |
[0.03 0.09 0.11 0.2  0.21 0.22 0.3  0.31 0.32 0.37 0.38 0.38 0.38 0.43
 0.44 0.58 0.59 0.66 0.75 0.75 0.76 0.78 0.8  0.89 1.01 1.08 1.15 1.16
 1.16 1.33 1.39 1.43 1.47 1.47 1.54 1.55 1.57 1.59 1.68 1.84 1.91 1.96
 2.01 2.04 2.06 2.09 2.1  2.1  2.13 2.18 2.22 2.37 2.38 2.48 2.81 2.85
 3.12 3.34 3.62 3.74]
var: 0.8898678888888888
| [0m45       [0m | [0m1.378    [0m | [0m0.07342  [0m | [0m49.33    [0m | [0m0.7253   [0m |
[0.   0.   0.   0.   0.   0.   0.   0.   0.   0.   0.   0.   0.   0.
 0.01 0.01 0.01 0.01 0.01 0.02 0.02 0.04 0.04 0.05 0.06 0.06 0.07 0.09
 0.09 0.11 0.12 0.12 0.13 0.13 0.13 0.15 0.16 0.17 0.17 0.2  0.23 0.25
 0.27 0.3  0.32 0.34 0.36 0.4  0.4  0.4  0.43 0.44 0.45 0.46 0.63 0.63
 0.67 1.18 1.65 1.85]
var: 0.12931622222222228
| [0m46       [0m | [0m0.2307   [0m | [0m1e-08    [0m | [0m22.7     [0m | [0m0.4124   [0m |
[0.33 0.38 0.39 0.39 0.46 0.55 0.65 0.96 1.07 1.17 1.29 1.34 1.44 1.62
 1.67 1.68 1.75 1.76 1.76 1.78 1.79 1.98 2.02 2.03 2.06 2.07 2.13 2.18
 2.21 2.26 2.27 2.33 2.46 2.51 2.55 2.56 2.58 2.68 2.73 2.83 2.86 2.88
 2.88 2.89 3.08 3.1  3.15 3.24 3.38 3.64 3.72 4.06 4.07 4.18 4.32 4.6
 5.08 5.29 5.74 5.78]
var: 1.7157960833333332
| [0m47       [0m | [0m2.444    [0m | [0m0.05559  [0m | [0m15.89    [0m | [0m0.4648   [0m |
[0.21 0.28 0.29 0.37 0.49 0.59 0.71 0.75 0.78 0.83 1.2  1.28 1.32 1.34
 1.44 1.44 1.45 1.51 1.59 1.63 1.72 1.9  1.97 2.01 2.11 2.26 2.35 2.58
 2.6  2.61 2.7  2.76 2.78 2.82 2.82 2.88 3.01 3.12 3.23 3.23 3.32 3.38
 3.42 3.53 3.56 3.63 3.9  3.95 4.02 4.02 4.13 4.42 4.61 5.28 5.33 5.91
 5.97 6.14 8.06 8.41]
var: 3.243554305555557
| [0m48       [0m | [0m2.766    [0m | [0m0.003581 [0m | [0m23.02    [0m | [0m0.1186   [0m |
[0.07 0.08 0.13 0.16 0.16 0.18 0.18 0.19 0.2  0.2  0.25 0.26 0.26 0.28
 0.29 0.3  0.3  0.35 0.36 0.37 0.38 0.38 0.41 0.43 0.44 0.46 0.5  0.53
 0.53 0.58 0.6  0.6  0.6  0.61 0.61 0.62 0.63 0.68 0.71 0.71 0.72 0.73
 0.73 0.73 0.76 0.76 0.79 0.81 0.82 0.82 0.83 0.85 1.   1.16 1.23 1.25
 1.29 1.79 2.21 2.53]
var: 0.21739163888888885
| [0m49       [0m | [0m0.6232   [0m | [0m0.141    [0m | [0m22.99    [0m | [0m0.007811 [0m |
[ 0.14  0.29  0.51  0.6   0.75  0.77  0.83  0.89  0.96  1.4   1.42  1.52
  1.55  1.58  1.61  1.82  1.86  1.9   1.91  1.95  2.01  2.03  2.04  2.1
  2.15  2.17  2.2   2.2   2.35  2.39  2.41  2.42  2.54  2.64  2.77  2.88
  2.93  3.16  3.43  3.48  3.52  3.65  3.75  3.85  3.85  3.85  3.88  4.03
  4.11  4.14  4.14  4.24  4.27  4.29  4.49  4.82  5.08  5.24  5.36 10.31]
var: 2.7209636388888896
| [0m50       [0m | [0m2.757    [0m | [0m0.04365  [0m | [0m22.98    [0m | [0m0.2408   [0m |
[0.31 0.58 0.92 0.92 0.99 1.   1.11 1.25 1.26 1.33 1.33 1.44 1.46 1.67
 1.72 1.78 1.82 1.84 1.92 1.94 2.03 2.05 2.1  2.15 2.2  2.22 2.23 2.24
 2.25 2.32 2.35 2.37 2.42 2.43 2.48 2.51 2.58 2.65 2.67 2.69 2.71 2.72
 2.87 2.88 2.9  3.   3.09 3.09 3.12 3.13 3.16 3.24 3.29 3.72 3.75 4.16
 4.28 4.58 4.59 5.1 ]
var: 1.000988305555556
| [0m51       [0m | [0m2.382    [0m | [0m0.1235   [0m | [0m16.19    [0m | [0m0.4222   [0m |
[0.05 0.46 0.68 0.78 0.85 1.04 1.1  1.28 1.36 1.4  1.45 1.51 1.7  1.8
 1.86 1.87 1.91 1.92 1.95 2.05 2.08 2.22 2.24 2.3  2.36 2.58 2.61 2.8
 2.84 2.88 2.92 2.95 3.1  3.28 3.31 3.48 3.86 3.88 3.91 4.19 4.32 4.41
 4.43 4.46 4.48 4.51 4.52 4.62 4.75 5.03 5.1  5.13 5.23 5.61 5.9  6.
 6.13 6.52 6.52 9.15]
var: 3.3316603055555545
| [95m52       [0m | [95m3.227    [0m | [95m0.002081 [0m | [95m4.223    [0m | [95m0.4502   [0m |
[0.19 0.61 0.64 1.17 1.4  1.59 1.6  1.88 1.91 2.03 2.14 2.21 2.22 2.28
 2.29 2.3  2.3  2.35 2.36 2.38 2.39 2.57 2.57 2.63 2.72 2.73 2.75 2.77
 2.79 2.86 2.86 2.99 3.08 3.09 3.12 3.2  3.25 3.34 3.38 3.51 3.56 3.62
 3.68 3.69 3.71 3.84 3.87 3.96 3.98 4.16 4.22 4.24 4.27 4.71 4.72 4.81
 5.68 5.86 6.31 6.82]
var: 1.6789995555555555
| [0m53       [0m | [0m3.069    [0m | [0m0.07784  [0m | [0m4.343    [0m | [0m0.3527   [0m |
[0.1  0.11 0.21 0.26 0.35 0.36 0.46 0.95 0.98 0.99 1.   1.08 1.16 1.25
 1.31 1.31 1.36 1.37 1.37 1.49 1.49 1.51 1.57 1.58 1.69 1.76 1.81 1.92
 1.95 2.17 2.18 2.23 2.25 2.29 2.31 2.47 2.52 2.61 2.78 2.78 2.79 2.81
 2.93 2.97 2.99 2.99 3.02 3.02 3.04 3.2  3.42 3.49 3.64 3.65 4.23 4.25
 4.37 4.74 5.23 6.2 ]
var: 1.6898048888888897
| [0m54       [0m | [0m2.205    [0m | [0m0.126    [0m | [0m4.318    [0m | [0m0.5101   [0m |
[0.07 0.1  0.25 0.25 0.28 0.34 0.39 0.47 0.65 0.75 0.75 0.92 1.02 1.05
 1.16 1.52 1.54 1.56 1.59 1.66 1.74 1.75 1.76 1.81 1.81 1.89 1.91 2.
 2.06 2.19 2.21 2.28 2.29 2.38 2.39 2.4  2.45 2.47 2.61 2.76 2.83 2.84
 2.84 2.94 3.08 3.12 3.24 3.4  3.46 3.56 3.76 3.95 4.25 4.29 4.31 4.37
 4.45 4.97 6.17 6.55]
var: 2.088167888888888
| [0m55       [0m | [0m2.298    [0m | [0m0.0709   [0m | [0m19.42    [0m | [0m0.4883   [0m |
[0.16 0.18 0.48 0.52 0.99 1.   1.17 1.3  1.41 1.51 1.64 1.68 1.69 1.7
 1.76 1.77 1.95 2.06 2.06 2.07 2.12 2.13 2.14 2.16 2.22 2.26 2.32 2.34
 2.35 2.39 2.41 2.46 2.52 2.54 2.59 2.65 2.66 2.8  2.8  2.81 2.83 2.85
 3.09 3.2  3.29 3.31 3.32 3.38 3.41 3.48 3.49 3.6  3.64 3.88 3.98 3.98
 4.11 4.48 4.53 6.32]
var: 1.251899
| [0m56       [0m | [0m2.499    [0m | [0m0.07557  [0m | [0m4.177    [0m | [0m0.3898   [0m |
[0.13 0.21 0.28 0.28 0.29 0.63 0.76 0.92 0.94 0.97 1.19 1.2  1.24 1.27
 1.31 1.36 1.42 1.44 1.56 1.58 1.6  1.7  1.8  1.83 1.88 1.91 2.07 2.1
 2.12 2.12 2.23 2.45 2.51 2.64 2.66 2.69 2.73 2.92 2.95 3.   3.03 3.04
 3.05 3.47 3.53 3.63 3.65 3.67 3.67 3.85 3.88 4.21 4.37 4.52 4.88 4.9
 5.03 5.08 5.25 6.49]
var: 2.126318305555556
| [0m57       [0m | [0m2.468    [0m | [0m0.001818 [0m | [0m15.77    [0m | [0m0.5474   [0m |
[0.   0.   0.03 0.04 0.04 0.09 0.11 0.15 0.19 0.21 0.22 0.28 0.3  0.36
 0.39 0.4  0.42 0.44 0.44 0.46 0.48 0.48 0.51 0.53 0.54 0.56 0.57 0.59
 0.59 0.65 0.65 0.67 0.7  0.75 0.75 0.76 0.79 0.8  0.82 0.84 0.99 1.07
 1.09 1.11 1.12 1.12 1.19 1.23 1.25 1.33 1.35 1.35 1.62 1.71 1.81 1.85
 2.16 2.97 3.06 3.11]
var: 0.5038216388888891
| [0m58       [0m | [0m0.8348   [0m | [0m0.211    [0m | [0m36.84    [0m | [0m2.923    [0m |
[0.01 0.02 0.14 0.15 0.16 0.19 0.23 0.24 0.24 0.24 0.34 0.35 0.42 0.53
 0.55 0.56 0.65 0.66 0.7  0.75 0.77 0.81 0.86 0.88 0.96 1.02 1.04 1.05
 1.07 1.11 1.11 1.11 1.12 1.12 1.13 1.15 1.17 1.22 1.23 1.23 1.24 1.25
 1.27 1.27 1.3  1.34 1.34 1.39 1.4  1.56 1.56 1.66 1.68 1.74 1.84 1.87
 1.95 2.15 2.32 2.32]
var: 0.3308145555555554
| [0m59       [0m | [0m1.012    [0m | [0m0.1836   [0m | [0m37.24    [0m | [0m1.221    [0m |
[0.05 0.08 0.57 0.92 0.98 1.05 1.08 1.82 1.91 1.92 1.92 1.97 2.13 2.22
 2.25 2.32 2.36 2.41 2.5  2.52 2.55 2.6  2.68 2.78 2.79 2.82 2.83 2.87
 3.03 3.07 3.13 3.37 3.41 3.41 3.43 3.45 3.58 3.59 3.63 3.68 3.71 3.74
 3.91 4.04 4.16 4.21 4.33 4.44 4.5  4.69 4.69 4.75 4.94 4.97 5.29 5.32
 5.67 6.52 7.78 9.87]
var: 2.9205349722222227
| [95m60       [0m | [95m3.287    [0m | [95m0.01651  [0m | [95m4.453    [0m | [95m0.4135   [0m |
[0.49 0.85 1.01 1.42 1.59 1.67 1.77 1.79 2.1  2.3  2.32 2.36 2.41 2.43
 2.57 2.62 2.62 2.7  2.76 2.77 2.84 2.88 2.89 2.91 2.94 3.11 3.16 3.23
 3.24 3.28 3.31 3.34 3.61 3.75 3.76 3.81 3.88 4.11 4.15 4.16 4.33 4.39
 4.4  4.43 4.55 4.56 4.61 4.62 4.91 4.93 5.12 5.18 5.25 5.26 5.55 5.77
 5.86 5.99 7.37 7.43]
var: 2.182127666666666
| [95m61       [0m | [95m3.557    [0m | [95m0.1571   [0m | [95m8.482    [0m | [95m0.09743  [0m |
[0.15 0.32 0.6  0.8  1.2  1.48 1.55 1.6  1.83 1.85 1.87 1.89 1.94 2.06
 2.09 2.09 2.12 2.35 2.35 2.42 2.42 2.43 2.48 2.62 2.65 2.66 2.67 2.72
 2.75 2.76 2.83 2.83 2.93 2.94 2.99 3.08 3.1  3.31 3.31 3.35 3.37 3.4
 3.42 3.44 3.45 3.48 3.53 3.55 3.57 3.65 3.65 3.69 3.78 3.83 4.22 4.3
 4.37 4.96 5.2  5.37]
var: 1.1630398888888882
| [0m62       [0m | [0m2.794    [0m | [0m0.0754   [0m | [0m4.338    [0m | [0m0.3155   [0m |
[0.86 1.   1.03 1.04 1.12 1.13 1.45 1.48 1.66 1.67 1.72 1.76 1.76 1.83
 1.84 1.96 1.98 1.99 2.01 2.08 2.11 2.22 2.23 2.24 2.24 2.26 2.31 2.43
 2.5  2.52 2.59 2.68 2.87 2.98 2.98 3.   3.01 3.05 3.07 3.21 3.21 3.24
 3.24 3.25 3.34 3.39 3.44 3.58 4.   4.01 4.3  4.36 4.42 4.48 4.59 4.6
 4.72 4.95 6.02 7.6 ]
var: 1.6679683055555568
| [0m63       [0m | [0m2.81     [0m | [0m0.2575   [0m | [0m8.516    [0m | [0m0.04092  [0m |
[0.1  0.28 1.21 1.43 1.47 1.48 1.52 1.6  1.63 1.65 1.73 2.   2.02 2.08
 2.16 2.3  2.32 2.62 2.64 2.69 2.73 2.79 2.85 2.91 2.94 2.95 2.96 2.96
 3.02 3.1  3.16 3.22 3.26 3.29 3.38 3.41 3.54 3.63 3.66 3.7  3.72 3.77
 3.85 3.86 3.9  3.97 4.06 4.31 4.42 4.48 4.56 4.56 4.63 4.84 4.95 5.06
 5.23 5.5  6.4  7.26]
var: 1.8618948888888887
| [0m64       [0m | [0m3.195    [0m | [0m0.1513   [0m | [0m8.535    [0m | [0m0.2159   [0m |
[0.2  0.88 0.88 0.99 0.99 1.04 1.12 1.23 1.29 1.33 1.53 1.6  1.66 1.89
 1.99 2.   2.   2.02 2.07 2.17 2.27 2.35 2.35 2.47 2.48 2.48 2.55 2.57
 2.63 2.65 2.77 2.81 2.89 2.91 2.91 2.95 2.96 3.14 3.36 3.41 3.45 3.46
 3.58 3.6  3.6  3.61 3.69 3.88 3.9  4.1  4.23 4.25 4.3  4.71 5.19 5.22
 5.46 5.9  6.45 6.7 ]
var: 1.9813280833333329
| [0m65       [0m | [0m2.885    [0m | [0m0.002691 [0m | [0m8.558    [0m | [0m0.02052  [0m |
[ 1.12  1.23  1.45  1.89  2.03  2.09  2.21  2.22  2.29  2.3   2.36  2.43
  2.43  2.45  2.56  2.6   2.63  2.7   2.9   2.91  3.05  3.06  3.14  3.16
  3.33  3.33  3.42  3.53  3.6   3.6   3.62  3.64  3.72  3.83  4.02  4.1
  4.19  4.31  4.34  4.42  4.45  4.51  4.51  4.73  4.73  5.05  5.12  5.19
  5.22  5.62  5.66  5.67  6.    6.22  6.54  7.24  7.37  7.53  7.87 12.45]
var: 3.729561638888889
| [95m66       [0m | [95m3.998    [0m | [95m0.05013  [0m | [95m8.368    [0m | [95m0.1297   [0m |
[1.23 1.71 1.75 1.79 1.8  1.89 2.08 2.09 2.11 2.15 2.2  2.21 2.31 2.37
 2.41 2.43 2.46 2.54 2.68 2.75 2.77 2.9  2.91 2.96 3.02 3.05 3.05 3.1
 3.11 3.11 3.17 3.21 3.34 3.36 3.37 3.38 3.39 3.43 3.66 3.76 3.87 3.96
 3.97 4.26 4.26 4.27 4.28 4.32 4.33 4.61 4.62 4.71 4.75 4.9  5.03 5.35
 5.37 6.05 6.16 6.84]
var: 1.4522293333333331
| [0m67       [0m | [0m3.382    [0m | [0m0.1639   [0m | [0m8.247    [0m | [0m0.04591  [0m |
[0.31 0.87 0.9  1.28 1.35 1.42 1.6  2.01 2.03 2.26 2.27 2.41 2.42 2.43
 2.44 2.51 2.54 2.65 2.67 2.67 2.7  2.9  2.96 2.99 3.01 3.07 3.16 3.27
 3.29 3.3  3.31 3.35 3.36 3.45 3.45 3.48 3.59 3.68 3.69 3.74 3.78 3.79
 3.81 3.96 3.98 4.15 4.24 4.42 4.85 4.98 5.19 5.44 5.63 5.83 5.83 5.99
 6.01 6.05 8.05 9.01]
var: 2.640879888888889
| [0m68       [0m | [0m3.496    [0m | [0m0.1434   [0m | [0m8.318    [0m | [0m0.2283   [0m |
[0.13 0.35 0.63 0.93 0.97 1.23 1.55 1.59 1.61 1.62 1.63 1.64 1.64 1.65
 1.67 1.75 1.83 1.84 1.96 1.96 2.02 2.04 2.16 2.17 2.25 2.26 2.27 2.35
 2.35 2.4  2.41 2.45 2.51 2.56 2.58 2.63 2.68 2.74 2.84 2.91 2.96 2.97
 3.05 3.05 3.05 3.06 3.08 3.19 3.25 3.27 3.39 3.46 3.47 3.53 3.82 3.96
 4.16 4.43 4.82 7.14]
var: 1.250646972222222
| [0m69       [0m | [0m2.498    [0m | [0m0.07988  [0m | [0m8.329    [0m | [0m0.02641  [0m |
[0.   0.   0.   0.   0.   0.   0.   0.   0.   0.   0.   0.   0.   0.
 0.   0.   0.   0.   0.   0.   0.   0.   0.   0.   0.   0.01 0.02 0.02
 0.02 0.02 0.02 0.03 0.03 0.03 0.03 0.05 0.06 0.06 0.06 0.07 0.08 0.1
 0.13 0.14 0.17 0.18 0.2  0.21 0.24 0.25 0.29 0.29 0.33 0.35 0.4  0.42
 0.5  0.81 1.11 2.43]
var: 0.12871622222222212
| [0m70       [0m | [0m0.1527   [0m | [0m1e-08    [0m | [0m8.423    [0m | [0m0.223    [0m |
[0.43 0.71 1.05 1.07 1.28 1.64 1.79 1.8  1.92 2.06 2.11 2.33 2.34 2.38
 2.48 2.62 2.72 2.77 2.86 2.9  2.93 2.94 2.94 2.99 3.06 3.08 3.15 3.24
 3.39 3.42 3.48 3.52 3.52 3.53 3.53 3.54 3.56 3.66 3.69 3.83 3.84 3.89
 3.89 4.05 4.06 4.23 4.34 4.35 4.36 4.61 4.66 4.68 4.8  4.97 5.11 5.16
 6.04 6.94 7.3  7.59]
var: 2.090800305555556
| [0m71       [0m | [0m3.419    [0m | [0m0.1447   [0m | [0m8.359    [0m | [0m0.1323   [0m |
[0.19 0.77 1.01 1.02 1.08 1.13 1.62 1.62 1.65 1.7  2.17 2.24 2.37 2.43
 2.46 3.08 3.17 3.3  3.32 3.32 3.35 3.4  3.41 3.42 3.47 3.48 3.52 3.55
 3.61 3.7  3.78 3.8  3.9  4.   4.03 4.03 4.09 4.21 4.22 4.24 4.25 4.31
 4.33 4.37 4.38 4.42 4.79 4.92 4.92 5.04 5.09 5.12 5.2  5.33 5.37 5.44
 5.54 7.34 7.77 9.3 ]
var: 2.7620894166666683
| [0m72       [0m | [0m3.702    [0m | [0m0.142    [0m | [0m8.246    [0m | [0m0.1393   [0m |
[0.8  0.82 0.9  1.17 1.39 1.48 1.67 1.68 2.02 2.13 2.15 2.38 2.41 2.48
 2.49 2.58 2.59 2.6  2.69 2.82 2.93 2.93 3.08 3.18 3.32 3.34 3.36 3.36
 3.39 3.39 3.52 3.52 3.56 3.69 3.72 3.8  3.89 4.09 4.09 4.11 4.17 4.2
 4.22 4.26 4.28 4.31 4.34 4.35 4.38 4.89 4.95 5.4  5.61 5.65 5.96 6.2
 6.28 6.43 7.2  8.71]
var: 2.5090060833333334
| [0m73       [0m | [0m3.589    [0m | [0m0.1096   [0m | [0m8.597    [0m | [0m0.08306  [0m |
[0.03 0.07 0.14 0.15 0.18 0.28 0.3  0.45 0.48 0.48 0.5  0.6  0.62 0.68
 0.71 0.71 0.73 0.8  0.83 0.84 0.87 0.87 0.9  0.94 0.96 0.99 1.06 1.08
 1.09 1.14 1.17 1.23 1.24 1.26 1.3  1.32 1.33 1.35 1.4  1.44 1.52 1.75
 1.83 1.83 1.86 1.88 1.88 1.94 1.95 1.96 2.03 2.07 2.15 2.16 2.16 2.19
 2.27 2.5  2.72 4.53]
var: 0.6312005555555554
| [0m74       [0m | [0m1.262    [0m | [0m0.03362  [0m | [0m30.85    [0m | [0m1.724    [0m |
[0.29 0.67 0.72 1.33 1.36 1.47 1.52 1.61 1.63 1.72 1.77 1.77 1.93 1.99
 2.02 2.12 2.17 2.25 2.29 2.38 2.38 2.39 2.5  2.55 2.55 2.63 2.66 2.81
 2.81 2.87 2.91 3.03 3.33 3.34 3.39 3.46 3.5  3.51 3.52 3.8  3.88 3.97
 4.07 4.19 4.32 4.34 4.36 4.38 4.42 4.55 4.57 4.59 4.73 4.85 5.07 5.16
 5.31 5.36 5.68 5.85]
var: 1.8015933333333343
| [0m75       [0m | [0m3.11     [0m | [0m0.2034   [0m | [0m8.246    [0m | [0m0.1921   [0m |
[1.06 1.25 1.3  1.52 1.6  1.71 1.72 1.93 1.97 2.01 2.11 2.31 2.35 2.35
 2.45 2.47 2.56 2.58 2.59 2.61 2.65 2.79 2.82 2.98 2.98 3.05 3.06 3.07
 3.09 3.11 3.22 3.32 3.33 3.33 3.46 3.5  3.55 3.59 3.74 3.76 3.94 3.97
 4.21 4.37 4.45 4.47 4.52 4.58 4.63 4.63 4.69 4.76 4.78 4.79 4.8  4.81
 5.58 5.65 6.67 8.4 ]
var: 1.867248749999999
| [0m76       [0m | [0m3.393    [0m | [0m0.1215   [0m | [0m8.139    [0m | [0m0.06073  [0m |
[0.63 0.71 0.92 1.13 1.8  1.98 1.99 2.08 2.11 2.15 2.5  2.55 2.6  2.61
 2.65 2.65 2.69 2.71 2.72 2.78 2.82 2.87 2.9  2.91 2.98 2.99 2.99 3.06
 3.1  3.24 3.25 3.25 3.4  3.46 3.51 3.61 3.66 3.71 3.75 3.87 3.9  3.99
 4.04 4.23 4.24 4.26 4.45 4.54 4.62 4.66 4.71 4.73 4.79 4.83 4.96 4.97
 5.88 6.46 6.76 7.41]
var: 1.8295382222222218
| [0m77       [0m | [0m3.429    [0m | [0m0.1009   [0m | [0m8.194    [0m | [0m0.1914   [0m |
[0.92 1.36 1.47 1.5  1.66 1.97 2.1  2.53 2.56 2.58 2.59 2.59 2.63 2.64
 2.71 2.71 2.75 2.85 2.9  2.98 3.12 3.18 3.29 3.35 3.37 3.48 3.49 3.52
 3.54 3.55 3.59 3.61 3.67 3.69 3.7  3.73 3.92 3.96 3.97 3.98 4.05 4.08
 4.09 4.34 4.42 4.45 4.76 4.77 4.77 4.86 4.88 4.89 4.95 4.96 5.13 5.52
 5.53 6.34 6.43 8.39]
var: 1.753858222222223
| [0m78       [0m | [0m3.655    [0m | [0m0.0261   [0m | [0m8.218    [0m | [0m0.05991  [0m |
[0.24 0.31 0.49 0.72 1.1  1.35 1.77 1.82 1.86 1.86 1.87 1.88 2.08 2.09
 2.45 2.46 2.46 2.52 2.57 2.64 2.7  2.89 2.9  2.91 2.94 2.94 2.99 2.99
 3.09 3.13 3.15 3.25 3.38 3.39 3.42 3.46 3.71 3.82 3.96 3.99 4.02 4.07
 4.08 4.2  4.25 4.58 4.72 4.73 4.79 4.96 5.07 5.25 5.44 5.75 5.78 5.83
 5.87 5.95 6.01 7.19]
var: 2.394951638888887
| [0m79       [0m | [0m3.368    [0m | [0m0.291    [0m | [0m8.595    [0m | [0m0.1591   [0m |
[0.24 0.29 1.33 1.48 1.5  1.55 1.69 1.8  1.85 1.94 2.   2.01 2.43 2.43
 2.48 2.58 2.78 2.82 2.85 2.87 2.9  2.99 3.06 3.13 3.14 3.15 3.16 3.19
 3.27 3.27 3.3  3.31 3.33 3.35 3.37 3.4  3.41 3.53 3.57 3.83 3.89 4.07
 4.14 4.3  4.34 4.53 4.53 4.64 4.72 4.83 4.92 4.97 4.97 5.13 5.21 5.61
 5.65 5.8  6.   6.22]
var: 1.818800972222222
| [0m80       [0m | [0m3.384    [0m | [0m0.2751   [0m | [0m8.457    [0m | [0m0.2139   [0m |
=============================================================
None
num_trials:  40  inits,  40  iters,  60  per
rho:  1
pthin:  0.98

Best VPT: 3.9981666666666675
Best result: {'a': 0.05012525245250501, 'g': 8.368041671895515, 's': 0.12967561811130388}

KERNEL: nu=1.5, lengthscale=2.0, alpha=0.0005
