|   iter    |  target   |     a     |     g     |     s     |
-------------------------------------------------------------
[0.11 0.12 0.15 0.19 0.25 0.32 0.41 0.53 0.54 0.55 0.58 0.6  0.61 0.82
 0.83 0.87 0.92 0.92 0.96 0.97 0.99 1.01 1.05 1.08 1.08 1.1  1.16 1.2
 1.37 1.44 1.45 1.45 1.46 1.49 1.58 1.6  1.63 1.69 1.81 1.87 1.92 1.96
 2.   2.16 2.21 2.23 2.32 2.33 2.59 2.75 2.84 2.9  2.92 2.97 3.   3.07
 3.33 3.45 3.64 3.91]
var: 0.9544678888888897
| [0m1        [0m | [0m1.554    [0m | [0m0.1278   [0m | [0m9.471    [0m | [0m1.704    [0m |
[0.4  0.48 0.72 0.77 1.01 1.1  1.37 1.46 1.49 1.5  1.66 1.7  1.74 1.76
 1.77 1.8  1.9  1.91 1.95 1.95 1.96 2.   2.11 2.16 2.16 2.18 2.22 2.25
 2.25 2.3  2.32 2.37 2.42 2.42 2.44 2.48 2.48 2.51 2.57 2.61 2.64 2.87
 3.01 3.36 3.43 3.56 3.58 3.65 3.79 3.87 3.87 4.02 4.07 4.14 4.23 4.26
 4.51 5.26 5.28 6.1 ]
var: 1.4339576388888877
| [95m2        [0m | [95m2.569    [0m | [95m0.2446   [0m | [95m1.8      [0m | [95m0.1264   [0m |
[0.08 0.1  0.1  0.17 0.19 0.21 0.29 0.43 0.49 0.49 0.49 0.55 0.56 0.56
 0.57 0.71 0.72 0.76 0.77 0.83 0.86 0.88 0.88 0.88 0.89 0.93 0.93 0.97
 1.   1.01 1.05 1.12 1.14 1.16 1.17 1.27 1.27 1.28 1.33 1.35 1.38 1.56
 1.58 1.66 1.66 1.68 1.73 1.74 1.74 1.75 1.89 2.   2.05 2.22 2.34 2.37
 2.51 2.67 3.43 3.91]
var: 0.6174016388888891
| [0m3        [0m | [0m1.205    [0m | [0m0.2687   [0m | [0m19.63    [0m | [0m2.682    [0m |
[0.07 0.14 0.23 0.33 0.36 0.47 0.5  0.56 0.57 0.59 0.6  0.6  0.61 0.62
 0.66 0.68 0.71 0.73 0.74 0.75 0.81 0.81 0.82 0.89 0.97 1.02 1.02 1.09
 1.1  1.16 1.17 1.18 1.2  1.23 1.3  1.31 1.32 1.35 1.35 1.41 1.57 1.65
 1.65 1.77 1.82 1.84 1.9  2.   2.02 2.04 2.2  2.35 2.36 2.38 2.49 2.64
 2.69 2.98 3.15 3.22]
var: 0.6058043055555553
| [0m4        [0m | [0m1.296    [0m | [0m0.04456  [0m | [0m25.45    [0m | [0m2.415    [0m |
[0.25 0.3  0.57 0.69 0.8  0.97 1.24 1.26 1.44 1.46 1.47 1.53 1.54 1.57
 1.58 1.67 1.68 1.7  1.82 1.82 1.85 1.86 1.87 1.93 2.   2.01 2.02 2.03
 2.06 2.11 2.13 2.2  2.29 2.38 2.42 2.43 2.57 2.57 2.68 2.87 2.91 2.93
 2.98 3.03 3.12 3.25 3.42 3.43 3.44 3.69 3.95 4.01 4.08 4.1  4.22 4.64
 4.83 5.   5.35 6.05]
var: 1.558056972222222
| [0m5        [0m | [0m2.468    [0m | [0m0.07833  [0m | [0m30.08    [0m | [0m0.3797   [0m |
[0.03 0.07 0.08 0.13 0.17 0.23 0.41 0.44 0.45 0.52 0.52 0.55 0.56 0.57
 0.61 0.61 0.72 0.73 0.75 0.76 0.77 0.81 0.82 0.84 0.84 0.85 0.87 0.93
 0.93 0.96 0.98 1.02 1.03 1.07 1.1  1.16 1.16 1.18 1.22 1.24 1.28 1.4
 1.44 1.45 1.59 1.6  1.65 1.72 1.74 1.74 1.89 1.91 2.01 2.44 2.58 2.66
 2.77 2.83 3.06 3.37]
var: 0.5963632222222216
| [0m6        [0m | [0m1.164    [0m | [0m0.1621   [0m | [0m19.05    [0m | [0m2.164    [0m |
[0.02 0.02 0.07 0.08 0.1  0.1  0.12 0.21 0.3  0.36 0.38 0.4  0.44 0.47
 0.52 0.54 0.6  0.61 0.66 0.66 0.67 0.79 0.82 0.83 0.84 0.84 0.84 0.89
 0.9  0.94 0.94 0.97 1.05 1.05 1.07 1.1  1.1  1.12 1.16 1.24 1.28 1.34
 1.39 1.46 1.46 1.48 1.6  1.72 1.74 1.77 1.85 1.94 2.33 2.34 2.43 2.6
 3.08 3.2  3.31 3.75]
var: 0.7357460833333334
| [0m7        [0m | [0m1.132    [0m | [0m0.06636  [0m | [0m8.079    [0m | [0m2.997    [0m |
[0.03 0.05 0.15 0.17 0.2  0.22 0.24 0.25 0.3  0.39 0.45 0.46 0.54 0.57
 0.6  0.63 0.68 0.69 0.69 0.72 0.76 0.76 0.83 0.83 0.84 0.93 1.04 1.06
 1.08 1.17 1.2  1.22 1.24 1.26 1.26 1.32 1.46 1.62 1.64 1.73 1.81 1.88
 1.9  1.96 1.97 2.01 2.04 2.17 2.22 2.28 2.42 2.53 2.85 2.9  3.11 3.12
 3.16 3.16 3.29 3.99]
var: 0.9463454166666665
| [0m8        [0m | [0m1.368    [0m | [0m0.2602   [0m | [0m45.06    [0m | [0m0.6554   [0m |
[0.13 0.17 0.19 0.28 0.29 0.35 0.35 0.37 0.53 0.55 0.57 0.59 0.6  0.62
 0.64 0.65 0.69 0.7  0.75 0.84 0.95 0.95 1.04 1.05 1.1  1.1  1.14 1.16
 1.17 1.19 1.23 1.26 1.26 1.39 1.42 1.46 1.53 1.6  1.61 1.67 1.74 1.75
 1.76 1.81 1.84 1.96 1.96 2.   2.06 2.06 2.14 2.32 2.32 2.39 2.69 2.89
 3.01 3.25 3.39 5.59]
var: 0.930233638888889
| [0m9        [0m | [0m1.401    [0m | [0m0.2841   [0m | [0m7.15     [0m | [0m2.184    [0m |
[0.01 0.05 0.13 0.16 0.19 0.2  0.26 0.26 0.3  0.38 0.46 0.75 0.77 0.84
 0.87 0.88 0.89 0.96 1.   1.15 1.15 1.15 1.17 1.18 1.22 1.22 1.22 1.23
 1.32 1.39 1.44 1.44 1.45 1.45 1.53 1.56 1.65 1.72 1.73 1.73 1.75 1.77
 1.8  1.81 1.88 1.92 1.93 1.95 2.05 2.12 2.12 2.47 2.54 2.7  2.91 3.07
 3.28 3.43 3.74 3.77]
var: 0.8262803055555559
| [0m10       [0m | [0m1.458    [0m | [0m0.2405   [0m | [0m9.42     [0m | [0m1.512    [0m |
[0.02 0.07 0.08 0.11 0.12 0.13 0.2  0.33 0.33 0.33 0.34 0.36 0.53 0.55
 0.68 0.7  0.71 0.74 0.81 0.82 0.83 0.85 0.86 0.99 1.1  1.11 1.12 1.21
 1.23 1.24 1.27 1.33 1.38 1.47 1.51 1.75 1.75 1.77 1.83 1.85 1.89 1.92
 1.92 1.96 1.98 1.98 2.03 2.13 2.22 2.28 2.28 2.34 2.38 2.43 2.44 2.62
 3.41 3.43 3.92 4.15]
var: 0.9366760000000003
| [0m11       [0m | [0m1.402    [0m | [0m0.01353  [0m | [0m45.08    [0m | [0m1.052    [0m |
[0.01 0.01 0.02 0.02 0.12 0.31 0.38 0.4  0.41 0.42 0.5  0.5  0.53 0.55
 0.56 0.61 0.62 0.64 0.66 0.68 0.71 0.73 0.74 0.77 0.77 0.82 0.91 0.93
 0.93 0.96 0.99 0.99 1.02 1.02 1.05 1.09 1.14 1.14 1.15 1.24 1.24 1.27
 1.3  1.36 1.36 1.45 1.45 1.48 1.52 1.55 1.77 1.78 1.78 1.81 2.32 2.33
 2.39 2.42 2.74 3.15]
var: 0.464864888888889
| [0m12       [0m | [0m1.059    [0m | [0m0.2358   [0m | [0m23.51    [0m | [0m2.206    [0m |
[0.05 0.06 0.15 0.18 0.18 0.25 0.45 0.52 0.56 0.64 0.66 0.69 0.7  0.77
 0.82 0.86 0.89 0.99 0.99 0.99 1.02 1.05 1.14 1.14 1.28 1.37 1.38 1.44
 1.46 1.49 1.52 1.54 1.61 1.63 1.64 1.66 1.8  1.81 1.87 1.95 2.   2.04
 2.1  2.12 2.21 2.53 2.69 2.76 2.79 2.99 3.34 3.41 3.48 3.49 3.74 3.83
 3.87 4.34 4.67 4.83]
var: 1.4519880833333325
| [0m13       [0m | [0m1.741    [0m | [0m0.0536   [0m | [0m11.1     [0m | [0m1.605    [0m |
[0.01 0.01 0.03 0.03 0.13 0.26 0.28 0.34 0.41 0.43 0.52 0.53 0.53 0.55
 0.56 0.57 0.57 0.58 0.58 0.64 0.64 0.64 0.69 0.72 0.78 0.81 0.82 0.83
 0.85 0.89 0.91 0.92 0.93 0.94 0.95 0.95 1.   1.02 1.05 1.14 1.17 1.33
 1.34 1.34 1.37 1.52 1.61 1.63 1.63 1.69 1.8  1.87 1.94 2.01 2.01 2.05
 2.13 2.23 3.16 3.29]
var: 0.4970306666666668
| [0m14       [0m | [0m1.036    [0m | [0m0.2156   [0m | [0m37.35    [0m | [0m1.614    [0m |
[0.08 0.12 0.13 0.25 0.3  0.39 0.47 0.47 0.51 0.57 0.64 0.65 0.69 0.72
 0.8  0.82 0.86 0.96 0.97 1.01 1.02 1.03 1.04 1.08 1.16 1.23 1.28 1.37
 1.38 1.38 1.39 1.41 1.44 1.5  1.52 1.61 1.8  1.84 1.85 1.93 2.19 2.2
 2.22 2.32 2.35 2.39 2.43 2.45 2.46 2.58 2.66 2.78 2.8  2.92 2.96 3.3
 3.96 4.14 4.51 6.67]
var: 1.4552873333333343
| [0m15       [0m | [0m1.666    [0m | [0m0.13     [0m | [0m23.14    [0m | [0m0.808    [0m |
[0.06 0.09 0.12 0.13 0.18 0.21 0.22 0.24 0.27 0.3  0.32 0.43 0.45 0.45
 0.47 0.48 0.48 0.48 0.48 0.5  0.62 0.62 0.62 0.63 0.67 0.69 0.69 0.7
 0.76 0.79 0.82 0.83 0.87 0.92 0.96 0.98 0.98 1.06 1.06 1.1  1.18 1.19
 1.2  1.26 1.36 1.46 1.49 1.51 1.57 1.57 1.73 1.78 1.78 1.93 1.98 2.1
 2.12 2.28 2.65 3.34]
var: 0.47350163888888874
| [0m16       [0m | [0m0.9702   [0m | [0m0.1545   [0m | [0m33.66    [0m | [0m1.92     [0m |
[0.04 0.2  0.33 0.38 0.62 0.63 0.67 0.82 0.86 0.95 0.96 1.   1.05 1.11
 1.27 1.33 1.42 1.44 1.46 1.66 1.68 1.77 1.8  1.8  1.92 2.06 2.1  2.18
 2.31 2.33 2.39 2.43 2.52 2.53 2.64 2.64 2.7  2.73 2.85 2.88 2.91 2.95
 3.08 3.11 3.12 3.19 3.22 3.25 3.37 3.4  3.5  3.58 3.61 3.67 3.76 3.85
 3.99 4.48 7.12 8.2 ]
var: 2.1589898888888883
| [0m17       [0m | [0m2.364    [0m | [0m0.1348   [0m | [0m29.14    [0m | [0m0.2329   [0m |
[0.05 0.16 0.18 0.19 0.25 0.61 0.66 0.73 0.78 0.83 0.84 0.86 0.86 0.93
 0.97 1.1  1.14 1.19 1.28 1.33 1.35 1.39 1.49 1.57 1.63 1.68 1.75 1.79
 1.81 1.93 2.13 2.21 2.32 2.46 2.5  2.53 2.54 2.68 2.7  2.9  3.01 3.11
 3.18 3.18 3.19 3.21 3.24 3.28 3.3  3.31 3.32 3.34 3.56 3.88 4.04 4.15
 4.3  4.31 4.36 4.94]
var: 1.5894783055555555
| [0m18       [0m | [0m2.142    [0m | [0m0.1021   [0m | [0m23.46    [0m | [0m0.6995   [0m |
[0.09 0.18 0.22 0.33 0.46 0.56 0.67 0.71 0.72 0.73 0.88 1.07 1.09 1.11
 1.16 1.17 1.19 1.25 1.29 1.32 1.41 1.48 1.49 1.51 1.61 1.62 1.7  1.7
 1.71 1.87 1.88 1.89 1.98 2.   2.06 2.08 2.13 2.17 2.18 2.29 2.37 2.43
 2.47 2.6  2.75 2.75 2.87 2.9  2.92 2.97 2.99 3.03 3.1  3.11 3.12 3.25
 3.25 3.29 3.36 4.66]
var: 0.9552243055555549
| [0m19       [0m | [0m1.886    [0m | [0m0.2134   [0m | [0m34.93    [0m | [0m0.2585   [0m |
[0.01 0.02 0.06 0.06 0.08 0.09 0.12 0.12 0.15 0.17 0.22 0.24 0.25 0.31
 0.31 0.33 0.38 0.4  0.42 0.48 0.49 0.5  0.51 0.54 0.56 0.57 0.6  0.6
 0.6  0.6  0.64 0.7  0.83 0.95 0.99 0.99 1.   1.06 1.09 1.11 1.17 1.17
 1.2  1.3  1.32 1.32 1.33 1.43 1.46 1.49 1.81 2.01 2.1  2.11 2.31 2.42
 2.46 2.55 2.79 2.91]
var: 0.5863516388888893
| [0m20       [0m | [0m0.9302   [0m | [0m0.09052  [0m | [0m49.77    [0m | [0m1.891    [0m |
[0.01 0.09 0.1  0.23 0.34 0.39 0.42 0.48 0.48 0.53 0.54 0.59 0.59 0.6
 0.67 0.69 0.73 0.74 0.75 0.86 0.89 0.93 0.96 0.98 0.99 1.08 1.09 1.1
 1.12 1.17 1.17 1.24 1.3  1.35 1.36 1.41 1.42 1.45 1.52 1.52 1.66 1.66
 1.73 1.85 1.89 1.9  1.9  2.01 2.01 2.14 2.35 2.37 2.41 2.43 2.46 2.86
 3.42 4.03 4.23 4.48]
var: 0.9550080833333331
| [0m21       [0m | [0m1.395    [0m | [0m0.1707   [0m | [0m44.66    [0m | [0m1.415    [0m |
[0.18 0.62 0.94 1.06 1.14 1.29 1.37 1.61 1.73 1.75 1.79 2.   2.05 2.09
 2.13 2.14 2.16 2.2  2.29 2.31 2.36 2.36 2.43 2.5  2.52 2.56 2.58 2.59
 2.69 2.83 2.97 2.97 3.01 3.02 3.04 3.07 3.08 3.09 3.09 3.13 3.22 3.37
 3.48 3.52 3.6  3.66 3.7  3.73 3.78 3.89 4.01 4.26 4.34 4.48 4.81 4.84
 5.54 6.4  6.81 9.56]
var: 2.314094555555557
| [95m22       [0m | [95m2.996    [0m | [95m0.2711   [0m | [95m19.3     [0m | [95m0.06829  [0m |
[0.09 0.15 0.15 0.16 0.2  0.24 0.27 0.31 0.4  0.42 0.49 0.5  0.67 0.74
 0.78 0.84 0.84 0.87 0.93 0.95 1.   1.14 1.17 1.19 1.2  1.21 1.22 1.26
 1.28 1.31 1.38 1.42 1.42 1.43 1.46 1.5  1.55 1.56 1.66 1.66 1.81 1.84
 1.89 1.9  1.92 1.93 1.93 1.98 2.01 2.02 2.07 2.07 2.2  2.24 2.31 2.74
 3.24 3.39 3.45 3.55]
var: 0.7066183055555559
| [0m23       [0m | [0m1.392    [0m | [0m0.0143   [0m | [0m3.403    [0m | [0m2.035    [0m |
[0.   0.   0.01 0.22 0.26 0.29 0.35 0.35 0.39 0.44 0.52 0.74 0.75 0.76
 0.82 0.84 0.84 0.89 0.89 0.89 0.96 1.04 1.07 1.16 1.25 1.26 1.26 1.29
 1.3  1.41 1.43 1.44 1.5  1.5  1.56 1.61 1.66 1.69 1.7  1.74 1.9  1.91
 2.   2.03 2.05 2.07 2.14 2.15 2.29 2.32 2.33 2.53 2.61 2.76 2.95 2.97
 3.05 3.06 3.1  4.35]
var: 0.8442020833333339
| [0m24       [0m | [0m1.478    [0m | [0m0.07114  [0m | [0m9.197    [0m | [0m2.644    [0m |
[0.   0.01 0.02 0.06 0.08 0.11 0.12 0.18 0.22 0.25 0.35 0.36 0.42 0.42
 0.44 0.46 0.52 0.52 0.53 0.54 0.56 0.57 0.58 0.58 0.59 0.61 0.64 0.66
 0.66 0.75 0.8  0.81 0.83 0.89 0.9  0.91 0.97 1.   1.02 1.05 1.12 1.16
 1.23 1.23 1.29 1.37 1.4  1.41 1.43 1.48 1.57 1.59 1.6  1.65 1.8  1.84
 1.98 2.16 2.25 2.53]
var: 0.36700155555555625
| [0m25       [0m | [0m0.8847   [0m | [0m0.06845  [0m | [0m35.91    [0m | [0m2.687    [0m |
[0.   0.   0.02 0.02 0.03 0.04 0.05 0.1  0.1  0.13 0.15 0.15 0.24 0.29
 0.29 0.3  0.34 0.35 0.37 0.44 0.53 0.53 0.58 0.64 0.66 0.67 0.7  0.73
 0.82 0.86 0.88 0.91 0.92 0.95 0.98 0.99 0.99 1.04 1.04 1.11 1.12 1.12
 1.15 1.16 1.16 1.17 1.22 1.27 1.46 1.57 1.7  1.71 1.78 1.89 1.93 1.94
 1.98 2.02 3.14 3.24]
var: 0.5208180833333335
| [0m26       [0m | [0m0.8945   [0m | [0m0.1683   [0m | [0m46.56    [0m | [0m1.693    [0m |
[0.07 0.11 0.11 0.11 0.14 0.16 0.17 0.19 0.28 0.31 0.34 0.42 0.46 0.54
 0.55 0.55 0.59 0.59 0.65 0.65 0.72 0.72 0.74 0.78 0.84 0.87 0.88 0.91
 0.93 0.99 1.01 1.01 1.07 1.08 1.19 1.28 1.33 1.35 1.39 1.4  1.49 1.54
 1.57 1.64 1.65 1.73 1.75 1.82 2.02 2.05 2.07 2.08 2.14 2.31 2.49 2.5
 2.59 2.67 2.81 3.09]
var: 0.6192716388888894
| [0m27       [0m | [0m1.158    [0m | [0m0.2729   [0m | [0m15.4     [0m | [0m2.245    [0m |
[0.04 0.06 0.09 0.13 0.14 0.19 0.29 0.33 0.33 0.34 0.37 0.43 0.51 0.67
 0.74 0.76 0.78 0.82 0.87 0.89 0.89 0.89 0.94 0.96 1.   1.03 1.07 1.1
 1.12 1.15 1.2  1.24 1.25 1.27 1.32 1.4  1.42 1.45 1.51 1.57 1.66 1.66
 1.67 1.7  1.71 1.72 1.72 1.73 1.74 1.81 1.93 1.96 2.04 2.04 2.31 2.4
 2.4  2.42 2.89 3.56]
var: 0.5531636388888893
| [0m28       [0m | [0m1.227    [0m | [0m0.08708  [0m | [0m12.35    [0m | [0m2.95     [0m |
[0.05 0.17 0.2  0.23 0.24 0.27 0.29 0.31 0.45 0.49 0.53 0.62 0.67 0.78
 0.8  0.83 0.85 0.86 0.89 0.9  0.96 0.99 0.99 1.   1.   1.03 1.08 1.12
 1.21 1.22 1.26 1.29 1.31 1.36 1.41 1.47 1.69 1.77 1.88 1.9  1.96 2.02
 2.08 2.27 2.27 2.32 2.34 2.35 2.37 2.4  2.48 2.55 2.9  3.02 3.12 3.13
 3.16 3.16 3.58 3.68]
var: 0.9195269722222219
| [0m29       [0m | [0m1.492    [0m | [0m0.03472  [0m | [0m26.38    [0m | [0m1.912    [0m |
[0.02 0.09 0.09 0.16 0.17 0.17 0.17 0.19 0.33 0.35 0.38 0.41 0.41 0.43
 0.48 0.53 0.55 0.57 0.6  0.7  0.73 0.78 0.79 0.8  0.8  0.81 0.82 0.89
 0.9  0.91 0.91 0.94 0.96 1.06 1.07 1.07 1.08 1.13 1.19 1.2  1.21 1.29
 1.29 1.32 1.39 1.4  1.5  1.65 1.73 1.8  1.89 1.9  1.95 2.02 2.32 2.35
 2.51 2.85 2.86 3.32]
var: 0.562581638888888
| [0m30       [0m | [0m1.07     [0m | [0m0.2958   [0m | [0m25.97    [0m | [0m2.336    [0m |
[0.43 0.53 0.54 0.66 0.72 0.77 0.79 1.38 1.39 1.51 1.53 1.57 1.61 1.69
 1.72 1.77 2.06 2.15 2.16 2.17 2.24 2.25 2.55 2.65 2.69 2.7  2.73 2.73
 2.73 2.78 2.82 2.83 2.88 2.88 2.9  2.9  2.93 2.96 3.09 3.13 3.14 3.32
 3.4  3.46 3.61 3.64 3.66 3.8  3.83 4.   4.08 4.18 4.24 4.28 4.41 4.45
 4.54 4.66 5.26 5.78]
var: 1.508167888888889
| [0m31       [0m | [0m2.738    [0m | [0m0.1819   [0m | [0m14.14    [0m | [0m0.2006   [0m |
[0.03 0.06 0.21 0.24 0.3  0.3  0.55 0.58 0.59 0.75 0.75 0.77 0.79 0.8
 0.82 0.9  0.9  0.93 0.95 0.96 0.97 0.97 0.98 1.02 1.03 1.05 1.07 1.16
 1.16 1.19 1.26 1.31 1.34 1.39 1.39 1.42 1.42 1.48 1.6  1.65 1.67 1.69
 1.82 1.91 1.93 1.93 1.96 1.96 2.02 2.03 2.05 2.11 2.13 2.21 2.34 2.39
 2.59 2.82 3.18 3.22]
var: 0.5333066666666663
| [0m32       [0m | [0m1.35     [0m | [0m0.1196   [0m | [0m7.499    [0m | [0m2.129    [0m |
[0.09 0.1  0.11 0.28 0.32 0.33 0.36 0.41 0.41 0.45 0.47 0.49 0.49 0.5
 0.57 0.57 0.62 0.72 0.78 0.81 0.81 0.81 0.89 0.91 1.   1.01 1.06 1.08
 1.1  1.23 1.28 1.28 1.35 1.35 1.36 1.43 1.5  1.54 1.54 1.65 1.66 1.75
 1.75 1.82 1.85 1.9  1.94 1.96 1.98 2.01 2.25 2.3  2.39 2.5  2.56 2.57
 3.2  3.29 5.19 5.99]
var: 1.2003715555555554
| [0m33       [0m | [0m1.399    [0m | [0m0.07825  [0m | [0m26.71    [0m | [0m1.704    [0m |
[0.05 0.08 0.13 0.28 0.35 0.38 0.4  0.41 0.44 0.49 0.57 0.7  0.92 0.94
 1.19 1.35 1.35 1.38 1.42 1.44 1.5  1.55 1.68 1.68 1.69 1.79 1.81 1.83
 1.85 1.86 1.89 2.   2.01 2.11 2.17 2.29 2.34 2.39 2.51 2.51 2.54 2.62
 2.64 2.78 2.88 2.97 2.98 3.02 3.18 3.38 3.42 3.43 3.55 3.77 3.85 4.79
 4.81 5.1  5.25 6.44]
var: 1.9321369722222221
| [0m34       [0m | [0m2.119    [0m | [0m0.136    [0m | [0m30.71    [0m | [0m0.4711   [0m |
[0.02 0.08 0.1  0.24 0.27 0.37 0.39 0.43 0.48 0.51 0.53 0.54 0.55 0.61
 0.62 0.64 0.68 0.76 0.82 0.84 0.99 1.02 1.05 1.06 1.09 1.11 1.14 1.31
 1.33 1.35 1.44 1.45 1.56 1.56 1.59 1.6  1.63 1.76 1.81 1.82 1.93 1.96
 2.   2.02 2.13 2.16 2.17 2.34 2.39 2.44 2.5  2.69 2.69 2.7  2.75 2.84
 2.86 2.88 3.85 4.34]
var: 0.9066116388888894
| [0m35       [0m | [0m1.48     [0m | [0m0.2838   [0m | [0m19.4     [0m | [0m1.039    [0m |
[0.06 0.07 0.07 0.1  0.17 0.22 0.26 0.27 0.27 0.35 0.47 0.53 0.53 0.63
 0.69 0.7  0.71 0.73 0.73 0.73 0.74 0.77 0.77 0.81 0.85 0.91 0.99 1.08
 1.1  1.1  1.1  1.14 1.19 1.23 1.26 1.37 1.38 1.42 1.46 1.46 1.47 1.58
 1.66 1.85 1.9  1.93 2.01 2.05 2.18 2.23 2.24 2.29 2.51 2.6  2.83 2.85
 3.55 3.58 3.69 3.79]
var: 0.9116483055555545
| [0m36       [0m | [0m1.32     [0m | [0m0.2583   [0m | [0m4.531    [0m | [0m1.819    [0m |
[0.12 0.13 0.15 0.17 0.24 0.27 0.42 0.45 0.49 0.49 0.5  0.68 0.7  0.73
 0.73 0.76 0.78 0.79 0.8  0.82 0.84 0.88 0.89 0.91 0.93 0.93 0.95 1.06
 1.16 1.19 1.2  1.2  1.21 1.25 1.27 1.29 1.31 1.35 1.42 1.45 1.47 1.49
 1.53 1.54 1.59 1.61 1.7  1.72 1.84 1.85 1.88 1.92 2.02 2.23 2.24 2.46
 2.49 2.67 2.85 3.74]
var: 0.5320576388888891
| [0m37       [0m | [0m1.229    [0m | [0m0.1653   [0m | [0m3.924    [0m | [0m2.045    [0m |
[0.02 0.15 0.2  0.21 0.26 0.28 0.28 0.33 0.37 0.46 0.48 0.48 0.49 0.61
 0.61 0.72 0.72 0.72 0.72 0.79 0.82 0.84 0.91 0.98 0.98 0.98 1.   1.01
 1.05 1.08 1.12 1.14 1.17 1.21 1.21 1.31 1.34 1.35 1.38 1.41 1.46 1.59
 1.71 1.72 1.73 1.76 1.9  2.02 2.03 2.1  2.38 2.45 2.49 2.51 2.88 3.02
 3.52 3.67 3.85 4.  ]
var: 0.9148343333333341
| [0m38       [0m | [0m1.333    [0m | [0m0.04367  [0m | [0m36.05    [0m | [0m1.88     [0m |
[0.11 0.25 0.33 0.45 0.52 0.64 0.65 0.66 0.69 0.7  0.8  0.89 0.91 0.95
 1.13 1.33 1.37 1.42 1.43 1.45 1.46 1.56 1.63 1.65 1.67 1.73 1.86 1.93
 1.99 1.99 2.   2.05 2.08 2.09 2.15 2.15 2.2  2.21 2.27 2.28 2.3  2.37
 2.53 2.65 2.69 2.73 2.87 2.88 2.99 3.61 3.66 3.87 4.59 4.74 4.77 4.92
 5.74 5.97 6.08 8.16]
var: 2.593072083333334
| [0m39       [0m | [0m2.263    [0m | [0m0.01288  [0m | [0m21.06    [0m | [0m0.6813   [0m |
[0.01 0.06 0.06 0.17 0.22 0.23 0.26 0.26 0.36 0.37 0.46 0.73 0.9  0.96
 0.98 0.99 1.09 1.14 1.15 1.2  1.22 1.24 1.31 1.31 1.35 1.46 1.47 1.5
 1.5  1.58 1.63 1.65 1.7  1.79 1.97 1.97 1.99 2.   2.02 2.02 2.05 2.11
 2.2  2.21 2.28 2.35 2.35 2.42 2.43 2.46 2.52 2.56 2.73 2.98 3.19 3.73
 3.74 4.13 4.28 4.37]
var: 1.1348047500000003
| [0m40       [0m | [0m1.69     [0m | [0m0.2363   [0m | [0m8.718    [0m | [0m1.285    [0m |
[0.   0.01 0.02 0.08 0.26 0.29 0.48 0.5  0.51 0.54 0.55 0.67 0.67 0.73
 0.85 0.87 1.02 1.05 1.08 1.1  1.15 1.25 1.25 1.3  1.31 1.32 1.41 1.43
 1.44 1.46 1.55 1.58 1.63 1.64 1.67 1.73 1.74 1.81 1.89 1.89 1.93 1.94
 1.96 2.03 2.03 2.06 2.11 2.14 2.18 2.19 2.23 2.27 2.36 2.54 3.05 3.21
 3.3  3.57 3.74 3.87]
var: 0.8426895555555558
| [0m41       [0m | [0m1.541    [0m | [0m0.2193   [0m | [0m14.04    [0m | [0m1.837    [0m |
[0.03 0.04 0.05 0.05 0.08 0.08 0.1  0.1  0.1  0.1  0.11 0.11 0.11 0.12
 0.12 0.13 0.13 0.13 0.13 0.13 0.13 0.13 0.14 0.14 0.15 0.15 0.16 0.16
 0.16 0.17 0.17 0.17 0.19 0.19 0.19 0.2  0.2  0.22 0.22 0.24 0.24 0.25
 0.25 0.25 0.26 0.26 0.26 0.26 0.27 0.28 0.31 0.37 0.37 0.38 0.38 0.51
 0.52 0.55 0.59 0.6 ]
var: 0.017648305555555587
| [0m42       [0m | [0m0.2098   [0m | [0m0.2043   [0m | [0m20.03    [0m | [0m0.005876 [0m |
[0.01 0.05 0.19 0.23 0.35 0.4  0.46 0.5  0.52 0.53 0.56 0.57 0.63 0.63
 0.67 0.71 0.8  0.82 0.83 0.85 0.87 0.88 0.88 0.89 0.95 1.06 1.14 1.2
 1.21 1.21 1.22 1.24 1.28 1.31 1.33 1.33 1.36 1.49 1.56 1.61 1.61 1.62
 1.66 1.68 1.72 1.78 1.83 1.94 1.96 2.23 2.26 2.31 2.32 2.39 2.5  2.56
 2.61 2.62 2.81 3.78]
var: 0.6099348888888885
| [0m43       [0m | [0m1.309    [0m | [0m0.1054   [0m | [0m26.58    [0m | [0m1.569    [0m |
[1.35 1.52 1.59 1.6  1.64 1.66 1.77 1.83 1.83 1.84 1.85 1.92 1.93 2.01
 2.02 2.09 2.1  2.12 2.33 2.36 2.42 2.57 2.62 2.62 2.67 2.69 2.79 2.88
 2.88 2.88 2.96 2.99 3.06 3.24 3.35 3.45 3.45 3.58 3.58 3.6  3.66 3.68
 3.87 3.9  3.93 3.98 4.1  4.35 4.35 4.35 4.42 4.52 4.55 4.75 5.49 5.61
 5.62 5.68 5.7  6.56]
var: 1.5923960833333333
| [95m44       [0m | [95m3.179    [0m | [95m0.1336   [0m | [95m19.13    [0m | [95m0.08534  [0m |
[0.04 0.05 0.08 0.14 0.17 0.18 0.19 0.2  0.22 0.34 0.36 0.44 0.45 0.61
 0.62 0.72 0.73 0.74 0.81 0.92 0.99 0.99 1.05 1.05 1.05 1.06 1.13 1.17
 1.21 1.23 1.27 1.33 1.38 1.4  1.52 1.53 1.55 1.58 1.63 1.64 1.66 1.69
 1.7  1.71 1.72 1.8  1.94 2.01 2.02 2.04 2.09 2.33 2.33 2.34 2.42 2.76
 2.88 3.52 4.15 4.23]
var: 0.8811749722222225
| [0m45       [0m | [0m1.352    [0m | [0m0.2147   [0m | [0m31.49    [0m | [0m1.169    [0m |
[0.   0.   0.   0.   0.   0.   0.   0.   0.   0.   0.   0.   0.01 0.01
 0.01 0.01 0.01 0.01 0.01 0.02 0.02 0.02 0.02 0.02 0.02 0.02 0.02 0.02
 0.02 0.03 0.03 0.03 0.03 0.03 0.03 0.03 0.03 0.03 0.04 0.04 0.04 0.04
 0.04 0.04 0.04 0.04 0.04 0.05 0.05 0.05 0.06 0.06 0.08 0.08 0.08 0.11
 0.12 0.14 0.15 0.26]
var: 0.0019560833333333006
| [0m46       [0m | [0m0.0365   [0m | [0m0.3      [0m | [0m18.93    [0m | [0m0.001    [0m |
[0.01 0.07 0.09 0.09 0.11 0.11 0.14 0.16 0.19 0.4  0.41 0.45 0.48 0.56
 0.59 0.62 0.72 0.72 0.73 0.77 0.78 0.78 0.82 0.83 0.83 0.86 0.89 0.92
 0.96 1.   1.03 1.03 1.04 1.08 1.14 1.15 1.16 1.19 1.28 1.29 1.34 1.47
 1.5  1.51 1.55 1.57 1.57 1.62 1.71 1.73 1.75 1.87 1.9  1.94 2.04 2.09
 2.15 2.46 3.03 3.4 ]
var: 0.5176582222222218
| [0m47       [0m | [0m1.095    [0m | [0m0.2106   [0m | [0m21.69    [0m | [0m2.441    [0m |
[0.16 0.28 0.46 0.65 0.84 1.06 1.42 1.58 1.59 1.69 1.69 1.79 1.81 1.83
 1.91 1.96 2.13 2.19 2.22 2.25 2.36 2.36 2.4  2.44 2.55 2.71 2.84 2.86
 2.97 2.99 3.07 3.07 3.11 3.14 3.2  3.21 3.23 3.26 3.34 3.37 3.47 3.56
 3.59 3.63 3.77 3.82 3.84 3.95 3.99 4.   4.06 4.15 4.27 4.78 4.78 5.11
 5.35 5.39 5.61 5.72]
var: 1.7201303055555555
| [0m48       [0m | [0m2.914    [0m | [0m0.2266   [0m | [0m19.25    [0m | [0m0.1223   [0m |
[0.12 0.34 0.41 0.59 0.84 0.96 1.11 1.37 1.53 1.62 1.67 1.71 1.75 1.91
 1.98 2.   2.   2.01 2.02 2.09 2.27 2.38 2.51 2.65 2.7  2.75 2.9  2.93
 3.03 3.03 3.04 3.22 3.22 3.29 3.34 3.34 3.46 3.5  3.54 3.65 3.68 3.8
 3.84 3.88 3.96 3.98 4.04 4.06 4.11 4.14 4.19 4.31 4.62 4.65 4.89 5.06
 5.52 5.54 6.6  7.36]
var: 2.2048249722222213
| [0m49       [0m | [0m3.017    [0m | [0m0.05715  [0m | [0m19.29    [0m | [0m0.1836   [0m |
[0.35 0.61 1.04 1.32 1.35 1.39 1.57 1.76 1.93 1.98 1.98 1.99 2.   2.09
 2.19 2.27 2.27 2.29 2.31 2.34 2.4  2.44 2.48 2.51 2.8  2.8  2.87 2.89
 2.94 2.99 3.04 3.07 3.1  3.11 3.12 3.16 3.21 3.23 3.27 3.28 3.58 3.58
 3.6  3.6  3.61 3.62 3.72 3.73 3.83 3.87 4.17 4.25 4.39 4.48 4.86 5.6
 5.6  5.73 5.8  6.18]
var: 1.5527778888888892
| [0m50       [0m | [0m3.026    [0m | [0m0.1609   [0m | [0m19.16    [0m | [0m0.0948   [0m |
[0.15 0.35 0.77 0.79 0.81 0.88 0.89 0.95 1.02 1.11 1.19 1.22 1.29 1.36
 1.48 1.54 1.64 1.84 2.   2.02 2.04 2.05 2.05 2.29 2.37 2.37 2.43 2.48
 2.48 2.54 2.6  2.63 2.68 2.68 2.7  2.85 2.99 3.03 3.09 3.18 3.24 3.29
 3.66 3.77 3.83 3.86 3.97 3.99 4.02 4.2  4.25 4.46 4.47 4.48 4.57 4.58
 4.92 5.02 5.43 5.66]
var: 1.8711583333333337
| [0m51       [0m | [0m2.675    [0m | [0m0.1527   [0m | [0m19.32    [0m | [0m0.0728   [0m |
[0.22 0.27 0.6  0.84 0.9  1.13 1.17 1.37 1.53 1.56 1.57 1.7  1.84 1.84
 1.87 1.88 1.92 1.98 2.02 2.06 2.15 2.17 2.28 2.29 2.31 2.34 2.34 2.42
 2.45 2.53 2.54 2.54 2.56 2.6  2.7  2.76 2.77 2.86 3.01 3.18 3.18 3.3
 3.32 3.37 3.39 3.47 3.49 3.51 3.55 3.55 3.95 3.98 4.75 4.85 5.04 5.06
 5.23 5.49 5.79 5.99]
var: 1.7381903055555552
| [0m52       [0m | [0m2.722    [0m | [0m0.1456   [0m | [0m19.1     [0m | [0m0.3147   [0m |
[0.09 0.27 0.35 0.48 0.68 0.75 0.78 1.1  1.15 1.35 1.62 1.75 1.83 2.09
 2.28 2.32 2.34 2.4  2.42 2.5  2.51 2.52 2.68 2.72 2.74 2.78 2.86 2.9
 2.93 2.94 3.02 3.19 3.48 3.49 3.52 3.57 3.6  3.64 3.64 3.65 3.87 3.87
 3.89 3.9  3.96 4.03 4.2  4.2  4.2  4.31 4.57 4.74 4.95 5.18 5.24 5.36
 5.64 5.83 6.27 7.51]
var: 2.4500309722222218
| [0m53       [0m | [0m3.111    [0m | [0m0.05529  [0m | [0m19.08    [0m | [0m0.1758   [0m |
[0.21 0.4  0.48 0.54 0.7  0.82 0.97 1.09 1.1  1.26 1.28 1.41 1.73 1.74
 1.79 1.83 1.83 1.85 1.94 2.15 2.15 2.31 2.37 2.39 2.46 2.55 2.6  2.62
 2.66 2.72 2.72 2.78 2.78 2.86 2.92 2.95 3.06 3.21 3.24 3.36 3.44 3.5
 3.62 3.69 3.71 3.78 3.87 3.94 3.97 4.01 4.09 4.1  4.27 4.28 4.33 4.78
 4.87 5.72 8.41 8.6 ]
var: 2.6261983055555556
| [0m54       [0m | [0m2.847    [0m | [0m0.01315  [0m | [0m19.32    [0m | [0m0.3288   [0m |
[1.13 1.91 1.99 2.01 2.25 2.28 2.3  2.38 2.42 2.43 2.44 2.47 2.53 2.77
 2.97 3.14 3.17 3.21 3.33 3.34 3.36 3.54 3.59 3.61 3.66 3.69 3.7  3.7
 3.73 3.79 3.92 3.96 3.99 4.   4.03 4.05 4.1  4.11 4.2  4.4  4.73 4.77
 4.78 4.97 4.98 5.06 5.17 5.31 5.32 5.39 5.5  5.64 6.05 6.58 6.8  7.27
 7.5  7.65 8.76 8.89]
var: 2.7992782222222217
| [95m55       [0m | [95m4.145    [0m | [95m0.02351  [0m | [95m19.17    [0m | [95m0.04733  [0m |
[0.   0.02 0.05 0.14 0.19 0.38 0.39 0.44 0.45 0.51 0.51 0.53 0.72 0.73
 0.84 0.89 0.9  0.92 0.92 0.93 0.95 0.95 0.99 1.   1.02 1.02 1.04 1.06
 1.13 1.15 1.17 1.19 1.26 1.37 1.4  1.58 1.61 1.66 1.66 1.73 1.75 1.79
 1.81 1.88 1.92 1.93 1.98 2.05 2.11 2.13 2.16 2.18 2.2  2.22 2.25 2.48
 2.87 3.05 3.11 3.33]
var: 0.6328155555555555
| [0m56       [0m | [0m1.343    [0m | [0m0.03644  [0m | [0m26.83    [0m | [0m1.692    [0m |
[0.49 0.58 0.76 0.83 1.05 1.31 1.34 1.41 1.65 1.69 1.72 1.76 1.8  1.83
 1.83 2.05 2.06 2.08 2.09 2.19 2.22 2.27 2.27 2.28 2.34 2.35 2.41 2.43
 2.51 2.57 2.74 2.8  2.81 2.81 2.83 2.95 2.97 2.97 2.98 3.04 3.04 3.06
 3.07 3.08 3.16 3.45 3.51 3.7  3.71 3.72 3.8  3.84 3.84 4.16 4.45 4.88
 5.21 6.53 6.91 7.2 ]
var: 1.8645316388888906
| [0m57       [0m | [0m2.79     [0m | [0m0.05022  [0m | [0m19.08    [0m | [0m0.01472  [0m |
[0.07 0.1  0.1  0.12 0.2  0.28 0.3  0.34 0.34 0.35 0.38 0.39 0.46 0.47
 0.47 0.48 0.5  0.51 0.55 0.57 0.58 0.61 0.62 0.62 0.62 0.77 0.83 0.85
 0.88 0.9  0.91 0.92 0.93 0.95 0.96 0.97 0.98 1.01 1.02 1.06 1.06 1.13
 1.28 1.34 1.36 1.46 1.52 1.6  1.66 1.74 1.87 2.01 2.14 2.71 2.8  2.87
 2.96 3.38 3.67 8.31]
var: 1.548299555555556
| [0m58       [0m | [0m1.181    [0m | [0m1e-08    [0m | [0m19.24    [0m | [0m0.003038 [0m |
[0.1  0.38 0.54 0.68 0.91 0.96 1.29 1.31 1.38 1.51 1.56 1.58 1.59 1.63
 1.77 1.77 1.84 1.89 2.13 2.14 2.16 2.23 2.28 2.28 2.29 2.33 2.35 2.37
 2.39 2.4  2.5  2.55 2.63 2.85 2.91 2.92 2.93 3.04 3.04 3.19 3.2  3.36
 3.38 3.41 3.44 3.51 3.56 3.71 3.75 3.87 3.93 4.37 4.41 4.51 4.61 5.53
 5.78 5.92 5.94 6.67]
var: 2.005797888888888
| [0m59       [0m | [0m2.758    [0m | [0m0.1242   [0m | [0m19.18    [0m | [0m0.1909   [0m |
[0.   0.02 0.02 0.03 0.05 0.06 0.08 0.09 0.09 0.12 0.12 0.13 0.15 0.18
 0.18 0.2  0.27 0.31 0.35 0.36 0.4  0.4  0.4  0.4  0.44 0.47 0.47 0.52
 0.52 0.52 0.53 0.53 0.56 0.57 0.59 0.65 0.66 0.66 0.7  0.7  0.71 0.74
 0.8  0.81 0.82 0.83 0.88 0.94 0.97 0.99 1.05 1.06 1.22 1.28 1.45 1.45
 1.49 1.72 1.99 2.14]
var: 0.24129400000000006
| [0m60       [0m | [0m0.614    [0m | [0m0.175    [0m | [0m46.03    [0m | [0m2.924    [0m |
[0.03 0.07 0.1  0.12 0.16 0.24 0.27 0.3  0.31 0.38 0.49 0.5  0.54 0.55
 0.68 0.69 0.7  0.71 0.72 0.72 0.79 0.79 0.81 0.83 0.85 0.88 0.88 0.95
 1.08 1.1  1.12 1.12 1.13 1.15 1.16 1.21 1.23 1.28 1.29 1.3  1.32 1.35
 1.35 1.37 1.45 1.46 1.5  1.52 1.57 1.63 1.64 1.65 1.73 1.76 1.79 2.02
 2.33 2.53 2.61 2.84]
var: 0.4025320833333332
| [0m61       [0m | [0m1.078    [0m | [0m0.1039   [0m | [0m32.97    [0m | [0m2.042    [0m |
[0.06 0.12 0.13 0.13 0.16 0.17 0.18 0.21 0.22 0.29 0.29 0.33 0.35 0.37
 0.37 0.45 0.46 0.56 0.56 0.57 0.76 0.8  0.85 0.88 0.89 0.92 0.93 0.94
 0.94 1.01 1.11 1.11 1.14 1.15 1.16 1.23 1.23 1.27 1.31 1.35 1.35 1.37
 1.38 1.41 1.41 1.44 1.55 1.58 1.7  1.92 1.98 2.17 2.2  2.31 2.67 2.7
 2.8  2.93 3.35 3.43]
var: 0.7032527500000008
| [0m62       [0m | [0m1.144    [0m | [0m0.1446   [0m | [0m43.23    [0m | [0m1.265    [0m |
[0.19 0.19 0.25 0.28 0.3  0.43 0.87 1.02 1.11 1.13 1.2  1.27 1.38 1.86
 1.93 2.05 2.13 2.15 2.16 2.24 2.26 2.3  2.33 2.38 2.58 2.6  2.61 2.61
 2.62 2.69 2.79 2.9  2.91 3.   3.11 3.15 3.16 3.19 3.21 3.32 3.34 3.35
 3.43 3.49 3.5  3.63 3.64 3.72 4.01 4.12 4.23 4.29 4.39 4.46 4.63 4.96
 5.61 5.87 6.05 6.07]
var: 2.1209320833333334
| [0m63       [0m | [0m2.778    [0m | [0m0.01471  [0m | [0m19.3     [0m | [0m0.2332   [0m |
[0.4  0.51 0.56 0.63 0.92 1.04 1.14 1.16 1.2  1.22 1.38 1.43 1.63 1.64
 1.78 1.79 1.8  1.98 2.02 2.12 2.13 2.25 2.35 2.35 2.43 2.44 2.59 2.66
 2.78 2.95 2.96 3.02 3.12 3.21 3.23 3.24 3.25 3.39 3.4  3.48 3.53 3.55
 3.56 3.67 3.68 3.79 3.83 3.85 3.9  3.91 3.94 3.99 4.27 4.39 4.76 5.71
 5.73 5.87 6.38 7.41]
var: 2.2165938888888883
| [0m64       [0m | [0m2.888    [0m | [0m0.01471  [0m | [0m19.17    [0m | [0m0.1514   [0m |
[0.14 0.19 1.17 1.27 1.44 1.52 1.78 1.99 1.99 2.04 2.11 2.31 2.35 2.36
 2.45 2.46 2.5  2.51 2.7  2.79 2.85 2.87 2.92 2.93 2.99 3.03 3.05 3.23
 3.31 3.48 3.64 3.65 3.72 3.73 3.89 3.91 3.92 4.   4.01 4.09 4.14 4.15
 4.22 4.23 4.35 4.38 4.39 4.64 4.83 4.85 4.97 5.28 5.31 5.43 5.47 5.75
 5.85 6.37 6.65 8.04]
var: 2.3356149722222215
| [0m65       [0m | [0m3.51     [0m | [0m0.03092  [0m | [0m19.01    [0m | [0m0.1138   [0m |
[0.09 0.53 0.79 0.8  0.81 0.95 1.28 1.66 1.99 2.2  2.31 2.31 2.41 2.46
 2.47 2.51 2.54 2.6  2.61 2.65 2.68 2.7  2.7  2.72 2.73 2.8  2.8  2.81
 2.86 2.9  2.95 2.95 3.1  3.1  3.14 3.15 3.23 3.25 3.37 3.46 3.47 3.53
 3.61 3.73 3.77 3.91 3.95 4.01 4.12 4.24 4.43 4.5  4.75 4.94 5.05 5.32
 5.38 5.55 5.66 6.07]
var: 1.6668695555555548
| [0m66       [0m | [0m3.089    [0m | [0m0.04959  [0m | [0m18.99    [0m | [0m0.1767   [0m |
[0.06 1.08 1.1  1.47 1.59 1.64 1.66 1.72 1.86 1.86 1.95 2.02 2.05 2.06
 2.16 2.26 2.31 2.31 2.31 2.4  2.41 2.48 2.59 2.75 2.88 2.94 2.94 3.
 3.05 3.11 3.11 3.19 3.19 3.24 3.24 3.28 3.3  3.33 3.44 3.65 3.7  3.74
 3.77 3.84 4.02 4.18 4.2  4.26 4.27 4.32 4.34 4.34 4.4  4.47 4.63 4.82
 5.26 6.06 7.2  7.34]
var: 1.8513909722222224
| [0m67       [0m | [0m3.169    [0m | [0m0.05279  [0m | [0m19.09    [0m | [0m0.07624  [0m |
[0.14 0.36 0.37 0.43 0.47 0.58 0.8  0.8  0.82 0.9  1.   1.04 1.35 1.36
 1.51 1.6  1.82 1.95 1.96 2.   2.08 2.09 2.12 2.14 2.16 2.22 2.3  2.36
 2.46 2.47 2.6  2.66 2.68 2.79 2.87 3.   3.05 3.06 3.18 3.19 3.22 3.26
 3.27 3.28 3.3  3.43 3.43 3.46 3.54 3.57 3.9  3.92 3.95 3.97 4.14 4.23
 4.26 4.42 4.94 8.03]
var: 1.9330012222222228
| [0m68       [0m | [0m2.538    [0m | [0m0.1992   [0m | [0m19.35    [0m | [0m0.2542   [0m |
[1.04 1.08 1.32 1.42 1.44 1.59 1.66 1.71 1.85 1.86 1.93 1.96 2.04 2.07
 2.11 2.18 2.2  2.44 2.49 2.62 2.64 2.71 2.72 2.81 2.84 2.85 2.89 3.04
 3.19 3.35 3.53 3.54 3.65 3.76 3.77 3.77 3.92 3.95 3.96 4.   4.08 4.1
 4.22 4.22 4.23 4.28 4.31 4.43 4.72 4.85 5.12 5.14 5.19 5.32 5.38 5.67
 5.79 6.09 6.18 7.51]
var: 2.0907903055555552
| [0m69       [0m | [0m3.412    [0m | [0m0.02832  [0m | [0m18.95    [0m | [0m0.1126   [0m |
[0.81 0.86 1.14 1.19 1.29 1.42 1.65 1.77 1.94 2.08 2.41 2.45 2.57 2.61
 2.76 2.85 2.94 2.97 3.03 3.05 3.14 3.15 3.18 3.2  3.21 3.32 3.4  3.42
 3.43 3.43 3.45 3.46 3.5  3.5  3.52 3.64 3.66 3.75 3.79 3.91 3.91 4.02
 4.02 4.21 4.31 4.5  4.57 4.6  4.76 4.8  4.83 4.88 4.91 5.19 5.36 5.48
 5.72 5.89 6.02 6.71]
var: 1.7294178888888898
| [0m70       [0m | [0m3.492    [0m | [0m0.09929  [0m | [0m19.19    [0m | [0m0.03887  [0m |
[0.08 0.09 0.14 0.17 0.18 0.18 0.25 0.25 0.26 0.51 0.52 0.54 0.54 0.55
 0.55 0.6  0.63 0.68 0.7  0.74 0.74 0.75 0.78 0.79 0.81 0.84 0.84 0.85
 0.85 0.87 0.93 0.95 0.99 1.   1.03 1.05 1.13 1.17 1.17 1.22 1.3  1.38
 1.41 1.43 1.52 1.54 1.58 1.68 1.69 1.71 1.74 1.87 1.93 2.18 2.27 2.48
 2.6  2.76 2.8  2.97]
var: 0.5166806666666666
| [0m71       [0m | [0m1.096    [0m | [0m0.1283   [0m | [0m3.572    [0m | [0m2.587    [0m |
[0.07 0.07 0.12 0.12 0.14 0.15 0.18 0.19 0.21 0.23 0.29 0.32 0.4  0.45
 0.48 0.53 0.54 0.54 0.54 0.58 0.62 0.64 0.66 0.67 0.68 0.72 0.74 0.75
 0.77 0.77 0.88 0.9  0.9  0.93 0.93 0.94 0.96 1.   1.02 1.12 1.13 1.16
 1.17 1.17 1.19 1.19 1.23 1.27 1.29 1.37 1.41 1.42 1.56 1.57 1.65 2.18
 2.28 2.31 2.86 3.21]
var: 0.430920305555556
| [0m72       [0m | [0m0.9228   [0m | [0m0.2752   [0m | [0m23.11    [0m | [0m2.813    [0m |
[0.09 0.17 0.64 0.67 0.74 0.78 0.83 1.17 1.27 1.39 1.47 1.5  1.51 1.72
 1.81 1.82 1.89 2.03 2.05 2.07 2.08 2.26 2.31 2.5  2.56 2.56 2.57 2.59
 2.59 2.69 2.71 2.79 2.8  2.83 2.86 2.88 2.89 2.99 3.02 3.05 3.13 3.16
 3.16 3.2  3.42 3.47 3.68 3.8  3.94 4.12 4.26 4.4  4.42 4.71 4.79 4.88
 5.26 5.28 5.65 6.98]
var: 1.967404555555555
| [0m73       [0m | [0m2.748    [0m | [0m0.09227  [0m | [0m19.27    [0m | [0m0.2428   [0m |
[0.23 0.26 0.54 0.75 1.05 1.23 1.33 1.46 1.51 1.59 1.63 1.91 1.96 1.98
 2.02 2.03 2.13 2.23 2.28 2.32 2.38 2.41 2.45 2.5  2.51 2.56 2.62 2.72
 2.74 2.76 2.76 2.8  2.82 2.86 2.95 3.06 3.07 3.11 3.16 3.2  3.22 3.43
 3.54 3.57 3.61 3.62 3.63 3.7  3.7  3.72 3.74 3.89 4.3  4.53 4.53 4.7
 4.83 4.99 5.48 6.32]
var: 1.5144180833333332
| [0m74       [0m | [0m2.816    [0m | [0m0.04105  [0m | [0m19.19    [0m | [0m0.4429   [0m |
[0.3  0.38 0.59 0.89 0.99 1.23 1.52 1.61 1.68 1.73 1.76 1.85 1.87 2.02
 2.19 2.21 2.29 2.38 2.4  2.47 2.52 2.6  2.67 2.77 2.78 2.86 3.02 3.09
 3.12 3.15 3.19 3.19 3.22 3.24 3.28 3.34 3.39 3.61 3.62 3.7  3.76 3.84
 3.95 4.   4.06 4.09 4.18 4.24 4.49 4.54 4.6  4.67 5.03 5.27 5.51 5.61
 5.84 6.2  6.23 6.29]
var: 2.127741555555555
| [0m75       [0m | [0m3.185    [0m | [0m0.1436   [0m | [0m19.19    [0m | [0m0.1687   [0m |
[0.08 0.1  0.1  0.13 0.13 0.18 0.22 0.3  0.33 0.34 0.45 0.51 0.52 0.54
 0.57 0.58 0.59 0.59 0.63 0.64 0.71 0.72 0.73 0.76 0.8  0.8  0.81 0.82
 0.83 0.9  0.9  0.9  0.93 0.98 0.99 1.09 1.09 1.12 1.17 1.19 1.23 1.25
 1.29 1.32 1.34 1.38 1.42 1.43 1.44 1.44 1.45 1.52 1.54 1.57 1.72 1.8
 1.82 2.07 2.1  2.11]
var: 0.2809016388888887
| [0m76       [0m | [0m0.9502   [0m | [0m0.09699  [0m | [0m32.84    [0m | [0m2.486    [0m |
[0.07 0.16 0.17 0.38 0.46 0.47 0.58 0.66 0.67 0.84 0.92 0.96 0.99 1.
 1.05 1.13 1.23 1.27 1.34 1.37 1.39 1.42 1.42 1.42 1.52 1.54 1.55 1.6
 1.69 1.79 1.82 1.83 1.86 1.93 2.13 2.14 2.15 2.19 2.29 2.33 2.38 2.58
 2.62 2.77 2.82 2.82 2.83 3.08 3.1  3.12 3.21 3.34 3.49 3.67 3.95 3.98
 4.55 4.62 4.72 5.1 ]
var: 1.4799026666666657
| [0m77       [0m | [0m2.008    [0m | [0m0.02581  [0m | [0m13.53    [0m | [0m1.275    [0m |
[0.24 0.47 0.58 0.59 0.67 0.74 1.07 1.19 1.3  1.45 1.51 1.71 1.79 1.91
 1.95 2.02 2.15 2.28 2.41 2.46 2.69 2.74 2.76 2.91 2.95 2.98 3.02 3.02
 3.03 3.08 3.12 3.14 3.16 3.16 3.18 3.25 3.34 3.35 3.39 3.65 3.68 3.7
 3.7  3.74 3.77 3.82 3.87 3.89 4.21 4.21 4.27 4.43 4.65 4.84 4.95 5.6
 6.23 7.43 7.43 8.75]
var: 2.8345765555555555
| [0m78       [0m | [0m3.126    [0m | [0m0.05522  [0m | [0m18.83    [0m | [0m0.1441   [0m |
[0.17 0.19 0.28 1.02 1.1  1.3  1.38 1.39 1.42 1.48 1.52 1.61 1.64 1.69
 1.73 1.83 1.94 1.95 1.95 1.98 2.08 2.25 2.29 2.35 2.57 2.65 2.74 2.8
 2.81 2.93 3.11 3.13 3.15 3.17 3.18 3.25 3.35 3.35 3.37 3.49 3.49 3.58
 3.67 3.71 3.72 3.86 3.92 3.93 4.12 4.2  4.31 4.39 4.41 4.5  4.74 5.41
 5.47 5.9  6.16 6.66]
var: 2.064662333333333
| [0m79       [0m | [0m2.929    [0m | [0m0.0528   [0m | [0m18.89    [0m | [0m0.3472   [0m |
[0.09 0.16 0.27 0.32 0.39 0.54 0.54 0.58 0.69 0.75 0.87 0.88 0.9  0.97
 1.04 1.09 1.1  1.18 1.2  1.21 1.25 1.36 1.4  1.52 1.52 1.55 1.55 1.56
 1.66 1.78 1.8  1.8  1.89 1.96 2.01 2.06 2.08 2.1  2.15 2.26 2.28 2.41
 2.43 2.46 2.48 2.53 2.64 2.65 2.75 3.   3.06 3.34 3.55 3.67 3.81 4.1
 4.21 4.84 6.36 7.13]
var: 1.9112947500000008
| [0m80       [0m | [0m1.996    [0m | [0m0.01972  [0m | [0m24.85    [0m | [0m1.112    [0m |
=============================================================
None
num_trials:  40  inits,  40  iters,  60  per
rho:  2
pthin:  0.30

Best VPT: 4.145333333333335
Best result: {'a': 0.023511908132689153, 'g': 19.174084584528988, 's': 0.047333779617592275}

KERNEL: nu=1.5, lengthscale=2.0, alpha=0.0005
