|   iter    |  target   |     a     |     g     |     s     |
-------------------------------------------------------------
[0.02 0.11 0.14 0.15 0.21 0.21 0.23 0.26 0.29 0.35 0.42 0.42 0.52 0.61
 0.74 0.8  0.82 0.87 0.94 0.98 1.01 1.05 1.07 1.23 1.23 1.27 1.3  1.51
 1.6  1.64 1.81 1.83 1.85 1.85 1.86 1.87 1.94 1.94 1.94 2.01 2.07 2.11
 2.14 2.18 2.19 2.29 2.31 2.42 2.57 2.69 2.77 2.82 3.22 3.48 4.01 4.09
 4.29 4.49 4.5  4.82]
var: 1.5047473333333328
| [0m1        [0m | [0m1.706    [0m | [0m0.002897 [0m | [0m8.458    [0m | [0m1.154    [0m |
[0.   0.06 0.06 0.16 0.2  0.24 0.28 0.28 0.29 0.3  0.3  0.31 0.33 0.36
 0.37 0.38 0.39 0.41 0.43 0.45 0.46 0.46 0.52 0.52 0.54 0.58 0.61 0.64
 0.66 0.68 0.72 0.74 0.77 0.78 0.78 0.79 0.79 0.8  0.83 0.85 0.85 0.85
 0.87 0.88 0.9  0.91 0.93 1.05 1.08 1.08 1.1  1.18 1.23 1.31 1.37 1.97
 2.05 2.08 2.21 2.51]
var: 0.2831503055555551
| [0m2        [0m | [0m0.7588   [0m | [0m0.2704   [0m | [0m42.97    [0m | [0m2.197    [0m |
[0.   0.02 0.03 0.09 0.12 0.15 0.19 0.21 0.23 0.25 0.34 0.36 0.37 0.38
 0.39 0.39 0.4  0.42 0.47 0.48 0.5  0.53 0.56 0.58 0.59 0.68 0.69 0.69
 0.69 0.72 0.73 0.76 0.8  0.82 0.84 0.85 0.88 0.91 0.94 0.95 0.96 1.01
 1.02 1.04 1.06 1.09 1.1  1.13 1.14 1.19 1.22 1.33 1.41 1.47 1.54 1.55
 1.71 1.92 2.12 2.55]
var: 0.2784095555555558
| [0m3        [0m | [0m0.7927   [0m | [0m0.07557  [0m | [0m30.85    [0m | [0m2.816    [0m |
[0.   0.01 0.01 0.01 0.03 0.03 0.05 0.12 0.18 0.23 0.28 0.3  0.31 0.34
 0.34 0.35 0.35 0.37 0.4  0.4  0.4  0.42 0.45 0.51 0.52 0.53 0.57 0.6
 0.65 0.66 0.67 0.68 0.69 0.69 0.71 0.71 0.74 0.75 0.8  0.8  1.   1.07
 1.11 1.14 1.16 1.22 1.24 1.26 1.33 1.37 1.37 1.4  1.44 1.48 1.54 1.68
 1.68 1.88 2.54 2.54]
var: 0.34763274999999966
| [0m4        [0m | [0m0.7685   [0m | [0m0.1366   [0m | [0m46.05    [0m | [0m1.818    [0m |
[0.   0.02 0.03 0.04 0.11 0.13 0.14 0.15 0.15 0.16 0.18 0.21 0.25 0.28
 0.3  0.31 0.35 0.36 0.37 0.44 0.48 0.48 0.5  0.59 0.6  0.61 0.67 0.69
 0.71 0.73 0.75 0.78 0.78 0.79 0.82 0.85 0.93 0.93 0.93 0.96 1.01 1.06
 1.08 1.1  1.1  1.1  1.13 1.19 1.21 1.24 1.26 1.28 1.33 1.39 1.52 1.56
 1.67 2.29 2.36 2.72]
var: 0.340247333333333
| [0m5        [0m | [0m0.786    [0m | [0m0.2466   [0m | [0m42.94    [0m | [0m1.817    [0m |
[0.01 0.05 0.05 0.06 0.15 0.15 0.18 0.19 0.24 0.25 0.26 0.29 0.36 0.44
 0.51 0.52 0.55 0.55 0.55 0.58 0.58 0.61 0.63 0.63 0.65 0.65 0.67 0.68
 0.68 0.76 0.76 0.81 0.82 0.82 0.82 0.82 0.83 0.87 0.91 0.94 0.96 0.98
 0.99 1.01 1.08 1.15 1.15 1.35 1.37 1.38 1.38 1.44 1.51 1.66 1.76 1.78
 1.91 2.07 2.69 3.47]
var: 0.4107236388888886
| [0m6        [0m | [0m0.8662   [0m | [0m0.1718   [0m | [0m26.93    [0m | [0m0.5435   [0m |
[0.   0.04 0.05 0.05 0.05 0.05 0.07 0.08 0.13 0.14 0.21 0.29 0.3  0.32
 0.33 0.34 0.35 0.41 0.44 0.45 0.46 0.47 0.5  0.52 0.57 0.57 0.58 0.58
 0.59 0.61 0.61 0.62 0.68 0.68 0.69 0.71 0.74 0.74 0.75 0.76 0.83 0.83
 0.84 0.9  0.9  0.93 0.99 0.99 1.08 1.11 1.15 1.15 1.21 1.31 1.39 1.44
 1.48 1.54 2.15 2.18]
var: 0.23262363888888835
| [0m7        [0m | [0m0.6822   [0m | [0m0.04186  [0m | [0m44.15    [0m | [0m2.312    [0m |
[0.07 0.08 0.17 0.25 0.3  0.38 0.39 0.39 0.43 0.55 0.55 0.56 0.6  0.63
 0.65 0.66 0.68 0.7  0.73 0.75 0.76 0.78 0.78 0.78 0.79 0.88 0.91 0.91
 0.92 0.92 0.95 0.97 0.97 0.98 1.   1.03 1.07 1.12 1.13 1.13 1.15 1.16
 1.2  1.32 1.33 1.43 1.48 1.52 1.52 1.57 1.6  1.66 1.71 1.73 1.76 1.79
 1.86 2.08 2.61 3.  ]
var: 0.32960988888888854
| [0m8        [0m | [0m1.03     [0m | [0m0.2404   [0m | [0m29.38    [0m | [0m1.388    [0m |
[0.55 0.56 0.58 0.6  0.62 0.65 0.72 0.75 0.87 0.88 0.89 0.93 1.12 1.18
 1.28 1.28 1.3  1.3  1.37 1.38 1.42 1.43 1.44 1.46 1.46 1.47 1.52 1.52
 1.52 1.57 1.62 1.65 1.68 1.73 1.74 1.82 1.88 1.89 1.91 1.91 1.97 2.01
 2.01 2.06 2.07 2.13 2.27 2.37 2.41 2.45 2.65 2.69 2.78 2.93 3.02 3.19
 3.32 3.59 3.59 4.14]
var: 0.6774472222222224
| [95m9        [0m | [95m1.752    [0m | [95m0.1737   [0m | [95m21.45    [0m | [95m0.08426  [0m |
[0.08 0.11 0.15 0.18 0.22 0.26 0.3  0.34 0.34 0.4  0.46 0.5  0.5  0.57
 0.58 0.6  0.62 0.69 0.71 0.72 0.73 0.74 0.76 0.79 0.85 0.9  0.93 0.93
 0.95 0.99 1.   1.01 1.09 1.1  1.14 1.17 1.19 1.22 1.23 1.24 1.25 1.27
 1.27 1.29 1.32 1.34 1.4  1.45 1.46 1.48 1.51 1.6  1.64 1.73 2.07 2.35
 2.49 3.   3.07 3.07]
var: 0.47491208333333373
| [0m10       [0m | [0m1.073    [0m | [0m0.0808   [0m | [0m32.88    [0m | [0m1.394    [0m |
[0.   0.   0.01 0.04 0.04 0.04 0.05 0.06 0.06 0.18 0.21 0.27 0.28 0.3
 0.38 0.41 0.44 0.55 0.57 0.6  0.62 0.65 0.67 0.68 0.72 0.72 0.77 0.78
 0.82 0.85 0.88 0.89 0.89 0.91 0.92 0.96 0.98 0.98 1.   1.   1.05 1.13
 1.15 1.16 1.17 1.21 1.22 1.25 1.29 1.29 1.29 1.34 1.37 1.44 1.45 1.48
 1.56 1.7  1.81 2.67]
var: 0.28972497222222243
| [0m11       [0m | [0m0.8202   [0m | [0m0.2664   [0m | [0m11.52    [0m | [0m2.25     [0m |
[0.04 0.04 0.04 0.1  0.13 0.14 0.18 0.21 0.21 0.21 0.22 0.24 0.25 0.27
 0.34 0.34 0.34 0.46 0.5  0.51 0.55 0.6  0.64 0.64 0.67 0.67 0.68 0.68
 0.7  0.71 0.72 0.74 0.74 0.79 0.8  0.8  0.81 0.83 0.86 0.86 0.88 1.
 1.01 1.03 1.04 1.07 1.08 1.11 1.19 1.21 1.33 1.38 1.41 1.41 1.44 1.54
 1.63 1.66 2.05 2.22]
var: 0.24958097222222225
| [0m12       [0m | [0m0.7658   [0m | [0m0.04407  [0m | [0m16.65    [0m | [0m2.932    [0m |
[0.15 0.17 0.23 0.36 0.41 0.63 0.78 0.79 0.9  0.91 0.92 0.94 0.95 0.96
 1.02 1.05 1.06 1.13 1.14 1.15 1.15 1.15 1.16 1.17 1.18 1.19 1.21 1.21
 1.24 1.29 1.32 1.37 1.42 1.45 1.47 1.48 1.49 1.53 1.53 1.53 1.54 1.56
 1.57 1.58 1.59 1.62 1.67 1.72 1.76 1.91 1.95 1.96 1.97 1.97 2.02 2.07
 2.28 2.84 2.91 3.36]
var: 0.3674695555555555
| [0m13       [0m | [0m1.367    [0m | [0m0.01783  [0m | [0m16.12    [0m | [0m0.0232   [0m |
[0.   0.01 0.02 0.05 0.06 0.06 0.07 0.08 0.15 0.18 0.27 0.28 0.3  0.32
 0.33 0.33 0.37 0.44 0.49 0.51 0.54 0.54 0.55 0.57 0.62 0.67 0.69 0.69
 0.72 0.73 0.73 0.75 0.75 0.77 0.78 0.79 0.79 0.81 0.84 0.86 0.87 0.9
 0.9  0.9  0.91 1.   1.07 1.09 1.12 1.12 1.15 1.21 1.23 1.3  1.39 1.44
 1.77 1.79 1.84 1.95]
var: 0.22703788888888907
| [0m14       [0m | [0m0.7243   [0m | [0m0.2835   [0m | [0m16.72    [0m | [0m2.682    [0m |
[0.09 0.18 0.33 0.37 0.46 0.58 0.6  0.63 0.65 0.68 0.69 0.69 0.7  0.74
 0.74 0.76 0.77 0.78 0.8  0.92 0.95 0.96 0.97 1.02 1.03 1.05 1.13 1.19
 1.32 1.33 1.34 1.35 1.46 1.47 1.52 1.64 1.64 1.69 1.72 1.73 1.78 1.79
 1.81 1.81 1.85 1.87 1.9  1.93 1.96 2.06 2.1  2.14 2.35 2.38 2.47 2.64
 2.7  2.81 3.39 3.47]
var: 0.580426
| [0m15       [0m | [0m1.398    [0m | [0m0.1903   [0m | [0m24.53    [0m | [0m0.3798   [0m |
[0.05 0.1  0.21 0.21 0.23 0.23 0.26 0.27 0.28 0.29 0.29 0.33 0.34 0.44
 0.48 0.49 0.5  0.56 0.61 0.64 0.71 0.72 0.75 0.76 0.77 0.81 0.81 0.82
 0.86 0.92 0.93 0.95 1.01 1.01 1.06 1.07 1.1  1.1  1.2  1.24 1.34 1.42
 1.44 1.53 1.53 1.71 1.75 1.76 1.86 1.91 1.98 2.06 2.09 2.16 2.54 2.57
 2.65 2.96 3.22 4.79]
var: 0.8020282222222217
| [0m16       [0m | [0m1.145    [0m | [0m0.05959  [0m | [0m8.606    [0m | [0m1.562    [0m |
[0.08 0.47 0.74 0.79 0.8  0.8  0.84 0.85 0.87 0.98 1.04 1.08 1.11 1.15
 1.15 1.16 1.19 1.24 1.24 1.27 1.33 1.36 1.37 1.56 1.6  1.68 1.72 1.75
 1.75 1.79 1.87 1.96 1.96 1.97 1.98 1.98 2.   2.05 2.06 2.09 2.11 2.19
 2.19 2.2  2.21 2.31 2.33 2.59 2.59 2.72 2.9  3.03 3.16 3.26 3.54 3.91
 4.4  4.63 5.03 6.59]
var: 1.3549636388888897
| [95m17       [0m | [95m1.976    [0m | [95m0.01114  [0m | [95m31.7     [0m | [95m0.4211   [0m |
[0.07 0.09 0.15 0.15 0.16 0.22 0.28 0.29 0.29 0.31 0.31 0.31 0.32 0.36
 0.38 0.41 0.42 0.52 0.58 0.63 0.63 0.64 0.65 0.66 0.73 0.8  0.82 0.84
 0.9  0.91 0.94 0.97 1.   1.02 1.03 1.05 1.07 1.12 1.17 1.17 1.22 1.3
 1.32 1.4  1.66 1.73 1.76 1.88 1.95 1.97 2.09 2.27 2.37 2.48 2.55 2.61
 2.65 2.87 3.25 3.83]
var: 0.7573980833333331
| [0m18       [0m | [0m1.126    [0m | [0m0.04339  [0m | [0m24.09    [0m | [0m0.8362   [0m |
[0.55 0.56 0.57 0.62 0.64 0.71 0.73 0.76 0.78 0.79 0.82 0.84 0.89 0.91
 0.96 1.02 1.03 1.06 1.06 1.11 1.13 1.13 1.19 1.22 1.24 1.3  1.3  1.33
 1.38 1.39 1.39 1.41 1.54 1.55 1.62 1.87 1.88 1.89 1.9  1.91 1.96 1.98
 2.04 2.07 2.34 2.56 2.62 2.65 2.65 2.72 2.77 2.79 2.97 3.1  3.34 3.44
 3.48 3.57 4.03 4.24]
var: 0.8982038888888886
| [0m19       [0m | [0m1.722    [0m | [0m0.08211  [0m | [0m48.66    [0m | [0m0.109    [0m |
[0.   0.02 0.12 0.14 0.22 0.33 0.41 0.43 0.45 0.47 0.48 0.48 0.48 0.51
 0.55 0.55 0.56 0.58 0.6  0.64 0.69 0.69 0.71 0.73 0.86 0.89 0.92 0.96
 0.97 0.97 0.99 1.01 1.03 1.04 1.07 1.11 1.14 1.14 1.16 1.18 1.19 1.21
 1.24 1.25 1.26 1.27 1.3  1.31 1.32 1.33 1.37 1.38 1.42 1.48 1.51 1.62
 1.65 1.73 2.24 4.48]
var: 0.4177228888888892
| [0m20       [0m | [0m0.9807   [0m | [0m0.2558   [0m | [0m45.93    [0m | [0m0.4165   [0m |
[0.01 0.02 0.03 0.04 0.13 0.17 0.18 0.23 0.24 0.31 0.33 0.39 0.53 0.58
 0.6  0.67 0.72 0.73 0.74 0.75 0.76 0.77 0.77 0.81 0.81 0.83 0.84 0.86
 0.86 0.87 0.92 0.95 0.97 0.98 1.04 1.04 1.05 1.08 1.14 1.18 1.19 1.2
 1.21 1.27 1.29 1.3  1.35 1.35 1.46 1.53 1.54 1.61 1.65 1.76 1.79 1.81
 1.94 1.98 2.16 2.52]
var: 0.320464
| [0m21       [0m | [0m0.964    [0m | [0m0.01048  [0m | [0m20.32    [0m | [0m2.286    [0m |
[0.   0.01 0.02 0.08 0.08 0.09 0.09 0.1  0.14 0.2  0.26 0.29 0.3  0.32
 0.36 0.38 0.41 0.54 0.56 0.57 0.58 0.62 0.62 0.64 0.65 0.65 0.7  0.74
 0.8  0.81 0.85 0.85 0.88 0.92 0.94 0.95 1.   1.09 1.09 1.11 1.15 1.18
 1.22 1.26 1.31 1.36 1.4  1.4  1.43 1.48 1.49 1.51 1.56 1.67 1.68 1.92
 2.27 2.3  2.35 2.83]
var: 0.41631233333333345
| [0m22       [0m | [0m0.901    [0m | [0m0.1241   [0m | [0m24.14    [0m | [0m1.301    [0m |
[0.06 0.07 0.08 0.09 0.13 0.13 0.14 0.14 0.16 0.17 0.19 0.22 0.22 0.24
 0.26 0.28 0.29 0.31 0.32 0.37 0.37 0.45 0.47 0.54 0.54 0.56 0.59 0.67
 0.68 0.71 0.75 0.78 0.78 0.81 0.9  0.94 0.95 0.97 0.99 1.01 1.02 1.05
 1.09 1.1  1.12 1.13 1.16 1.2  1.22 1.29 1.38 1.39 1.44 1.51 1.71 1.87
 1.9  2.19 3.06 3.42]
var: 0.4702965555555555
| [0m23       [0m | [0m0.8263   [0m | [0m0.01167  [0m | [0m38.14    [0m | [0m2.446    [0m |
[0.05 0.05 0.06 0.1  0.1  0.1  0.13 0.28 0.32 0.32 0.34 0.37 0.37 0.39
 0.44 0.48 0.49 0.51 0.64 0.65 0.65 0.66 0.66 0.67 0.68 0.71 0.72 0.74
 0.74 0.76 0.78 0.78 0.82 0.89 0.9  0.92 0.93 0.93 0.96 0.98 1.   1.02
 1.08 1.12 1.12 1.16 1.2  1.21 1.22 1.23 1.28 1.31 1.33 1.34 1.4  1.62
 1.66 1.68 2.53 2.6 ]
var: 0.2787998888888887
| [0m24       [0m | [0m0.8363   [0m | [0m0.2474   [0m | [0m5.916    [0m | [0m2.288    [0m |
[0.39 0.5  0.6  0.69 0.75 0.79 0.81 0.83 0.85 0.87 0.89 0.89 0.89 0.91
 0.96 0.96 0.97 1.   1.04 1.06 1.14 1.23 1.23 1.25 1.29 1.32 1.37 1.37
 1.4  1.41 1.45 1.47 1.53 1.56 1.62 1.63 1.66 1.66 1.69 1.69 1.76 1.79
 1.91 1.92 1.94 1.97 1.99 2.08 2.09 2.13 2.14 2.31 2.33 2.4  2.57 2.62
 3.4  3.44 3.89 4.92]
var: 0.6940976666666665
| [0m25       [0m | [0m1.587    [0m | [0m0.16     [0m | [0m5.963    [0m | [0m0.2102   [0m |
[0.02 0.03 0.12 0.15 0.18 0.21 0.24 0.25 0.3  0.31 0.35 0.35 0.39 0.41
 0.41 0.44 0.47 0.51 0.51 0.55 0.55 0.57 0.62 0.65 0.66 0.68 0.69 0.74
 0.77 0.77 0.78 0.79 0.8  0.8  0.81 0.87 0.88 0.92 1.01 1.01 1.03 1.04
 1.06 1.09 1.1  1.15 1.16 1.17 1.24 1.3  1.32 1.36 1.37 1.41 1.43 1.5
 1.54 1.88 2.13 2.58]
var: 0.25962697222222214
| [0m26       [0m | [0m0.8238   [0m | [0m0.2656   [0m | [0m7.028    [0m | [0m1.197    [0m |
[0.17 0.32 0.38 0.49 0.51 0.6  0.62 0.64 0.68 0.68 0.68 0.7  0.74 0.74
 0.74 0.75 0.78 0.8  0.83 0.88 1.   1.05 1.05 1.08 1.16 1.22 1.23 1.32
 1.34 1.37 1.4  1.4  1.43 1.51 1.55 1.58 1.61 1.64 1.69 1.7  1.73 1.74
 1.75 1.76 1.79 1.81 1.89 1.93 2.03 2.14 2.39 2.42 2.48 2.52 3.1  3.27
 3.31 3.77 4.09 4.61]
var: 0.8738816388888894
| [0m27       [0m | [0m1.51     [0m | [0m0.1024   [0m | [0m31.87    [0m | [0m0.4      [0m |
[0.   0.02 0.05 0.08 0.08 0.09 0.12 0.18 0.2  0.27 0.32 0.35 0.42 0.42
 0.44 0.52 0.55 0.56 0.57 0.58 0.61 0.63 0.66 0.66 0.69 0.75 0.76 0.81
 0.85 0.89 0.9  0.91 0.93 1.03 1.03 1.06 1.08 1.14 1.16 1.18 1.3  1.32
 1.32 1.4  1.41 1.6  1.68 1.71 1.76 1.77 1.86 1.89 2.07 2.13 2.3  2.4
 2.48 2.59 3.81 3.86]
var: 0.7167383055555557
| [0m28       [0m | [0m1.07     [0m | [0m0.07417  [0m | [0m44.0     [0m | [0m0.6899   [0m |
[0.   0.   0.02 0.03 0.05 0.14 0.2  0.21 0.23 0.23 0.24 0.24 0.24 0.34
 0.36 0.39 0.41 0.42 0.42 0.44 0.49 0.54 0.57 0.58 0.59 0.61 0.62 0.62
 0.65 0.69 0.69 0.7  0.71 0.89 0.93 0.93 0.93 0.95 1.02 1.03 1.04 1.13
 1.14 1.22 1.23 1.24 1.42 1.43 1.6  1.68 1.77 1.84 1.87 1.89 1.94 1.95
 1.99 2.09 2.51 3.19]
var: 0.47996933333333286
| [0m29       [0m | [0m0.892    [0m | [0m0.05468  [0m | [0m38.06    [0m | [0m1.211    [0m |
[0.04 0.06 0.07 0.09 0.12 0.21 0.27 0.32 0.32 0.39 0.39 0.4  0.42 0.44
 0.47 0.49 0.5  0.58 0.59 0.6  0.65 0.66 0.69 0.73 0.74 0.76 0.76 0.76
 0.78 0.78 0.84 0.89 0.89 0.91 0.91 0.93 1.01 1.01 1.04 1.08 1.1  1.19
 1.24 1.26 1.28 1.3  1.35 1.36 1.38 1.39 1.4  1.44 1.45 1.75 1.84 2.41
 2.51 2.62 3.22 4.23]
var: 0.5864327500000002
| [0m30       [0m | [0m0.9885   [0m | [0m0.115    [0m | [0m26.22    [0m | [0m2.335    [0m |
[0.44 0.67 0.7  0.79 0.8  0.85 0.93 0.94 1.01 1.08 1.12 1.16 1.26 1.3
 1.35 1.36 1.43 1.46 1.48 1.5  1.52 1.55 1.56 1.57 1.64 1.7  1.71 1.72
 1.78 1.78 1.85 1.86 1.86 1.96 1.99 2.08 2.15 2.19 2.2  2.3  2.31 2.34
 2.38 2.41 2.42 2.5  2.52 2.52 2.58 2.58 2.67 2.75 2.95 2.96 3.11 3.19
 3.33 3.47 3.54 5.38]
var: 0.7570016388888888
| [0m31       [0m | [0m1.942    [0m | [0m0.07021  [0m | [0m14.31    [0m | [0m0.3342   [0m |
[0.   0.01 0.05 0.06 0.07 0.17 0.21 0.22 0.27 0.29 0.29 0.31 0.32 0.38
 0.43 0.5  0.51 0.54 0.55 0.56 0.56 0.57 0.58 0.58 0.59 0.64 0.66 0.69
 0.69 0.74 0.75 0.78 0.79 0.81 0.83 0.84 0.87 0.9  0.9  0.96 0.96 1.01
 1.07 1.09 1.13 1.14 1.18 1.19 1.23 1.24 1.25 1.35 1.47 1.52 1.64 1.7
 1.71 2.07 2.21 3.23]
var: 0.34510233333333373
| [0m32       [0m | [0m0.831    [0m | [0m0.02401  [0m | [0m44.5     [0m | [0m1.883    [0m |
[0.21 0.37 0.59 0.62 0.68 0.69 0.7  0.71 0.71 0.72 0.75 0.77 0.78 0.79
 0.81 0.87 0.89 0.91 0.95 0.95 0.97 1.01 1.01 1.01 1.05 1.05 1.11 1.12
 1.14 1.27 1.28 1.32 1.34 1.35 1.37 1.43 1.47 1.47 1.49 1.59 1.62 1.62
 1.72 1.73 1.85 1.95 2.01 2.01 2.02 2.02 2.09 2.18 2.49 2.54 2.77 2.82
 3.48 3.64 3.74 4.27]
var: 0.7265083055555566
| [0m33       [0m | [0m1.465    [0m | [0m0.1057   [0m | [0m13.07    [0m | [0m0.4348   [0m |
[0.17 0.2  0.21 0.28 0.3  0.31 0.34 0.35 0.35 0.37 0.37 0.4  0.47 0.47
 0.48 0.49 0.5  0.55 0.56 0.58 0.6  0.61 0.61 0.63 0.64 0.66 0.69 0.71
 0.73 0.78 0.8  0.8  0.81 0.81 0.83 0.88 0.89 0.91 0.95 0.99 1.01 1.03
 1.04 1.05 1.07 1.15 1.17 1.19 1.2  1.2  1.21 1.33 1.39 1.43 1.47 1.49
 1.65 1.86 1.89 2.23]
var: 0.2021345555555554
| [0m34       [0m | [0m0.8357   [0m | [0m0.0861   [0m | [0m5.687    [0m | [0m2.05     [0m |
[0.28 0.41 0.53 0.54 0.56 0.56 0.57 0.57 0.6  0.61 0.7  0.73 0.81 0.82
 0.9  0.9  0.9  0.91 0.93 0.97 1.02 1.03 1.1  1.16 1.2  1.23 1.3  1.33
 1.36 1.39 1.41 1.45 1.5  1.57 1.57 1.58 1.58 1.59 1.62 1.63 1.64 1.67
 1.67 1.68 1.7  1.72 1.84 1.86 1.91 1.92 1.93 2.02 2.04 2.09 2.49 2.69
 2.72 2.82 3.18 3.42]
var: 0.4734669722222219
| [0m35       [0m | [0m1.407    [0m | [0m0.2757   [0m | [0m20.69    [0m | [0m0.2102   [0m |
[0.54 0.54 0.56 0.6  0.68 0.69 0.74 0.75 0.77 0.81 0.83 0.9  0.93 1.
 1.03 1.06 1.08 1.12 1.14 1.2  1.29 1.34 1.38 1.39 1.4  1.4  1.44 1.47
 1.57 1.57 1.66 1.71 1.72 1.73 1.76 1.76 1.76 1.77 1.81 1.83 1.9  2.
 2.01 2.02 2.09 2.1  2.12 2.19 2.28 2.3  2.32 2.32 2.4  2.53 2.62 3.05
 3.09 3.2  4.08 4.32]
var: 0.6538969722222224
| [0m36       [0m | [0m1.661    [0m | [0m0.112    [0m | [0m40.1     [0m | [0m0.1308   [0m |
[0.04 0.14 0.15 0.15 0.18 0.21 0.21 0.25 0.3  0.3  0.33 0.33 0.42 0.45
 0.45 0.47 0.48 0.49 0.5  0.51 0.53 0.56 0.59 0.59 0.63 0.66 0.76 0.77
 0.78 0.83 0.91 0.93 0.94 0.95 0.97 0.99 0.99 1.   1.02 1.02 1.04 1.06
 1.07 1.09 1.14 1.17 1.19 1.27 1.37 1.4  1.48 1.5  1.51 1.63 1.69 1.76
 1.82 1.84 1.95 2.35]
var: 0.27751941666666663
| [0m37       [0m | [0m0.8685   [0m | [0m0.05869  [0m | [0m44.54    [0m | [0m0.5962   [0m |
[0.   0.   0.   0.   0.02 0.03 0.04 0.07 0.07 0.09 0.19 0.2  0.21 0.24
 0.26 0.29 0.32 0.34 0.42 0.45 0.46 0.46 0.55 0.56 0.56 0.56 0.6  0.62
 0.65 0.67 0.77 0.78 0.78 0.79 0.8  0.82 0.86 0.89 0.93 0.94 1.02 1.07
 1.08 1.15 1.2  1.21 1.25 1.31 1.31 1.33 1.35 1.39 1.54 1.62 1.79 2.05
 2.07 2.2  2.25 2.43]
var: 0.3931860833333332
| [0m38       [0m | [0m0.7985   [0m | [0m0.1299   [0m | [0m43.96    [0m | [0m1.443    [0m |
[0.02 0.08 0.1  0.15 0.19 0.21 0.22 0.23 0.27 0.29 0.39 0.42 0.44 0.45
 0.46 0.48 0.56 0.67 0.69 0.73 0.73 0.75 0.77 0.79 0.79 0.8  0.91 0.96
 0.99 1.   1.   1.01 1.01 1.03 1.06 1.09 1.11 1.11 1.12 1.16 1.17 1.18
 1.22 1.24 1.25 1.27 1.29 1.37 1.38 1.4  1.43 1.45 1.61 1.65 1.7  1.8
 1.98 2.71 3.05 3.76]
var: 0.4743920833333334
| [0m39       [0m | [0m1.003    [0m | [0m0.00239  [0m | [0m5.502    [0m | [0m2.908    [0m |
[0.01 0.04 0.09 0.1  0.1  0.12 0.13 0.15 0.15 0.33 0.42 0.43 0.43 0.5
 0.5  0.52 0.57 0.59 0.6  0.64 0.67 0.68 0.69 0.7  0.71 0.78 0.82 0.83
 0.87 0.87 0.89 0.9  0.9  0.9  0.98 1.   1.   1.03 1.06 1.06 1.07 1.09
 1.11 1.11 1.14 1.22 1.36 1.36 1.36 1.42 1.55 1.6  1.66 1.66 1.67 1.68
 1.76 2.3  3.46 4.11]
var: 0.5301354166666671
| [0m40       [0m | [0m0.9575   [0m | [0m0.05228  [0m | [0m5.875    [0m | [0m2.33     [0m |
[0.13 0.19 0.37 0.37 0.63 0.69 0.7  0.75 0.76 0.77 0.81 0.87 0.89 0.99
 1.   1.07 1.07 1.09 1.12 1.13 1.13 1.17 1.22 1.22 1.23 1.27 1.28 1.3
 1.42 1.49 1.49 1.51 1.56 1.58 1.74 1.77 1.77 1.78 1.8  1.82 1.85 1.87
 1.89 1.9  1.96 1.98 2.   2.06 2.09 2.11 2.12 2.13 2.21 2.21 2.41 2.42
 2.51 2.64 3.29 4.51]
var: 0.5641594166666667
| [0m41       [0m | [0m1.519    [0m | [0m0.06239  [0m | [0m31.33    [0m | [0m0.4329   [0m |
[0.07 0.58 0.72 0.75 0.76 0.77 0.84 0.85 0.87 0.87 0.9  0.98 1.   1.01
 1.07 1.08 1.11 1.11 1.17 1.18 1.22 1.23 1.26 1.3  1.31 1.34 1.34 1.34
 1.36 1.4  1.41 1.44 1.46 1.46 1.47 1.48 1.49 1.49 1.5  1.58 1.62 1.62
 1.65 1.66 1.66 1.68 1.76 1.76 1.79 1.83 1.94 2.06 2.13 2.19 2.55 2.64
 2.84 3.05 3.1  3.15]
var: 0.38135097222222275
| [0m42       [0m | [0m1.471    [0m | [0m0.2054   [0m | [0m13.98    [0m | [0m0.2902   [0m |
[0.   0.   0.01 0.01 0.02 0.03 0.04 0.05 0.06 0.06 0.07 0.08 0.09 0.1
 0.11 0.11 0.12 0.13 0.13 0.16 0.16 0.17 0.19 0.2  0.2  0.22 0.23 0.23
 0.25 0.35 0.37 0.37 0.43 0.47 0.5  0.5  0.52 0.54 0.55 0.58 0.6  0.67
 0.71 0.72 0.74 0.74 0.78 0.83 0.84 0.97 1.07 1.11 1.16 1.34 1.74 2.26
 2.27 2.43 2.5  3.84]
var: 0.5555080833333336
| [0m43       [0m | [0m0.5955   [0m | [0m1e-08    [0m | [0m14.64    [0m | [0m0.321    [0m |
[0.   0.04 0.05 0.08 0.1  0.12 0.12 0.13 0.18 0.19 0.28 0.32 0.34 0.34
 0.37 0.38 0.39 0.43 0.45 0.49 0.52 0.57 0.64 0.64 0.65 0.68 0.72 0.73
 0.74 0.77 0.78 0.78 0.79 0.79 0.79 0.8  0.8  0.81 0.81 0.89 0.94 0.96
 1.   1.01 1.05 1.09 1.16 1.21 1.23 1.35 1.38 1.39 1.4  1.55 1.57 1.6
 1.69 1.94 2.03 2.65]
var: 0.2983116666666667
| [0m44       [0m | [0m0.795    [0m | [0m0.2062   [0m | [0m19.54    [0m | [0m2.636    [0m |
[0.   0.   0.01 0.01 0.02 0.02 0.02 0.02 0.03 0.04 0.05 0.05 0.08 0.08
 0.09 0.1  0.11 0.11 0.12 0.12 0.12 0.17 0.17 0.18 0.2  0.22 0.28 0.31
 0.31 0.32 0.33 0.36 0.4  0.4  0.42 0.43 0.45 0.46 0.46 0.48 0.49 0.5
 0.52 0.53 0.62 0.63 0.68 0.69 0.69 0.76 0.79 1.21 1.63 1.92 2.06 2.23
 2.31 2.52 2.63 2.82]
var: 0.5239276666666675
| [0m45       [0m | [0m0.563    [0m | [0m1e-08    [0m | [0m31.6     [0m | [0m0.2866   [0m |
[0.01 0.13 0.14 0.16 0.2  0.24 0.27 0.35 0.47 0.47 0.48 0.53 0.54 0.56
 0.57 0.58 0.59 0.61 0.66 0.69 0.71 0.72 0.73 0.79 0.82 0.84 0.88 0.95
 1.   1.01 1.03 1.04 1.06 1.09 1.1  1.11 1.17 1.17 1.23 1.28 1.31 1.39
 1.41 1.43 1.45 1.48 1.55 1.58 1.65 1.79 1.83 1.86 1.92 2.1  2.36 2.55
 2.71 3.65 3.88 4.19]
var: 0.7578369722222218
| [0m46       [0m | [0m1.168    [0m | [0m0.1354   [0m | [0m23.4     [0m | [0m0.7234   [0m |
[0.01 0.08 0.13 0.14 0.24 0.26 0.27 0.29 0.32 0.33 0.34 0.35 0.37 0.42
 0.49 0.53 0.53 0.55 0.59 0.6  0.63 0.71 0.71 0.72 0.73 0.74 0.74 0.74
 0.75 0.76 0.76 0.78 0.81 0.82 0.82 0.85 0.9  0.91 0.92 0.93 0.94 1.
 1.01 1.06 1.11 1.12 1.12 1.25 1.3  1.31 1.34 1.35 1.37 1.43 1.46 1.57
 1.69 1.78 1.78 2.17]
var: 0.2159269722222222
| [0m47       [0m | [0m0.8288   [0m | [0m0.1364   [0m | [0m25.42    [0m | [0m2.417    [0m |
[0.   0.01 0.03 0.07 0.08 0.22 0.27 0.28 0.28 0.29 0.31 0.33 0.33 0.34
 0.38 0.41 0.41 0.45 0.49 0.5  0.5  0.53 0.56 0.58 0.64 0.66 0.74 0.75
 0.75 0.78 0.82 0.84 0.91 0.91 0.94 0.97 1.   1.   1.08 1.11 1.12 1.16
 1.24 1.24 1.27 1.28 1.31 1.32 1.38 1.42 1.53 1.57 1.63 1.71 1.82 2.04
 2.18 2.32 2.96 3.25]
var: 0.4699805555555555
| [0m48       [0m | [0m0.9217   [0m | [0m0.1626   [0m | [0m45.17    [0m | [0m1.137    [0m |
[0.47 0.53 0.55 0.59 0.63 0.66 0.71 0.78 0.78 0.79 0.81 0.84 0.87 0.9
 0.9  0.9  0.94 0.96 0.97 1.02 1.02 1.1  1.11 1.18 1.19 1.24 1.3  1.31
 1.32 1.35 1.36 1.43 1.46 1.47 1.51 1.52 1.54 1.54 1.59 1.62 1.64 1.68
 1.68 1.68 1.72 1.76 1.8  1.93 1.94 2.   2.15 2.2  2.26 2.28 2.29 2.39
 2.48 2.72 2.79 3.38]
var: 0.39396808333333305
| [0m49       [0m | [0m1.426    [0m | [0m0.2987   [0m | [0m12.92    [0m | [0m0.2094   [0m |
[0.04 0.08 0.1  0.17 0.25 0.29 0.33 0.37 0.38 0.4  0.41 0.46 0.47 0.54
 0.58 0.62 0.63 0.68 0.68 0.68 0.68 0.69 0.71 0.72 0.73 0.73 0.73 0.75
 0.76 0.81 0.84 0.84 0.93 0.97 0.98 1.08 1.09 1.11 1.13 1.13 1.18 1.18
 1.19 1.24 1.26 1.28 1.4  1.4  1.5  1.52 1.52 1.53 1.58 1.62 1.63 1.86
 1.94 2.03 2.26 2.43]
var: 0.2944459999999999
| [0m50       [0m | [0m0.952    [0m | [0m0.1142   [0m | [0m21.85    [0m | [0m1.724    [0m |
[0.03 0.04 0.06 0.14 0.14 0.15 0.16 0.26 0.28 0.33 0.33 0.37 0.44 0.45
 0.49 0.52 0.65 0.66 0.68 0.68 0.73 0.75 0.75 0.79 0.79 0.79 0.82 0.82
 0.86 0.87 0.88 0.88 0.9  0.93 0.96 0.97 1.01 1.05 1.08 1.13 1.13 1.15
 1.16 1.18 1.19 1.21 1.24 1.26 1.28 1.29 1.41 1.46 1.48 1.62 1.91 1.95
 1.97 2.13 2.47 2.93]
var: 0.3516640000000002
| [0m51       [0m | [0m0.934    [0m | [0m0.1511   [0m | [0m10.95    [0m | [0m2.508    [0m |
[0.15 0.24 0.26 0.29 0.36 0.44 0.52 0.53 0.54 0.61 0.63 0.8  0.89 0.92
 0.99 1.05 1.05 1.09 1.13 1.14 1.24 1.25 1.27 1.27 1.35 1.36 1.37 1.38
 1.4  1.42 1.45 1.46 1.53 1.53 1.59 1.62 1.68 1.7  1.72 1.73 1.74 1.81
 1.87 1.92 1.93 2.04 2.14 2.16 2.26 2.38 2.52 2.7  2.8  3.2  3.58 3.76
 3.79 3.88 3.98 4.01]
var: 0.968489888888889
| [0m52       [0m | [0m1.624    [0m | [0m0.0228   [0m | [0m33.36    [0m | [0m0.7068   [0m |
[0.   0.   0.01 0.04 0.04 0.05 0.08 0.08 0.09 0.09 0.11 0.13 0.13 0.13
 0.13 0.14 0.17 0.21 0.28 0.28 0.32 0.33 0.34 0.38 0.38 0.4  0.4  0.41
 0.49 0.52 0.54 0.57 0.58 0.6  0.63 0.64 0.7  0.7  0.73 0.73 0.8  0.92
 0.95 1.03 1.05 1.06 1.1  1.1  1.18 1.19 1.2  1.23 1.25 1.6  1.6  1.6
 1.69 1.98 2.56 3.63]
var: 0.4553672222222227
| [0m53       [0m | [0m0.6883   [0m | [0m0.2179   [0m | [0m42.33    [0m | [0m1.901    [0m |
[0.03 0.03 0.06 0.07 0.08 0.09 0.12 0.13 0.15 0.26 0.27 0.39 0.44 0.46
 0.46 0.48 0.48 0.49 0.57 0.6  0.61 0.64 0.64 0.68 0.68 0.69 0.73 0.74
 0.75 0.79 0.8  0.81 0.85 0.85 0.86 0.87 0.9  0.92 0.93 0.93 0.95 0.99
 1.01 1.08 1.13 1.15 1.15 1.18 1.18 1.22 1.23 1.24 1.28 1.35 1.36 1.7
 1.74 1.79 1.85 1.98]
var: 0.2287083055555557
| [0m54       [0m | [0m0.7982   [0m | [0m0.2319   [0m | [0m11.45    [0m | [0m2.303    [0m |
[0.2  0.2  0.25 0.26 0.36 0.36 0.38 0.39 0.45 0.52 0.52 0.59 0.63 0.67
 0.72 0.72 0.76 0.77 0.78 0.79 0.82 0.85 0.99 1.01 1.09 1.09 1.15 1.18
 1.19 1.2  1.23 1.27 1.28 1.29 1.37 1.4  1.41 1.42 1.48 1.62 1.68 1.74
 1.77 1.79 1.82 1.85 1.86 1.86 1.95 2.25 2.47 2.53 2.6  2.75 2.8  2.87
 3.08 3.14 3.38 3.69]
var: 0.7502645555555549
| [0m55       [0m | [0m1.376    [0m | [0m0.1343   [0m | [0m13.05    [0m | [0m0.4304   [0m |
[0.18 0.2  0.35 0.65 0.73 0.76 0.77 0.8  0.84 0.88 1.09 1.13 1.18 1.25
 1.25 1.32 1.38 1.46 1.47 1.49 1.52 1.64 1.66 1.67 1.69 1.74 1.81 1.85
 1.94 1.94 1.99 2.03 2.06 2.11 2.12 2.14 2.14 2.15 2.26 2.34 2.35 2.37
 2.39 2.39 2.4  2.59 2.6  2.66 2.68 2.68 2.68 2.71 2.74 2.76 2.82 2.84
 2.93 2.95 3.43 3.64]
var: 0.6300194166666662
| [0m56       [0m | [0m1.877    [0m | [0m0.03173  [0m | [0m31.75    [0m | [0m0.4381   [0m |
[0.79 0.79 0.84 0.86 0.87 0.89 0.98 1.03 1.05 1.08 1.2  1.25 1.7  1.71
 1.74 1.77 1.91 1.94 1.95 2.04 2.05 2.06 2.12 2.15 2.22 2.23 2.39 2.45
 2.51 2.53 2.65 2.75 2.76 2.88 2.94 3.16 3.18 3.18 3.29 3.38 3.38 3.38
 3.45 3.47 3.48 3.49 3.56 3.58 3.59 3.74 3.76 3.8  3.87 3.93 4.43 4.52
 4.57 4.87 4.88 5.56]
var: 1.417847666666667
| [95m57       [0m | [95m2.643    [0m | [95m0.005336 [0m | [95m14.27    [0m | [95m0.4108   [0m |
[0.27 0.33 0.36 0.6  0.6  0.72 0.78 0.79 0.82 0.87 0.92 0.94 0.97 1.01
 1.06 1.08 1.15 1.21 1.22 1.23 1.25 1.26 1.27 1.29 1.36 1.38 1.44 1.46
 1.55 1.59 1.6  1.61 1.61 1.62 1.64 1.66 1.72 1.76 1.78 1.79 1.81 1.84
 1.92 1.94 1.95 2.21 2.25 2.46 2.53 2.56 2.57 2.67 2.77 2.81 2.84 2.89
 3.28 3.29 4.14 4.92]
var: 0.8049576666666673
| [0m58       [0m | [0m1.687    [0m | [0m0.06003  [0m | [0m14.27    [0m | [0m0.3965   [0m |
[0.01 0.02 0.06 0.08 0.09 0.09 0.11 0.13 0.16 0.16 0.17 0.18 0.18 0.18
 0.19 0.26 0.3  0.33 0.33 0.34 0.36 0.36 0.39 0.45 0.45 0.46 0.47 0.49
 0.5  0.56 0.62 0.63 0.65 0.65 0.66 0.66 0.71 0.74 0.78 0.83 0.87 0.95
 0.95 0.99 1.06 1.12 1.12 1.16 1.17 1.25 1.3  1.31 1.32 1.34 1.36 1.46
 1.72 2.   2.   2.45]
var: 0.30048497222222215
| [0m59       [0m | [0m0.6948   [0m | [0m0.08908  [0m | [0m29.49    [0m | [0m1.88     [0m |
[0.2  0.34 0.42 0.72 0.81 0.99 1.02 1.08 1.09 1.17 1.27 1.28 1.34 1.35
 1.4  1.43 1.49 1.7  1.79 1.81 1.94 1.96 1.96 1.97 2.02 2.04 2.08 2.11
 2.12 2.15 2.24 2.25 2.32 2.33 2.36 2.37 2.38 2.38 2.41 2.5  2.51 2.55
 2.67 2.72 2.73 2.74 2.8  2.9  3.02 3.18 3.19 3.23 3.29 3.55 3.59 3.68
 4.08 4.37 4.81 5.67]
var: 1.1204369722222216
| [0m60       [0m | [0m2.231    [0m | [0m0.0304   [0m | [0m14.37    [0m | [0m0.3984   [0m |
[0.04 0.11 0.15 0.22 0.34 0.39 0.39 0.44 0.62 0.63 0.64 0.65 0.67 0.67
 0.7  0.7  0.75 0.76 0.78 0.81 0.87 0.88 0.91 0.92 0.96 0.99 1.03 1.04
 1.1  1.16 1.19 1.22 1.23 1.29 1.31 1.35 1.36 1.39 1.39 1.41 1.42 1.43
 1.45 1.47 1.53 1.57 1.61 1.64 1.65 1.74 1.76 1.8  1.8  1.82 1.83 1.9
 1.91 1.97 2.01 2.26]
var: 0.2879103055555555
| [0m61       [0m | [0m1.134    [0m | [0m0.2538   [0m | [0m29.31    [0m | [0m0.428    [0m |
[0.   0.   0.03 0.15 0.17 0.2  0.23 0.3  0.36 0.4  0.4  0.46 0.55 0.58
 0.6  0.6  0.66 0.67 0.69 0.73 0.76 0.83 0.86 0.92 0.93 1.   1.06 1.07
 1.12 1.13 1.14 1.16 1.17 1.22 1.25 1.26 1.34 1.37 1.38 1.45 1.49 1.5
 1.53 1.57 1.57 1.69 1.71 1.77 1.84 1.91 2.02 2.12 2.19 2.33 2.43 2.47
 2.51 2.58 3.27 4.26]
var: 0.6928139999999992
| [0m62       [0m | [0m1.216    [0m | [0m0.02585  [0m | [0m42.18    [0m | [0m0.7938   [0m |
[0.   0.   0.01 0.02 0.04 0.05 0.06 0.06 0.07 0.07 0.08 0.09 0.09 0.1
 0.11 0.11 0.18 0.2  0.22 0.29 0.29 0.31 0.35 0.36 0.37 0.39 0.39 0.43
 0.47 0.47 0.49 0.55 0.57 0.6  0.61 0.62 0.67 0.67 0.69 0.7  0.72 0.75
 0.78 0.78 0.87 1.01 1.04 1.07 1.17 1.18 1.22 1.23 1.29 1.52 1.54 1.81
 1.82 1.92 2.12 2.48]
var: 0.34464030555555564
| [0m63       [0m | [0m0.6362   [0m | [0m1e-08    [0m | [0m14.31    [0m | [0m0.3969   [0m |
[0.15 0.16 0.17 0.78 0.93 1.07 1.1  1.13 1.19 1.25 1.28 1.29 1.3  1.31
 1.34 1.38 1.46 1.51 1.54 1.74 1.76 1.79 1.81 1.84 1.87 1.92 1.93 1.94
 1.94 1.95 1.98 2.01 2.02 2.08 2.09 2.1  2.11 2.17 2.17 2.19 2.19 2.22
 2.25 2.28 2.33 2.43 2.52 2.59 2.63 2.88 2.97 2.98 3.05 3.11 3.22 3.32
 3.62 3.66 4.87 5.52]
var: 0.9346783055555555
| [0m64       [0m | [0m2.04     [0m | [0m0.04284  [0m | [0m14.31    [0m | [0m0.3433   [0m |
[0.1  0.13 0.14 0.16 0.2  0.22 0.26 0.27 0.28 0.3  0.31 0.31 0.36 0.38
 0.42 0.43 0.43 0.44 0.45 0.45 0.46 0.53 0.56 0.59 0.62 0.65 0.68 0.69
 0.71 0.73 0.74 0.79 0.79 0.8  0.8  0.81 0.82 0.87 0.89 0.89 0.94 1.15
 1.18 1.21 1.22 1.27 1.31 1.31 1.32 1.35 1.41 1.43 1.57 1.83 1.99 2.04
 2.05 2.23 2.33 5.1 ]
var: 0.6106338888888888
| [0m65       [0m | [0m0.9117   [0m | [0m0.286    [0m | [0m8.406    [0m | [0m0.4296   [0m |
[0.4  0.41 0.43 0.48 0.51 0.55 0.57 0.59 0.59 0.6  0.6  0.72 0.74 0.74
 0.77 0.78 0.87 0.88 0.91 0.91 0.92 0.95 0.99 1.17 1.18 1.19 1.2  1.21
 1.22 1.25 1.25 1.25 1.27 1.28 1.31 1.32 1.35 1.38 1.39 1.45 1.54 1.56
 1.59 1.68 1.71 1.71 1.72 1.72 1.72 1.79 1.88 1.99 2.02 2.1  2.12 2.18
 2.28 2.65 2.8  3.09]
var: 0.3751280833333331
| [0m66       [0m | [0m1.291    [0m | [0m0.2322   [0m | [0m39.61    [0m | [0m0.2833   [0m |
[0.03 0.03 0.05 0.17 0.18 0.19 0.19 0.24 0.3  0.33 0.35 0.36 0.37 0.39
 0.4  0.43 0.47 0.47 0.48 0.51 0.56 0.57 0.57 0.57 0.59 0.59 0.61 0.64
 0.65 0.66 0.67 0.68 0.69 0.7  0.73 0.74 0.79 0.86 0.9  0.91 0.94 0.95
 1.04 1.07 1.07 1.08 1.09 1.25 1.33 1.38 1.46 1.48 1.49 1.6  1.69 1.77
 1.97 1.99 2.06 2.97]
var: 0.3338805555555557
| [0m67       [0m | [0m0.8217   [0m | [0m0.09118  [0m | [0m10.5     [0m | [0m2.102    [0m |
[0.06 0.27 0.49 0.67 0.75 0.76 0.77 0.8  1.   1.01 1.04 1.05 1.1  1.13
 1.14 1.27 1.27 1.31 1.32 1.33 1.34 1.37 1.37 1.43 1.44 1.46 1.56 1.58
 1.61 1.64 1.65 1.7  1.72 1.79 1.86 1.91 2.   2.01 2.03 2.08 2.16 2.17
 2.25 2.29 2.39 2.44 2.59 2.68 2.73 2.76 2.77 2.81 2.94 3.05 3.09 3.18
 3.21 3.49 4.31 4.43]
var: 0.8348080833333332
| [0m68       [0m | [0m1.831    [0m | [0m0.03566  [0m | [0m31.7     [0m | [0m0.4405   [0m |
[0.54 0.62 0.66 0.69 0.77 0.85 0.97 0.97 1.   1.05 1.11 1.12 1.18 1.24
 1.29 1.29 1.32 1.36 1.43 1.44 1.52 1.52 1.56 1.63 1.69 1.71 1.71 1.81
 1.86 1.88 1.94 1.98 2.01 2.05 2.06 2.06 2.11 2.12 2.15 2.15 2.19 2.21
 2.22 2.26 2.31 2.35 2.38 2.44 2.45 2.46 2.53 2.58 2.64 2.71 2.81 2.83
 3.01 3.15 3.66 4.13]
var: 0.5582412222222224
| [0m69       [0m | [0m1.862    [0m | [0m0.1697   [0m | [0m21.47    [0m | [0m0.1115   [0m |
[0.   0.01 0.04 0.05 0.07 0.08 0.08 0.1  0.1  0.12 0.12 0.12 0.13 0.15
 0.17 0.19 0.2  0.24 0.3  0.3  0.32 0.38 0.4  0.42 0.49 0.5  0.53 0.56
 0.57 0.59 0.61 0.64 0.65 0.65 0.7  0.71 0.75 0.79 0.84 0.87 0.9  0.9
 0.94 0.99 1.01 1.09 1.11 1.13 1.15 1.27 1.36 1.37 1.4  1.63 1.68 1.96
 2.14 2.41 3.03 3.29]
var: 0.5068783333333335
| [0m70       [0m | [0m0.755    [0m | [0m0.1515   [0m | [0m37.02    [0m | [0m1.922    [0m |
[0.15 0.29 0.47 0.51 0.7  0.73 0.75 0.77 0.77 0.8  0.82 0.83 0.84 0.87
 0.87 0.91 0.92 0.99 1.05 1.08 1.1  1.12 1.15 1.22 1.23 1.28 1.28 1.29
 1.39 1.41 1.41 1.49 1.51 1.6  1.68 1.69 1.71 1.72 1.74 1.77 1.79 1.87
 1.89 1.91 1.92 1.94 2.06 2.15 2.16 2.19 2.21 2.36 2.48 2.81 2.84 2.94
 3.32 3.33 3.45 4.41]
var: 0.7035612222222224
| [0m71       [0m | [0m1.566    [0m | [0m0.04037  [0m | [0m14.37    [0m | [0m0.4105   [0m |
[0.47 0.53 0.54 0.55 0.66 0.67 0.7  0.71 0.71 0.73 0.73 0.85 0.9  0.92
 0.94 0.95 0.95 1.04 1.05 1.07 1.1  1.12 1.14 1.15 1.16 1.23 1.27 1.31
 1.32 1.33 1.34 1.4  1.41 1.44 1.5  1.55 1.65 1.68 1.73 1.74 1.77 1.79
 1.81 1.82 1.88 1.88 1.91 1.96 1.97 2.36 2.37 2.51 2.52 2.55 2.57 2.81
 3.   3.1  3.1  4.22]
var: 0.5925589999999996
| [0m72       [0m | [0m1.519    [0m | [0m0.1602   [0m | [0m40.05    [0m | [0m0.1363   [0m |
[0.17 0.6  0.62 0.69 0.81 0.83 0.84 0.92 1.   1.01 1.06 1.09 1.14 1.17
 1.17 1.19 1.25 1.29 1.34 1.39 1.4  1.43 1.43 1.43 1.47 1.64 1.64 1.65
 1.7  1.8  1.82 1.93 1.97 1.97 2.02 2.03 2.04 2.06 2.07 2.08 2.22 2.27
 2.31 2.33 2.34 2.42 2.47 2.63 2.83 2.89 2.91 3.01 3.15 3.17 3.23 3.37
 3.37 3.48 3.69 4.25]
var: 0.7779738888888887
| [0m73       [0m | [0m1.892    [0m | [0m0.1571   [0m | [0m21.47    [0m | [0m0.1229   [0m |
[0.63 0.73 0.74 0.86 0.91 0.96 0.98 1.05 1.05 1.18 1.38 1.39 1.43 1.44
 1.51 1.51 1.55 1.55 1.59 1.68 1.69 1.76 1.78 1.8  1.84 1.85 1.88 1.96
 2.   2.05 2.05 2.13 2.2  2.23 2.23 2.24 2.29 2.53 2.55 2.55 2.56 2.6
 2.64 2.66 2.68 2.71 2.72 2.79 2.87 2.93 3.04 3.15 3.29 3.44 3.54 3.54
 3.56 4.02 4.12 5.56]
var: 0.9052709722222211
| [0m74       [0m | [0m2.169    [0m | [0m0.03374  [0m | [0m14.33    [0m | [0m0.3692   [0m |
[0.59 0.61 0.66 0.67 0.67 0.72 0.73 0.78 0.8  0.84 0.86 0.91 0.93 0.96
 1.09 1.15 1.29 1.3  1.36 1.41 1.5  1.5  1.64 1.69 1.73 1.74 1.76 1.79
 1.86 1.89 1.9  1.91 1.93 1.93 1.94 1.95 1.96 2.02 2.02 2.02 2.03 2.05
 2.16 2.5  2.51 2.56 2.57 2.58 2.7  2.76 2.79 2.82 2.83 3.09 3.34 3.46
 3.81 3.82 4.8  5.56]
var: 1.0385876388888888
| [0m75       [0m | [0m1.929    [0m | [0m0.06126  [0m | [0m14.37    [0m | [0m0.3406   [0m |
[0.02 0.04 0.04 0.07 0.12 0.17 0.19 0.21 0.23 0.36 0.36 0.36 0.38 0.38
 0.44 0.49 0.5  0.52 0.54 0.55 0.58 0.59 0.6  0.61 0.63 0.65 0.68 0.71
 0.71 0.76 0.77 0.79 0.79 0.85 0.88 0.89 0.89 0.92 0.95 0.97 0.97 1.01
 1.12 1.13 1.15 1.18 1.27 1.28 1.3  1.34 1.43 1.47 1.49 1.5  1.6  1.67
 1.71 1.84 2.16 2.54]
var: 0.29084430555555585
| [0m76       [0m | [0m0.8392   [0m | [0m0.151    [0m | [0m6.314    [0m | [0m1.453    [0m |
[0.45 0.56 0.62 0.75 0.99 1.23 1.23 1.25 1.28 1.29 1.3  1.32 1.35 1.36
 1.37 1.43 1.47 1.5  1.54 1.58 1.59 1.62 1.64 1.68 1.75 1.81 1.9  1.95
 2.03 2.04 2.08 2.08 2.09 2.09 2.11 2.14 2.26 2.34 2.35 2.41 2.42 2.47
 2.54 2.56 2.57 2.62 2.79 2.9  2.94 3.04 3.04 3.09 3.11 3.23 3.32 3.42
 3.74 3.87 4.49 4.91]
var: 0.8439250000000001
| [0m77       [0m | [0m2.115    [0m | [0m0.1226   [0m | [0m21.78    [0m | [0m0.05061  [0m |
[0.07 0.13 0.15 0.62 0.67 0.77 0.81 0.97 0.98 0.98 1.05 1.07 1.1  1.12
 1.14 1.15 1.2  1.2  1.22 1.23 1.25 1.27 1.33 1.36 1.42 1.47 1.5  1.54
 1.57 1.6  1.63 1.68 1.71 1.74 1.75 1.85 1.87 1.88 1.93 1.97 1.97 1.98
 2.   2.01 2.11 2.25 2.36 2.44 2.46 2.49 2.54 2.54 3.05 3.11 3.13 3.2
 3.26 3.36 3.43 4.49]
var: 0.7590747499999999
| [0m78       [0m | [0m1.736    [0m | [0m0.02187  [0m | [0m31.73    [0m | [0m0.4044   [0m |
[0.   0.   0.   0.   0.03 0.05 0.07 0.07 0.1  0.1  0.15 0.16 0.18 0.19
 0.21 0.26 0.29 0.3  0.3  0.33 0.34 0.43 0.45 0.45 0.46 0.49 0.5  0.51
 0.51 0.52 0.59 0.59 0.62 0.63 0.65 0.66 0.67 0.69 0.69 0.7  0.72 0.74
 0.74 0.74 0.75 0.82 0.85 0.87 0.88 1.   1.04 1.08 1.14 1.14 1.22 1.27
 1.43 1.53 1.77 1.95]
var: 0.19720322222222234
| [0m79       [0m | [0m0.5937   [0m | [0m0.2566   [0m | [0m41.97    [0m | [0m2.856    [0m |
[0.   0.   0.01 0.07 0.07 0.12 0.17 0.31 0.32 0.32 0.38 0.43 0.46 0.47
 0.49 0.54 0.54 0.55 0.58 0.6  0.61 0.63 0.65 0.69 0.7  0.7  0.76 0.79
 0.8  0.8  0.8  0.84 0.86 0.88 0.89 0.95 0.96 0.98 1.   1.02 1.05 1.07
 1.08 1.08 1.1  1.11 1.15 1.19 1.2  1.23 1.31 1.34 1.34 1.35 1.36 1.36
 1.66 1.83 2.03 2.43]
var: 0.24222941666666695
| [0m80       [0m | [0m0.8335   [0m | [0m0.2737   [0m | [0m18.75    [0m | [0m2.728    [0m |
=============================================================
None
num_trials:  40  inits,  40  iters,  60  per
rho:  0.1
pthin:  0.92

Best VPT: 2.643000000000001
Best result: {'a': 0.005336157551687613, 'g': 14.271961960249302, 's': 0.4108183228043762}

KERNEL: nu=1.5, lengthscale=2.0, alpha=0.0005
