|   iter    |  target   |     a     |     g     |     s     |
-------------------------------------------------------------
[0.05 0.07 0.08 0.12 0.14 0.15 0.19 0.2  0.2  0.38 0.55 0.57 0.68 0.69
 0.72 0.75 0.83 0.83 0.88 0.9  0.99 1.   1.02 1.09 1.16 1.21 1.21 1.27
 1.31 1.32 1.32 1.33 1.34 1.38 1.4  1.43 1.44 1.5  1.54 1.54 1.56 1.57
 1.61 1.62 1.7  1.76 1.79 1.89 2.   2.1  2.11 2.16 2.21 2.34 2.64 2.84
 3.1  3.21 3.64 5.18]
var: 0.9004360833333336
| [0m1        [0m | [0m1.364    [0m | [0m0.03638  [0m | [0m36.62    [0m | [0m0.8972   [0m |
[0.04 0.05 0.12 0.16 0.19 0.19 0.21 0.23 0.27 0.32 0.32 0.38 0.4  0.44
 0.44 0.5  0.58 0.59 0.63 0.68 0.71 0.77 0.79 0.84 0.87 0.89 0.95 1.
 1.   1.04 1.06 1.1  1.13 1.18 1.22 1.23 1.23 1.31 1.37 1.41 1.48 1.54
 1.57 1.6  1.65 1.67 1.7  1.73 1.74 1.79 1.84 1.9  1.93 1.94 1.98 2.14
 2.39 2.62 2.75 3.16]
var: 0.5271440000000004
| [0m2        [0m | [0m1.116    [0m | [0m0.2099   [0m | [0m8.027    [0m | [0m2.369    [0m |
[0.03 0.04 0.06 0.08 0.09 0.15 0.17 0.22 0.23 0.23 0.31 0.37 0.38 0.38
 0.41 0.42 0.44 0.5  0.5  0.5  0.52 0.52 0.54 0.55 0.56 0.59 0.76 0.77
 0.83 0.83 0.87 0.87 0.88 0.92 0.92 0.94 0.94 0.96 0.98 1.   1.02 1.03
 1.1  1.1  1.12 1.13 1.14 1.14 1.22 1.32 1.36 1.42 1.46 1.48 1.59 1.78
 1.8  1.84 1.86 2.17]
var: 0.26664122222222236
| [0m3        [0m | [0m0.8223   [0m | [0m0.261    [0m | [0m0.9764   [0m | [0m0.3957   [0m |
[0.08 0.09 0.09 0.1  0.1  0.12 0.13 0.33 0.37 0.39 0.47 0.53 0.7  0.76
 0.77 0.83 0.97 0.98 1.07 1.1  1.14 1.14 1.17 1.3  1.31 1.31 1.37 1.43
 1.55 1.55 1.66 1.76 1.81 1.92 1.93 1.93 1.94 1.94 1.96 1.98 1.99 2.01
 2.04 2.1  2.26 2.36 2.62 2.63 2.7  2.7  2.96 3.05 3.07 3.38 3.41 3.66
 4.28 4.31 4.97 7.9 ]
var: 1.9256215555555558
| [95m4        [0m | [95m1.775    [0m | [95m0.003445 [0m | [95m32.23    [0m | [95m1.37     [0m |
[0.03 0.15 0.15 0.18 0.19 0.21 0.39 0.4  0.6  0.68 0.74 0.74 0.93 0.97
 1.03 1.06 1.14 1.19 1.22 1.35 1.36 1.37 1.37 1.37 1.38 1.4  1.43 1.45
 1.5  1.51 1.53 1.53 1.55 1.59 1.61 1.65 1.66 1.76 1.82 1.9  1.94 1.98
 2.02 2.04 2.16 2.27 2.33 2.33 2.35 2.44 2.53 2.88 2.95 3.   3.13 3.17
 3.6  3.61 4.07 4.24]
var: 0.9534536388888896
| [0m5        [0m | [0m1.652    [0m | [0m0.01736  [0m | [0m21.79    [0m | [0m1.785    [0m |
[0.   0.01 0.09 0.12 0.12 0.29 0.31 0.42 0.43 0.53 0.55 0.72 0.79 0.8
 0.8  0.87 0.97 1.   1.01 1.03 1.07 1.13 1.2  1.21 1.21 1.23 1.26 1.31
 1.4  1.44 1.45 1.56 1.64 1.66 1.7  1.73 1.95 1.98 2.02 2.06 2.07 2.08
 2.11 2.18 2.19 2.19 2.27 2.28 2.32 2.54 2.63 2.81 2.89 2.95 3.28 3.28
 3.35 3.42 3.95 4.7 ]
var: 1.0684395555555566
| [0m6        [0m | [0m1.609    [0m | [0m0.01261  [0m | [0m30.94    [0m | [0m1.488    [0m |
[0.02 0.09 0.18 0.26 0.5  0.51 0.58 0.66 0.81 0.93 0.94 0.97 0.99 0.99
 0.99 1.01 1.02 1.08 1.09 1.09 1.16 1.17 1.18 1.19 1.23 1.23 1.26 1.26
 1.26 1.27 1.3  1.32 1.4  1.4  1.44 1.52 1.53 1.55 1.55 1.57 1.6  1.61
 1.62 1.66 1.67 1.76 1.85 1.86 1.94 1.99 2.04 2.04 2.19 2.19 2.27 2.27
 2.43 2.85 3.39 4.06]
var: 0.516291638888889
| [0m7        [0m | [0m1.413    [0m | [0m0.08144  [0m | [0m28.07    [0m | [0m1.531    [0m |
[0.   0.01 0.02 0.11 0.12 0.12 0.18 0.21 0.25 0.27 0.27 0.29 0.29 0.31
 0.33 0.37 0.38 0.38 0.39 0.41 0.43 0.43 0.49 0.52 0.55 0.56 0.56 0.56
 0.57 0.57 0.57 0.57 0.58 0.61 0.61 0.66 0.67 0.68 0.7  0.7  0.71 0.72
 0.75 0.8  0.85 0.88 0.89 0.96 1.   1.03 1.03 1.1  1.1  1.18 1.22 1.31
 1.34 1.37 1.38 1.84]
var: 0.15081955555555587
| [0m8        [0m | [0m0.6293   [0m | [0m0.2388   [0m | [0m0.8177   [0m | [0m2.572    [0m |
[0.06 0.11 0.14 0.17 0.2  0.23 0.33 0.41 0.42 0.43 0.52 0.52 0.53 0.54
 0.56 0.58 0.6  0.6  0.61 0.62 0.66 0.68 0.69 0.7  0.7  0.73 0.81 0.87
 0.89 0.9  0.99 1.01 1.04 1.07 1.1  1.18 1.18 1.19 1.25 1.33 1.33 1.35
 1.39 1.41 1.43 1.48 1.5  1.53 1.54 1.55 1.63 1.7  1.72 1.92 1.99 2.04
 2.09 2.19 2.46 2.77]
var: 0.38003030555555556
| [0m9        [0m | [0m1.036    [0m | [0m0.08732  [0m | [0m39.67    [0m | [0m1.937    [0m |
[0.02 0.02 0.08 0.1  0.13 0.18 0.21 0.23 0.24 0.27 0.27 0.28 0.28 0.31
 0.32 0.42 0.44 0.47 0.5  0.54 0.6  0.61 0.62 0.64 0.64 0.65 0.65 0.68
 0.73 0.73 0.77 0.8  0.81 0.82 0.83 0.88 0.92 0.93 0.93 0.94 0.99 1.07
 1.09 1.11 1.13 1.14 1.15 1.21 1.24 1.29 1.31 1.34 1.34 1.46 1.49 1.6
 1.91 2.12 2.96 2.99]
var: 0.37391475
| [0m10       [0m | [0m0.8405   [0m | [0m0.09198  [0m | [0m44.02    [0m | [0m2.223    [0m |
[0.   0.04 0.05 0.05 0.06 0.08 0.09 0.09 0.1  0.11 0.11 0.13 0.13 0.14
 0.16 0.29 0.31 0.31 0.31 0.34 0.38 0.39 0.41 0.41 0.42 0.42 0.43 0.45
 0.47 0.53 0.58 0.6  0.61 0.62 0.72 0.77 0.79 0.81 0.83 0.84 0.87 0.89
 0.95 0.96 0.96 0.97 0.97 0.99 1.07 1.08 1.33 1.46 1.47 1.49 1.53 1.59
 1.8  2.02 2.73 3.26]
var: 0.421316972222222
| [0m11       [0m | [0m0.7128   [0m | [0m0.2717   [0m | [0m48.63    [0m | [0m2.671    [0m |
[0.01 0.17 0.2  0.33 0.45 0.48 0.55 0.55 0.55 0.58 0.6  0.66 0.67 0.78
 0.86 0.93 0.96 1.25 1.28 1.29 1.32 1.33 1.33 1.35 1.35 1.36 1.48 1.48
 1.56 1.59 1.59 1.69 1.73 1.73 1.76 1.79 1.79 1.81 1.9  1.91 1.95 2.13
 2.15 2.2  2.26 2.31 2.34 2.35 2.39 2.54 2.56 2.59 2.74 2.9  3.03 3.26
 3.41 4.67 6.78 6.86]
var: 1.678876555555555
| [0m12       [0m | [0m1.774    [0m | [0m0.04245  [0m | [0m24.23    [0m | [0m0.8135   [0m |
[0.07 0.08 0.13 0.16 0.22 0.51 0.53 0.58 0.62 0.69 0.71 0.76 0.8  0.81
 0.86 0.86 0.91 0.97 1.03 1.12 1.17 1.19 1.22 1.24 1.27 1.32 1.39 1.4
 1.4  1.44 1.53 1.58 1.59 1.63 1.7  1.74 1.85 1.91 1.97 1.99 2.06 2.08
 2.08 2.11 2.18 2.26 2.3  2.49 2.54 2.56 2.58 2.63 2.67 2.7  2.78 2.87
 3.03 3.36 3.83 4.09]
var: 0.8528887500000003
| [0m13       [0m | [0m1.603    [0m | [0m0.1797   [0m | [0m39.63    [0m | [0m0.2988   [0m |
[0.04 0.04 0.07 0.1  0.14 0.17 0.32 0.38 0.46 0.51 0.57 0.62 0.64 0.68
 0.68 0.69 0.73 0.74 0.75 0.75 0.77 0.81 0.81 0.9  0.94 0.94 0.99 1.04
 1.05 1.11 1.13 1.15 1.17 1.19 1.2  1.22 1.24 1.25 1.35 1.36 1.39 1.43
 1.46 1.48 1.51 1.51 1.61 1.7  1.71 1.72 1.74 1.8  1.84 1.91 1.94 2.07
 2.09 2.46 2.56 3.1 ]
var: 0.41958363888888933
| [0m14       [0m | [0m1.129    [0m | [0m0.172    [0m | [0m21.32    [0m | [0m2.128    [0m |
[0.   0.02 0.03 0.11 0.12 0.27 0.27 0.31 0.32 0.33 0.35 0.38 0.43 0.44
 0.48 0.52 0.53 0.53 0.55 0.56 0.58 0.62 0.63 0.64 0.65 0.69 0.74 0.74
 0.75 0.75 0.82 0.83 0.83 0.95 0.96 0.97 0.98 1.   1.06 1.07 1.12 1.16
 1.17 1.18 1.18 1.18 1.21 1.22 1.24 1.32 1.34 1.36 1.43 1.45 1.46 1.54
 1.55 1.6  1.81 1.96]
var: 0.21830830555555564
| [0m15       [0m | [0m0.8382   [0m | [0m0.1387   [0m | [0m24.67    [0m | [0m2.654    [0m |
[0.   0.02 0.05 0.07 0.11 0.13 0.14 0.15 0.16 0.22 0.23 0.25 0.29 0.34
 0.34 0.35 0.38 0.39 0.44 0.45 0.46 0.49 0.53 0.54 0.61 0.61 0.62 0.7
 0.7  0.72 0.73 0.76 0.78 0.83 0.85 0.85 0.86 0.86 0.87 0.87 0.98 0.99
 0.99 1.06 1.18 1.19 1.21 1.23 1.3  1.31 1.33 1.34 1.36 1.5  1.51 1.75
 1.94 2.05 2.44 2.74]
var: 0.3487520833333331
| [0m16       [0m | [0m0.8025   [0m | [0m0.07452  [0m | [0m40.55    [0m | [0m2.855    [0m |
[0.32 0.34 0.53 0.99 1.04 1.06 1.07 1.09 1.1  1.11 1.16 1.16 1.18 1.22
 1.29 1.34 1.5  1.53 1.64 1.72 1.78 1.88 1.89 1.91 1.93 2.31 2.32 2.34
 2.34 2.43 2.44 2.49 2.73 2.81 2.85 2.86 2.9  2.96 2.97 2.99 3.09 3.13
 3.21 3.25 3.28 3.29 3.36 3.48 3.67 3.69 3.86 4.05 4.09 4.3  4.31 4.6
 5.51 5.56 5.72 6.24]
var: 1.8655527499999998
| [95m17       [0m | [95m2.554    [0m | [95m0.1721   [0m | [95m18.04    [0m | [95m0.1272   [0m |
[0.   0.03 0.03 0.04 0.04 0.06 0.17 0.19 0.22 0.31 0.34 0.35 0.44 0.47
 0.5  0.57 0.58 0.59 0.62 0.65 0.7  0.75 0.79 0.83 0.86 0.86 0.9  0.93
 0.94 0.94 0.96 0.96 0.96 0.97 1.03 1.04 1.04 1.04 1.08 1.13 1.14 1.25
 1.26 1.28 1.29 1.3  1.38 1.42 1.43 1.48 1.55 1.68 1.86 1.99 1.99 2.14
 2.22 2.32 2.73 2.8 ]
var: 0.43698655555555627
| [0m18       [0m | [0m0.9903   [0m | [0m0.2746   [0m | [0m20.07    [0m | [0m2.497    [0m |
[0.   0.   0.02 0.31 0.31 0.36 0.37 0.39 0.48 0.59 0.61 0.64 0.65 0.67
 0.69 0.71 0.72 0.74 0.74 0.75 0.78 0.82 0.82 0.84 0.88 0.88 0.89 0.91
 0.97 0.98 0.99 1.01 1.04 1.08 1.11 1.15 1.16 1.16 1.22 1.26 1.31 1.35
 1.51 1.55 1.61 1.66 1.69 1.77 1.85 1.88 1.98 2.03 2.08 2.12 2.14 2.45
 2.55 2.68 3.07 4.62]
var: 0.6544788888888886
| [0m19       [0m | [0m1.193    [0m | [0m0.1948   [0m | [0m14.2     [0m | [0m2.148    [0m |
[0.04 0.05 0.26 0.28 0.37 0.39 0.43 0.45 0.6  0.65 0.79 0.86 0.93 1.03
 1.06 1.09 1.13 1.21 1.36 1.38 1.4  1.42 1.44 1.46 1.54 1.56 1.56 1.57
 1.61 1.65 1.73 1.75 1.79 1.91 1.96 2.06 2.08 2.08 2.11 2.15 2.23 2.25
 2.37 2.41 2.45 2.47 2.56 2.58 2.65 2.69 2.72 2.95 2.99 3.22 3.62 3.72
 3.94 4.83 5.07 5.47]
var: 1.3833409999999988
| [0m20       [0m | [0m1.873    [0m | [0m0.03209  [0m | [0m35.0     [0m | [0m0.8465   [0m |
[0.04 0.07 0.07 0.08 0.09 0.18 0.2  0.21 0.29 0.32 0.33 0.34 0.4  0.47
 0.54 0.55 0.59 0.63 0.69 0.71 0.75 0.77 0.79 0.8  0.81 0.84 0.84 0.84
 0.85 0.91 0.92 1.01 1.02 1.1  1.11 1.13 1.13 1.25 1.25 1.37 1.38 1.39
 1.46 1.51 1.53 1.58 1.59 1.72 1.81 1.83 1.86 1.95 2.03 2.03 2.05 2.12
 2.16 2.42 2.85 4.22]
var: 0.6105865555555555
| [0m21       [0m | [0m1.096    [0m | [0m0.1048   [0m | [0m12.14    [0m | [0m2.075    [0m |
[0.01 0.09 0.14 0.15 0.16 0.16 0.16 0.18 0.22 0.24 0.25 0.3  0.4  0.47
 0.51 0.55 0.58 0.61 0.65 0.68 0.75 0.79 0.82 0.83 0.87 0.89 1.03 1.09
 1.18 1.18 1.24 1.25 1.26 1.27 1.29 1.33 1.37 1.4  1.44 1.54 1.54 1.54
 1.62 1.65 1.72 1.74 1.8  1.85 1.88 1.96 1.98 2.02 2.08 2.14 2.15 2.26
 2.37 2.96 3.26 4.06]
var: 0.7026394166666663
| [0m22       [0m | [0m1.198    [0m | [0m0.2781   [0m | [0m17.71    [0m | [0m1.221    [0m |
[0.01 0.05 0.22 0.35 0.4  0.6  0.61 0.66 0.7  0.71 0.72 0.72 0.73 0.74
 0.74 0.74 0.85 0.87 0.88 0.88 0.89 0.89 0.92 0.95 1.03 1.04 1.1  1.1
 1.11 1.17 1.18 1.18 1.19 1.23 1.24 1.26 1.28 1.29 1.37 1.39 1.4  1.41
 1.42 1.45 1.49 1.55 1.58 1.59 1.72 1.79 1.8  1.87 1.95 1.95 2.08 2.08
 2.12 2.14 2.41 3.11]
var: 0.34080722222222193
| [0m23       [0m | [0m1.198    [0m | [0m0.1653   [0m | [0m18.85    [0m | [0m2.455    [0m |
[0.   0.02 0.08 0.18 0.19 0.2  0.21 0.29 0.31 0.39 0.39 0.53 0.68 0.68
 0.7  0.72 0.73 0.77 0.8  0.8  0.8  0.81 0.81 0.81 0.88 0.89 1.   1.03
 1.04 1.06 1.1  1.12 1.14 1.15 1.16 1.17 1.21 1.22 1.31 1.33 1.34 1.42
 1.43 1.48 1.53 1.67 1.67 1.71 1.75 1.81 1.94 2.01 2.05 2.15 2.21 2.27
 2.28 2.7  2.98 3.7 ]
var: 0.5612060833333338
| [0m24       [0m | [0m1.164    [0m | [0m0.248    [0m | [0m47.46    [0m | [0m0.8245   [0m |
[0.21 1.05 1.4  1.41 1.55 1.68 1.82 1.82 1.83 1.84 1.89 2.18 2.41 2.5
 2.66 2.71 2.74 2.81 2.84 2.97 3.11 3.19 3.42 3.47 3.49 3.59 3.65 3.68
 3.7  3.71 3.73 3.73 3.74 3.75 3.79 3.9  3.91 4.06 4.08 4.12 4.16 4.5
 4.53 4.54 4.86 4.97 5.12 5.16 5.31 5.32 5.38 5.39 5.49 5.52 5.61 5.71
 5.83 5.9  5.91 7.85]
var: 2.224595555555555
| [95m25       [0m | [95m3.687    [0m | [95m0.05359  [0m | [95m11.64    [0m | [95m0.2169   [0m |
[0.16 0.24 0.28 0.29 0.31 0.35 0.39 0.39 0.39 0.43 0.49 0.51 0.51 0.54
 0.55 0.56 0.6  0.63 0.64 0.72 0.73 0.74 0.81 0.83 0.88 0.89 0.98 0.99
 1.   1.01 1.09 1.1  1.12 1.15 1.18 1.2  1.21 1.29 1.31 1.33 1.34 1.35
 1.4  1.4  1.42 1.5  1.57 1.58 1.65 1.72 1.76 1.79 1.88 1.9  1.97 2.11
 2.39 2.55 3.5  3.89]
var: 0.5412127499999996
| [0m26       [0m | [0m1.142    [0m | [0m0.2722   [0m | [0m8.135    [0m | [0m1.321    [0m |
[0.02 0.03 0.05 0.11 0.35 0.38 0.38 0.43 0.5  0.55 0.59 0.62 0.7  0.75
 0.76 0.77 0.8  0.83 0.84 0.87 0.87 0.95 0.97 1.15 1.2  1.26 1.27 1.33
 1.39 1.39 1.42 1.43 1.46 1.46 1.48 1.56 1.57 1.57 1.61 1.61 1.66 1.81
 1.83 1.84 1.98 2.05 2.16 2.19 2.26 2.46 2.51 2.52 2.53 2.63 2.66 2.75
 2.91 2.99 3.64 4.12]
var: 0.8067698888888886
| [0m27       [0m | [0m1.446    [0m | [0m0.05738  [0m | [0m17.54    [0m | [0m2.18     [0m |
[0.08 0.13 0.15 0.38 0.43 0.62 0.68 0.78 0.8  0.85 0.94 1.01 1.02 1.07
 1.09 1.15 1.16 1.25 1.28 1.31 1.41 1.45 1.46 1.63 1.77 1.93 2.07 2.08
 2.1  2.11 2.17 2.18 2.23 2.24 2.31 2.35 2.41 2.42 2.46 2.54 2.61 2.66
 2.7  2.73 2.92 2.94 3.05 3.18 3.27 3.33 3.35 3.41 3.61 3.77 4.03 4.19
 4.68 4.88 5.21 6.15]
var: 1.71521475
| [0m28       [0m | [0m2.17     [0m | [0m0.03191  [0m | [0m22.18    [0m | [0m0.449    [0m |
[0.03 0.16 0.21 0.24 0.25 0.3  0.33 0.34 0.34 0.38 0.45 0.54 0.55 0.57
 0.57 0.58 0.58 0.59 0.61 0.62 0.62 0.63 0.65 0.68 0.73 0.73 0.77 0.77
 0.78 0.81 0.85 0.95 0.96 1.   1.01 1.05 1.08 1.08 1.18 1.19 1.24 1.32
 1.34 1.36 1.37 1.44 1.45 1.48 1.53 1.57 1.6  1.63 1.69 1.99 2.31 2.32
 2.45 2.62 2.9  3.2 ]
var: 0.4829103055555553
| [0m29       [0m | [0m1.043    [0m | [0m0.2623   [0m | [0m35.26    [0m | [0m1.509    [0m |
[0.05 0.05 0.06 0.08 0.12 0.14 0.14 0.17 0.35 0.37 0.37 0.38 0.38 0.43
 0.43 0.46 0.46 0.48 0.5  0.5  0.56 0.56 0.66 0.68 0.68 0.78 0.82 0.84
 0.87 0.88 0.91 0.92 0.92 0.94 0.97 0.97 0.97 1.01 1.1  1.11 1.16 1.17
 1.24 1.25 1.34 1.4  1.45 1.48 1.48 1.77 1.86 1.88 2.01 2.14 2.18 2.3
 2.72 2.76 3.01 3.44]
var: 0.6002060833333328
| [0m30       [0m | [0m1.019    [0m | [0m0.1009   [0m | [0m29.27    [0m | [0m1.712    [0m |
[0.   0.   0.03 0.05 0.09 0.46 0.46 0.49 0.54 0.56 0.56 0.59 0.59 0.6
 0.61 0.63 0.67 0.71 0.75 0.75 0.76 0.77 0.78 0.81 0.82 0.83 0.84 0.85
 0.88 0.94 0.96 1.11 1.16 1.17 1.17 1.17 1.21 1.22 1.22 1.23 1.25 1.3
 1.38 1.39 1.43 1.49 1.6  1.62 1.63 1.63 1.8  1.95 2.   2.03 2.05 2.32
 2.57 3.08 3.58 4.03]
var: 0.6324436388888887
| [0m31       [0m | [0m1.153    [0m | [0m0.2976   [0m | [0m10.96    [0m | [0m2.63     [0m |
[0.01 0.07 0.18 0.34 0.36 0.56 0.58 0.61 0.65 0.69 0.74 0.81 0.85 0.86
 0.86 0.87 0.89 0.94 0.94 0.94 0.99 1.09 1.09 1.1  1.11 1.14 1.23 1.26
 1.28 1.29 1.34 1.37 1.37 1.39 1.4  1.41 1.42 1.46 1.48 1.49 1.49 1.5
 1.53 1.6  1.72 1.79 1.9  1.9  1.99 2.1  2.31 2.38 2.41 2.41 2.44 2.52
 2.67 2.68 2.78 3.34]
var: 0.5114848888888897
| [0m32       [0m | [0m1.365    [0m | [0m0.04865  [0m | [0m16.58    [0m | [0m2.884    [0m |
[0.03 0.09 0.1  0.16 0.21 0.28 0.28 0.29 0.4  0.44 0.44 0.46 0.54 0.58
 0.6  0.6  0.66 0.67 0.72 0.75 0.78 0.82 0.82 0.83 0.87 0.88 0.88 0.93
 0.93 0.99 1.02 1.03 1.03 1.05 1.1  1.12 1.19 1.3  1.38 1.4  1.41 1.48
 1.5  1.56 1.56 1.75 1.8  1.82 1.83 1.89 2.03 2.11 2.21 2.43 2.6  2.61
 2.65 2.7  3.2  3.37]
var: 0.6339739999999998
| [0m33       [0m | [0m1.186    [0m | [0m0.1271   [0m | [0m15.3     [0m | [0m2.797    [0m |
[0.1  0.11 0.13 0.15 0.17 0.18 0.3  0.48 0.52 0.67 0.71 0.77 0.77 0.92
 0.97 0.97 1.   1.05 1.13 1.16 1.28 1.31 1.39 1.39 1.4  1.42 1.46 1.49
 1.49 1.51 1.52 1.58 1.61 1.61 1.63 1.66 1.71 1.86 1.92 1.95 1.97 1.99
 2.05 2.11 2.14 2.23 2.25 2.26 2.58 2.67 2.72 2.81 2.88 2.89 2.92 3.22
 3.25 3.34 3.68 4.23]
var: 0.9121428888888886
| [0m34       [0m | [0m1.627    [0m | [0m0.2471   [0m | [0m14.77    [0m | [0m0.4911   [0m |
[0.06 0.1  0.11 0.11 0.12 0.14 0.14 0.16 0.18 0.2  0.22 0.26 0.28 0.31
 0.32 0.42 0.45 0.46 0.46 0.5  0.51 0.54 0.55 0.56 0.58 0.59 0.59 0.66
 0.67 0.69 0.74 0.77 0.8  0.8  0.85 0.87 0.87 0.9  0.93 0.93 0.96 1.
 1.   1.08 1.09 1.14 1.15 1.22 1.25 1.37 1.42 1.46 1.53 1.61 1.81 1.89
 1.93 1.96 2.62 2.65]
var: 0.3616178888888884
| [0m35       [0m | [0m0.8257   [0m | [0m0.07096  [0m | [0m39.2     [0m | [0m2.363    [0m |
[0.24 0.41 0.45 0.76 0.81 0.83 0.87 0.89 0.99 1.02 1.04 1.12 1.18 1.2
 1.26 1.26 1.31 1.34 1.34 1.45 1.46 1.54 1.61 1.66 1.67 1.68 1.8  1.84
 1.9  1.91 2.04 2.05 2.06 2.07 2.08 2.18 2.32 2.32 2.34 2.35 2.42 2.48
 2.57 2.64 2.67 2.69 2.7  2.77 2.82 3.14 3.16 3.21 3.28 3.69 3.71 3.75
 4.49 4.64 4.95 6.28]
var: 1.3667683055555555
| [0m36       [0m | [0m2.112    [0m | [0m0.2662   [0m | [0m31.32    [0m | [0m0.1286   [0m |
[0.   0.08 0.15 0.21 0.21 0.23 0.29 0.32 0.35 0.38 0.4  0.48 0.49 0.51
 0.51 0.55 0.58 0.59 0.6  0.63 0.67 0.71 0.71 0.74 0.75 0.82 0.82 0.86
 0.97 1.   1.01 1.03 1.03 1.07 1.08 1.13 1.14 1.23 1.23 1.36 1.41 1.41
 1.42 1.47 1.47 1.47 1.52 1.54 1.65 1.65 1.83 1.98 1.99 2.01 2.05 2.18
 2.23 2.28 2.46 2.63]
var: 0.4271614166666669
| [0m37       [0m | [0m1.06     [0m | [0m0.02514  [0m | [0m37.23    [0m | [0m1.951    [0m |
[0.01 0.02 0.02 0.06 0.1  0.15 0.15 0.17 0.21 0.23 0.28 0.31 0.34 0.36
 0.37 0.37 0.38 0.38 0.5  0.52 0.55 0.56 0.61 0.61 0.63 0.66 0.67 0.69
 0.7  0.7  0.72 0.73 0.74 0.74 0.75 0.77 0.82 0.84 0.87 0.88 0.92 0.94
 0.94 1.08 1.09 1.14 1.15 1.16 1.19 1.22 1.22 1.39 1.39 1.43 1.45 1.45
 1.72 1.84 2.07 3.34]
var: 0.33227055555555557
| [0m38       [0m | [0m0.7883   [0m | [0m0.2343   [0m | [0m39.45    [0m | [0m2.722    [0m |
[0.   0.07 0.12 0.24 0.27 0.31 0.31 0.32 0.35 0.46 0.63 0.64 0.74 0.75
 0.78 0.78 0.81 1.   1.01 1.02 1.04 1.13 1.14 1.15 1.19 1.19 1.19 1.21
 1.21 1.22 1.23 1.24 1.24 1.25 1.29 1.31 1.32 1.32 1.34 1.41 1.43 1.48
 1.53 1.55 1.59 1.65 1.66 1.73 1.74 1.78 1.8  1.83 1.97 2.02 2.02 2.14
 2.41 2.52 2.87 3.04]
var: 0.43087163888888913
| [0m39       [0m | [0m1.233    [0m | [0m0.1124   [0m | [0m40.78    [0m | [0m1.269    [0m |
[0.   0.02 0.04 0.11 0.16 0.18 0.19 0.25 0.36 0.42 0.43 0.45 0.5  0.5
 0.52 0.52 0.53 0.59 0.63 0.63 0.65 0.67 0.71 0.73 0.75 0.76 0.78 0.78
 0.81 0.81 0.85 0.86 0.91 0.98 0.99 1.   1.02 1.06 1.07 1.1  1.19 1.2
 1.28 1.28 1.31 1.32 1.32 1.38 1.39 1.47 1.48 1.5  1.57 1.72 1.9  1.94
 1.98 2.01 2.78 3.03]
var: 0.3872969722222221
| [0m40       [0m | [0m0.9562   [0m | [0m0.165    [0m | [0m19.87    [0m | [0m2.727    [0m |
[0.12 0.17 0.23 0.23 0.29 0.29 0.31 0.33 0.4  0.42 0.48 0.51 0.68 0.73
 0.76 0.81 0.83 1.02 1.06 1.1  1.13 1.14 1.21 1.25 1.25 1.31 1.48 1.7
 1.75 1.77 1.91 1.94 2.   2.1  2.1  2.17 2.2  2.23 2.29 2.55 2.82 3.
 3.01 3.01 3.02 3.07 3.22 3.28 3.33 3.44 3.5  3.59 4.07 4.07 4.5  4.94
 6.41 6.85 8.72]
var: 3.015351220913529
| [0m41       [0m | [0m2.103    [0m | [0m1e-08    [0m | [0m11.21    [0m | [0m0.001    [0m |
[0.01 0.05 0.06 0.16 0.26 0.32 0.38 0.4  0.49 0.5  0.5  0.56 0.6  0.62
 0.64 0.65 0.8  0.87 0.87 0.91 0.92 0.93 0.94 0.95 0.98 1.   1.06 1.08
 1.13 1.15 1.15 1.2  1.23 1.3  1.35 1.37 1.49 1.51 1.52 1.52 1.55 1.6
 1.68 1.75 1.76 1.83 1.94 1.98 2.01 2.02 2.03 2.34 2.45 2.48 2.52 2.72
 2.82 2.88 3.68 5.8 ]
var: 0.9532814166666674
| [0m42       [0m | [0m1.355    [0m | [0m0.102    [0m | [0m32.72    [0m | [0m1.769    [0m |
[0.02 0.05 0.13 0.14 0.15 0.25 0.29 0.29 0.34 0.37 0.42 0.47 0.5  0.5
 0.52 0.56 0.56 0.57 0.6  0.6  0.62 0.68 0.68 0.68 0.69 0.69 0.77 0.79
 0.82 0.83 0.86 0.87 0.88 0.89 0.91 0.92 0.92 1.04 1.05 1.09 1.16 1.21
 1.33 1.35 1.4  1.41 1.41 1.47 1.51 1.56 1.61 1.81 1.85 1.87 1.92 2.46
 2.56 2.75 3.07 3.66]
var: 0.5587576666666668
| [0m43       [0m | [0m1.023    [0m | [0m0.06689  [0m | [0m1.833    [0m | [0m1.649    [0m |
[0.48 0.58 1.11 1.14 1.31 1.57 1.58 1.61 1.64 1.64 1.69 1.76 1.96 1.97
 1.98 2.05 2.06 2.11 2.24 2.27 2.27 2.31 2.4  2.45 2.61 2.7  2.87 2.88
 2.88 2.89 2.9  2.91 3.22 3.27 3.32 3.39 3.47 3.58 3.77 3.85 3.86 3.92
 3.93 3.94 3.95 4.   4.26 4.3  4.31 4.57 4.58 4.87 5.05 5.12 5.32 5.42
 5.67 7.05 7.09 7.5 ]
var: 2.385310000000001
| [0m44       [0m | [0m3.19     [0m | [0m0.08471  [0m | [0m11.64    [0m | [0m0.2688   [0m |
[0.19 0.4  0.44 1.28 1.43 1.53 1.53 1.56 1.74 1.88 2.   2.27 2.3  2.44
 2.51 2.51 2.61 2.67 2.82 2.83 3.05 3.06 3.07 3.12 3.16 3.33 3.38 3.41
 3.53 3.54 3.56 3.58 3.59 3.63 3.68 3.77 3.8  3.95 4.09 4.12 4.19 4.22
 4.28 4.5  4.63 4.71 4.77 4.85 5.1  5.1  5.34 5.4  5.5  5.53 5.68 5.86
 5.93 5.97 5.97 6.54]
var: 2.2630269722222227
| [0m45       [0m | [0m3.524    [0m | [0m0.02382  [0m | [0m11.57    [0m | [0m0.1486   [0m |
[0.   0.   0.   0.   0.   0.   0.   0.   0.   0.   0.   0.   0.   0.
 0.   0.   0.   0.   0.   0.   0.   0.   0.   0.   0.01 0.01 0.02 0.02
 0.02 0.02 0.02 0.03 0.04 0.04 0.05 0.06 0.07 0.07 0.07 0.09 0.09 0.1
 0.11 0.12 0.19 0.21 0.22 0.26 0.27 0.28 0.28 0.3  0.31 0.33 0.42 0.67
 1.21 1.38 1.85 2.09]
var: 0.1740936388888893
| [0m46       [0m | [0m0.1888   [0m | [0m1e-08    [0m | [0m11.72    [0m | [0m0.1315   [0m |
[0.02 0.18 0.28 0.33 0.4  0.4  0.41 0.46 0.48 0.55 0.59 0.61 0.62 0.68
 0.74 0.82 0.84 0.85 0.87 0.88 0.91 0.93 0.97 0.98 1.1  1.11 1.18 1.19
 1.21 1.23 1.31 1.34 1.38 1.39 1.5  1.56 1.61 1.63 1.64 1.64 1.64 1.65
 1.8  1.82 1.85 1.86 1.88 1.95 2.07 2.08 2.18 2.23 2.23 2.25 2.31 2.6
 3.34 3.98 4.03 4.89]
var: 0.8959678888888892
| [0m47       [0m | [0m1.424    [0m | [0m0.1623   [0m | [0m31.35    [0m | [0m0.7264   [0m |
[0.   0.13 0.22 0.27 0.36 0.38 0.48 0.49 0.5  0.61 0.64 0.68 0.69 0.88
 0.9  0.9  0.91 1.05 1.1  1.11 1.12 1.13 1.18 1.19 1.23 1.25 1.33 1.42
 1.44 1.45 1.48 1.5  1.52 1.57 1.58 1.67 1.7  1.88 1.88 1.91 1.97 1.99
 1.99 2.02 2.06 2.31 2.33 2.43 2.44 2.47 2.52 2.65 2.76 2.84 2.98 3.13
 3.26 3.35 3.36 3.37]
var: 0.8007106666666662
| [0m48       [0m | [0m1.566    [0m | [0m0.1154   [0m | [0m13.83    [0m | [0m0.9747   [0m |
[0.13 0.44 0.46 0.84 0.9  1.2  1.44 1.52 1.59 1.62 1.65 1.89 1.96 1.98
 2.02 2.13 2.17 2.23 2.3  2.3  2.32 2.4  2.5  2.52 2.54 2.55 2.68 2.73
 2.74 2.75 2.84 2.88 2.99 3.03 3.11 3.13 3.16 3.17 3.2  3.21 3.24 3.27
 3.29 3.35 3.37 3.53 3.73 3.81 3.81 3.88 3.88 4.58 4.65 4.82 4.95 5.49
 5.68 5.78 6.36 7.39]
var: 2.0226648888888885
| [0m49       [0m | [0m2.935    [0m | [0m0.1318   [0m | [0m11.66    [0m | [0m0.2431   [0m |
[0.05 0.07 0.17 0.2  0.23 0.25 0.39 0.41 0.47 0.5  0.51 0.59 0.6  0.62
 0.64 0.76 0.77 0.79 0.82 0.87 0.9  0.92 0.93 0.97 0.98 0.99 1.06 1.07
 1.16 1.17 1.19 1.2  1.21 1.26 1.32 1.34 1.39 1.53 1.55 1.56 1.57 1.62
 1.66 1.68 1.69 1.73 1.77 1.92 2.01 2.02 2.02 2.08 2.52 2.58 2.6  2.69
 2.77 2.85 3.2  3.79]
var: 0.6717709999999998
| [0m50       [0m | [0m1.303    [0m | [0m0.01276  [0m | [0m18.98    [0m | [0m2.159    [0m |
[0.   0.02 0.06 0.06 0.2  0.22 0.23 0.24 0.26 0.3  0.38 0.41 0.41 0.47
 0.5  0.52 0.53 0.53 0.54 0.56 0.61 0.61 0.63 0.64 0.64 0.65 0.7  0.72
 0.76 0.8  0.86 0.86 0.86 0.87 0.89 0.91 0.91 0.93 0.98 1.   1.02 1.03
 1.11 1.13 1.13 1.17 1.17 1.19 1.19 1.23 1.26 1.28 1.34 1.34 1.43 2.02
 2.21 2.39 2.78 3.06]
var: 0.38059763888888887
| [0m51       [0m | [0m0.8792   [0m | [0m0.2776   [0m | [0m38.01    [0m | [0m1.299    [0m |
[0.09 0.38 0.64 1.2  1.38 1.44 1.6  1.77 1.78 1.79 1.8  1.81 1.91 1.94
 1.96 2.03 2.15 2.15 2.25 2.31 2.35 2.37 2.4  2.44 2.48 2.56 2.69 2.74
 2.75 2.79 2.79 2.82 2.84 2.87 2.93 2.93 2.97 2.97 3.07 3.21 3.37 3.38
 3.46 3.61 3.64 3.69 3.82 3.84 3.99 4.12 4.4  4.43 4.49 4.79 5.02 5.45
 5.46 5.51 8.11 8.39]
var: 2.334928222222222
| [0m52       [0m | [0m3.005    [0m | [0m0.1193   [0m | [0m11.52    [0m | [0m0.1746   [0m |
[0.36 0.6  0.94 0.94 1.11 1.15 1.24 1.53 1.72 1.8  2.06 2.08 2.13 2.14
 2.18 2.21 2.27 2.4  2.46 2.63 2.7  2.72 2.72 2.77 2.86 2.92 3.06 3.18
 3.23 3.26 3.29 3.34 3.35 3.37 3.38 3.38 3.53 3.7  3.74 3.77 3.79 3.8
 3.8  3.83 4.02 4.07 4.1  4.12 4.19 4.19 4.2  4.24 4.58 4.59 4.6  4.64
 5.03 5.79 6.75 7.15]
var: 1.8413772222222222
| [0m53       [0m | [0m3.162    [0m | [0m0.0151   [0m | [0m11.54    [0m | [0m0.2192   [0m |
[0.14 0.86 1.01 1.43 1.47 1.67 1.68 1.78 1.89 2.02 2.05 2.11 2.12 2.12
 2.27 2.36 2.4  2.41 2.52 2.56 2.63 2.75 2.79 2.84 2.89 2.95 3.14 3.2
 3.34 3.38 3.59 3.6  3.67 3.71 3.73 3.96 4.03 4.1  4.15 4.21 4.25 4.29
 4.46 4.57 4.74 4.91 5.05 5.13 5.2  5.22 5.24 5.27 5.34 5.41 5.48 5.52
 5.63 6.26 7.43 7.47]
var: 2.4904600000000006
| [0m54       [0m | [0m3.54     [0m | [0m0.07754  [0m | [0m11.52    [0m | [0m0.1179   [0m |
[0.11 0.12 0.58 0.6  0.65 0.79 0.87 0.97 1.09 1.29 1.3  1.37 1.76 1.8
 1.81 1.83 1.84 1.85 1.91 2.   2.03 2.13 2.18 2.2  2.22 2.39 2.41 2.47
 2.52 2.54 2.6  2.66 2.8  2.84 2.87 2.94 3.03 3.05 3.11 3.16 3.18 3.37
 3.39 3.43 3.47 3.55 3.64 3.74 3.85 3.86 4.16 4.24 4.31 4.75 4.94 5.13
 5.68 5.77 6.21 6.58]
var: 2.1436345555555563
| [0m55       [0m | [0m2.732    [0m | [0m0.1013   [0m | [0m11.6     [0m | [0m0.2045   [0m |
[0.19 0.36 0.42 0.66 0.88 0.92 0.92 1.06 1.12 1.13 1.31 1.36 1.44 1.49
 1.5  1.56 1.63 1.72 1.77 1.79 1.85 1.89 1.9  1.94 2.   2.07 2.15 2.23
 2.26 2.38 2.44 2.45 2.55 2.59 2.63 2.77 2.79 2.85 2.91 2.93 3.01 3.03
 3.08 3.14 3.15 3.18 3.26 3.28 3.38 3.4  3.5  3.58 3.8  3.82 3.89 4.19
 4.53 4.74 5.05 9.83]
var: 2.1296476388888887
| [0m56       [0m | [0m2.494    [0m | [0m0.1701   [0m | [0m18.0     [0m | [0m0.1282   [0m |
[0.04 0.04 0.07 0.08 0.08 0.19 0.25 0.33 0.57 0.62 0.7  0.71 0.71 0.75
 0.78 0.78 0.8  0.81 0.84 0.86 0.94 0.97 1.08 1.23 1.33 1.37 1.38 1.48
 1.5  1.51 1.53 1.58 1.6  1.72 1.72 1.75 1.75 1.83 1.87 1.88 1.92 1.96
 2.04 2.09 2.09 2.11 2.11 2.22 2.3  2.55 2.67 2.68 2.83 2.92 2.95 3.28
 3.44 3.46 3.49 4.19]
var: 0.9712547500000004
| [0m57       [0m | [0m1.556    [0m | [0m0.01516  [0m | [0m36.18    [0m | [0m1.479    [0m |
[0.18 0.42 0.54 0.67 0.7  0.8  0.89 0.9  0.94 0.97 1.09 1.3  1.33 1.45
 1.46 1.53 1.54 1.73 1.73 1.8  1.84 1.92 1.96 1.98 2.01 2.01 2.23 2.34
 2.64 2.7  2.72 2.96 3.2  3.36 3.44 3.75 3.76 3.77 3.9  4.13 4.29 4.46
 4.55 4.69 4.8  4.98 5.   5.01 5.03 5.05 5.48 5.5  5.61 5.69 5.8  5.83
 6.22 6.74 6.86 7.08]
var: 3.6418323333333316
| [0m58       [0m | [0m3.121    [0m | [0m0.0007825[0m | [0m11.52    [0m | [0m0.2258   [0m |
[0.66 1.09 1.29 1.36 1.41 1.65 1.67 1.71 1.79 1.82 2.05 2.18 2.25 2.36
 2.38 2.46 2.61 2.78 2.82 2.83 2.91 2.92 2.93 2.97 2.99 3.02 3.13 3.16
 3.2  3.27 3.32 3.42 3.49 3.58 3.64 3.65 3.69 4.02 4.06 4.19 4.19 4.21
 4.34 4.6  4.66 4.67 4.76 4.81 5.2  5.38 5.39 5.42 5.5  6.29 6.3  6.32
 6.7  6.73 7.25 7.29]
var: 2.609464555555556
| [0m59       [0m | [0m3.612    [0m | [0m0.02218  [0m | [0m11.55    [0m | [0m0.1652   [0m |
[0.65 0.89 0.89 0.9  0.9  0.91 0.91 0.92 0.97 0.97 0.98 1.07 1.1  1.13
 1.13 1.17 1.22 1.23 1.36 1.4  1.4  1.4  1.46 1.48 1.53 1.53 1.59 1.59
 1.63 1.63 1.64 1.65 1.75 1.78 1.81 1.83 1.88 1.95 1.98 2.   2.01 2.04
 2.1  2.14 2.14 2.16 2.17 2.2  2.23 2.36 2.61 2.66 2.67 2.69 2.73 2.92
 3.02 5.01 5.8  7.02]
var: 1.239622750000001
| [0m60       [0m | [0m1.882    [0m | [0m0.07339  [0m | [0m11.46    [0m | [0m0.01875  [0m |
[0.12 0.21 0.42 0.42 0.53 0.6  0.64 0.69 0.74 0.77 0.78 0.78 0.82 0.83
 0.84 0.89 0.95 0.95 0.97 1.   1.02 1.03 1.06 1.09 1.12 1.22 1.25 1.25
 1.26 1.3  1.3  1.31 1.37 1.38 1.39 1.41 1.44 1.45 1.46 1.47 1.53 1.6
 1.68 1.7  1.72 1.74 1.82 1.93 1.98 2.09 2.13 2.16 2.21 2.33 2.4  2.41
 2.52 2.86 3.78 3.96]
var: 0.5619882222222222
| [0m61       [0m | [0m1.401    [0m | [0m0.2927   [0m | [0m37.04    [0m | [0m0.2624   [0m |
[0.17 0.35 0.8  0.93 0.95 1.   1.15 1.71 1.84 1.91 2.11 2.46 2.47 2.53
 2.61 2.65 2.82 2.88 2.88 2.92 2.94 2.95 2.96 2.97 2.97 3.06 3.1  3.1
 3.11 3.13 3.16 3.21 3.25 3.25 3.25 3.29 3.38 3.44 3.65 3.72 3.72 3.73
 3.82 3.9  3.95 4.12 4.15 4.37 4.6  4.63 4.78 4.96 5.1  5.32 5.42 6.06
 6.42 6.42 6.42 6.71]
var: 2.185823638888889
| [0m62       [0m | [0m3.327    [0m | [0m0.122    [0m | [0m11.45    [0m | [0m0.1555   [0m |
[0.   0.   0.   0.   0.01 0.01 0.03 0.03 0.05 0.06 0.07 0.07 0.09 0.16
 0.22 0.31 0.32 0.33 0.39 0.42 0.44 0.45 0.46 0.46 0.46 0.48 0.52 0.53
 0.53 0.54 0.56 0.58 0.79 0.85 0.93 0.95 0.95 1.03 1.03 1.03 1.05 1.08
 1.09 1.13 1.24 1.25 1.27 1.29 1.34 1.38 1.44 1.47 1.55 1.56 1.57 1.92
 1.97 2.02 2.08 2.23]
var: 0.38149363888888926
| [0m63       [0m | [0m0.7678   [0m | [0m0.2831   [0m | [0m33.23    [0m | [0m2.395    [0m |
[0.48 0.49 0.88 0.99 1.26 1.32 1.33 1.36 1.45 1.8  1.8  1.82 1.89 2.04
 2.11 2.16 2.17 2.21 2.23 2.41 2.42 2.47 2.48 2.57 2.76 2.77 2.9  2.99
 3.03 3.05 3.13 3.13 3.17 3.22 3.24 3.31 3.39 3.41 3.47 3.49 3.59 3.65
 3.76 3.77 3.93 3.97 3.99 4.15 4.15 4.3  4.34 4.51 4.56 4.9  4.94 5.04
 5.19 5.68 5.68 9.05]
var: 2.160920972222222
| [0m64       [0m | [0m3.096    [0m | [0m0.08599  [0m | [0m11.41    [0m | [0m0.1641   [0m |
[0.27 0.31 1.02 1.16 1.59 1.62 1.91 2.05 2.06 2.11 2.48 2.54 2.57 2.71
 2.79 2.83 2.9  2.98 2.99 3.01 3.07 3.13 3.21 3.22 3.4  3.52 3.57 3.63
 3.68 3.76 3.77 3.78 3.79 3.81 3.84 3.84 3.85 3.94 3.94 3.98 4.03 4.12
 4.14 4.16 4.2  4.23 4.55 4.55 4.72 4.77 5.06 5.08 5.19 5.28 5.39 5.39
 5.39 6.09 6.1  6.27]
var: 1.7662212222222218
| [0m65       [0m | [0m3.556    [0m | [0m0.01799  [0m | [0m11.41    [0m | [0m0.257    [0m |
[0.1  0.42 1.22 1.36 1.51 1.52 1.59 1.66 1.76 1.96 1.99 2.05 2.14 2.16
 2.18 2.22 2.29 2.31 2.31 2.32 2.32 2.33 2.4  2.46 2.48 2.62 2.88 2.94
 2.95 2.97 2.98 2.98 3.01 3.08 3.19 3.23 3.27 3.39 3.4  3.42 3.45 3.56
 3.72 3.76 3.85 3.92 4.12 4.35 4.35 4.63 4.74 4.95 5.26 5.35 5.91 6.04
 6.2  6.34 6.54 8.37]
var: 2.448517666666668
| [0m66       [0m | [0m3.213    [0m | [0m0.07584  [0m | [0m11.35    [0m | [0m0.2416   [0m |
[0.37 0.52 0.73 0.78 0.79 0.9  0.97 1.15 1.27 1.43 2.01 2.13 2.14 2.14
 2.2  2.21 2.28 2.37 2.39 2.45 2.46 2.46 2.6  2.66 2.96 2.99 3.06 3.06
 3.07 3.13 3.18 3.19 3.19 3.2  3.22 3.27 3.4  3.53 3.57 3.66 3.69 3.71
 3.78 3.81 3.86 3.89 3.9  3.93 4.01 4.08 4.14 4.32 4.47 4.69 5.   5.23
 5.36 5.69 6.7  7.37]
var: 2.0626982222222217
| [0m67       [0m | [0m3.079    [0m | [0m0.02006  [0m | [0m11.41    [0m | [0m0.3625   [0m |
[0.9  0.94 1.05 1.6  1.75 1.82 1.92 2.02 2.08 2.1  2.14 2.31 2.35 2.35
 2.37 2.41 2.42 2.5  2.57 2.61 2.63 2.69 2.73 2.73 2.74 2.77 2.89 2.92
 2.94 3.11 3.2  3.33 3.38 3.41 3.51 3.59 3.59 3.8  3.92 4.05 4.09 4.11
 4.16 4.35 4.4  4.52 4.53 4.58 4.6  4.87 4.91 4.96 5.17 5.23 5.26 5.58
 5.65 6.34 6.43 8.64]
var: 2.152376
| [0m68       [0m | [0m3.442    [0m | [0m0.03757  [0m | [0m11.45    [0m | [0m0.1819   [0m |
[0.02 0.45 0.56 0.6  0.66 0.69 0.71 0.78 0.78 1.04 1.15 1.15 1.37 1.49
 1.66 1.7  1.95 2.01 2.14 2.29 2.32 2.38 2.4  2.75 2.78 2.79 2.92 3.03
 3.08 3.09 3.13 3.43 3.49 3.52 3.75 3.8  3.8  3.89 3.91 4.03 4.08 4.11
 4.24 4.28 4.3  4.41 4.44 4.48 4.66 4.74 4.96 5.01 5.05 5.06 5.17 5.28
 5.33 5.57 5.68 6.36]
var: 2.6289438888888896
| [0m69       [0m | [0m3.078    [0m | [0m0.01471  [0m | [0m11.3     [0m | [0m0.3109   [0m |
[0.28 0.92 1.05 1.1  1.19 1.31 1.34 1.38 1.44 1.65 1.67 1.68 1.71 1.74
 1.79 1.97 1.98 2.03 2.04 2.04 2.04 2.07 2.09 2.18 2.21 2.25 2.26 2.31
 2.32 2.4  2.43 2.47 2.48 2.56 2.62 2.68 2.71 2.75 2.77 2.78 2.88 2.89
 2.89 2.93 2.94 2.96 3.07 3.08 3.22 3.29 3.36 3.47 3.59 3.64 3.68 3.71
 3.81 3.82 4.01 4.51]
var: 0.7337828888888881
| [0m70       [0m | [0m2.441    [0m | [0m0.1273   [0m | [0m11.42    [0m | [0m0.3052   [0m |
[0.11 0.49 0.6  0.6  1.12 1.12 1.12 1.18 1.18 1.19 1.25 1.26 1.28 1.43
 1.68 1.73 1.73 1.75 1.87 1.88 2.03 2.09 2.09 2.14 2.17 2.24 2.29 2.39
 2.39 2.4  2.62 2.63 2.7  2.71 2.79 2.92 2.99 2.99 3.06 3.06 3.13 3.18
 3.23 3.39 3.44 3.44 3.47 3.49 3.5  3.66 3.7  3.75 3.9  4.19 4.35 4.51
 4.56 4.77 5.14 6.1 ]
var: 1.5297014166666676
| [0m71       [0m | [0m2.57     [0m | [0m0.1612   [0m | [0m11.2     [0m | [0m0.3263   [0m |
[0.01 0.02 0.04 0.06 0.13 0.2  0.24 0.27 0.29 0.33 0.42 0.46 0.47 0.55
 0.58 0.6  0.62 0.63 0.65 0.67 0.69 0.8  0.82 0.84 0.84 0.86 0.95 1.01
 1.01 1.05 1.07 1.08 1.15 1.18 1.18 1.19 1.25 1.37 1.4  1.45 1.45 1.47
 1.51 1.54 1.56 1.63 1.7  1.7  1.76 1.79 1.84 1.89 1.94 1.98 2.03 2.05
 2.17 2.54 2.67 3.49]
var: 0.5226656666666669
| [0m72       [0m | [0m1.119    [0m | [0m0.2879   [0m | [0m9.281    [0m | [0m2.605    [0m |
[0.   0.   0.   0.   0.   0.   0.   0.01 0.01 0.01 0.01 0.02 0.03 0.03
 0.03 0.03 0.03 0.04 0.05 0.07 0.08 0.08 0.08 0.13 0.14 0.15 0.18 0.19
 0.22 0.27 0.28 0.28 0.31 0.32 0.34 0.35 0.35 0.38 0.39 0.4  0.41 0.42
 0.46 0.5  0.56 0.59 0.62 0.65 0.68 0.71 0.78 0.86 0.88 0.99 1.37 1.44
 1.55 1.87 2.01 2.41]
var: 0.28396875000000016
| [0m73       [0m | [0m0.4175   [0m | [0m1e-08    [0m | [0m11.29    [0m | [0m0.4628   [0m |
[0.43 0.59 0.63 0.74 0.83 1.15 1.77 1.88 2.11 2.2  2.28 2.3  2.34 2.35
 2.77 2.77 2.81 2.81 2.84 3.06 3.07 3.1  3.19 3.21 3.24 3.24 3.34 3.44
 3.61 3.67 3.83 3.84 3.85 3.91 3.96 3.99 4.06 4.11 4.31 4.41 4.55 4.73
 4.81 5.06 5.09 5.14 5.22 5.32 5.52 5.65 5.67 5.86 5.88 5.91 6.07 6.39
 6.45 6.81 6.85 8.2 ]
var: 2.9907109999999997
| [95m74       [0m | [95m3.787    [0m | [95m0.01482  [0m | [95m11.2     [0m | [95m0.2459   [0m |
[0.13 0.25 0.35 0.61 0.61 0.88 1.62 1.71 1.75 1.75 1.81 1.93 2.15 2.38
 2.43 2.46 2.74 2.78 2.87 2.94 3.01 3.07 3.15 3.24 3.33 3.36 3.46 3.53
 3.55 3.6  3.65 3.67 3.69 3.79 3.8  3.85 3.93 4.12 4.13 4.13 4.14 4.18
 4.22 4.25 4.29 4.32 4.73 4.77 4.82 4.87 5.02 5.17 5.17 5.59 5.94 6.03
 6.36 7.1  7.54 7.97]
var: 2.917624972222222
| [0m75       [0m | [0m3.545    [0m | [0m0.007165 [0m | [0m11.27    [0m | [0m0.2276   [0m |
[0.86 1.13 1.39 1.44 1.88 2.06 2.08 2.14 2.18 2.21 2.23 2.24 2.26 2.28
 2.34 2.35 2.36 2.37 2.39 2.41 2.51 2.7  2.72 2.74 2.78 2.84 2.88 2.89
 2.94 2.98 3.06 3.13 3.14 3.14 3.2  3.27 3.39 3.44 3.46 3.51 3.57 3.58
 3.59 3.66 3.73 3.79 4.12 4.13 4.13 4.15 4.55 4.56 4.85 5.23 5.25 5.35
 5.55 5.69 6.39 7.99]
var: 1.7025676666666678
| [0m76       [0m | [0m3.253    [0m | [0m0.07859  [0m | [0m11.09    [0m | [0m0.1597   [0m |
[0.12 0.28 0.91 0.99 1.   1.3  1.4  1.59 1.64 1.66 1.9  1.93 1.97 1.98
 2.   2.08 2.1  2.2  2.4  2.45 2.47 2.52 2.59 2.65 2.76 2.85 2.85 2.9
 2.92 3.01 3.08 3.11 3.21 3.25 3.26 3.32 3.39 3.43 3.49 3.63 3.79 3.85
 3.89 4.04 4.08 4.09 4.2  4.22 4.31 4.43 4.66 4.7  5.01 5.09 5.1  5.14
 5.27 5.29 5.45 5.53]
var: 1.7920769722222227
| [0m77       [0m | [0m3.079    [0m | [0m0.1116   [0m | [0m11.11    [0m | [0m0.2256   [0m |
[0.05 0.07 0.17 0.29 0.32 0.34 0.37 0.37 0.39 0.49 0.5  0.54 0.59 0.69
 0.74 0.75 0.76 0.78 0.85 0.85 0.87 0.9  0.96 0.97 0.98 0.98 1.03 1.13
 1.13 1.16 1.19 1.2  1.25 1.28 1.29 1.38 1.38 1.4  1.46 1.52 1.53 1.6
 1.62 1.63 1.64 1.67 1.77 1.85 1.87 1.94 1.95 1.96 2.01 2.11 2.33 2.68
 3.3  3.34 3.65 4.1 ]
var: 0.7260648888888889
| [0m78       [0m | [0m1.299    [0m | [0m0.1573   [0m | [0m15.98    [0m | [0m1.794    [0m |
[0.37 0.48 0.49 0.52 1.18 1.23 1.24 1.57 1.93 2.06 2.18 2.19 2.21 2.24
 2.39 2.46 2.47 2.51 2.74 2.75 2.86 2.87 2.87 2.94 2.99 3.01 3.02 3.04
 3.11 3.11 3.14 3.17 3.23 3.3  3.35 3.4  3.54 3.55 3.6  3.65 3.65 3.75
 3.76 3.83 3.93 4.02 4.16 4.17 4.25 4.54 4.69 4.9  4.94 5.23 5.56 6.59
 6.65 6.66 6.72 7.94]
var: 2.4928216666666656
| [0m79       [0m | [0m3.315    [0m | [0m0.08036  [0m | [0m11.27    [0m | [0m0.1779   [0m |
[0.35 0.8  0.98 1.17 1.41 1.5  1.67 1.68 1.77 2.01 2.04 2.12 2.17 2.19
 2.37 2.37 2.5  2.53 2.55 2.63 2.64 2.66 2.75 2.8  2.85 2.87 2.9  2.94
 3.02 3.13 3.18 3.23 3.23 3.25 3.26 3.31 3.42 3.45 3.48 3.68 3.69 3.7
 3.79 3.86 3.87 3.88 3.99 4.16 4.2  4.26 4.27 4.63 4.77 4.93 5.1  5.55
 5.6  5.77 5.79 6.44]
var: 1.6636883055555556
| [0m80       [0m | [0m3.185    [0m | [0m0.05307  [0m | [0m10.98    [0m | [0m0.3094   [0m |
=============================================================
None
num_trials:  40  inits,  40  iters,  60  per
rho:  1
pthin:  0.92

Best VPT: 3.7870000000000017
Best result: {'a': 0.014820449740675128, 'g': 11.195356394417077, 's': 0.2458700073124046}

KERNEL: nu=1.5, lengthscale=2.0, alpha=0.0005
