|   iter    |  target   |     a     |     g     |     s     |
-------------------------------------------------------------
[0.07 0.07 0.11 0.13 0.18 0.18 0.19 0.21 0.22 0.24 0.28 0.31 0.42 0.44
 0.45 0.48 0.51 0.52 0.55 0.56 0.57 0.57 0.58 0.58 0.59 0.62 0.65 0.66
 0.66 0.68 0.7  0.71 0.76 0.77 0.89 0.98 0.99 1.   1.02 1.06 1.07 1.1
 1.18 1.18 1.19 1.19 1.2  1.28 1.28 1.34 1.35 1.38 1.39 1.4  1.44 1.71
 1.72 1.81 2.04 2.33]
var: 0.26629566666666654
| [0m1        [0m | [0m0.829    [0m | [0m0.1513   [0m | [0m8.006    [0m | [0m1.095    [0m |
[0.05 0.06 0.1  0.12 0.24 0.25 0.26 0.27 0.31 0.35 0.36 0.49 0.53 0.56
 0.57 0.58 0.65 0.68 0.72 0.75 0.78 0.78 0.79 0.79 0.79 0.81 0.81 0.82
 0.82 0.84 0.9  0.91 0.91 0.91 0.92 0.94 0.96 1.01 1.03 1.04 1.05 1.06
 1.09 1.1  1.11 1.15 1.23 1.23 1.28 1.28 1.31 1.31 1.32 1.34 1.35 1.36
 1.57 1.61 1.82 1.98]
var: 0.18317830555555575
| [95m2        [0m | [95m0.8668   [0m | [95m0.121    [0m | [95m11.37    [0m | [95m2.671    [0m |
[0.   0.1  0.11 0.13 0.23 0.23 0.37 0.43 0.45 0.46 0.47 0.49 0.52 0.55
 0.58 0.59 0.59 0.6  0.61 0.67 0.67 0.68 0.7  0.7  0.7  0.74 0.75 0.79
 0.8  0.81 0.82 0.82 0.83 0.85 0.86 0.91 0.93 0.95 1.   1.1  1.14 1.15
 1.16 1.16 1.29 1.32 1.33 1.35 1.37 1.4  1.42 1.55 1.56 1.59 1.8  1.88
 1.97 2.   2.09 2.17]
var: 0.2692060833333334
| [95m3        [0m | [95m0.9215   [0m | [95m0.2967   [0m | [95m31.41    [0m | [95m1.714    [0m |
[0.42 0.51 0.55 0.57 0.59 0.64 0.76 0.84 0.84 0.85 0.86 0.95 0.98 1.
 1.1  1.12 1.12 1.15 1.25 1.26 1.58 1.64 1.7  1.81 1.81 1.81 1.83 1.91
 1.95 1.99 2.02 2.02 2.02 2.02 2.06 2.12 2.17 2.2  2.21 2.22 2.28 2.31
 2.31 2.31 2.37 2.45 2.54 2.55 2.57 2.61 2.73 2.73 2.74 2.79 2.81 2.92
 3.31 3.65 3.98 4.28]
var: 0.7669283055555561
| [95m4        [0m | [95m1.878    [0m | [95m0.1735   [0m | [95m18.69    [0m | [95m0.1078   [0m |
[0.   0.02 0.02 0.06 0.16 0.23 0.28 0.3  0.33 0.33 0.41 0.49 0.51 0.54
 0.55 0.57 0.57 0.58 0.61 0.67 0.73 0.74 0.77 0.77 0.8  0.83 0.88 0.89
 1.   1.05 1.1  1.17 1.21 1.24 1.3  1.33 1.35 1.44 1.49 1.49 1.54 1.56
 1.59 1.65 1.65 1.66 1.71 1.88 1.89 1.92 1.95 2.   2.03 2.07 2.09 2.37
 2.5  3.21 3.97 4.58]
var: 0.8165947499999989
| [0m5        [0m | [0m1.211    [0m | [0m0.1149   [0m | [0m29.43    [0m | [0m1.181    [0m |
[0.31 0.41 0.62 0.69 0.73 0.74 0.74 0.77 0.78 0.8  0.81 0.83 0.89 0.95
 0.98 0.99 1.01 1.08 1.08 1.11 1.15 1.15 1.15 1.15 1.2  1.27 1.33 1.34
 1.35 1.35 1.4  1.4  1.42 1.46 1.51 1.52 1.56 1.56 1.56 1.63 1.63 1.73
 1.78 1.83 1.84 1.92 2.02 2.03 2.14 2.22 2.31 2.37 2.5  2.51 2.61 2.67
 3.24 3.4  4.1  4.12]
var: 0.6531043055555552
| [0m6        [0m | [0m1.546    [0m | [0m0.09699  [0m | [0m13.87    [0m | [0m0.3913   [0m |
[0.   0.07 0.1  0.11 0.16 0.26 0.35 0.36 0.36 0.39 0.39 0.41 0.46 0.46
 0.48 0.52 0.55 0.55 0.57 0.59 0.6  0.6  0.62 0.62 0.64 0.64 0.67 0.68
 0.68 0.71 0.73 0.74 0.76 0.76 0.78 0.79 0.82 0.84 0.92 0.94 1.   1.04
 1.06 1.09 1.1  1.12 1.15 1.15 1.16 1.18 1.22 1.22 1.35 1.46 1.55 1.61
 1.68 2.01 2.03 2.48]
var: 0.2444045555555555
| [0m7        [0m | [0m0.8223   [0m | [0m0.2887   [0m | [0m25.03    [0m | [0m0.7405   [0m |
[0.   0.05 0.06 0.08 0.1  0.12 0.17 0.17 0.21 0.21 0.26 0.29 0.3  0.3
 0.31 0.32 0.32 0.32 0.33 0.33 0.33 0.35 0.35 0.35 0.38 0.39 0.41 0.43
 0.46 0.47 0.48 0.5  0.53 0.55 0.55 0.57 0.6  0.6  0.61 0.61 0.61 0.62
 0.63 0.66 0.67 0.68 0.69 0.7  0.78 0.8  0.82 0.83 0.86 0.87 0.94 0.97
 1.08 1.1  1.23 1.28]
var: 0.08630830555555548
| [0m8        [0m | [0m0.5098   [0m | [0m0.1183   [0m | [0m0.8673   [0m | [0m1.415    [0m |
[0.14 0.15 0.21 0.22 0.27 0.28 0.3  0.32 0.33 0.34 0.34 0.4  0.42 0.43
 0.43 0.44 0.49 0.53 0.54 0.55 0.58 0.62 0.64 0.68 0.71 0.72 0.72 0.76
 0.79 0.79 0.8  0.81 0.84 0.91 0.92 0.93 0.95 0.97 1.   1.   1.   1.01
 1.01 1.16 1.17 1.18 1.26 1.27 1.3  1.31 1.31 1.32 1.37 1.38 1.44 1.45
 1.72 1.8  1.92 2.52]
var: 0.23237697222222256
| [0m9        [0m | [0m0.8528   [0m | [0m0.2493   [0m | [0m17.3     [0m | [0m1.685    [0m |
[0.03 0.04 0.05 0.07 0.08 0.12 0.16 0.17 0.19 0.2  0.28 0.35 0.37 0.38
 0.45 0.5  0.54 0.55 0.6  0.61 0.62 0.66 0.69 0.69 0.73 0.74 0.76 0.78
 0.79 0.79 0.8  0.84 0.87 0.89 0.89 0.98 1.02 1.06 1.1  1.11 1.12 1.16
 1.23 1.24 1.24 1.26 1.28 1.33 1.34 1.44 1.44 1.45 1.51 1.52 1.53 1.53
 1.56 1.68 1.96 2.46]
var: 0.2806603055555556
| [0m10       [0m | [0m0.8638   [0m | [0m0.146    [0m | [0m43.06    [0m | [0m0.506    [0m |
[0.   0.1  0.12 0.13 0.17 0.22 0.35 0.36 0.38 0.38 0.47 0.62 0.64 0.66
 0.67 0.68 0.69 0.71 0.73 0.8  0.84 0.88 0.89 0.91 0.92 0.92 0.94 0.96
 0.97 1.06 1.12 1.15 1.17 1.2  1.22 1.24 1.24 1.28 1.33 1.36 1.36 1.51
 1.56 1.57 1.69 1.73 1.74 1.74 1.77 1.82 1.88 1.97 2.04 2.13 2.23 2.29
 2.56 2.62 3.53 5.  ]
var: 0.7379665555555555
| [0m11       [0m | [0m1.22     [0m | [0m0.1169   [0m | [0m17.48    [0m | [0m1.31     [0m |
[0.18 0.22 0.26 0.28 0.41 0.42 0.51 0.51 0.54 0.6  0.66 0.66 0.7  0.7
 0.72 0.82 0.85 0.86 0.87 0.9  0.91 0.91 0.92 0.99 1.01 1.02 1.02 1.05
 1.06 1.07 1.07 1.08 1.1  1.11 1.12 1.18 1.2  1.21 1.21 1.31 1.37 1.41
 1.41 1.46 1.47 1.47 1.5  1.53 1.58 1.75 1.77 1.8  1.83 1.85 1.93 1.96
 2.03 2.24 2.39 2.87]
var: 0.30875622222222215
| [0m12       [0m | [0m1.147    [0m | [0m0.2918   [0m | [0m9.247    [0m | [0m0.3437   [0m |
[0.02 0.02 0.05 0.06 0.06 0.06 0.09 0.09 0.13 0.13 0.14 0.24 0.28 0.3
 0.33 0.36 0.37 0.43 0.45 0.47 0.52 0.54 0.56 0.6  0.67 0.71 0.71 0.75
 0.76 0.76 0.81 0.81 0.83 0.9  0.9  0.98 0.98 1.03 1.12 1.14 1.19 1.22
 1.23 1.26 1.29 1.3  1.31 1.32 1.43 1.45 1.7  1.77 1.84 1.89 1.89 1.95
 1.98 2.15 2.31 3.24]
var: 0.4695526666666666
| [0m13       [0m | [0m0.898    [0m | [0m0.1151   [0m | [0m32.31    [0m | [0m1.083    [0m |
[0.01 0.12 0.14 0.38 0.39 0.41 0.46 0.47 0.48 0.54 0.55 0.57 0.58 0.58
 0.58 0.61 0.64 0.64 0.65 0.67 0.68 0.68 0.83 0.88 0.89 0.9  0.94 0.94
 1.   1.01 1.03 1.04 1.07 1.14 1.18 1.22 1.25 1.29 1.32 1.33 1.35 1.49
 1.53 1.55 1.63 1.67 1.69 1.69 1.73 1.86 1.9  1.91 2.03 2.29 2.32 2.38
 2.57 2.76 2.9  2.95]
var: 0.5032060833333337
| [0m14       [0m | [0m1.172    [0m | [0m0.2798   [0m | [0m48.62    [0m | [0m0.3446   [0m |
[0.   0.13 0.13 0.16 0.18 0.2  0.2  0.26 0.27 0.3  0.31 0.32 0.4  0.44
 0.45 0.46 0.52 0.52 0.52 0.56 0.59 0.61 0.63 0.69 0.71 0.73 0.74 0.74
 0.8  0.81 0.82 0.83 0.89 0.93 0.94 0.94 0.97 1.03 1.03 1.06 1.06 1.06
 1.07 1.09 1.12 1.13 1.16 1.17 1.17 1.18 1.2  1.34 1.4  1.41 1.54 1.59
 1.82 1.86 1.86 2.58]
var: 0.25536697222222177
| [0m15       [0m | [0m0.8438   [0m | [0m0.24     [0m | [0m19.75    [0m | [0m1.92     [0m |
[0.   0.02 0.03 0.07 0.07 0.08 0.13 0.22 0.23 0.37 0.37 0.4  0.41 0.41
 0.43 0.45 0.47 0.51 0.58 0.62 0.69 0.69 0.7  0.71 0.73 0.74 0.74 0.78
 0.81 0.85 0.85 0.88 0.9  0.91 0.92 0.92 0.98 0.98 1.08 1.15 1.16 1.18
 1.21 1.22 1.3  1.3  1.32 1.33 1.33 1.35 1.39 1.46 1.54 1.55 1.64 1.79
 1.86 1.98 2.17 2.2 ]
var: 0.30046066666666693
| [0m16       [0m | [0m0.886    [0m | [0m0.05447  [0m | [0m6.997    [0m | [0m2.094    [0m |
[0.   0.   0.05 0.14 0.14 0.17 0.2  0.22 0.25 0.28 0.35 0.38 0.39 0.39
 0.4  0.48 0.48 0.5  0.51 0.53 0.57 0.57 0.61 0.62 0.71 0.72 0.72 0.75
 0.76 0.8  0.85 1.   1.01 1.01 1.04 1.05 1.06 1.1  1.12 1.16 1.19 1.23
 1.27 1.31 1.43 1.43 1.45 1.49 1.73 1.89 1.95 2.   2.09 2.11 2.2  2.24
 2.54 2.95 3.42 4.15]
var: 0.7198795555555558
| [0m17       [0m | [0m1.053    [0m | [0m0.06383  [0m | [0m18.2     [0m | [0m0.6822   [0m |
[0.04 0.04 0.05 0.09 0.12 0.16 0.16 0.21 0.24 0.25 0.26 0.34 0.37 0.38
 0.43 0.43 0.44 0.46 0.49 0.58 0.6  0.6  0.62 0.65 0.66 0.7  0.72 0.73
 0.74 0.75 0.76 0.83 0.84 0.89 0.91 0.92 0.93 0.97 0.98 0.99 0.99 1.06
 1.09 1.09 1.11 1.25 1.27 1.32 1.35 1.37 1.4  1.43 1.51 1.54 1.63 1.67
 1.8  2.07 2.15 2.47]
var: 0.30597055555555547
| [0m18       [0m | [0m0.8483   [0m | [0m0.1281   [0m | [0m39.89    [0m | [0m1.274    [0m |
[0.   0.   0.   0.01 0.02 0.02 0.02 0.03 0.04 0.05 0.05 0.05 0.18 0.19
 0.23 0.24 0.3  0.33 0.35 0.39 0.39 0.42 0.44 0.48 0.48 0.52 0.52 0.53
 0.55 0.56 0.58 0.6  0.65 0.66 0.69 0.71 0.75 0.77 0.78 0.79 0.91 0.96
 1.   1.   1.02 1.08 1.1  1.11 1.17 1.24 1.26 1.37 1.4  1.42 1.43 1.44
 1.66 1.86 1.97 2.11]
var: 0.2927815555555549
| [0m19       [0m | [0m0.6813   [0m | [0m0.02495  [0m | [0m47.3     [0m | [0m2.913    [0m |
[0.   0.01 0.02 0.05 0.05 0.06 0.08 0.08 0.1  0.11 0.14 0.14 0.18 0.18
 0.2  0.22 0.31 0.32 0.36 0.36 0.38 0.41 0.42 0.46 0.49 0.53 0.53 0.57
 0.58 0.6  0.62 0.62 0.63 0.63 0.64 0.66 0.67 0.69 0.7  0.72 0.74 0.78
 0.84 0.86 0.88 0.88 0.89 0.91 0.93 0.95 1.   1.08 1.13 1.14 1.14 1.55
 1.64 1.68 1.7  2.22]
var: 0.22474122222222226
| [0m20       [0m | [0m0.6243   [0m | [0m0.0394   [0m | [0m32.32    [0m | [0m2.935    [0m |
[0.01 0.05 0.05 0.11 0.11 0.14 0.15 0.19 0.19 0.19 0.24 0.29 0.29 0.29
 0.33 0.35 0.35 0.35 0.35 0.36 0.36 0.37 0.38 0.39 0.42 0.49 0.5  0.52
 0.55 0.62 0.62 0.62 0.69 0.69 0.7  0.71 0.73 0.75 0.75 0.76 0.81 0.81
 0.85 0.9  0.97 0.98 1.02 1.03 1.05 1.14 1.16 1.16 1.21 1.25 1.26 1.28
 1.44 1.63 1.75 2.04]
var: 0.20281541666666686
| [0m21       [0m | [0m0.6625   [0m | [0m0.2286   [0m | [0m16.13    [0m | [0m0.9866   [0m |
[0.02 0.06 0.15 0.18 0.2  0.26 0.36 0.41 0.55 0.59 0.6  0.65 0.65 0.67
 0.67 0.7  0.71 0.75 0.76 0.8  0.81 0.85 0.9  0.91 0.91 0.92 0.93 0.93
 0.95 0.99 0.99 0.99 1.   1.02 1.03 1.04 1.04 1.04 1.06 1.08 1.25 1.26
 1.27 1.28 1.28 1.41 1.43 1.55 1.55 1.6  1.66 1.73 1.84 2.05 2.06 2.63
 2.72 2.82 2.92 3.48]
var: 0.5029348888888895
| [0m22       [0m | [0m1.115    [0m | [0m0.1973   [0m | [0m22.0     [0m | [0m0.4743   [0m |
[0.01 0.02 0.04 0.06 0.12 0.17 0.21 0.24 0.27 0.27 0.27 0.28 0.3  0.33
 0.39 0.46 0.48 0.56 0.57 0.58 0.59 0.62 0.64 0.66 0.67 0.67 0.68 0.7
 0.74 0.76 0.77 0.87 0.89 0.91 0.94 0.98 0.99 1.07 1.08 1.11 1.11 1.16
 1.2  1.24 1.24 1.26 1.3  1.33 1.35 1.35 1.36 1.44 1.51 1.53 1.54 1.63
 1.65 1.77 2.14 2.29]
var: 0.2860203055555552
| [0m23       [0m | [0m0.8562   [0m | [0m0.06043  [0m | [0m30.31    [0m | [0m1.607    [0m |
[0.21 0.34 0.85 0.92 0.94 0.96 1.02 1.05 1.11 1.16 1.2  1.34 1.39 1.5
 1.51 1.57 1.64 1.65 1.71 1.71 1.72 1.73 1.74 1.8  1.99 2.03 2.07 2.07
 2.11 2.14 2.15 2.19 2.19 2.26 2.32 2.36 2.37 2.38 2.38 2.47 2.49 2.5
 2.5  2.66 2.68 2.69 2.71 2.72 2.73 3.1  3.14 3.26 3.34 3.67 4.16 4.42
 4.53 4.83 5.49 6.61]
var: 1.4014748888888886
| [95m24       [0m | [95m2.275    [0m | [95m0.006474 [0m | [95m6.006    [0m | [95m0.2241   [0m |
[0.02 0.07 0.08 0.21 0.23 0.25 0.55 0.65 0.66 0.7  0.75 0.77 0.78 0.89
 0.95 0.96 0.97 1.11 1.12 1.2  1.23 1.26 1.28 1.3  1.33 1.36 1.56 1.57
 1.58 1.59 1.69 1.71 1.74 1.79 1.81 1.92 1.94 1.96 1.97 2.01 2.1  2.2
 2.22 2.27 2.43 2.45 2.52 2.6  2.64 2.64 2.66 2.74 3.12 3.17 3.23 3.46
 3.75 3.94 4.48 5.17]
var: 1.202471638888889
| [0m25       [0m | [0m1.755    [0m | [0m0.01071  [0m | [0m28.58    [0m | [0m0.7824   [0m |
[0.   0.01 0.01 0.03 0.03 0.06 0.08 0.1  0.1  0.11 0.14 0.16 0.16 0.18
 0.18 0.2  0.24 0.25 0.27 0.28 0.3  0.31 0.32 0.34 0.35 0.38 0.39 0.39
 0.4  0.43 0.45 0.47 0.51 0.54 0.58 0.61 0.61 0.62 0.65 0.67 0.68 0.72
 0.74 0.77 0.77 0.77 0.81 0.91 0.92 0.97 0.98 0.99 1.01 1.18 1.23 1.4
 1.42 1.45 1.99 2.17]
var: 0.2214283055555558
| [0m26       [0m | [0m0.5632   [0m | [0m0.06525  [0m | [0m1.204    [0m | [0m1.104    [0m |
[0.11 0.12 0.15 0.24 0.28 0.31 0.33 0.37 0.4  0.4  0.46 0.47 0.47 0.57
 0.58 0.6  0.66 0.75 0.78 0.78 0.78 0.79 0.8  0.84 0.85 0.85 0.86 0.88
 0.89 0.89 0.89 0.91 0.91 0.96 0.96 0.97 1.07 1.09 1.17 1.19 1.2  1.28
 1.28 1.31 1.31 1.36 1.36 1.37 1.37 1.43 1.54 1.55 1.59 1.62 1.69 1.75
 1.83 1.91 1.99 2.18]
var: 0.24602722222222245
| [0m27       [0m | [0m0.9717   [0m | [0m0.1475   [0m | [0m15.72    [0m | [0m1.834    [0m |
[0.   0.   0.05 0.2  0.2  0.22 0.25 0.26 0.27 0.27 0.32 0.34 0.41 0.41
 0.42 0.43 0.58 0.63 0.63 0.64 0.64 0.71 0.73 0.74 0.78 0.8  0.81 0.82
 0.83 0.83 0.84 0.86 0.91 0.91 0.96 1.03 1.03 1.08 1.12 1.12 1.23 1.25
 1.27 1.3  1.35 1.37 1.44 1.45 1.53 1.67 1.78 1.84 1.87 1.87 1.89 1.89
 1.93 1.99 2.37 2.52]
var: 0.37507830555555516
| [0m28       [0m | [0m0.9648   [0m | [0m0.1393   [0m | [0m20.81    [0m | [0m1.132    [0m |
[0.04 0.06 0.13 0.13 0.14 0.14 0.15 0.16 0.19 0.24 0.25 0.3  0.3  0.33
 0.35 0.37 0.43 0.52 0.56 0.62 0.64 0.65 0.65 0.67 0.68 0.68 0.7  0.71
 0.79 0.84 0.85 0.86 0.87 0.89 0.9  0.9  0.91 0.92 0.94 0.95 0.95 0.98
 1.04 1.05 1.06 1.08 1.09 1.16 1.2  1.26 1.26 1.26 1.3  1.32 1.69 2.07
 2.4  2.47 3.26 3.76]
var: 0.5060080833333325
| [0m29       [0m | [0m0.8845   [0m | [0m0.2874   [0m | [0m13.33    [0m | [0m1.309    [0m |
[0.24 0.62 0.78 0.89 0.91 1.01 1.03 1.04 1.1  1.12 1.3  1.34 1.38 1.43
 1.47 1.48 1.57 1.59 1.6  1.68 1.72 1.79 1.82 1.87 1.92 1.96 1.98 2.04
 2.22 2.25 2.27 2.28 2.29 2.33 2.36 2.37 2.41 2.44 2.52 2.54 2.56 2.63
 2.65 2.69 2.89 2.91 3.23 3.38 3.5  3.64 3.69 3.74 3.76 3.84 3.91 4.02
 4.38 5.13 5.42 6.41]
var: 1.477731222222223
| [95m30       [0m | [95m2.356    [0m | [95m0.007029 [0m | [95m13.23    [0m | [95m0.341    [0m |
[0.06 0.07 0.1  0.12 0.12 0.14 0.22 0.31 0.42 0.43 0.44 0.45 0.48 0.52
 0.61 0.65 0.65 0.65 0.68 0.71 0.73 0.74 0.74 0.76 0.76 0.81 0.87 0.88
 1.   1.03 1.12 1.12 1.13 1.17 1.18 1.19 1.22 1.23 1.24 1.27 1.3  1.32
 1.33 1.55 1.58 1.6  1.61 1.65 1.77 1.88 1.95 1.97 2.02 2.08 2.25 2.66
 2.77 2.79 3.37 3.56]
var: 0.6360180833333335
| [0m31       [0m | [0m1.151    [0m | [0m0.06596  [0m | [0m35.01    [0m | [0m0.945    [0m |
[0.13 0.23 0.53 0.6  0.6  0.66 0.67 0.68 0.7  0.74 0.78 0.79 0.79 0.81
 0.84 0.88 0.9  0.92 0.93 0.93 0.95 0.99 1.04 1.06 1.13 1.22 1.24 1.24
 1.28 1.3  1.32 1.38 1.4  1.47 1.5  1.51 1.54 1.58 1.61 1.62 1.63 1.64
 1.77 1.85 1.96 1.98 2.02 2.05 2.11 2.26 2.54 2.76 2.92 2.94 3.11 3.35
 3.37 3.43 3.61 4.84]
var: 0.8781269722222212
| [0m32       [0m | [0m1.544    [0m | [0m0.1162   [0m | [0m16.22    [0m | [0m0.3428   [0m |
[0.03 0.09 0.09 0.14 0.16 0.17 0.17 0.18 0.25 0.29 0.34 0.44 0.44 0.46
 0.47 0.49 0.49 0.5  0.52 0.57 0.63 0.63 0.64 0.65 0.69 0.73 0.74 0.75
 0.77 0.78 0.8  0.81 0.85 0.86 0.86 0.88 0.9  0.91 0.93 0.95 1.04 1.1
 1.13 1.15 1.17 1.2  1.21 1.21 1.24 1.27 1.29 1.33 1.36 1.51 1.52 1.59
 1.95 2.03 2.52 2.71]
var: 0.31066655555555556
| [0m33       [0m | [0m0.8597   [0m | [0m0.1919   [0m | [0m5.857    [0m | [0m1.374    [0m |
[0.06 0.08 0.1  0.12 0.18 0.27 0.36 0.4  0.43 0.47 0.52 0.6  0.61 0.65
 0.68 0.72 0.74 0.75 0.77 0.78 0.78 0.79 0.8  0.8  0.87 0.89 0.93 1.05
 1.06 1.09 1.14 1.16 1.23 1.24 1.26 1.33 1.34 1.35 1.35 1.37 1.38 1.4
 1.42 1.47 1.5  1.55 1.59 1.6  1.63 1.67 1.76 1.81 1.84 1.96 2.03 2.15
 2.26 2.82 3.37 4.24]
var: 0.5871236388888889
| [0m34       [0m | [0m1.176    [0m | [0m0.05581  [0m | [0m24.21    [0m | [0m0.975    [0m |
[0.   0.   0.01 0.02 0.06 0.07 0.09 0.1  0.11 0.25 0.32 0.34 0.38 0.4
 0.41 0.41 0.42 0.44 0.45 0.46 0.48 0.52 0.53 0.54 0.66 0.66 0.67 0.69
 0.69 0.71 0.72 0.76 0.76 0.76 0.77 0.78 0.8  0.81 0.83 0.93 0.96 0.96
 0.99 1.02 1.08 1.09 1.1  1.17 1.26 1.27 1.29 1.33 1.42 1.43 1.55 1.57
 1.72 1.86 1.88 1.92]
var: 0.25194822222222213
| [0m35       [0m | [0m0.7613   [0m | [0m0.1081   [0m | [0m38.5     [0m | [0m1.307    [0m |
[0.   0.05 0.06 0.12 0.14 0.15 0.16 0.17 0.19 0.24 0.25 0.26 0.26 0.27
 0.29 0.37 0.4  0.45 0.48 0.48 0.48 0.49 0.5  0.5  0.52 0.54 0.55 0.57
 0.59 0.6  0.65 0.67 0.69 0.71 0.72 0.73 0.74 0.77 0.77 0.78 0.83 0.84
 0.85 0.87 0.94 0.95 1.03 1.07 1.07 1.11 1.13 1.16 1.22 1.22 1.23 1.24
 1.5  1.52 1.6  2.47]
var: 0.20746497222222224
| [0m36       [0m | [0m0.6868   [0m | [0m0.1879   [0m | [0m34.04    [0m | [0m2.684    [0m |
[0.37 0.5  0.54 0.55 0.55 0.56 0.57 0.57 0.63 0.64 0.65 0.67 0.67 0.75
 0.8  0.82 0.84 0.86 0.86 0.88 0.93 0.95 1.04 1.05 1.05 1.09 1.1  1.11
 1.11 1.12 1.15 1.18 1.18 1.19 1.26 1.26 1.31 1.37 1.39 1.41 1.42 1.43
 1.43 1.46 1.48 1.52 1.56 1.58 1.62 1.63 1.66 1.69 1.73 1.78 1.78 1.95
 1.97 2.17 2.77 3.23]
var: 0.294019416666667
| [0m37       [0m | [0m1.207    [0m | [0m0.2266   [0m | [0m41.75    [0m | [0m0.2124   [0m |
[0.05 0.07 0.07 0.11 0.16 0.19 0.19 0.22 0.27 0.28 0.29 0.36 0.38 0.41
 0.44 0.46 0.47 0.53 0.54 0.56 0.57 0.59 0.6  0.62 0.68 0.7  0.7  0.71
 0.72 0.72 0.83 0.83 0.88 0.9  0.94 0.99 1.03 1.04 1.08 1.08 1.11 1.12
 1.13 1.14 1.19 1.26 1.28 1.3  1.34 1.4  1.45 1.48 1.63 1.65 1.72 1.78
 1.86 1.95 2.24 2.61]
var: 0.3243938888888889
| [0m38       [0m | [0m0.8817   [0m | [0m0.08905  [0m | [0m3.641    [0m | [0m0.4546   [0m |
[0.   0.07 0.13 0.15 0.16 0.2  0.2  0.21 0.23 0.23 0.25 0.28 0.32 0.37
 0.39 0.41 0.48 0.51 0.52 0.55 0.56 0.57 0.59 0.59 0.61 0.62 0.65 0.66
 0.68 0.69 0.69 0.7  0.71 0.73 0.79 0.84 0.88 0.9  0.9  0.94 0.94 0.98
 1.01 1.01 1.06 1.06 1.16 1.16 1.19 1.2  1.21 1.23 1.25 1.31 1.4  1.46
 1.49 1.65 2.6  5.05]
var: 0.5192243333333336
| [0m39       [0m | [0m0.823    [0m | [0m0.2381   [0m | [0m13.79    [0m | [0m2.79     [0m |
[0.02 0.02 0.08 0.1  0.11 0.13 0.14 0.16 0.21 0.23 0.37 0.38 0.4  0.42
 0.45 0.47 0.51 0.51 0.53 0.55 0.62 0.67 0.69 0.72 0.74 0.75 0.76 0.79
 0.8  0.8  0.81 0.86 0.86 0.93 0.94 0.95 1.   1.01 1.01 1.05 1.06 1.1
 1.12 1.18 1.23 1.25 1.25 1.27 1.27 1.27 1.29 1.34 1.39 1.41 1.46 1.54
 1.55 1.63 1.94 2.05]
var: 0.2355043055555557
| [0m40       [0m | [0m0.8358   [0m | [0m0.1329   [0m | [0m10.33    [0m | [0m2.48     [0m |
[0.3  0.56 0.63 0.65 0.72 0.82 0.86 0.9  0.91 0.95 0.96 0.97 1.09 1.23
 1.24 1.32 1.35 1.37 1.38 1.47 1.48 1.5  1.52 1.52 1.53 1.55 1.57 1.61
 1.66 1.66 1.66 1.68 1.71 1.73 1.73 1.75 1.77 1.81 1.84 1.85 2.02 2.02
 2.06 2.15 2.27 2.31 2.36 2.52 2.53 2.59 2.62 2.62 2.82 2.82 2.95 3.16
 3.47 3.51 3.73 4.46]
var: 0.6965655555555554
| [0m41       [0m | [0m1.797    [0m | [0m0.08541  [0m | [0m13.31    [0m | [0m0.1702   [0m |
[0.   0.   0.08 0.13 0.17 0.17 0.23 0.29 0.35 0.35 0.43 0.43 0.43 0.44
 0.44 0.48 0.59 0.69 0.89 0.95 1.   1.02 1.03 1.12 1.16 1.16 1.19 1.21
 1.25 1.25 1.25 1.34 1.37 1.41 1.42 1.46 1.49 1.5  1.57 1.61 1.68 1.71
 1.72 1.75 1.78 1.92 1.93 2.12 2.17 2.24 2.27 2.27 2.38 2.4  2.59 2.69
 2.7  3.21 3.52 3.75]
var: 0.7887809722222223
| [0m42       [0m | [0m1.336    [0m | [0m1e-08    [0m | [0m13.33    [0m | [0m0.4857   [0m |
[0.13 0.52 0.62 0.84 0.84 0.84 0.92 1.13 1.13 1.2  1.21 1.24 1.29 1.3
 1.35 1.37 1.39 1.4  1.4  1.42 1.43 1.47 1.48 1.48 1.51 1.51 1.53 1.53
 1.53 1.57 1.57 1.61 1.62 1.64 1.67 1.68 1.7  1.74 1.78 1.79 1.84 1.86
 1.88 1.9  1.95 1.96 2.07 2.09 2.14 2.46 2.5  2.61 2.71 2.87 3.   3.05
 3.06 3.07 3.5  4.67]
var: 0.5820336388888886
| [0m43       [0m | [0m1.743    [0m | [0m0.1158   [0m | [0m13.21    [0m | [0m0.2729   [0m |
[0.66 0.84 1.16 1.17 1.25 1.31 1.41 1.44 1.47 1.61 1.62 1.66 1.66 1.68
 1.7  1.71 1.73 1.9  2.02 2.03 2.06 2.09 2.13 2.16 2.24 2.24 2.25 2.29
 2.47 2.47 2.51 2.55 2.69 2.74 2.75 2.84 2.93 3.12 3.2  3.25 3.27 3.29
 3.3  3.35 3.46 3.55 3.55 3.58 3.74 4.   4.23 4.27 4.29 4.31 4.63 4.66
 4.87 5.18 5.26 5.8 ]
var: 1.4303688888888888
| [95m44       [0m | [95m2.727    [0m | [95m0.001457 [0m | [95m13.33    [0m | [95m0.3021   [0m |
[0.01 0.11 0.11 0.13 0.19 0.2  0.22 0.25 0.29 0.33 0.4  0.41 0.41 0.42
 0.45 0.47 0.49 0.5  0.52 0.53 0.54 0.57 0.59 0.59 0.62 0.62 0.63 0.65
 0.75 0.83 0.83 0.91 0.94 0.95 0.97 1.02 1.07 1.14 1.14 1.33 1.41 1.53
 1.54 1.55 1.56 1.65 1.67 1.7  1.89 2.01 2.55 2.77 2.98 3.33 3.51 3.82
 4.15 4.18 4.39 5.  ]
var: 1.466729333333333
| [0m45       [0m | [0m1.272    [0m | [0m1e-08    [0m | [0m13.39    [0m | [0m0.2718   [0m |
[0.26 0.34 0.42 0.76 0.78 0.91 1.   1.06 1.07 1.07 1.16 1.19 1.2  1.27
 1.27 1.28 1.32 1.35 1.36 1.4  1.4  1.41 1.42 1.42 1.53 1.57 1.57 1.58
 1.59 1.68 1.69 1.77 1.81 1.87 1.88 1.9  1.96 2.01 2.03 2.06 2.07 2.08
 2.11 2.11 2.24 2.4  2.43 2.45 2.52 2.54 2.56 2.65 2.7  2.76 2.94 3.27
 3.28 5.03 5.52 9.65]
var: 1.8527014166666664
| [0m46       [0m | [0m1.966    [0m | [0m0.03215  [0m | [0m5.988    [0m | [0m0.2993   [0m |
[0.41 0.46 0.6  0.7  0.73 0.76 0.77 0.77 0.85 0.88 0.89 0.94 1.02 1.04
 1.09 1.18 1.28 1.3  1.38 1.39 1.5  1.52 1.59 1.61 1.61 1.68 1.77 1.8
 1.8  1.82 1.82 1.82 1.84 1.86 1.91 1.92 1.98 1.98 1.99 2.04 2.04 2.09
 2.17 2.18 2.19 2.25 2.34 2.37 2.47 2.67 2.69 2.76 2.78 2.88 3.09 3.12
 3.3  3.4  4.1  4.17]
var: 0.7167728888888883
| [0m47       [0m | [0m1.823    [0m | [0m0.08287  [0m | [0m13.24    [0m | [0m0.2853   [0m |
[0.33 0.51 0.56 0.58 0.64 0.71 0.84 0.94 1.01 1.02 1.03 1.05 1.08 1.26
 1.3  1.3  1.3  1.33 1.35 1.37 1.44 1.46 1.48 1.53 1.54 1.61 1.64 1.65
 1.65 1.65 1.69 1.76 1.76 1.79 1.79 1.86 1.87 1.91 1.93 1.99 2.05 2.08
 2.13 2.17 2.25 2.27 2.36 2.45 2.47 2.49 2.61 2.74 2.79 2.83 2.84 3.03
 3.22 3.26 3.33 3.82]
var: 0.5916005555555555
| [0m48       [0m | [0m1.778    [0m | [0m0.1186   [0m | [0m5.972    [0m | [0m0.1794   [0m |
[0.25 0.63 0.66 0.67 0.73 0.73 0.74 0.85 0.9  0.99 1.06 1.12 1.25 1.26
 1.29 1.38 1.43 1.49 1.53 1.6  1.61 1.65 1.68 1.75 1.78 1.86 1.89 1.89
 1.89 1.94 1.96 1.97 2.01 2.04 2.04 2.07 2.1  2.11 2.17 2.18 2.32 2.42
 2.54 2.59 2.65 2.67 2.71 2.74 2.78 2.97 2.99 3.15 3.31 3.34 3.37 3.54
 3.6  4.2  4.81 5.11]
var: 1.023496222222222
| [0m49       [0m | [0m2.049    [0m | [0m0.03927  [0m | [0m13.32    [0m | [0m0.2684   [0m |
[0.15 0.21 0.33 0.37 0.39 0.43 0.43 0.58 0.61 0.61 0.78 0.79 0.89 1.04
 1.05 1.09 1.1  1.14 1.17 1.17 1.22 1.25 1.25 1.28 1.33 1.34 1.35 1.39
 1.39 1.4  1.4  1.42 1.47 1.54 1.56 1.6  1.61 1.62 1.63 1.65 1.72 1.73
 1.74 1.89 1.96 1.99 2.04 2.1  2.2  2.24 2.29 2.51 2.6  2.63 2.64 2.75
 2.81 2.91 3.34 3.42]
var: 0.587449000000001
| [0m50       [0m | [0m1.509    [0m | [0m0.07892  [0m | [0m6.072    [0m | [0m0.2356   [0m |
[0.38 0.49 0.53 0.54 0.55 0.56 0.57 0.57 0.58 0.67 0.68 0.69 0.73 0.75
 0.78 0.79 0.8  0.82 0.89 1.02 1.03 1.13 1.17 1.21 1.21 1.25 1.26 1.33
 1.34 1.42 1.51 1.53 1.57 1.62 1.64 1.66 1.7  1.74 1.77 1.8  1.83 1.86
 1.87 1.88 1.88 1.91 1.96 1.96 1.98 2.03 2.09 2.13 2.26 2.43 2.75 2.8
 3.   3.27 3.29 3.4 ]
var: 0.5795589999999999
| [0m51       [0m | [0m1.481    [0m | [0m0.2483   [0m | [0m18.75    [0m | [0m0.1791   [0m |
[0.74 1.14 1.18 1.28 1.38 1.55 1.57 1.57 1.79 1.86 1.98 2.01 2.17 2.17
 2.17 2.19 2.23 2.31 2.32 2.35 2.39 2.41 2.45 2.48 2.49 2.5  2.53 2.6
 2.64 2.7  2.77 2.8  2.8  2.9  2.98 3.02 3.03 3.13 3.14 3.15 3.18 3.22
 3.29 3.44 3.47 3.49 3.55 3.59 3.75 3.88 3.91 3.97 4.   4.1  4.27 4.5
 4.65 4.82 4.91 5.87]
var: 1.0476580833333329
| [95m52       [0m | [95m2.846    [0m | [95m0.003997 [0m | [95m30.52    [0m | [95m0.079    [0m |
[0.55 0.61 0.64 0.77 0.79 0.82 0.85 0.89 0.92 1.01 1.01 1.07 1.08 1.17
 1.17 1.24 1.25 1.25 1.26 1.29 1.3  1.34 1.34 1.39 1.4  1.41 1.42 1.43
 1.51 1.51 1.52 1.53 1.65 1.71 1.78 1.85 1.9  1.93 1.94 1.95 2.06 2.1
 2.11 2.24 2.26 2.28 2.3  2.38 2.44 2.48 2.49 2.56 2.6  2.6  2.66 3.14
 3.18 3.54 4.12 4.29]
var: 0.6649782222222219
| [0m53       [0m | [0m1.755    [0m | [0m0.2512   [0m | [0m14.47    [0m | [0m0.1328   [0m |
[0.74 0.77 0.79 0.81 0.88 0.91 0.95 1.01 1.07 1.19 1.33 1.41 1.41 1.43
 1.43 1.43 1.45 1.45 1.51 1.51 1.55 1.59 1.61 1.65 1.71 1.75 1.75 1.76
 1.78 1.87 1.88 1.9  1.98 1.99 1.99 1.99 2.04 2.12 2.15 2.17 2.21 2.26
 2.46 2.6  2.62 2.68 2.73 2.76 2.77 2.82 2.9  2.93 3.01 3.14 3.18 3.38
 3.49 3.59 3.82 5.94]
var: 0.8502722222222217
| [0m54       [0m | [0m2.033    [0m | [0m0.06658  [0m | [0m13.28    [0m | [0m0.3413   [0m |
[0.17 0.18 0.21 0.41 0.43 0.51 0.54 0.64 0.65 0.67 0.69 0.69 0.71 0.73
 0.76 0.79 0.83 0.88 0.9  0.93 1.17 1.2  1.2  1.2  1.25 1.26 1.26 1.29
 1.3  1.32 1.4  1.44 1.5  1.54 1.61 1.69 1.7  1.7  1.74 1.76 1.79 1.79
 1.8  1.85 1.87 1.96 2.06 2.13 2.18 2.2  2.44 2.56 2.57 2.7  2.83 2.96
 3.78 4.15 5.05 5.05]
var: 1.0927403055555567
| [0m55       [0m | [0m1.576    [0m | [0m0.06319  [0m | [0m13.88    [0m | [0m0.4479   [0m |
[0.06 0.07 0.1  0.11 0.29 0.3  0.32 0.32 0.35 0.38 0.45 0.47 0.47 0.48
 0.52 0.52 0.53 0.56 0.58 0.6  0.64 0.69 0.72 0.76 0.78 0.79 0.84 0.85
 0.93 0.95 1.11 1.13 1.15 1.16 1.29 1.3  1.46 1.5  1.56 1.58 1.65 1.76
 1.83 1.85 1.87 1.93 2.09 2.16 2.3  2.47 2.65 2.76 2.87 2.96 3.46 3.64
 3.81 4.02 4.23 9.  ]
var: 2.088239888888889
| [0m56       [0m | [0m1.466    [0m | [0m1e-08    [0m | [0m5.931    [0m | [0m0.2156   [0m |
[0.02 0.09 0.12 0.27 0.28 0.31 0.32 0.36 0.39 0.46 0.54 0.69 0.71 0.82
 0.85 0.87 0.89 0.9  0.94 1.04 1.17 1.18 1.24 1.35 1.35 1.37 1.37 1.38
 1.4  1.4  1.41 1.42 1.42 1.45 1.45 1.46 1.48 1.49 1.61 1.63 1.63 1.68
 1.71 1.75 1.76 1.81 1.86 1.89 1.9  2.01 2.01 2.05 2.06 2.25 2.26 2.31
 2.68 3.41 3.62 3.78]
var: 0.6396936388888889
| [0m57       [0m | [0m1.389    [0m | [0m0.0768   [0m | [0m13.28    [0m | [0m0.5149   [0m |
[0.61 0.61 0.7  0.71 0.98 1.18 1.31 1.32 1.45 1.46 1.52 1.53 1.55 1.58
 1.63 1.64 1.64 1.65 1.75 1.77 1.84 1.96 1.99 2.   2.08 2.11 2.14 2.22
 2.43 2.45 2.48 2.48 2.51 2.52 2.53 2.6  2.66 2.71 2.77 2.83 2.85 2.86
 3.06 3.09 3.1  3.12 3.2  3.3  3.33 3.35 3.94 4.01 4.1  4.11 4.22 4.32
 4.45 4.74 4.95 5.8 ]
var: 1.3011822222222227
| [0m58       [0m | [0m2.497    [0m | [0m0.01958  [0m | [0m30.49    [0m | [0m0.07585  [0m |
[0.03 0.06 0.07 0.11 0.28 0.4  0.43 0.46 0.62 0.62 0.67 0.67 0.68 0.69
 0.69 0.74 0.74 0.77 0.78 0.82 0.84 0.88 0.9  0.9  0.93 0.94 1.06 1.12
 1.14 1.17 1.18 1.19 1.19 1.21 1.23 1.29 1.3  1.39 1.4  1.43 1.49 1.52
 1.55 1.56 1.8  1.86 1.95 1.98 1.99 2.03 2.14 2.24 2.32 2.35 2.55 2.56
 2.77 2.87 2.97 3.15]
var: 0.5867369722222228
| [0m59       [0m | [0m1.278    [0m | [0m0.05322  [0m | [0m49.8     [0m | [0m0.4678   [0m |
[0.55 0.58 0.64 0.64 0.65 0.82 0.83 0.83 0.88 0.91 0.92 1.   1.07 1.14
 1.21 1.25 1.26 1.28 1.33 1.34 1.35 1.38 1.41 1.41 1.43 1.44 1.47 1.49
 1.5  1.53 1.54 1.61 1.62 1.62 1.64 1.66 1.72 1.73 1.77 1.78 1.79 1.82
 1.86 1.89 2.01 2.1  2.13 2.18 2.18 2.22 2.23 2.38 2.41 2.41 2.7  2.75
 3.15 4.26 4.31 4.39]
var: 0.6828633333333336
| [0m60       [0m | [0m1.69     [0m | [0m0.181    [0m | [0m18.67    [0m | [0m0.1155   [0m |
[0.57 0.59 0.6  0.68 0.72 0.73 0.81 0.9  0.91 1.06 1.2  1.29 1.3  1.31
 1.35 1.42 1.43 1.51 1.53 1.57 1.58 1.58 1.59 1.59 1.6  1.63 1.64 1.67
 1.75 1.76 1.77 1.8  1.8  1.87 1.91 1.93 2.05 2.06 2.08 2.11 2.13 2.14
 2.16 2.18 2.25 2.26 2.32 2.34 2.41 2.44 2.46 2.55 2.61 2.66 3.04 3.08
 3.14 3.16 4.04 5.35]
var: 0.7064169722222219
| [0m61       [0m | [0m1.866    [0m | [0m0.05008  [0m | [0m30.5     [0m | [0m0.08581  [0m |
[0.02 0.02 0.04 0.05 0.06 0.06 0.07 0.1  0.13 0.15 0.16 0.18 0.2  0.2
 0.23 0.27 0.27 0.28 0.3  0.33 0.37 0.39 0.4  0.41 0.42 0.42 0.43 0.44
 0.45 0.47 0.47 0.48 0.49 0.52 0.54 0.54 0.54 0.56 0.57 0.59 0.64 0.65
 0.66 0.67 0.68 0.7  0.72 0.72 0.76 0.76 0.77 0.78 0.78 0.89 0.91 1.04
 1.06 1.17 1.43 1.6 ]
var: 0.11225497222222197
| [0m62       [0m | [0m0.5002   [0m | [0m0.2173   [0m | [0m1.455    [0m | [0m0.988    [0m |
[0.09 0.79 0.87 0.9  0.95 1.09 1.14 1.39 1.47 1.63 1.64 1.69 1.71 1.71
 1.71 1.77 1.92 1.92 2.08 2.11 2.16 2.19 2.24 2.31 2.36 2.38 2.42 2.43
 2.59 2.65 2.68 2.76 2.9  2.93 2.94 2.97 2.99 3.01 3.02 3.14 3.16 3.19
 3.34 3.35 3.35 3.43 3.44 3.53 3.56 3.56 3.79 3.86 3.87 3.87 3.95 4.12
 4.14 4.26 4.51 5.8 ]
var: 1.1717836388888883
| [0m63       [0m | [0m2.629    [0m | [0m0.002914 [0m | [0m6.088    [0m | [0m0.1883   [0m |
[0.01 0.04 0.06 0.14 0.23 0.25 0.31 0.37 0.37 0.44 0.46 0.48 0.48 0.51
 0.56 0.63 0.65 0.67 0.67 0.71 0.73 0.73 0.74 0.81 0.82 0.84 0.85 0.94
 0.95 0.95 0.96 0.97 0.97 1.03 1.05 1.07 1.11 1.16 1.17 1.22 1.23 1.23
 1.27 1.33 1.36 1.36 1.38 1.46 1.47 1.55 1.56 1.59 1.68 1.74 1.83 1.91
 2.13 2.18 2.28 3.9 ]
var: 0.4308176388888889
| [0m64       [0m | [0m1.026    [0m | [0m0.06241  [0m | [0m21.45    [0m | [0m1.926    [0m |
[0.   0.05 0.09 0.09 0.11 0.13 0.16 0.16 0.16 0.17 0.19 0.2  0.22 0.23
 0.24 0.25 0.28 0.28 0.3  0.3  0.34 0.34 0.35 0.36 0.38 0.42 0.42 0.44
 0.45 0.45 0.48 0.49 0.49 0.52 0.52 0.53 0.55 0.55 0.56 0.58 0.58 0.59
 0.61 0.67 0.7  0.7  0.75 0.78 0.83 0.95 0.98 1.04 1.11 1.17 1.26 1.27
 1.3  1.39 1.57 2.75]
var: 0.21367363888888852
| [0m65       [0m | [0m0.5638   [0m | [0m0.281    [0m | [0m2.378    [0m | [0m0.401    [0m |
[0.   0.02 0.07 0.11 0.12 0.14 0.16 0.18 0.23 0.26 0.28 0.3  0.33 0.34
 0.39 0.4  0.42 0.48 0.51 0.52 0.53 0.53 0.54 0.58 0.59 0.65 0.67 0.69
 0.71 0.72 0.74 0.75 0.75 0.76 0.76 0.77 0.78 0.85 0.85 0.88 0.93 1.05
 1.09 1.1  1.18 1.27 1.27 1.29 1.36 1.39 1.4  1.4  1.48 1.51 1.52 1.53
 1.59 1.63 1.85 1.99]
var: 0.24920941666666688
| [0m66       [0m | [0m0.7865   [0m | [0m0.2065   [0m | [0m7.982    [0m | [0m2.15     [0m |
[0.04 0.05 0.08 0.11 0.18 0.2  0.23 0.25 0.31 0.36 0.38 0.47 0.48 0.53
 0.54 0.55 0.57 0.61 0.62 0.65 0.66 0.68 0.69 0.69 0.69 0.7  0.7  0.7
 0.72 0.74 0.75 0.78 0.79 0.79 0.87 0.87 0.89 0.89 0.93 0.96 0.96 0.96
 0.97 1.03 1.05 1.07 1.1  1.12 1.15 1.15 1.16 1.2  1.22 1.24 1.4  1.63
 1.84 2.07 2.31 2.85]
var: 0.2728132222222223
| [0m67       [0m | [0m0.8363   [0m | [0m0.2264   [0m | [0m26.71    [0m | [0m1.788    [0m |
[0.46 0.67 0.76 0.88 0.89 0.92 1.07 1.13 1.14 1.2  1.39 1.4  1.41 1.42
 1.5  1.53 1.53 1.62 1.66 1.74 1.75 1.85 1.85 1.87 1.89 1.91 1.94 1.99
 2.01 2.03 2.06 2.1  2.11 2.17 2.2  2.23 2.26 2.35 2.47 2.48 2.52 2.58
 2.59 2.6  2.62 2.67 2.7  2.81 2.92 2.93 3.   3.39 3.41 3.54 3.59 4.
 4.06 4.34 4.49 6.44]
var: 1.1221828888888892
| [0m68       [0m | [0m2.217    [0m | [0m0.04502  [0m | [0m6.088    [0m | [0m0.176    [0m |
[0.03 0.03 0.03 0.04 0.04 0.05 0.15 0.15 0.15 0.16 0.16 0.2  0.24 0.24
 0.27 0.28 0.31 0.35 0.37 0.37 0.41 0.47 0.48 0.51 0.51 0.54 0.55 0.57
 0.59 0.65 0.65 0.67 0.68 0.69 0.7  0.8  0.85 0.86 0.89 0.91 0.92 0.93
 0.95 1.03 1.07 1.14 1.15 1.17 1.19 1.2  1.37 1.39 1.41 1.45 1.54 1.74
 2.16 2.27 2.36 2.45]
var: 0.36074163888888916
| [0m69       [0m | [0m0.7582   [0m | [0m0.1649   [0m | [0m41.04    [0m | [0m0.8035   [0m |
[0.54 0.61 0.61 0.63 0.63 0.66 0.69 0.9  1.11 1.14 1.18 1.2  1.21 1.23
 1.25 1.29 1.42 1.47 1.5  1.63 1.64 1.73 1.78 1.79 1.9  1.93 1.93 1.94
 1.98 2.07 2.08 2.16 2.25 2.3  2.33 2.37 2.41 2.46 2.47 2.53 2.56 2.69
 2.7  2.72 2.73 2.74 2.83 3.01 3.04 3.15 3.23 3.27 3.42 3.74 3.82 3.83
 3.88 4.35 4.41 5.02]
var: 1.105834972222223
| [0m70       [0m | [0m2.168    [0m | [0m0.1209   [0m | [0m18.77    [0m | [0m0.05589  [0m |
[0.4  0.68 0.73 0.73 0.79 0.81 0.9  0.98 0.99 0.99 1.11 1.13 1.17 1.24
 1.32 1.34 1.35 1.35 1.4  1.43 1.43 1.49 1.51 1.52 1.55 1.57 1.61 1.62
 1.63 1.68 1.72 1.75 1.78 1.78 1.79 1.8  1.81 1.82 1.85 1.85 1.89 1.89
 1.95 2.07 2.17 2.28 2.3  2.33 2.43 2.71 2.73 2.76 2.81 2.81 2.89 3.38
 3.53 3.96 4.07 4.19]
var: 0.6990976388888888
| [0m71       [0m | [0m1.826    [0m | [0m0.06508  [0m | [0m6.103    [0m | [0m0.2682   [0m |
[0.25 0.32 0.52 0.74 0.76 0.79 0.84 0.85 0.87 0.89 0.9  0.94 0.97 1.04
 1.1  1.16 1.19 1.19 1.23 1.26 1.27 1.33 1.35 1.36 1.36 1.36 1.36 1.4
 1.45 1.47 1.49 1.5  1.5  1.54 1.66 1.68 1.72 1.75 1.76 1.78 1.78 1.81
 1.84 1.85 1.86 1.87 1.88 1.95 2.01 2.14 2.15 2.22 2.31 2.56 2.59 2.75
 3.1  3.38 3.76 4.39]
var: 0.5924938888888891
| [0m72       [0m | [0m1.602    [0m | [0m0.05948  [0m | [0m13.89    [0m | [0m0.4326   [0m |
[0.08 0.13 0.23 0.31 0.33 0.36 0.41 0.41 0.47 0.5  0.51 0.52 0.52 0.54
 0.55 0.56 0.57 0.62 0.62 0.72 0.83 0.87 0.94 0.95 0.97 0.99 1.01 1.05
 1.06 1.08 1.09 1.21 1.3  1.32 1.36 1.54 1.55 1.56 1.58 1.59 1.66 1.68
 1.71 1.73 2.05 2.05 2.09 2.09 2.15 2.25 2.42 2.42 2.64 2.71 3.   3.04
 3.27 3.32 4.23 4.3 ]
var: 0.9736598888888899
| [0m73       [0m | [0m1.394    [0m | [0m1e-08    [0m | [0m30.53    [0m | [0m0.02665  [0m |
[0.23 0.37 0.65 0.66 0.68 0.74 0.76 0.84 0.86 0.91 0.94 1.03 1.05 1.06
 1.09 1.11 1.12 1.18 1.23 1.25 1.33 1.37 1.41 1.47 1.48 1.5  1.54 1.58
 1.59 1.62 1.67 1.7  1.75 1.75 1.79 1.82 1.87 1.87 1.89 1.92 1.95 2.05
 2.07 2.1  2.11 2.13 2.39 2.41 2.42 2.54 2.69 2.86 2.91 3.21 3.37 3.54
 4.41 4.75 4.86 5.11]
var: 1.1276795555555554
| [0m74       [0m | [0m1.843    [0m | [0m0.06432  [0m | [0m13.2     [0m | [0m0.3627   [0m |
[0.   0.   0.01 0.03 0.06 0.09 0.09 0.1  0.16 0.19 0.21 0.21 0.22 0.23
 0.26 0.28 0.39 0.43 0.45 0.46 0.47 0.47 0.48 0.51 0.52 0.53 0.56 0.56
 0.59 0.59 0.66 0.72 0.74 0.75 0.76 0.77 0.78 0.79 0.81 0.84 0.85 0.86
 0.87 0.88 0.96 0.97 1.04 1.16 1.18 1.21 1.25 1.47 1.61 1.68 2.26 2.26
 2.52 2.69 2.92 3.42]
var: 0.5562903055555551
| [0m75       [0m | [0m0.8138   [0m | [0m0.1783   [0m | [0m28.78    [0m | [0m2.564    [0m |
[0.23 0.45 0.71 0.76 0.92 0.95 1.13 1.15 1.25 1.28 1.35 1.41 1.42 1.44
 1.56 1.59 1.63 1.63 1.68 1.69 1.71 1.72 1.75 1.77 1.77 1.88 1.93 1.95
 2.03 2.04 2.07 2.09 2.18 2.2  2.24 2.36 2.36 2.41 2.49 2.52 2.53 2.56
 2.59 2.6  2.8  2.91 2.94 2.99 3.01 3.03 3.06 3.08 3.16 3.33 3.45 3.55
 3.79 3.95 4.04 4.2 ]
var: 0.8076280833333332
| [0m76       [0m | [0m2.155    [0m | [0m0.036    [0m | [0m6.162    [0m | [0m0.1684   [0m |
[0.05 0.06 0.09 0.16 0.23 0.23 0.35 0.4  0.41 0.42 0.49 0.5  0.54 0.56
 0.58 0.6  0.63 0.64 0.67 0.72 0.75 0.76 0.79 0.8  0.8  0.83 0.86 0.87
 0.92 0.93 0.94 0.94 0.95 0.97 1.02 1.02 1.02 1.04 1.07 1.07 1.15 1.15
 1.25 1.25 1.3  1.35 1.37 1.42 1.51 1.57 1.74 1.75 1.86 1.86 1.87 1.88
 1.94 2.28 2.32 2.63]
var: 0.3390769722222215
| [0m77       [0m | [0m1.002    [0m | [0m0.003848 [0m | [0m13.06    [0m | [0m2.827    [0m |
[0.36 0.39 0.39 0.47 0.5  0.54 0.54 0.57 0.62 0.73 0.75 0.87 0.94 0.97
 1.15 1.27 1.29 1.3  1.37 1.38 1.38 1.42 1.48 1.52 1.64 1.65 1.75 1.83
 1.88 1.9  1.91 1.92 1.94 1.94 1.99 2.03 2.07 2.08 2.08 2.26 2.28 2.29
 2.31 2.44 2.51 2.6  2.7  2.72 2.76 2.79 2.86 2.92 2.92 2.93 3.06 3.19
 3.88 3.97 4.91 5.59]
var: 1.1577505555555563
| [0m78       [0m | [0m1.912    [0m | [0m0.03799  [0m | [0m6.097    [0m | [0m0.1071   [0m |
[0.07 0.24 0.52 0.59 0.6  0.71 0.73 0.75 0.77 0.77 0.78 0.8  0.88 0.96
 0.99 1.06 1.09 1.1  1.12 1.15 1.17 1.21 1.27 1.31 1.31 1.32 1.32 1.39
 1.46 1.49 1.5  1.5  1.52 1.54 1.55 1.59 1.62 1.62 1.64 1.71 1.71 1.72
 1.78 1.8  1.81 1.85 1.86 1.92 1.95 2.   2.05 2.24 2.28 2.31 2.51 2.64
 2.72 2.92 3.12 3.95]
var: 0.5019145555555551
| [0m79       [0m | [0m1.498    [0m | [0m0.254    [0m | [0m18.73    [0m | [0m0.173    [0m |
[0.51 0.59 0.62 0.62 0.63 0.64 0.7  0.97 1.25 1.3  1.32 1.34 1.39 1.41
 1.53 1.54 1.78 1.83 1.86 1.89 1.91 1.92 1.95 1.97 1.97 1.97 1.99 2.01
 2.04 2.05 2.09 2.1  2.12 2.13 2.15 2.17 2.22 2.22 2.23 2.24 2.25 2.28
 2.33 2.37 2.47 2.51 2.53 2.62 2.69 2.7  3.25 3.26 4.06 4.26 4.34 4.42
 4.65 4.94 6.55 6.81]
var: 1.6560045555555558
| [0m80       [0m | [0m2.274    [0m | [0m0.0928   [0m | [0m18.69    [0m | [0m0.07104  [0m |
=============================================================
None
num_trials:  40  inits,  40  iters,  60  per
rho:  50
pthin:  0.92

Best VPT: 2.8455000000000013
Best result: {'a': 0.003997402003888265, 'g': 30.518453130727995, 's': 0.07900198303592008}

KERNEL: nu=1.5, lengthscale=2.0, alpha=0.0005
