|   iter    |  target   |     a     |     g     |     s     |
-------------------------------------------------------------
[0.01 0.01 0.05 0.1  0.11 0.12 0.12 0.13 0.15 0.18 0.19 0.25 0.26 0.28
 0.29 0.29 0.3  0.33 0.37 0.37 0.4  0.45 0.48 0.5  0.54 0.57 0.58 0.58
 0.61 0.61 0.63 0.64 0.65 0.69 0.69 0.72 0.79 0.8  0.86 0.88 0.95 1.04
 1.08 1.11 1.11 1.14 1.16 1.26 1.29 1.31 1.47 1.5  1.55 1.75 1.82 1.89
 1.98 2.01 2.51 2.71]
var: 0.3965943333333337
| [0m1        [0m | [0m0.787    [0m | [0m0.0766   [0m | [0m1.743    [0m | [0m2.634    [0m |
[0.02 0.04 0.05 0.09 0.14 0.16 0.21 0.27 0.33 0.33 0.34 0.52 0.54 0.56
 0.56 0.57 0.59 0.61 0.7  0.71 0.74 0.74 0.8  0.83 0.85 0.92 0.99 1.
 1.02 1.04 1.06 1.1  1.13 1.13 1.16 1.23 1.24 1.26 1.28 1.38 1.39 1.49
 1.5  1.66 1.66 1.74 1.77 1.9  1.93 2.06 2.11 2.14 2.18 2.29 2.47 2.51
 2.52 2.83 3.42 4.49]
var: 0.773691666666666
| [95m2        [0m | [95m1.205    [0m | [95m0.08131  [0m | [95m37.83    [0m | [95m1.897    [0m |
[0.01 0.03 0.06 0.07 0.07 0.09 0.14 0.15 0.15 0.18 0.19 0.25 0.26 0.27
 0.36 0.49 0.52 0.58 0.6  0.6  0.65 0.65 0.67 0.69 0.72 0.72 0.79 0.82
 0.85 0.87 0.87 0.88 0.89 0.91 0.95 1.09 1.19 1.19 1.19 1.31 1.38 1.45
 1.49 1.57 1.57 1.62 1.65 1.68 1.85 1.86 1.87 1.89 1.98 1.98 2.2  2.26
 2.37 2.58 2.64 3.08]
var: 0.5782745555555555
| [0m3        [0m | [0m1.032    [0m | [0m0.01571  [0m | [0m48.63    [0m | [0m1.761    [0m |
[0.12 0.13 0.13 0.19 0.33 0.38 0.39 0.43 0.43 0.46 0.58 0.62 0.64 0.69
 0.79 0.8  0.82 0.83 0.85 0.86 0.87 0.89 0.99 1.01 1.05 1.13 1.17 1.24
 1.29 1.32 1.39 1.42 1.44 1.53 1.63 1.69 1.7  1.7  1.73 1.74 1.82 1.88
 1.94 1.99 2.   2.05 2.07 2.19 2.28 2.41 2.42 2.52 2.69 2.8  2.81 2.84
 2.96 3.13 3.24 4.47]
var: 0.8503749722222231
| [95m4        [0m | [95m1.465    [0m | [95m0.1603   [0m | [95m20.67    [0m | [95m0.5511   [0m |
[0.01 0.07 0.07 0.13 0.16 0.17 0.19 0.32 0.33 0.33 0.37 0.37 0.38 0.45
 0.49 0.55 0.58 0.6  0.63 0.66 0.67 0.72 0.74 0.74 0.75 0.75 0.75 0.78
 0.78 0.85 0.9  0.9  0.9  0.95 0.97 1.07 1.09 1.11 1.13 1.14 1.17 1.2
 1.3  1.3  1.31 1.31 1.33 1.34 1.36 1.36 1.4  1.41 1.42 1.42 1.51 1.69
 1.72 1.76 1.82 1.88]
var: 0.23879288888888894
| [0m5        [0m | [0m0.8927   [0m | [0m0.1033   [0m | [0m2.42     [0m | [0m1.393    [0m |
[0.   0.   0.   0.02 0.07 0.08 0.11 0.16 0.2  0.35 0.45 0.47 0.51 0.52
 0.55 0.56 0.65 0.67 0.71 0.82 0.82 0.83 0.85 0.86 0.87 0.89 0.91 0.94
 0.99 1.01 1.03 1.03 1.04 1.06 1.09 1.1  1.14 1.2  1.22 1.24 1.28 1.29
 1.3  1.39 1.4  1.43 1.43 1.44 1.49 1.57 1.58 1.64 1.78 1.8  1.8  1.91
 2.04 2.12 2.31 3.07]
var: 0.3972916388888888
| [0m6        [0m | [0m1.018    [0m | [0m0.116    [0m | [0m29.65    [0m | [0m2.843    [0m |
[0.02 0.02 0.04 0.04 0.05 0.09 0.11 0.11 0.12 0.12 0.12 0.14 0.15 0.17
 0.17 0.19 0.2  0.2  0.23 0.25 0.3  0.32 0.35 0.36 0.36 0.36 0.39 0.39
 0.4  0.42 0.42 0.42 0.43 0.46 0.47 0.47 0.49 0.5  0.5  0.52 0.55 0.55
 0.55 0.57 0.6  0.6  0.61 0.62 0.62 0.65 0.68 0.71 0.74 0.77 0.8  0.86
 0.88 1.09 1.26 1.41]
var: 0.08736497222222236
| [0m7        [0m | [0m0.4332   [0m | [0m0.29     [0m | [0m0.4534   [0m | [0m3.0      [0m |
[0.24 0.4  0.41 0.42 0.46 0.51 0.67 0.78 0.79 0.83 0.84 0.86 0.87 0.9
 0.91 0.92 0.93 0.93 0.94 1.02 1.07 1.09 1.14 1.14 1.15 1.2  1.21 1.22
 1.24 1.27 1.27 1.32 1.34 1.34 1.35 1.36 1.42 1.5  1.53 1.57 1.58 1.65
 1.71 1.73 1.85 1.88 1.94 1.94 1.98 1.99 2.01 2.01 2.09 2.16 2.26 2.35
 2.38 2.5  2.76 3.01]
var: 0.3769989999999998
| [0m8        [0m | [0m1.369    [0m | [0m0.1719   [0m | [0m42.01    [0m | [0m0.02745  [0m |
[0.03 0.09 0.1  0.12 0.13 0.15 0.16 0.17 0.18 0.2  0.24 0.31 0.34 0.37
 0.4  0.43 0.49 0.52 0.53 0.57 0.58 0.58 0.62 0.65 0.66 0.68 0.69 0.75
 0.79 0.8  0.81 0.81 0.81 0.84 0.84 0.85 0.85 0.9  0.92 0.95 0.98 1.
 1.05 1.09 1.1  1.1  1.15 1.15 1.31 1.36 1.43 1.48 1.65 1.72 1.83 1.92
 1.92 2.37 2.53 2.8 ]
var: 0.37835430555555555
| [0m9        [0m | [0m0.8642   [0m | [0m0.2239   [0m | [0m38.71    [0m | [0m1.756    [0m |
[0.   0.01 0.01 0.16 0.16 0.22 0.22 0.27 0.27 0.39 0.4  0.4  0.42 0.47
 0.47 0.49 0.51 0.52 0.55 0.55 0.56 0.56 0.57 0.58 0.58 0.6  0.64 0.65
 0.66 0.67 0.67 0.68 0.69 0.71 0.72 0.73 0.74 0.76 0.76 0.77 0.79 0.8
 0.84 0.89 0.94 0.95 0.99 1.   1.   1.03 1.06 1.11 1.11 1.14 1.22 1.32
 1.39 1.5  1.52 1.86]
var: 0.14346763888888883
| [0m10       [0m | [0m0.7042   [0m | [0m0.1664   [0m | [0m46.14    [0m | [0m2.792    [0m |
[0.05 0.07 0.08 0.08 0.09 0.11 0.13 0.16 0.18 0.3  0.33 0.41 0.44 0.47
 0.48 0.51 0.55 0.63 0.85 0.88 0.88 0.9  0.9  0.91 0.94 1.07 1.09 1.1
 1.16 1.26 1.29 1.36 1.56 1.56 1.63 1.65 1.66 1.71 1.73 1.75 1.77 1.8
 1.84 1.84 1.86 1.88 1.9  1.97 1.99 2.05 2.05 2.08 2.4  2.44 2.51 2.75
 2.78 2.78 3.16 3.92]
var: 0.7865182222222222
| [0m11       [0m | [0m1.311    [0m | [0m0.1466   [0m | [0m34.99    [0m | [0m0.7346   [0m |
[0.02 0.02 0.03 0.07 0.13 0.21 0.21 0.23 0.26 0.35 0.4  0.45 0.47 0.48
 0.49 0.49 0.52 0.53 0.59 0.6  0.65 0.68 0.7  0.75 0.79 0.84 0.85 0.85
 0.86 0.87 0.94 0.96 0.99 1.   1.03 1.04 1.08 1.09 1.13 1.14 1.14 1.18
 1.18 1.19 1.24 1.44 1.46 1.47 1.59 1.64 1.76 1.8  1.94 1.98 2.03 2.07
 2.07 2.12 2.71 3.15]
var: 0.4528443055555549
| [0m12       [0m | [0m0.9992   [0m | [0m0.05974  [0m | [0m40.83    [0m | [0m1.83     [0m |
[0.03 0.05 0.1  0.12 0.12 0.13 0.2  0.21 0.32 0.4  0.43 0.46 0.49 0.5
 0.51 0.54 0.57 0.65 0.66 0.81 0.83 0.9  1.   1.06 1.09 1.09 1.14 1.18
 1.19 1.25 1.29 1.31 1.32 1.35 1.36 1.38 1.4  1.41 1.43 1.44 1.47 1.52
 1.52 1.54 1.57 1.59 1.91 1.91 2.05 2.15 2.23 2.3  2.46 2.48 2.74 2.77
 3.07 3.68 4.18 5.73]
var: 1.1176283055555563
| [0m13       [0m | [0m1.343    [0m | [0m0.01035  [0m | [0m37.29    [0m | [0m1.072    [0m |
[0.11 0.16 0.27 0.31 0.34 0.43 0.46 0.47 0.49 0.57 0.66 0.67 0.67 0.7
 0.72 0.72 0.72 0.72 0.76 0.78 0.82 0.82 0.83 0.88 0.91 1.06 1.09 1.24
 1.28 1.33 1.35 1.38 1.39 1.5  1.55 1.61 1.61 1.63 1.64 1.65 1.77 1.79
 1.89 1.93 2.1  2.28 2.31 2.31 2.34 2.4  2.4  2.59 2.8  2.83 2.91 2.93
 3.07 3.29 3.3  4.56]
var: 0.9022972222222225
| [95m14       [0m | [95m1.468    [0m | [95m0.0351   [0m | [95m5.869    [0m | [95m2.035    [0m |
[0.   0.04 0.09 0.1  0.1  0.12 0.17 0.28 0.32 0.35 0.38 0.45 0.47 0.52
 0.54 0.56 0.57 0.63 0.72 0.77 0.8  0.84 0.87 0.87 0.89 0.9  0.91 0.91
 0.91 0.91 0.92 0.95 0.95 0.99 0.99 1.   1.01 1.07 1.11 1.15 1.16 1.21
 1.24 1.24 1.25 1.26 1.33 1.4  1.46 1.47 1.55 1.56 1.65 1.67 1.7  2.03
 2.14 2.22 2.3  3.48]
var: 0.4029343055555557
| [0m15       [0m | [0m0.9908   [0m | [0m0.09226  [0m | [0m31.51    [0m | [0m2.242    [0m |
[0.03 0.05 0.05 0.06 0.11 0.11 0.14 0.15 0.16 0.26 0.28 0.29 0.39 0.45
 0.48 0.53 0.53 0.63 0.63 0.67 0.67 0.77 0.79 0.81 0.81 0.82 0.89 0.89
 0.92 0.92 0.99 1.08 1.14 1.17 1.21 1.24 1.27 1.27 1.42 1.43 1.45 1.55
 1.57 1.6  1.64 1.64 1.67 1.7  1.79 1.82 1.83 1.89 2.16 2.27 2.36 2.37
 2.51 2.55 2.6  3.45]
var: 0.6097914166666667
| [0m16       [0m | [0m1.116    [0m | [0m0.1121   [0m | [0m48.92    [0m | [0m0.7176   [0m |
[0.05 0.06 0.06 0.18 0.2  0.24 0.37 0.39 0.41 0.46 0.46 0.55 0.69 0.75
 0.82 0.83 0.83 0.85 0.88 0.89 0.9  0.92 0.92 0.95 1.04 1.13 1.13 1.21
 1.21 1.25 1.26 1.26 1.33 1.42 1.55 1.64 1.78 1.86 1.88 1.9  2.07 2.12
 2.13 2.16 2.17 2.17 2.32 2.35 2.41 2.43 2.57 2.59 2.59 2.74 2.99 3.34
 3.39 3.77 4.19 4.23]
var: 1.068449555555556
| [95m17       [0m | [95m1.521    [0m | [95m0.268    [0m | [95m13.05    [0m | [95m0.503    [0m |
[0.   0.02 0.03 0.04 0.05 0.05 0.14 0.16 0.16 0.16 0.18 0.2  0.24 0.28
 0.31 0.31 0.32 0.42 0.46 0.48 0.51 0.51 0.53 0.62 0.65 0.65 0.66 0.76
 0.78 0.8  0.8  0.98 0.98 0.99 1.04 1.07 1.08 1.08 1.1  1.15 1.16 1.18
 1.22 1.28 1.3  1.3  1.31 1.33 1.4  1.41 1.44 1.48 1.52 1.56 1.72 2.16
 2.38 2.57 2.68 2.77]
var: 0.46881488888888867
| [0m18       [0m | [0m0.8987   [0m | [0m0.2141   [0m | [0m37.51    [0m | [0m1.521    [0m |
[0.01 0.02 0.24 0.25 0.35 0.37 0.38 0.46 0.48 0.5  0.53 0.6  0.62 0.67
 0.7  0.7  0.72 0.73 0.75 0.81 0.81 0.86 0.88 0.9  0.93 0.96 1.04 1.08
 1.12 1.14 1.18 1.21 1.26 1.28 1.41 1.54 1.6  1.61 1.61 1.64 1.74 1.76
 1.81 1.82 1.86 1.9  1.92 1.94 2.02 2.06 2.08 2.17 2.17 2.18 2.22 2.46
 2.47 2.62 2.93 4.51]
var: 0.6728249722222213
| [0m19       [0m | [0m1.31     [0m | [0m0.2807   [0m | [0m42.86    [0m | [0m0.4091   [0m |
[0.04 0.12 0.12 0.14 0.2  0.21 0.22 0.24 0.32 0.35 0.38 0.38 0.45 0.45
 0.47 0.49 0.5  0.5  0.58 0.59 0.65 0.66 0.69 0.72 0.75 0.83 0.84 0.85
 0.86 0.92 0.97 0.98 1.05 1.08 1.13 1.14 1.19 1.37 1.39 1.4  1.4  1.4
 1.56 1.61 1.61 1.63 1.68 1.68 1.72 1.77 1.81 2.09 2.16 2.26 2.37 2.45
 2.56 3.07 3.25 3.99]
var: 0.709291638888889
| [0m20       [0m | [0m1.138    [0m | [0m0.1741   [0m | [0m4.818    [0m | [0m1.035    [0m |
[0.18 0.2  0.21 0.21 0.23 0.26 0.3  0.33 0.34 0.35 0.36 0.37 0.42 0.48
 0.49 0.52 0.55 0.56 0.56 0.56 0.57 0.57 0.67 0.69 0.7  0.71 0.72 0.74
 0.76 0.78 0.78 0.79 0.81 0.82 0.86 0.89 0.93 1.01 1.05 1.1  1.11 1.14
 1.16 1.17 1.23 1.31 1.43 1.56 1.58 1.67 1.77 1.77 1.78 1.87 1.88 2.17
 2.52 2.64 3.11 3.47]
var: 0.5193636388888886
| [0m21       [0m | [0m0.9962   [0m | [0m0.2587   [0m | [0m3.927    [0m | [0m1.76     [0m |
[0.   0.03 0.04 0.1  0.1  0.17 0.19 0.22 0.25 0.27 0.27 0.3  0.33 0.33
 0.38 0.42 0.45 0.47 0.48 0.51 0.55 0.57 0.58 0.64 0.69 0.72 0.73 0.73
 0.73 0.76 0.78 0.78 0.8  0.82 0.82 0.82 0.85 0.86 0.88 0.94 0.97 0.97
 1.21 1.23 1.27 1.29 1.29 1.38 1.4  1.47 1.5  1.52 1.57 1.66 1.76 1.79
 1.88 1.91 1.98 2.53]
var: 0.32647566666666683
| [0m22       [0m | [0m0.849    [0m | [0m0.1582   [0m | [0m40.97    [0m | [0m1.597    [0m |
[0.05 0.1  0.13 0.16 0.16 0.19 0.2  0.24 0.3  0.31 0.37 0.44 0.47 0.48
 0.48 0.55 0.65 0.65 0.66 0.71 0.77 0.82 0.92 0.98 0.99 1.07 1.1  1.1
 1.17 1.18 1.24 1.25 1.27 1.27 1.31 1.33 1.34 1.35 1.37 1.4  1.41 1.43
 1.47 1.5  1.52 1.61 1.75 1.8  1.82 1.85 1.87 1.89 2.07 2.09 2.13 2.17
 2.42 2.59 2.96 3.36]
var: 0.5480628888888884
| [0m23       [0m | [0m1.171    [0m | [0m0.252    [0m | [0m36.16    [0m | [0m0.7886   [0m |
[0.04 0.07 0.14 0.21 0.29 0.38 0.47 0.6  0.68 0.74 0.94 1.1  1.12 1.21
 1.31 1.32 1.44 1.56 1.7  1.71 1.78 1.79 1.82 2.   2.06 2.17 2.21 2.22
 2.23 2.23 2.25 2.26 2.53 2.6  2.75 2.9  2.91 2.93 2.95 3.24 3.4  3.43
 3.48 3.68 3.71 3.75 3.8  3.84 3.85 4.35 4.49 4.56 4.64 4.8  4.9  5.16
 5.42 5.46 5.88 7.59]
var: 2.7503843055555572
| [95m24       [0m | [95m2.584    [0m | [95m0.01836  [0m | [95m21.53    [0m | [95m0.3748   [0m |
[0.04 0.18 0.21 0.24 0.28 0.29 0.34 0.35 0.37 0.38 0.43 0.48 0.49 0.54
 0.66 0.72 0.72 0.74 0.75 0.77 0.83 0.93 0.93 0.94 0.95 0.98 1.01 1.03
 1.05 1.07 1.13 1.14 1.21 1.22 1.24 1.28 1.3  1.33 1.37 1.39 1.4  1.41
 1.48 1.49 1.5  1.54 1.62 1.67 1.78 1.79 1.81 1.87 2.14 2.15 2.25 2.39
 2.44 2.57 3.27 3.86]
var: 0.571601222222222
| [0m25       [0m | [0m1.196    [0m | [0m0.04739  [0m | [0m12.75    [0m | [0m1.102    [0m |
[0.02 0.02 0.06 0.07 0.11 0.13 0.15 0.19 0.23 0.23 0.27 0.31 0.32 0.33
 0.41 0.45 0.5  0.53 0.54 0.55 0.56 0.62 0.66 0.69 0.73 0.73 0.77 0.83
 0.85 0.86 0.87 0.88 0.89 1.   1.03 1.06 1.11 1.13 1.15 1.16 1.2  1.24
 1.25 1.29 1.3  1.32 1.36 1.43 1.48 1.61 1.64 1.69 1.79 1.95 1.98 2.
 2.15 2.2  2.31 2.76]
var: 0.42217430555555513
| [0m26       [0m | [0m0.9492   [0m | [0m0.2427   [0m | [0m31.8     [0m | [0m2.003    [0m |
[0.   0.03 0.07 0.11 0.28 0.3  0.31 0.39 0.46 0.52 0.53 0.55 0.61 0.62
 0.69 0.7  0.72 0.75 0.76 0.79 0.79 0.82 0.82 0.83 0.89 0.9  0.92 0.94
 0.95 0.97 1.01 1.02 1.07 1.09 1.1  1.13 1.14 1.15 1.16 1.22 1.28 1.34
 1.35 1.38 1.42 1.45 1.47 1.53 1.58 1.62 1.63 1.71 1.71 1.73 2.16 2.18
 2.28 2.38 2.64 2.92]
var: 0.3952803055555559
| [0m27       [0m | [0m1.081    [0m | [0m0.09463  [0m | [0m23.5     [0m | [0m2.903    [0m |
[0.29 0.58 0.97 1.5  1.53 1.6  1.67 1.68 1.7  1.73 1.74 1.83 1.84 1.87
 1.93 2.02 2.08 2.08 2.09 2.15 2.16 2.18 2.2  2.26 2.37 2.39 2.41 2.41
 2.49 2.56 2.56 2.73 2.75 2.78 3.06 3.09 3.1  3.17 3.17 3.19 3.24 3.34
 3.6  3.67 3.67 3.84 3.87 3.98 4.14 4.16 4.17 4.28 4.78 4.83 5.2  5.37
 5.43 6.59 6.67 6.82]
var: 1.9941228888888893
| [95m28       [0m | [95m2.959    [0m | [95m0.02251  [0m | [95m28.29    [0m | [95m0.1685   [0m |
[0.12 0.27 0.42 0.45 0.81 1.02 1.04 1.08 1.1  1.14 1.19 1.21 1.23 1.45
 1.45 1.45 1.49 1.51 1.6  1.62 1.62 1.62 1.63 1.69 1.7  1.78 1.78 1.85
 1.86 1.92 1.96 1.99 2.03 2.18 2.22 2.23 2.23 2.24 2.29 2.53 2.76 2.95
 3.02 3.04 3.09 3.11 3.2  3.26 3.38 3.41 3.68 4.26 4.52 4.54 4.58 5.26
 5.58 5.66 5.74 6.13]
var: 2.034958083333333
| [0m29       [0m | [0m2.37     [0m | [0m0.007027 [0m | [0m31.87    [0m | [0m0.3551   [0m |
[0.03 0.04 0.04 0.05 0.08 0.19 0.25 0.28 0.33 0.33 0.35 0.4  0.43 0.44
 0.44 0.47 0.48 0.49 0.49 0.54 0.54 0.56 0.63 0.64 0.69 0.75 0.82 0.83
 0.83 0.83 0.84 0.89 0.91 0.99 1.   1.03 1.1  1.12 1.13 1.16 1.17 1.19
 1.2  1.21 1.21 1.22 1.22 1.27 1.31 1.32 1.37 1.39 1.41 1.41 1.8  1.9
 2.31 2.43 2.91 2.94]
var: 0.41232697222222264
| [0m30       [0m | [0m0.9272   [0m | [0m0.06941  [0m | [0m42.45    [0m | [0m2.675    [0m |
[0.03 0.03 0.15 0.18 0.22 0.31 0.32 0.34 0.38 0.38 0.41 0.44 0.48 0.54
 0.58 0.65 0.67 0.69 0.73 0.76 0.85 0.86 0.9  0.96 0.97 1.   1.02 1.03
 1.05 1.06 1.07 1.08 1.08 1.13 1.13 1.14 1.21 1.25 1.26 1.27 1.29 1.36
 1.39 1.4  1.4  1.42 1.49 1.55 1.59 1.62 1.63 1.74 1.76 1.79 1.8  1.88
 2.04 2.23 2.53 2.76]
var: 0.3601982222222223
| [0m31       [0m | [0m1.071    [0m | [0m0.1143   [0m | [0m21.79    [0m | [0m2.651    [0m |
[0.08 0.09 0.14 0.17 0.17 0.19 0.21 0.26 0.34 0.37 0.38 0.4  0.41 0.42
 0.46 0.48 0.51 0.55 0.57 0.6  0.66 0.71 0.72 0.73 0.74 0.76 0.77 0.77
 0.82 0.85 0.86 0.87 0.88 0.88 0.89 0.98 0.99 1.02 1.07 1.08 1.11 1.12
 1.16 1.23 1.25 1.31 1.32 1.34 1.44 1.62 1.63 1.65 1.71 1.72 1.73 1.85
 1.89 2.04 2.17 2.38]
var: 0.3154415555555554
| [0m32       [0m | [0m0.9253   [0m | [0m0.07963  [0m | [0m36.84    [0m | [0m2.217    [0m |
[0.02 0.1  0.14 0.16 0.17 0.23 0.28 0.28 0.3  0.34 0.42 0.43 0.45 0.46
 0.47 0.48 0.52 0.53 0.57 0.57 0.61 0.62 0.63 0.67 0.67 0.7  0.73 0.73
 0.75 0.79 0.83 0.84 0.9  0.94 0.96 1.02 1.04 1.04 1.04 1.05 1.09 1.1
 1.11 1.22 1.33 1.33 1.34 1.37 1.39 1.41 1.43 1.49 1.49 1.53 1.97 1.99
 2.07 2.08 2.47 2.75]
var: 0.3513806666666659
| [0m33       [0m | [0m0.924    [0m | [0m0.2639   [0m | [0m32.23    [0m | [0m1.912    [0m |
[0.06 0.07 0.08 0.12 0.13 0.17 0.22 0.27 0.31 0.34 0.4  0.42 0.45 0.46
 0.53 0.54 0.55 0.56 0.57 0.63 0.63 0.68 0.79 0.79 0.79 0.79 0.79 0.87
 0.89 0.89 0.9  0.96 1.01 1.03 1.1  1.16 1.24 1.29 1.3  1.35 1.37 1.38
 1.44 1.44 1.5  1.58 1.66 1.66 1.7  1.71 1.74 1.75 1.78 1.79 1.86 1.97
 2.01 2.09 2.09 2.51]
var: 0.3834928888888888
| [0m34       [0m | [0m1.019    [0m | [0m0.2066   [0m | [0m5.763    [0m | [0m1.737    [0m |
[0.01 0.05 0.06 0.07 0.07 0.09 0.12 0.13 0.18 0.23 0.25 0.29 0.31 0.33
 0.35 0.39 0.44 0.44 0.56 0.6  0.61 0.67 0.69 0.69 0.69 0.69 0.8  0.84
 0.84 0.86 0.89 0.92 0.97 0.99 1.07 1.07 1.1  1.11 1.12 1.17 1.19 1.19
 1.23 1.3  1.35 1.4  1.43 1.44 1.47 1.49 1.53 1.57 1.61 1.68 1.79 1.84
 2.42 2.47 2.68 4.  ]
var: 0.5461273333333331
| [0m35       [0m | [0m0.964    [0m | [0m0.08013  [0m | [0m26.47    [0m | [0m2.765    [0m |
[0.   0.   0.02 0.05 0.1  0.13 0.13 0.16 0.17 0.18 0.23 0.25 0.31 0.33
 0.34 0.35 0.35 0.36 0.44 0.54 0.54 0.54 0.59 0.59 0.62 0.62 0.62 0.69
 0.69 0.74 0.76 0.77 0.8  0.81 0.81 0.88 0.89 0.96 1.01 1.05 1.07 1.09
 1.11 1.12 1.22 1.35 1.37 1.41 1.5  1.64 1.66 1.8  1.8  1.8  2.04 2.09
 2.4  2.57 2.96 3.49]
var: 0.568171638888889
| [0m36       [0m | [0m0.9152   [0m | [0m0.1771   [0m | [0m45.32    [0m | [0m1.474    [0m |
[0.68 0.7  0.83 0.85 0.89 0.94 0.97 1.   1.15 1.21 1.28 1.32 1.33 1.36
 1.51 1.51 1.55 1.58 1.59 1.66 1.68 1.71 1.78 1.79 1.85 1.97 1.99 2.
 2.   2.15 2.19 2.27 2.29 2.31 2.31 2.33 2.34 2.37 2.59 2.63 2.67 2.67
 2.68 2.87 2.92 3.11 3.22 3.22 3.35 3.41 3.52 3.53 3.53 3.67 3.73 4.01
 4.14 4.61 5.22 5.3 ]
var: 1.1971428888888898
| [0m37       [0m | [0m2.297    [0m | [0m0.1814   [0m | [0m19.18    [0m | [0m0.07985  [0m |
[0.08 0.16 0.18 0.23 0.24 0.24 0.3  0.31 0.33 0.33 0.34 0.37 0.38 0.38
 0.45 0.46 0.52 0.55 0.55 0.56 0.56 0.56 0.57 0.61 0.69 0.69 0.72 0.75
 0.85 0.86 0.88 0.91 0.97 0.98 0.99 0.99 1.02 1.11 1.12 1.14 1.18 1.2
 1.2  1.3  1.35 1.38 1.56 1.61 1.78 1.81 1.9  1.93 1.95 2.   2.   2.06
 2.17 2.6  3.54 5.16]
var: 0.7603349722222223
| [0m38       [0m | [0m1.06     [0m | [0m0.2334   [0m | [0m45.36    [0m | [0m0.6912   [0m |
[0.   0.   0.03 0.08 0.09 0.1  0.18 0.19 0.2  0.21 0.3  0.31 0.34 0.35
 0.37 0.38 0.4  0.47 0.56 0.57 0.59 0.63 0.64 0.65 0.69 0.72 0.75 0.82
 0.85 0.89 0.94 1.02 1.07 1.17 1.23 1.23 1.24 1.25 1.26 1.29 1.31 1.33
 1.36 1.39 1.53 1.54 1.56 1.61 1.63 1.71 1.84 1.85 1.91 1.94 1.97 1.99
 2.11 2.17 2.25 2.53]
var: 0.45212830555555555
| [0m39       [0m | [0m0.9932   [0m | [0m0.2102   [0m | [0m26.29    [0m | [0m2.147    [0m |
[0.19 0.2  0.29 0.32 0.33 0.34 0.42 0.42 0.52 0.58 0.59 0.59 0.61 0.65
 0.75 0.75 0.78 0.79 0.81 0.81 0.86 1.   1.   1.04 1.04 1.06 1.16 1.18
 1.18 1.22 1.23 1.25 1.26 1.29 1.29 1.3  1.3  1.31 1.34 1.42 1.45 1.46
 1.51 1.56 1.58 1.65 1.75 1.91 1.94 2.09 2.12 2.12 2.16 2.2  2.45 2.45
 2.5  2.53 2.95 3.06]
var: 0.4889716388888893
| [0m40       [0m | [0m1.265    [0m | [0m0.1851   [0m | [0m3.62     [0m | [0m0.5576   [0m |
[0.33 0.61 0.9  0.93 0.96 1.12 1.22 1.45 1.48 1.58 1.71 1.8  1.92 2.
 2.02 2.06 2.09 2.1  2.23 2.23 2.31 2.33 2.37 2.37 2.38 2.4  2.46 2.51
 2.53 2.55 2.56 2.6  2.6  2.6  2.61 2.65 2.66 2.67 2.68 2.75 2.91 2.97
 2.99 3.   3.01 3.07 3.1  3.19 3.53 3.64 3.88 3.88 3.89 3.99 4.06 4.12
 4.37 4.53 5.95 5.96]
var: 1.223670305555556
| [0m41       [0m | [0m2.623    [0m | [0m0.03799  [0m | [0m21.43    [0m | [0m0.2381   [0m |
[0.38 0.61 0.65 0.75 0.95 1.03 1.08 1.17 1.41 1.5  1.6  1.63 1.68 1.68
 1.72 1.79 1.79 1.86 1.87 1.93 1.93 1.97 1.99 1.99 2.03 2.05 2.15 2.16
 2.19 2.22 2.23 2.29 2.31 2.37 2.37 2.52 2.53 2.55 2.58 2.63 2.65 2.65
 2.7  2.72 2.78 2.98 3.01 3.03 3.24 3.29 3.31 3.43 3.57 3.6  3.63 3.74
 4.02 4.08 4.2  4.35]
var: 0.8485948888888896
| [0m42       [0m | [0m2.319    [0m | [0m0.06678  [0m | [0m28.87    [0m | [0m0.1149   [0m |
[0.   0.   0.   0.   0.   0.   0.   0.   0.   0.   0.01 0.01 0.01 0.01
 0.01 0.01 0.02 0.02 0.02 0.02 0.02 0.02 0.02 0.03 0.03 0.03 0.03 0.04
 0.04 0.04 0.04 0.05 0.05 0.05 0.05 0.05 0.06 0.06 0.06 0.06 0.06 0.07
 0.07 0.07 0.08 0.08 0.09 0.1  0.1  0.1  0.11 0.12 0.15 0.16 0.17 0.18
 0.2  0.21 0.27 0.28]
var: 0.0043328888888889295
| [0m43       [0m | [0m0.06067  [0m | [0m0.3      [0m | [0m27.83    [0m | [0m0.001    [0m |
[0.15 0.19 0.2  0.3  0.34 0.34 0.38 0.41 0.43 0.61 0.96 1.01 1.09 1.14
 1.28 1.29 1.29 1.33 1.34 1.41 1.43 1.47 1.55 1.63 1.67 1.75 1.84 1.84
 1.87 1.89 1.93 2.05 2.08 2.1  2.15 2.15 2.15 2.22 2.3  2.37 2.39 2.42
 2.57 2.57 2.63 2.64 2.8  2.83 2.9  2.94 2.95 2.96 3.34 3.43 4.46 4.93
 5.21 5.44 5.58 8.15]
var: 2.2148869722222204
| [0m44       [0m | [0m2.118    [0m | [0m0.03188  [0m | [0m28.55    [0m | [0m0.2602   [0m |
[0.1  0.18 0.65 0.75 0.91 1.   1.15 1.31 1.44 1.45 1.46 1.47 1.49 1.52
 1.58 1.63 1.63 1.77 1.77 1.78 1.8  1.81 1.9  1.93 2.01 2.15 2.16 2.17
 2.3  2.3  2.31 2.34 2.36 2.4  2.58 2.67 2.69 2.73 2.82 2.82 2.86 2.89
 2.91 2.91 2.91 3.09 3.15 3.23 3.39 3.54 3.58 3.71 3.87 3.97 4.04 4.16
 4.32 4.33 4.72 6.49]
var: 1.3597628888888882
| [0m45       [0m | [0m2.423    [0m | [0m0.1973   [0m | [0m19.16    [0m | [0m0.1007   [0m |
[0.04 0.06 0.33 0.4  0.44 0.55 0.61 0.64 0.65 0.75 0.84 0.86 0.91 0.95
 1.03 1.03 1.1  1.12 1.12 1.14 1.22 1.24 1.33 1.36 1.38 1.51 1.52 1.53
 1.57 1.57 1.64 1.64 1.67 1.76 1.89 2.03 2.05 2.05 2.06 2.14 2.17 2.25
 2.29 2.34 2.39 2.42 2.42 2.44 2.45 2.47 2.51 2.51 2.7  2.7  3.06 3.23
 3.33 3.49 3.72 4.57]
var: 0.882038305555556
| [0m46       [0m | [0m1.72     [0m | [0m0.1094   [0m | [0m7.328    [0m | [0m0.4643   [0m |
[0.09 0.1  0.12 0.36 0.44 0.5  0.53 0.56 0.57 0.59 0.59 0.61 0.64 0.68
 0.71 0.72 0.74 0.78 0.78 0.8  0.82 0.82 0.82 0.84 0.84 0.88 0.96 0.96
 0.98 1.   1.   1.01 1.01 1.02 1.02 1.03 1.03 1.03 1.11 1.25 1.26 1.3
 1.32 1.44 1.44 1.47 1.53 1.58 1.59 1.63 1.97 2.18 2.21 2.22 2.31 2.31
 2.32 2.34 2.36 3.14]
var: 0.41825788888888876
| [0m47       [0m | [0m1.138    [0m | [0m0.1372   [0m | [0m28.34    [0m | [0m0.01456  [0m |
[0.   0.03 0.04 0.06 0.07 0.08 0.09 0.1  0.12 0.17 0.18 0.2  0.21 0.22
 0.23 0.23 0.24 0.27 0.3  0.3  0.32 0.34 0.37 0.39 0.4  0.4  0.42 0.43
 0.43 0.45 0.45 0.45 0.45 0.47 0.47 0.51 0.52 0.58 0.59 0.62 0.66 0.67
 0.69 0.7  0.71 0.71 0.74 0.79 0.83 0.85 0.87 0.95 0.96 1.02 1.04 1.18
 1.3  1.45 1.53 1.59]
var: 0.14347733333333348
| [0m48       [0m | [0m0.524    [0m | [0m0.0731   [0m | [0m0.3621   [0m | [0m1.346    [0m |
[0.04 0.06 0.07 0.08 0.09 0.14 0.15 0.17 0.21 0.25 0.29 0.31 0.32 0.38
 0.53 0.54 0.55 0.55 0.56 0.62 0.62 0.62 0.65 0.66 0.71 0.72 0.73 0.81
 0.87 0.87 0.94 0.96 0.96 0.97 0.99 0.99 1.01 1.01 1.01 1.04 1.08 1.2
 1.22 1.25 1.26 1.28 1.29 1.29 1.32 1.42 1.46 1.68 1.68 2.01 2.18 2.28
 2.68 2.78 3.68 3.92]
var: 0.6527316388888887
| [0m49       [0m | [0m1.0      [0m | [0m0.1627   [0m | [0m3.645    [0m | [0m1.08     [0m |
[0.16 0.33 0.37 0.43 0.48 0.67 0.68 0.75 1.   1.01 1.02 1.03 1.09 1.13
 1.18 1.21 1.22 1.22 1.26 1.29 1.4  1.46 1.47 1.54 1.55 1.61 1.65 1.68
 1.68 1.74 1.95 1.95 2.02 2.05 2.07 2.1  2.17 2.17 2.21 2.21 2.23 2.29
 2.34 2.52 2.52 2.56 2.57 2.68 2.68 2.7  2.82 3.02 3.08 3.38 3.45 3.97
 4.11 4.11 4.5  7.39]
var: 1.4596947500000002
| [0m50       [0m | [0m1.986    [0m | [0m0.01819  [0m | [0m41.53    [0m | [0m0.1807   [0m |
[0.25 0.45 0.92 0.98 0.99 1.   1.   1.35 1.39 1.42 1.42 1.5  1.52 1.55
 1.56 1.7  1.84 1.85 1.9  1.95 2.04 2.22 2.22 2.22 2.41 2.42 2.49 2.55
 2.57 2.6  2.68 2.76 2.77 2.97 2.97 2.97 3.02 3.11 3.32 3.39 3.45 3.56
 3.59 3.61 3.68 3.85 3.91 3.94 3.94 4.05 4.17 4.27 4.36 4.63 4.81 4.82
 4.92 4.92 5.47 5.78]
var: 1.7157503055555554
| [0m51       [0m | [0m2.766    [0m | [0m0.03541  [0m | [0m28.39    [0m | [0m0.2096   [0m |
[0.03 0.15 0.31 0.35 0.76 0.88 0.91 0.94 0.96 1.   1.   1.02 1.11 1.18
 1.19 1.27 1.4  1.4  1.53 1.54 1.58 1.6  1.61 1.65 1.68 1.76 1.78 1.78
 1.9  2.02 2.05 2.06 2.07 2.07 2.11 2.2  2.2  2.23 2.25 2.34 2.35 2.4
 2.42 2.43 2.43 2.44 2.48 2.74 2.92 2.95 3.01 3.13 3.23 3.36 3.69 3.93
 4.06 4.14 5.03 5.48]
var: 1.214196083333334
| [0m52       [0m | [0m2.042    [0m | [0m0.03456  [0m | [0m28.25    [0m | [0m0.4107   [0m |
[0.   0.   0.   0.04 0.05 0.06 0.06 0.09 0.12 0.14 0.14 0.18 0.2  0.2
 0.29 0.37 0.4  0.52 0.53 0.56 0.58 0.6  0.61 0.62 0.72 0.73 0.76 0.81
 0.83 0.89 0.91 0.92 0.94 0.94 0.95 1.01 1.05 1.08 1.14 1.18 1.23 1.25
 1.28 1.32 1.33 1.33 1.54 1.55 1.61 1.79 1.84 1.89 1.91 2.05 2.07 2.28
 2.29 2.36 2.57 2.74]
var: 0.5291520833333335
| [0m53       [0m | [0m0.9575   [0m | [0m0.2094   [0m | [0m5.654    [0m | [0m2.569    [0m |
[0.06 0.38 0.55 0.61 0.64 0.65 0.78 0.83 0.87 0.88 0.89 0.92 1.01 1.02
 1.04 1.08 1.09 1.1  1.1  1.19 1.2  1.28 1.33 1.38 1.39 1.39 1.4  1.41
 1.44 1.45 1.45 1.47 1.47 1.52 1.55 1.63 1.64 1.66 1.71 1.72 1.74 1.78
 1.8  1.82 1.9  2.01 2.07 2.14 2.42 2.43 2.43 2.48 2.5  2.53 2.64 2.64
 3.36 3.69 3.79 3.84]
var: 0.6465483055555554
| [0m54       [0m | [0m1.603    [0m | [0m0.2236   [0m | [0m8.548    [0m | [0m0.6791   [0m |
[0.06 0.21 0.54 0.58 0.65 0.68 0.95 1.   1.02 1.16 1.17 1.35 1.43 1.44
 1.45 1.54 1.59 1.65 1.78 1.81 1.91 2.02 2.03 2.11 2.18 2.2  2.26 2.38
 2.46 2.5  2.55 2.61 2.71 2.74 2.76 2.79 2.8  2.87 2.96 3.1  3.15 3.26
 3.29 3.29 3.38 3.44 3.44 3.45 3.5  3.52 3.73 3.77 3.93 4.25 4.36 4.39
 4.71 4.78 5.59 6.59]
var: 1.7602232222222227
| [0m55       [0m | [0m2.53     [0m | [0m0.04703  [0m | [0m21.36    [0m | [0m0.3897   [0m |
[0.02 0.17 0.26 0.26 0.35 0.43 0.44 0.72 0.75 0.79 0.93 0.96 0.98 1.
 1.03 1.21 1.22 1.27 1.32 1.32 1.33 1.36 1.37 1.39 1.44 1.46 1.46 1.5
 1.53 1.54 1.62 1.63 1.65 1.65 1.74 1.74 1.75 1.77 1.84 1.87 1.9  2.02
 2.03 2.03 2.05 2.12 2.12 2.14 2.2  2.21 2.28 2.38 2.4  2.53 2.54 2.55
 2.84 2.97 3.93 4.04]
var: 0.6525109722222224
| [0m56       [0m | [0m1.606    [0m | [0m0.2144   [0m | [0m21.55    [0m | [0m0.4654   [0m |
[0.   0.   0.   0.   0.   0.   0.   0.   0.   0.   0.   0.   0.   0.
 0.   0.   0.   0.   0.   0.   0.   0.   0.   0.   0.   0.   0.   0.
 0.   0.   0.   0.   0.   0.   0.02 0.02 0.02 0.02 0.03 0.03 0.03 0.04
 0.04 0.08 0.08 0.11 0.11 0.15 0.16 0.2  0.23 0.24 0.26 0.27 0.33 0.36
 0.37 0.76 1.27 1.5 ]
var: 0.07407697222222227
| [0m57       [0m | [0m0.1122   [0m | [0m1e-08    [0m | [0m21.6     [0m | [0m0.2023   [0m |
[0.18 0.25 0.44 0.66 0.74 0.75 0.82 0.88 0.94 1.04 1.06 1.09 1.1  1.12
 1.12 1.13 1.18 1.19 1.24 1.31 1.33 1.33 1.37 1.4  1.41 1.42 1.46 1.47
 1.55 1.68 1.68 1.72 1.72 1.75 1.77 1.78 1.81 1.87 1.94 2.19 2.26 2.32
 2.52 2.63 2.65 2.66 2.67 2.8  2.83 2.96 2.99 3.04 3.45 3.49 3.62 3.71
 4.03 4.53 4.79 5.07]
var: 1.2194616388888895
| [0m58       [0m | [0m1.932    [0m | [0m0.1728   [0m | [0m21.38    [0m | [0m0.2829   [0m |
[0.17 0.41 0.74 0.78 0.89 0.98 1.05 1.12 1.2  1.26 1.29 1.32 1.37 1.38
 1.38 1.39 1.41 1.41 1.46 1.51 1.53 1.63 1.69 1.77 1.84 1.87 1.91 1.92
 1.92 1.95 1.95 2.   2.18 2.18 2.25 2.33 2.34 2.35 2.42 2.45 2.45 2.49
 2.52 2.52 2.63 2.74 2.74 2.83 2.84 2.86 2.92 3.44 3.55 3.91 3.92 4.35
 4.61 5.19 5.81 6.21]
var: 1.4702847499999996
| [0m59       [0m | [0m2.226    [0m | [0m0.07664  [0m | [0m28.28    [0m | [0m0.1695   [0m |
[0.   0.02 0.07 0.16 0.16 0.22 0.25 0.31 0.31 0.38 0.39 0.4  0.46 0.46
 0.47 0.48 0.52 0.54 0.57 0.57 0.58 0.62 0.67 0.69 0.71 0.75 0.83 0.85
 0.85 0.86 0.87 0.89 0.91 0.91 0.94 0.96 0.98 1.06 1.08 1.16 1.24 1.25
 1.29 1.31 1.35 1.36 1.37 1.46 1.47 1.47 1.48 1.5  1.55 1.73 1.78 1.79
 1.81 1.94 2.14 2.41]
var: 0.31119830555555567
| [0m60       [0m | [0m0.9268   [0m | [0m0.1465   [0m | [0m44.42    [0m | [0m1.66     [0m |
[0.1  0.13 0.19 0.2  0.4  0.46 0.58 0.59 0.74 0.75 0.88 0.96 1.17 1.2
 1.25 1.32 1.38 1.48 1.55 1.61 1.62 1.77 1.87 1.89 1.9  1.92 2.01 2.07
 2.08 2.2  2.38 2.38 2.38 2.41 2.46 2.47 2.5  2.61 2.61 2.62 2.63 2.7
 2.8  2.83 2.89 2.9  3.13 3.19 3.41 3.42 3.57 3.78 3.94 3.96 4.13 4.97
 5.09 5.12 5.34 5.38]
var: 1.811286972222222
| [0m61       [0m | [0m2.271    [0m | [0m0.09463  [0m | [0m21.39    [0m | [0m0.3634   [0m |
[0.26 0.38 0.41 0.41 0.63 0.66 0.73 0.84 0.84 0.91 0.92 0.93 0.93 0.96
 0.98 1.02 1.02 1.02 1.07 1.14 1.2  1.22 1.24 1.26 1.27 1.3  1.32 1.35
 1.38 1.4  1.43 1.46 1.51 1.53 1.65 1.75 1.76 1.78 1.85 1.86 1.86 1.87
 1.9  1.92 1.97 2.01 2.02 2.09 2.1  2.13 2.29 2.46 2.5  2.5  2.51 2.55
 2.87 2.9  3.38 3.87]
var: 0.5481615555555541
| [0m62       [0m | [0m1.555    [0m | [0m0.1686   [0m | [0m34.73    [0m | [0m0.3322   [0m |
[0.21 0.67 0.71 0.74 0.85 0.86 1.01 1.06 1.24 1.26 1.32 1.36 1.4  1.41
 1.44 1.52 1.66 1.69 1.7  1.73 1.73 1.75 1.85 1.87 1.89 1.89 1.95 2.04
 2.05 2.11 2.13 2.13 2.14 2.22 2.24 2.25 2.27 2.32 2.51 2.53 2.72 2.86
 2.88 2.91 2.95 2.97 2.97 3.   3.03 3.12 3.15 3.46 3.52 3.68 3.84 4.06
 4.68 5.12 5.4  6.07]
var: 1.370800555555555
| [0m63       [0m | [0m2.302    [0m | [0m0.07012  [0m | [0m21.46    [0m | [0m0.2499   [0m |
[0.05 0.09 0.11 0.16 0.33 0.35 0.39 0.45 0.48 0.48 0.49 0.5  0.53 0.55
 0.56 0.57 0.58 0.59 0.61 0.62 0.63 0.64 0.64 0.67 0.69 0.69 0.72 0.78
 0.78 0.78 0.8  0.8  0.86 0.87 0.88 0.94 0.96 1.08 1.1  1.11 1.12 1.15
 1.16 1.17 1.17 1.18 1.2  1.25 1.26 1.36 1.4  1.44 1.45 1.47 1.53 1.55
 1.83 2.28 2.41 3.4 ]
var: 0.3322016388888884
| [0m64       [0m | [0m0.9282   [0m | [0m0.2153   [0m | [0m45.69    [0m | [0m1.501    [0m |
[0.3  0.43 0.54 0.57 0.71 0.92 0.94 1.01 1.07 1.18 1.24 1.25 1.43 1.53
 1.55 1.56 1.56 1.59 1.64 1.66 1.7  1.7  1.83 1.95 1.98 2.01 2.06 2.08
 2.26 2.27 2.29 2.34 2.35 2.4  2.41 2.48 2.48 2.51 2.58 2.73 2.78 2.79
 2.8  2.82 2.84 3.05 3.11 3.15 3.26 3.28 3.4  3.47 3.61 3.79 4.04 4.07
 4.13 4.43 4.7  4.9 ]
var: 1.1803949722222218
| [0m65       [0m | [0m2.292    [0m | [0m0.03498  [0m | [0m21.47    [0m | [0m0.4209   [0m |
[0.03 0.04 0.08 0.08 0.09 0.16 0.18 0.19 0.25 0.28 0.31 0.33 0.42 0.49
 0.49 0.51 0.54 0.56 0.56 0.57 0.57 0.59 0.61 0.61 0.72 0.73 0.75 0.76
 0.77 0.77 0.8  0.84 0.85 0.91 0.92 0.92 0.94 0.95 0.95 0.99 1.04 1.06
 1.08 1.11 1.13 1.15 1.19 1.22 1.23 1.28 1.3  1.36 1.37 1.49 1.5  1.54
 1.69 1.7  2.02 2.02]
var: 0.23522941666666686
| [0m66       [0m | [0m0.8265   [0m | [0m0.2732   [0m | [0m42.08    [0m | [0m1.742    [0m |
[0.08 0.22 0.23 0.43 0.48 0.65 0.66 0.78 0.88 0.9  0.93 0.98 1.16 1.2
 1.23 1.24 1.28 1.32 1.34 1.37 1.46 1.56 1.56 1.66 1.74 1.82 1.93 1.95
 2.16 2.17 2.29 2.46 2.56 2.56 2.58 2.63 2.66 2.74 2.76 2.83 2.85 2.85
 2.99 3.06 3.09 3.18 3.19 3.2  3.24 3.26 3.29 3.37 3.39 3.52 3.65 3.89
 4.14 4.14 4.71 8.33]
var: 1.8805132222222205
| [0m67       [0m | [0m2.246    [0m | [0m0.03703  [0m | [0m28.4     [0m | [0m0.2948   [0m |
[0.25 0.59 0.78 0.91 0.92 0.93 0.98 1.06 1.31 1.31 1.31 1.36 1.44 1.54
 1.63 1.73 1.83 1.88 1.89 1.93 1.95 2.04 2.08 2.08 2.09 2.13 2.14 2.17
 2.36 2.38 2.43 2.45 2.5  2.52 2.54 2.6  2.61 2.65 2.69 2.7  2.72 2.77
 2.88 2.98 3.   3.01 3.01 3.06 3.06 3.09 3.1  3.19 3.26 3.42 3.67 3.77
 4.71 5.78 5.88 6.99]
var: 1.500654
| [0m68       [0m | [0m2.434    [0m | [0m0.05788  [0m | [0m21.29    [0m | [0m0.3029   [0m |
[0.   0.   0.   0.   0.   0.   0.   0.   0.   0.   0.   0.   0.   0.01
 0.01 0.01 0.02 0.02 0.02 0.02 0.03 0.03 0.03 0.04 0.06 0.06 0.07 0.09
 0.09 0.11 0.11 0.11 0.13 0.13 0.14 0.17 0.17 0.18 0.19 0.19 0.2  0.27
 0.29 0.31 0.32 0.33 0.34 0.38 0.4  0.45 0.49 0.51 0.53 0.62 0.65 0.72
 0.86 1.24 2.72 3.23]
var: 0.31258166666666676
| [0m69       [0m | [0m0.285    [0m | [0m1e-08    [0m | [0m21.39    [0m | [0m0.3154   [0m |
[0.01 0.07 0.09 0.09 0.12 0.13 0.16 0.16 0.16 0.18 0.18 0.19 0.23 0.27
 0.29 0.32 0.33 0.39 0.39 0.39 0.42 0.44 0.45 0.45 0.51 0.53 0.53 0.55
 0.55 0.55 0.56 0.57 0.63 0.64 0.67 0.68 0.7  0.7  0.71 0.74 0.75 0.75
 0.76 0.77 0.79 0.84 0.86 0.86 0.96 1.02 1.03 1.09 1.13 1.2  1.36 1.38
 1.56 1.62 2.16 2.24]
var: 0.22265455555555572
| [0m70       [0m | [0m0.6477   [0m | [0m0.2198   [0m | [0m0.7929   [0m | [0m0.8724   [0m |
[0.15 0.49 0.67 0.73 0.9  0.94 1.04 1.06 1.16 1.2  1.22 1.24 1.26 1.32
 1.32 1.42 1.56 1.63 1.72 1.82 1.94 1.95 1.99 2.03 2.06 2.09 2.15 2.16
 2.21 2.25 2.26 2.29 2.3  2.34 2.36 2.4  2.49 2.49 2.56 2.76 2.77 2.83
 2.88 2.88 2.97 3.01 3.04 3.19 3.28 3.49 3.57 3.81 3.85 4.01 4.17 4.22
 4.28 4.34 4.44 4.79]
var: 1.2016009722222216
| [0m71       [0m | [0m2.329    [0m | [0m0.05161  [0m | [0m21.42    [0m | [0m0.1584   [0m |
[0.3  0.63 0.72 0.81 0.87 0.89 0.97 1.01 1.04 1.07 1.09 1.13 1.17 1.25
 1.29 1.29 1.29 1.32 1.44 1.44 1.48 1.54 1.57 1.66 1.71 1.76 1.79 1.84
 1.86 2.01 2.06 2.08 2.12 2.22 2.32 2.33 2.36 2.44 2.49 2.5  2.62 2.71
 2.86 2.94 3.08 3.14 3.24 3.26 3.51 3.53 3.62 3.81 3.91 4.16 4.19 4.31
 4.71 4.75 5.79 6.95]
var: 1.783327638888889
| [0m72       [0m | [0m2.304    [0m | [0m0.1236   [0m | [0m28.39    [0m | [0m0.1563   [0m |
[0.16 0.43 0.87 0.9  1.   1.01 1.19 1.24 1.25 1.37 1.45 1.49 1.61 1.78
 1.81 1.82 1.92 1.95 2.   2.11 2.18 2.24 2.27 2.34 2.36 2.36 2.38 2.47
 2.61 2.65 2.8  2.83 2.86 2.9  3.11 3.14 3.19 3.26 3.28 3.3  3.32 3.36
 3.46 3.6  3.64 3.67 3.74 4.   4.09 4.12 4.28 4.48 4.64 4.69 5.15 5.97
 6.09 6.49 6.67 7.58]
var: 2.4539714166666666
| [0m73       [0m | [0m2.916    [0m | [0m0.05156  [0m | [0m21.44    [0m | [0m0.1475   [0m |
[0.   0.03 0.05 0.07 0.11 0.11 0.12 0.13 0.18 0.28 0.3  0.34 0.45 0.46
 0.47 0.53 0.57 0.65 0.71 0.74 0.75 0.77 0.78 0.79 0.8  0.86 0.96 0.96
 0.96 1.   1.04 1.05 1.15 1.16 1.22 1.37 1.42 1.46 1.46 1.49 1.5  1.5
 1.51 1.51 1.55 1.67 1.72 1.79 1.99 2.11 2.14 2.3  2.33 2.47 2.74 2.86
 3.07 3.1  3.71 4.67]
var: 0.9437249722222222
| [0m74       [0m | [0m1.233    [0m | [0m0.2022   [0m | [0m16.06    [0m | [0m1.035    [0m |
[0.51 0.71 0.72 0.92 0.94 0.96 0.98 1.05 1.09 1.19 1.23 1.24 1.32 1.33
 1.33 1.35 1.38 1.4  1.48 1.52 1.58 1.61 1.61 1.66 1.71 1.76 1.79 1.82
 1.94 1.96 1.97 1.98 1.99 2.03 2.13 2.17 2.43 2.51 2.53 2.54 2.56 2.56
 2.65 2.72 2.81 2.83 3.   3.09 3.14 3.17 3.2  3.29 3.29 3.31 3.45 3.71
 4.   5.14 5.51 6.49]
var: 1.3584649722222222
| [0m75       [0m | [0m2.205    [0m | [0m0.1086   [0m | [0m21.44    [0m | [0m0.1915   [0m |
[0.48 0.51 0.52 0.61 0.63 0.87 1.27 1.4  1.41 1.48 1.55 1.68 1.8  1.82
 1.86 1.89 1.96 2.03 2.07 2.09 2.15 2.16 2.21 2.23 2.24 2.34 2.34 2.48
 2.51 2.59 2.6  2.64 2.79 2.81 2.84 2.85 2.89 3.04 3.06 3.08 3.09 3.16
 3.22 3.22 3.24 3.26 3.31 3.33 3.35 3.36 3.41 3.5  3.87 3.88 3.96 4.02
 4.38 4.91 5.63 6.8 ]
var: 1.4261115555555557
| [0m76       [0m | [0m2.611    [0m | [0m0.05067  [0m | [0m28.3     [0m | [0m0.1439   [0m |
[0.14 0.16 0.3  0.4  0.51 0.58 0.69 0.75 0.96 0.98 0.99 1.08 1.24 1.29
 1.31 1.51 1.51 1.55 1.58 1.58 1.59 1.64 1.65 1.65 1.65 1.69 1.72 1.73
 1.76 1.79 1.85 1.9  1.98 1.99 2.05 2.37 2.48 2.48 2.59 2.68 2.69 2.76
 2.82 2.96 2.98 3.07 3.14 3.44 3.48 3.48 3.5  3.78 3.95 3.99 4.15 4.19
 4.37 4.94 5.1  5.75]
var: 1.6520083055555554
| [0m77       [0m | [0m2.215    [0m | [0m0.08665  [0m | [0m21.47    [0m | [0m0.1827   [0m |
[0.02 0.02 0.06 0.1  0.12 0.13 0.14 0.26 0.31 0.35 0.37 0.38 0.41 0.5
 0.56 0.58 0.59 0.61 0.62 0.63 0.65 0.68 0.68 0.7  0.73 0.78 0.79 0.8
 0.9  0.95 0.98 1.06 1.18 1.19 1.23 1.24 1.27 1.3  1.37 1.43 1.45 1.56
 1.57 1.59 1.67 1.69 1.7  1.9  1.99 2.02 2.1  2.12 2.2  2.25 2.31 2.71
 2.73 2.8  3.82 3.88]
var: 0.7847969722222226
| [0m78       [0m | [0m1.179    [0m | [0m0.04896  [0m | [0m40.94    [0m | [0m1.014    [0m |
[0.02 0.04 0.07 0.09 0.14 0.16 0.24 0.27 0.32 0.38 0.44 0.45 0.48 0.52
 0.57 0.59 0.61 0.63 0.65 0.67 0.67 0.7  0.73 0.82 0.9  0.95 0.95 0.96
 0.96 0.97 1.04 1.1  1.12 1.14 1.17 1.18 1.23 1.24 1.35 1.39 1.4  1.47
 1.5  1.54 1.58 1.59 1.62 1.63 1.64 1.79 1.85 1.9  2.   2.12 2.24 2.25
 2.93 2.98 3.1  3.21]
var: 0.5982854166666661
| [0m79       [0m | [0m1.138    [0m | [0m0.1215   [0m | [0m25.94    [0m | [0m2.113    [0m |
[0.09 0.17 0.42 0.57 0.7  0.75 0.78 0.82 0.85 0.85 0.89 0.99 1.02 1.04
 1.1  1.19 1.2  1.26 1.31 1.32 1.36 1.37 1.39 1.42 1.42 1.44 1.44 1.6
 1.62 1.65 1.65 1.67 1.71 1.71 1.76 1.83 1.84 1.85 1.97 2.03 2.04 2.05
 2.09 2.13 2.24 2.36 2.42 2.44 2.45 2.47 2.59 2.72 2.99 3.02 3.2  3.29
 3.41 3.53 4.59 4.64]
var: 0.8925448888888892
| [0m80       [0m | [0m1.779    [0m | [0m0.2223   [0m | [0m10.75    [0m | [0m0.515    [0m |
=============================================================
None
num_trials:  40  inits,  40  iters,  60  per
rho:  1.1
pthin:  0.20

Best VPT: 2.9593333333333343
Best result: {'a': 0.02251440368049638, 'g': 28.294133174566245, 's': 0.1684692671040538}

KERNEL: nu=1.5, lengthscale=2.0, alpha=0.0005
