|   iter    |  target   |     a     |     g     |     s     |
-------------------------------------------------------------
[0.08 0.29 0.42 0.53 0.59 0.6  0.76 0.77 0.77 0.8  0.87 0.89 0.89 0.9
 0.96 1.02 1.03 1.06 1.08 1.08 1.1  1.13 1.18 1.21 1.32 1.35 1.41 1.43
 1.47 1.5  1.51 1.56 1.6  1.67 1.68 1.68 1.68 1.7  1.72 1.72 1.72 1.8
 1.83 1.84 1.91 2.02 2.03 2.06 2.07 2.12 2.12 2.23 2.3  2.51 2.66 2.68
 2.69 2.89 3.45 4.91]
var: 0.6502087500000004
| [0m1        [0m | [0m1.548    [0m | [0m0.05001  [0m | [0m9.61     [0m | [0m0.4428   [0m |
[0.05 0.06 0.07 0.13 0.18 0.2  0.21 0.21 0.28 0.32 0.32 0.36 0.44 0.46
 0.48 0.52 0.52 0.55 0.59 0.63 0.64 0.79 0.8  0.89 0.91 0.92 0.93 1.
 1.03 1.04 1.06 1.11 1.11 1.12 1.14 1.16 1.17 1.24 1.24 1.25 1.28 1.29
 1.31 1.32 1.37 1.4  1.43 1.47 1.49 1.51 1.75 1.75 1.78 1.89 1.93 1.95
 2.55 2.93 3.12 3.57]
var: 0.5498932222222217
| [0m2        [0m | [0m1.07     [0m | [0m0.05364  [0m | [0m37.75    [0m | [0m0.9322   [0m |
[0.18 0.76 0.91 0.95 1.34 1.44 1.45 1.6  1.61 1.64 1.65 1.66 1.7  1.82
 1.84 1.87 1.9  1.92 1.95 1.97 1.98 1.99 2.05 2.06 2.08 2.09 2.14 2.16
 2.19 2.2  2.3  2.32 2.33 2.36 2.37 2.38 2.47 2.5  2.54 2.69 2.69 2.9
 2.91 3.13 3.23 3.24 3.24 3.26 3.52 3.72 3.8  3.92 4.07 4.09 4.16 4.23
 4.86 5.01 5.19 5.63]
var: 1.2426406666666665
| [95m3        [0m | [95m2.536    [0m | [95m0.01213  [0m | [95m35.18    [0m | [95m0.07356  [0m |
[0.03 0.19 0.26 0.31 0.33 0.35 0.37 0.37 0.41 0.41 0.42 0.44 0.46 0.46
 0.5  0.52 0.53 0.56 0.58 0.6  0.61 0.65 0.68 0.69 0.69 0.69 0.71 0.71
 0.71 0.73 0.74 0.75 0.75 0.76 0.77 0.83 0.83 0.86 0.88 0.88 0.89 0.92
 0.95 0.97 1.06 1.15 1.21 1.22 1.23 1.28 1.34 1.35 1.39 1.41 1.47 1.69
 1.77 1.82 1.83 1.85]
var: 0.18871655555555575
| [0m4        [0m | [0m0.8303   [0m | [0m0.007278 [0m | [0m1.453    [0m | [0m2.287    [0m |
[0.   0.06 0.06 0.06 0.1  0.11 0.12 0.15 0.16 0.17 0.18 0.21 0.27 0.28
 0.29 0.31 0.31 0.32 0.33 0.34 0.36 0.39 0.4  0.41 0.41 0.42 0.42 0.44
 0.47 0.47 0.49 0.51 0.57 0.59 0.59 0.61 0.61 0.62 0.67 0.68 0.68 0.73
 0.77 0.79 0.81 0.81 0.87 0.91 0.94 0.97 0.99 0.99 1.01 1.02 1.11 1.15
 1.19 1.25 2.16 2.58]
var: 0.21438163888888873
| [0m5        [0m | [0m0.5948   [0m | [0m0.2632   [0m | [0m48.96    [0m | [0m2.642    [0m |
[0.01 0.01 0.03 0.03 0.04 0.08 0.09 0.11 0.13 0.21 0.22 0.29 0.29 0.29
 0.3  0.37 0.38 0.45 0.5  0.5  0.5  0.51 0.55 0.57 0.6  0.64 0.65 0.68
 0.72 0.72 0.75 0.82 0.82 0.83 0.86 0.88 1.04 1.05 1.06 1.07 1.1  1.15
 1.22 1.25 1.26 1.34 1.36 1.36 1.37 1.38 1.38 1.4  1.41 1.54 1.61 1.64
 1.68 1.72 2.16 2.64]
var: 0.3365076666666668
| [0m6        [0m | [0m0.827    [0m | [0m0.04082  [0m | [0m31.37    [0m | [0m1.42     [0m |
[0.02 0.03 0.08 0.12 0.13 0.14 0.15 0.16 0.26 0.27 0.3  0.33 0.38 0.39
 0.42 0.46 0.49 0.5  0.51 0.64 0.66 0.66 0.67 0.71 0.71 0.74 0.78 0.8
 0.81 0.82 0.84 0.87 0.89 0.91 0.95 0.97 0.98 0.98 1.   1.03 1.03 1.12
 1.13 1.14 1.18 1.21 1.25 1.26 1.43 1.59 1.65 1.73 1.75 1.78 1.92 2.05
 2.09 2.18 2.38 4.1 ]
var: 0.5048636388888892
| [0m7        [0m | [0m0.9422   [0m | [0m0.09752  [0m | [0m6.903    [0m | [0m1.816    [0m |
[0.   0.   0.   0.01 0.05 0.06 0.12 0.18 0.19 0.23 0.25 0.29 0.31 0.32
 0.33 0.39 0.41 0.42 0.49 0.49 0.5  0.51 0.55 0.57 0.58 0.6  0.61 0.62
 0.67 0.69 0.71 0.72 0.76 0.77 0.79 0.81 0.84 0.92 0.93 0.93 1.06 1.07
 1.07 1.12 1.13 1.2  1.21 1.24 1.29 1.3  1.34 1.37 1.4  1.5  1.51 1.58
 1.85 1.94 2.09 2.93]
var: 0.3378209999999999
| [0m8        [0m | [0m0.797    [0m | [0m0.03099  [0m | [0m43.98    [0m | [0m1.213    [0m |
[0.02 0.04 0.07 0.08 0.09 0.15 0.29 0.3  0.31 0.31 0.33 0.34 0.37 0.39
 0.41 0.42 0.45 0.46 0.47 0.5  0.51 0.52 0.59 0.63 0.64 0.65 0.65 0.66
 0.67 0.68 0.69 0.7  0.71 0.72 0.72 0.76 0.77 0.78 0.81 0.82 0.86 0.89
 0.89 0.91 1.04 1.04 1.07 1.12 1.21 1.23 1.27 1.27 1.28 1.52 1.59 1.61
 1.84 1.87 2.23 2.82]
var: 0.2926540000000003
| [0m9        [0m | [0m0.784    [0m | [0m0.117    [0m | [0m3.955    [0m | [0m2.23     [0m |
[0.   0.02 0.05 0.07 0.08 0.1  0.14 0.19 0.24 0.36 0.4  0.4  0.47 0.47
 0.52 0.56 0.57 0.57 0.6  0.62 0.64 0.66 0.67 0.69 0.7  0.71 0.72 0.76
 0.79 0.79 0.8  0.82 0.82 0.82 0.86 0.89 0.93 0.97 1.03 1.06 1.09 1.13
 1.21 1.31 1.31 1.34 1.43 1.44 1.48 1.49 1.54 1.58 1.68 1.7  1.83 1.9
 1.91 1.96 1.99 3.27]
var: 0.3828443055555559
| [0m10       [0m | [0m0.9192   [0m | [0m0.0932   [0m | [0m23.86    [0m | [0m1.58     [0m |
[0.05 0.11 0.13 0.13 0.13 0.19 0.22 0.28 0.3  0.31 0.31 0.4  0.41 0.42
 0.43 0.47 0.5  0.5  0.5  0.54 0.55 0.55 0.56 0.57 0.58 0.66 0.66 0.67
 0.67 0.7  0.73 0.74 0.76 0.8  0.8  0.8  0.86 0.91 0.91 0.97 1.02 1.03
 1.04 1.11 1.14 1.14 1.16 1.17 1.2  1.23 1.25 1.32 1.33 1.47 1.48 1.58
 1.85 2.09 2.62 2.71]
var: 0.31028155555555514
| [0m11       [0m | [0m0.8287   [0m | [0m0.2877   [0m | [0m7.584    [0m | [0m1.146    [0m |
[0.05 0.17 0.39 0.39 0.41 0.47 0.54 0.67 0.69 0.7  0.71 0.82 0.83 0.85
 0.93 0.99 1.04 1.07 1.09 1.14 1.22 1.31 1.36 1.41 1.41 1.44 1.46 1.5
 1.53 1.55 1.64 1.71 1.72 1.72 1.8  1.87 1.97 1.98 2.03 2.05 2.09 2.09
 2.22 2.32 2.38 2.39 2.5  2.59 2.69 2.78 2.83 2.86 3.15 3.24 3.28 3.56
 3.56 3.74 3.8  4.31]
var: 1.007971638888889
| [0m12       [0m | [0m1.75     [0m | [0m0.01216  [0m | [0m43.59    [0m | [0m0.6116   [0m |
[0.03 0.04 0.1  0.1  0.1  0.16 0.27 0.31 0.31 0.36 0.36 0.43 0.43 0.52
 0.52 0.61 0.66 0.66 0.7  0.71 0.73 0.76 0.76 0.76 0.78 0.79 0.79 0.81
 0.82 0.83 0.83 0.85 0.85 0.86 0.9  0.94 0.98 1.   1.03 1.09 1.11 1.15
 1.16 1.2  1.25 1.26 1.29 1.32 1.35 1.37 1.38 1.41 1.45 1.61 1.69 1.76
 1.83 2.34 2.47 2.58]
var: 0.31651488888888835
| [0m13       [0m | [0m0.9253   [0m | [0m0.08985  [0m | [0m10.49    [0m | [0m1.499    [0m |
[0.08 0.17 0.33 0.34 0.46 0.47 0.51 0.56 0.58 0.58 0.59 0.59 0.6  0.6
 0.62 0.64 0.65 0.65 0.67 0.68 0.7  0.75 0.8  0.81 0.84 0.9  0.92 0.93
 0.94 0.97 1.   1.01 1.05 1.06 1.08 1.08 1.09 1.21 1.32 1.37 1.38 1.4
 1.42 1.56 1.57 1.6  1.67 1.69 1.75 1.76 1.78 1.88 1.9  1.94 2.3  2.64
 2.64 2.72 2.76 3.65]
var: 0.5131149722222219
| [0m14       [0m | [0m1.17     [0m | [0m0.04112  [0m | [0m1.304    [0m | [0m0.2238   [0m |
[0.01 0.03 0.04 0.06 0.08 0.08 0.11 0.11 0.13 0.16 0.16 0.17 0.17 0.19
 0.21 0.21 0.23 0.24 0.25 0.3  0.33 0.41 0.43 0.45 0.51 0.51 0.52 0.52
 0.52 0.54 0.55 0.57 0.57 0.65 0.7  0.7  0.72 0.73 0.74 0.79 0.8  0.8
 0.84 0.84 0.85 0.86 0.86 0.9  0.97 1.02 1.07 1.07 1.12 1.17 1.21 1.21
 1.28 1.32 2.55 3.7 ]
var: 0.356299555555556
| [0m15       [0m | [0m0.6473   [0m | [0m0.2054   [0m | [0m38.04    [0m | [0m2.887    [0m |
[0.02 0.04 0.11 0.14 0.15 0.21 0.25 0.26 0.28 0.32 0.36 0.37 0.39 0.41
 0.42 0.43 0.45 0.58 0.59 0.6  0.62 0.63 0.64 0.65 0.67 0.67 0.71 0.71
 0.72 0.72 0.74 0.75 0.76 0.81 0.83 0.83 0.87 0.88 0.92 0.95 0.96 1.01
 1.03 1.03 1.04 1.07 1.26 1.52 1.61 1.72 1.72 1.8  2.03 2.03 2.05 2.14
 2.15 2.34 2.88 4.37]
var: 0.6007598888888891
| [0m16       [0m | [0m0.9537   [0m | [0m0.1427   [0m | [0m16.63    [0m | [0m1.489    [0m |
[0.02 0.03 0.07 0.07 0.1  0.11 0.16 0.19 0.21 0.26 0.31 0.31 0.35 0.36
 0.37 0.47 0.48 0.49 0.51 0.51 0.53 0.57 0.58 0.58 0.59 0.59 0.6  0.61
 0.62 0.66 0.67 0.68 0.69 0.69 0.72 0.81 0.85 0.85 0.87 0.89 0.92 1.02
 1.07 1.09 1.09 1.12 1.13 1.18 1.18 1.21 1.24 1.38 1.4  1.41 1.5  1.51
 1.68 1.71 2.5  2.87]
var: 0.31177288888888877
| [0m17       [0m | [0m0.7873   [0m | [0m0.2344   [0m | [0m25.03    [0m | [0m2.667    [0m |
[0.   0.   0.   0.   0.   0.01 0.04 0.07 0.11 0.12 0.14 0.14 0.16 0.17
 0.21 0.22 0.22 0.23 0.26 0.31 0.35 0.38 0.38 0.43 0.43 0.43 0.43 0.46
 0.49 0.55 0.61 0.63 0.63 0.66 0.67 0.68 0.7  0.73 0.73 0.73 0.74 0.76
 0.78 0.79 0.82 0.98 1.02 1.03 1.03 1.04 1.07 1.1  1.13 1.18 1.23 1.29
 1.39 1.56 1.56 1.84]
var: 0.2031820833333339
| [0m18       [0m | [0m0.5975   [0m | [0m0.2644   [0m | [0m40.88    [0m | [0m2.233    [0m |
[0.33 0.34 0.49 0.56 0.58 0.58 0.68 0.71 0.72 0.72 0.81 0.82 0.85 0.87
 0.9  0.91 0.97 1.07 1.07 1.08 1.08 1.12 1.12 1.21 1.24 1.27 1.28 1.3
 1.37 1.39 1.47 1.48 1.51 1.55 1.69 1.72 1.74 1.75 1.8  1.89 1.91 1.92
 1.99 2.03 2.04 2.07 2.1  2.16 2.21 2.23 2.27 2.36 2.4  2.47 2.5  2.62
 3.11 4.08 4.68 4.95]
var: 0.877377888888889
| [0m19       [0m | [0m1.602    [0m | [0m0.1429   [0m | [0m7.148    [0m | [0m0.3095   [0m |
[0.03 0.07 0.09 0.12 0.14 0.17 0.19 0.2  0.2  0.2  0.21 0.22 0.24 0.26
 0.28 0.29 0.31 0.31 0.32 0.32 0.32 0.33 0.33 0.33 0.34 0.34 0.37 0.38
 0.42 0.42 0.42 0.43 0.46 0.48 0.48 0.49 0.5  0.51 0.53 0.53 0.53 0.55
 0.57 0.59 0.59 0.59 0.62 0.64 0.66 0.68 0.71 0.71 0.75 0.76 0.9  0.95
 0.95 1.04 1.07 1.53]
var: 0.07644697222222224
| [0m20       [0m | [0m0.4662   [0m | [0m0.2175   [0m | [0m0.8855   [0m | [0m2.921    [0m |
[0.03 0.04 0.06 0.06 0.11 0.11 0.11 0.13 0.15 0.21 0.23 0.25 0.26 0.29
 0.3  0.3  0.31 0.35 0.37 0.38 0.4  0.4  0.4  0.42 0.43 0.44 0.45 0.47
 0.48 0.48 0.51 0.52 0.52 0.53 0.55 0.55 0.59 0.6  0.61 0.61 0.61 0.63
 0.64 0.64 0.67 0.68 0.69 0.71 0.74 0.74 0.76 0.76 0.81 0.81 0.83 0.86
 1.   1.   1.07 1.25]
var: 0.0733794166666666
| [0m21       [0m | [0m0.4985   [0m | [0m0.1039   [0m | [0m1.08     [0m | [0m1.861    [0m |
[0.03 0.05 0.08 0.11 0.12 0.13 0.19 0.21 0.21 0.21 0.3  0.31 0.33 0.39
 0.42 0.44 0.48 0.48 0.49 0.5  0.51 0.54 0.55 0.63 0.65 0.65 0.66 0.66
 0.66 0.67 0.67 0.67 0.68 0.68 0.7  0.72 0.72 0.73 0.75 0.76 0.77 0.77
 0.78 0.79 0.82 0.88 0.91 0.93 0.99 1.13 1.15 1.2  1.21 1.5  1.66 1.82
 1.99 2.06 2.34 2.45]
var: 0.28866830555555595
| [0m22       [0m | [0m0.7482   [0m | [0m0.2108   [0m | [0m48.84    [0m | [0m0.7305   [0m |
[0.   0.05 0.05 0.09 0.1  0.21 0.3  0.33 0.38 0.39 0.41 0.43 0.48 0.51
 0.54 0.57 0.57 0.6  0.61 0.61 0.62 0.63 0.64 0.69 0.71 0.73 0.74 0.75
 0.76 0.76 0.76 0.83 0.89 0.99 1.01 1.01 1.03 1.03 1.06 1.09 1.12 1.15
 1.17 1.17 1.19 1.22 1.33 1.41 1.46 1.47 1.5  1.5  1.5  1.51 1.53 1.58
 1.73 1.78 1.92 2.19]
var: 0.25341830555555506
| [0m23       [0m | [0m0.8898   [0m | [0m0.2736   [0m | [0m24.81    [0m | [0m1.064    [0m |
[0.29 0.54 0.56 0.6  0.61 0.61 0.61 0.66 0.71 0.77 0.78 0.81 0.83 0.86
 0.86 1.04 1.05 1.05 1.08 1.1  1.1  1.11 1.11 1.12 1.13 1.16 1.19 1.2
 1.21 1.21 1.22 1.23 1.25 1.29 1.29 1.37 1.43 1.44 1.45 1.48 1.49 1.57
 1.63 1.64 1.66 1.7  1.93 1.94 1.97 1.99 2.01 2.1  2.11 2.68 2.69 2.74
 2.89 3.2  3.22 3.42]
var: 0.5068827499999999
| [0m24       [0m | [0m1.417    [0m | [0m0.1273   [0m | [0m38.24    [0m | [0m0.3864   [0m |
[0.02 0.09 0.1  0.15 0.15 0.18 0.2  0.3  0.33 0.38 0.42 0.44 0.52 0.59
 0.62 0.65 0.67 0.71 0.77 0.77 0.78 0.81 0.85 0.88 0.89 0.92 0.92 0.93
 1.01 1.01 1.02 1.05 1.05 1.09 1.14 1.15 1.17 1.17 1.18 1.18 1.19 1.19
 1.21 1.24 1.26 1.28 1.3  1.31 1.34 1.38 1.38 1.42 1.43 1.45 1.49 1.87
 2.02 2.35 2.96 3.89]
var: 0.43543322222222225
| [0m25       [0m | [0m1.02     [0m | [0m0.1396   [0m | [0m18.86    [0m | [0m1.947    [0m |
[0.16 0.16 0.17 0.3  0.65 0.66 0.67 0.68 0.73 0.73 0.77 0.79 0.86 0.95
 0.95 0.97 0.99 1.01 1.1  1.2  1.2  1.2  1.27 1.27 1.29 1.3  1.35 1.37
 1.39 1.55 1.56 1.58 1.61 1.61 1.7  1.72 1.8  1.83 1.84 1.84 1.91 1.95
 2.18 2.37 2.43 2.44 2.54 2.55 2.6  2.63 2.63 2.99 3.19 3.49 3.6  3.61
 4.13 4.25 4.65 4.87]
var: 1.227044972222221
| [0m26       [0m | [0m1.763    [0m | [0m0.1736   [0m | [0m11.99    [0m | [0m0.3217   [0m |
[0.   0.01 0.02 0.03 0.04 0.05 0.05 0.06 0.1  0.1  0.13 0.15 0.16 0.17
 0.23 0.24 0.26 0.28 0.28 0.29 0.36 0.36 0.37 0.43 0.44 0.45 0.47 0.47
 0.52 0.55 0.6  0.6  0.63 0.64 0.66 0.68 0.71 0.72 0.74 0.79 0.8  0.82
 0.85 0.91 0.92 0.93 0.97 0.98 1.   1.01 1.02 1.03 1.14 1.31 1.47 1.56
 1.6  1.76 2.04 2.33]
var: 0.2695816388888885
| [0m27       [0m | [0m0.6382   [0m | [0m0.2378   [0m | [0m46.36    [0m | [0m0.8656   [0m |
[0.   0.03 0.04 0.1  0.12 0.18 0.28 0.33 0.33 0.35 0.36 0.4  0.4  0.4
 0.41 0.47 0.49 0.54 0.57 0.58 0.6  0.61 0.66 0.68 0.7  0.7  0.71 0.72
 0.72 0.72 0.74 0.77 0.8  0.81 0.85 0.86 0.89 0.9  0.9  0.94 0.96 0.96
 1.03 1.03 1.11 1.14 1.14 1.18 1.19 1.23 1.27 1.34 1.78 1.9  1.91 2.01
 2.26 2.29 2.53 2.68]
var: 0.37247555555555567
| [0m28       [0m | [0m0.8767   [0m | [0m0.08184  [0m | [0m28.42    [0m | [0m2.243    [0m |
[0.03 0.11 0.12 0.13 0.16 0.32 0.32 0.33 0.34 0.34 0.36 0.41 0.46 0.5
 0.51 0.53 0.53 0.54 0.57 0.59 0.6  0.61 0.63 0.65 0.67 0.67 0.67 0.69
 0.71 0.72 0.72 0.72 0.74 0.75 0.76 0.78 0.8  0.85 0.88 0.94 0.96 1.
 1.01 1.06 1.1  1.17 1.19 1.22 1.26 1.27 1.41 1.41 1.52 1.55 1.56 1.67
 1.69 1.71 2.04 2.1 ]
var: 0.230357888888889
| [0m29       [0m | [0m0.8277   [0m | [0m0.1007   [0m | [0m7.194    [0m | [0m2.987    [0m |
[0.   0.01 0.02 0.04 0.07 0.09 0.09 0.09 0.1  0.14 0.15 0.16 0.18 0.21
 0.27 0.31 0.38 0.46 0.48 0.51 0.52 0.52 0.52 0.53 0.54 0.59 0.59 0.61
 0.66 0.68 0.72 0.74 0.76 0.77 0.81 0.86 0.89 0.91 0.91 0.93 0.96 0.98
 1.01 1.03 1.03 1.04 1.11 1.18 1.2  1.21 1.23 1.29 1.3  1.46 1.47 1.59
 1.65 2.11 2.13 2.16]
var: 0.29175288888888873
| [0m30       [0m | [0m0.7493   [0m | [0m0.07813  [0m | [0m48.82    [0m | [0m1.175    [0m |
[0.01 0.03 0.03 0.06 0.06 0.06 0.12 0.12 0.14 0.18 0.19 0.21 0.21 0.22
 0.27 0.28 0.29 0.3  0.31 0.32 0.32 0.38 0.39 0.41 0.45 0.47 0.49 0.53
 0.54 0.55 0.58 0.6  0.62 0.64 0.67 0.74 0.74 0.76 0.78 0.82 0.85 0.88
 0.9  0.91 0.93 0.97 0.98 0.98 1.01 1.04 1.11 1.12 1.23 1.27 1.28 1.3
 1.47 1.82 1.87 1.89]
var: 0.22122166666666657
| [0m31       [0m | [0m0.645    [0m | [0m0.2611   [0m | [0m44.6     [0m | [0m1.983    [0m |
[0.03 0.04 0.07 0.09 0.12 0.14 0.18 0.33 0.39 0.41 0.56 0.57 0.57 0.6
 0.63 0.63 0.65 0.69 0.8  0.84 0.89 0.92 0.95 1.01 1.02 1.03 1.06 1.1
 1.1  1.13 1.2  1.22 1.23 1.27 1.28 1.29 1.31 1.35 1.37 1.4  1.44 1.47
 1.47 1.48 1.71 1.73 1.81 1.81 1.84 1.86 2.   2.   2.01 2.13 2.22 2.42
 2.83 2.84 3.1  3.97]
var: 0.6414616388888887
| [0m32       [0m | [0m1.227    [0m | [0m0.02503  [0m | [0m45.88    [0m | [0m0.9137   [0m |
[0.02 0.03 0.06 0.07 0.12 0.14 0.17 0.17 0.18 0.18 0.19 0.24 0.24 0.28
 0.34 0.41 0.42 0.42 0.45 0.48 0.5  0.51 0.55 0.56 0.56 0.57 0.57 0.58
 0.6  0.62 0.64 0.66 0.68 0.69 0.7  0.73 0.79 0.81 0.83 0.84 0.86 0.9
 0.9  0.94 0.94 0.94 0.98 1.   1.04 1.05 1.13 1.15 1.18 1.22 1.29 1.33
 1.36 1.5  1.92 2.13]
var: 0.199956222222222
| [0m33       [0m | [0m0.6893   [0m | [0m0.2428   [0m | [0m37.72    [0m | [0m2.331    [0m |
[0.01 0.23 0.25 0.55 0.58 0.66 0.67 0.67 0.67 0.8  0.82 0.84 0.87 0.9
 0.95 0.98 0.98 1.   1.01 1.06 1.06 1.08 1.16 1.18 1.33 1.35 1.41 1.41
 1.43 1.43 1.54 1.55 1.72 1.8  1.83 1.84 1.85 1.92 1.98 2.01 2.08 2.09
 2.16 2.19 2.21 2.21 2.23 2.24 2.31 2.45 2.55 2.58 2.61 2.68 2.77 3.09
 3.45 3.5  3.51 3.59]
var: 0.7477348888888888
| [0m34       [0m | [0m1.631    [0m | [0m0.06895  [0m | [0m26.81    [0m | [0m0.4516   [0m |
[0.   0.01 0.01 0.04 0.12 0.13 0.13 0.15 0.2  0.23 0.28 0.3  0.31 0.35
 0.35 0.38 0.4  0.41 0.48 0.48 0.5  0.55 0.56 0.59 0.6  0.6  0.66 0.67
 0.67 0.67 0.73 0.73 0.75 0.79 0.82 0.85 0.88 0.92 0.93 0.93 0.96 0.99
 1.   1.01 1.02 1.03 1.03 1.09 1.16 1.17 1.2  1.22 1.22 1.31 1.35 1.54
 1.56 1.78 1.99 2.08]
var: 0.23282363888888882
| [0m35       [0m | [0m0.7478   [0m | [0m0.2552   [0m | [0m30.2     [0m | [0m2.329    [0m |
[0.02 0.03 0.09 0.09 0.12 0.17 0.2  0.2  0.23 0.29 0.34 0.34 0.4  0.41
 0.49 0.55 0.6  0.6  0.62 0.71 0.73 0.75 0.76 0.76 0.79 0.8  0.81 0.83
 0.84 0.84 0.86 0.87 0.91 1.09 1.1  1.1  1.11 1.12 1.12 1.17 1.18 1.24
 1.24 1.25 1.26 1.3  1.32 1.34 1.35 1.35 1.41 1.41 1.47 1.5  1.51 1.52
 1.66 1.74 1.94 2.8 ]
var: 0.2896609722222221
| [0m36       [0m | [0m0.9108   [0m | [0m0.1376   [0m | [0m10.76    [0m | [0m2.152    [0m |
[0.   0.03 0.04 0.07 0.08 0.14 0.17 0.19 0.21 0.27 0.28 0.3  0.33 0.36
 0.39 0.4  0.45 0.5  0.51 0.52 0.54 0.56 0.58 0.71 0.71 0.71 0.72 0.74
 0.75 0.76 0.84 0.86 0.87 0.89 0.9  0.92 0.96 0.97 0.99 1.04 1.05 1.07
 1.14 1.16 1.18 1.21 1.22 1.27 1.37 1.42 1.45 1.49 1.49 1.53 1.65 1.69
 1.71 1.73 2.03 2.68]
var: 0.30946222222222247
| [0m37       [0m | [0m0.8467   [0m | [0m0.05462  [0m | [0m4.633    [0m | [0m2.677    [0m |
[0.13 0.16 0.18 0.22 0.23 0.25 0.29 0.3  0.31 0.31 0.33 0.38 0.38 0.4
 0.41 0.42 0.42 0.43 0.43 0.46 0.46 0.47 0.49 0.5  0.54 0.55 0.58 0.58
 0.59 0.61 0.62 0.62 0.65 0.66 0.7  0.7  0.73 0.76 0.79 0.89 0.9  0.92
 0.93 0.94 0.96 1.   1.01 1.03 1.05 1.07 1.1  1.13 1.22 1.22 1.26 1.32
 1.42 1.56 1.57 2.07]
var: 0.1616083055555553
| [0m38       [0m | [0m0.7102   [0m | [0m0.2379   [0m | [0m30.07    [0m | [0m2.847    [0m |
[0.05 0.18 0.47 0.55 0.59 0.62 0.66 0.66 0.7  0.84 0.87 0.87 0.91 0.91
 0.92 0.93 1.01 1.01 1.02 1.04 1.13 1.13 1.16 1.21 1.22 1.23 1.24 1.26
 1.27 1.28 1.29 1.32 1.32 1.37 1.43 1.45 1.5  1.59 1.6  1.62 1.63 1.63
 1.66 1.67 1.72 1.75 1.77 1.78 1.81 1.81 1.82 1.84 1.98 2.19 2.43 2.48
 2.62 2.73 2.92 3.44]
var: 0.41727830555555523
| [0m39       [0m | [0m1.385    [0m | [0m0.2099   [0m | [0m45.42    [0m | [0m0.3299   [0m |
[0.01 0.04 0.07 0.08 0.1  0.11 0.13 0.13 0.18 0.21 0.22 0.27 0.28 0.33
 0.33 0.46 0.5  0.52 0.56 0.56 0.57 0.64 0.67 0.69 0.71 0.75 0.81 0.82
 0.82 0.83 0.85 0.89 0.89 0.93 0.93 0.94 0.97 1.   1.   1.01 1.05 1.11
 1.15 1.2  1.21 1.21 1.22 1.24 1.28 1.29 1.29 1.35 1.4  1.41 1.42 1.53
 1.61 2.02 2.37 2.66]
var: 0.3111403055555558
| [0m40       [0m | [0m0.8472   [0m | [0m0.2429   [0m | [0m26.06    [0m | [0m1.738    [0m |
[0.   0.   0.   0.   0.   0.   0.   0.   0.   0.   0.   0.   0.   0.
 0.   0.   0.   0.   0.   0.   0.01 0.01 0.01 0.01 0.01 0.01 0.01 0.02
 0.02 0.02 0.02 0.02 0.02 0.02 0.02 0.02 0.02 0.03 0.03 0.03 0.04 0.04
 0.04 0.05 0.05 0.05 0.05 0.06 0.06 0.06 0.06 0.06 0.06 0.06 0.07 0.08
 0.08 0.08 0.09 0.09]
var: 0.0007594166666667037
| [0m41       [0m | [0m0.0265   [0m | [0m0.03166  [0m | [0m35.5     [0m | [0m0.001    [0m |
[0.08 0.16 0.2  0.22 0.23 0.23 0.37 0.37 0.42 0.47 0.48 0.49 0.53 0.55
 0.6  0.61 0.63 0.66 0.68 0.68 0.71 0.72 0.73 0.76 0.77 0.82 0.9  0.93
 0.96 0.96 0.96 0.97 0.98 0.98 1.07 1.09 1.13 1.13 1.14 1.15 1.17 1.21
 1.23 1.28 1.3  1.33 1.37 1.39 1.41 1.46 1.53 1.55 1.69 1.71 1.74 1.75
 1.75 1.82 1.97 3.22]
var: 0.30754999999999966
| [0m42       [0m | [0m0.99     [0m | [0m0.06319  [0m | [0m22.84    [0m | [0m2.345    [0m |
[0.   0.01 0.04 0.07 0.08 0.12 0.15 0.21 0.23 0.26 0.29 0.33 0.34 0.35
 0.37 0.39 0.48 0.52 0.56 0.59 0.62 0.65 0.67 0.68 0.74 0.78 0.79 0.83
 0.84 0.85 0.87 0.9  0.94 0.95 0.98 0.98 1.01 1.02 1.03 1.07 1.08 1.1
 1.12 1.15 1.15 1.19 1.2  1.2  1.21 1.21 1.22 1.23 1.25 1.32 1.39 1.46
 1.58 1.6  1.88 2.14]
var: 0.2305669722222225
| [0m43       [0m | [0m0.8212   [0m | [0m0.16     [0m | [0m12.84    [0m | [0m2.38     [0m |
[0.01 0.02 0.04 0.07 0.09 0.14 0.18 0.2  0.21 0.23 0.25 0.39 0.42 0.42
 0.43 0.44 0.44 0.49 0.5  0.52 0.54 0.55 0.56 0.59 0.64 0.65 0.66 0.66
 0.73 0.74 0.74 0.76 0.82 0.83 0.83 0.86 0.87 0.94 0.96 0.98 1.12 1.14
 1.19 1.22 1.22 1.25 1.27 1.27 1.33 1.37 1.56 1.62 1.74 1.74 1.75 1.87
 1.88 1.92 1.94 2.61]
var: 0.33969163888888854
| [0m44       [0m | [0m0.8568   [0m | [0m0.1829   [0m | [0m20.92    [0m | [0m1.001    [0m |
[0.01 0.02 0.02 0.07 0.07 0.15 0.2  0.21 0.23 0.23 0.24 0.24 0.25 0.25
 0.25 0.28 0.31 0.36 0.36 0.38 0.4  0.43 0.43 0.43 0.47 0.5  0.57 0.61
 0.62 0.65 0.66 0.67 0.68 0.69 0.71 0.72 0.72 0.76 0.77 0.78 0.84 0.86
 0.87 0.89 0.9  0.93 0.94 0.94 1.09 1.1  1.16 1.19 1.19 1.2  1.26 1.3
 1.31 1.41 1.41 1.61]
var: 0.1643288888888889
| [0m45       [0m | [0m0.6467   [0m | [0m0.1306   [0m | [0m18.1     [0m | [0m2.957    [0m |
[0.04 0.1  0.22 0.23 0.26 0.32 0.34 0.36 0.39 0.4  0.4  0.45 0.47 0.48
 0.54 0.59 0.65 0.65 0.66 0.68 0.7  0.71 0.71 0.72 0.8  0.81 0.87 0.93
 0.95 0.95 0.97 0.98 0.99 1.01 1.05 1.09 1.09 1.11 1.18 1.18 1.19 1.23
 1.28 1.36 1.4  1.52 1.56 1.57 1.62 1.63 1.72 1.76 1.76 1.83 1.85 1.92
 1.97 2.   2.32 2.49]
var: 0.33463830555555535
| [0m46       [0m | [0m1.017    [0m | [0m0.04568  [0m | [0m35.74    [0m | [0m1.367    [0m |
[0.01 0.02 0.04 0.07 0.15 0.17 0.2  0.24 0.27 0.27 0.29 0.4  0.41 0.43
 0.43 0.44 0.46 0.53 0.54 0.55 0.56 0.59 0.61 0.61 0.64 0.65 0.66 0.69
 0.73 0.76 0.78 0.87 0.89 0.9  0.91 0.92 0.93 1.03 1.05 1.06 1.06 1.08
 1.13 1.28 1.31 1.37 1.41 1.43 1.43 1.45 1.45 1.47 1.57 1.79 1.95 1.96
 2.05 2.27 2.61 2.85]
var: 0.4071915555555559
| [0m47       [0m | [0m0.9113   [0m | [0m0.1682   [0m | [0m40.81    [0m | [0m1.696    [0m |
[0.   0.07 0.07 0.08 0.12 0.15 0.17 0.2  0.21 0.23 0.23 0.26 0.26 0.28
 0.31 0.32 0.34 0.34 0.35 0.38 0.38 0.38 0.41 0.41 0.45 0.47 0.53 0.54
 0.56 0.56 0.58 0.58 0.63 0.63 0.66 0.67 0.69 0.7  0.74 0.76 0.76 0.78
 0.79 0.8  0.82 0.87 0.88 0.89 0.93 0.97 1.15 1.21 1.25 1.29 1.36 1.44
 1.44 1.53 1.55 2.01]
var: 0.18860322222222187
| [0m48       [0m | [0m0.6403   [0m | [0m0.1442   [0m | [0m4.336    [0m | [0m0.9917   [0m |
[0.02 0.03 0.04 0.09 0.1  0.1  0.12 0.15 0.22 0.26 0.36 0.41 0.42 0.44
 0.46 0.47 0.59 0.59 0.63 0.63 0.67 0.68 0.72 0.76 0.81 0.84 0.89 0.9
 0.9  0.92 0.97 0.98 1.02 1.04 1.04 1.07 1.1  1.16 1.2  1.26 1.27 1.33
 1.37 1.39 1.48 1.52 1.53 1.6  1.63 1.68 1.71 1.77 1.78 1.91 1.97 1.99
 1.99 2.36 2.52 3.16]
var: 0.46382100000000065
| [0m49       [0m | [0m1.017    [0m | [0m0.0351   [0m | [0m44.88    [0m | [0m1.09     [0m |
[0.17 0.2  0.31 0.33 0.33 0.36 0.38 0.41 0.42 0.42 0.49 0.52 0.53 0.58
 0.59 0.62 0.63 0.65 0.66 0.66 0.67 0.69 0.73 0.74 0.75 0.76 0.79 0.82
 0.87 0.94 0.95 0.96 0.96 1.04 1.05 1.07 1.07 1.12 1.13 1.22 1.25 1.28
 1.35 1.44 1.51 1.53 1.55 1.6  1.6  1.61 1.68 1.74 1.97 2.02 2.17 2.38
 2.42 2.68 2.68 3.08]
var: 0.451278083333333
| [0m50       [0m | [0m1.086    [0m | [0m0.04779  [0m | [0m8.466    [0m | [0m1.162    [0m |
[0.01 0.02 0.02 0.03 0.04 0.08 0.09 0.1  0.12 0.13 0.18 0.22 0.25 0.3
 0.32 0.36 0.38 0.39 0.43 0.46 0.47 0.47 0.48 0.48 0.62 0.63 0.63 0.64
 0.72 0.73 0.73 0.74 0.81 0.85 0.85 0.89 0.91 0.92 0.93 0.96 0.97 1.
 1.   1.   1.01 1.05 1.07 1.13 1.22 1.27 1.37 1.4  1.45 1.47 1.48 1.57
 1.65 1.73 1.96 2.31]
var: 0.28208388888888897
| [0m51       [0m | [0m0.7583   [0m | [0m0.09763  [0m | [0m46.81    [0m | [0m1.622    [0m |
[0.   0.01 0.03 0.04 0.04 0.06 0.07 0.15 0.23 0.23 0.27 0.27 0.28 0.33
 0.33 0.34 0.37 0.39 0.4  0.41 0.41 0.42 0.43 0.43 0.44 0.45 0.47 0.49
 0.52 0.55 0.7  0.72 0.73 0.79 0.8  0.83 0.85 0.88 0.9  0.9  1.01 1.02
 1.04 1.06 1.1  1.13 1.14 1.16 1.26 1.31 1.48 1.54 1.63 1.68 1.68 1.72
 1.97 2.04 2.6  2.67]
var: 0.3899255555555555
| [0m52       [0m | [0m0.7867   [0m | [0m0.2832   [0m | [0m29.88    [0m | [0m1.384    [0m |
[0.01 0.02 0.02 0.05 0.05 0.05 0.05 0.06 0.07 0.07 0.11 0.12 0.12 0.15
 0.16 0.16 0.16 0.25 0.26 0.26 0.26 0.27 0.28 0.3  0.33 0.35 0.35 0.37
 0.38 0.4  0.42 0.44 0.5  0.5  0.53 0.53 0.56 0.57 0.58 0.59 0.59 0.59
 0.6  0.63 0.67 0.67 0.7  0.71 0.76 0.76 0.78 0.82 0.83 0.88 0.91 1.06
 1.17 1.21 1.22 1.62]
var: 0.12331163888888866
| [0m53       [0m | [0m0.4648   [0m | [0m0.1987   [0m | [0m0.5762   [0m | [0m0.2567   [0m |
[0.06 0.14 0.17 0.21 0.24 0.26 0.29 0.3  0.32 0.42 0.42 0.43 0.43 0.44
 0.44 0.44 0.45 0.45 0.47 0.49 0.51 0.54 0.58 0.66 0.68 0.69 0.69 0.72
 0.72 0.75 0.83 0.83 0.88 0.94 0.95 0.96 1.01 1.04 1.05 1.06 1.08 1.09
 1.13 1.14 1.15 1.15 1.19 1.25 1.25 1.42 1.44 1.58 1.65 1.83 1.98 1.99
 2.   2.3  2.5  2.84]
var: 0.3697248888888892
| [0m54       [0m | [0m0.9153   [0m | [0m0.155    [0m | [0m4.284    [0m | [0m2.006    [0m |
[0.   0.01 0.01 0.03 0.09 0.11 0.12 0.13 0.17 0.23 0.24 0.27 0.34 0.42
 0.42 0.42 0.45 0.51 0.51 0.51 0.51 0.52 0.59 0.6  0.61 0.68 0.72 0.78
 0.81 0.84 0.84 0.86 0.9  0.91 0.92 0.95 0.95 0.96 0.97 1.06 1.07 1.1
 1.14 1.19 1.2  1.25 1.28 1.37 1.41 1.45 1.54 1.59 1.69 1.79 1.82 1.86
 1.98 2.01 2.22 2.27]
var: 0.3535599999999999
| [0m55       [0m | [0m0.87     [0m | [0m0.1289   [0m | [0m6.33     [0m | [0m1.313    [0m |
[0.   0.01 0.04 0.04 0.07 0.08 0.11 0.11 0.24 0.27 0.32 0.34 0.36 0.4
 0.4  0.45 0.5  0.51 0.52 0.56 0.57 0.69 0.71 0.83 0.89 0.9  0.95 1.02
 1.03 1.04 1.05 1.07 1.12 1.13 1.13 1.16 1.21 1.24 1.28 1.3  1.31 1.39
 1.39 1.44 1.47 1.49 1.52 1.55 1.78 1.85 1.85 1.86 2.04 2.04 2.09 2.1
 2.12 2.3  2.31 2.38]
var: 0.46218697222222294
| [0m56       [0m | [0m1.032    [0m | [0m0.02893  [0m | [0m37.56    [0m | [0m1.748    [0m |
[0.02 0.1  0.13 0.14 0.15 0.23 0.25 0.25 0.32 0.35 0.4  0.42 0.44 0.44
 0.45 0.49 0.55 0.56 0.57 0.59 0.6  0.66 0.67 0.67 0.68 0.68 0.68 0.69
 0.72 0.74 0.74 0.76 0.78 0.81 0.82 0.87 0.94 1.   1.04 1.06 1.07 1.07
 1.14 1.15 1.15 1.16 1.17 1.2  1.24 1.29 1.32 1.35 1.36 1.36 1.53 1.75
 1.81 1.83 2.12 3.21]
var: 0.3087078888888885
| [0m57       [0m | [0m0.8623   [0m | [0m0.292    [0m | [0m18.55    [0m | [0m1.508    [0m |
[0.06 0.07 0.13 0.25 0.28 0.31 0.38 0.39 0.43 0.51 0.59 0.6  0.62 0.69
 0.69 0.7  0.72 0.76 0.85 0.89 0.92 0.93 0.94 1.04 1.07 1.07 1.11 1.14
 1.17 1.21 1.23 1.23 1.24 1.3  1.3  1.38 1.41 1.44 1.46 1.48 1.51 1.51
 1.65 1.66 1.67 1.69 1.73 1.86 1.94 2.07 2.09 2.15 2.2  2.37 2.55 2.72
 3.67 4.16 4.82 6.13]
var: 1.2139312222222227
| [0m58       [0m | [0m1.402    [0m | [0m0.0397   [0m | [0m41.09    [0m | [0m0.5228   [0m |
[0.09 0.12 0.23 0.27 0.34 0.37 0.42 0.44 0.45 0.48 0.48 0.59 0.64 0.67
 0.68 0.72 0.73 0.73 0.75 0.76 0.77 0.82 0.84 0.85 0.86 0.86 0.86 0.93
 0.96 1.01 1.05 1.11 1.11 1.16 1.16 1.17 1.18 1.18 1.21 1.22 1.28 1.28
 1.31 1.35 1.4  1.4  1.45 1.45 1.46 1.48 1.52 1.85 1.92 2.17 2.2  2.22
 2.36 2.37 2.72 3.24]
var: 0.41672722222222186
| [0m59       [0m | [0m1.112    [0m | [0m0.08584  [0m | [0m11.66    [0m | [0m1.082    [0m |
[0.01 0.02 0.02 0.03 0.05 0.06 0.06 0.08 0.08 0.11 0.12 0.12 0.14 0.15
 0.17 0.17 0.23 0.26 0.26 0.31 0.4  0.41 0.5  0.51 0.55 0.57 0.58 0.58
 0.58 0.63 0.64 0.64 0.64 0.65 0.65 0.73 0.73 0.75 0.81 0.99 0.99 1.
 1.03 1.04 1.09 1.11 1.11 1.12 1.14 1.15 1.27 1.38 1.42 1.44 1.52 1.54
 1.58 1.64 1.79 2.52]
var: 0.3020369722222223
| [0m60       [0m | [0m0.6978   [0m | [0m0.05747  [0m | [0m32.12    [0m | [0m2.281    [0m |
[0.14 0.14 0.15 0.15 0.16 0.16 0.21 0.25 0.26 0.31 0.31 0.33 0.35 0.41
 0.52 0.52 0.54 0.55 0.56 0.61 0.61 0.62 0.63 0.63 0.64 0.67 0.7  0.7
 0.72 0.75 0.76 0.77 0.78 0.82 0.88 0.9  0.91 0.98 1.   1.05 1.1  1.1
 1.11 1.12 1.13 1.14 1.18 1.2  1.24 1.25 1.27 1.37 1.37 1.4  1.43 1.47
 1.68 2.1  3.43 5.71]
var: 0.6890443055555552
| [0m61       [0m | [0m0.9158   [0m | [0m0.1089   [0m | [0m8.068    [0m | [0m1.083    [0m |
[0.02 0.03 0.04 0.05 0.07 0.07 0.09 0.11 0.12 0.13 0.14 0.15 0.17 0.19
 0.22 0.23 0.25 0.29 0.34 0.34 0.35 0.37 0.42 0.46 0.46 0.51 0.51 0.52
 0.52 0.53 0.55 0.57 0.59 0.6  0.62 0.67 0.7  0.72 0.75 0.81 0.86 0.86
 0.88 0.91 0.91 0.91 0.91 0.92 0.92 0.93 0.94 0.97 1.01 1.05 1.13 1.26
 1.28 1.34 1.51 1.9 ]
var: 0.17152155555555545
| [0m62       [0m | [0m0.5947   [0m | [0m0.1568   [0m | [0m40.02    [0m | [0m2.362    [0m |
[0.   0.   0.   0.   0.01 0.04 0.04 0.06 0.06 0.06 0.06 0.07 0.09 0.1
 0.12 0.12 0.13 0.13 0.13 0.15 0.15 0.15 0.17 0.18 0.22 0.23 0.23 0.24
 0.25 0.28 0.28 0.28 0.29 0.29 0.3  0.3  0.32 0.33 0.33 0.36 0.37 0.37
 0.37 0.38 0.39 0.39 0.4  0.43 0.44 0.46 0.55 0.6  0.6  0.64 0.68 0.69
 0.73 0.86 0.91 1.09]
var: 0.05808388888888902
| [0m63       [0m | [0m0.2983   [0m | [0m0.2467   [0m | [0m0.3318   [0m | [0m0.4729   [0m |
[0.02 0.02 0.02 0.02 0.04 0.13 0.15 0.24 0.27 0.28 0.28 0.29 0.3  0.31
 0.32 0.35 0.36 0.43 0.47 0.5  0.57 0.61 0.62 0.63 0.64 0.65 0.66 0.67
 0.68 0.79 0.82 0.93 0.95 1.03 1.1  1.2  1.21 1.28 1.29 1.3  1.34 1.34
 1.38 1.38 1.39 1.4  1.42 1.42 1.42 1.46 1.55 1.59 1.68 1.69 1.78 2.16
 2.19 3.71 4.29 5.08]
var: 0.9152049999999996
| [0m64       [0m | [0m1.035    [0m | [0m0.09683  [0m | [0m48.03    [0m | [0m0.949    [0m |
[0.01 0.13 0.14 0.33 0.35 0.36 0.37 0.38 0.42 0.45 0.49 0.5  0.51 0.52
 0.52 0.59 0.67 0.7  0.72 0.9  0.95 0.98 1.01 1.01 1.13 1.18 1.22 1.29
 1.42 1.46 1.46 1.46 1.47 1.52 1.55 1.56 1.59 1.65 1.68 1.84 1.86 1.9
 1.9  1.97 2.02 2.05 2.11 2.12 2.12 2.17 2.18 2.2  2.23 2.24 2.25 2.39
 2.48 2.57 2.96 4.46]
var: 0.7120003055555557
| [0m65       [0m | [0m1.378    [0m | [0m0.03324  [0m | [0m20.19    [0m | [0m1.451    [0m |
[0.   0.03 0.07 0.1  0.1  0.15 0.16 0.17 0.17 0.18 0.2  0.25 0.27 0.35
 0.42 0.48 0.5  0.54 0.57 0.67 0.69 0.7  0.71 0.71 0.71 0.74 0.75 0.75
 0.78 0.79 0.82 0.84 0.89 0.92 0.95 0.96 0.96 1.01 1.05 1.07 1.12 1.16
 1.18 1.2  1.22 1.23 1.23 1.27 1.29 1.36 1.38 1.42 1.42 1.62 1.65 1.83
 1.89 1.9  2.12 2.29]
var: 0.30378066666666614
| [0m66       [0m | [0m0.866    [0m | [0m0.2478   [0m | [0m14.01    [0m | [0m2.912    [0m |
[0.07 0.08 0.11 0.2  0.23 0.25 0.32 0.32 0.33 0.35 0.36 0.36 0.37 0.42
 0.42 0.43 0.47 0.53 0.54 0.57 0.62 0.64 0.66 0.77 0.77 0.79 0.82 0.83
 0.85 0.89 0.95 1.04 1.05 1.07 1.1  1.1  1.15 1.17 1.22 1.24 1.28 1.28
 1.29 1.3  1.31 1.41 1.44 1.45 1.46 1.51 1.56 1.59 1.75 1.8  1.88 1.97
 2.01 2.28 2.59 2.61]
var: 0.3807103055555559
| [0m67       [0m | [0m0.9872   [0m | [0m0.07621  [0m | [0m35.68    [0m | [0m0.8364   [0m |
[0.   0.06 0.06 0.06 0.08 0.13 0.16 0.18 0.19 0.31 0.32 0.33 0.35 0.39
 0.41 0.45 0.46 0.5  0.52 0.54 0.6  0.61 0.65 0.68 0.69 0.71 0.78 0.79
 0.8  0.8  0.81 0.82 0.84 0.85 0.86 0.86 0.88 0.89 0.91 0.91 0.93 1.01
 1.03 1.04 1.05 1.05 1.08 1.1  1.15 1.2  1.21 1.24 1.25 1.32 1.36 1.49
 1.51 1.65 1.86 1.98]
var: 0.20628097222222216
| [0m68       [0m | [0m0.7792   [0m | [0m0.1482   [0m | [0m24.21    [0m | [0m2.174    [0m |
[0.   0.02 0.06 0.07 0.07 0.11 0.12 0.13 0.14 0.2  0.23 0.27 0.28 0.28
 0.3  0.31 0.34 0.36 0.42 0.43 0.48 0.49 0.49 0.5  0.58 0.6  0.61 0.62
 0.67 0.68 0.69 0.7  0.77 0.8  0.85 0.89 0.91 0.93 0.93 1.1  1.14 1.14
 1.16 1.17 1.18 1.24 1.27 1.27 1.34 1.35 1.36 1.51 1.7  1.78 1.78 2.2
 2.23 2.3  2.75 3.  ]
var: 0.4707716666666669
| [0m69       [0m | [0m0.855    [0m | [0m0.1565   [0m | [0m20.35    [0m | [0m1.564    [0m |
[0.01 0.05 0.07 0.18 0.19 0.23 0.28 0.31 0.35 0.44 0.45 0.47 0.54 0.55
 0.56 0.56 0.59 0.61 0.61 0.62 0.64 0.66 0.7  0.73 0.74 0.74 0.79 0.83
 0.91 0.92 0.92 0.94 0.98 1.03 1.08 1.16 1.17 1.17 1.19 1.19 1.2  1.27
 1.28 1.39 1.41 1.42 1.46 1.55 1.57 1.67 1.7  1.74 1.83 1.93 2.13 2.42
 2.55 3.13 3.32 3.9 ]
var: 0.6229269722222224
| [0m70       [0m | [0m1.084    [0m | [0m0.1113   [0m | [0m11.85    [0m | [0m1.209    [0m |
[0.   0.03 0.04 0.11 0.24 0.25 0.27 0.27 0.3  0.31 0.31 0.46 0.53 0.58
 0.6  0.65 0.68 0.7  0.71 0.71 0.72 0.75 0.78 0.8  0.83 0.84 0.87 0.88
 0.92 0.92 0.92 0.93 0.97 0.99 1.08 1.08 1.09 1.1  1.13 1.14 1.17 1.22
 1.25 1.27 1.32 1.34 1.35 1.41 1.44 1.54 1.54 1.75 1.75 1.79 1.8  1.9
 1.92 2.11 2.35 2.43]
var: 0.3278845555555553
| [0m71       [0m | [0m0.9857   [0m | [0m0.2433   [0m | [0m20.71    [0m | [0m1.099    [0m |
[0.   0.   0.06 0.07 0.13 0.13 0.16 0.2  0.23 0.28 0.29 0.29 0.33 0.34
 0.37 0.38 0.42 0.49 0.49 0.49 0.51 0.52 0.53 0.55 0.55 0.56 0.56 0.57
 0.58 0.59 0.6  0.6  0.62 0.63 0.64 0.66 0.66 0.68 0.69 0.71 0.75 0.78
 0.79 0.79 0.9  0.9  0.91 0.96 0.96 1.17 1.19 1.29 1.32 1.43 1.44 1.54
 1.54 1.54 1.61 2.11]
var: 0.20234822222222154
| [0m72       [0m | [0m0.6847   [0m | [0m0.2246   [0m | [0m47.24    [0m | [0m2.455    [0m |
[0.   0.   0.   0.01 0.04 0.04 0.05 0.07 0.07 0.09 0.1  0.11 0.13 0.13
 0.13 0.14 0.14 0.14 0.14 0.15 0.15 0.15 0.15 0.16 0.16 0.16 0.16 0.17
 0.17 0.18 0.19 0.19 0.21 0.23 0.26 0.27 0.28 0.28 0.28 0.29 0.31 0.31
 0.32 0.32 0.32 0.33 0.35 0.36 0.38 0.39 0.41 0.43 0.43 0.49 0.58 0.66
 0.84 0.9  0.94 0.96]
var: 0.049225555555555536
| [0m73       [0m | [0m0.2633   [0m | [0m0.2253   [0m | [0m10.43    [0m | [0m0.009952 [0m |
[0.16 0.29 0.49 0.54 0.57 0.6  0.67 0.67 0.69 0.73 0.79 0.86 0.9  0.92
 0.95 1.02 1.09 1.09 1.12 1.13 1.15 1.18 1.25 1.26 1.27 1.27 1.28 1.28
 1.33 1.39 1.4  1.43 1.43 1.43 1.45 1.49 1.55 1.63 1.67 1.73 1.8  1.85
 1.85 1.88 1.88 2.02 2.04 2.05 2.16 2.17 2.21 2.25 2.58 2.69 2.91 2.96
 3.16 3.19 3.38 3.67]
var: 0.6153376388888891
| [0m74       [0m | [0m1.531    [0m | [0m0.06184  [0m | [0m9.568    [0m | [0m0.4502   [0m |
[0.5  0.56 0.61 0.63 0.67 0.77 0.8  0.85 1.   1.08 1.12 1.2  1.28 1.33
 1.33 1.53 1.54 1.59 1.81 1.83 1.9  1.91 1.95 1.95 1.97 1.99 1.99 2.03
 2.28 2.3  2.33 2.35 2.36 2.38 2.41 2.42 2.43 2.59 2.6  2.66 2.67 2.69
 2.72 2.72 2.73 2.82 2.82 3.03 3.03 3.07 3.12 3.16 3.18 3.24 3.26 3.28
 3.33 3.34 3.8  4.79]
var: 0.8466114166666664
| [0m75       [0m | [0m2.161    [0m | [0m0.1029   [0m | [0m35.14    [0m | [0m0.05667  [0m |
[0.1  0.4  0.55 0.58 0.65 0.69 0.72 0.74 0.85 0.87 0.87 0.95 1.02 1.03
 1.05 1.06 1.12 1.16 1.18 1.2  1.21 1.25 1.3  1.3  1.34 1.52 1.54 1.57
 1.57 1.58 1.59 1.6  1.61 1.64 1.67 1.68 1.72 1.73 1.78 1.91 1.94 1.99
 2.01 2.05 2.13 2.13 2.17 2.25 2.28 2.38 2.41 2.42 2.51 2.57 2.6  2.71
 2.78 3.08 3.24 4.04]
var: 0.5730527500000002
| [0m76       [0m | [0m1.627    [0m | [0m0.06234  [0m | [0m35.18    [0m | [0m0.1856   [0m |
[0.64 0.67 0.68 0.68 0.79 1.06 1.08 1.1  1.19 1.25 1.28 1.31 1.36 1.36
 1.49 1.54 1.62 1.76 1.82 1.83 1.97 2.   2.02 2.04 2.05 2.11 2.13 2.24
 2.33 2.34 2.34 2.37 2.37 2.43 2.44 2.49 2.55 2.56 2.56 2.6  2.66 2.76
 3.08 3.1  3.1  3.2  3.87 3.92 4.01 4.08 4.17 4.2  4.49 4.74 4.96 5.25
 5.25 5.47 5.81 7.76]
var: 2.1659714166666664
| [95m77       [0m | [95m2.606    [0m | [95m0.005523 [0m | [95m35.13    [0m | [95m0.04877  [0m |
[0.59 0.6  0.6  0.61 0.63 0.64 0.65 0.67 0.81 0.85 0.86 0.92 0.93 0.95
 0.96 1.09 1.12 1.15 1.16 1.23 1.31 1.38 1.41 1.41 1.54 1.55 1.6  1.61
 1.64 1.64 1.69 1.72 1.76 1.77 1.81 1.81 1.82 1.96 1.98 1.99 1.99 2.
 2.05 2.12 2.15 2.17 2.17 2.22 2.26 2.42 2.43 2.48 2.51 2.55 2.64 3.19
 3.29 3.35 3.4  4.25]
var: 0.6431223333333326
| [0m78       [0m | [0m1.701    [0m | [0m0.05888  [0m | [0m35.16    [0m | [0m0.1158   [0m |
[0.3  0.33 0.35 0.35 0.36 0.37 0.38 0.39 0.49 0.49 0.5  0.53 0.58 0.59
 0.61 0.62 0.63 0.65 0.65 0.65 0.65 0.66 0.68 0.68 0.7  0.73 0.75 0.8
 0.81 0.85 0.86 0.87 0.88 0.9  0.93 0.93 0.96 1.06 1.15 1.16 1.17 1.21
 1.23 1.25 1.26 1.27 1.3  1.33 1.38 1.41 1.52 1.52 1.57 1.8  1.87 1.9
 1.98 2.09 2.47 2.51]
var: 0.28092363888888894
| [0m79       [0m | [0m0.9812   [0m | [0m0.02028  [0m | [0m35.17    [0m | [0m0.01366  [0m |
[0.11 0.3  0.42 0.47 0.57 0.62 0.67 0.69 0.71 0.73 0.78 0.79 0.93 0.97
 1.02 1.08 1.09 1.12 1.12 1.18 1.19 1.27 1.27 1.27 1.35 1.39 1.46 1.49
 1.5  1.51 1.51 1.57 1.6  1.67 1.73 1.75 1.76 1.77 1.83 1.84 1.86 1.86
 1.89 1.93 1.94 1.96 2.   2.06 2.15 2.27 2.42 2.52 2.61 2.79 3.12 3.17
 3.22 3.33 3.55 3.56]
var: 0.667951638888889
| [0m80       [0m | [0m1.605    [0m | [0m0.09775  [0m | [0m38.26    [0m | [0m0.3892   [0m |
=============================================================
None
num_trials:  40  inits,  40  iters,  60  per
rho:  0.9
pthin:  0.70

Best VPT: 2.6055000000000006
Best result: {'a': 0.005523448600320843, 'g': 35.13094761637655, 's': 0.04877464887636365}

KERNEL: nu=1.5, lengthscale=2.0, alpha=0.0005
