|   iter    |  target   |     a     |     g     |     s     |
-------------------------------------------------------------
[0.17 0.31 0.94 0.96 1.1  1.19 1.21 1.28 1.3  1.31 1.43 1.61 1.74 1.76
 1.87 1.93 1.99 2.08 2.08 2.11 2.11 2.11 2.2  2.22 2.29 2.36 2.39 2.4
 2.4  2.56 2.58 2.67 2.76 2.78 2.9  3.05 3.05 3.1  3.23 3.26 3.37 3.47
 3.55 3.65 3.78 3.8  3.93 3.95 4.09 4.14 4.16 4.32 4.41 4.46 4.47 4.52
 4.84 5.42 6.76 6.84]
var: 1.9288760000000014
| [0m1        [0m | [0m2.812    [0m | [0m0.2003   [0m | [0m35.37    [0m | [0m0.07431  [0m |
[0.01 0.01 0.01 0.01 0.03 0.08 0.15 0.17 0.17 0.21 0.24 0.25 0.33 0.35
 0.35 0.36 0.36 0.37 0.39 0.41 0.42 0.45 0.48 0.48 0.48 0.51 0.54 0.62
 0.67 0.7  0.71 0.77 0.8  0.81 0.83 0.85 0.86 0.86 0.91 0.94 0.95 0.95
 1.   1.17 1.2  1.23 1.41 1.44 1.49 1.52 1.59 1.81 1.81 2.14 2.26 2.32
 2.35 2.64 3.2  3.39]
var: 0.6179910000000005
| [0m2        [0m | [0m0.897    [0m | [0m0.05772  [0m | [0m30.78    [0m | [0m2.965    [0m |
[0.03 0.19 0.26 0.4  0.48 0.52 0.54 0.57 0.62 0.67 0.74 0.75 0.82 0.83
 0.89 0.95 0.96 1.   1.01 1.05 1.08 1.1  1.11 1.15 1.16 1.17 1.19 1.31
 1.32 1.4  1.44 1.49 1.52 1.65 1.72 1.72 1.77 1.84 1.87 1.96 2.08 2.1
 2.11 2.18 2.33 2.38 2.56 2.6  2.6  2.65 2.86 2.87 2.97 2.98 3.31 4.05
 4.27 4.9  5.19 5.33]
var: 1.4492069722222223
| [0m3        [0m | [0m1.743    [0m | [0m0.09623  [0m | [0m26.51    [0m | [0m1.218    [0m |
[0.01 0.03 0.04 0.05 0.06 0.06 0.06 0.08 0.08 0.13 0.14 0.15 0.17 0.17
 0.31 0.35 0.41 0.43 0.43 0.45 0.47 0.48 0.49 0.5  0.5  0.51 0.53 0.53
 0.55 0.55 0.57 0.58 0.6  0.67 0.69 0.7  0.76 0.77 0.78 0.78 0.85 0.9
 0.94 0.97 1.04 1.04 1.06 1.08 1.11 1.21 1.23 1.26 1.3  1.76 1.77 1.78
 1.79 1.9  1.95 2.15]
var: 0.301314972222222
| [0m4        [0m | [0m0.7118   [0m | [0m0.243    [0m | [0m48.22    [0m | [0m2.738    [0m |
[0.06 0.17 0.23 0.28 0.29 0.31 0.37 0.4  0.43 0.52 0.73 0.82 0.83 0.87
 1.15 1.33 1.36 1.43 1.43 1.45 1.55 1.56 1.58 1.58 1.58 1.69 1.74 1.83
 1.93 1.96 2.   2.   2.02 2.11 2.11 2.13 2.27 2.3  2.34 2.39 2.5  2.5
 2.58 2.69 2.74 2.78 2.81 2.93 3.06 3.08 3.19 3.3  3.41 3.96 4.   4.33
 4.52 4.54 4.63 4.77]
var: 1.5106343055555564
| [0m5        [0m | [0m2.024    [0m | [0m0.02312  [0m | [0m35.76    [0m | [0m0.5666   [0m |
[0.03 0.04 0.05 0.06 0.07 0.1  0.11 0.14 0.18 0.23 0.24 0.25 0.28 0.37
 0.54 0.55 0.58 0.61 0.61 0.66 0.74 0.77 0.77 0.77 0.82 0.84 0.84 0.86
 0.96 0.99 1.08 1.09 1.11 1.15 1.15 1.17 1.24 1.29 1.32 1.33 1.33 1.36
 1.38 1.38 1.52 1.6  1.65 1.66 1.68 1.69 1.73 1.78 1.78 2.03 2.03 2.04
 2.13 2.14 2.7  2.75]
var: 0.47192097222222223
| [0m6        [0m | [0m1.039    [0m | [0m0.1382   [0m | [0m47.77    [0m | [0m1.29     [0m |
[0.01 0.02 0.06 0.07 0.07 0.08 0.1  0.15 0.21 0.24 0.25 0.25 0.33 0.35
 0.36 0.4  0.49 0.53 0.55 0.55 0.57 0.64 0.68 0.71 0.75 0.75 0.8  0.81
 0.83 0.83 0.88 0.89 0.92 0.93 0.96 0.97 0.98 1.04 1.07 1.08 1.1  1.1
 1.13 1.22 1.23 1.24 1.25 1.28 1.38 1.43 1.5  1.55 1.55 1.56 1.57 1.6
 1.66 1.85 2.34 4.38]
var: 0.4818915555555563
| [0m7        [0m | [0m0.9013   [0m | [0m0.2466   [0m | [0m36.21    [0m | [0m2.831    [0m |
[0.06 0.07 0.12 0.13 0.13 0.13 0.16 0.16 0.17 0.19 0.22 0.26 0.26 0.29
 0.39 0.47 0.48 0.52 0.55 0.56 0.57 0.59 0.7  0.73 0.75 0.77 0.79 0.81
 0.84 0.94 0.95 0.98 0.99 1.07 1.15 1.25 1.3  1.38 1.39 1.48 1.49 1.49
 1.52 1.6  1.67 1.67 1.8  1.83 1.88 1.93 1.94 2.03 2.03 2.17 2.19 2.19
 2.79 2.92 3.2  4.33]
var: 0.7807132222222216
| [0m8        [0m | [0m1.124    [0m | [0m0.2049   [0m | [0m30.88    [0m | [0m1.927    [0m |
[0.2  0.51 0.68 0.78 0.8  0.9  0.91 1.03 1.06 1.08 1.28 1.28 1.34 1.42
 1.54 1.66 1.67 1.77 1.82 1.88 1.97 1.97 1.99 2.   2.02 2.04 2.08 2.36
 2.4  2.41 2.43 2.44 2.47 2.49 2.57 2.61 2.61 2.68 2.7  2.76 2.8  2.84
 2.9  2.92 2.94 2.99 3.02 3.11 3.11 3.26 3.36 3.51 3.55 3.65 3.97 4.6
 4.61 4.61 5.24 6.18]
var: 1.3912332222222212
| [0m9        [0m | [0m2.396    [0m | [0m0.2299   [0m | [0m13.25    [0m | [0m0.6601   [0m |
[0.05 0.09 0.13 0.17 0.24 0.26 0.46 0.51 0.52 0.54 0.68 0.73 0.85 0.89
 0.95 0.97 0.98 1.03 1.06 1.09 1.12 1.19 1.23 1.32 1.34 1.35 1.41 1.44
 1.52 1.52 1.54 1.72 1.82 1.84 1.84 1.85 2.02 2.02 2.03 2.06 2.06 2.1
 2.16 2.22 2.28 2.34 2.36 2.43 2.46 2.52 2.55 2.66 2.66 2.72 2.74 2.76
 2.92 3.54 3.76 5.86]
var: 1.0677026666666662
| [0m10       [0m | [0m1.658    [0m | [0m0.2701   [0m | [0m42.93    [0m | [0m0.2056   [0m |
[0.03 0.1  0.2  0.32 0.34 0.37 0.41 0.52 0.59 0.61 0.62 0.69 0.75 0.78
 0.83 0.89 0.9  0.94 1.   1.15 1.21 1.21 1.24 1.26 1.3  1.36 1.37 1.38
 1.38 1.42 1.43 1.47 1.54 1.59 1.61 1.67 1.8  1.81 1.84 1.87 1.89 1.92
 1.92 1.93 2.01 2.08 2.1  2.13 2.23 2.26 2.36 2.52 2.53 2.56 2.81 2.87
 3.32 3.39 3.73 3.73]
var: 0.7723649722222228
| [0m11       [0m | [0m1.535    [0m | [0m0.02368  [0m | [0m19.3     [0m | [0m2.188    [0m |
[0.   0.04 0.14 0.15 0.17 0.17 0.24 0.24 0.26 0.28 0.32 0.34 0.34 0.54
 0.6  0.64 0.64 0.69 0.74 0.76 0.87 0.87 0.96 0.98 0.99 1.   1.01 1.03
 1.09 1.1  1.12 1.2  1.22 1.23 1.24 1.25 1.28 1.29 1.29 1.33 1.33 1.34
 1.38 1.42 1.43 1.54 1.57 1.59 1.6  1.68 1.68 2.05 2.09 2.12 2.42 2.87
 3.17 3.37 3.62 4.31]
var: 0.7924336388888886
| [0m12       [0m | [0m1.204    [0m | [0m0.211    [0m | [0m9.014    [0m | [0m2.766    [0m |
[0.   0.   0.02 0.02 0.04 0.04 0.05 0.12 0.13 0.15 0.21 0.23 0.29 0.31
 0.37 0.38 0.39 0.41 0.48 0.51 0.54 0.56 0.59 0.6  0.72 0.77 0.85 0.88
 0.98 1.04 1.06 1.11 1.13 1.18 1.18 1.2  1.27 1.3  1.36 1.43 1.44 1.5
 1.5  1.52 1.56 1.61 1.63 1.67 1.72 1.76 1.77 1.86 1.9  1.92 2.14 2.18
 2.42 2.68 3.27 3.48]
var: 0.6644369722222224
| [0m13       [0m | [0m1.057    [0m | [0m0.09212  [0m | [0m42.27    [0m | [0m1.683    [0m |
[0.03 0.03 0.04 0.06 0.08 0.1  0.11 0.11 0.23 0.24 0.25 0.27 0.31 0.34
 0.37 0.38 0.45 0.47 0.47 0.5  0.53 0.54 0.63 0.64 0.7  0.71 0.71 0.72
 0.74 0.77 0.79 0.8  0.81 0.84 0.87 0.95 0.96 0.97 1.05 1.09 1.1  1.11
 1.15 1.2  1.21 1.23 1.24 1.31 1.33 1.48 1.58 1.65 1.82 1.89 1.95 1.97
 1.99 2.25 2.47 3.23]
var: 0.451941
| [0m14       [0m | [0m0.897    [0m | [0m0.2514   [0m | [0m43.89    [0m | [0m2.095    [0m |
[0.06 0.07 0.11 0.13 0.14 0.15 0.16 0.21 0.23 0.32 0.4  0.46 0.47 0.53
 0.54 0.56 0.7  0.72 0.8  0.82 0.83 0.88 0.93 0.95 0.97 1.03 1.09 1.15
 1.16 1.17 1.19 1.25 1.26 1.28 1.28 1.29 1.29 1.3  1.32 1.41 1.42 1.44
 1.56 1.59 1.77 1.83 1.94 2.07 2.18 2.21 2.23 2.31 2.31 2.64 2.68 2.79
 3.07 3.11 3.5  3.71]
var: 0.8054069722222219
| [0m15       [0m | [0m1.283    [0m | [0m0.06902  [0m | [0m21.73    [0m | [0m2.308    [0m |
[0.17 0.44 0.54 0.57 0.61 0.94 0.98 1.09 1.1  1.24 1.32 1.34 1.41 1.42
 1.48 1.51 1.72 1.84 1.86 2.01 2.14 2.15 2.21 2.27 2.3  2.4  2.4  2.48
 2.51 2.58 2.58 2.6  2.66 2.67 2.67 2.68 2.73 2.79 2.84 2.85 2.86 2.94
 2.99 3.02 3.1  3.31 3.39 3.48 3.52 3.61 3.7  3.98 4.5  4.81 4.99 5.27
 5.88 6.04 6.13 7.33]
var: 2.21169763888889
| [0m16       [0m | [0m2.649    [0m | [0m0.2897   [0m | [0m14.66    [0m | [0m0.5309   [0m |
[0.04 0.05 0.11 0.15 0.19 0.19 0.23 0.27 0.29 0.3  0.35 0.41 0.42 0.51
 0.53 0.55 0.64 0.64 0.67 0.75 0.76 0.87 0.89 0.93 0.94 0.94 0.94 0.96
 1.   1.03 1.07 1.11 1.16 1.17 1.17 1.35 1.51 1.55 1.55 1.59 1.63 1.64
 1.69 1.81 1.82 1.84 1.85 1.89 1.93 1.94 2.07 2.14 2.14 2.24 2.27 2.35
 2.35 2.36 2.6  2.74]
var: 0.5503882222222225
| [0m17       [0m | [0m1.185    [0m | [0m0.07488  [0m | [0m18.6     [0m | [0m2.762    [0m |
[0.18 0.27 0.35 0.59 0.64 0.67 0.86 0.93 0.97 1.   1.11 1.3  1.51 1.54
 1.6  1.8  2.01 2.12 2.24 2.24 2.39 2.4  2.47 2.53 2.55 2.67 2.74 2.82
 2.83 2.85 2.89 2.92 2.94 3.13 3.2  3.29 3.32 3.37 3.52 3.63 3.64 3.71
 3.73 3.73 3.75 3.83 3.9  4.02 4.18 4.24 4.28 4.29 4.4  4.57 4.75 4.89
 5.09 5.28 6.52 6.8 ]
var: 2.230176083333334
| [95m18       [0m | [95m2.867    [0m | [95m0.07659  [0m | [95m13.26    [0m | [95m0.4201   [0m |
[0.   0.06 0.08 0.16 0.21 0.25 0.28 0.48 0.64 0.64 0.67 0.68 0.69 0.71
 0.76 0.79 0.81 0.81 0.92 0.92 0.95 0.95 0.96 1.   1.01 1.01 1.01 1.09
 1.12 1.14 1.14 1.22 1.24 1.26 1.28 1.33 1.34 1.44 1.49 1.5  1.5  1.66
 1.73 1.85 1.85 2.05 2.17 2.28 2.48 2.68 2.8  2.84 2.87 2.89 2.94 3.28
 3.46 3.65 3.85 3.95]
var: 0.9971743333333336
| [0m19       [0m | [0m1.447    [0m | [0m0.171    [0m | [0m8.549    [0m | [0m2.253    [0m |
[0.09 0.14 0.22 0.23 0.24 0.37 0.38 0.38 0.43 0.45 0.62 0.68 0.73 0.79
 0.84 0.86 0.87 0.98 0.99 1.13 1.2  1.24 1.27 1.29 1.3  1.33 1.38 1.38
 1.52 1.53 1.53 1.56 1.57 1.58 1.6  1.64 1.78 1.81 1.87 1.96 2.   2.
 2.01 2.04 2.15 2.23 2.24 2.34 2.47 2.63 2.74 2.79 2.91 2.94 3.16 3.37
 3.85 4.14 4.3  4.3 ]
var: 1.1013914166666665
| [0m20       [0m | [0m1.64     [0m | [0m0.01152  [0m | [0m2.767    [0m | [0m1.22     [0m |
[0.33 0.42 0.53 0.9  0.97 1.2  1.31 1.49 1.6  1.7  1.81 1.83 1.9  2.
 2.19 2.2  2.3  2.31 2.41 2.42 2.43 2.45 2.47 2.52 2.55 2.56 2.57 2.67
 2.67 2.7  2.73 2.77 2.77 2.79 2.8  2.8  2.96 2.96 3.01 3.12 3.19 3.2
 3.2  3.21 3.46 3.66 3.7  3.88 3.88 3.92 3.94 4.19 4.25 4.39 4.57 4.77
 4.78 6.22 6.27 6.3 ]
var: 1.660287222222223
| [0m21       [0m | [0m2.852    [0m | [0m0.1648   [0m | [0m17.38    [0m | [0m0.3163   [0m |
[0.02 0.07 0.15 0.18 0.18 0.24 0.27 0.27 0.28 0.29 0.36 0.37 0.37 0.38
 0.38 0.38 0.41 0.46 0.5  0.5  0.61 0.68 0.71 0.72 0.74 0.77 0.79 0.79
 0.94 0.97 0.99 1.07 1.1  1.12 1.14 1.15 1.22 1.3  1.31 1.32 1.34 1.42
 1.57 1.61 1.61 1.72 1.74 1.78 1.82 1.85 1.98 1.98 2.07 2.07 2.1  2.2
 2.33 2.55 2.91 2.95]
var: 0.559548333333334
| [0m22       [0m | [0m1.085    [0m | [0m0.2297   [0m | [0m15.18    [0m | [0m2.875    [0m |
[0.03 0.05 0.12 0.25 0.26 0.34 0.34 0.35 0.4  0.56 0.58 0.58 0.64 0.68
 0.71 0.8  0.83 0.88 0.98 1.   1.09 1.09 1.11 1.15 1.18 1.26 1.28 1.35
 1.39 1.4  1.41 1.42 1.45 1.46 1.55 1.6  1.65 1.66 1.76 1.79 1.84 1.87
 1.9  1.91 1.97 2.   2.   2.1  2.1  2.21 2.23 2.27 2.32 2.37 2.52 2.64
 2.91 3.   3.31 4.16]
var: 0.7299045555555562
| [0m23       [0m | [0m1.434    [0m | [0m0.1984   [0m | [0m47.27    [0m | [0m0.401    [0m |
[0.04 0.07 0.09 0.15 0.32 0.37 0.49 0.51 0.54 0.58 0.66 0.72 0.8  0.8
 0.91 0.92 0.92 0.93 0.96 0.97 1.03 1.07 1.07 1.12 1.13 1.15 1.16 1.17
 1.21 1.21 1.23 1.25 1.27 1.28 1.29 1.29 1.38 1.41 1.5  1.54 1.56 1.61
 1.72 1.78 2.02 2.19 2.2  2.27 2.3  2.39 2.48 2.5  2.58 2.6  2.69 2.7
 2.8  2.96 3.07 5.32]
var: 0.8602420833333336
| [0m24       [0m | [0m1.438    [0m | [0m0.1759   [0m | [0m25.56    [0m | [0m1.031    [0m |
[0.34 0.47 0.6  0.69 0.73 1.2  1.25 1.27 1.37 1.41 1.55 1.79 1.8  1.81
 1.88 2.11 2.13 2.26 2.28 2.36 2.46 2.58 2.59 2.62 2.66 2.81 2.89 2.99
 3.02 3.02 3.06 3.17 3.18 3.21 3.3  3.33 3.35 3.41 3.42 3.57 3.69 3.92
 3.97 4.11 4.16 4.18 4.19 4.47 4.49 4.49 4.68 4.81 4.84 5.15 5.18 5.27
 5.67 5.78 5.78 7.74]
var: 2.326036083333333
| [95m25       [0m | [95m3.109    [0m | [95m0.003827 [0m | [95m5.521    [0m | [95m0.3346   [0m |
[0.   0.03 0.15 0.18 0.36 0.42 0.44 0.47 0.59 0.64 0.67 0.67 0.69 0.71
 0.75 0.77 0.78 0.8  0.81 0.81 0.84 0.93 0.99 1.17 1.21 1.29 1.3  1.31
 1.33 1.38 1.46 1.5  1.5  1.55 1.58 1.6  1.61 1.64 1.65 1.71 1.76 1.84
 1.91 1.93 1.95 1.98 1.99 2.01 2.08 2.11 2.16 2.19 2.22 2.33 2.88 2.97
 2.98 3.01 3.57 3.67]
var: 0.7156747499999999
| [0m26       [0m | [0m1.431    [0m | [0m0.1751   [0m | [0m7.3      [0m | [0m2.33     [0m |
[0.02 0.14 0.15 0.21 0.21 0.26 0.29 0.3  0.32 0.38 0.39 0.44 0.44 0.47
 0.49 0.52 0.6  0.71 0.72 0.73 0.76 0.79 0.89 0.99 0.99 1.   1.01 1.03
 1.13 1.13 1.15 1.2  1.31 1.36 1.39 1.48 1.7  1.7  1.77 1.78 1.8  1.83
 1.88 1.88 2.01 2.21 2.26 2.28 2.3  2.33 2.38 2.41 2.44 2.46 2.59 2.86
 3.18 3.22 3.86 3.93]
var: 0.9232678888888888
| [0m27       [0m | [0m1.374    [0m | [0m0.2119   [0m | [0m23.67    [0m | [0m1.301    [0m |
[0.05 0.08 0.12 0.12 0.21 0.23 0.34 0.34 0.35 0.35 0.37 0.38 0.45 0.47
 0.48 0.49 0.52 0.56 0.59 0.71 0.72 0.75 0.77 0.81 0.83 0.84 0.84 0.98
 0.99 1.07 1.08 1.08 1.09 1.09 1.11 1.14 1.19 1.21 1.24 1.24 1.24 1.25
 1.28 1.39 1.44 1.47 1.55 1.63 1.67 1.78 1.8  2.36 2.38 2.51 2.59 2.85
 2.96 3.12 3.74 4.63]
var: 0.8592226666666666
| [0m28       [0m | [0m1.182    [0m | [0m0.1439   [0m | [0m49.05    [0m | [0m1.445    [0m |
[0.02 0.03 0.05 0.07 0.1  0.11 0.12 0.15 0.15 0.17 0.17 0.18 0.21 0.33
 0.38 0.39 0.48 0.48 0.49 0.56 0.58 0.71 0.73 0.76 0.76 0.79 0.86 0.88
 0.9  0.96 0.98 1.   1.02 1.03 1.05 1.06 1.06 1.14 1.16 1.28 1.29 1.46
 1.53 1.58 1.59 1.59 1.63 1.64 1.71 1.74 1.81 1.86 1.97 2.02 2.28 2.33
 2.38 2.46 2.63 3.43]
var: 0.5966760000000001
| [0m29       [0m | [0m1.038    [0m | [0m0.2077   [0m | [0m33.98    [0m | [0m1.373    [0m |
[0.   0.02 0.02 0.05 0.07 0.09 0.12 0.19 0.23 0.32 0.34 0.36 0.43 0.47
 0.59 0.59 0.59 0.6  0.62 0.64 0.72 0.74 0.77 0.9  0.92 0.93 0.94 0.97
 1.01 1.03 1.04 1.07 1.08 1.12 1.12 1.16 1.18 1.27 1.28 1.3  1.31 1.36
 1.37 1.45 1.59 1.65 1.67 1.72 1.79 1.87 1.95 2.07 2.08 2.13 2.16 2.33
 2.78 2.81 2.82 4.45]
var: 0.7128720833333335
| [0m30       [0m | [0m1.138    [0m | [0m0.2153   [0m | [0m39.45    [0m | [0m1.864    [0m |
[0.03 0.05 0.06 0.07 0.17 0.19 0.2  0.21 0.22 0.23 0.24 0.31 0.32 0.37
 0.46 0.46 0.46 0.46 0.48 0.51 0.51 0.55 0.57 0.57 0.59 0.69 0.69 0.72
 0.73 0.8  0.83 0.84 0.91 0.97 1.02 1.06 1.07 1.1  1.11 1.11 1.12 1.12
 1.22 1.32 1.34 1.44 1.45 1.48 1.78 1.89 1.92 2.04 2.08 2.08 2.12 2.14
 2.2  2.53 3.54 4.35]
var: 0.7172438888888882
| [0m31       [0m | [0m1.018    [0m | [0m0.2279   [0m | [0m46.59    [0m | [0m1.829    [0m |
[0.09 0.1  0.22 0.3  0.3  0.31 0.36 0.37 0.38 0.39 0.4  0.45 0.49 0.53
 0.55 0.55 0.57 0.61 0.64 0.67 0.69 0.74 0.76 0.77 0.8  0.85 0.88 0.88
 0.93 0.94 0.95 0.95 1.04 1.05 1.11 1.15 1.2  1.2  1.21 1.25 1.27 1.31
 1.34 1.4  1.43 1.59 1.66 1.7  1.73 1.8  1.82 1.82 1.84 1.85 2.04 2.1
 2.21 2.52 2.73 2.84]
var: 0.432170305555556
| [0m32       [0m | [0m1.077    [0m | [0m0.2331   [0m | [0m20.34    [0m | [0m2.442    [0m |
[0.   0.04 0.08 0.14 0.15 0.25 0.26 0.26 0.28 0.29 0.31 0.31 0.31 0.33
 0.33 0.34 0.34 0.36 0.38 0.42 0.42 0.44 0.55 0.55 0.58 0.59 0.6  0.61
 0.62 0.62 0.63 0.68 0.7  0.71 0.73 0.75 0.95 1.02 1.04 1.06 1.06 1.06
 1.16 1.17 1.22 1.25 1.27 1.3  1.33 1.4  1.51 1.68 1.78 1.79 1.79 1.91
 1.93 2.02 2.18 2.25]
var: 0.3505049722222224
| [0m33       [0m | [0m0.8348   [0m | [0m0.1534   [0m | [0m34.61    [0m | [0m2.354    [0m |
[0.09 0.14 0.17 0.35 0.77 1.02 1.03 1.07 1.33 1.34 1.35 1.37 1.39 1.44
 1.47 1.48 1.5  1.51 1.66 1.72 1.73 1.73 1.8  1.84 1.86 1.91 1.92 1.98
 2.05 2.07 2.07 2.1  2.12 2.16 2.2  2.23 2.28 2.31 2.33 2.36 2.41 2.44
 2.52 2.59 2.77 2.78 2.85 2.91 3.11 3.16 3.2  3.26 3.38 3.39 3.43 3.63
 4.46 5.04 5.77 6.8 ]
var: 1.4906176388888894
| [0m34       [0m | [0m2.219    [0m | [0m0.2181   [0m | [0m27.02    [0m | [0m0.1631   [0m |
[0.03 0.05 0.09 0.11 0.13 0.15 0.18 0.19 0.2  0.23 0.23 0.26 0.26 0.3
 0.32 0.32 0.34 0.34 0.34 0.34 0.35 0.36 0.38 0.39 0.4  0.42 0.42 0.44
 0.45 0.46 0.47 0.48 0.49 0.5  0.51 0.53 0.57 0.58 0.59 0.64 0.69 0.7
 0.75 0.77 0.8  0.83 0.84 0.84 0.86 0.98 1.01 1.06 1.15 1.22 1.28 1.31
 1.33 1.66 1.79 2.07]
var: 0.18812655555555538
| [0m35       [0m | [0m0.5963   [0m | [0m0.04148  [0m | [0m0.6715   [0m | [0m2.588    [0m |
[0.02 0.13 0.15 0.35 0.36 0.4  0.48 0.52 0.59 0.68 0.88 0.99 1.02 1.09
 1.3  1.4  1.44 1.49 1.68 1.72 1.79 1.92 2.07 2.08 2.08 2.08 2.11 2.11
 2.13 2.13 2.14 2.22 2.5  2.51 2.74 2.76 2.79 2.83 2.94 3.   3.21 3.29
 3.49 3.55 3.58 3.65 3.93 3.97 4.01 4.04 4.09 4.28 4.31 4.68 4.85 4.89
 4.93 5.75 5.85 5.93]
var: 2.384910555555554
| [0m36       [0m | [0m2.498    [0m | [0m0.004196 [0m | [0m31.39    [0m | [0m0.8701   [0m |
[0.02 0.09 0.1  0.1  0.16 0.16 0.16 0.19 0.25 0.29 0.36 0.45 0.5  0.5
 0.55 0.64 0.65 0.7  0.73 0.79 0.81 0.88 0.89 0.95 0.96 0.99 0.99 1.
 1.05 1.07 1.08 1.13 1.13 1.17 1.35 1.36 1.42 1.42 1.49 1.6  1.71 1.75
 1.75 1.76 1.81 1.86 1.92 1.94 2.02 2.11 2.34 2.34 2.36 2.61 2.74 3.07
 3.13 3.15 4.23 4.57]
var: 0.9924905555555552
| [0m37       [0m | [0m1.322    [0m | [0m0.1875   [0m | [0m24.01    [0m | [0m1.896    [0m |
[0.05 0.12 0.13 0.25 0.38 0.49 0.6  0.6  0.61 0.63 0.65 0.67 0.7  0.71
 0.71 0.78 0.81 0.82 0.85 0.86 0.88 0.92 0.93 1.04 1.05 1.18 1.24 1.26
 1.28 1.29 1.33 1.41 1.45 1.47 1.49 1.5  1.54 1.59 1.62 1.68 1.69 1.69
 1.74 1.77 1.79 1.79 1.98 1.98 1.99 2.17 2.18 2.28 2.34 2.36 2.47 2.53
 2.68 2.73 2.86 3.21]
var: 0.549202222222222
| [0m38       [0m | [0m1.363    [0m | [0m0.1561   [0m | [0m19.96    [0m | [0m2.243    [0m |
[0.37 0.79 0.82 0.99 1.24 1.53 1.58 1.72 1.72 1.73 1.88 1.89 2.08 2.34
 2.41 2.44 2.6  2.63 2.69 2.71 2.71 2.73 2.76 3.02 3.19 3.25 3.37 3.41
 3.47 3.52 3.55 3.55 3.57 3.58 3.61 3.62 3.7  3.88 3.92 4.03 4.03 4.04
 4.19 4.19 4.23 4.31 4.74 4.79 4.84 4.87 4.96 5.08 5.45 5.46 5.5  5.82
 5.86 6.61 7.13 7.37]
var: 2.3990936388888877
| [95m39       [0m | [95m3.468    [0m | [95m0.1157   [0m | [95m9.438    [0m | [95m0.1056   [0m |
[0.03 0.04 0.08 0.12 0.2  0.23 0.26 0.29 0.34 0.39 0.39 0.48 0.56 0.6
 0.61 0.61 0.62 0.69 0.76 0.8  0.88 0.91 0.93 0.93 0.95 1.02 1.08 1.08
 1.09 1.15 1.22 1.22 1.25 1.33 1.41 1.42 1.44 1.45 1.54 1.55 1.56 1.59
 1.62 1.65 1.67 1.83 1.84 1.88 1.9  1.96 1.97 2.08 2.13 2.24 2.25 2.25
 2.3  2.6  3.33 4.17]
var: 0.6642036388888891
| [0m40       [0m | [0m1.246    [0m | [0m0.07741  [0m | [0m30.92    [0m | [0m1.854    [0m |
[0.41 0.5  0.59 1.01 1.04 1.42 1.69 1.69 1.7  1.73 1.78 2.   2.08 2.14
 2.24 2.64 2.73 2.75 2.76 2.76 2.76 2.83 2.88 2.91 2.94 3.14 3.21 3.36
 3.47 3.47 3.73 3.78 3.82 3.87 3.89 3.9  3.96 3.97 4.01 4.1  4.14 4.18
 4.26 4.37 4.38 4.41 4.44 4.66 4.81 4.88 4.91 5.05 5.36 5.9  6.12 6.29
 6.39 7.27 7.36 8.59]
var: 2.921310305555556
| [95m41       [0m | [95m3.557    [0m | [95m0.008984 [0m | [95m10.74    [0m | [95m0.04621  [0m |
[0.44 0.7  0.83 0.85 0.87 1.02 1.04 1.11 1.35 1.35 1.41 1.43 1.45 1.46
 1.54 1.61 1.61 1.62 1.65 1.66 1.68 1.72 1.72 1.73 1.73 1.77 1.78 1.78
 1.8  1.82 1.83 1.83 1.91 2.03 2.05 2.14 2.2  2.26 2.28 2.32 2.4  2.46
 2.59 2.59 2.61 2.63 2.72 2.93 2.96 2.97 3.02 3.09 3.09 3.48 3.6  3.85
 4.01 4.03 4.63 5.49]
var: 0.9583036388888896
| [0m42       [0m | [0m2.142    [0m | [0m0.1959   [0m | [0m7.632    [0m | [0m0.0207   [0m |
[0.1  0.38 0.56 0.62 0.76 0.95 1.1  1.15 1.16 1.16 1.29 1.41 1.48 1.5
 1.6  1.66 1.81 2.04 2.1  2.16 2.17 2.24 2.49 2.73 2.85 2.94 2.95 3.06
 3.28 3.37 3.44 3.48 3.55 3.61 3.61 3.62 3.64 3.84 3.91 3.93 3.95 3.98
 4.08 4.15 4.3  4.35 4.5  4.6  4.76 4.86 5.41 5.65 5.72 5.9  6.03 6.09
 6.26 6.4  6.44 6.9 ]
var: 3.1099669722222196
| [0m43       [0m | [0m3.234    [0m | [0m0.005242 [0m | [0m11.86    [0m | [0m0.1076   [0m |
[0.17 0.26 0.32 0.34 0.52 0.68 0.83 0.98 1.23 1.38 1.41 1.43 1.58 1.71
 1.94 1.97 2.11 2.12 2.18 2.35 2.36 2.36 2.46 2.6  2.6  2.6  2.69 2.75
 2.76 2.79 2.86 2.97 3.01 3.01 3.03 3.12 3.13 3.14 3.3  3.31 3.43 3.44
 3.44 3.46 3.46 3.48 3.48 3.63 3.7  3.91 3.97 3.98 4.16 4.52 4.92 5.4
 5.87 6.07 6.58 6.76]
var: 2.210226555555555
| [0m44       [0m | [0m2.834    [0m | [0m0.2356   [0m | [0m10.17    [0m | [0m0.4972   [0m |
[0.1  0.12 0.25 0.45 0.47 0.53 0.54 0.55 0.65 0.68 0.69 0.7  0.71 0.73
 0.78 0.78 0.8  0.81 0.87 0.88 0.98 1.   1.01 1.04 1.05 1.14 1.17 1.24
 1.33 1.33 1.39 1.39 1.4  1.44 1.55 1.56 1.56 1.7  1.71 1.74 1.86 1.9
 1.92 2.   2.06 2.09 2.39 2.44 2.61 2.65 2.69 2.73 2.82 2.95 3.32 3.35
 3.71 4.12 4.2  4.62]
var: 1.1034254166666662
| [0m45       [0m | [0m1.588    [0m | [0m1e-08    [0m | [0m15.98    [0m | [0m0.001    [0m |
[0.   0.   0.   0.   0.   0.   0.   0.   0.   0.   0.   0.   0.   0.
 0.01 0.01 0.01 0.01 0.01 0.01 0.02 0.02 0.02 0.02 0.02 0.02 0.02 0.02
 0.03 0.03 0.03 0.03 0.04 0.04 0.04 0.04 0.04 0.05 0.06 0.06 0.06 0.06
 0.06 0.07 0.07 0.08 0.09 0.09 0.09 0.11 0.12 0.12 0.12 0.12 0.15 0.17
 0.24 0.25 0.25 0.28]
var: 0.004598305555555554
| [0m46       [0m | [0m0.05517  [0m | [0m0.3      [0m | [0m18.69    [0m | [0m0.001    [0m |
[0.   0.   0.01 0.01 0.01 0.03 0.04 0.05 0.06 0.06 0.07 0.08 0.08 0.11
 0.11 0.12 0.12 0.13 0.15 0.16 0.19 0.2  0.2  0.21 0.22 0.27 0.28 0.29
 0.31 0.31 0.32 0.33 0.4  0.41 0.44 0.46 0.47 0.51 0.51 0.52 0.53 0.54
 0.57 0.59 0.65 0.65 0.66 0.75 0.99 1.   1.11 1.11 1.23 1.31 1.33 2.2
 2.53 2.77 3.07 4.82]
var: 0.7407190000000003
| [0m47       [0m | [0m0.611    [0m | [0m1e-08    [0m | [0m11.23    [0m | [0m0.5961   [0m |
[0.11 0.15 0.19 0.23 0.27 0.27 0.28 0.3  0.36 0.38 0.39 0.42 0.44 0.44
 0.56 0.58 0.68 0.78 0.83 0.87 0.89 0.9  1.04 1.06 1.06 1.08 1.32 1.33
 1.47 1.48 1.58 1.72 1.77 1.77 1.96 2.05 2.12 2.13 2.21 2.28 2.29 2.29
 2.33 2.5  2.58 2.59 2.61 2.66 2.67 2.73 2.86 2.97 2.98 3.14 3.18 3.19
 3.3  3.35 3.37 4.55]
var: 1.1987827500000006
| [0m48       [0m | [0m1.632    [0m | [0m0.03034  [0m | [0m38.48    [0m | [0m0.9916   [0m |
[0.05 0.13 0.15 0.2  0.32 0.34 0.35 0.43 0.44 0.48 0.53 0.55 0.63 0.65
 0.69 0.8  0.83 0.92 0.95 1.02 1.03 1.13 1.27 1.29 1.38 1.45 1.47 1.56
 1.61 1.63 1.63 1.77 1.79 1.81 1.92 1.96 1.98 2.01 2.01 2.07 2.09 2.4
 2.51 2.61 2.79 2.9  2.93 2.94 3.   3.11 3.3  3.47 3.48 3.49 3.59 3.62
 3.71 4.13 4.43 5.7 ]
var: 1.5746636388888882
| [0m49       [0m | [0m1.824    [0m | [0m0.01374  [0m | [0m5.872    [0m | [0m1.721    [0m |
[0.31 0.44 0.46 0.6  0.63 0.68 0.7  0.7  0.72 0.75 0.82 0.88 0.97 1.09
 1.12 1.14 1.17 1.23 1.32 1.55 1.61 1.63 1.63 1.65 1.69 1.69 1.74 1.74
 1.79 1.8  1.81 1.85 1.91 1.97 1.97 2.05 2.07 2.11 2.11 2.2  2.27 2.31
 2.34 2.37 2.46 2.54 2.7  2.81 2.84 2.88 3.02 3.07 3.09 3.14 3.19 3.81
 3.85 3.85 3.95 4.01]
var: 0.9345155555555559
| [0m50       [0m | [0m1.913    [0m | [0m1e-08    [0m | [0m10.15    [0m | [0m0.001    [0m |
[0.19 0.24 0.46 0.85 0.9  1.01 1.06 1.24 1.36 1.36 1.41 1.44 1.61 1.68
 1.73 1.98 2.17 2.19 2.2  2.31 2.37 2.39 2.4  2.48 2.53 2.66 2.75 2.76
 2.78 2.97 3.   3.06 3.06 3.19 3.2  3.2  3.26 3.35 3.39 3.48 3.48 3.54
 3.62 3.72 3.72 3.75 3.85 3.89 4.1  4.19 4.3  4.33 4.38 4.45 4.55 4.66
 5.08 5.72 6.14 6.83]
var: 1.9744614166666663
| [0m51       [0m | [0m2.9      [0m | [0m0.2252   [0m | [0m9.575    [0m | [0m0.3458   [0m |
[0.08 0.09 0.39 0.46 0.5  0.65 0.94 1.02 1.12 1.21 1.27 1.39 1.61 1.62
 1.67 1.68 1.71 1.82 1.85 1.99 2.01 2.02 2.28 2.3  2.44 2.52 2.66 2.7
 2.75 2.76 2.76 2.79 3.01 3.05 3.06 3.13 3.16 3.37 3.43 3.45 3.48 3.49
 3.59 3.72 3.78 3.79 3.87 3.92 3.95 4.09 4.11 4.17 4.28 4.34 4.49 4.53
 4.95 5.4  5.96 7.24]
var: 2.159864750000001
| [0m52       [0m | [0m2.765    [0m | [0m0.1712   [0m | [0m17.39    [0m | [0m0.3207   [0m |
[0.22 0.68 0.71 1.13 1.13 1.22 1.36 1.49 1.5  1.76 1.76 1.93 1.99 2.02
 2.05 2.07 2.22 2.26 2.3  2.34 2.36 2.36 2.36 2.39 2.42 2.46 2.47 2.49
 2.54 2.69 2.71 2.74 2.75 2.77 2.95 2.99 2.99 3.02 3.13 3.36 3.44 3.47
 3.54 3.61 3.63 3.72 3.78 3.84 3.99 4.13 4.14 4.49 4.58 4.63 5.35 5.37
 5.38 5.61 6.3  7.82]
var: 2.018289416666667
| [0m53       [0m | [0m2.949    [0m | [0m0.2344   [0m | [0m10.67    [0m | [0m0.06802  [0m |
[0.   0.   0.   0.   0.   0.   0.   0.   0.   0.   0.   0.   0.   0.
 0.   0.   0.   0.   0.   0.   0.   0.01 0.01 0.01 0.02 0.02 0.03 0.03
 0.03 0.04 0.05 0.05 0.05 0.07 0.07 0.1  0.1  0.11 0.13 0.13 0.14 0.14
 0.15 0.15 0.16 0.16 0.16 0.17 0.21 0.25 0.27 0.29 0.31 0.33 0.44 0.45
 0.6  0.64 1.13 1.15]
var: 0.055789555555555606
| [0m54       [0m | [0m0.1393   [0m | [0m1e-08    [0m | [0m9.246    [0m | [0m0.2494   [0m |
[0.59 0.67 0.68 1.01 1.31 1.55 1.57 1.6  1.61 1.65 1.71 1.8  1.8  1.88
 1.94 1.95 1.96 2.   2.01 2.1  2.11 2.24 2.27 2.28 2.33 2.34 2.38 2.44
 2.44 2.45 2.48 2.52 2.53 2.56 2.71 2.83 2.84 2.92 3.05 3.06 3.06 3.08
 3.1  3.14 3.2  3.42 3.46 3.46 3.54 3.6  3.62 3.7  3.7  3.83 3.85 4.05
 4.2  4.38 4.6  6.25]
var: 1.06751275
| [0m55       [0m | [0m2.624    [0m | [0m0.2064   [0m | [0m9.524    [0m | [0m0.02711  [0m |
[0.73 0.86 0.95 0.96 1.01 1.11 1.15 1.16 1.4  1.7  1.73 1.92 1.96 2.18
 2.19 2.25 2.42 2.48 2.61 2.61 2.66 2.72 2.82 2.84 2.87 2.92 2.97 2.99
 3.18 3.2  3.3  3.48 3.5  3.54 3.55 3.58 3.8  3.81 3.84 3.92 3.99 4.05
 4.05 4.22 4.27 4.28 4.31 4.38 4.69 4.69 4.7  4.85 4.89 5.12 5.12 5.24
 5.42 5.53 5.55 7.24]
var: 2.0324978888888894
| [0m56       [0m | [0m3.258    [0m | [0m0.1309   [0m | [0m9.535    [0m | [0m0.176    [0m |
[0.41 0.91 0.99 1.   1.03 1.29 1.31 1.46 1.47 1.54 1.56 1.61 1.74 1.94
 2.   2.04 2.07 2.1  2.3  2.35 2.39 2.66 2.68 2.72 2.74 2.9  2.92 2.95
 3.01 3.08 3.09 3.11 3.13 3.13 3.15 3.15 3.18 3.21 3.35 3.47 3.7  3.72
 3.8  4.09 4.13 4.17 4.17 4.33 4.34 4.4  4.66 4.77 4.98 5.1  5.14 5.18
 5.37 5.49 6.24 6.45]
var: 1.963181416666667
| [0m57       [0m | [0m3.09     [0m | [0m0.118    [0m | [0m10.78    [0m | [0m0.07432  [0m |
[0.15 0.25 0.28 0.95 1.08 1.11 1.14 1.3  1.35 1.44 1.68 1.73 1.91 1.94
 1.94 1.98 2.06 2.15 2.28 2.55 2.58 2.58 2.61 2.71 2.77 2.79 2.82 2.82
 2.85 2.91 2.94 3.1  3.13 3.14 3.27 3.3  3.3  3.38 3.4  3.49 3.54 3.54
 3.64 3.85 3.92 4.16 4.2  4.2  4.25 4.27 4.35 5.01 5.09 5.49 5.52 5.67
 5.93 6.02 6.9  9.31]
var: 2.8228198888888896
| [0m58       [0m | [0m3.134    [0m | [0m0.02767  [0m | [0m10.6     [0m | [0m0.07532  [0m |
[0.84 0.9  0.95 1.53 1.65 1.76 1.87 1.93 1.96 2.03 2.05 2.08 2.18 2.2
 2.22 2.24 2.27 2.29 2.38 2.38 2.43 2.55 2.63 2.69 2.87 2.89 2.97 3.03
 3.08 3.13 3.14 3.2  3.27 3.36 3.36 3.4  3.41 3.42 3.48 3.5  3.54 3.69
 3.72 3.72 3.77 3.77 3.79 3.82 3.84 3.92 4.05 4.15 4.31 4.33 4.35 4.37
 4.43 4.54 5.11 6.06]
var: 1.0839555555555553
| [0m59       [0m | [0m3.047    [0m | [0m0.07339  [0m | [0m12.03    [0m | [0m0.02248  [0m |
[0.02 0.09 0.1  0.12 0.19 0.21 0.24 0.26 0.26 0.28 0.31 0.39 0.39 0.6
 0.65 0.69 0.69 0.79 0.89 0.89 0.91 0.92 0.95 0.97 1.   1.01 1.1  1.13
 1.21 1.22 1.3  1.31 1.33 1.38 1.4  1.46 1.48 1.54 1.56 1.58 1.74 1.81
 1.87 1.91 1.95 1.99 1.99 2.05 2.11 2.13 2.2  2.21 2.26 2.63 2.66 2.71
 2.83 3.07 3.36 4.67]
var: 0.8693747500000004
| [0m60       [0m | [0m1.35     [0m | [0m0.1722   [0m | [0m41.91    [0m | [0m0.6655   [0m |
[0.33 0.43 0.8  0.8  0.8  1.03 1.17 1.32 1.47 1.52 1.59 1.63 1.8  1.9
 2.   2.05 2.19 2.25 2.26 2.44 2.47 2.48 2.48 2.61 2.75 2.75 2.75 2.97
 3.05 3.09 3.11 3.16 3.23 3.25 3.44 3.44 3.46 3.56 3.64 3.75 3.94 4.13
 4.25 4.27 4.34 4.38 4.38 4.6  4.7  4.71 4.99 5.   5.   5.26 5.46 5.64
 5.91 6.59 7.51 9.19]
var: 3.032866972222221
| [0m61       [0m | [0m3.258    [0m | [0m0.1272   [0m | [0m12.0     [0m | [0m0.2016   [0m |
[0.27 0.5  0.5  0.59 0.6  0.66 0.74 1.02 1.03 1.18 1.21 1.24 1.54 1.64
 1.64 1.66 1.77 1.85 1.9  2.17 2.24 2.34 2.35 2.54 2.63 2.74 2.8  3.03
 3.04 3.07 3.08 3.14 3.22 3.22 3.27 3.29 3.31 3.33 3.33 3.41 3.42 3.43
 3.45 3.46 3.47 3.56 3.61 3.79 3.81 3.81 4.13 4.17 4.39 4.47 5.02 5.03
 5.24 5.63 5.93 5.93]
var: 2.0021373333333328
| [0m62       [0m | [0m2.814    [0m | [0m0.2861   [0m | [0m11.86    [0m | [0m0.1518   [0m |
[0.   0.   0.   0.   0.   0.   0.   0.   0.   0.   0.   0.   0.   0.
 0.   0.   0.   0.   0.   0.   0.   0.   0.   0.   0.   0.   0.   0.
 0.   0.01 0.01 0.02 0.02 0.02 0.02 0.02 0.03 0.03 0.03 0.05 0.05 0.05
 0.05 0.05 0.07 0.1  0.1  0.1  0.1  0.13 0.15 0.18 0.2  0.21 0.24 0.32
 0.4  0.45 0.51 1.35]
var: 0.03991475000000002
| [0m63       [0m | [0m0.0845   [0m | [0m1e-08    [0m | [0m10.73    [0m | [0m0.2335   [0m |
[0.29 0.71 0.73 1.48 1.59 1.85 1.97 1.98 2.01 2.05 2.05 2.07 2.07 2.19
 2.23 2.37 2.38 2.44 2.44 2.49 2.52 2.56 2.75 2.76 2.81 2.83 2.89 2.91
 2.99 3.01 3.08 3.26 3.3  3.3  3.41 3.48 3.55 3.56 3.67 3.75 3.79 3.86
 3.93 3.94 4.09 4.21 4.28 4.52 4.53 4.66 4.68 4.93 5.14 5.19 5.86 5.99
 6.03 6.1  6.11 6.54]
var: 1.9859328888888883
| [0m64       [0m | [0m3.303    [0m | [0m0.1838   [0m | [0m9.452    [0m | [0m0.1899   [0m |
[0.19 0.92 1.43 1.57 1.59 1.63 1.64 1.76 2.03 2.04 2.1  2.18 2.22 2.32
 2.36 2.5  2.51 2.53 2.73 2.79 2.81 2.88 2.93 2.97 2.97 3.04 3.12 3.13
 3.16 3.19 3.22 3.23 3.28 3.32 3.36 3.44 3.45 3.46 3.57 3.74 3.84 3.85
 4.02 4.05 4.16 4.18 4.52 4.68 4.74 4.85 5.2  5.39 5.45 5.51 5.98 6.05
 6.23 6.42 6.74 6.88]
var: 2.174537638888891
| [0m65       [0m | [0m3.434    [0m | [0m0.1966   [0m | [0m6.848    [0m | [0m0.08481  [0m |
[0.62 0.67 0.93 0.95 0.98 0.98 1.   1.01 1.05 1.18 1.21 1.26 1.28 1.28
 1.32 1.36 1.37 1.39 1.4  1.41 1.46 1.57 1.58 1.6  1.61 1.63 1.68 1.69
 1.71 1.74 1.76 1.83 1.84 1.9  1.91 1.91 1.93 2.07 2.09 2.14 2.16 2.16
 2.21 2.36 2.37 2.37 2.4  2.47 2.47 2.5  2.55 2.76 2.83 2.83 2.84 2.88
 3.26 3.28 3.79 4.09]
var: 0.5463948888888888
| [0m66       [0m | [0m1.881    [0m | [0m0.1718   [0m | [0m6.991    [0m | [0m0.02041  [0m |
[0.   0.   0.   0.   0.   0.   0.   0.   0.   0.   0.   0.   0.   0.
 0.   0.   0.   0.   0.   0.   0.   0.   0.01 0.01 0.02 0.02 0.02 0.02
 0.02 0.02 0.03 0.03 0.03 0.04 0.04 0.04 0.04 0.04 0.05 0.05 0.05 0.06
 0.06 0.07 0.07 0.07 0.07 0.08 0.08 0.08 0.09 0.09 0.09 0.09 0.12 0.12
 0.14 0.18 0.19 0.3 ]
var: 0.003180305555555578
| [0m67       [0m | [0m0.04383  [0m | [0m0.08758  [0m | [0m10.68    [0m | [0m0.001    [0m |
[0.82 0.86 0.86 1.09 1.17 1.45 1.75 1.87 1.89 1.91 2.03 2.1  2.22 2.32
 2.36 2.41 2.42 2.5  2.5  2.53 2.54 2.58 2.68 2.87 3.02 3.09 3.16 3.29
 3.3  3.3  3.32 3.46 3.59 3.6  3.8  3.81 3.94 4.02 4.04 4.05 4.11 4.15
 4.21 4.31 4.45 4.56 4.7  4.81 4.81 4.95 4.95 4.95 5.19 5.2  5.2  6.
 6.24 6.27 6.28 6.39]
var: 2.116542083333335
| [0m68       [0m | [0m3.438    [0m | [0m0.07622  [0m | [0m11.98    [0m | [0m0.1502   [0m |
[0.07 0.22 0.8  0.81 0.96 1.17 1.3  1.39 1.6  1.66 1.71 1.76 1.85 1.89
 1.98 2.06 2.14 2.15 2.27 2.34 2.34 2.36 2.38 2.42 2.47 2.54 2.55 2.57
 2.66 2.9  2.92 3.05 3.11 3.13 3.23 3.26 3.31 3.39 3.4  3.4  3.48 3.52
 3.56 3.62 3.73 3.97 4.   4.06 4.07 4.16 4.18 4.2  4.27 4.62 4.84 5.02
 5.09 5.1  5.99 6.63]
var: 1.8084303055555562
| [0m69       [0m | [0m2.927    [0m | [0m0.167    [0m | [0m9.049    [0m | [0m0.4256   [0m |
[0.38 0.47 0.51 0.55 0.55 0.65 0.74 0.82 0.82 0.83 0.83 0.94 0.94 1.08
 1.13 1.17 1.23 1.28 1.28 1.38 1.42 1.6  1.63 1.7  1.72 1.78 1.79 1.85
 1.88 1.93 2.   2.   2.07 2.1  2.12 2.15 2.17 2.18 2.19 2.2  2.22 2.26
 2.38 2.43 2.44 2.47 2.5  2.52 2.56 2.58 2.73 2.76 2.86 2.9  2.92 3.
 3.05 3.22 3.27 3.89]
var: 0.6828398888888889
| [0m70       [0m | [0m1.85     [0m | [0m0.1081   [0m | [0m19.61    [0m | [0m1.109    [0m |
[0.03 0.04 0.04 0.1  0.22 0.3  0.3  0.34 0.34 0.36 0.41 0.42 0.44 0.45
 0.46 0.46 0.53 0.56 0.6  0.61 0.65 0.69 0.72 0.79 0.8  0.81 0.84 0.84
 0.86 0.89 0.89 0.9  0.92 0.95 0.98 1.   1.07 1.08 1.09 1.11 1.11 1.23
 1.23 1.4  1.53 1.55 1.57 1.66 1.7  1.72 1.82 1.83 1.88 1.98 2.01 2.11
 2.11 2.21 2.54 2.67]
var: 0.4243754166666664
| [0m71       [0m | [0m1.013    [0m | [0m0.151    [0m | [0m2.191    [0m | [0m2.492    [0m |
[0.34 0.43 0.56 0.63 1.12 1.14 1.25 1.38 1.41 1.47 1.57 1.68 1.9  1.99
 2.02 2.04 2.13 2.42 2.48 2.51 2.66 2.69 2.69 2.78 2.86 2.89 2.9  2.93
 2.97 3.05 3.06 3.06 3.09 3.13 3.14 3.23 3.81 3.86 4.08 4.19 4.22 4.24
 4.42 4.42 4.43 4.54 4.75 4.77 4.79 4.79 4.8  4.87 5.29 5.76 5.78 6.12
 6.74 6.79 7.11 7.12]
var: 2.8991660833333315
| [0m72       [0m | [0m3.321    [0m | [0m0.159    [0m | [0m11.88    [0m | [0m0.1074   [0m |
[0.64 0.79 1.22 1.28 1.4  1.61 1.63 1.64 1.84 1.87 1.89 2.02 2.06 2.2
 2.48 2.53 2.54 2.58 2.65 2.69 2.86 2.88 2.98 2.98 3.03 3.15 3.18 3.21
 3.31 3.36 3.37 3.5  3.52 3.63 3.65 3.66 3.73 3.73 3.77 3.81 3.88 3.9
 3.96 3.99 4.02 4.17 4.52 4.57 4.65 4.7  5.06 5.4  5.43 5.44 5.45 5.64
 5.77 5.91 5.97 6.34]
var: 1.9123973333333344
| [0m73       [0m | [0m3.394    [0m | [0m0.1216   [0m | [0m11.96    [0m | [0m0.04487  [0m |
[0.11 0.14 0.15 0.18 0.2  0.21 0.28 0.35 0.4  0.69 0.8  1.3  1.38 2.01
 2.07 2.12 2.13 2.3  2.37 2.69 2.74 2.75 2.79 2.8  2.81 2.98 3.01 3.03
 3.05 3.06 3.06 3.18 3.24 3.46 3.48 3.51 3.64 3.68 3.68 3.7  3.72 3.77
 3.79 3.84 3.87 3.88 3.98 4.05 4.15 4.29 4.58 4.67 4.77 4.78 5.14 5.16
 5.43 5.56 5.71 7.47]
var: 2.698645666666667
| [0m74       [0m | [0m2.969    [0m | [0m0.12     [0m | [0m11.89    [0m | [0m0.1991   [0m |
[0.46 0.54 1.05 1.06 1.09 1.33 1.51 1.63 1.67 1.92 1.96 1.96 1.98 2.12
 2.14 2.23 2.26 2.43 2.44 2.46 2.48 2.56 2.65 2.77 2.79 2.8  2.85 2.88
 2.95 3.17 3.28 3.32 3.43 3.5  3.75 3.79 3.85 3.86 3.99 4.02 4.02 4.07
 4.11 4.31 4.44 4.46 4.53 4.61 4.78 4.79 4.84 4.84 4.85 5.29 5.51 5.78
 6.39 6.49 6.64 7.22]
var: 2.3994005555555544
| [0m75       [0m | [0m3.348    [0m | [0m0.1162   [0m | [0m9.509    [0m | [0m0.08912  [0m |
[0.71 1.06 1.22 1.46 1.47 2.24 2.35 2.41 2.46 2.47 2.49 2.53 2.7  2.74
 2.76 2.83 2.92 2.94 3.1  3.11 3.13 3.17 3.21 3.23 3.32 3.32 3.46 3.49
 3.53 3.58 3.6  3.65 3.7  3.77 3.83 4.   4.04 4.09 4.12 4.14 4.16 4.31
 4.34 4.65 4.78 4.88 5.01 5.08 5.14 5.23 5.27 5.28 5.36 5.37 5.59 5.76
 5.88 6.03 6.34 7.99]
var: 1.9584422222222229
| [95m76       [0m | [95m3.747    [0m | [95m0.003426 [0m | [95m11.96    [0m | [95m0.03314  [0m |
[0.07 0.23 0.23 0.33 0.43 0.8  0.98 1.08 1.08 1.08 1.15 1.22 1.26 1.26
 1.32 1.36 1.44 1.47 1.48 1.49 1.55 1.58 1.58 1.63 1.67 1.7  1.77 1.8
 1.98 2.04 2.14 2.21 2.23 2.25 2.28 2.33 2.37 2.43 2.45 2.52 2.55 2.55
 2.73 2.77 2.8  2.85 2.87 2.91 2.98 3.05 3.18 3.29 3.64 3.65 3.65 4.07
 4.6  5.01 5.51 7.5 ]
var: 1.7477769722222218
| [0m77       [0m | [0m2.207    [0m | [0m0.1089   [0m | [0m36.07    [0m | [0m0.1948   [0m |
[0.   0.31 0.32 0.32 0.37 0.38 0.4  0.4  0.41 0.44 0.46 0.47 0.47 0.53
 0.55 0.59 0.61 0.64 0.64 0.65 0.67 0.69 0.71 0.71 0.71 0.73 0.76 0.77
 0.81 0.83 0.85 0.86 0.9  0.93 0.99 1.   1.05 1.12 1.13 1.19 1.31 1.38
 1.39 1.39 1.52 1.52 1.61 1.64 1.64 1.76 1.83 1.98 2.   2.01 2.04 2.09
 2.4  2.58 2.73 2.93]
var: 0.4510015555555555
| [0m78       [0m | [0m1.069    [0m | [0m0.2357   [0m | [0m30.81    [0m | [0m2.768    [0m |
[0.11 0.16 0.41 0.7  0.81 0.9  1.04 1.21 1.22 1.65 1.8  1.87 1.91 1.97
 2.05 2.28 2.29 2.3  2.34 2.36 2.38 2.42 2.45 2.61 2.66 2.68 2.74 2.84
 2.9  2.91 2.93 2.97 2.99 3.01 3.05 3.25 3.25 3.26 3.45 3.49 3.56 3.57
 3.57 3.63 3.63 3.73 3.88 3.89 3.98 4.14 4.38 4.51 4.57 4.65 4.69 4.93
 5.07 5.11 5.17 5.18]
var: 1.6597989999999991
| [0m79       [0m | [0m2.891    [0m | [0m0.2528   [0m | [0m9.5      [0m | [0m0.1898   [0m |
[0.23 0.32 0.6  1.11 1.18 1.19 1.44 1.47 1.56 1.76 1.77 2.07 2.12 2.12
 2.19 2.2  2.25 2.27 2.29 2.37 2.68 2.68 2.72 2.72 2.75 2.78 2.79 2.8
 2.85 2.86 2.89 2.91 2.98 2.99 2.99 3.06 3.1  3.28 3.3  3.33 3.47 3.56
 3.64 3.73 3.77 3.78 3.88 3.95 4.03 4.04 4.06 4.19 4.27 4.36 4.39 4.41
 4.5  5.55 5.86 7.82]
var: 1.7303914166666674
| [0m80       [0m | [0m2.971    [0m | [0m0.2242   [0m | [0m6.879    [0m | [0m0.145    [0m |
=============================================================
None
num_trials:  40  inits,  40  iters,  60  per
rho:  2
pthin:  0.96

Best VPT: 3.7466666666666675
Best result: {'a': 0.0034262110882352296, 'g': 11.964329790770076, 's': 0.033143154351175354}

KERNEL: nu=1.5, lengthscale=2.0, alpha=0.0005
