|   iter    |  target   |     a     |     g     |     s     |
-------------------------------------------------------------
[0.44 0.54 0.84 0.96 1.28 1.34 1.35 1.38 1.39 1.67 1.71 1.89 1.95 2.06
 2.17 2.31 2.35 2.39 2.4  2.43 2.43 2.45 2.46 2.56 2.83 2.91 2.91 2.91
 2.95 3.21 3.31 3.33 3.44 3.46 3.47 3.53 3.73 3.77 3.79 3.8  3.82 3.88
 3.97 4.11 4.25 4.31 4.35 4.38 4.38 4.43 4.47 4.69 4.91 5.03 5.88 5.96
 6.07 6.76 8.29 8.32]
var: 2.795713999999999
| [0m1        [0m | [0m3.306    [0m | [0m0.04403  [0m | [0m18.33    [0m | [0m0.0832   [0m |
[0.01 0.02 0.06 0.12 0.14 0.15 0.18 0.19 0.19 0.22 0.23 0.3  0.32 0.37
 0.48 0.48 0.5  0.52 0.53 0.53 0.54 0.56 0.57 0.62 0.66 0.66 0.67 0.69
 0.73 0.73 0.75 0.77 0.81 0.82 0.82 0.86 0.91 0.92 0.93 0.99 1.01 1.01
 1.05 1.07 1.07 1.11 1.13 1.14 1.15 1.18 1.23 1.26 1.44 1.46 1.78 1.88
 1.93 2.4  2.52 2.68]
var: 0.34938097222222225
| [0m2        [0m | [0m0.8342   [0m | [0m0.1989   [0m | [0m30.82    [0m | [0m1.7      [0m |
[0.06 0.09 0.1  0.13 0.17 0.17 0.25 0.31 0.53 0.54 0.58 0.62 0.64 0.66
 0.82 0.86 0.93 0.95 0.95 0.99 1.04 1.08 1.1  1.12 1.14 1.15 1.17 1.23
 1.26 1.32 1.35 1.37 1.37 1.39 1.43 1.46 1.47 1.5  1.59 1.64 1.67 1.69
 1.75 1.76 1.79 1.86 1.88 2.   2.03 2.06 2.08 2.1  2.33 2.51 2.6  2.61
 2.9  2.92 3.26 3.33]
var: 0.6372356666666658
| [0m3        [0m | [0m1.361    [0m | [0m0.0448   [0m | [0m40.22    [0m | [0m0.8462   [0m |
[0.08 0.17 0.27 0.28 0.34 0.37 0.46 0.49 0.49 0.53 0.56 0.59 0.61 0.63
 0.65 0.65 0.67 0.69 0.73 0.74 0.74 0.75 0.78 0.82 0.82 0.82 0.83 0.84
 0.84 0.89 0.91 0.93 0.94 0.96 1.05 1.05 1.08 1.16 1.19 1.26 1.26 1.26
 1.29 1.33 1.34 1.34 1.41 1.47 1.47 1.49 1.52 1.66 1.81 1.82 1.82 1.88
 2.31 2.69 2.81 3.05]
var: 0.3822394166666669
| [0m4        [0m | [0m1.062    [0m | [0m0.1725   [0m | [0m5.078    [0m | [0m1.95     [0m |
[0.07 0.08 0.08 0.09 0.21 0.25 0.26 0.27 0.32 0.4  0.42 0.42 0.45 0.53
 0.56 0.57 0.6  0.62 0.64 0.68 0.7  0.71 0.72 0.72 0.77 0.79 0.89 0.92
 0.96 0.97 0.98 0.99 1.01 1.06 1.08 1.22 1.23 1.23 1.23 1.32 1.35 1.36
 1.37 1.4  1.41 1.41 1.43 1.45 1.57 1.64 1.77 1.87 1.87 1.87 1.88 1.89
 1.98 2.   2.14 2.48]
var: 0.3536762222222224
| [0m5        [0m | [0m1.019    [0m | [0m0.213    [0m | [0m28.33    [0m | [0m1.745    [0m |
[0.03 0.08 0.08 0.15 0.15 0.2  0.24 0.26 0.32 0.35 0.36 0.4  0.42 0.47
 0.54 0.54 0.59 0.64 0.65 0.65 0.7  0.72 0.73 0.74 0.76 0.77 0.82 0.87
 0.89 0.9  0.91 0.95 0.96 0.98 0.99 1.01 1.06 1.08 1.17 1.2  1.23 1.25
 1.26 1.37 1.39 1.39 1.41 1.41 1.44 1.55 1.82 1.86 1.97 2.15 2.17 2.32
 2.42 2.83 3.19 4.19]
var: 0.6330776388888885
| [0m6        [0m | [0m1.066    [0m | [0m0.2534   [0m | [0m2.871    [0m | [0m1.034    [0m |
[0.04 0.08 0.08 0.23 0.24 0.25 0.27 0.28 0.33 0.36 0.39 0.41 0.53 0.64
 0.65 0.83 0.83 0.89 0.9  0.96 1.   1.01 1.09 1.09 1.09 1.11 1.21 1.24
 1.3  1.37 1.38 1.46 1.49 1.49 1.5  1.51 1.52 1.54 1.56 1.56 1.68 1.72
 1.73 1.8  1.93 1.94 1.96 2.11 2.26 2.3  2.37 2.58 2.75 2.96 2.99 3.02
 3.3  3.42 3.78 4.29]
var: 0.949835555555556
| [0m7        [0m | [0m1.443    [0m | [0m0.02172  [0m | [0m25.03    [0m | [0m1.713    [0m |
[0.   0.14 0.17 0.28 0.28 0.29 0.29 0.38 0.44 0.47 0.48 0.53 0.54 0.56
 0.67 0.68 0.71 0.71 0.73 0.73 0.73 0.74 0.75 0.79 0.8  0.81 0.81 0.82
 0.85 0.9  0.92 0.92 0.93 0.97 1.04 1.04 1.05 1.06 1.07 1.07 1.13 1.15
 1.18 1.23 1.29 1.29 1.31 1.33 1.35 1.44 1.47 1.55 1.57 1.75 1.78 1.95
 2.03 2.15 2.21 2.65]
var: 0.29372955555555536
| [0m8        [0m | [0m0.9827   [0m | [0m0.08403  [0m | [0m32.18    [0m | [0m2.554    [0m |
[0.06 0.08 0.19 0.23 0.23 0.31 0.32 0.34 0.38 0.45 0.48 0.52 0.55 0.6
 0.65 0.68 0.7  0.71 0.72 0.82 0.94 0.95 0.95 0.96 1.   1.05 1.05 1.07
 1.13 1.16 1.18 1.21 1.23 1.23 1.26 1.29 1.31 1.39 1.4  1.44 1.46 1.58
 1.62 1.64 1.77 1.84 1.84 1.88 1.91 1.94 1.95 1.97 2.05 2.42 2.66 2.69
 2.7  3.18 4.01 5.17]
var: 0.8799638888888883
| [0m9        [0m | [0m1.308    [0m | [0m0.2503   [0m | [0m46.78    [0m | [0m0.5285   [0m |
[0.68 0.81 1.14 1.19 1.25 1.41 1.42 1.49 1.68 1.73 1.78 1.8  1.91 1.98
 2.03 2.04 2.07 2.07 2.16 2.16 2.21 2.21 2.29 2.32 2.33 2.41 2.47 2.48
 2.53 2.53 2.59 2.67 2.68 2.7  2.74 2.86 2.99 3.11 3.15 3.3  3.39 3.41
 3.41 3.55 3.56 3.61 3.8  3.83 3.87 3.93 4.12 4.24 4.27 4.32 4.76 4.89
 5.18 5.26 7.71 7.81]
var: 1.956068305555555
| [0m10       [0m | [0m2.905    [0m | [0m0.0932   [0m | [0m12.73    [0m | [0m0.2775   [0m |
[0.12 0.14 0.17 0.17 0.23 0.32 0.36 0.39 0.44 0.46 0.48 0.57 0.58 0.59
 0.62 0.64 0.64 0.7  0.74 0.74 0.78 0.8  0.85 0.87 0.91 0.97 1.   1.06
 1.08 1.09 1.14 1.17 1.19 1.2  1.21 1.23 1.3  1.38 1.5  1.53 1.57 1.58
 1.65 1.68 1.75 1.86 1.93 1.96 2.11 2.11 2.14 2.28 2.32 2.36 2.44 2.6
 2.68 2.7  2.75 5.29]
var: 0.8076848888888883
| [0m11       [0m | [0m1.285    [0m | [0m0.2439   [0m | [0m13.35    [0m | [0m1.425    [0m |
[0.05 0.06 0.11 0.11 0.12 0.15 0.18 0.23 0.25 0.27 0.28 0.29 0.34 0.36
 0.4  0.4  0.43 0.46 0.46 0.51 0.56 0.61 0.62 0.62 0.66 0.67 0.69 0.7
 0.7  0.74 0.81 0.84 0.85 0.9  0.95 0.97 0.98 0.99 1.05 1.08 1.09 1.1
 1.1  1.13 1.15 1.21 1.25 1.33 1.33 1.39 1.42 1.45 1.52 1.54 1.56 1.65
 1.75 1.76 2.14 2.19]
var: 0.2808216388888887
| [0m12       [0m | [0m0.8418   [0m | [0m0.2375   [0m | [0m32.16    [0m | [0m1.698    [0m |
[0.04 0.04 0.06 0.06 0.07 0.21 0.23 0.26 0.29 0.35 0.36 0.37 0.41 0.46
 0.46 0.46 0.49 0.49 0.5  0.5  0.52 0.53 0.53 0.55 0.61 0.62 0.64 0.67
 0.68 0.68 0.71 0.71 0.73 0.74 0.76 0.77 0.83 0.83 0.87 0.87 0.9  0.98
 1.02 1.06 1.12 1.14 1.23 1.26 1.27 1.28 1.3  1.37 1.39 1.52 1.54 1.77
 1.79 1.92 2.01 2.21]
var: 0.26276955555555553
| [0m13       [0m | [0m0.8007   [0m | [0m0.2464   [0m | [0m38.97    [0m | [0m2.395    [0m |
[0.26 0.41 0.56 0.83 0.9  0.94 0.97 1.   1.02 1.08 1.21 1.33 1.43 1.49
 1.51 1.59 1.61 1.67 1.7  1.75 1.77 1.82 1.84 1.85 1.89 1.91 1.93 1.98
 2.09 2.12 2.14 2.15 2.18 2.2  2.24 2.25 2.26 2.27 2.28 2.28 2.29 2.39
 2.39 2.41 2.51 2.53 2.54 2.54 2.61 2.85 3.1  3.21 3.29 3.37 3.4  3.88
 4.22 5.13 5.36 5.38]
var: 1.1435494166666669
| [0m14       [0m | [0m2.169    [0m | [0m0.247    [0m | [0m6.019    [0m | [0m0.4061   [0m |
[0.03 0.09 0.11 0.13 0.13 0.14 0.22 0.24 0.27 0.33 0.34 0.35 0.47 0.48
 0.57 0.63 0.68 0.8  0.8  0.8  0.81 0.81 0.85 0.85 0.9  0.98 1.   1.03
 1.24 1.25 1.3  1.33 1.34 1.43 1.49 1.53 1.55 1.58 1.63 1.66 1.79 1.81
 1.82 1.89 1.91 1.91 1.95 1.96 1.96 1.97 2.25 2.28 2.36 2.49 2.57 2.57
 2.88 2.92 3.3  3.47]
var: 0.750616972222222
| [0m15       [0m | [0m1.304    [0m | [0m0.03389  [0m | [0m31.82    [0m | [0m0.7568   [0m |
[0.99 1.11 1.24 1.35 1.4  1.58 1.66 1.69 1.7  1.73 1.84 1.89 2.06 2.12
 2.17 2.28 2.31 2.62 2.64 2.65 2.71 2.75 2.92 2.93 2.95 3.01 3.03 3.05
 3.05 3.16 3.17 3.23 3.31 3.33 3.37 3.42 3.45 3.48 3.52 3.53 3.56 3.57
 3.63 3.73 3.83 3.9  3.97 4.29 4.29 4.31 4.59 4.71 4.87 5.06 5.3  5.59
 5.71 5.88 6.01 6.81]
var: 1.7183627500000005
| [0m16       [0m | [0m3.234    [0m | [0m0.02193  [0m | [0m21.76    [0m | [0m0.1094   [0m |
[0.   0.07 0.14 0.2  0.3  0.31 0.39 0.42 0.46 0.49 0.51 0.53 0.57 0.7
 0.73 0.76 0.77 0.79 0.8  0.81 0.84 0.84 0.85 0.87 0.91 0.94 1.   1.
 1.01 1.05 1.06 1.11 1.16 1.17 1.2  1.28 1.29 1.31 1.38 1.41 1.41 1.41
 1.44 1.47 1.49 1.49 1.5  1.68 1.7  1.88 1.89 1.97 1.99 2.01 2.04 2.15
 2.51 2.57 2.59 3.1 ]
var: 0.4458326666666662
| [0m17       [0m | [0m1.162    [0m | [0m0.1952   [0m | [0m28.88    [0m | [0m1.068    [0m |
[0.03 0.07 0.08 0.09 0.1  0.1  0.11 0.13 0.13 0.14 0.17 0.22 0.22 0.24
 0.24 0.26 0.27 0.32 0.34 0.36 0.36 0.36 0.37 0.37 0.38 0.38 0.38 0.45
 0.45 0.46 0.49 0.53 0.55 0.57 0.58 0.62 0.64 0.7  0.74 0.79 0.8  0.8
 0.85 0.92 1.01 1.09 1.13 1.13 1.16 1.2  1.29 1.33 1.54 1.55 1.61 1.8
 1.84 2.26 2.31 3.43]
var: 0.4300040000000001
| [0m18       [0m | [0m0.714    [0m | [0m0.2897   [0m | [0m1.356    [0m | [0m1.307    [0m |
[0.5  0.51 0.57 0.72 0.77 0.8  1.21 1.22 1.23 1.26 1.27 1.33 1.43 1.48
 1.53 1.7  1.72 1.77 1.77 1.83 1.84 1.84 1.84 1.94 1.97 1.98 2.01 2.03
 2.03 2.07 2.09 2.17 2.17 2.23 2.28 2.28 2.38 2.62 2.66 2.71 2.84 2.84
 2.91 3.   3.17 3.18 3.21 3.26 3.4  3.47 3.54 3.56 3.58 3.72 3.82 4.38
 4.4  4.56 4.71 8.54]
var: 1.7128654166666664
| [0m19       [0m | [0m2.398    [0m | [0m0.02092  [0m | [0m35.55    [0m | [0m0.1738   [0m |
[0.   0.05 0.09 0.09 0.11 0.12 0.13 0.15 0.22 0.25 0.27 0.29 0.42 0.44
 0.53 0.55 0.56 0.56 0.62 0.7  0.72 0.73 0.73 0.79 0.87 0.88 0.97 0.97
 0.99 1.02 1.04 1.05 1.18 1.36 1.38 1.44 1.45 1.46 1.46 1.49 1.51 1.54
 1.55 1.55 1.57 1.59 1.59 1.62 1.7  1.76 1.77 1.89 1.91 1.97 2.08 2.22
 2.26 2.51 2.6  2.91]
var: 0.5174469722222221
| [0m20       [0m | [0m1.104    [0m | [0m0.1509   [0m | [0m24.89    [0m | [0m1.231    [0m |
[0.03 0.05 0.08 0.08 0.11 0.13 0.14 0.18 0.2  0.24 0.25 0.26 0.26 0.27
 0.27 0.27 0.35 0.35 0.37 0.43 0.46 0.53 0.59 0.64 0.66 0.69 0.73 0.75
 0.77 0.79 0.84 0.87 0.93 0.95 0.97 1.07 1.13 1.17 1.18 1.2  1.22 1.27
 1.37 1.39 1.42 1.44 1.44 1.47 1.51 1.53 1.78 1.81 1.83 1.89 1.93 2.14
 2.17 2.21 2.39 3.27]
var: 0.5058448888888888
| [0m21       [0m | [0m0.9453   [0m | [0m0.2856   [0m | [0m42.74    [0m | [0m0.8296   [0m |
[0.03 0.06 0.19 0.27 0.33 0.35 0.36 0.4  0.44 0.46 0.47 0.47 0.49 0.63
 0.66 0.69 0.72 0.72 0.76 0.77 0.82 0.83 0.86 0.88 0.89 0.96 0.96 0.96
 0.97 0.98 1.08 1.16 1.18 1.28 1.29 1.34 1.36 1.4  1.45 1.49 1.53 1.53
 1.54 1.56 1.6  1.6  1.66 1.76 1.83 1.86 1.91 1.95 1.98 2.   2.03 2.12
 2.15 2.76 3.14 4.05]
var: 0.5689147500000005
| [0m22       [0m | [0m1.2      [0m | [0m0.1893   [0m | [0m24.77    [0m | [0m1.402    [0m |
[0.02 0.19 0.2  0.23 0.24 0.26 0.31 0.32 0.33 0.52 0.55 0.57 0.6  0.6
 0.67 0.75 0.75 0.75 0.76 0.78 0.83 0.85 0.85 0.91 0.95 0.96 1.02 1.04
 1.04 1.1  1.13 1.14 1.14 1.18 1.2  1.21 1.23 1.32 1.37 1.41 1.46 1.47
 1.49 1.57 1.64 1.65 1.66 1.66 1.68 1.7  1.77 1.8  1.89 1.91 2.03 2.4
 2.55 2.65 3.72 4.25]
var: 0.6259169722222221
| [0m23       [0m | [0m1.204    [0m | [0m0.07988  [0m | [0m2.997    [0m | [0m1.358    [0m |
[0.1  0.19 0.2  0.2  0.3  0.34 0.4  0.48 0.52 0.53 0.54 0.55 0.62 0.69
 0.73 0.74 0.77 0.78 0.8  0.85 0.85 0.9  0.92 0.95 0.96 0.99 1.03 1.04
 1.05 1.05 1.07 1.08 1.23 1.24 1.26 1.27 1.28 1.34 1.37 1.39 1.45 1.49
 1.5  1.53 1.56 1.59 1.64 1.64 1.67 1.68 1.85 1.92 2.2  2.22 2.23 2.38
 2.48 2.61 3.85 4.46]
var: 0.65227875
| [0m24       [0m | [0m1.243    [0m | [0m0.2702   [0m | [0m13.61    [0m | [0m0.9306   [0m |
[0.   0.01 0.01 0.12 0.12 0.12 0.18 0.2  0.29 0.34 0.36 0.36 0.36 0.47
 0.52 0.53 0.56 0.58 0.58 0.65 0.66 0.69 0.7  0.71 0.71 0.71 0.72 0.72
 0.72 0.77 0.77 0.79 0.81 0.91 0.93 0.94 0.96 0.96 0.97 0.98 1.05 1.08
 1.1  1.15 1.16 1.17 1.18 1.27 1.32 1.38 1.44 1.48 1.53 1.53 1.66 1.67
 1.89 1.96 2.04 2.45]
var: 0.2885188888888896
| [0m25       [0m | [0m0.8667   [0m | [0m0.07668  [0m | [0m32.65    [0m | [0m2.521    [0m |
[0.01 0.04 0.14 0.16 0.16 0.22 0.22 0.27 0.32 0.33 0.34 0.35 0.37 0.39
 0.39 0.4  0.4  0.42 0.47 0.47 0.51 0.51 0.69 0.71 0.72 0.72 0.74 0.76
 0.78 0.81 0.81 0.82 0.83 0.87 0.89 0.93 1.01 1.05 1.13 1.14 1.15 1.16
 1.16 1.2  1.24 1.26 1.31 1.34 1.37 1.38 1.49 1.57 1.59 1.66 1.71 1.73
 1.75 2.29 2.37 2.74]
var: 0.35216697222222265
| [0m26       [0m | [0m0.8962   [0m | [0m0.1709   [0m | [0m2.596    [0m | [0m2.129    [0m |
[0.03 0.06 0.08 0.14 0.18 0.19 0.21 0.33 0.34 0.34 0.41 0.41 0.42 0.46
 0.48 0.49 0.5  0.55 0.65 0.67 0.69 0.74 0.75 0.77 0.81 0.81 0.82 0.88
 0.92 0.93 0.93 1.01 1.06 1.08 1.09 1.14 1.18 1.22 1.22 1.26 1.27 1.34
 1.39 1.41 1.44 1.5  1.58 1.59 1.61 1.64 1.92 2.18 2.19 2.22 2.36 2.43
 2.7  2.85 2.92 5.8 ]
var: 0.8856016388888891
| [0m27       [0m | [0m1.143    [0m | [0m0.1238   [0m | [0m20.54    [0m | [0m1.053    [0m |
[0.02 0.05 0.06 0.15 0.15 0.17 0.21 0.21 0.22 0.31 0.34 0.38 0.4  0.57
 0.58 0.61 0.62 0.65 0.67 0.71 0.73 0.74 0.75 0.8  0.87 0.88 0.89 0.92
 0.99 1.   1.02 1.08 1.14 1.17 1.25 1.25 1.26 1.28 1.37 1.37 1.37 1.44
 1.47 1.5  1.52 1.57 1.62 1.64 1.66 1.8  2.13 2.35 2.5  2.58 2.6  2.73
 2.75 2.85 2.93 4.85]
var: 0.8279216666666666
| [0m28       [0m | [0m1.195    [0m | [0m0.1587   [0m | [0m29.18    [0m | [0m1.689    [0m |
[0.03 0.09 0.1  0.12 0.13 0.13 0.14 0.2  0.23 0.24 0.24 0.27 0.32 0.35
 0.36 0.38 0.43 0.45 0.46 0.51 0.59 0.59 0.6  0.62 0.63 0.63 0.68 0.69
 0.7  0.71 0.71 0.72 0.75 0.75 0.82 0.83 0.84 0.84 0.88 0.88 0.92 0.93
 0.95 0.97 1.   1.   1.12 1.14 1.24 1.26 1.29 1.42 1.55 1.62 1.83 1.9
 2.05 2.15 2.35 2.36]
var: 0.3277827499999995
| [0m29       [0m | [0m0.8115   [0m | [0m0.108    [0m | [0m47.23    [0m | [0m2.963    [0m |
[0.   0.01 0.06 0.07 0.08 0.1  0.13 0.16 0.18 0.2  0.25 0.26 0.27 0.34
 0.36 0.39 0.4  0.41 0.45 0.52 0.62 0.63 0.72 0.74 0.76 0.77 0.82 0.84
 0.86 0.86 0.87 0.89 0.95 0.96 1.05 1.05 1.08 1.09 1.09 1.1  1.21 1.23
 1.37 1.37 1.41 1.42 1.43 1.51 1.58 1.59 1.69 1.7  1.76 1.84 2.02 2.08
 2.22 2.71 3.02 3.3 ]
var: 0.5504776388888892
| [0m30       [0m | [0m0.9808   [0m | [0m0.1239   [0m | [0m32.99    [0m | [0m1.942    [0m |
[0.09 0.19 0.2  0.24 0.29 0.31 0.36 0.55 0.76 0.77 0.82 0.83 0.87 0.9
 0.9  0.91 0.92 0.93 0.93 0.94 1.02 1.08 1.08 1.08 1.09 1.13 1.14 1.15
 1.18 1.18 1.21 1.26 1.31 1.31 1.31 1.4  1.42 1.51 1.52 1.79 1.84 1.85
 1.89 1.9  1.91 1.92 2.03 2.13 2.24 2.26 2.35 2.43 2.5  2.55 2.56 2.65
 3.23 3.3  3.93 3.94]
var: 0.7582649722222226
| [0m31       [0m | [0m1.455    [0m | [0m0.123    [0m | [0m35.99    [0m | [0m0.5489   [0m |
[0.   0.01 0.01 0.05 0.11 0.12 0.29 0.36 0.39 0.44 0.47 0.54 0.56 0.57
 0.61 0.64 0.66 0.66 0.69 0.73 0.73 0.76 0.76 0.79 0.83 0.89 0.9  0.91
 0.91 0.94 0.96 1.02 1.11 1.12 1.22 1.24 1.29 1.33 1.33 1.35 1.38 1.45
 1.47 1.5  1.65 1.67 1.8  1.81 1.88 1.96 1.98 2.02 2.38 2.39 2.52 2.53
 2.92 3.01 3.18 3.45]
var: 0.6830887500000009
| [0m32       [0m | [0m1.188    [0m | [0m0.01334  [0m | [0m40.16    [0m | [0m2.12     [0m |
[0.02 0.14 0.18 0.22 0.27 0.31 0.52 0.64 0.64 0.68 0.71 0.73 0.75 0.8
 0.81 0.94 0.96 1.01 1.01 1.05 1.09 1.1  1.13 1.15 1.17 1.26 1.26 1.29
 1.32 1.33 1.38 1.48 1.48 1.49 1.53 1.58 1.66 1.72 1.72 1.73 1.78 1.81
 1.88 1.89 1.93 1.97 2.06 2.08 2.17 2.23 2.28 2.79 2.81 2.82 2.94 2.99
 3.02 3.12 3.14 3.23]
var: 0.6958355555555553
| [0m33       [0m | [0m1.487    [0m | [0m0.2089   [0m | [0m49.54    [0m | [0m0.1598   [0m |
[0.02 0.06 0.07 0.18 0.25 0.31 0.39 0.45 0.55 0.65 0.69 0.7  0.71 0.73
 0.74 0.77 0.87 0.88 0.94 0.98 0.99 1.01 1.03 1.06 1.07 1.08 1.11 1.14
 1.15 1.17 1.21 1.27 1.28 1.29 1.37 1.38 1.42 1.51 1.6  1.65 1.67 1.75
 1.75 1.79 1.89 1.91 1.92 1.98 2.06 2.21 2.23 2.34 2.35 2.47 3.06 3.25
 3.3  3.32 3.55 3.86]
var: 0.800799416666667
| [0m34       [0m | [0m1.407    [0m | [0m0.2743   [0m | [0m17.28    [0m | [0m0.7909   [0m |
[0.04 0.05 0.06 0.09 0.15 0.16 0.27 0.36 0.37 0.43 0.48 0.56 0.63 0.66
 0.72 0.74 0.76 0.79 0.81 0.89 0.93 0.95 1.03 1.04 1.08 1.1  1.13 1.14
 1.2  1.28 1.32 1.34 1.35 1.35 1.36 1.36 1.41 1.52 1.53 1.6  1.62 1.63
 1.66 1.79 1.79 1.86 1.89 1.89 2.02 2.19 2.35 2.55 2.56 2.58 2.58 3.03
 3.19 3.78 4.32 4.58]
var: 0.991403888888888
| [0m35       [0m | [0m1.398    [0m | [0m0.2037   [0m | [0m45.33    [0m | [0m0.4511   [0m |
[0.   0.01 0.03 0.06 0.09 0.12 0.15 0.22 0.23 0.24 0.27 0.28 0.39 0.4
 0.44 0.5  0.5  0.51 0.51 0.54 0.56 0.58 0.61 0.63 0.63 0.65 0.68 0.68
 0.71 0.79 0.82 0.83 0.83 0.84 0.84 0.84 0.86 0.9  0.95 0.99 1.02 1.11
 1.18 1.21 1.22 1.27 1.34 1.37 1.45 1.51 1.61 1.77 1.8  1.89 1.92 2.19
 2.26 2.39 2.45 3.33]
var: 0.48112222222222223
| [0m36       [0m | [0m0.9167   [0m | [0m0.1805   [0m | [0m30.46    [0m | [0m2.29     [0m |
[0.   0.07 0.11 0.13 0.19 0.2  0.2  0.2  0.32 0.32 0.34 0.36 0.37 0.42
 0.43 0.47 0.52 0.56 0.63 0.64 0.76 0.76 0.8  0.8  0.8  0.84 0.84 0.98
 0.98 0.99 0.99 1.   1.02 1.03 1.09 1.13 1.28 1.31 1.33 1.37 1.39 1.42
 1.46 1.46 1.5  1.63 1.63 1.65 1.84 1.86 1.92 1.94 1.95 1.96 1.98 2.24
 2.32 2.59 2.6  3.29]
var: 0.5310183055555557
| [0m37       [0m | [0m1.087    [0m | [0m0.05755  [0m | [0m7.042    [0m | [0m2.102    [0m |
[0.01 0.05 0.13 0.19 0.23 0.24 0.27 0.51 0.56 0.57 0.59 0.64 0.65 0.66
 0.67 0.68 0.68 0.77 0.79 0.84 0.87 0.87 0.88 0.93 0.94 0.95 0.95 0.97
 1.1  1.1  1.17 1.19 1.2  1.21 1.23 1.23 1.28 1.31 1.32 1.32 1.37 1.41
 1.6  1.65 1.73 1.74 1.74 1.75 1.75 1.75 1.78 1.83 1.94 1.99 2.1  2.17
 2.34 2.41 2.98 3.41]
var: 0.4812460833333338
| [0m38       [0m | [0m1.187    [0m | [0m0.05685  [0m | [0m26.35    [0m | [0m2.001    [0m |
[0.   0.   0.03 0.07 0.09 0.15 0.19 0.2  0.28 0.3  0.31 0.37 0.38 0.41
 0.41 0.43 0.44 0.44 0.46 0.51 0.52 0.58 0.59 0.6  0.61 0.67 0.67 0.69
 0.7  0.71 0.72 0.76 0.79 0.86 0.89 0.94 0.95 0.95 0.97 0.97 0.98 0.99
 1.07 1.18 1.22 1.24 1.27 1.27 1.3  1.43 1.44 1.51 1.55 1.59 1.61 1.72
 1.75 2.1  2.42 2.63]
var: 0.3385726666666669
| [0m39       [0m | [0m0.848    [0m | [0m0.2556   [0m | [0m36.64    [0m | [0m2.494    [0m |
[0.   0.   0.02 0.06 0.08 0.1  0.11 0.19 0.23 0.24 0.26 0.27 0.28 0.29
 0.3  0.36 0.44 0.44 0.45 0.46 0.52 0.52 0.56 0.59 0.63 0.65 0.67 0.7
 0.71 0.72 0.8  0.84 0.85 0.87 0.91 0.93 0.95 1.01 1.02 1.02 1.09 1.1
 1.13 1.15 1.22 1.26 1.27 1.28 1.31 1.38 1.39 1.43 1.45 1.55 1.65 1.84
 1.91 1.96 2.3  2.59]
var: 0.34743275000000057
| [0m40       [0m | [0m0.8385   [0m | [0m0.2809   [0m | [0m47.12    [0m | [0m1.542    [0m |
[0.23 0.29 0.6  0.74 0.75 0.9  0.96 1.1  1.3  1.4  1.51 1.52 1.97 2.05
 2.27 2.28 2.44 2.48 2.57 2.78 2.83 2.91 2.99 2.99 3.02 3.04 3.04 3.06
 3.24 3.27 3.27 3.29 3.3  3.43 3.46 3.63 3.64 3.66 3.71 3.82 3.82 3.91
 4.07 4.11 4.13 4.32 4.36 4.39 4.4  4.43 4.47 4.61 4.96 5.16 5.27 5.29
 5.54 5.67 6.61 6.83]
var: 2.287402749999999
| [0m41       [0m | [0m3.202    [0m | [0m0.002416 [0m | [0m18.78    [0m | [0m0.09809  [0m |
[0.09 0.2  0.26 0.28 0.29 0.4  0.4  0.45 0.46 0.48 0.49 0.49 0.51 0.52
 0.54 0.65 0.69 0.7  0.71 0.73 0.74 0.76 0.79 0.79 0.79 0.82 0.85 0.86
 0.86 0.89 0.92 0.97 0.98 1.01 1.01 1.02 1.05 1.06 1.11 1.13 1.15 1.15
 1.16 1.17 1.3  1.33 1.34 1.38 1.38 1.39 1.57 1.58 1.69 1.8  1.96 2.08
 2.12 2.16 2.65 2.7 ]
var: 0.3269927499999999
| [0m42       [0m | [0m1.014    [0m | [0m0.1165   [0m | [0m22.36    [0m | [0m0.01087  [0m |
[0.26 0.41 0.42 0.61 0.65 0.7  0.96 1.03 1.03 1.04 1.06 1.09 1.14 1.34
 1.38 1.38 1.44 1.53 1.53 1.55 1.58 1.6  1.72 1.73 1.75 1.88 1.9  2.01
 2.06 2.09 2.09 2.27 2.3  2.36 2.46 2.47 2.51 2.51 2.52 2.52 2.55 2.59
 2.61 2.65 2.81 2.82 2.85 3.04 3.32 3.33 3.56 3.63 3.74 3.81 3.86 4.38
 4.43 4.53 6.36 6.89]
var: 1.7265962222222222
| [0m43       [0m | [0m2.277    [0m | [0m0.006955 [0m | [0m35.56    [0m | [0m0.2445   [0m |
[0.17 0.21 0.23 0.34 0.7  0.81 0.81 0.83 0.83 0.84 0.86 0.88 0.91 0.92
 0.93 1.02 1.15 1.15 1.21 1.22 1.37 1.38 1.39 1.4  1.41 1.41 1.42 1.5
 1.58 1.62 1.64 1.66 1.73 1.76 1.78 1.83 1.85 1.86 1.91 1.96 1.96 2.13
 2.15 2.18 2.31 2.43 2.54 2.66 2.66 2.68 2.73 2.74 2.85 2.85 2.85 3.01
 3.05 3.17 3.94 5.87]
var: 0.9698106666666658
| [0m44       [0m | [0m1.754    [0m | [0m0.1845   [0m | [0m18.54    [0m | [0m0.3844   [0m |
[1.09 1.12 1.19 1.27 1.29 1.31 1.4  1.55 1.75 1.82 2.   2.01 2.09 2.25
 2.38 2.52 2.55 2.61 2.8  2.83 2.94 2.96 2.98 3.02 3.02 3.09 3.09 3.23
 3.24 3.58 3.65 3.67 3.7  3.72 3.77 3.95 4.   4.1  4.12 4.15 4.23 4.3
 4.37 4.42 4.44 4.66 4.78 4.82 4.83 4.89 5.19 5.37 5.4  5.76 5.81 5.85
 5.85 6.18 6.84 7.08]
var: 2.277245999999999
| [95m45       [0m | [95m3.548    [0m | [95m0.005856 [0m | [95m18.5     [0m | [95m0.0634   [0m |
[0.59 0.6  0.89 0.89 0.91 0.99 1.03 1.11 1.12 1.16 1.17 1.36 1.43 1.45
 1.46 1.48 1.48 1.5  1.55 1.58 1.65 1.7  1.77 1.79 1.82 1.87 1.92 1.99
 2.05 2.13 2.16 2.17 2.19 2.24 2.29 2.32 2.52 2.58 2.59 2.63 2.81 2.81
 2.84 2.85 3.12 3.15 3.17 3.22 3.3  3.31 3.35 3.45 3.5  3.74 3.82 3.84
 4.03 4.34 4.65 5.23]
var: 1.1166512222222227
| [0m46       [0m | [0m2.278    [0m | [0m0.1811   [0m | [0m21.42    [0m | [0m0.08019  [0m |
[0.11 0.13 0.16 0.17 0.24 0.28 0.29 0.3  0.32 0.33 0.34 0.35 0.36 0.41
 0.45 0.47 0.51 0.58 0.59 0.63 0.71 0.74 0.84 0.96 1.11 1.12 1.15 1.16
 1.18 1.29 1.31 1.42 1.45 1.61 1.65 1.66 1.72 1.74 1.9  2.   2.14 2.14
 2.14 2.2  2.31 2.47 2.63 2.66 2.68 2.83 2.95 3.03 3.13 3.59 3.68 3.68
 3.77 4.12 5.05 6.23]
var: 1.7714247500000009
| [0m47       [0m | [0m1.62     [0m | [0m1e-08    [0m | [0m18.62    [0m | [0m0.001    [0m |
[0.24 0.32 0.67 0.73 0.78 1.05 1.06 1.5  1.61 1.71 1.78 1.82 2.03 2.14
 2.26 2.31 2.38 2.41 2.43 2.46 2.47 2.5  2.53 2.55 2.57 2.6  2.63 2.63
 2.77 2.87 3.   3.09 3.28 3.3  3.31 3.4  3.4  3.59 3.63 3.63 3.68 3.68
 3.7  3.76 3.82 3.86 4.06 4.09 4.26 4.39 4.61 4.75 4.91 4.99 5.14 5.99
 6.34 6.36 6.98 9.1 ]
var: 2.731848305555556
| [0m48       [0m | [0m3.165    [0m | [0m0.06241  [0m | [0m18.45    [0m | [0m0.1062   [0m |
[0.17 0.19 0.2  0.21 0.22 0.25 0.26 0.26 0.31 0.34 0.34 0.36 0.39 0.39
 0.42 0.42 0.44 0.44 0.45 0.47 0.47 0.57 0.59 0.6  0.65 0.66 0.67 0.69
 0.69 0.69 0.71 0.74 0.75 0.77 0.78 0.82 0.85 0.87 0.88 0.9  0.94 0.98
 0.99 1.06 1.09 1.14 1.15 1.18 1.28 1.38 1.41 1.47 1.51 1.57 1.58 1.93
 1.95 2.   2.06 7.52]
var: 0.9786736388888894
| [0m49       [0m | [0m0.9178   [0m | [0m0.02827  [0m | [0m21.74    [0m | [0m0.008268 [0m |
[0.11 0.28 0.3  0.37 0.38 0.55 0.58 0.65 0.69 0.8  0.89 0.96 0.97 1.01
 1.07 1.14 1.14 1.29 1.34 1.39 1.44 1.5  1.6  1.63 1.64 1.74 1.77 1.82
 1.85 1.87 1.94 1.99 1.99 2.08 2.14 2.18 2.18 2.22 2.26 2.34 2.34 2.35
 2.42 2.42 2.56 2.68 2.79 3.   3.08 3.08 3.13 3.17 3.19 3.36 3.43 3.55
 3.98 5.38 5.5  5.76]
var: 1.511785666666667
| [0m50       [0m | [0m2.021    [0m | [0m0.2222   [0m | [0m18.53    [0m | [0m0.4349   [0m |
[0.03 0.14 0.16 0.2  0.24 0.26 0.29 0.31 0.31 0.33 0.59 0.6  0.61 0.65
 0.72 0.79 0.8  0.81 0.84 0.85 0.9  0.92 0.93 0.99 1.01 1.08 1.27 1.32
 1.33 1.38 1.39 1.41 1.43 1.45 1.47 1.5  1.51 1.54 1.54 1.58 1.68 1.69
 1.87 1.93 2.   2.03 2.06 2.08 2.11 2.13 2.32 2.36 2.56 2.64 2.75 2.8
 2.85 2.88 3.01 3.39]
var: 0.705664333333333
| [0m51       [0m | [0m1.377    [0m | [0m0.1422   [0m | [0m28.67    [0m | [0m0.6589   [0m |
[0.19 0.48 1.01 1.1  1.46 1.71 1.74 1.78 1.95 2.02 2.23 2.23 2.24 2.29
 2.32 2.34 2.37 2.49 2.61 2.83 2.9  3.07 3.17 3.17 3.22 3.3  3.46 3.51
 3.65 3.74 4.   4.17 4.19 4.39 4.39 4.48 4.49 4.49 4.57 4.65 4.83 4.84
 4.91 4.92 5.   5.07 5.09 5.1  5.22 5.31 5.44 5.46 5.58 5.68 5.91 5.97
 5.98 6.19 6.46 8.07]
var: 2.716320305555555
| [95m52       [0m | [95m3.757    [0m | [95m0.0007701[0m | [95m18.42    [0m | [95m0.05889  [0m |
[0.14 0.26 0.58 0.64 0.79 0.81 1.   1.22 1.32 1.34 1.39 1.39 1.46 1.48
 1.51 1.53 1.53 1.59 1.6  1.61 1.72 1.75 1.76 1.8  1.84 1.84 1.96 2.
 2.13 2.14 2.16 2.19 2.23 2.27 2.27 2.29 2.46 2.51 2.52 2.56 2.6  2.72
 2.83 2.96 2.98 3.12 3.18 3.57 3.86 3.87 4.03 4.06 4.13 4.13 4.18 4.23
 4.26 4.51 5.1  5.65]
var: 1.4868362222222224
| [0m53       [0m | [0m2.359    [0m | [0m0.0284   [0m | [0m35.54    [0m | [0m0.1462   [0m |
[ 0.09  0.21  0.31  1.07  1.1   1.17  1.62  1.67  1.74  1.77  1.91  1.94
  1.97  2.03  2.06  2.16  2.18  2.18  2.24  2.28  2.37  2.37  2.42  2.51
  2.68  2.7   2.73  2.74  2.79  2.94  2.99  3.03  3.06  3.07  3.07  3.08
  3.12  3.13  3.14  3.16  3.25  3.26  3.27  3.31  3.34  3.36  3.48  3.56
  3.56  3.92  4.08  4.21  4.47  4.62  4.62  4.79  4.79  4.96  4.98 11.23]
var: 2.4173923333333334
| [0m54       [0m | [0m2.931    [0m | [0m0.01858  [0m | [0m21.77    [0m | [0m0.1888   [0m |
[0.12 0.25 0.27 0.32 0.37 0.4  0.43 0.46 0.46 0.47 0.5  0.51 0.52 0.55
 0.56 0.59 0.62 0.63 0.64 0.66 0.67 0.68 0.7  0.74 0.77 0.79 0.82 0.87
 0.88 0.88 0.89 0.91 0.91 0.93 0.98 0.98 0.99 1.01 1.11 1.12 1.17 1.18
 1.19 1.2  1.24 1.27 1.29 1.31 1.34 1.35 1.38 1.43 1.45 1.49 1.94 1.98
 2.34 2.63 3.31 3.67]
var: 0.4482115555555561
| [0m55       [0m | [0m1.019    [0m | [0m0.01462  [0m | [0m18.62    [0m | [0m0.008096 [0m |
[0.51 0.54 0.69 0.74 0.88 1.04 1.47 1.52 1.6  1.72 1.73 1.91 1.93 2.13
 2.15 2.16 2.17 2.18 2.21 2.31 2.35 2.39 2.42 2.42 2.44 2.45 2.46 2.52
 2.61 2.65 2.67 2.67 2.76 2.85 3.02 3.05 3.16 3.18 3.2  3.29 3.32 3.44
 3.47 3.52 3.58 3.63 3.64 3.81 4.03 4.08 4.16 4.28 4.43 4.5  4.5  4.9
 5.04 5.12 6.14 7.05]
var: 1.7186783055555557
| [0m56       [0m | [0m2.88     [0m | [0m0.1633   [0m | [0m12.71    [0m | [0m0.2358   [0m |
[1.02 1.06 1.36 1.71 1.75 1.77 1.77 1.81 2.01 2.04 2.08 2.16 2.24 2.31
 2.32 2.38 2.4  2.46 2.52 2.56 2.59 2.65 2.67 2.83 2.88 2.95 3.03 3.03
 3.1  3.22 3.29 3.29 3.32 3.36 3.41 3.48 3.6  3.61 3.62 3.62 3.86 3.93
 4.03 4.09 4.18 4.18 4.27 4.29 4.47 4.49 4.56 4.69 4.87 5.31 5.32 5.7
 5.71 5.84 6.95 7.5 ]
var: 1.8652015555555554
| [0m57       [0m | [0m3.359    [0m | [0m0.01426  [0m | [0m18.41    [0m | [0m0.04787  [0m |
[0.06 0.2  0.85 0.91 1.17 1.18 1.25 1.46 1.59 1.72 1.78 1.83 1.88 1.94
 2.02 2.11 2.27 2.37 2.42 2.43 2.45 2.45 2.5  2.63 2.64 2.65 3.05 3.05
 3.13 3.2  3.26 3.27 3.39 3.42 3.56 3.57 3.6  3.74 3.85 3.88 3.92 3.94
 3.96 4.02 4.14 4.36 4.52 4.57 4.66 4.81 4.81 5.25 5.49 5.73 5.77 5.94
 6.38 6.67 6.68 7.77]
var: 2.7710926666666675
| [0m58       [0m | [0m3.302    [0m | [0m0.05316  [0m | [0m18.72    [0m | [0m0.1387   [0m |
[0.25 0.44 0.51 0.85 0.86 0.91 0.93 0.94 0.97 0.98 1.02 1.03 1.22 1.26
 1.36 1.44 1.44 1.52 1.53 1.54 1.57 1.58 1.62 1.63 1.66 1.67 1.71 1.72
 1.74 1.8  1.83 1.86 1.88 1.93 1.97 2.05 2.11 2.18 2.2  2.31 2.36 2.37
 2.47 2.49 2.52 2.58 2.6  2.74 2.83 3.   3.12 3.22 3.29 3.43 3.49 3.63
 3.96 4.05 4.09 4.77]
var: 0.9561536388888897
| [0m59       [0m | [0m2.017    [0m | [0m0.04359  [0m | [0m18.45    [0m | [0m0.03053  [0m |
[0.26 0.53 0.58 0.67 0.81 0.92 0.96 0.97 0.99 1.02 1.03 1.07 1.1  1.11
 1.12 1.12 1.13 1.18 1.2  1.23 1.26 1.3  1.36 1.44 1.5  1.53 1.54 1.56
 1.59 1.61 1.68 1.69 1.74 1.77 1.9  1.9  1.97 2.01 2.06 2.07 2.1  2.11
 2.11 2.14 2.2  2.21 2.29 2.36 2.51 2.56 2.66 2.7  2.79 3.18 3.18 3.3
 4.04 4.3  4.77 4.88]
var: 0.9597203055555563
| [0m60       [0m | [0m1.848    [0m | [0m0.04344  [0m | [0m18.78    [0m | [0m0.02294  [0m |
[0.32 1.05 1.3  1.43 1.53 1.75 1.9  1.91 1.97 2.06 2.24 2.54 2.67 2.7
 2.8  2.81 2.92 2.99 3.09 3.11 3.11 3.17 3.19 3.32 3.5  3.54 3.56 3.6
 3.62 3.62 3.65 3.65 3.68 3.7  3.74 3.75 3.77 3.81 3.88 3.95 3.99 4.08
 4.09 4.09 4.34 4.35 4.39 4.61 4.64 4.98 5.37 5.86 6.4  6.52 6.68 7.18
 7.25 7.63 7.66 8.43]
var: 2.9120162222222215
| [95m61       [0m | [95m3.791    [0m | [95m0.004141 [0m | [95m18.37    [0m | [95m0.06199  [0m |
[0.03 0.06 0.11 0.12 0.16 0.22 0.24 0.3  0.34 0.34 0.36 0.42 0.45 0.46
 0.47 0.47 0.48 0.49 0.51 0.52 0.54 0.55 0.62 0.66 0.71 0.71 0.71 0.73
 0.74 0.75 0.76 0.77 0.79 0.81 0.84 0.85 0.86 0.92 0.94 0.96 0.97 0.97
 1.04 1.09 1.11 1.19 1.21 1.21 1.25 1.28 1.34 1.38 1.47 1.66 1.8  1.84
 1.94 2.13 2.47 3.8 ]
var: 0.41371600000000036
| [0m62       [0m | [0m0.882    [0m | [0m0.2709   [0m | [0m30.08    [0m | [0m2.583    [0m |
[0.37 0.7  0.82 0.83 0.93 1.08 1.1  1.25 1.35 1.38 1.4  1.54 1.57 1.62
 1.67 1.72 1.75 1.76 1.82 1.84 1.86 1.92 1.93 1.95 1.96 2.15 2.22 2.26
 2.28 2.3  2.34 2.53 2.56 2.58 2.72 2.82 2.82 2.9  2.91 3.02 3.09 3.1
 3.12 3.27 3.29 3.3  3.39 3.46 3.52 3.53 3.59 3.68 3.74 3.79 3.84 3.91
 4.06 4.09 4.43 6.96]
var: 1.3142049722222238
| [0m63       [0m | [0m2.495    [0m | [0m0.1083   [0m | [0m18.62    [0m | [0m0.1588   [0m |
[0.28 0.31 0.49 0.95 1.08 1.39 1.48 1.49 1.51 1.53 1.56 1.6  1.76 1.94
 1.94 1.97 2.09 2.13 2.3  2.52 2.53 2.58 2.59 2.7  2.72 2.79 2.82 2.84
 2.88 2.98 3.09 3.17 3.33 3.37 3.41 3.44 3.46 3.46 3.49 3.5  3.56 3.61
 3.62 3.74 3.94 3.96 4.06 4.07 4.11 4.12 4.29 4.32 4.44 4.71 5.1  5.15
 6.43 6.53 7.04 7.13]
var: 2.2785533333333325
| [0m64       [0m | [0m3.09     [0m | [0m0.0189   [0m | [0m21.8     [0m | [0m0.1368   [0m |
[0.06 0.06 0.22 0.26 0.39 0.61 0.67 0.72 1.04 1.18 1.26 1.36 1.38 1.67
 1.71 1.9  1.92 2.   2.   2.05 2.09 2.1  2.18 2.24 2.33 2.33 2.38 2.51
 2.52 2.55 2.56 2.57 2.63 2.69 2.81 2.88 2.91 2.93 2.96 2.96 3.04 3.16
 3.16 3.22 3.26 3.29 3.33 3.39 3.42 3.5  3.61 3.91 3.94 4.34 4.52 4.57
 4.84 5.52 6.05 6.84]
var: 1.965755000000002
| [0m65       [0m | [0m2.575    [0m | [0m0.04407  [0m | [0m18.39    [0m | [0m0.2205   [0m |
[0.25 0.31 0.45 0.64 0.65 0.91 0.94 0.95 1.11 1.83 1.84 1.97 2.12 2.14
 2.16 2.16 2.21 2.41 2.44 2.54 2.54 2.56 2.59 2.62 2.75 2.82 2.98 3.03
 3.04 3.07 3.14 3.25 3.25 3.32 3.35 3.38 3.53 3.54 3.84 3.85 3.97 4.01
 4.19 4.3  4.31 4.32 4.41 4.46 4.5  4.56 4.6  4.61 4.65 4.75 5.04 5.05
 5.36 6.02 6.04 7.84]
var: 2.3800836388888893
| [0m66       [0m | [0m3.158    [0m | [0m0.02401  [0m | [0m18.49    [0m | [0m0.1072   [0m |
[0.14 0.15 0.16 0.35 0.9  1.05 1.13 1.16 1.25 1.29 1.32 1.42 1.46 1.61
 1.67 1.72 1.81 1.82 1.86 1.91 1.99 2.12 2.16 2.28 2.37 2.39 2.39 2.39
 2.41 2.51 2.54 2.62 2.67 2.79 2.88 2.89 2.91 3.1  3.18 3.18 3.23 3.26
 3.29 3.51 3.57 3.57 3.58 3.63 3.65 4.03 4.05 4.08 4.14 4.32 4.5  4.68
 4.92 5.06 5.64 6.78]
var: 1.8732228888888887
| [0m67       [0m | [0m2.657    [0m | [0m0.1201   [0m | [0m12.72    [0m | [0m0.152    [0m |
[0.2  0.21 0.42 0.48 0.5  1.07 1.1  1.13 1.2  1.26 1.26 1.44 1.55 1.6
 1.64 1.84 1.88 1.92 2.01 2.09 2.17 2.18 2.19 2.24 2.26 2.31 2.33 2.34
 2.37 2.43 2.45 2.52 2.52 2.63 2.7  2.7  2.8  2.92 2.95 2.99 3.04 3.14
 3.16 3.17 3.18 3.21 3.3  3.55 3.55 3.56 3.67 3.7  3.7  3.92 4.02 4.11
 4.19 4.5  4.58 8.03]
var: 1.6577048888888892
| [0m68       [0m | [0m2.535    [0m | [0m0.1018   [0m | [0m21.72    [0m | [0m0.1389   [0m |
[0.11 0.14 0.15 0.16 0.16 0.16 0.19 0.22 0.23 0.24 0.32 0.52 0.61 0.65
 0.85 0.88 0.88 0.9  0.91 0.95 1.06 1.1  1.11 1.12 1.12 1.2  1.2  1.22
 1.23 1.25 1.26 1.27 1.33 1.36 1.36 1.58 1.6  1.63 1.67 1.75 1.77 1.78
 1.85 1.88 1.96 1.98 2.08 2.12 2.14 2.23 2.26 2.27 2.39 2.54 2.57 2.58
 2.61 3.21 4.81 5.3 ]
var: 1.0378143333333336
| [0m69       [0m | [0m1.433    [0m | [0m0.2091   [0m | [0m15.15    [0m | [0m0.5781   [0m |
[0.   0.06 0.08 0.15 0.21 0.26 0.27 0.31 0.36 0.41 0.44 0.45 0.49 0.51
 0.54 0.54 0.58 0.58 0.6  0.62 0.62 0.77 0.78 0.84 0.85 0.87 0.89 0.95
 1.04 1.07 1.12 1.13 1.17 1.2  1.2  1.2  1.26 1.3  1.32 1.33 1.38 1.38
 1.38 1.39 1.51 1.52 1.62 1.68 1.7  1.84 1.89 1.91 2.01 2.04 2.15 2.33
 2.44 2.76 2.79 2.99]
var: 0.515666
| [0m70       [0m | [0m1.118    [0m | [0m0.136    [0m | [0m25.84    [0m | [0m2.293    [0m |
[0.   0.   0.02 0.04 0.04 0.05 0.06 0.11 0.12 0.14 0.16 0.2  0.22 0.27
 0.27 0.3  0.3  0.31 0.42 0.42 0.46 0.48 0.49 0.51 0.52 0.52 0.62 0.62
 0.68 0.73 0.76 0.77 0.79 0.86 0.92 0.93 0.97 0.99 1.01 1.07 1.07 1.07
 1.08 1.1  1.13 1.16 1.17 1.22 1.23 1.24 1.41 1.48 1.49 1.53 1.59 1.79
 1.91 2.11 2.12 2.85]
var: 0.3778038888888888
| [0m71       [0m | [0m0.7983   [0m | [0m0.297    [0m | [0m34.31    [0m | [0m1.678    [0m |
[0.05 0.11 0.12 0.27 0.52 0.54 0.61 0.78 0.96 1.36 1.37 1.41 1.52 1.54
 1.55 1.63 1.66 1.69 1.82 1.82 1.93 2.03 2.06 2.09 2.16 2.18 2.2  2.25
 2.28 2.33 2.58 2.61 2.68 2.74 2.76 2.79 2.81 2.81 2.82 3.   3.07 3.17
 3.28 3.38 3.44 3.7  3.73 3.88 4.12 4.15 4.15 4.27 4.29 4.33 4.34 4.36
 4.39 4.74 5.1  7.91]
var: 2.1264128888888885
| [0m72       [0m | [0m2.571    [0m | [0m0.08899  [0m | [0m18.82    [0m | [0m0.1738   [0m |
[0.42 0.55 1.35 1.4  1.45 1.54 1.57 1.62 1.63 1.66 1.73 1.73 1.79 1.87
 1.93 1.96 1.97 2.01 2.04 2.08 2.09 2.11 2.14 2.14 2.15 2.25 2.4  2.4
 2.44 2.55 2.56 2.59 2.66 2.69 2.7  2.72 2.74 2.74 2.77 2.79 2.82 3.06
 3.08 3.13 3.23 3.34 3.37 3.57 4.07 4.12 4.18 4.49 4.49 4.57 4.73 4.74
 4.79 4.79 4.86 4.97]
var: 1.2440980833333333
| [0m73       [0m | [0m2.706    [0m | [0m0.1225   [0m | [0m18.7     [0m | [0m0.2093   [0m |
[0.   0.   0.   0.   0.   0.   0.   0.   0.   0.   0.   0.   0.   0.
 0.   0.   0.   0.   0.   0.   0.   0.   0.   0.   0.   0.   0.   0.
 0.   0.   0.   0.01 0.01 0.01 0.01 0.01 0.01 0.01 0.01 0.01 0.03 0.04
 0.05 0.06 0.07 0.07 0.07 0.08 0.09 0.13 0.13 0.17 0.18 0.24 0.32 0.34
 0.39 0.49 0.55 0.79]
var: 0.023474333333333503
| [0m74       [0m | [0m0.073    [0m | [0m1e-08    [0m | [0m18.74    [0m | [0m0.1871   [0m |
[0.33 0.41 0.47 0.56 0.65 0.83 0.89 1.03 1.03 1.04 1.15 1.16 1.18 1.2
 1.24 1.33 1.48 1.51 1.55 1.63 1.71 1.83 1.88 1.9  1.91 1.98 2.05 2.42
 2.49 2.5  2.53 2.56 2.61 2.66 2.73 2.84 2.86 2.87 2.96 3.   3.11 3.17
 3.19 3.22 3.28 3.31 3.4  3.42 3.45 3.5  3.65 3.94 4.11 4.15 4.4  4.49
 4.67 5.04 5.06 8.63]
var: 2.128322083333333
| [0m75       [0m | [0m2.503    [0m | [0m0.08233  [0m | [0m18.38    [0m | [0m0.114    [0m |
[0.16 0.79 0.84 1.1  1.1  1.13 1.35 1.42 1.45 1.5  1.55 1.6  1.6  1.86
 1.99 2.02 2.05 2.05 2.12 2.13 2.13 2.21 2.26 2.29 2.31 2.38 2.47 2.47
 2.49 2.54 2.64 2.64 2.7  2.72 2.78 2.83 2.94 3.   3.02 3.05 3.07 3.12
 3.23 3.29 3.37 3.64 3.65 3.71 3.92 4.08 4.11 4.14 4.38 4.46 4.83 5.01
 5.61 5.95 5.97 7.09]
var: 1.867758305555554
| [0m76       [0m | [0m2.805    [0m | [0m0.09417  [0m | [0m18.71    [0m | [0m0.07344  [0m |
[0.81 1.11 1.13 1.32 1.44 1.47 1.5  1.55 1.56 1.59 1.67 1.67 1.69 1.86
 2.12 2.19 2.35 2.37 2.38 2.44 2.44 2.46 2.5  2.53 2.61 2.62 2.68 2.8
 2.82 2.84 2.88 3.04 3.04 3.05 3.09 3.11 3.29 3.37 3.4  3.47 3.54 3.55
 3.67 3.7  3.84 3.86 3.92 3.97 4.1  4.13 4.14 4.2  4.39 4.65 4.8  4.84
 5.25 5.82 6.76 8.8 ]
var: 2.022748305555557
| [0m77       [0m | [0m3.07     [0m | [0m0.04559  [0m | [0m18.78    [0m | [0m0.08894  [0m |
[0.02 0.03 0.04 0.07 0.09 0.18 0.2  0.22 0.23 0.25 0.3  0.33 0.37 0.37
 0.58 0.58 0.58 0.59 0.63 0.64 0.64 0.66 0.72 0.73 0.74 0.75 0.77 0.77
 0.77 0.78 0.8  0.81 0.82 0.84 0.85 0.89 0.9  0.92 0.94 1.03 1.08 1.09
 1.1  1.18 1.23 1.23 1.24 1.29 1.36 1.49 1.52 1.53 1.58 1.6  1.64 1.67
 1.77 1.81 1.83 1.86]
var: 0.2579003055555556
| [0m78       [0m | [0m0.8588   [0m | [0m0.0387   [0m | [0m31.97    [0m | [0m2.799    [0m |
[0.1  0.56 0.85 1.11 1.13 1.23 1.45 1.55 1.58 1.65 1.81 1.9  1.95 2.05
 2.12 2.21 2.23 2.27 2.31 2.34 2.35 2.35 2.39 2.43 2.5  2.51 2.6  2.61
 2.63 2.67 2.72 2.78 2.82 2.95 3.05 3.08 3.14 3.22 3.31 3.34 3.35 3.37
 3.39 3.54 3.55 3.57 3.86 4.2  4.3  4.43 4.54 5.15 5.52 5.55 5.57 5.63
 5.7  6.31 6.76 7.14]
var: 2.3099515555555556
| [0m79       [0m | [0m3.055    [0m | [0m0.05909  [0m | [0m18.29    [0m | [0m0.1968   [0m |
[0.27 0.38 0.59 0.78 0.92 1.28 1.47 1.6  1.69 1.72 1.81 1.88 1.98 2.16
 2.3  2.33 2.66 2.8  2.94 3.04 3.19 3.2  3.21 3.23 3.23 3.27 3.3  3.32
 3.33 3.37 3.44 3.45 3.57 3.65 3.76 3.83 3.86 3.95 4.01 4.02 4.15 4.18
 4.23 4.25 4.43 4.47 4.56 4.62 4.7  4.86 4.94 5.19 5.32 5.46 5.62 5.71
 5.74 7.32 8.07 8.55]
var: 2.9076795555555544
| [0m80       [0m | [0m3.519    [0m | [0m0.008986 [0m | [0m18.33    [0m | [0m0.08669  [0m |
=============================================================
None
num_trials:  40  inits,  40  iters,  60  per
rho:  1
pthin:  0.80

Best VPT: 3.7906666666666675
Best result: {'a': 0.004141396397205139, 'g': 18.372791985697198, 's': 0.06199421162592801}

KERNEL: nu=1.5, lengthscale=2.0, alpha=0.0005
