|   iter    |  target   |     a     |     g     |     s     |
-------------------------------------------------------------
[0.06 0.11 0.13 0.14 0.19 0.27 0.33 0.34 0.38 0.41 0.44 0.45 0.46 0.48
 0.52 0.54 0.6  0.6  0.67 0.68 0.7  0.7  0.72 0.74 0.75 0.84 0.85 0.87
 0.88 0.9  0.95 0.97 1.02 1.1  1.11 1.16 1.19 1.21 1.21 1.23 1.3  1.31
 1.35 1.43 1.45 1.51 1.55 1.65 1.67 1.71 1.85 1.9  1.96 1.99 2.25 2.3
 2.51 2.57 2.9  3.39]
var: 0.5288176388888886
| [0m1        [0m | [0m1.091    [0m | [0m0.06495  [0m | [0m7.799    [0m | [0m1.414    [0m |
[0.   0.01 0.03 0.17 0.23 0.23 0.24 0.26 0.27 0.31 0.31 0.32 0.4  0.4
 0.56 0.63 0.63 0.65 0.66 0.69 0.69 0.69 0.7  0.72 0.74 0.82 0.84 0.91
 0.93 0.94 0.94 0.95 0.97 1.01 1.07 1.11 1.16 1.17 1.19 1.36 1.36 1.43
 1.44 1.46 1.46 1.49 1.52 1.53 1.71 1.75 1.75 1.81 1.83 1.85 1.92 2.12
 2.29 2.4  3.02 3.28]
var: 0.5062547499999999
| [0m2        [0m | [0m1.056    [0m | [0m0.04462  [0m | [0m9.831    [0m | [0m0.8568   [0m |
[0.   0.02 0.02 0.02 0.04 0.05 0.06 0.07 0.08 0.13 0.2  0.3  0.34 0.38
 0.39 0.41 0.43 0.44 0.49 0.52 0.52 0.52 0.61 0.63 0.63 0.7  0.7  0.71
 0.82 0.87 0.88 0.88 0.9  0.96 0.96 0.96 0.98 1.02 1.06 1.08 1.13 1.17
 1.17 1.17 1.22 1.24 1.28 1.36 1.38 1.39 1.59 1.7  1.71 1.72 1.73 1.74
 2.13 2.32 2.37 2.53]
var: 0.40243808333333303
| [0m3        [0m | [0m0.8805   [0m | [0m0.2714   [0m | [0m16.12    [0m | [0m2.121    [0m |
[0.   0.02 0.03 0.03 0.04 0.05 0.08 0.1  0.1  0.11 0.11 0.13 0.14 0.14
 0.16 0.19 0.23 0.24 0.29 0.31 0.41 0.42 0.43 0.45 0.47 0.53 0.54 0.55
 0.55 0.56 0.57 0.59 0.6  0.62 0.63 0.63 0.63 0.64 0.65 0.67 0.68 0.69
 0.7  0.7  0.7  0.73 0.78 0.86 0.91 0.99 0.99 1.12 1.2  1.23 1.33 1.34
 1.45 1.83 2.27 2.58]
var: 0.27393266666666655
| [0m4        [0m | [0m0.612    [0m | [0m0.09611  [0m | [0m45.16    [0m | [0m2.452    [0m |
[0.   0.01 0.04 0.06 0.07 0.13 0.16 0.22 0.24 0.25 0.26 0.27 0.27 0.28
 0.33 0.34 0.37 0.38 0.4  0.45 0.47 0.48 0.49 0.5  0.54 0.54 0.61 0.65
 0.65 0.67 0.68 0.71 0.72 0.73 0.81 0.83 0.83 0.86 0.9  0.92 0.96 0.97
 1.02 1.03 1.03 1.04 1.06 1.13 1.14 1.15 1.17 1.18 1.32 1.34 1.38 1.39
 1.41 1.77 1.98 3.21]
var: 0.30298555555555595
| [0m5        [0m | [0m0.7467   [0m | [0m0.1089   [0m | [0m7.517    [0m | [0m2.581    [0m |
[0.04 0.07 0.08 0.09 0.1  0.11 0.11 0.14 0.14 0.15 0.26 0.3  0.54 0.57
 0.59 0.61 0.62 0.63 0.63 0.66 0.67 0.73 0.75 0.78 0.88 0.88 1.05 1.09
 1.09 1.11 1.19 1.2  1.21 1.23 1.25 1.25 1.25 1.26 1.29 1.32 1.38 1.47
 1.48 1.49 1.61 1.68 1.79 1.96 2.   2.   2.26 2.31 2.44 2.45 2.52 2.53
 2.81 3.37 3.59 4.08]
var: 0.8478156666666666
| [95m6        [0m | [95m1.219    [0m | [95m0.05435  [0m | [95m48.27    [0m | [95m0.6975   [0m |
[0.   0.04 0.09 0.11 0.12 0.17 0.25 0.3  0.3  0.33 0.35 0.4  0.42 0.42
 0.5  0.52 0.54 0.54 0.58 0.64 0.67 0.7  0.7  0.72 0.75 0.76 0.8  0.8
 0.8  0.83 0.85 0.87 0.92 0.95 1.08 1.09 1.21 1.22 1.23 1.24 1.28 1.32
 1.35 1.36 1.41 1.46 1.52 1.52 1.54 1.63 1.65 1.69 1.79 1.79 1.81 2.03
 2.08 2.51 2.61 3.4 ]
var: 0.4710428888888884
| [0m7        [0m | [0m1.009    [0m | [0m0.006194 [0m | [0m22.47    [0m | [0m2.891    [0m |
[0.22 0.34 0.57 0.57 0.59 0.59 0.64 0.68 0.69 0.71 0.73 0.8  0.87 0.89
 0.89 1.   1.06 1.08 1.08 1.19 1.21 1.22 1.25 1.25 1.26 1.31 1.32 1.33
 1.34 1.35 1.41 1.45 1.45 1.51 1.54 1.56 1.58 1.59 1.68 1.75 1.78 1.78
 1.81 1.86 2.04 2.08 2.11 2.25 2.35 2.39 2.39 2.46 2.49 2.51 2.62 3.06
 3.26 3.68 3.88 4.19]
var: 0.7344278888888881
| [95m8        [0m | [95m1.576    [0m | [95m0.06292  [0m | [95m48.28    [0m | [95m0.2466   [0m |
[0.09 0.12 0.27 0.32 0.35 0.45 0.47 0.49 0.52 0.52 0.56 0.58 0.64 0.67
 0.71 0.72 0.73 0.8  0.81 0.83 0.85 0.86 0.87 0.95 0.97 0.97 1.04 1.15
 1.18 1.19 1.21 1.25 1.25 1.25 1.26 1.37 1.42 1.44 1.46 1.57 1.73 1.74
 1.92 1.94 1.95 1.98 2.06 2.17 2.21 2.31 2.37 2.42 2.45 2.73 3.06 3.39
 3.39 3.76 4.08 4.43]
var: 0.9859854166666664
| [0m9        [0m | [0m1.438    [0m | [0m0.01726  [0m | [0m11.51    [0m | [0m1.019    [0m |
[0.02 0.03 0.05 0.09 0.12 0.17 0.18 0.18 0.22 0.23 0.24 0.25 0.28 0.54
 0.57 0.64 0.64 0.65 0.68 0.74 0.76 0.76 0.83 0.89 0.97 1.04 1.05 1.05
 1.06 1.11 1.15 1.16 1.18 1.21 1.21 1.22 1.23 1.23 1.25 1.31 1.38 1.39
 1.42 1.45 1.5  1.51 1.52 1.55 1.56 1.69 1.78 1.97 2.09 2.13 2.15 2.29
 2.61 2.67 3.19 3.3 ]
var: 0.5837845555555555
| [0m10       [0m | [0m1.122    [0m | [0m0.04238  [0m | [0m10.78    [0m | [0m0.7008   [0m |
[0.   0.   0.1  0.16 0.16 0.16 0.17 0.19 0.21 0.22 0.26 0.28 0.28 0.3
 0.4  0.41 0.48 0.51 0.53 0.54 0.56 0.58 0.59 0.62 0.65 0.65 0.75 0.76
 0.76 0.87 0.87 0.88 0.95 0.97 1.14 1.18 1.22 1.24 1.24 1.25 1.26 1.3
 1.3  1.34 1.35 1.42 1.53 1.63 1.69 1.73 1.83 1.95 2.06 2.12 2.15 2.33
 2.37 2.37 2.75 3.15]
var: 0.5584093333333328
| [0m11       [0m | [0m1.012    [0m | [0m0.1135   [0m | [0m35.99    [0m | [0m1.042    [0m |
[0.   0.01 0.02 0.06 0.06 0.14 0.14 0.23 0.27 0.3  0.32 0.38 0.39 0.4
 0.42 0.42 0.44 0.46 0.49 0.52 0.56 0.56 0.57 0.58 0.6  0.63 0.64 0.66
 0.68 0.69 0.71 0.74 0.75 0.75 0.77 0.77 0.85 0.86 0.86 0.86 0.9  0.91
 0.96 1.03 1.08 1.08 1.1  1.13 1.22 1.25 1.32 1.35 1.38 1.41 1.43 1.56
 1.64 1.95 2.14 2.45]
var: 0.26903763888888893
| [0m12       [0m | [0m0.7808   [0m | [0m0.221    [0m | [0m38.95    [0m | [0m2.097    [0m |
[0.   0.01 0.04 0.04 0.05 0.08 0.11 0.16 0.17 0.26 0.29 0.3  0.33 0.39
 0.39 0.4  0.42 0.44 0.48 0.5  0.51 0.57 0.64 0.64 0.67 0.69 0.7  0.7
 0.71 0.72 0.74 0.77 0.79 0.79 0.8  0.86 0.94 1.02 1.03 1.03 1.06 1.14
 1.17 1.2  1.21 1.25 1.28 1.29 1.31 1.33 1.36 1.39 1.41 1.42 1.65 1.77
 1.78 1.87 2.16 2.31]
var: 0.305684555555556
| [0m13       [0m | [0m0.8257   [0m | [0m0.1485   [0m | [0m34.94    [0m | [0m1.303    [0m |
[0.   0.01 0.03 0.05 0.05 0.06 0.06 0.07 0.09 0.09 0.12 0.12 0.13 0.16
 0.18 0.19 0.25 0.28 0.31 0.31 0.33 0.35 0.37 0.4  0.41 0.43 0.47 0.47
 0.54 0.61 0.63 0.64 0.66 0.7  0.73 0.73 0.73 0.77 0.88 0.88 0.93 0.95
 0.97 0.99 0.99 1.   1.01 1.11 1.16 1.26 1.29 1.31 1.31 1.38 1.51 1.53
 1.66 1.86 2.12 2.27]
var: 0.3070738888888888
| [0m14       [0m | [0m0.6817   [0m | [0m0.2875   [0m | [0m43.1     [0m | [0m1.147    [0m |
[0.05 0.07 0.08 0.08 0.1  0.1  0.12 0.16 0.16 0.18 0.19 0.2  0.23 0.24
 0.25 0.27 0.28 0.39 0.4  0.4  0.41 0.41 0.44 0.44 0.5  0.52 0.52 0.53
 0.54 0.54 0.56 0.6  0.67 0.69 0.7  0.7  0.75 0.79 0.84 0.85 0.85 0.86
 0.91 0.94 0.94 0.95 1.02 1.06 1.06 1.08 1.08 1.09 1.1  1.11 1.14 1.16
 1.21 1.24 1.6  3.57]
var: 0.28640822222222234
| [0m15       [0m | [0m0.6653   [0m | [0m0.1952   [0m | [0m35.22    [0m | [0m2.61     [0m |
[0.44 0.52 0.53 0.57 0.65 0.67 0.72 0.73 0.73 0.75 0.75 0.91 0.94 0.97
 0.98 0.98 1.02 1.03 1.04 1.05 1.15 1.19 1.21 1.24 1.25 1.26 1.27 1.28
 1.32 1.36 1.37 1.37 1.38 1.4  1.46 1.46 1.5  1.5  1.54 1.56 1.6  1.6
 1.62 1.64 1.66 1.66 1.7  1.74 1.77 1.84 1.9  1.93 2.03 2.12 2.42 2.45
 2.53 2.76 3.36 3.47]
var: 0.3996143055555553
| [0m16       [0m | [0m1.414    [0m | [0m0.1899   [0m | [0m21.33    [0m | [0m0.2665   [0m |
[0.04 0.07 0.16 0.18 0.26 0.29 0.32 0.32 0.33 0.33 0.33 0.37 0.45 0.51
 0.52 0.52 0.54 0.55 0.58 0.6  0.63 0.65 0.66 0.67 0.68 0.7  0.76 0.81
 0.83 0.83 0.84 0.84 0.86 0.88 0.9  0.92 0.99 1.   1.   1.05 1.08 1.23
 1.24 1.25 1.28 1.44 1.45 1.48 1.49 1.56 1.58 1.61 1.66 1.66 1.7  1.89
 1.94 2.08 2.57 2.66]
var: 0.3491732222222227
| [0m17       [0m | [0m0.9437   [0m | [0m0.2471   [0m | [0m38.22    [0m | [0m0.4774   [0m |
[0.   0.01 0.01 0.01 0.02 0.02 0.03 0.05 0.05 0.07 0.08 0.08 0.1  0.11
 0.12 0.12 0.14 0.14 0.16 0.26 0.3  0.37 0.37 0.41 0.43 0.43 0.45 0.45
 0.48 0.5  0.51 0.52 0.56 0.56 0.56 0.57 0.58 0.58 0.61 0.65 0.78 0.8
 0.83 0.83 0.89 0.91 0.95 1.03 1.04 1.04 1.17 1.25 1.32 1.33 1.36 1.51
 1.57 1.62 2.16 3.85]
var: 0.4180127500000001
| [0m18       [0m | [0m0.6285   [0m | [0m0.026    [0m | [0m49.11    [0m | [0m2.941    [0m |
[0.01 0.04 0.07 0.08 0.14 0.15 0.2  0.22 0.22 0.23 0.28 0.28 0.29 0.29
 0.3  0.34 0.45 0.46 0.46 0.47 0.53 0.59 0.62 0.64 0.65 0.68 0.75 0.75
 0.76 0.76 0.79 0.8  0.85 0.89 0.89 0.95 0.95 1.05 1.1  1.11 1.11 1.11
 1.18 1.21 1.29 1.35 1.44 1.58 1.77 1.85 1.87 1.95 1.95 1.98 2.05 2.16
 2.18 2.19 2.29 2.71]
var: 0.4707227500000003
| [0m19       [0m | [0m0.9385   [0m | [0m0.1354   [0m | [0m10.2     [0m | [0m0.6568   [0m |
[0.15 0.15 0.19 0.24 0.25 0.42 0.42 0.43 0.43 0.45 0.49 0.49 0.5  0.5
 0.51 0.55 0.57 0.59 0.59 0.63 0.63 0.68 0.69 0.7  0.71 0.74 0.74 0.74
 0.76 0.77 0.78 0.8  0.81 0.81 0.83 0.84 0.85 0.86 0.91 0.95 1.   1.02
 1.03 1.06 1.12 1.13 1.14 1.16 1.2  1.21 1.25 1.35 1.4  1.43 1.6  1.75
 1.92 2.12 2.19 2.32]
var: 0.233830972222222
| [0m20       [0m | [0m0.8758   [0m | [0m0.1146   [0m | [0m10.68    [0m | [0m2.804    [0m |
[0.   0.08 0.08 0.11 0.16 0.17 0.18 0.2  0.22 0.23 0.24 0.31 0.31 0.33
 0.39 0.44 0.48 0.5  0.53 0.54 0.57 0.59 0.63 0.63 0.65 0.65 0.66 0.67
 0.67 0.68 0.68 0.72 0.75 0.8  0.81 0.85 0.85 0.9  0.92 0.94 0.96 0.99
 1.01 1.03 1.04 1.05 1.05 1.05 1.09 1.13 1.15 1.24 1.33 1.35 1.39 1.41
 2.26 2.43 2.53 5.03]
var: 0.5687506666666666
| [0m21       [0m | [0m0.844    [0m | [0m0.1457   [0m | [0m35.29    [0m | [0m0.9266   [0m |
[0.35 0.52 0.57 0.57 0.6  0.61 0.62 0.65 0.69 0.76 0.79 0.82 0.97 0.98
 1.   1.01 1.04 1.05 1.05 1.06 1.11 1.16 1.16 1.19 1.2  1.21 1.22 1.23
 1.25 1.27 1.3  1.31 1.31 1.35 1.36 1.46 1.48 1.55 1.59 1.61 1.67 1.72
 1.77 1.78 1.78 1.81 1.83 1.84 1.92 2.01 2.03 2.27 2.35 2.56 2.65 2.88
 3.35 3.48 4.13 4.43]
var: 0.7014483055555562
| [0m22       [0m | [0m1.505    [0m | [0m0.25     [0m | [0m36.34    [0m | [0m0.1009   [0m |
[0.   0.04 0.05 0.06 0.09 0.09 0.12 0.2  0.21 0.21 0.22 0.22 0.24 0.25
 0.27 0.34 0.36 0.37 0.41 0.41 0.42 0.44 0.45 0.47 0.49 0.5  0.52 0.54
 0.55 0.63 0.65 0.65 0.74 0.78 0.78 0.8  0.82 0.83 0.89 0.91 0.97 0.99
 1.05 1.14 1.16 1.16 1.18 1.19 1.25 1.33 1.36 1.37 1.38 1.43 1.66 1.88
 2.09 2.44 2.51 2.64]
var: 0.3921855555555553
| [0m23       [0m | [0m0.7867   [0m | [0m0.2446   [0m | [0m29.32    [0m | [0m1.129    [0m |
[0.27 0.29 0.32 0.33 0.54 0.56 0.62 0.62 0.64 0.66 0.68 0.68 0.73 0.78
 0.87 0.88 0.9  0.91 0.95 0.96 0.97 0.99 1.   1.06 1.08 1.1  1.18 1.19
 1.21 1.22 1.26 1.34 1.35 1.36 1.4  1.41 1.43 1.47 1.53 1.58 1.68 1.69
 1.7  1.77 1.82 1.88 1.92 1.93 1.98 2.16 2.31 2.34 2.36 2.42 2.73 2.86
 2.87 3.05 3.16 3.47]
var: 0.5846376666666673
| [0m24       [0m | [0m1.407    [0m | [0m0.2628   [0m | [0m43.34    [0m | [0m0.311    [0m |
[0.01 0.03 0.05 0.09 0.11 0.12 0.18 0.19 0.19 0.19 0.22 0.22 0.23 0.24
 0.28 0.31 0.35 0.35 0.37 0.4  0.41 0.42 0.5  0.53 0.57 0.58 0.58 0.59
 0.59 0.6  0.61 0.61 0.62 0.63 0.63 0.67 0.7  0.72 0.72 0.74 0.74 0.77
 0.78 0.79 0.86 0.87 0.9  0.92 1.01 1.03 1.09 1.09 1.1  1.13 1.17 1.24
 1.25 1.4  2.03 3.36]
var: 0.27575488888888894
| [0m25       [0m | [0m0.6613   [0m | [0m0.09515  [0m | [0m35.14    [0m | [0m2.701    [0m |
[0.01 0.11 0.11 0.12 0.13 0.14 0.14 0.15 0.15 0.19 0.24 0.26 0.28 0.3
 0.46 0.46 0.47 0.5  0.54 0.56 0.56 0.59 0.67 0.68 0.69 0.71 0.71 0.75
 0.75 0.75 0.76 0.8  0.84 0.85 0.91 0.97 0.98 0.98 1.01 1.02 1.05 1.11
 1.13 1.14 1.22 1.25 1.26 1.27 1.27 1.33 1.35 1.43 1.49 1.55 1.64 1.65
 1.76 2.06 2.24 2.25]
var: 0.3008543055555559
| [0m26       [0m | [0m0.8458   [0m | [0m0.006092 [0m | [0m32.44    [0m | [0m2.282    [0m |
[0.11 0.12 0.13 0.13 0.15 0.16 0.23 0.25 0.26 0.27 0.27 0.28 0.28 0.3
 0.37 0.4  0.4  0.4  0.42 0.42 0.43 0.43 0.44 0.46 0.47 0.49 0.51 0.51
 0.51 0.52 0.52 0.52 0.54 0.54 0.55 0.56 0.56 0.56 0.59 0.59 0.68 0.69
 0.7  0.7  0.71 0.71 0.72 0.74 0.76 0.77 0.78 0.8  0.88 0.88 0.9  0.91
 1.02 1.14 1.64 2.11]
var: 0.1156983055555556
| [0m27       [0m | [0m0.5648   [0m | [0m0.153    [0m | [0m2.067    [0m | [0m2.844    [0m |
[0.03 0.05 0.12 0.13 0.16 0.17 0.2  0.21 0.22 0.26 0.31 0.38 0.4  0.43
 0.48 0.49 0.5  0.54 0.58 0.6  0.6  0.62 0.71 0.73 0.74 0.75 0.76 0.78
 0.8  0.88 0.91 0.94 0.96 0.97 0.98 1.01 1.02 1.02 1.08 1.13 1.14 1.15
 1.17 1.19 1.19 1.21 1.25 1.25 1.29 1.3  1.31 1.34 1.35 1.42 1.53 1.59
 1.83 1.94 2.   2.13]
var: 0.2553847499999999
| [0m28       [0m | [0m0.8705   [0m | [0m0.2408   [0m | [0m10.43    [0m | [0m2.678    [0m |
[0.04 0.06 0.14 0.17 0.21 0.22 0.33 0.33 0.35 0.38 0.4  0.4  0.42 0.5
 0.51 0.54 0.57 0.59 0.6  0.61 0.62 0.65 0.65 0.66 0.66 0.67 0.69 0.69
 0.75 0.77 0.79 0.84 0.87 0.94 0.97 1.01 1.01 1.06 1.1  1.16 1.16 1.17
 1.3  1.35 1.37 1.39 1.42 1.47 1.57 1.61 1.61 1.7  1.84 1.92 2.28 2.37
 2.37 2.54 2.64 4.33]
var: 0.5889745555555553
| [0m29       [0m | [0m1.022    [0m | [0m0.002452 [0m | [0m3.284    [0m | [0m1.255    [0m |
[0.02 0.04 0.15 0.18 0.32 0.35 0.37 0.39 0.4  0.41 0.44 0.46 0.56 0.6
 0.61 0.61 0.63 0.68 0.68 0.69 0.7  0.71 0.72 0.73 0.73 0.74 0.74 0.76
 0.77 0.78 0.82 0.84 0.85 0.85 0.86 0.89 0.98 1.01 1.06 1.14 1.16 1.16
 1.16 1.18 1.19 1.22 1.3  1.3  1.35 1.35 1.36 1.43 1.47 1.55 1.78 1.91
 2.1  2.1  2.17 2.33]
var: 0.2725495555555559
| [0m30       [0m | [0m0.9307   [0m | [0m0.05901  [0m | [0m6.955    [0m | [0m2.835    [0m |
[0.06 0.06 0.08 0.14 0.23 0.25 0.25 0.46 0.46 0.46 0.46 0.47 0.53 0.54
 0.56 0.61 0.63 0.67 0.68 0.7  0.71 0.75 0.76 0.78 0.79 0.79 0.83 0.85
 0.85 0.9  0.92 0.95 0.95 0.97 1.   1.03 1.19 1.21 1.22 1.23 1.27 1.31
 1.34 1.36 1.39 1.43 1.45 1.57 1.61 1.78 1.86 1.9  1.9  1.95 2.17 2.24
 2.62 2.75 3.23 4.11]
var: 0.6078165555555555
| [0m31       [0m | [0m1.104    [0m | [0m0.04175  [0m | [0m15.05    [0m | [0m2.333    [0m |
[0.01 0.01 0.01 0.02 0.05 0.05 0.06 0.07 0.11 0.14 0.16 0.19 0.2  0.24
 0.32 0.38 0.4  0.42 0.45 0.51 0.55 0.57 0.59 0.6  0.63 0.66 0.68 0.68
 0.7  0.7  0.73 0.74 0.75 0.75 0.76 0.79 0.8  0.8  0.81 0.87 0.88 1.
 1.02 1.08 1.1  1.24 1.25 1.29 1.3  1.32 1.38 1.39 1.4  1.51 1.54 1.71
 1.74 1.77 2.1  2.39]
var: 0.3105069722222221
| [0m32       [0m | [0m0.7728   [0m | [0m0.1366   [0m | [0m22.89    [0m | [0m1.545    [0m |
[0.   0.02 0.07 0.09 0.19 0.2  0.34 0.36 0.39 0.5  0.51 0.54 0.57 0.57
 0.58 0.58 0.6  0.63 0.64 0.64 0.66 0.67 0.67 0.69 0.69 0.69 0.7  0.7
 0.72 0.75 0.79 0.83 0.84 0.87 0.91 0.93 1.01 1.01 1.07 1.07 1.12 1.13
 1.23 1.24 1.25 1.31 1.35 1.39 1.41 1.42 1.42 1.43 1.51 1.51 1.59 1.63
 1.77 1.82 1.88 2.23]
var: 0.2452136388888893
| [0m33       [0m | [0m0.8988   [0m | [0m0.2487   [0m | [0m29.2     [0m | [0m1.651    [0m |
[0.   0.   0.01 0.05 0.06 0.07 0.08 0.08 0.12 0.18 0.21 0.24 0.27 0.28
 0.33 0.37 0.39 0.4  0.43 0.44 0.45 0.45 0.53 0.54 0.54 0.62 0.65 0.67
 0.69 0.72 0.73 0.74 0.75 0.75 0.76 0.76 0.77 0.79 0.8  0.83 0.84 0.85
 0.87 0.98 1.01 1.02 1.02 1.1  1.12 1.13 1.17 1.19 1.21 1.21 1.29 1.3
 1.75 1.9  2.04 2.17]
var: 0.24778933333333347
| [0m34       [0m | [0m0.712    [0m | [0m0.2926   [0m | [0m40.09    [0m | [0m1.959    [0m |
[0.02 0.06 0.09 0.1  0.11 0.11 0.12 0.13 0.15 0.16 0.2  0.23 0.24 0.25
 0.26 0.28 0.36 0.37 0.37 0.41 0.45 0.47 0.47 0.48 0.53 0.55 0.61 0.67
 0.69 0.69 0.76 0.77 0.79 0.8  0.8  0.81 0.84 0.84 0.87 0.88 0.95 0.98
 0.99 1.03 1.05 1.09 1.15 1.22 1.23 1.23 1.24 1.26 1.31 1.45 1.48 1.73
 1.9  2.02 2.12 2.42]
var: 0.3073895555555558
| [0m35       [0m | [0m0.7607   [0m | [0m0.02271  [0m | [0m35.95    [0m | [0m2.443    [0m |
[0.   0.02 0.02 0.03 0.04 0.04 0.05 0.07 0.1  0.12 0.17 0.26 0.31 0.32
 0.34 0.36 0.44 0.44 0.52 0.54 0.57 0.57 0.59 0.63 0.64 0.68 0.7  0.71
 0.73 0.74 0.77 0.78 0.81 0.85 0.88 0.94 1.04 1.05 1.05 1.09 1.11 1.19
 1.32 1.39 1.4  1.42 1.46 1.54 1.65 1.75 1.78 1.98 2.06 2.08 2.27 2.46
 2.48 2.63 2.65 2.74]
var: 0.5795469722222225
| [0m36       [0m | [0m0.9562   [0m | [0m0.01775  [0m | [0m31.42    [0m | [0m1.736    [0m |
[0.37 0.5  0.51 0.54 0.6  0.6  0.65 0.66 0.68 0.72 0.76 0.8  0.87 0.88
 0.94 0.95 1.04 1.07 1.11 1.16 1.32 1.33 1.4  1.44 1.49 1.53 1.65 1.73
 1.74 1.79 1.79 1.84 1.9  1.91 1.93 1.93 1.94 1.96 1.97 1.97 2.02 2.03
 2.07 2.11 2.29 2.33 2.4  2.44 2.46 2.52 2.62 2.63 2.88 3.1  3.12 3.28
 3.56 3.65 3.86 3.96]
var: 0.820591666666667
| [95m37       [0m | [95m1.755    [0m | [95m0.05519  [0m | [95m33.73    [0m | [95m0.07946  [0m |
[0.   0.01 0.03 0.06 0.09 0.14 0.16 0.17 0.17 0.17 0.19 0.19 0.25 0.29
 0.33 0.33 0.43 0.43 0.45 0.46 0.48 0.52 0.55 0.56 0.58 0.58 0.58 0.6
 0.6  0.64 0.68 0.72 0.74 0.74 0.75 0.77 0.78 0.78 0.79 0.82 0.83 0.84
 0.84 0.85 0.88 0.9  0.92 0.99 1.02 1.06 1.09 1.1  1.14 1.21 1.26 1.3
 1.67 1.73 2.59 2.79]
var: 0.28669988888888914
| [0m38       [0m | [0m0.7103   [0m | [0m0.2606   [0m | [0m48.23    [0m | [0m1.874    [0m |
[0.   0.02 0.03 0.03 0.07 0.07 0.08 0.09 0.1  0.13 0.13 0.14 0.14 0.18
 0.18 0.22 0.24 0.25 0.25 0.29 0.3  0.31 0.32 0.44 0.46 0.47 0.49 0.51
 0.54 0.54 0.67 0.67 0.74 0.79 0.8  0.82 0.83 0.83 0.89 0.91 0.94 0.95
 0.96 0.98 1.04 1.07 1.12 1.16 1.26 1.26 1.28 1.3  1.38 1.42 1.54 1.74
 1.99 2.24 2.25 2.74]
var: 0.38441941666666685
| [0m39       [0m | [0m0.7265   [0m | [0m0.264    [0m | [0m40.85    [0m | [0m1.344    [0m |
[0.01 0.02 0.03 0.03 0.03 0.06 0.08 0.08 0.08 0.12 0.14 0.15 0.17 0.19
 0.21 0.25 0.27 0.29 0.32 0.36 0.38 0.38 0.39 0.41 0.43 0.46 0.46 0.47
 0.47 0.49 0.5  0.5  0.53 0.53 0.63 0.64 0.65 0.67 0.7  0.71 0.76 0.77
 0.77 0.78 0.78 0.82 0.86 0.92 1.05 1.09 1.18 1.28 1.38 1.39 1.55 1.55
 1.58 1.91 2.03 2.56]
var: 0.29747055555555624
| [0m40       [0m | [0m0.6383   [0m | [0m0.05402  [0m | [0m39.25    [0m | [0m2.706    [0m |
[0.   0.   0.   0.   0.   0.   0.   0.   0.   0.   0.   0.   0.   0.
 0.   0.   0.   0.   0.   0.   0.01 0.01 0.01 0.01 0.01 0.01 0.02 0.02
 0.02 0.02 0.02 0.02 0.02 0.02 0.03 0.03 0.03 0.03 0.04 0.04 0.04 0.04
 0.04 0.05 0.05 0.05 0.06 0.06 0.06 0.06 0.06 0.07 0.07 0.07 0.08 0.09
 0.1  0.11 0.12 0.13]
var: 0.0011280833333333585
| [0m41       [0m | [0m0.0305   [0m | [0m0.04839  [0m | [0m33.23    [0m | [0m0.001    [0m |
[0.51 0.51 0.62 0.67 0.67 0.72 0.89 0.99 1.03 1.04 1.06 1.06 1.26 1.35
 1.36 1.42 1.49 1.54 1.62 1.63 1.64 1.64 1.82 1.9  1.91 1.92 1.93 1.93
 1.94 1.98 2.13 2.15 2.18 2.28 2.32 2.33 2.35 2.36 2.43 2.45 2.45 2.51
 2.53 2.57 2.65 2.69 2.75 2.75 2.78 3.12 3.14 3.14 3.3  3.4  3.42 3.45
 3.51 3.69 4.1  5.44]
var: 0.9536409999999998
| [95m42       [0m | [95m2.107    [0m | [95m0.1673   [0m | [95m33.75    [0m | [95m0.05154  [0m |
[0.56 0.6  0.6  0.6  0.7  0.73 0.77 0.82 0.9  0.93 0.95 1.03 1.04 1.05
 1.08 1.08 1.09 1.12 1.12 1.14 1.15 1.17 1.2  1.22 1.23 1.25 1.29 1.29
 1.32 1.32 1.34 1.34 1.34 1.4  1.42 1.45 1.45 1.53 1.56 1.63 1.63 1.68
 1.7  1.76 1.8  1.84 1.85 1.88 1.94 1.99 2.15 2.17 2.23 2.25 2.3  2.31
 2.49 2.69 2.99 3.89]
var: 0.3920054166666667
| [0m43       [0m | [0m1.473    [0m | [0m0.1953   [0m | [0m33.81    [0m | [0m0.09487  [0m |
[0.   0.   0.01 0.02 0.03 0.03 0.04 0.12 0.16 0.18 0.19 0.21 0.22 0.24
 0.25 0.3  0.32 0.36 0.38 0.42 0.42 0.44 0.46 0.47 0.49 0.5  0.53 0.53
 0.56 0.57 0.61 0.63 0.64 0.77 0.82 0.83 0.86 0.86 0.87 0.97 0.97 1.01
 1.02 1.03 1.08 1.1  1.16 1.18 1.2  1.27 1.28 1.39 1.53 1.54 1.6  1.68
 1.72 1.8  1.98 2.31]
var: 0.31031066666666707
| [0m44       [0m | [0m0.736    [0m | [0m0.04074  [0m | [0m33.04    [0m | [0m2.582    [0m |
[0.22 0.44 0.45 0.56 0.59 0.6  0.61 0.65 0.82 0.85 0.95 0.97 1.17 1.17
 1.19 1.19 1.25 1.29 1.34 1.34 1.36 1.38 1.4  1.41 1.41 1.43 1.44 1.44
 1.44 1.47 1.49 1.56 1.68 1.72 1.73 1.77 1.78 1.82 1.83 1.89 1.9  1.94
 2.02 2.19 2.25 2.27 2.31 2.33 2.33 2.36 2.37 2.38 2.39 2.56 2.69 2.91
 3.13 3.52 4.06 4.5 ]
var: 0.7104816388888892
| [0m45       [0m | [0m1.692    [0m | [0m0.138    [0m | [0m33.69    [0m | [0m0.06753  [0m |
[0.55 0.59 0.62 0.62 0.63 0.7  0.8  0.81 0.82 0.82 0.86 0.91 1.04 1.08
 1.14 1.15 1.17 1.17 1.21 1.35 1.35 1.38 1.41 1.44 1.47 1.53 1.58 1.59
 1.61 1.66 1.67 1.71 1.84 1.89 1.89 1.92 1.93 1.94 1.98 2.08 2.1  2.28
 2.28 2.3  2.31 2.38 2.42 2.48 2.51 2.53 2.58 2.64 3.12 3.23 3.26 3.42
 3.52 4.04 4.56 5.56]
var: 1.0189003055555554
| [0m46       [0m | [0m1.857    [0m | [0m0.05385  [0m | [0m33.8     [0m | [0m0.08546  [0m |
[0.5  0.51 0.55 0.57 0.58 0.58 0.62 0.66 0.71 0.77 0.81 0.83 0.86 0.86
 0.87 0.96 0.96 0.97 1.02 1.15 1.16 1.19 1.2  1.21 1.22 1.25 1.25 1.3
 1.3  1.34 1.34 1.43 1.43 1.47 1.48 1.48 1.5  1.54 1.58 1.67 1.69 1.73
 1.74 1.76 1.76 1.78 1.79 1.93 1.97 2.09 2.12 2.17 2.18 2.63 2.64 2.81
 2.86 2.99 3.18 3.5 ]
var: 0.4969355555555557
| [0m47       [0m | [0m1.467    [0m | [0m0.2453   [0m | [0m33.65    [0m | [0m0.08953  [0m |
[0.49 0.54 0.57 0.6  0.65 0.66 0.73 0.74 0.81 0.86 0.86 0.88 0.89 0.89
 0.89 0.95 0.95 0.97 0.99 1.   1.02 1.06 1.16 1.17 1.19 1.21 1.26 1.28
 1.33 1.39 1.45 1.47 1.5  1.51 1.52 1.56 1.64 1.66 1.68 1.77 1.77 1.81
 1.82 1.85 1.89 1.91 1.92 1.94 1.99 2.1  2.12 2.4  2.44 2.58 2.95 3.16
 3.39 3.4  3.71 4.19]
var: 0.6745127499999994
| [0m48       [0m | [0m1.552    [0m | [0m0.2309   [0m | [0m36.34    [0m | [0m0.1188   [0m |
[0.   0.   0.   0.   0.   0.   0.   0.   0.   0.   0.   0.   0.   0.
 0.   0.   0.   0.   0.   0.   0.   0.01 0.01 0.01 0.01 0.01 0.02 0.02
 0.02 0.02 0.02 0.02 0.02 0.02 0.02 0.03 0.03 0.03 0.03 0.03 0.04 0.04
 0.04 0.04 0.04 0.04 0.04 0.05 0.05 0.05 0.05 0.05 0.05 0.06 0.06 0.08
 0.08 0.09 0.11 0.13]
var: 0.0008469722222222536
| [0m49       [0m | [0m0.02617  [0m | [0m0.1241   [0m | [0m33.78    [0m | [0m0.001    [0m |
[0.03 0.05 0.06 0.12 0.15 0.16 0.17 0.19 0.21 0.22 0.23 0.38 0.38 0.43
 0.47 0.47 0.51 0.52 0.52 0.57 0.6  0.65 0.67 0.7  0.73 0.73 0.74 0.75
 0.76 0.8  0.81 0.82 0.83 0.83 0.86 0.9  0.9  0.9  0.94 0.96 0.97 0.98
 1.05 1.11 1.19 1.27 1.28 1.3  1.33 1.38 1.43 1.55 1.82 1.91 2.1  2.14
 2.22 2.75 2.79 4.41]
var: 0.5987150000000002
| [0m50       [0m | [0m0.945    [0m | [0m0.09846  [0m | [0m7.378    [0m | [0m0.7063   [0m |
[0.03 0.07 0.09 0.16 0.18 0.19 0.19 0.32 0.36 0.42 0.43 0.45 0.46 0.47
 0.54 0.55 0.56 0.57 0.64 0.64 0.65 0.65 0.67 0.68 0.7  0.7  0.72 0.73
 0.73 0.8  0.8  0.87 0.93 0.97 1.08 1.1  1.16 1.18 1.18 1.21 1.21 1.26
 1.27 1.27 1.31 1.31 1.33 1.35 1.36 1.37 1.39 1.46 1.49 1.56 1.72 1.8
 1.88 1.91 1.93 2.  ]
var: 0.26623497222222237
| [0m51       [0m | [0m0.9168   [0m | [0m0.08987  [0m | [0m8.218    [0m | [0m2.201    [0m |
[0.02 0.03 0.05 0.06 0.07 0.07 0.07 0.23 0.25 0.28 0.29 0.31 0.31 0.31
 0.33 0.35 0.36 0.37 0.4  0.43 0.48 0.49 0.5  0.53 0.53 0.62 0.62 0.66
 0.67 0.68 0.68 0.7  0.72 0.75 0.77 0.78 0.85 0.93 0.98 1.06 1.09 1.09
 1.19 1.22 1.26 1.27 1.39 1.41 1.42 1.49 1.5  1.69 1.88 2.04 2.14 2.36
 2.41 2.76 3.59 3.67]
var: 0.664057888888889
| [0m52       [0m | [0m0.9243   [0m | [0m0.01503  [0m | [0m26.4     [0m | [0m2.306    [0m |
[0.   0.01 0.02 0.02 0.14 0.22 0.3  0.31 0.36 0.38 0.38 0.38 0.38 0.39
 0.41 0.41 0.43 0.43 0.47 0.48 0.61 0.65 0.67 0.67 0.69 0.7  0.74 0.74
 0.76 0.76 0.77 0.8  0.8  0.81 0.88 0.88 0.89 0.9  0.92 0.96 1.02 1.06
 1.12 1.14 1.14 1.22 1.26 1.26 1.3  1.42 1.46 1.49 1.54 1.58 1.67 1.75
 1.79 1.9  2.17 2.2 ]
var: 0.2847183055555551
| [0m53       [0m | [0m0.8502   [0m | [0m0.2092   [0m | [0m14.01    [0m | [0m0.9012   [0m |
[0.72 0.85 0.87 0.96 0.99 1.08 1.25 1.28 1.35 1.37 1.37 1.38 1.39 1.42
 1.44 1.47 1.55 1.62 1.62 1.64 1.66 1.67 1.77 1.85 1.88 1.92 1.94 1.96
 1.99 2.04 2.06 2.06 2.12 2.17 2.19 2.19 2.23 2.28 2.33 2.35 2.38 2.39
 2.42 2.45 2.46 2.51 2.51 2.53 2.55 2.6  2.64 3.03 3.12 3.3  3.57 3.63
 4.3  4.8  5.88 7.15]
var: 1.2765738888888898
| [95m54       [0m | [95m2.208    [0m | [95m0.02934  [0m | [95m33.72    [0m | [95m0.09166  [0m |
[0.32 0.39 0.55 0.56 0.56 0.56 0.57 0.6  0.62 0.65 0.74 0.76 0.83 1.
 1.03 1.06 1.09 1.11 1.13 1.13 1.16 1.17 1.21 1.27 1.32 1.34 1.37 1.39
 1.44 1.45 1.47 1.49 1.51 1.53 1.59 1.61 1.67 1.68 1.68 1.74 1.87 1.89
 1.93 1.94 1.95 1.96 2.02 2.07 2.18 2.37 2.49 2.55 2.67 2.74 2.93 3.03
 3.08 3.43 3.51 4.36]
var: 0.7175115555555549
| [0m55       [0m | [0m1.589    [0m | [0m0.1885   [0m | [0m33.66    [0m | [0m0.09183  [0m |
[0.34 0.52 0.58 0.59 0.63 0.65 0.66 0.68 0.78 0.87 0.87 0.89 0.93 0.97
 1.03 1.05 1.19 1.2  1.25 1.27 1.28 1.36 1.37 1.37 1.43 1.46 1.47 1.47
 1.54 1.61 1.65 1.75 1.76 1.84 1.84 1.84 1.85 1.86 1.88 1.89 1.91 1.94
 2.02 2.03 2.07 2.08 2.14 2.22 2.29 2.49 2.55 2.6  2.63 2.68 2.69 2.69
 2.93 3.51 3.6  3.94]
var: 0.6260548888888884
| [0m56       [0m | [0m1.675    [0m | [0m0.1714   [0m | [0m33.69    [0m | [0m0.06379  [0m |
[0.05 0.19 0.7  0.73 0.74 0.76 0.76 0.82 0.92 0.93 0.93 1.03 1.06 1.17
 1.2  1.21 1.22 1.28 1.29 1.31 1.32 1.33 1.36 1.49 1.49 1.5  1.57 1.64
 1.69 1.76 1.77 1.82 1.83 1.85 1.87 1.88 1.94 1.95 1.95 1.98 2.01 2.02
 2.12 2.14 2.15 2.16 2.26 2.3  2.32 2.37 2.56 2.56 2.56 2.64 2.81 3.14
 3.35 3.41 4.44 5.91]
var: 0.9125960000000004
| [0m57       [0m | [0m1.792    [0m | [0m0.02418  [0m | [0m48.25    [0m | [0m0.2801   [0m |
[0.59 0.64 0.69 0.74 0.74 0.79 0.79 0.88 0.9  0.92 0.97 0.98 1.22 1.23
 1.3  1.32 1.41 1.42 1.43 1.49 1.5  1.53 1.53 1.55 1.6  1.65 1.69 1.7
 1.71 1.72 1.75 1.8  1.83 1.84 1.87 1.89 1.9  1.92 1.99 2.   2.02 2.11
 2.19 2.31 2.37 2.49 2.53 2.53 2.54 2.67 2.7  2.73 2.82 2.92 2.96 3.11
 3.12 3.38 3.44 4.05]
var: 0.6160316388888888
| [0m58       [0m | [0m1.84     [0m | [0m0.0477   [0m | [0m33.68    [0m | [0m0.1192   [0m |
[0.68 0.71 0.72 0.74 0.74 0.81 0.81 0.83 0.83 0.88 0.95 0.97 1.01 1.05
 1.06 1.09 1.18 1.23 1.3  1.35 1.37 1.42 1.46 1.46 1.47 1.47 1.65 1.75
 1.75 1.78 1.81 1.82 1.85 1.86 1.92 1.98 2.   2.04 2.12 2.17 2.31 2.46
 2.51 2.56 2.61 2.62 2.62 2.65 2.69 2.72 2.73 2.74 2.75 2.88 2.9  3.24
 3.42 4.24 4.56 6.67]
var: 1.1441103055555557
| [0m59       [0m | [0m1.933    [0m | [0m0.02188  [0m | [0m33.73    [0m | [0m0.1927   [0m |
[0.74 0.86 0.96 1.18 1.25 1.33 1.35 1.38 1.45 1.59 1.6  1.62 1.67 1.81
 1.86 1.95 1.96 1.96 1.99 1.99 2.1  2.11 2.19 2.21 2.25 2.28 2.54 2.59
 2.6  2.69 2.69 2.72 2.83 2.87 2.89 2.9  2.92 2.95 2.97 2.98 3.   3.04
 3.15 3.17 3.21 3.24 3.24 3.44 3.67 3.69 3.73 3.92 4.08 4.09 4.22 4.72
 4.8  4.85 5.37 5.46]
var: 1.2166636388888887
| [95m60       [0m | [95m2.681    [0m | [95m0.005365 [0m | [95m33.8     [0m | [95m0.07228  [0m |
[0.   0.   0.01 0.05 0.05 0.06 0.09 0.09 0.1  0.11 0.11 0.14 0.14 0.14
 0.15 0.15 0.16 0.21 0.28 0.3  0.31 0.36 0.43 0.47 0.48 0.58 0.59 0.59
 0.64 0.65 0.7  0.71 0.72 0.73 0.75 0.75 0.76 0.8  0.82 0.86 0.87 0.88
 0.9  0.91 0.94 1.04 1.06 1.09 1.13 1.14 1.14 1.4  1.45 1.52 1.53 1.55
 1.88 1.98 2.15 2.73]
var: 0.3505447500000003
| [0m61       [0m | [0m0.7055   [0m | [0m0.2044   [0m | [0m33.56    [0m | [0m1.74     [0m |
[0.41 0.54 0.56 0.62 0.63 0.65 0.7  0.73 0.74 0.78 0.8  0.81 0.84 0.87
 0.91 0.92 0.94 1.01 1.03 1.03 1.08 1.08 1.12 1.14 1.14 1.16 1.18 1.21
 1.23 1.28 1.28 1.32 1.34 1.35 1.42 1.45 1.47 1.51 1.57 1.62 1.64 1.67
 1.71 1.71 1.72 1.77 2.08 2.08 2.39 2.41 2.44 2.47 2.49 2.66 2.9  2.93
 3.   3.19 3.29 3.71]
var: 0.6048614166666659
| [0m62       [0m | [0m1.496    [0m | [0m0.1126   [0m | [0m48.24    [0m | [0m0.2348   [0m |
[0.27 0.32 0.69 0.71 0.72 0.8  0.83 0.91 0.95 0.97 0.99 1.05 1.07 1.11
 1.12 1.12 1.13 1.14 1.14 1.21 1.21 1.26 1.26 1.28 1.29 1.3  1.31 1.31
 1.37 1.4  1.42 1.43 1.54 1.57 1.61 1.61 1.62 1.67 1.77 1.86 1.87 1.88
 1.88 1.91 2.02 2.06 2.08 2.32 2.48 2.54 2.63 2.66 2.76 2.76 3.12 3.26
 3.62 3.86 3.98 4.23]
var: 0.7709012222222221
| [0m63       [0m | [0m1.688    [0m | [0m0.03311  [0m | [0m48.29    [0m | [0m0.2576   [0m |
[0.39 0.47 0.5  0.56 0.6  0.61 0.69 0.74 0.79 0.85 0.86 0.9  0.92 0.93
 0.96 1.04 1.06 1.08 1.11 1.16 1.17 1.22 1.25 1.26 1.26 1.28 1.32 1.32
 1.33 1.35 1.46 1.59 1.6  1.6  1.63 1.7  1.72 1.76 1.81 1.81 1.86 1.89
 1.96 1.97 1.98 1.99 2.02 2.03 2.04 2.13 2.16 2.17 2.22 2.39 2.41 2.45
 2.56 2.91 3.   4.13]
var: 0.5000303055555564
| [0m64       [0m | [0m1.532    [0m | [0m0.1205   [0m | [0m33.7     [0m | [0m0.1908   [0m |
[0.14 0.51 0.59 0.65 0.65 0.68 0.72 0.78 0.98 1.04 1.08 1.16 1.24 1.26
 1.29 1.33 1.34 1.4  1.42 1.45 1.45 1.53 1.59 1.6  1.67 1.68 1.71 1.77
 1.77 1.77 1.79 1.83 1.84 1.86 1.87 1.88 1.92 2.08 2.08 2.09 2.15 2.19
 2.21 2.4  2.45 2.49 2.57 2.65 2.67 2.68 2.73 2.91 3.09 3.15 3.54 3.57
 4.15 4.44 4.57 7.81]
var: 1.44500275
| [0m65       [0m | [0m1.999    [0m | [0m0.01756  [0m | [0m33.75    [0m | [0m0.1542   [0m |
[0.15 0.43 0.53 0.54 0.55 0.55 0.59 0.69 0.71 0.77 0.81 0.84 0.86 0.92
 0.99 1.01 1.14 1.15 1.16 1.17 1.17 1.2  1.23 1.25 1.28 1.33 1.34 1.37
 1.37 1.41 1.41 1.42 1.46 1.53 1.55 1.56 1.56 1.58 1.65 1.66 1.74 1.76
 1.78 1.82 1.86 1.87 1.93 2.07 2.08 2.08 2.13 2.2  2.26 2.36 2.47 2.49
 2.49 2.65 3.03 3.77]
var: 0.46867697222222193
| [0m66       [0m | [0m1.479    [0m | [0m0.2995   [0m | [0m33.74    [0m | [0m0.08425  [0m |
[0.45 0.5  0.66 0.98 1.02 1.17 1.23 1.27 1.32 1.38 1.43 1.57 1.64 1.66
 1.75 1.77 1.82 1.88 1.89 1.94 1.96 1.97 1.97 2.04 2.12 2.22 2.23 2.25
 2.25 2.3  2.32 2.37 2.45 2.45 2.52 2.58 2.63 2.69 2.7  2.73 2.87 2.87
 2.9  2.97 3.12 3.13 3.35 3.47 3.65 3.76 3.86 3.99 4.   4.04 4.05 4.07
 4.14 4.71 4.77 5.08]
var: 1.1729382222222209
| [0m67       [0m | [0m2.481    [0m | [0m0.212    [0m | [0m33.74    [0m | [0m0.05146  [0m |
[0.01 0.03 0.03 0.06 0.06 0.08 0.12 0.14 0.15 0.16 0.21 0.24 0.26 0.31
 0.34 0.35 0.35 0.36 0.36 0.37 0.37 0.43 0.64 0.64 0.64 0.65 0.67 0.71
 0.73 0.76 0.8  0.86 0.96 0.97 0.99 1.08 1.12 1.13 1.21 1.22 1.24 1.26
 1.27 1.28 1.35 1.35 1.35 1.38 1.4  1.41 1.42 1.47 1.69 1.74 1.75 1.79
 1.84 2.12 2.21 4.33]
var: 0.5428165555555553
| [0m68       [0m | [0m0.9037   [0m | [0m0.2663   [0m | [0m19.67    [0m | [0m1.162    [0m |
[0.5  0.59 0.69 0.69 0.69 0.7  0.71 0.71 0.74 0.74 0.81 0.81 0.82 0.83
 0.85 0.9  0.91 0.91 0.94 1.02 1.07 1.12 1.14 1.17 1.19 1.19 1.2  1.21
 1.26 1.28 1.3  1.31 1.31 1.38 1.4  1.42 1.43 1.45 1.49 1.51 1.57 1.61
 1.62 1.68 1.74 1.76 1.77 1.84 1.89 1.97 1.98 2.05 2.11 2.16 2.27 2.52
 2.69 2.95 3.24 4.05]
var: 0.47082455555555625
| [0m69       [0m | [0m1.414    [0m | [0m0.06499  [0m | [0m48.16    [0m | [0m0.305    [0m |
[0.01 0.02 0.04 0.05 0.07 0.13 0.16 0.19 0.23 0.33 0.35 0.39 0.4  0.44
 0.45 0.49 0.52 0.6  0.65 0.67 0.68 0.74 0.8  0.85 0.87 0.89 0.89 0.93
 0.96 0.98 1.   1.   1.01 1.04 1.04 1.05 1.07 1.08 1.08 1.1  1.19 1.19
 1.2  1.21 1.28 1.38 1.42 1.45 1.49 1.5  1.61 1.63 1.65 1.75 1.81 1.86
 1.93 1.97 2.   2.77]
var: 0.3498689999999999
| [0m70       [0m | [0m0.959    [0m | [0m0.1516   [0m | [0m25.06    [0m | [0m0.8408   [0m |
[0.28 0.32 0.6  0.61 0.62 0.63 0.65 0.65 0.65 0.66 0.69 0.71 0.73 0.75
 0.78 0.79 0.84 0.87 0.92 0.96 1.   1.02 1.04 1.14 1.14 1.18 1.26 1.28
 1.37 1.37 1.4  1.4  1.41 1.45 1.51 1.52 1.53 1.56 1.58 1.59 1.62 1.62
 1.66 1.69 1.72 1.73 1.77 1.78 1.86 1.91 2.01 2.03 2.06 2.45 2.58 2.67
 2.9  2.96 3.25 3.49]
var: 0.5089998888888891
| [0m71       [0m | [0m1.404    [0m | [0m0.07396  [0m | [0m48.23    [0m | [0m0.3832   [0m |
[0.55 0.57 0.62 0.63 0.86 0.95 0.97 0.97 0.97 1.01 1.02 1.13 1.23 1.25
 1.26 1.3  1.3  1.31 1.31 1.33 1.46 1.46 1.49 1.51 1.57 1.58 1.6  1.6
 1.61 1.62 1.62 1.63 1.64 1.65 1.66 1.75 1.76 1.76 1.82 1.83 1.89 1.92
 1.93 2.02 2.11 2.11 2.16 2.22 2.33 2.36 2.41 2.42 2.53 2.7  2.74 2.85
 2.87 3.19 3.22 3.93]
var: 0.4766569722222219
| [0m72       [0m | [0m1.718    [0m | [0m0.06109  [0m | [0m33.74    [0m | [0m0.07231  [0m |
[0.61 0.69 0.7  0.75 0.76 0.76 0.83 0.91 0.91 0.94 1.04 1.08 1.23 1.24
 1.28 1.31 1.39 1.43 1.44 1.51 1.52 1.57 1.59 1.67 1.67 1.73 1.78 1.78
 1.8  1.8  1.87 1.94 1.96 2.07 2.13 2.18 2.18 2.21 2.27 2.33 2.36 2.42
 2.45 2.51 2.54 2.54 2.59 2.63 2.7  2.8  2.81 2.82 2.86 3.16 3.39 3.48
 3.56 3.59 3.64 4.13]
var: 0.7381206666666678
| [0m73       [0m | [0m1.964    [0m | [0m0.02996  [0m | [0m33.67    [0m | [0m0.2049   [0m |
[0.57 0.59 0.64 0.65 0.67 0.8  0.93 0.96 0.98 1.02 1.04 1.07 1.09 1.16
 1.26 1.3  1.37 1.38 1.55 1.57 1.58 1.71 1.74 1.74 1.78 1.81 1.96 2.
 2.06 2.12 2.12 2.15 2.18 2.21 2.27 2.28 2.31 2.44 2.44 2.45 2.54 2.58
 2.59 2.63 2.64 2.68 2.71 2.77 2.81 2.81 2.97 3.01 3.06 3.12 3.18 3.28
 4.07 4.16 5.43 8.5 ]
var: 1.593441638888888
| [0m74       [0m | [0m2.158    [0m | [0m0.01431  [0m | [0m33.88    [0m | [0m0.1316   [0m |
[0.01 0.02 0.03 0.05 0.09 0.13 0.16 0.19 0.2  0.22 0.28 0.36 0.39 0.4
 0.41 0.41 0.44 0.45 0.46 0.48 0.53 0.61 0.66 0.7  0.71 0.75 0.79 0.8
 0.81 0.83 0.84 0.85 0.86 0.88 0.91 0.92 0.95 1.   1.03 1.09 1.2  1.21
 1.21 1.22 1.25 1.26 1.26 1.26 1.3  1.37 1.38 1.4  1.42 1.48 1.49 1.79
 1.85 2.22 2.25 2.77]
var: 0.34425941666666643
| [0m75       [0m | [0m0.8715   [0m | [0m0.1316   [0m | [0m21.44    [0m | [0m1.46     [0m |
[0.55 0.64 0.72 0.78 1.12 1.13 1.14 1.14 1.14 1.24 1.32 1.44 1.44 1.45
 1.48 1.55 1.55 1.56 1.59 1.59 1.59 1.63 1.64 1.65 1.71 1.72 1.78 1.88
 1.94 1.94 1.99 2.05 2.21 2.23 2.27 2.27 2.48 2.49 2.49 2.51 2.51 2.57
 2.68 2.69 2.7  2.75 2.78 2.84 2.87 2.89 2.96 3.24 3.33 3.33 3.48 3.55
 3.55 3.79 3.79 5.28]
var: 0.8394865555555554
| [0m76       [0m | [0m2.144    [0m | [0m0.0184   [0m | [0m33.95    [0m | [0m0.1328   [0m |
[0.56 0.64 0.65 0.67 0.71 0.76 0.76 0.77 0.79 0.83 0.87 0.92 0.93 0.98
 1.01 1.06 1.09 1.14 1.21 1.22 1.23 1.31 1.35 1.36 1.42 1.46 1.47 1.49
 1.51 1.57 1.65 1.68 1.73 1.73 1.78 1.8  1.82 1.88 1.88 1.9  1.96 1.97
 2.02 2.02 2.07 2.14 2.21 2.29 2.32 2.52 2.52 2.54 2.6  2.64 2.67 2.69
 2.75 3.58 3.67 4.9 ]
var: 0.6893514166666664
| [0m77       [0m | [0m1.695    [0m | [0m0.06781  [0m | [0m33.88    [0m | [0m0.1401   [0m |
[0.47 0.48 0.48 0.52 0.52 0.57 0.58 0.6  0.61 0.62 0.68 0.71 0.77 0.78
 0.81 0.83 0.85 0.88 0.88 0.89 1.02 1.12 1.16 1.19 1.2  1.21 1.21 1.23
 1.34 1.36 1.36 1.4  1.41 1.48 1.49 1.51 1.51 1.52 1.62 1.66 1.69 1.69
 1.69 1.79 1.85 1.87 1.89 1.92 1.96 2.   2.04 2.37 2.38 2.47 2.6  3.1
 3.16 3.18 3.28 3.88]
var: 0.6182778888888887
| [0m78       [0m | [0m1.456    [0m | [0m0.2435   [0m | [0m33.74    [0m | [0m0.09904  [0m |
[0.67 0.72 0.94 0.98 1.15 1.18 1.25 1.29 1.36 1.43 1.46 1.53 1.55 1.59
 1.77 1.78 1.86 1.98 2.   2.03 2.11 2.11 2.27 2.28 2.31 2.31 2.45 2.5
 2.5  2.57 2.62 2.72 2.77 2.79 2.8  2.99 3.   3.03 3.08 3.12 3.13 3.18
 3.22 3.24 3.29 3.38 3.39 3.51 3.55 4.03 4.28 4.4  4.5  4.66 4.7  4.73
 5.1  5.65 6.25 6.92]
var: 1.8068606666666673
| [95m79       [0m | [95m2.766    [0m | [95m0.008477 [0m | [95m33.84    [0m | [95m0.06118  [0m |
[0.5  0.6  0.61 0.63 0.65 0.8  0.92 1.23 1.23 1.25 1.31 1.31 1.33 1.47
 1.5  1.57 1.62 1.62 1.7  1.72 1.74 1.75 1.78 1.78 1.86 1.87 1.94 1.96
 2.   2.01 2.16 2.17 2.18 2.26 2.29 2.32 2.34 2.38 2.42 2.45 2.73 2.75
 2.8  2.82 2.84 2.91 2.93 3.12 3.27 3.28 3.37 3.39 3.46 3.56 3.63 3.75
 4.31 4.63 4.66 4.95]
var: 1.1000749722222232
| [0m80       [0m | [0m2.24     [0m | [0m0.01182  [0m | [0m33.79    [0m | [0m0.05098  [0m |
=============================================================
None
num_trials:  40  inits,  40  iters,  60  per
rho:  1.1
pthin:  0.80

Best VPT: 2.766000000000001
Best result: {'a': 0.008477146577315008, 'g': 33.843532712513046, 's': 0.06118266455645959}

KERNEL: nu=1.5, lengthscale=2.0, alpha=0.0005
