|   iter    |  target   |     a     |     g     |     s     |
-------------------------------------------------------------
[0.43 0.54 0.57 0.59 0.64 0.69 0.9  0.91 0.94 0.96 1.01 1.01 1.03 1.04
 1.07 1.08 1.08 1.09 1.11 1.19 1.2  1.21 1.25 1.25 1.28 1.29 1.31 1.36
 1.39 1.39 1.39 1.43 1.45 1.47 1.5  1.52 1.57 1.61 1.63 1.68 1.76 1.78
 1.81 1.82 1.86 1.89 2.02 2.08 2.11 2.18 2.23 2.46 2.52 2.58 2.61 2.68
 3.18 3.29 3.7  3.92]
var: 0.5604412222222226
| [0m1        [0m | [0m1.576    [0m | [0m0.1202   [0m | [0m48.17    [0m | [0m0.08697  [0m |
[0.01 0.04 0.05 0.08 0.11 0.14 0.22 0.24 0.25 0.3  0.38 0.39 0.42 0.44
 0.45 0.52 0.54 0.55 0.57 0.62 0.67 0.68 0.69 0.71 0.72 0.72 0.74 0.75
 0.76 0.76 0.76 0.78 0.79 0.8  0.81 0.81 0.81 0.81 0.83 0.85 0.86 0.86
 0.99 1.   1.03 1.04 1.13 1.15 1.17 1.22 1.24 1.29 1.32 1.4  1.4  1.42
 1.48 1.51 1.56 1.74]
var: 0.17403433333333335
| [0m2        [0m | [0m0.773    [0m | [0m0.2104   [0m | [0m8.624    [0m | [0m2.529    [0m |
[0.28 0.29 0.49 0.56 0.61 0.7  0.73 0.92 0.97 1.04 1.05 1.13 1.16 1.18
 1.18 1.19 1.21 1.27 1.28 1.29 1.3  1.34 1.35 1.38 1.4  1.45 1.47 1.49
 1.5  1.54 1.55 1.62 1.72 1.75 1.85 1.86 1.9  1.9  1.92 1.96 2.05 2.07
 2.08 2.09 2.14 2.16 2.17 2.17 2.21 2.26 2.38 2.39 2.41 2.41 2.49 2.51
 2.61 2.72 3.08 3.09]
var: 0.4310936388888886
| [95m3        [0m | [95m1.638    [0m | [95m0.1929   [0m | [95m32.9     [0m | [95m0.03899  [0m |
[0.   0.01 0.03 0.08 0.09 0.16 0.17 0.22 0.26 0.27 0.28 0.28 0.3  0.35
 0.35 0.44 0.56 0.57 0.63 0.72 0.73 0.76 0.77 0.78 0.79 0.79 0.8  0.81
 0.86 0.92 0.93 0.94 0.94 0.95 0.96 1.05 1.08 1.1  1.25 1.26 1.34 1.4
 1.46 1.61 1.65 1.65 1.65 1.74 1.77 1.77 1.78 1.81 1.91 1.92 1.94 2.1
 2.23 3.   3.3  3.95]
var: 0.6607798888888893
| [0m4        [0m | [0m1.07     [0m | [0m0.051    [0m | [0m24.03    [0m | [0m0.9957   [0m |
[0.   0.06 0.06 0.23 0.25 0.25 0.28 0.31 0.36 0.38 0.46 0.46 0.48 0.51
 0.52 0.56 0.65 0.68 0.7  0.71 0.71 0.72 0.74 0.76 0.77 0.77 0.78 0.78
 0.79 0.8  0.81 0.82 0.85 0.86 0.88 0.88 0.89 0.9  0.91 0.92 0.93 0.94
 0.98 0.98 1.07 1.12 1.13 1.21 1.39 1.39 1.44 1.45 1.57 1.61 1.65 1.7
 1.83 1.92 2.18 2.28]
var: 0.2515698888888886
| [0m5        [0m | [0m0.8837   [0m | [0m0.1926   [0m | [0m11.04    [0m | [0m1.915    [0m |
[0.05 0.08 0.08 0.09 0.09 0.1  0.11 0.12 0.12 0.12 0.14 0.14 0.15 0.17
 0.18 0.2  0.23 0.26 0.27 0.27 0.31 0.33 0.35 0.35 0.35 0.38 0.39 0.42
 0.43 0.5  0.5  0.52 0.53 0.53 0.53 0.58 0.58 0.6  0.65 0.66 0.7  0.72
 0.75 0.77 0.79 0.82 0.93 0.98 1.01 1.01 1.05 1.07 1.14 1.32 1.35 1.46
 1.67 1.87 2.51 2.79]
var: 0.319548083333333
| [0m6        [0m | [0m0.6195   [0m | [0m0.2831   [0m | [0m3.46     [0m | [0m0.5245   [0m |
[0.02 0.04 0.06 0.06 0.07 0.1  0.12 0.13 0.14 0.16 0.3  0.33 0.34 0.37
 0.38 0.42 0.43 0.44 0.45 0.45 0.46 0.47 0.51 0.55 0.57 0.58 0.6  0.67
 0.68 0.73 0.74 0.74 0.76 0.77 0.79 0.84 1.01 1.06 1.08 1.11 1.12 1.14
 1.15 1.16 1.25 1.27 1.35 1.37 1.4  1.41 1.43 1.48 1.49 1.5  1.82 1.83
 2.3  2.66 2.8  4.24]
var: 0.579798333333334
| [0m7        [0m | [0m0.895    [0m | [0m0.02037  [0m | [0m46.71    [0m | [0m1.678    [0m |
[0.13 0.14 0.23 0.59 0.64 0.66 0.69 0.69 0.76 0.83 0.84 1.   1.02 1.03
 1.03 1.08 1.11 1.11 1.16 1.17 1.19 1.22 1.22 1.25 1.26 1.29 1.3  1.36
 1.38 1.39 1.39 1.39 1.39 1.41 1.51 1.54 1.74 1.78 1.8  1.83 1.86 1.91
 1.91 1.94 1.98 2.02 2.1  2.31 2.4  2.47 2.5  2.57 2.63 2.66 2.85 3.16
 3.33 3.4  3.51 3.59]
var: 0.682937638888889
| [0m8        [0m | [0m1.594    [0m | [0m0.1709   [0m | [0m14.8     [0m | [0m0.3188   [0m |
[0.03 0.03 0.08 0.12 0.14 0.14 0.18 0.2  0.21 0.21 0.22 0.23 0.24 0.24
 0.25 0.3  0.35 0.44 0.44 0.45 0.47 0.47 0.53 0.55 0.59 0.71 0.73 0.74
 0.75 0.77 0.77 0.77 0.82 0.83 0.83 0.86 1.02 1.1  1.11 1.13 1.14 1.18
 1.19 1.21 1.33 1.36 1.36 1.37 1.43 1.48 1.49 1.59 1.59 1.6  1.62 1.63
 1.78 1.81 2.26 2.71]
var: 0.3610276666666667
| [0m9        [0m | [0m0.853    [0m | [0m0.1936   [0m | [0m10.89    [0m | [0m2.386    [0m |
[0.   0.01 0.02 0.05 0.06 0.1  0.11 0.14 0.15 0.16 0.23 0.32 0.33 0.41
 0.5  0.51 0.53 0.56 0.59 0.62 0.63 0.64 0.67 0.67 0.73 0.73 0.76 0.78
 0.83 0.85 0.9  0.99 1.02 1.06 1.06 1.09 1.09 1.13 1.16 1.19 1.19 1.3
 1.37 1.38 1.42 1.42 1.51 1.54 1.57 1.57 1.71 1.74 1.78 1.8  1.86 1.87
 1.89 2.02 2.2  2.72]
var: 0.4054673333333332
| [0m10       [0m | [0m0.954    [0m | [0m0.1512   [0m | [0m20.43    [0m | [0m0.7148   [0m |
[0.02 0.03 0.04 0.08 0.08 0.08 0.11 0.14 0.14 0.29 0.31 0.37 0.39 0.43
 0.44 0.45 0.47 0.52 0.52 0.62 0.65 0.66 0.69 0.7  0.72 0.74 0.78 0.79
 0.86 0.87 0.87 0.94 0.94 0.95 0.96 1.   1.03 1.04 1.04 1.04 1.1  1.17
 1.23 1.25 1.36 1.36 1.37 1.39 1.42 1.42 1.42 1.43 1.44 1.45 1.47 1.53
 1.66 1.66 1.92 1.92]
var: 0.26154030555555596
| [0m11       [0m | [0m0.8628   [0m | [0m0.1214   [0m | [0m20.74    [0m | [0m0.8086   [0m |
[0.01 0.04 0.05 0.09 0.1  0.11 0.13 0.13 0.13 0.13 0.16 0.16 0.16 0.17
 0.17 0.18 0.19 0.19 0.19 0.19 0.2  0.2  0.2  0.22 0.24 0.25 0.29 0.29
 0.29 0.38 0.39 0.4  0.42 0.42 0.43 0.44 0.44 0.48 0.49 0.49 0.5  0.51
 0.55 0.61 0.61 0.64 0.68 0.7  0.72 0.73 0.74 0.74 0.75 0.88 0.9  0.99
 1.07 1.11 1.59 1.61]
var: 0.12056363888888885
| [0m12       [0m | [0m0.4378   [0m | [0m0.2073   [0m | [0m1.485    [0m | [0m0.5775   [0m |
[0.02 0.04 0.06 0.09 0.17 0.17 0.18 0.19 0.2  0.2  0.2  0.21 0.23 0.27
 0.32 0.34 0.35 0.43 0.45 0.45 0.47 0.49 0.55 0.55 0.63 0.66 0.69 0.7
 0.74 0.74 0.75 0.76 0.76 0.76 0.77 0.81 0.82 0.82 0.87 0.89 0.95 0.96
 0.97 0.97 0.98 1.   1.01 1.03 1.04 1.07 1.12 1.14 1.15 1.3  1.39 1.4
 1.85 1.91 1.99 2.01]
var: 0.2322673333333329
| [0m13       [0m | [0m0.734    [0m | [0m0.2754   [0m | [0m26.76    [0m | [0m1.832    [0m |
[0.25 0.25 0.39 0.55 0.59 0.63 0.66 0.68 0.7  0.71 0.71 0.74 0.78 0.8
 0.82 0.82 0.83 0.91 0.92 0.95 0.96 1.01 1.05 1.07 1.08 1.09 1.09 1.25
 1.28 1.28 1.28 1.28 1.31 1.33 1.39 1.41 1.41 1.49 1.56 1.57 1.59 1.59
 1.69 1.7  1.8  1.87 1.89 1.96 2.04 2.04 2.14 2.16 2.19 2.48 2.78 2.81
 2.84 3.31 3.35 3.36]
var: 0.5698936388888888
| [0m14       [0m | [0m1.408    [0m | [0m0.2142   [0m | [0m25.97    [0m | [0m0.3434   [0m |
[0.   0.05 0.09 0.1  0.11 0.11 0.13 0.13 0.17 0.19 0.27 0.27 0.29 0.32
 0.39 0.42 0.46 0.47 0.49 0.58 0.61 0.62 0.63 0.64 0.67 0.68 0.69 0.7
 0.76 0.76 0.76 0.76 0.78 0.79 0.83 0.88 0.9  0.93 0.97 1.11 1.14 1.19
 1.2  1.21 1.22 1.27 1.27 1.28 1.34 1.35 1.36 1.36 1.46 1.6  1.64 1.71
 1.91 1.93 2.15 2.26]
var: 0.30895288888888867
| [0m15       [0m | [0m0.8393   [0m | [0m0.2839   [0m | [0m28.05    [0m | [0m2.269    [0m |
[0.01 0.08 0.18 0.28 0.28 0.33 0.39 0.43 0.45 0.5  0.52 0.52 0.53 0.56
 0.58 0.61 0.64 0.64 0.67 0.68 0.7  0.77 0.84 0.85 0.91 0.92 0.94 0.96
 1.01 1.03 1.05 1.09 1.1  1.14 1.21 1.23 1.23 1.25 1.25 1.27 1.3  1.31
 1.36 1.37 1.37 1.4  1.43 1.43 1.53 1.83 1.87 1.87 1.92 1.94 1.97 2.07
 2.08 2.13 2.49 2.58]
var: 0.3614948888888885
| [0m16       [0m | [0m1.081    [0m | [0m0.2046   [0m | [0m20.73    [0m | [0m0.6801   [0m |
[0.   0.01 0.02 0.04 0.04 0.08 0.2  0.23 0.25 0.29 0.32 0.44 0.5  0.56
 0.59 0.59 0.6  0.64 0.66 0.66 0.68 0.68 0.77 0.82 0.83 0.87 0.93 0.94
 0.95 0.99 1.   1.04 1.11 1.11 1.2  1.23 1.23 1.23 1.26 1.28 1.33 1.33
 1.37 1.37 1.38 1.38 1.42 1.49 1.57 1.58 1.65 1.72 1.73 1.79 1.87 1.88
 1.93 2.39 2.4  3.45]
var: 0.4485072222222222
| [0m17       [0m | [0m1.032    [0m | [0m0.2515   [0m | [0m16.4     [0m | [0m1.774    [0m |
[0.   0.04 0.05 0.09 0.16 0.18 0.19 0.24 0.36 0.52 0.56 0.62 0.72 0.72
 0.74 0.78 0.8  0.81 0.83 0.88 0.91 0.92 0.99 1.02 1.09 1.11 1.12 1.13
 1.16 1.18 1.18 1.18 1.23 1.24 1.35 1.36 1.39 1.49 1.5  1.52 1.58 1.64
 1.65 1.66 1.69 1.82 1.83 1.89 1.89 1.95 1.97 1.97 1.99 2.   2.16 2.33
 2.52 2.52 2.55 2.59]
var: 0.4748340000000001
| [0m18       [0m | [0m1.226    [0m | [0m0.03795  [0m | [0m25.35    [0m | [0m0.8728   [0m |
[0.07 0.09 0.18 0.21 0.21 0.25 0.26 0.3  0.39 0.39 0.42 0.43 0.45 0.47
 0.51 0.51 0.55 0.56 0.56 0.57 0.59 0.64 0.66 0.67 0.67 0.68 0.69 0.71
 0.78 0.79 0.86 0.87 0.88 0.89 0.9  0.92 0.94 0.95 0.97 1.02 1.04 1.04
 1.06 1.08 1.09 1.1  1.17 1.2  1.21 1.21 1.3  1.33 1.4  1.42 1.47 1.52
 1.58 1.59 1.8  2.37]
var: 0.20739288888888885
| [0m19       [0m | [0m0.8407   [0m | [0m0.1946   [0m | [0m21.09    [0m | [0m2.685    [0m |
[0.   0.   0.01 0.02 0.03 0.03 0.04 0.06 0.06 0.06 0.09 0.09 0.1  0.11
 0.11 0.15 0.25 0.26 0.3  0.33 0.34 0.39 0.4  0.43 0.45 0.46 0.48 0.49
 0.49 0.5  0.51 0.51 0.51 0.53 0.54 0.55 0.55 0.58 0.58 0.62 0.63 0.66
 0.72 0.76 0.77 0.87 0.89 0.93 0.94 1.01 1.07 1.08 1.22 1.24 1.36 1.37
 1.42 1.58 1.61 1.77]
var: 0.20657830555555518
| [0m20       [0m | [0m0.5652   [0m | [0m0.2963   [0m | [0m36.79    [0m | [0m2.338    [0m |
[0.02 0.02 0.03 0.04 0.06 0.08 0.1  0.11 0.14 0.18 0.2  0.21 0.24 0.31
 0.33 0.34 0.38 0.45 0.47 0.48 0.5  0.52 0.57 0.58 0.59 0.59 0.6  0.61
 0.62 0.66 0.71 0.72 0.73 0.76 0.76 0.78 0.78 0.78 0.8  0.87 0.88 1.
 1.03 1.09 1.1  1.23 1.27 1.31 1.34 1.36 1.36 1.39 1.4  1.41 1.51 1.55
 1.64 1.72 1.89 2.  ]
var: 0.26688222222222213
| [0m21       [0m | [0m0.7533   [0m | [0m0.1981   [0m | [0m27.73    [0m | [0m1.238    [0m |
[0.06 0.07 0.08 0.11 0.17 0.18 0.18 0.2  0.25 0.26 0.33 0.37 0.37 0.37
 0.38 0.38 0.41 0.43 0.45 0.47 0.51 0.53 0.57 0.58 0.59 0.6  0.71 0.73
 0.76 0.8  0.8  0.8  0.82 0.87 0.89 0.93 0.97 0.99 1.07 1.08 1.1  1.13
 1.18 1.26 1.28 1.31 1.34 1.35 1.37 1.37 1.38 1.42 1.51 1.6  1.92 1.94
 2.13 2.78 3.38 3.72]
var: 0.5511227500000001
| [0m22       [0m | [0m0.9265   [0m | [0m0.2112   [0m | [0m36.11    [0m | [0m1.133    [0m |
[0.07 0.2  0.25 0.3  0.35 0.38 0.47 0.47 0.52 0.58 0.61 0.62 0.65 0.65
 0.66 0.7  0.76 0.81 0.83 0.94 0.96 1.03 1.04 1.06 1.07 1.07 1.08 1.09
 1.1  1.13 1.15 1.17 1.17 1.18 1.21 1.22 1.23 1.23 1.24 1.28 1.29 1.31
 1.31 1.34 1.39 1.56 1.57 1.58 1.58 1.81 1.82 1.87 1.92 1.97 2.01 2.11
 2.11 2.78 3.27 4.13]
var: 0.508957888888889
| [0m23       [0m | [0m1.204    [0m | [0m0.2609   [0m | [0m12.96    [0m | [0m0.3748   [0m |
[0.02 0.03 0.03 0.05 0.05 0.14 0.14 0.22 0.3  0.32 0.33 0.35 0.35 0.35
 0.35 0.36 0.38 0.38 0.41 0.41 0.46 0.48 0.53 0.54 0.54 0.55 0.59 0.61
 0.61 0.63 0.64 0.65 0.65 0.67 0.76 0.77 0.77 0.78 0.86 0.88 0.88 0.91
 0.94 0.95 1.05 1.09 1.16 1.17 1.17 1.17 1.18 1.24 1.36 1.4  1.42 1.6
 2.05 2.09 2.15 2.64]
var: 0.3057128888888888
| [0m24       [0m | [0m0.7593   [0m | [0m0.1816   [0m | [0m44.63    [0m | [0m2.141    [0m |
[0.03 0.05 0.07 0.07 0.09 0.13 0.2  0.21 0.22 0.22 0.28 0.28 0.31 0.32
 0.44 0.44 0.51 0.51 0.58 0.58 0.59 0.59 0.62 0.65 0.65 0.66 0.66 0.67
 0.67 0.71 0.73 0.73 0.74 0.74 0.75 0.75 0.78 0.8  0.82 0.83 0.91 0.93
 0.99 1.   1.04 1.12 1.14 1.23 1.25 1.26 1.26 1.26 1.28 1.32 1.39 1.48
 1.79 1.88 1.98 2.05]
var: 0.23541622222222233
| [0m25       [0m | [0m0.7707   [0m | [0m0.124    [0m | [0m17.23    [0m | [0m2.859    [0m |
[0.02 0.02 0.03 0.1  0.18 0.22 0.23 0.3  0.34 0.36 0.36 0.42 0.44 0.46
 0.48 0.51 0.52 0.56 0.65 0.82 0.83 0.84 0.86 0.88 0.92 1.   1.02 1.14
 1.16 1.18 1.23 1.25 1.25 1.36 1.38 1.42 1.49 1.53 1.56 1.6  1.72 1.75
 1.79 1.83 1.86 1.9  2.03 2.04 2.19 2.24 2.3  2.4  2.55 2.72 2.73 3.16
 3.52 3.72 3.8  4.64]
var: 1.0656094166666668
| [0m26       [0m | [0m1.364    [0m | [0m0.0003515[0m | [0m19.73    [0m | [0m2.146    [0m |
[0.   0.02 0.03 0.05 0.06 0.07 0.07 0.11 0.12 0.14 0.18 0.19 0.2  0.23
 0.24 0.25 0.25 0.29 0.29 0.35 0.36 0.38 0.39 0.43 0.43 0.44 0.44 0.49
 0.5  0.51 0.54 0.54 0.54 0.55 0.56 0.58 0.6  0.62 0.62 0.67 0.68 0.69
 0.7  0.71 0.76 0.81 0.81 1.02 1.16 1.18 1.18 1.22 1.22 1.26 1.33 1.36
 1.45 1.47 1.89 2.63]
var: 0.2553412222222222
| [0m27       [0m | [0m0.6143   [0m | [0m0.2293   [0m | [0m40.68    [0m | [0m2.448    [0m |
[0.   0.01 0.02 0.04 0.07 0.09 0.1  0.1  0.11 0.12 0.12 0.2  0.28 0.31
 0.34 0.42 0.44 0.45 0.46 0.47 0.48 0.54 0.58 0.59 0.63 0.64 0.64 0.65
 0.65 0.68 0.68 0.71 0.73 0.73 0.73 0.75 0.75 0.75 0.76 0.76 0.77 0.79
 0.81 0.88 0.91 0.91 0.93 0.98 0.99 1.   1.01 1.03 1.12 1.15 1.23 1.37
 1.48 1.52 1.63 1.96]
var: 0.18286208333333356
| [0m28       [0m | [0m0.6675   [0m | [0m0.1375   [0m | [0m39.25    [0m | [0m2.623    [0m |
[0.   0.04 0.09 0.16 0.23 0.26 0.27 0.3  0.3  0.34 0.48 0.53 0.56 0.57
 0.58 0.6  0.64 0.64 0.68 0.71 0.74 0.77 0.89 0.94 0.95 0.99 1.04 1.05
 1.21 1.24 1.31 1.32 1.36 1.37 1.41 1.42 1.43 1.44 1.47 1.52 1.63 1.64
 1.72 1.72 1.74 1.82 1.93 1.96 1.98 2.08 2.1  2.3  2.52 2.65 2.68 2.68
 2.79 3.15 3.42 4.49]
var: 0.8435909722222215
| [0m29       [0m | [0m1.314    [0m | [0m0.0001884[0m | [0m16.55    [0m | [0m2.602    [0m |
[0.   0.03 0.06 0.06 0.07 0.13 0.13 0.13 0.19 0.19 0.19 0.27 0.3  0.3
 0.34 0.38 0.4  0.41 0.49 0.51 0.52 0.57 0.59 0.62 0.63 0.64 0.65 0.65
 0.66 0.67 0.69 0.72 0.75 0.84 0.84 0.84 0.85 0.87 0.89 0.95 1.08 1.09
 1.1  1.1  1.12 1.12 1.22 1.22 1.29 1.3  1.34 1.37 1.37 1.6  1.74 1.82
 2.04 2.25 2.48 3.01]
var: 0.39313266666666624
| [0m30       [0m | [0m0.828    [0m | [0m0.03148  [0m | [0m45.01    [0m | [0m1.566    [0m |
[0.   0.   0.   0.01 0.01 0.03 0.03 0.04 0.04 0.06 0.08 0.08 0.09 0.1
 0.11 0.15 0.16 0.17 0.26 0.27 0.29 0.3  0.31 0.32 0.35 0.36 0.44 0.49
 0.5  0.51 0.53 0.53 0.59 0.63 0.64 0.67 0.75 0.75 0.76 0.78 0.78 0.79
 0.79 0.81 0.86 0.88 0.89 0.9  0.99 1.04 1.04 1.2  1.27 1.31 1.35 1.49
 1.55 2.3  2.51 4.13]
var: 0.4917703055555561
| [0m31       [0m | [0m0.6512   [0m | [0m0.2509   [0m | [0m41.81    [0m | [0m2.243    [0m |
[0.01 0.05 0.05 0.08 0.13 0.14 0.18 0.21 0.21 0.22 0.23 0.23 0.23 0.24
 0.3  0.33 0.34 0.38 0.4  0.41 0.42 0.42 0.45 0.47 0.47 0.49 0.5  0.52
 0.54 0.56 0.6  0.61 0.62 0.64 0.68 0.68 0.7  0.7  0.7  0.72 0.72 0.77
 0.78 0.83 0.89 0.92 0.98 1.03 1.08 1.12 1.14 1.22 1.31 1.31 1.33 1.35
 1.42 2.04 2.06 2.1 ]
var: 0.23567233333333304
| [0m32       [0m | [0m0.671    [0m | [0m0.09654  [0m | [0m4.114    [0m | [0m1.049    [0m |
[0.15 0.18 0.21 0.28 0.3  0.3  0.4  0.41 0.45 0.52 0.54 0.56 0.56 0.61
 0.61 0.65 0.7  0.77 0.77 0.78 0.79 0.79 0.8  0.81 0.82 0.88 0.95 1.
 1.   1.01 1.02 1.03 1.04 1.05 1.16 1.16 1.21 1.23 1.23 1.26 1.28 1.32
 1.4  1.44 1.45 1.52 1.54 1.56 1.59 1.6  1.71 1.81 1.82 1.88 1.91 2.02
 2.02 2.68 2.97 3.77]
var: 0.4640882222222223
| [0m33       [0m | [0m1.121    [0m | [0m0.1685   [0m | [0m18.61    [0m | [0m1.244    [0m |
[0.   0.02 0.02 0.09 0.16 0.18 0.21 0.28 0.29 0.32 0.33 0.35 0.38 0.41
 0.45 0.45 0.46 0.47 0.47 0.48 0.48 0.49 0.51 0.57 0.61 0.65 0.65 0.66
 0.67 0.68 0.7  0.73 0.73 0.74 0.76 0.77 0.85 0.87 0.91 0.93 0.94 0.98
 0.98 0.99 1.03 1.05 1.08 1.1  1.13 1.15 1.15 1.2  1.21 1.23 1.25 1.3
 1.34 1.35 1.55 1.9 ]
var: 0.16678497222222227
| [0m34       [0m | [0m0.7282   [0m | [0m0.1504   [0m | [0m28.42    [0m | [0m2.627    [0m |
[0.01 0.04 0.05 0.23 0.25 0.26 0.33 0.38 0.43 0.5  0.54 0.56 0.56 0.57
 0.63 0.64 0.66 0.7  0.73 0.74 0.75 0.75 0.76 0.76 0.77 0.79 0.8  0.87
 0.88 0.88 0.94 0.97 0.98 0.99 1.   1.09 1.1  1.14 1.15 1.15 1.23 1.25
 1.25 1.27 1.32 1.47 1.64 1.67 1.81 1.84 1.85 1.9  2.07 2.18 2.2  2.42
 2.45 3.4  3.41 3.8 ]
var: 0.6441628888888893
| [0m35       [0m | [0m1.129    [0m | [0m0.05457  [0m | [0m20.6     [0m | [0m1.512    [0m |
[0.01 0.04 0.05 0.09 0.09 0.11 0.14 0.14 0.17 0.19 0.21 0.22 0.24 0.28
 0.28 0.29 0.3  0.3  0.31 0.32 0.39 0.39 0.41 0.42 0.44 0.44 0.45 0.45
 0.46 0.47 0.47 0.5  0.53 0.53 0.59 0.68 0.72 0.74 0.78 0.82 0.82 0.83
 0.84 0.87 0.91 0.94 1.07 1.1  1.21 1.28 1.34 1.36 1.49 1.53 1.53 1.67
 1.68 1.72 2.16 2.25]
var: 0.29514455555555563
| [0m36       [0m | [0m0.6843   [0m | [0m0.04339  [0m | [0m1.406    [0m | [0m0.4525   [0m |
[0.   0.01 0.04 0.08 0.1  0.15 0.16 0.17 0.18 0.21 0.21 0.27 0.31 0.4
 0.42 0.43 0.51 0.52 0.57 0.57 0.58 0.61 0.62 0.62 0.65 0.69 0.7  0.71
 0.73 0.76 0.77 0.78 0.8  0.83 0.84 0.84 0.85 0.86 0.92 1.   1.   1.
 1.04 1.09 1.1  1.12 1.15 1.16 1.24 1.27 1.31 1.32 1.54 1.57 1.69 1.69
 1.98 2.11 2.67 4.21]
var: 0.4833703055555558
| [0m37       [0m | [0m0.8622   [0m | [0m0.06186  [0m | [0m49.29    [0m | [0m1.913    [0m |
[0.   0.05 0.08 0.1  0.1  0.13 0.14 0.16 0.18 0.2  0.29 0.31 0.33 0.35
 0.38 0.39 0.42 0.44 0.44 0.44 0.45 0.47 0.48 0.5  0.52 0.52 0.55 0.55
 0.57 0.58 0.58 0.59 0.6  0.61 0.61 0.63 0.64 0.65 0.68 0.74 0.74 0.8
 0.81 0.81 0.87 0.91 0.91 0.92 0.95 0.96 0.99 1.05 1.06 1.07 1.1  1.11
 1.21 1.43 1.77 2.47]
var: 0.18205830555555555
| [0m38       [0m | [0m0.6398   [0m | [0m0.2677   [0m | [0m1.997    [0m | [0m0.4628   [0m |
[0.01 0.03 0.06 0.07 0.07 0.08 0.09 0.15 0.16 0.18 0.2  0.21 0.21 0.22
 0.23 0.23 0.27 0.32 0.33 0.34 0.38 0.41 0.42 0.45 0.46 0.46 0.51 0.51
 0.52 0.52 0.54 0.54 0.55 0.59 0.6  0.62 0.63 0.68 0.7  0.71 0.72 0.79
 0.81 0.82 0.84 0.91 0.95 0.99 1.01 1.03 1.08 1.1  1.1  1.13 1.15 1.23
 1.44 1.97 2.07 3.62]
var: 0.3405598888888884
| [0m39       [0m | [0m0.6503   [0m | [0m0.2707   [0m | [0m45.91    [0m | [0m1.196    [0m |
[0.   0.01 0.02 0.02 0.02 0.08 0.09 0.12 0.15 0.17 0.18 0.21 0.22 0.25
 0.3  0.37 0.39 0.43 0.48 0.48 0.48 0.48 0.48 0.5  0.55 0.57 0.59 0.6
 0.62 0.63 0.63 0.69 0.71 0.71 0.74 0.75 0.75 0.76 0.78 0.83 0.83 0.84
 0.84 0.84 0.87 0.9  1.01 1.01 1.04 1.06 1.2  1.23 1.26 1.3  1.3  1.45
 1.5  1.78 2.22 2.61]
var: 0.2713036388888888
| [0m40       [0m | [0m0.6988   [0m | [0m0.04421  [0m | [0m38.87    [0m | [0m2.713    [0m |
[0.04 0.04 0.1  0.16 0.21 0.21 0.23 0.23 0.25 0.27 0.3  0.33 0.35 0.35
 0.41 0.42 0.49 0.51 0.56 0.57 0.57 0.59 0.61 0.63 0.64 0.66 0.69 0.7
 0.7  0.73 0.74 0.78 0.78 0.8  0.85 0.86 0.91 0.92 0.93 1.01 1.06 1.1
 1.11 1.13 1.19 1.23 1.25 1.3  1.3  1.31 1.4  1.48 1.53 1.56 1.62 1.69
 1.82 1.88 1.91 1.91]
var: 0.2576549722222222
| [0m41       [0m | [0m0.8318   [0m | [0m0.1043   [0m | [0m28.77    [0m | [0m1.597    [0m |
[0.   0.01 0.02 0.07 0.15 0.19 0.25 0.25 0.38 0.41 0.42 0.42 0.48 0.49
 0.54 0.55 0.56 0.61 0.62 0.64 0.65 0.65 0.65 0.65 0.68 0.68 0.69 0.71
 0.73 0.73 0.75 0.76 0.76 0.79 0.79 0.81 0.82 0.84 0.89 0.9  0.97 1.01
 1.01 1.04 1.09 1.18 1.21 1.22 1.26 1.29 1.29 1.3  1.33 1.34 1.36 1.41
 1.45 1.48 1.7  1.8 ]
var: 0.17864808333333365
| [0m42       [0m | [0m0.7955   [0m | [0m0.2362   [0m | [0m45.07    [0m | [0m1.141    [0m |
[0.   0.01 0.02 0.02 0.03 0.03 0.03 0.03 0.05 0.07 0.08 0.11 0.11 0.14
 0.17 0.18 0.21 0.22 0.25 0.28 0.31 0.34 0.37 0.39 0.4  0.42 0.46 0.47
 0.48 0.5  0.5  0.52 0.52 0.54 0.6  0.61 0.64 0.68 0.68 0.79 0.79 0.8
 0.86 0.86 0.87 0.89 0.92 1.05 1.06 1.16 1.27 1.3  1.33 1.46 1.46 1.54
 1.59 1.72 1.82 2.88]
var: 0.3243760833333336
| [0m43       [0m | [0m0.6315   [0m | [0m0.07602  [0m | [0m38.19    [0m | [0m2.538    [0m |
[0.55 0.76 0.79 0.8  0.8  0.82 0.9  0.91 0.93 0.95 1.01 1.05 1.06 1.06
 1.07 1.08 1.11 1.15 1.16 1.16 1.22 1.23 1.23 1.28 1.35 1.36 1.37 1.37
 1.44 1.46 1.52 1.52 1.53 1.54 1.54 1.56 1.6  1.62 1.65 1.66 1.67 1.72
 1.74 1.84 1.86 1.88 1.89 1.95 1.95 2.02 2.06 2.11 2.19 2.2  2.3  2.37
 2.37 2.6  2.7  3.56]
var: 0.3148809722222222
| [0m44       [0m | [0m1.519    [0m | [0m0.1905   [0m | [0m33.31    [0m | [0m0.1163   [0m |
[0.08 0.12 0.15 0.16 0.23 0.24 0.28 0.33 0.34 0.37 0.45 0.47 0.57 0.62
 0.63 0.65 0.66 0.73 0.73 0.74 0.74 0.75 0.76 0.76 0.78 0.79 0.8  0.81
 0.85 0.91 0.91 0.94 1.   1.   1.05 1.1  1.13 1.18 1.22 1.23 1.23 1.25
 1.31 1.32 1.34 1.37 1.41 1.46 1.57 1.59 1.65 1.71 1.77 1.78 1.79 1.83
 1.89 1.91 2.35 2.82]
var: 0.3324749722222223
| [0m45       [0m | [0m1.01     [0m | [0m0.04961  [0m | [0m4.414    [0m | [0m0.5069   [0m |
[0.09 0.13 0.18 0.2  0.29 0.31 0.37 0.37 0.39 0.41 0.48 0.49 0.53 0.54
 0.59 0.6  0.62 0.62 0.63 0.65 0.65 0.68 0.68 0.71 0.77 0.83 0.84 0.87
 0.89 0.92 0.95 1.   1.   1.01 1.05 1.06 1.09 1.09 1.13 1.15 1.19 1.19
 1.21 1.22 1.28 1.36 1.39 1.45 1.49 1.52 1.54 1.55 1.59 1.64 1.65 1.88
 2.27 2.5  3.57 4.31]
var: 0.5490312222222224
| [0m46       [0m | [0m1.044    [0m | [0m0.2938   [0m | [0m34.89    [0m | [0m0.4424   [0m |
[0.   0.06 0.09 0.11 0.13 0.14 0.14 0.14 0.14 0.19 0.2  0.21 0.27 0.29
 0.29 0.29 0.32 0.41 0.46 0.46 0.54 0.57 0.59 0.63 0.65 0.66 0.66 0.67
 0.68 0.69 0.7  0.71 0.72 0.73 0.79 0.79 0.8  0.83 0.88 0.89 0.94 0.98
 1.01 1.09 1.19 1.24 1.25 1.32 1.51 1.61 1.64 1.65 1.7  1.76 1.81 1.99
 2.17 2.26 2.27 2.52]
var: 0.4040347499999999
| [0m47       [0m | [0m0.8405   [0m | [0m0.08143  [0m | [0m35.41    [0m | [0m2.09     [0m |
[0.   0.02 0.05 0.08 0.28 0.3  0.33 0.34 0.34 0.35 0.36 0.4  0.41 0.41
 0.46 0.46 0.48 0.53 0.54 0.56 0.58 0.59 0.62 0.67 0.69 0.71 0.85 0.89
 0.9  1.09 1.09 1.16 1.17 1.21 1.21 1.23 1.32 1.33 1.34 1.36 1.39 1.47
 1.48 1.51 1.53 1.54 1.71 1.76 1.78 1.81 1.81 1.87 2.   2.1  2.11 2.12
 2.24 2.34 2.66 2.76]
var: 0.4934438888888885
| [0m48       [0m | [0m1.078    [0m | [0m0.06309  [0m | [0m27.62    [0m | [0m0.8618   [0m |
[0.06 0.1  0.12 0.13 0.3  0.31 0.31 0.38 0.41 0.44 0.46 0.55 0.55 0.56
 0.58 0.63 0.69 0.7  0.74 0.75 0.82 0.84 0.88 0.9  0.92 0.92 0.94 0.98
 0.98 1.01 1.04 1.04 1.05 1.17 1.18 1.19 1.33 1.34 1.34 1.44 1.47 1.47
 1.49 1.5  1.51 1.59 1.66 1.74 1.75 1.77 1.79 1.83 1.86 1.88 1.94 2.26
 2.51 2.62 2.64 3.37]
var: 0.4814514166666654
| [0m49       [0m | [0m1.146    [0m | [0m0.1282   [0m | [0m32.86    [0m | [0m0.4684   [0m |
[0.   0.02 0.04 0.05 0.09 0.11 0.17 0.19 0.27 0.35 0.38 0.38 0.38 0.45
 0.48 0.57 0.59 0.66 0.68 0.7  0.71 0.72 0.74 0.77 0.79 0.79 0.81 0.84
 0.97 1.01 1.04 1.05 1.16 1.18 1.25 1.32 1.36 1.39 1.45 1.47 1.48 1.5
 1.52 1.55 1.57 1.61 1.71 1.8  1.9  1.9  1.91 2.01 2.16 2.36 2.38 2.42
 2.43 2.57 2.84 3.59]
var: 0.6385083055555556
| [0m50       [0m | [0m1.143    [0m | [0m0.01795  [0m | [0m30.0     [0m | [0m1.637    [0m |
[0.1  0.11 0.13 0.14 0.16 0.24 0.29 0.38 0.43 0.48 0.5  0.51 0.55 0.57
 0.61 0.61 0.64 0.64 0.69 0.69 0.76 0.76 0.77 0.8  0.83 0.85 0.88 0.89
 0.91 0.92 0.92 0.97 0.98 1.08 1.1  1.1  1.12 1.13 1.15 1.22 1.26 1.26
 1.29 1.3  1.31 1.32 1.34 1.39 1.49 1.49 1.52 1.54 1.64 1.64 1.71 1.95
 2.06 2.07 2.41 3.12]
var: 0.345356
| [0m51       [0m | [0m1.012    [0m | [0m0.2258   [0m | [0m14.39    [0m | [0m0.515    [0m |
[0.   0.01 0.02 0.06 0.06 0.19 0.2  0.26 0.33 0.34 0.37 0.37 0.39 0.44
 0.46 0.63 0.64 0.65 0.65 0.69 0.71 0.76 0.78 0.81 0.83 0.85 0.86 0.88
 0.88 1.14 1.22 1.25 1.34 1.35 1.39 1.45 1.52 1.58 1.59 1.71 1.73 1.76
 1.87 1.9  1.99 2.05 2.06 2.11 2.18 2.24 2.27 2.29 2.29 2.36 2.39 2.46
 2.54 2.63 3.04 3.82]
var: 0.7714762222222225
| [0m52       [0m | [0m1.261    [0m | [0m0.006262 [0m | [0m25.62    [0m | [0m1.295    [0m |
[0.37 0.57 0.59 0.61 0.63 0.64 0.65 0.79 0.82 0.85 0.87 0.87 0.9  0.95
 1.   1.11 1.16 1.27 1.29 1.31 1.31 1.37 1.44 1.52 1.55 1.56 1.62 1.65
 1.69 1.71 1.76 1.79 1.87 1.92 1.93 1.96 1.98 2.   2.1  2.13 2.16 2.19
 2.32 2.37 2.4  2.47 2.52 2.57 2.59 2.61 2.64 2.83 2.92 3.01 3.08 3.85
 4.51 4.9  5.37 7.37]
var: 1.5654927499999987
| [95m53       [0m | [95m1.946    [0m | [95m0.06359  [0m | [95m15.1     [0m | [95m0.1633   [0m |
[0.4  0.41 0.44 0.45 0.62 0.64 0.66 0.7  0.72 0.74 0.77 0.77 0.78 0.81
 0.88 0.92 0.92 0.94 0.99 1.05 1.06 1.08 1.09 1.1  1.14 1.16 1.17 1.19
 1.25 1.26 1.29 1.3  1.31 1.31 1.32 1.33 1.35 1.38 1.41 1.43 1.46 1.48
 1.49 1.6  1.6  1.72 1.75 1.8  1.87 1.9  1.94 1.96 1.97 1.98 2.01 2.07
 2.16 2.41 2.64 2.72]
var: 0.29567363888888865
| [0m54       [0m | [0m1.301    [0m | [0m0.3      [0m | [0m15.3     [0m | [0m0.04125  [0m |
[0.04 0.06 0.07 0.08 0.11 0.11 0.25 0.26 0.27 0.29 0.32 0.33 0.34 0.35
 0.36 0.38 0.39 0.44 0.44 0.44 0.45 0.51 0.51 0.52 0.55 0.59 0.65 0.79
 0.88 0.89 0.91 0.97 0.99 1.01 1.05 1.06 1.1  1.11 1.11 1.21 1.28 1.3
 1.34 1.53 1.64 1.72 1.72 1.76 1.82 1.95 1.97 1.97 2.17 2.24 2.36 2.57
 2.63 3.12 3.64 9.38]
var: 1.810637222222223
| [0m55       [0m | [0m1.172    [0m | [0m1e-08    [0m | [0m14.94    [0m | [0m0.01612  [0m |
[0.12 0.15 0.24 0.38 0.4  0.45 0.46 0.51 0.53 0.61 0.63 0.66 0.67 0.71
 0.71 0.72 0.72 0.75 0.77 0.88 0.89 0.96 1.01 1.04 1.07 1.1  1.11 1.13
 1.22 1.28 1.32 1.34 1.39 1.47 1.49 1.53 1.58 1.59 1.66 1.67 1.74 1.81
 1.84 1.88 1.92 1.94 2.07 2.14 2.17 2.19 2.21 2.42 2.45 2.48 2.53 2.86
 2.9  3.05 3.29 3.44]
var: 0.6689276388888891
| [0m56       [0m | [0m1.404    [0m | [0m0.1803   [0m | [0m15.08    [0m | [0m0.3788   [0m |
[0.11 0.14 0.25 0.48 0.52 0.55 0.55 0.56 0.59 0.77 0.91 1.   1.02 1.03
 1.05 1.06 1.1  1.13 1.21 1.24 1.27 1.33 1.34 1.47 1.49 1.55 1.62 1.65
 1.66 1.67 1.7  1.72 1.79 1.8  1.91 1.91 1.93 1.95 1.96 1.98 2.01 2.05
 2.14 2.16 2.28 2.3  2.34 2.37 2.43 2.45 2.51 2.53 2.63 2.66 2.69 2.73
 2.84 2.95 4.   4.16]
var: 0.7261788888888888
| [0m57       [0m | [0m1.687    [0m | [0m0.05833  [0m | [0m15.18    [0m | [0m0.1464   [0m |
[0.24 0.42 0.47 0.52 0.69 0.73 0.78 0.79 0.95 1.05 1.09 1.13 1.19 1.26
 1.32 1.46 1.61 1.76 1.82 1.98 2.01 2.08 2.09 2.12 2.16 2.19 2.21 2.23
 2.36 2.43 2.45 2.51 2.57 2.66 2.69 2.69 2.69 2.77 2.95 2.97 3.09 3.16
 3.25 3.34 3.35 3.39 3.53 3.71 3.75 3.85 3.86 4.18 4.2  4.28 4.32 4.41
 4.59 4.87 5.32 5.68]
var: 1.7152198888888888
| [95m58       [0m | [95m2.504    [0m | [95m0.002896 [0m | [95m17.15    [0m | [95m0.51     [0m |
[0.   0.03 0.06 0.09 0.12 0.12 0.17 0.22 0.26 0.37 0.4  0.45 0.5  0.52
 0.53 0.54 0.58 0.66 0.67 0.7  0.71 0.74 0.74 0.74 0.78 0.81 0.83 0.85
 0.88 0.9  0.9  0.92 0.93 0.93 0.98 1.   1.   1.01 1.01 1.04 1.04 1.08
 1.09 1.13 1.13 1.19 1.24 1.31 1.31 1.31 1.36 1.4  1.41 1.45 1.5  1.52
 1.54 1.97 2.14 2.47]
var: 0.25896600000000003
| [0m59       [0m | [0m0.888    [0m | [0m0.1042   [0m | [0m26.06    [0m | [0m2.083    [0m |
[0.62 0.62 0.63 0.67 0.7  0.75 0.8  0.83 0.85 0.87 0.87 0.88 0.95 1.02
 1.04 1.05 1.06 1.13 1.17 1.32 1.4  1.4  1.42 1.45 1.46 1.54 1.57 1.69
 1.75 1.76 1.84 1.99 1.99 2.04 2.25 2.29 2.29 2.44 2.46 2.52 2.58 2.63
 2.72 2.72 2.75 2.79 2.84 2.9  3.01 3.11 3.2  3.26 3.67 3.87 3.9  4.14
 4.17 4.21 4.99 5.07]
var: 1.3408849722222216
| [0m60       [0m | [0m2.065    [0m | [0m0.0548   [0m | [0m17.21    [0m | [0m0.3796   [0m |
[0.02 0.07 0.07 0.07 0.12 0.12 0.14 0.15 0.17 0.17 0.18 0.18 0.18 0.19
 0.2  0.23 0.24 0.24 0.31 0.33 0.34 0.35 0.36 0.37 0.38 0.39 0.39 0.4
 0.41 0.46 0.46 0.52 0.52 0.52 0.55 0.57 0.59 0.6  0.66 0.69 0.7  0.71
 0.71 0.77 0.81 0.83 0.84 0.88 0.88 0.92 0.95 1.06 1.07 1.13 1.23 1.26
 1.42 1.52 1.94 2.  ]
var: 0.19575455555555574
| [0m61       [0m | [0m0.5757   [0m | [0m0.1821   [0m | [0m47.46    [0m | [0m2.996    [0m |
[0.02 0.03 0.17 0.17 0.23 0.23 0.23 0.26 0.38 0.58 0.59 0.69 0.71 0.75
 0.81 0.83 0.83 0.85 0.86 0.87 0.92 0.93 0.96 0.97 0.99 1.02 1.07 1.07
 1.09 1.13 1.13 1.16 1.21 1.23 1.24 1.32 1.32 1.34 1.68 1.74 1.74 1.82
 1.86 1.86 1.88 1.92 2.03 2.15 2.17 2.17 2.41 2.54 2.58 2.7  2.91 2.93
 2.98 3.19 3.47 3.85]
var: 0.8194247499999996
| [0m62       [0m | [0m1.38     [0m | [0m0.04407  [0m | [0m15.44    [0m | [0m1.357    [0m |
[0.35 0.38 0.39 0.4  0.64 0.64 0.64 0.7  0.7  0.74 0.77 0.8  0.8  0.81
 0.82 0.9  0.91 0.92 0.92 0.92 0.94 0.96 0.97 0.99 1.01 1.02 1.08 1.1
 1.13 1.14 1.17 1.27 1.27 1.33 1.43 1.46 1.47 1.48 1.5  1.53 1.55 1.57
 1.62 1.62 1.63 1.65 1.67 1.75 1.76 1.88 1.94 2.03 2.11 2.17 2.43 2.58
 2.77 3.51 3.57 4.16]
var: 0.5914169722222218
| [0m63       [0m | [0m1.373    [0m | [0m0.2104   [0m | [0m23.39    [0m | [0m0.3666   [0m |
[0.05 0.14 0.36 0.46 0.5  0.58 0.61 0.64 0.65 0.65 0.71 0.74 0.75 0.76
 0.82 0.82 0.84 0.86 0.88 0.88 0.89 0.92 0.93 0.93 0.95 1.01 1.04 1.06
 1.07 1.11 1.17 1.23 1.24 1.25 1.25 1.26 1.29 1.42 1.43 1.44 1.54 1.57
 1.59 1.61 1.62 1.64 1.7  1.75 1.79 1.79 1.91 1.93 2.05 2.23 2.59 2.61
 2.96 3.03 3.05 6.77]
var: 0.9412215555555565
| [0m64       [0m | [0m1.355    [0m | [0m0.06622  [0m | [0m17.05    [0m | [0m0.5419   [0m |
[0.07 0.16 0.2  0.2  0.22 0.26 0.35 0.36 0.37 0.44 0.45 0.45 0.45 0.49
 0.5  0.51 0.55 0.62 0.69 0.69 0.71 0.73 0.76 0.83 0.84 0.92 0.99 1.
 1.04 1.19 1.25 1.25 1.26 1.29 1.31 1.35 1.35 1.36 1.4  1.42 1.45 1.5
 1.69 1.93 1.97 2.01 2.11 2.25 2.26 2.3  2.32 2.44 2.44 2.46 2.74 3.02
 3.02 3.57 5.02 7.56]
var: 1.5684045555555561
| [0m65       [0m | [0m1.406    [0m | [0m1e-08    [0m | [0m17.22    [0m | [0m0.5003   [0m |
[0.1  0.34 0.39 0.55 0.74 0.74 0.76 0.77 0.79 0.98 1.16 1.16 1.18 1.2
 1.23 1.24 1.24 1.25 1.25 1.3  1.3  1.31 1.32 1.32 1.36 1.4  1.44 1.51
 1.54 1.67 1.78 1.8  1.88 1.92 1.94 1.98 1.99 2.08 2.11 2.12 2.13 2.21
 2.22 2.25 2.26 2.3  2.31 2.4  2.46 2.54 2.56 2.57 2.61 2.74 2.74 2.76
 2.76 3.1  3.63 5.7 ]
var: 0.8062916388888886
| [0m66       [0m | [0m1.773    [0m | [0m0.2255   [0m | [0m9.096    [0m | [0m0.123    [0m |
[0.16 0.43 0.46 0.57 0.64 0.65 0.66 0.67 0.71 0.74 0.77 0.78 0.83 0.86
 0.96 1.03 1.17 1.18 1.19 1.33 1.34 1.37 1.43 1.44 1.45 1.46 1.46 1.51
 1.56 1.61 1.64 1.66 1.71 1.71 1.72 1.73 1.78 1.9  1.91 1.95 1.96 2.18
 2.24 2.32 2.35 2.41 2.68 2.71 2.93 3.04 3.08 3.12 3.56 3.91 4.17 4.22
 5.13 5.37 5.82 5.89]
var: 1.7796165555555554
| [0m67       [0m | [0m1.954    [0m | [0m0.02716  [0m | [0m17.09    [0m | [0m0.4901   [0m |
[0.1  0.71 0.74 0.76 0.76 0.82 0.86 0.88 0.91 0.91 0.98 1.16 1.18 1.23
 1.29 1.3  1.33 1.35 1.38 1.42 1.46 1.47 1.48 1.48 1.48 1.48 1.57 1.58
 1.64 1.73 1.76 1.84 1.85 1.92 1.92 1.99 1.99 2.04 2.11 2.13 2.13 2.17
 2.18 2.2  2.21 2.39 2.46 2.51 2.52 2.55 2.69 2.81 2.96 3.   3.21 3.36
 3.37 3.56 4.15 4.71]
var: 0.7865936388888882
| [0m68       [0m | [0m1.869    [0m | [0m0.02337  [0m | [0m17.13    [0m | [0m0.371    [0m |
[0.24 0.32 0.7  0.71 0.73 0.82 0.85 0.9  0.9  0.91 1.06 1.13 1.14 1.16
 1.23 1.28 1.28 1.29 1.33 1.39 1.4  1.46 1.46 1.48 1.5  1.53 1.57 1.63
 1.68 1.7  1.74 1.78 1.81 1.85 1.87 1.89 1.91 1.92 1.92 1.96 1.96 2.11
 2.18 2.21 2.22 2.24 2.27 2.28 2.31 2.42 2.43 2.58 2.62 2.65 2.79 3.02
 3.3  3.4  3.96 4.07]
var: 0.6334076388888884
| [0m69       [0m | [0m1.774    [0m | [0m0.06215  [0m | [0m17.08    [0m | [0m0.413    [0m |
[0.05 0.23 0.25 0.29 0.32 0.37 0.45 0.55 0.57 0.67 0.69 0.77 0.8  0.86
 0.99 1.04 1.07 1.21 1.21 1.23 1.28 1.38 1.38 1.38 1.41 1.42 1.52 1.57
 1.59 1.6  1.62 1.65 1.66 1.75 1.77 1.82 1.93 1.95 1.96 2.26 2.31 2.4
 2.41 2.44 2.46 2.56 2.69 2.7  2.73 2.74 2.76 2.89 2.95 3.26 3.28 3.57
 4.01 4.04 4.11 4.85]
var: 1.1740348888888879
| [0m70       [0m | [0m1.795    [0m | [0m0.0331   [0m | [0m17.1     [0m | [0m0.5326   [0m |
[0.   0.04 0.07 0.09 0.09 0.12 0.13 0.14 0.18 0.28 0.28 0.35 0.36 0.36
 0.42 0.42 0.44 0.47 0.48 0.52 0.56 0.57 0.57 0.57 0.57 0.58 0.61 0.65
 0.68 0.71 0.72 0.72 0.76 0.79 0.81 0.83 0.85 0.89 0.89 0.96 1.01 1.06
 1.09 1.09 1.1  1.11 1.16 1.17 1.17 1.24 1.26 1.28 1.3  1.3  1.39 1.53
 1.73 1.95 2.   2.76]
var: 0.2855369722222225
| [0m71       [0m | [0m0.7872   [0m | [0m0.1728   [0m | [0m25.84    [0m | [0m2.553    [0m |
[0.14 0.34 0.37 0.41 0.49 0.49 0.54 0.63 0.65 0.7  0.72 0.85 0.85 0.86
 0.87 0.91 0.91 0.94 0.96 1.01 1.03 1.05 1.08 1.09 1.19 1.22 1.25 1.3
 1.35 1.39 1.39 1.46 1.48 1.53 1.55 1.56 1.61 1.65 1.73 1.74 1.78 1.78
 1.82 1.83 1.85 1.92 2.15 2.26 2.4  2.43 2.44 2.49 2.59 2.63 2.66 2.73
 2.81 3.09 3.24 3.4 ]
var: 0.6199449722222223
| [0m72       [0m | [0m1.493    [0m | [0m0.04731  [0m | [0m17.05    [0m | [0m0.5102   [0m |
[0.   0.   0.01 0.02 0.04 0.07 0.09 0.1  0.11 0.22 0.29 0.3  0.33 0.35
 0.37 0.38 0.44 0.46 0.47 0.5  0.54 0.56 0.56 0.57 0.63 0.65 0.65 0.68
 0.71 0.71 0.73 0.75 0.78 0.78 0.8  0.85 0.88 0.88 0.9  1.02 1.03 1.09
 1.16 1.19 1.25 1.3  1.38 1.41 1.45 1.48 1.5  1.52 1.52 1.56 1.82 1.82
 1.83 2.13 2.14 2.15]
var: 0.34379163888888936
| [0m73       [0m | [0m0.8318   [0m | [0m0.2219   [0m | [0m28.02    [0m | [0m2.092    [0m |
[0.03 0.03 0.07 0.09 0.1  0.11 0.18 0.25 0.27 0.29 0.29 0.33 0.34 0.35
 0.38 0.4  0.41 0.41 0.45 0.45 0.5  0.5  0.5  0.52 0.54 0.57 0.62 0.62
 0.67 0.7  0.72 0.76 0.83 0.88 0.91 0.93 0.98 1.02 1.03 1.05 1.1  1.13
 1.13 1.13 1.13 1.14 1.16 1.22 1.29 1.32 1.33 1.36 1.37 1.42 1.44 1.57
 1.84 2.02 2.37 2.51]
var: 0.31171455555555533
| [0m74       [0m | [0m0.8177   [0m | [0m0.06861  [0m | [0m31.02    [0m | [0m2.93     [0m |
[0.01 0.02 0.08 0.09 0.13 0.13 0.16 0.17 0.18 0.18 0.18 0.19 0.19 0.21
 0.21 0.24 0.25 0.29 0.32 0.32 0.36 0.38 0.41 0.43 0.44 0.46 0.46 0.52
 0.52 0.52 0.53 0.53 0.55 0.55 0.56 0.56 0.57 0.57 0.58 0.59 0.6  0.6
 0.61 0.61 0.63 0.64 0.65 0.67 0.68 0.69 0.69 0.75 0.76 0.85 0.94 1.02
 1.03 1.08 1.31 5.85]
var: 0.5475705555555557
| [0m75       [0m | [0m0.5717   [0m | [0m0.2473   [0m | [0m1.445    [0m | [0m2.285    [0m |
[0.   0.26 0.29 0.32 0.33 0.38 0.42 0.43 0.49 0.5  0.51 0.55 0.59 0.6
 0.61 0.63 0.69 0.75 0.78 0.82 0.86 0.89 1.03 1.05 1.07 1.1  1.11 1.13
 1.14 1.16 1.19 1.22 1.34 1.35 1.37 1.4  1.53 1.55 1.59 1.59 1.7  1.73
 1.74 1.76 1.85 1.87 1.93 1.95 2.   2.03 2.06 2.07 2.23 2.43 2.51 3.06
 3.18 3.32 3.55 4.13]
var: 0.7703093333333338
| [0m76       [0m | [0m1.362    [0m | [0m1e-08    [0m | [0m17.14    [0m | [0m0.465    [0m |
[0.06 0.14 0.14 0.15 0.15 0.17 0.17 0.17 0.18 0.39 0.43 0.44 0.49 0.49
 0.53 0.54 0.55 0.57 0.61 0.63 0.65 0.7  0.72 0.75 0.75 0.75 0.8  0.83
 0.87 0.88 0.88 0.9  0.9  0.94 0.94 0.95 0.95 0.97 0.97 0.97 1.03 1.11
 1.13 1.14 1.15 1.15 1.19 1.19 1.2  1.24 1.24 1.24 1.25 1.26 1.31 1.32
 1.36 1.43 2.35 5.11]
var: 0.4806836388888886
| [0m77       [0m | [0m0.8912   [0m | [0m0.2512   [0m | [0m14.71    [0m | [0m1.956    [0m |
[0.39 0.44 0.65 0.68 0.7  0.76 0.77 0.78 0.87 0.91 1.08 1.09 1.09 1.13
 1.16 1.18 1.22 1.28 1.31 1.32 1.32 1.35 1.37 1.41 1.44 1.47 1.5  1.52
 1.53 1.6  1.61 1.62 1.63 1.65 1.66 1.79 1.83 1.9  1.96 2.02 2.03 2.04
 2.04 2.08 2.08 2.09 2.09 2.1  2.33 2.37 2.39 2.48 2.51 2.56 2.71 2.74
 3.71 4.02 4.07 4.74]
var: 0.745780305555556
| [0m78       [0m | [0m1.736    [0m | [0m0.05259  [0m | [0m17.25    [0m | [0m0.4058   [0m |
[0.   0.02 0.03 0.03 0.05 0.08 0.1  0.12 0.16 0.22 0.23 0.28 0.3  0.3
 0.32 0.33 0.34 0.36 0.36 0.48 0.52 0.58 0.59 0.59 0.66 0.72 0.73 0.75
 0.77 0.8  0.81 0.83 0.88 0.89 0.94 0.99 1.02 1.02 1.02 1.03 1.03 1.05
 1.09 1.13 1.14 1.2  1.21 1.23 1.3  1.37 1.4  1.46 1.49 1.63 1.8  1.84
 1.89 1.94 2.48 2.51]
var: 0.36114955555555545
| [0m79       [0m | [0m0.8407   [0m | [0m0.02536  [0m | [0m34.19    [0m | [0m2.111    [0m |
[0.51 0.55 0.62 0.65 0.67 0.7  0.74 0.75 0.77 1.02 1.08 1.21 1.25 1.26
 1.3  1.3  1.32 1.37 1.37 1.38 1.39 1.4  1.45 1.46 1.5  1.55 1.58 1.65
 1.68 1.69 1.76 1.76 1.79 1.79 1.83 1.83 1.86 1.87 1.92 1.98 1.98 1.99
 1.99 2.01 2.03 2.08 2.1  2.17 2.17 2.19 2.25 2.37 2.39 2.84 2.9  2.91
 3.08 3.58 3.67 3.92]
var: 0.5614598888888888
| [0m80       [0m | [0m1.736    [0m | [0m0.07893  [0m | [0m15.05    [0m | [0m0.1851   [0m |
=============================================================
None
num_trials:  40  inits,  40  iters,  60  per
rho:  5
pthin:  0.99

Best VPT: 2.503666666666668
Best result: {'a': 0.0028958540584047977, 'g': 17.14565776834456, 's': 0.5100317836482792}

KERNEL: nu=1.5, lengthscale=2.0, alpha=0.0005
