|   iter    |  target   |     a     |     g     |     s     |
-------------------------------------------------------------
[0.   0.01 0.03 0.04 0.04 0.04 0.04 0.06 0.06 0.1  0.1  0.16 0.17 0.19
 0.2  0.23 0.27 0.36 0.39 0.44 0.44 0.45 0.52 0.53 0.53 0.53 0.55 0.57
 0.58 0.64 0.67 0.7  0.71 0.73 0.73 0.75 0.76 0.79 0.81 0.83 0.9  0.93
 0.93 0.94 0.97 1.03 1.04 1.06 1.09 1.16 1.19 1.19 1.28 1.32 1.36 1.42
 1.52 1.59 1.9  2.4 ]
var: 0.2623803055555554
| [0m1        [0m | [0m0.6828   [0m | [0m0.2083   [0m | [0m41.37    [0m | [0m2.031    [0m |
[0.1  0.17 0.18 0.2  0.22 0.22 0.26 0.29 0.35 0.35 0.36 0.39 0.39 0.4
 0.4  0.46 0.46 0.46 0.47 0.49 0.52 0.52 0.54 0.55 0.59 0.59 0.62 0.64
 0.66 0.67 0.67 0.74 0.75 0.78 0.8  0.8  0.84 0.85 0.86 0.92 0.96 0.98
 1.03 1.05 1.07 1.1  1.15 1.2  1.2  1.24 1.26 1.32 1.33 1.39 1.65 1.8
 1.87 2.17 2.93 2.98]
var: 0.353551638888889
| [95m2        [0m | [95m0.8368   [0m | [95m0.2913   [0m | [95m8.024    [0m | [95m1.807    [0m |
[0.02 0.08 0.11 0.13 0.16 0.21 0.21 0.24 0.25 0.34 0.36 0.42 0.42 0.5
 0.51 0.55 0.61 0.63 0.63 0.64 0.66 0.67 0.67 0.67 0.69 0.7  0.72 0.72
 0.72 0.73 0.74 0.74 0.75 0.78 0.8  0.83 0.85 0.87 0.89 0.96 0.97 1.01
 1.04 1.09 1.09 1.12 1.12 1.17 1.19 1.21 1.29 1.37 1.44 1.72 1.83 1.87
 1.88 1.91 2.21 2.6 ]
var: 0.2903983055555551
| [95m3        [0m | [95m0.8552   [0m | [95m0.2401   [0m | [95m15.16    [0m | [95m1.846    [0m |
[0.   0.   0.02 0.02 0.03 0.03 0.05 0.05 0.06 0.06 0.11 0.11 0.14 0.17
 0.27 0.3  0.32 0.32 0.32 0.35 0.38 0.4  0.4  0.47 0.48 0.49 0.51 0.52
 0.55 0.57 0.58 0.58 0.63 0.64 0.64 0.67 0.67 0.67 0.67 0.71 0.72 0.76
 0.78 0.79 0.79 0.87 0.9  0.96 1.04 1.08 1.14 1.19 1.2  1.21 1.22 1.28
 1.29 1.59 1.75 1.76]
var: 0.200551555555555
| [0m4        [0m | [0m0.6047   [0m | [0m0.1825   [0m | [0m34.15    [0m | [0m2.63     [0m |
[0.   0.   0.01 0.02 0.03 0.05 0.05 0.07 0.11 0.11 0.12 0.13 0.14 0.19
 0.2  0.29 0.3  0.34 0.39 0.42 0.43 0.48 0.49 0.56 0.58 0.61 0.61 0.62
 0.69 0.7  0.7  0.71 0.74 0.77 0.85 0.91 0.95 0.98 0.98 1.   1.04 1.11
 1.13 1.14 1.16 1.17 1.17 1.18 1.25 1.26 1.27 1.3  1.3  1.32 1.39 1.44
 1.47 1.74 1.76 3.67]
var: 0.38409
| [0m5        [0m | [0m0.76     [0m | [0m0.2746   [0m | [0m30.17    [0m | [0m1.205    [0m |
[0.01 0.06 0.06 0.06 0.08 0.1  0.11 0.16 0.16 0.2  0.2  0.21 0.21 0.22
 0.24 0.24 0.24 0.26 0.26 0.26 0.28 0.32 0.32 0.32 0.33 0.33 0.34 0.37
 0.38 0.39 0.45 0.46 0.47 0.52 0.52 0.54 0.54 0.56 0.56 0.57 0.59 0.62
 0.63 0.64 0.66 0.66 0.7  0.7  0.7  0.71 0.72 0.73 0.79 0.82 0.86 0.95
 1.22 1.26 1.51 1.54]
var: 0.11181266666666648
| [0m6        [0m | [0m0.482    [0m | [0m0.08713  [0m | [0m0.7192   [0m | [0m0.4894   [0m |
[0.   0.   0.03 0.03 0.09 0.12 0.14 0.17 0.19 0.2  0.25 0.27 0.27 0.28
 0.29 0.32 0.35 0.35 0.41 0.49 0.5  0.55 0.56 0.58 0.59 0.63 0.65 0.66
 0.68 0.69 0.74 0.76 0.8  0.8  0.84 0.87 0.87 0.92 0.92 0.93 0.96 0.97
 0.97 1.01 1.02 1.04 1.09 1.1  1.17 1.21 1.25 1.25 1.33 1.33 1.38 1.67
 1.75 1.99 2.25 2.35]
var: 0.28765155555555544
| [0m7        [0m | [0m0.7647   [0m | [0m0.1823   [0m | [0m34.02    [0m | [0m2.699    [0m |
[0.1  0.13 0.17 0.26 0.35 0.43 0.68 0.68 0.7  0.72 0.72 0.72 0.72 0.75
 0.85 0.88 0.88 0.93 0.95 0.98 0.98 1.01 1.02 1.02 1.04 1.06 1.08 1.1
 1.11 1.16 1.17 1.21 1.24 1.24 1.36 1.37 1.43 1.47 1.49 1.54 1.66 1.69
 1.71 1.74 1.76 1.76 1.81 1.84 1.85 1.96 2.07 2.16 2.3  2.38 2.42 2.57
 2.8  3.31 3.37 3.76]
var: 0.6074065555555558
| [95m8        [0m | [95m1.36     [0m | [95m0.09934  [0m | [95m10.1     [0m | [95m0.5785   [0m |
[0.   0.05 0.07 0.08 0.1  0.11 0.12 0.14 0.15 0.2  0.24 0.24 0.24 0.27
 0.28 0.3  0.32 0.34 0.34 0.34 0.34 0.35 0.38 0.39 0.41 0.42 0.45 0.47
 0.49 0.5  0.51 0.52 0.53 0.58 0.59 0.6  0.62 0.62 0.64 0.66 0.67 0.7
 0.7  0.73 0.74 0.75 0.79 0.8  0.82 0.86 0.92 0.95 1.05 1.06 1.11 1.12
 1.15 1.47 1.69 1.7 ]
var: 0.1446509999999998
| [0m9        [0m | [0m0.563    [0m | [0m0.05408  [0m | [0m47.83    [0m | [0m2.916    [0m |
[0.06 0.07 0.16 0.17 0.19 0.31 0.34 0.35 0.35 0.37 0.38 0.43 0.43 0.44
 0.45 0.46 0.52 0.53 0.55 0.55 0.58 0.59 0.63 0.64 0.65 0.7  0.7  0.76
 0.76 0.77 0.8  0.8  0.81 0.81 0.84 0.87 0.87 0.88 0.91 1.02 1.02 1.11
 1.15 1.16 1.18 1.24 1.25 1.29 1.3  1.35 1.36 1.46 1.51 1.52 1.52 1.55
 1.69 1.7  1.86 2.33]
var: 0.23601430555555533
| [0m10       [0m | [0m0.8508   [0m | [0m0.03425  [0m | [0m11.33    [0m | [0m2.906    [0m |
[0.   0.06 0.07 0.15 0.15 0.15 0.22 0.25 0.25 0.25 0.27 0.32 0.33 0.36
 0.36 0.37 0.37 0.46 0.47 0.48 0.49 0.49 0.51 0.52 0.52 0.55 0.55 0.6
 0.67 0.7  0.76 0.76 0.81 0.81 0.82 0.82 0.9  0.9  0.98 1.01 1.03 1.07
 1.09 1.14 1.21 1.24 1.25 1.32 1.36 1.37 1.45 1.48 1.5  1.54 1.58 1.67
 1.68 1.85 1.9  3.83]
var: 0.40094141666666655
| [0m11       [0m | [0m0.8345   [0m | [0m0.2974   [0m | [0m45.28    [0m | [0m1.047    [0m |
[0.04 0.04 0.04 0.06 0.12 0.14 0.15 0.15 0.17 0.18 0.19 0.28 0.29 0.32
 0.34 0.39 0.42 0.49 0.54 0.56 0.57 0.6  0.6  0.63 0.68 0.76 0.77 0.8
 0.81 0.81 0.82 0.82 0.84 0.91 0.92 0.98 0.98 1.03 1.04 1.05 1.07 1.07
 1.08 1.14 1.15 1.28 1.3  1.31 1.35 1.38 1.38 1.42 1.42 1.42 1.7  1.86
 2.03 2.05 2.25 2.89]
var: 0.3614782222222228
| [0m12       [0m | [0m0.8647   [0m | [0m0.0556   [0m | [0m24.96    [0m | [0m2.815    [0m |
[0.   0.   0.04 0.06 0.08 0.09 0.13 0.16 0.17 0.19 0.19 0.29 0.29 0.32
 0.37 0.41 0.45 0.46 0.47 0.53 0.54 0.54 0.55 0.59 0.62 0.62 0.63 0.66
 0.7  0.72 0.72 0.74 0.74 0.75 0.76 0.78 0.8  0.81 0.85 0.86 0.86 0.89
 0.9  0.91 0.93 1.   1.02 1.13 1.15 1.16 1.25 1.36 1.48 1.53 1.53 1.91
 2.14 2.62 2.73 4.27]
var: 0.5324309722222228
| [0m13       [0m | [0m0.8242   [0m | [0m0.1323   [0m | [0m10.44    [0m | [0m2.089    [0m |
[0.   0.   0.05 0.05 0.09 0.17 0.18 0.22 0.22 0.24 0.25 0.25 0.25 0.3
 0.34 0.35 0.36 0.4  0.4  0.41 0.42 0.5  0.5  0.51 0.54 0.55 0.56 0.58
 0.59 0.6  0.62 0.62 0.64 0.76 0.77 0.8  0.83 0.86 0.9  0.95 0.97 0.99
 0.99 1.01 1.02 1.07 1.16 1.2  1.21 1.32 1.36 1.37 1.45 1.52 1.73 1.78
 1.87 1.96 2.08 2.19]
var: 0.3026348888888887
| [0m14       [0m | [0m0.7647   [0m | [0m0.1499   [0m | [0m29.85    [0m | [0m1.287    [0m |
[0.05 0.06 0.06 0.07 0.08 0.08 0.09 0.11 0.13 0.13 0.17 0.18 0.26 0.26
 0.27 0.28 0.3  0.35 0.38 0.46 0.46 0.48 0.48 0.49 0.53 0.57 0.6  0.67
 0.67 0.7  0.71 0.72 0.76 0.79 0.87 0.9  0.91 0.91 0.95 0.96 0.99 1.01
 1.01 1.08 1.28 1.29 1.29 1.38 1.45 1.54 1.58 1.62 1.63 1.69 1.85 1.86
 2.05 2.15 2.15 2.99]
var: 0.4275516388888885
| [0m15       [0m | [0m0.8298   [0m | [0m0.02492  [0m | [0m32.01    [0m | [0m2.387    [0m |
[0.02 0.05 0.05 0.07 0.08 0.1  0.11 0.19 0.2  0.24 0.38 0.4  0.44 0.45
 0.46 0.48 0.54 0.56 0.56 0.61 0.62 0.63 0.65 0.66 0.67 0.67 0.68 0.69
 0.69 0.7  0.74 0.75 0.76 0.77 0.79 0.84 0.86 0.93 0.97 0.99 1.03 1.16
 1.17 1.17 1.17 1.18 1.19 1.2  1.24 1.25 1.28 1.33 1.34 1.35 1.59 1.59
 1.6  2.08 2.28 3.34]
var: 0.3451916388888891
| [0m16       [0m | [0m0.8432   [0m | [0m0.1606   [0m | [0m41.26    [0m | [0m0.9596   [0m |
[0.03 0.07 0.08 0.1  0.15 0.16 0.17 0.25 0.25 0.31 0.32 0.42 0.44 0.46
 0.46 0.53 0.58 0.58 0.59 0.61 0.67 0.68 0.71 0.75 0.79 0.81 0.82 0.84
 0.85 0.85 0.89 0.91 0.94 1.04 1.11 1.11 1.17 1.17 1.17 1.17 1.21 1.25
 1.27 1.28 1.33 1.37 1.53 1.58 1.59 1.65 1.8  1.83 1.87 2.01 2.06 2.11
 2.21 2.33 2.33 2.47]
var: 0.4165327499999996
| [0m17       [0m | [0m1.002    [0m | [0m0.05106  [0m | [0m14.63    [0m | [0m1.924    [0m |
[0.07 0.15 0.15 0.15 0.15 0.17 0.2  0.21 0.22 0.23 0.28 0.3  0.31 0.32
 0.38 0.38 0.38 0.41 0.41 0.43 0.44 0.52 0.57 0.62 0.63 0.64 0.69 0.7
 0.72 0.74 0.74 0.75 0.75 0.8  0.85 0.87 0.88 0.91 0.91 0.92 0.96 0.98
 1.   1.03 1.1  1.11 1.11 1.17 1.17 1.17 1.19 1.23 1.29 1.3  1.3  1.31
 1.37 1.78 1.84 2.12]
var: 0.20959600000000003
| [0m18       [0m | [0m0.758    [0m | [0m0.1571   [0m | [0m44.27    [0m | [0m1.53     [0m |
[0.02 0.06 0.07 0.08 0.09 0.09 0.21 0.23 0.23 0.23 0.25 0.34 0.41 0.42
 0.43 0.44 0.45 0.46 0.58 0.59 0.6  0.62 0.63 0.66 0.69 0.69 0.71 0.73
 0.74 0.77 0.87 0.9  0.9  0.92 0.99 0.99 1.   1.01 1.02 1.06 1.14 1.16
 1.17 1.25 1.44 1.47 1.49 1.55 1.63 1.67 1.75 1.84 2.   2.14 2.3  2.4
 2.68 2.75 2.93 2.94]
var: 0.574642666666666
| [0m19       [0m | [0m0.998    [0m | [0m0.06518  [0m | [0m27.53    [0m | [0m0.7196   [0m |
[0.03 0.08 0.1  0.1  0.13 0.18 0.19 0.2  0.22 0.31 0.32 0.38 0.39 0.44
 0.45 0.45 0.49 0.51 0.54 0.55 0.55 0.56 0.57 0.58 0.61 0.61 0.62 0.66
 0.67 0.71 0.72 0.72 0.74 0.75 0.76 0.79 0.87 0.87 0.87 0.87 0.89 0.92
 0.94 0.95 1.09 1.11 1.15 1.16 1.17 1.25 1.29 1.34 1.41 1.49 1.6  1.81
 1.88 2.01 2.1  2.19]
var: 0.2672094166666667
| [0m20       [0m | [0m0.7985   [0m | [0m0.126    [0m | [0m24.92    [0m | [0m2.354    [0m |
[0.   0.   0.01 0.01 0.03 0.06 0.07 0.08 0.08 0.09 0.1  0.1  0.14 0.17
 0.18 0.19 0.23 0.27 0.3  0.36 0.4  0.42 0.45 0.47 0.47 0.51 0.53 0.53
 0.57 0.58 0.58 0.59 0.7  0.7  0.71 0.73 0.74 0.8  0.84 0.86 0.91 0.96
 1.05 1.11 1.13 1.16 1.16 1.3  1.34 1.37 1.44 1.55 1.81 1.86 1.9  1.92
 2.02 2.14 2.19 2.7 ]
var: 0.43696363888888917
| [0m21       [0m | [0m0.7612   [0m | [0m0.006039 [0m | [0m45.17    [0m | [0m2.591    [0m |
[0.01 0.02 0.05 0.05 0.06 0.07 0.11 0.12 0.13 0.39 0.44 0.5  0.54 0.59
 0.6  0.61 0.63 0.63 0.64 0.67 0.75 0.76 0.79 0.81 0.86 0.86 0.9  0.92
 0.94 0.97 0.98 1.02 1.09 1.1  1.14 1.17 1.23 1.28 1.29 1.3  1.36 1.38
 1.46 1.47 1.59 1.59 1.65 1.71 1.77 1.78 1.88 1.92 1.98 2.16 2.2  2.27
 2.45 2.61 2.89 3.38]
var: 0.5720548888888896
| [0m22       [0m | [0m1.109    [0m | [0m0.08391  [0m | [0m15.17    [0m | [0m1.098    [0m |
[0.   0.01 0.04 0.06 0.1  0.17 0.18 0.23 0.28 0.29 0.36 0.37 0.41 0.48
 0.5  0.52 0.52 0.54 0.55 0.61 0.61 0.63 0.64 0.66 0.66 0.68 0.7  0.74
 0.75 0.77 0.77 0.78 0.78 0.78 0.78 0.8  0.82 0.83 0.86 0.89 0.9  0.9
 0.91 0.93 1.   1.06 1.15 1.17 1.22 1.27 1.28 1.28 1.31 1.51 1.55 1.56
 1.58 1.76 1.92 2.13]
var: 0.22444788888888886
| [0m23       [0m | [0m0.7923   [0m | [0m0.2514   [0m | [0m22.18    [0m | [0m2.739    [0m |
[0.   0.   0.04 0.05 0.05 0.11 0.14 0.18 0.18 0.19 0.32 0.42 0.44 0.44
 0.51 0.52 0.56 0.6  0.63 0.64 0.67 0.7  0.72 0.73 0.73 0.74 0.75 0.81
 0.83 0.85 0.9  0.9  0.91 0.92 0.93 1.   1.06 1.06 1.07 1.07 1.08 1.11
 1.18 1.2  1.22 1.27 1.29 1.34 1.41 1.43 1.44 1.45 1.8  1.83 1.85 1.98
 2.2  2.39 2.61 4.57]
var: 0.5714910000000002
| [0m24       [0m | [0m0.967    [0m | [0m0.03595  [0m | [0m29.12    [0m | [0m2.256    [0m |
[0.01 0.1  0.15 0.18 0.23 0.27 0.29 0.36 0.37 0.38 0.38 0.52 0.56 0.58
 0.61 0.61 0.63 0.63 0.64 0.67 0.68 0.71 0.71 0.77 0.78 0.8  0.8  0.9
 0.93 0.94 0.95 0.95 1.02 1.02 1.02 1.06 1.07 1.08 1.11 1.13 1.13 1.14
 1.15 1.17 1.17 1.2  1.25 1.28 1.3  1.34 1.34 1.35 1.37 1.42 1.53 1.64
 1.67 1.79 1.79 2.11]
var: 0.2090145555555556
| [0m25       [0m | [0m0.9123   [0m | [0m0.2043   [0m | [0m19.39    [0m | [0m2.455    [0m |
[0.5  0.57 0.66 0.7  0.72 0.73 0.75 0.84 0.86 0.88 0.89 0.92 1.03 1.08
 1.18 1.25 1.25 1.3  1.31 1.35 1.39 1.44 1.58 1.62 1.64 1.66 1.73 1.76
 1.81 1.83 1.88 1.89 1.9  1.92 1.96 1.96 1.99 2.04 2.07 2.21 2.31 2.32
 2.35 2.4  2.44 2.45 2.47 2.49 2.5  2.51 2.52 2.57 2.69 2.7  2.86 3.19
 3.27 3.4  4.61 4.82]
var: 0.8037382222222217
| [95m26       [0m | [95m1.865    [0m | [95m0.03576  [0m | [95m22.55    [0m | [95m0.4663   [0m |
[0.   0.02 0.06 0.06 0.06 0.09 0.13 0.21 0.28 0.28 0.34 0.35 0.4  0.41
 0.54 0.56 0.58 0.61 0.62 0.64 0.64 0.65 0.65 0.67 0.69 0.69 0.71 0.74
 0.75 0.76 0.78 0.91 0.94 1.01 1.05 1.07 1.11 1.11 1.16 1.21 1.23 1.26
 1.26 1.31 1.35 1.47 1.5  1.53 1.73 1.75 1.81 1.92 2.   2.02 2.13 2.29
 2.41 2.45 2.56 3.18]
var: 0.5257705555555557
| [0m27       [0m | [0m1.012    [0m | [0m0.1803   [0m | [0m21.63    [0m | [0m1.406    [0m |
[0.13 0.16 0.19 0.24 0.28 0.32 0.38 0.44 0.48 0.5  0.52 0.52 0.56 0.57
 0.58 0.62 0.63 0.64 0.67 0.67 0.67 0.71 0.73 0.76 0.8  0.83 0.85 0.86
 0.87 0.89 0.9  0.9  1.   1.02 1.04 1.04 1.07 1.07 1.1  1.18 1.19 1.25
 1.3  1.3  1.33 1.36 1.37 1.38 1.39 1.4  1.41 1.41 1.45 1.57 1.62 1.69
 1.76 1.92 2.07 2.8 ]
var: 0.2612962222222221
| [0m28       [0m | [0m0.9727   [0m | [0m0.08363  [0m | [0m14.37    [0m | [0m2.292    [0m |
[0.   0.   0.01 0.03 0.03 0.2  0.27 0.3  0.32 0.36 0.43 0.51 0.57 0.65
 0.65 0.69 0.69 0.7  0.74 0.83 0.84 0.84 0.89 0.97 1.02 1.04 1.09 1.18
 1.2  1.36 1.44 1.46 1.47 1.47 1.52 1.65 1.66 1.67 1.77 1.84 1.86 1.86
 1.93 1.94 2.07 2.1  2.12 2.14 2.29 2.35 2.41 2.43 2.56 2.65 2.73 2.9
 2.9  3.08 3.45 5.66]
var: 1.0792316388888892
| [0m29       [0m | [0m1.43     [0m | [0m0.0176   [0m | [0m30.08    [0m | [0m0.8319   [0m |
[0.   0.   0.04 0.07 0.08 0.1  0.13 0.13 0.15 0.17 0.22 0.24 0.27 0.28
 0.3  0.3  0.31 0.31 0.32 0.38 0.38 0.38 0.46 0.54 0.54 0.54 0.58 0.59
 0.6  0.61 0.61 0.64 0.66 0.72 0.74 0.77 0.8  0.8  0.81 0.87 0.88 0.88
 0.9  1.11 1.16 1.19 1.23 1.29 1.37 1.39 1.4  1.63 1.63 1.8  1.86 1.88
 2.05 2.11 2.87 4.34]
var: 0.5871627500000003
| [0m30       [0m | [0m0.8235   [0m | [0m0.1557   [0m | [0m37.05    [0m | [0m1.324    [0m |
[0.03 0.07 0.12 0.18 0.2  0.24 0.25 0.27 0.28 0.31 0.31 0.32 0.33 0.33
 0.35 0.38 0.39 0.41 0.46 0.47 0.48 0.53 0.55 0.59 0.61 0.61 0.62 0.62
 0.64 0.66 0.67 0.68 0.69 0.69 0.73 0.74 0.78 0.79 0.79 0.83 0.84 0.85
 0.9  0.91 0.92 0.94 0.95 1.   1.08 1.18 1.21 1.31 1.34 1.35 1.49 1.52
 1.55 1.69 1.74 2.3 ]
var: 0.21164475000000035
| [0m31       [0m | [0m0.7345   [0m | [0m0.1267   [0m | [0m6.0      [0m | [0m1.055    [0m |
[0.45 0.47 0.55 0.55 0.58 0.59 0.61 0.64 0.65 0.66 0.68 0.69 0.72 0.76
 0.8  0.8  0.82 0.83 0.84 0.88 0.89 0.9  0.94 0.95 0.96 0.99 0.99 1.
 1.01 1.01 1.03 1.04 1.05 1.08 1.08 1.09 1.1  1.11 1.14 1.2  1.21 1.21
 1.22 1.24 1.24 1.26 1.33 1.39 1.39 1.42 1.45 1.47 1.49 1.53 1.54 1.54
 1.57 1.6  1.75 2.54]
var: 0.13925488888888873
| [0m32       [0m | [0m1.059    [0m | [0m0.04359  [0m | [0m7.446    [0m | [0m0.02882  [0m |
[0.   0.   0.02 0.06 0.07 0.1  0.14 0.15 0.17 0.17 0.18 0.19 0.2  0.22
 0.23 0.26 0.31 0.38 0.39 0.39 0.43 0.44 0.44 0.46 0.5  0.51 0.52 0.52
 0.53 0.54 0.57 0.58 0.62 0.62 0.69 0.69 0.72 0.78 0.8  0.85 0.86 0.86
 0.87 0.87 0.88 0.91 0.94 1.04 1.04 1.12 1.12 1.12 1.2  1.25 1.4  1.42
 1.77 1.8  1.8  2.01]
var: 0.23270600000000002
| [0m33       [0m | [0m0.662    [0m | [0m0.2873   [0m | [0m40.71    [0m | [0m2.701    [0m |
[0.02 0.05 0.06 0.06 0.08 0.13 0.14 0.15 0.15 0.17 0.17 0.2  0.2  0.2
 0.2  0.23 0.26 0.26 0.26 0.3  0.31 0.35 0.38 0.38 0.39 0.4  0.44 0.44
 0.47 0.48 0.5  0.53 0.53 0.53 0.54 0.56 0.57 0.57 0.61 0.63 0.65 0.68
 0.69 0.69 0.69 0.73 0.77 0.84 0.85 0.85 0.85 1.   1.09 1.11 1.2  1.21
 1.3  1.32 1.88 1.93]
var: 0.17267363888888893
| [0m34       [0m | [0m0.5538   [0m | [0m0.2235   [0m | [0m2.996    [0m | [0m0.6735   [0m |
[0.05 0.06 0.07 0.09 0.09 0.1  0.11 0.12 0.29 0.3  0.3  0.34 0.34 0.37
 0.46 0.54 0.56 0.59 0.61 0.62 0.65 0.66 0.67 0.68 0.68 0.69 0.69 0.7
 0.74 0.75 0.75 0.77 0.77 0.78 0.81 0.86 0.88 0.91 0.96 0.99 1.05 1.05
 1.06 1.12 1.17 1.2  1.21 1.27 1.31 1.31 1.32 1.32 1.34 1.46 1.63 1.69
 1.73 1.75 1.9  2.1 ]
var: 0.24838830555555552
| [0m35       [0m | [0m0.8232   [0m | [0m0.2483   [0m | [0m10.72    [0m | [0m0.9169   [0m |
[0.   0.01 0.07 0.08 0.08 0.08 0.09 0.1  0.1  0.11 0.16 0.23 0.24 0.25
 0.27 0.29 0.37 0.37 0.38 0.38 0.39 0.41 0.42 0.44 0.48 0.48 0.49 0.51
 0.52 0.52 0.53 0.54 0.54 0.55 0.6  0.6  0.62 0.63 0.63 0.65 0.65 0.65
 0.67 0.69 0.7  0.73 0.73 0.76 0.76 0.79 0.81 0.82 0.91 0.96 1.   1.02
 1.05 1.14 1.47 4.17]
var: 0.31301497222222247
| [0m36       [0m | [0m0.5782   [0m | [0m0.1509   [0m | [0m44.57    [0m | [0m2.599    [0m |
[0.   0.03 0.03 0.04 0.09 0.1  0.16 0.22 0.22 0.24 0.24 0.34 0.35 0.39
 0.45 0.47 0.49 0.51 0.53 0.55 0.57 0.6  0.6  0.6  0.61 0.63 0.64 0.64
 0.66 0.67 0.7  0.74 0.77 0.79 0.79 0.79 0.79 0.83 0.84 0.86 0.94 0.98
 0.99 1.1  1.13 1.15 1.15 1.17 1.24 1.27 1.3  1.32 1.36 1.48 1.5  1.62
 1.67 1.73 1.94 2.  ]
var: 0.2409049722222221
| [0m37       [0m | [0m0.7768   [0m | [0m0.2987   [0m | [0m41.18    [0m | [0m1.009    [0m |
[0.01 0.02 0.03 0.05 0.06 0.13 0.16 0.23 0.29 0.31 0.34 0.35 0.35 0.38
 0.38 0.38 0.39 0.41 0.44 0.44 0.45 0.47 0.48 0.49 0.5  0.55 0.57 0.57
 0.59 0.6  0.63 0.66 0.71 0.75 0.77 0.86 0.87 0.89 0.9  0.94 1.01 1.02
 1.02 1.06 1.06 1.15 1.15 1.19 1.21 1.22 1.24 1.31 1.34 1.34 1.36 1.39
 1.55 1.73 1.84 2.44]
var: 0.2498447499999997
| [0m38       [0m | [0m0.7505   [0m | [0m0.2631   [0m | [0m30.58    [0m | [0m2.508    [0m |
[0.   0.   0.02 0.03 0.03 0.08 0.13 0.22 0.23 0.26 0.3  0.3  0.33 0.39
 0.5  0.52 0.54 0.55 0.56 0.58 0.62 0.63 0.69 0.76 0.76 0.76 0.79 0.81
 0.82 0.83 0.83 0.84 0.84 0.85 0.87 0.88 0.88 0.91 0.92 0.92 0.95 0.96
 1.   1.05 1.13 1.13 1.16 1.16 1.18 1.21 1.26 1.31 1.37 1.47 1.55 1.63
 1.74 1.84 1.89 2.38]
var: 0.2582909722222225
| [0m39       [0m | [0m0.8192   [0m | [0m0.1024   [0m | [0m28.21    [0m | [0m1.915    [0m |
[0.02 0.07 0.1  0.13 0.13 0.14 0.19 0.25 0.28 0.28 0.31 0.33 0.37 0.4
 0.45 0.45 0.46 0.52 0.53 0.54 0.55 0.57 0.57 0.59 0.6  0.64 0.64 0.64
 0.64 0.66 0.66 0.66 0.68 0.7  0.71 0.74 0.82 0.82 0.85 0.85 0.86 0.89
 0.92 1.   1.08 1.13 1.18 1.2  1.2  1.21 1.22 1.31 1.31 1.33 1.35 1.35
 1.36 1.54 1.57 1.73]
var: 0.17629599999999998
| [0m40       [0m | [0m0.738    [0m | [0m0.06417  [0m | [0m32.91    [0m | [0m2.361    [0m |
[0.02 0.05 0.11 0.21 0.23 0.23 0.26 0.3  0.31 0.37 0.38 0.39 0.46 0.48
 0.56 0.62 0.64 0.66 0.68 0.72 0.75 0.76 0.77 0.79 0.79 0.79 0.79 0.81
 0.82 0.84 0.84 0.85 0.89 0.95 1.07 1.08 1.11 1.11 1.14 1.14 1.14 1.18
 1.2  1.22 1.22 1.22 1.3  1.3  1.49 1.49 1.5  1.68 1.71 1.79 1.8  1.98
 2.02 2.04 2.5  3.36]
var: 0.3883183055555554
| [0m41       [0m | [0m0.9818   [0m | [0m0.05338  [0m | [0m14.39    [0m | [0m2.322    [0m |
[0.05 0.05 0.06 0.1  0.13 0.15 0.25 0.26 0.26 0.27 0.33 0.35 0.36 0.38
 0.41 0.46 0.51 0.62 0.63 0.65 0.65 0.67 0.69 0.69 0.73 0.74 0.74 0.85
 0.92 0.95 0.99 1.02 1.08 1.09 1.1  1.13 1.14 1.15 1.16 1.23 1.25 1.25
 1.26 1.27 1.38 1.47 1.52 1.87 1.9  1.96 1.97 2.08 2.11 2.13 2.32 2.34
 2.43 2.51 2.57 2.69]
var: 0.5325648888888883
| [0m42       [0m | [0m1.055    [0m | [0m0.1275   [0m | [0m22.5     [0m | [0m0.5809   [0m |
[0.09 0.21 0.35 0.41 0.43 0.57 0.6  0.66 0.69 0.7  0.83 0.86 0.88 0.9
 1.09 1.12 1.19 1.24 1.29 1.3  1.33 1.35 1.36 1.39 1.51 1.56 1.57 1.66
 1.7  1.75 1.75 1.83 1.85 1.86 1.87 1.88 1.9  1.95 1.95 1.97 1.99 2.06
 2.07 2.08 2.08 2.24 2.28 2.52 2.53 2.55 2.58 2.65 2.7  2.7  2.87 2.99
 3.06 3.32 4.2  4.73]
var: 0.8436888888888894
| [0m43       [0m | [0m1.727    [0m | [0m0.05605  [0m | [0m22.48    [0m | [0m0.422    [0m |
[0.02 0.03 0.05 0.06 0.06 0.14 0.19 0.22 0.22 0.25 0.25 0.25 0.28 0.29
 0.29 0.32 0.35 0.4  0.41 0.43 0.46 0.47 0.52 0.57 0.58 0.58 0.64 0.68
 0.7  0.73 0.74 0.76 0.77 0.78 0.79 0.8  0.85 0.89 0.91 0.91 0.97 1.
 1.01 1.04 1.04 1.07 1.12 1.13 1.13 1.15 1.15 1.35 1.42 1.5  1.56 1.66
 1.84 1.89 2.   2.6 ]
var: 0.2954769722222224
| [0m44       [0m | [0m0.7712   [0m | [0m0.142    [0m | [0m45.03    [0m | [0m1.1      [0m |
[0.13 0.19 0.51 0.65 0.69 0.73 0.79 0.87 0.87 0.89 0.94 0.97 0.98 1.
 1.27 1.28 1.31 1.33 1.34 1.35 1.36 1.37 1.38 1.43 1.46 1.5  1.55 1.58
 1.6  1.6  1.64 1.76 1.78 1.81 1.89 1.89 1.9  1.96 1.97 2.01 2.06 2.07
 2.13 2.15 2.16 2.17 2.22 2.25 2.32 2.39 2.4  2.41 2.42 2.54 2.59 2.79
 2.92 2.96 3.03 3.43]
var: 0.509564555555556
| [0m45       [0m | [0m1.682    [0m | [0m0.07022  [0m | [0m22.77    [0m | [0m0.3676   [0m |
[0.55 0.61 0.72 0.76 0.8  0.83 0.87 0.89 0.9  0.9  0.93 1.09 1.32 1.38
 1.42 1.44 1.45 1.5  1.53 1.55 1.55 1.55 1.63 1.68 1.69 1.76 1.78 1.8
 1.82 1.82 1.95 1.97 2.04 2.04 2.06 2.09 2.09 2.22 2.24 2.25 2.34 2.37
 2.39 2.41 2.53 2.53 2.55 2.63 2.65 2.81 2.87 2.88 2.94 2.98 3.33 3.34
 3.56 3.8  3.96 4.45]
var: 0.764764972222223
| [95m46       [0m | [95m1.98     [0m | [95m0.02136  [0m | [95m22.69    [0m | [95m0.4238   [0m |
[0.   0.09 0.09 0.2  0.23 0.24 0.34 0.38 0.41 0.41 0.46 0.49 0.51 0.53
 0.56 0.57 0.57 0.6  0.61 0.62 0.66 0.74 0.74 0.89 0.91 0.95 0.97 0.99
 1.02 1.04 1.05 1.1  1.12 1.2  1.23 1.26 1.3  1.34 1.39 1.43 1.46 1.46
 1.47 1.5  1.58 1.68 1.7  1.71 1.82 1.83 1.86 1.87 1.93 1.97 2.   2.
 2.07 2.09 2.59 3.03]
var: 0.4428378888888881
| [0m47       [0m | [0m1.114    [0m | [0m1e-08    [0m | [0m22.6     [0m | [0m0.3401   [0m |
[0.03 0.07 0.48 0.49 0.51 0.65 0.66 0.73 0.76 0.79 0.91 0.94 0.98 1.03
 1.1  1.17 1.18 1.28 1.29 1.36 1.41 1.44 1.44 1.49 1.52 1.53 1.56 1.61
 1.66 1.7  1.71 1.79 1.81 1.84 1.85 1.96 1.96 1.99 2.04 2.04 2.06 2.13
 2.16 2.3  2.39 2.42 2.43 2.45 2.58 2.62 2.72 2.74 2.78 2.81 2.88 3.57
 3.72 4.95 5.9  6.17]
var: 1.3912878888888887
| [0m48       [0m | [0m1.876    [0m | [0m0.03302  [0m | [0m22.75    [0m | [0m0.537    [0m |
[0.21 0.39 0.48 0.49 0.5  0.59 0.65 0.75 0.76 0.83 0.85 0.94 1.07 1.23
 1.27 1.35 1.4  1.44 1.52 1.55 1.56 1.57 1.65 1.65 1.66 1.73 1.75 1.76
 1.82 1.85 1.89 1.91 1.98 1.99 2.02 2.04 2.06 2.06 2.37 2.42 2.45 2.5
 2.74 2.8  2.89 3.12 3.15 3.19 3.37 3.42 3.43 3.44 3.56 3.57 4.16 4.18
 4.26 4.28 4.35 4.5 ]
var: 1.3093947499999994
| [95m49       [0m | [95m2.09     [0m | [95m0.01916  [0m | [95m22.57    [0m | [95m0.5059   [0m |
[0.58 0.61 0.65 0.68 0.78 0.82 0.88 0.9  0.91 0.92 0.94 1.   1.01 1.03
 1.03 1.06 1.06 1.11 1.15 1.19 1.28 1.29 1.3  1.39 1.41 1.42 1.45 1.48
 1.51 1.51 1.51 1.51 1.57 1.59 1.65 1.65 1.66 1.66 1.71 1.76 1.82 1.84
 1.9  1.9  1.96 1.96 2.02 2.03 2.05 2.17 2.26 2.27 2.48 2.48 2.51 2.54
 3.13 3.95 5.09 5.53]
var: 0.8539016388888897
| [0m50       [0m | [0m1.675    [0m | [0m0.04358  [0m | [0m15.21    [0m | [0m0.206    [0m |
[0.09 0.13 0.35 0.35 0.36 0.57 0.61 0.7  0.72 0.75 0.75 0.76 0.76 0.77
 0.77 0.79 0.8  0.81 0.86 0.86 0.87 0.9  0.96 0.97 1.09 1.14 1.23 1.32
 1.36 1.36 1.37 1.38 1.43 1.45 1.48 1.56 1.68 1.72 1.75 1.75 1.75 1.81
 1.84 1.91 1.95 1.99 2.07 2.15 2.24 2.31 2.34 2.37 2.61 2.66 2.76 3.07
 3.1  3.27 5.17 5.29]
var: 1.0449849722222224
| [0m51       [0m | [0m1.533    [0m | [0m0.06612  [0m | [0m22.82    [0m | [0m0.4735   [0m |
[0.03 0.04 0.09 0.17 0.56 0.57 0.72 0.72 0.84 0.84 0.84 0.86 0.87 0.92
 0.96 0.98 0.99 1.01 1.03 1.09 1.11 1.22 1.23 1.28 1.36 1.37 1.39 1.41
 1.41 1.45 1.49 1.5  1.53 1.6  1.66 1.69 1.73 1.73 1.77 1.77 1.88 1.91
 1.93 1.97 1.99 2.   2.04 2.04 2.04 2.05 2.07 2.08 2.13 2.24 2.26 2.42
 2.56 2.92 3.19 3.67]
var: 0.5294909999999998
| [0m52       [0m | [0m1.487    [0m | [0m0.05356  [0m | [0m22.7     [0m | [0m0.5428   [0m |
[0.09 0.09 0.11 0.11 0.11 0.12 0.13 0.16 0.21 0.22 0.22 0.23 0.24 0.26
 0.26 0.26 0.27 0.28 0.29 0.31 0.31 0.32 0.32 0.32 0.32 0.33 0.33 0.35
 0.35 0.37 0.4  0.41 0.43 0.47 0.49 0.5  0.51 0.52 0.55 0.56 0.58 0.59
 0.64 0.69 0.7  0.73 0.74 0.78 0.8  0.82 0.91 1.03 1.1  1.14 1.32 1.35
 1.4  1.53 1.57 1.81]
var: 0.1664195555555557
| [0m53       [0m | [0m0.5393   [0m | [0m0.2651   [0m | [0m2.126    [0m | [0m1.367    [0m |
[0.1  0.17 0.19 0.27 0.33 0.35 0.47 0.47 0.51 0.51 0.51 0.54 0.55 0.57
 0.57 0.61 0.63 0.65 0.65 0.67 0.73 0.73 0.75 0.76 0.78 0.79 0.8  0.81
 0.83 0.86 0.86 0.89 0.89 0.93 0.95 0.96 0.99 1.04 1.05 1.05 1.05 1.08
 1.09 1.1  1.1  1.12 1.16 1.19 1.23 1.26 1.31 1.36 1.36 1.52 1.52 1.64
 1.65 1.78 2.13 2.58]
var: 0.2122922222222224
| [0m54       [0m | [0m0.9167   [0m | [0m0.2361   [0m | [0m3.08     [0m | [0m0.04689  [0m |
[0.47 0.61 0.62 0.64 0.64 0.67 0.68 0.7  0.76 0.76 0.79 0.82 0.83 0.9
 0.98 1.02 1.04 1.05 1.17 1.17 1.21 1.22 1.22 1.23 1.26 1.28 1.34 1.38
 1.39 1.39 1.4  1.42 1.53 1.54 1.72 1.73 1.74 1.77 1.79 1.85 1.85 1.86
 1.89 1.94 2.07 2.14 2.19 2.23 2.24 2.35 2.36 2.38 2.43 2.65 2.77 2.82
 2.85 3.35 4.02 4.06]
var: 0.6538843333333341
| [0m55       [0m | [0m1.603    [0m | [0m0.1023   [0m | [0m22.66    [0m | [0m0.392    [0m |
[0.03 0.04 0.04 0.07 0.07 0.07 0.18 0.18 0.26 0.27 0.28 0.3  0.3  0.3
 0.36 0.36 0.39 0.42 0.45 0.47 0.51 0.51 0.51 0.53 0.56 0.62 0.67 0.67
 0.68 0.72 0.77 0.77 0.85 0.86 0.92 0.95 1.08 1.12 1.15 1.15 1.2  1.2
 1.24 1.24 1.29 1.39 1.58 1.62 1.64 1.75 1.79 1.81 1.83 1.95 2.17 2.22
 2.28 2.54 2.59 3.75]
var: 0.5942548888888888
| [0m56       [0m | [0m0.9587   [0m | [0m0.2204   [0m | [0m21.54    [0m | [0m0.9654   [0m |
[0.   0.   0.02 0.12 0.22 0.23 0.27 0.27 0.27 0.28 0.28 0.31 0.35 0.36
 0.4  0.44 0.48 0.54 0.55 0.58 0.63 0.64 0.64 0.64 0.64 0.67 0.67 0.68
 0.73 0.73 0.8  0.8  0.83 0.83 0.87 0.91 0.92 0.95 0.97 1.02 1.03 1.05
 1.07 1.12 1.17 1.23 1.25 1.25 1.27 1.27 1.32 1.34 1.4  1.46 1.51 1.73
 1.83 2.37 2.62 2.9 ]
var: 0.3521136388888883
| [0m57       [0m | [0m0.8622   [0m | [0m0.2852   [0m | [0m18.85    [0m | [0m2.611    [0m |
[0.43 0.54 0.68 0.77 0.78 0.79 0.86 0.87 1.05 1.08 1.08 1.24 1.27 1.27
 1.34 1.36 1.38 1.45 1.47 1.5  1.66 1.67 1.69 1.71 1.72 1.76 1.78 1.86
 2.   2.   2.03 2.03 2.03 2.06 2.08 2.09 2.19 2.23 2.24 2.25 2.28 2.31
 2.32 2.42 2.53 2.57 2.61 2.62 2.65 2.67 2.75 2.83 2.9  2.91 3.06 3.43
 3.62 3.89 4.47 5.63]
var: 0.9121795555555555
| [0m58       [0m | [0m2.013    [0m | [0m0.0473   [0m | [0m15.21    [0m | [0m0.3079   [0m |
[0.   0.03 0.07 0.1  0.12 0.12 0.17 0.2  0.23 0.24 0.25 0.27 0.28 0.29
 0.34 0.37 0.39 0.39 0.41 0.46 0.47 0.48 0.5  0.51 0.51 0.52 0.54 0.56
 0.57 0.63 0.64 0.65 0.65 0.67 0.69 0.75 0.78 0.8  0.82 0.82 0.83 0.88
 0.88 0.89 0.94 1.   1.01 1.04 1.06 1.06 1.08 1.23 1.26 1.32 1.44 1.66
 1.76 1.77 2.14 2.83]
var: 0.2863836388888886
| [0m59       [0m | [0m0.7228   [0m | [0m0.2232   [0m | [0m48.92    [0m | [0m1.535    [0m |
[0.34 0.48 0.49 0.61 0.63 0.71 0.72 0.73 0.76 0.76 0.77 0.8  0.82 0.87
 0.89 0.89 0.92 0.95 0.99 1.   1.   1.07 1.07 1.09 1.12 1.17 1.18 1.21
 1.21 1.21 1.24 1.26 1.31 1.33 1.35 1.35 1.42 1.45 1.46 1.53 1.68 1.7
 1.79 1.81 1.81 1.82 1.84 1.93 1.94 1.94 1.95 1.99 2.12 2.12 2.14 2.21
 2.58 3.4  3.5  4.04]
var: 0.521263638888888
| [0m60       [0m | [0m1.408    [0m | [0m0.1398   [0m | [0m15.27    [0m | [0m0.3506   [0m |
[0.52 0.65 0.68 0.73 0.76 0.78 0.78 0.92 0.94 0.95 0.98 1.06 1.09 1.14
 1.3  1.3  1.4  1.4  1.44 1.46 1.47 1.49 1.57 1.58 1.61 1.64 1.67 1.68
 1.72 1.74 1.78 1.82 1.92 1.93 1.95 1.97 2.07 2.11 2.11 2.12 2.14 2.27
 2.28 2.39 2.41 2.46 2.5  2.59 2.61 2.71 2.77 2.82 2.83 2.94 3.   3.
 3.15 3.33 3.94 4.08]
var: 0.6666409722222213
| [0m61       [0m | [0m1.874    [0m | [0m0.0439   [0m | [0m15.26    [0m | [0m0.385    [0m |
[0.02 0.07 0.24 0.28 0.48 0.53 0.6  0.64 0.65 0.69 0.76 0.78 0.8  0.85
 0.9  0.97 1.   1.02 1.03 1.09 1.11 1.12 1.2  1.28 1.3  1.35 1.35 1.37
 1.37 1.37 1.41 1.42 1.47 1.48 1.51 1.59 1.61 1.65 1.74 1.81 1.83 1.87
 1.9  1.99 2.02 2.05 2.08 2.09 2.15 2.18 2.28 2.34 2.35 2.47 2.72 2.72
 2.8  2.84 3.67 4.87]
var: 0.7460836388888886
| [0m62       [0m | [0m1.519    [0m | [0m0.09096  [0m | [0m15.18    [0m | [0m0.4493   [0m |
[0.   0.02 0.05 0.06 0.15 0.15 0.22 0.23 0.24 0.25 0.26 0.31 0.32 0.5
 0.52 0.57 0.57 0.59 0.62 0.63 0.67 0.68 0.69 0.7  0.71 0.72 0.77 0.77
 0.78 0.86 0.92 0.93 0.94 0.94 0.94 0.96 0.97 0.98 0.99 1.05 1.06 1.09
 1.14 1.15 1.16 1.18 1.18 1.25 1.35 1.39 1.41 1.43 1.61 1.62 1.9  2.08
 2.28 2.52 2.56 2.91]
var: 0.40566833333333346
| [0m63       [0m | [0m0.925    [0m | [0m0.0934   [0m | [0m18.5     [0m | [0m2.483    [0m |
[0.01 0.02 0.05 0.06 0.07 0.17 0.17 0.25 0.26 0.37 0.38 0.39 0.39 0.41
 0.43 0.49 0.5  0.52 0.53 0.54 0.67 0.79 0.84 0.86 0.87 0.88 0.88 0.88
 0.92 0.94 0.96 0.97 0.98 1.02 1.09 1.18 1.22 1.33 1.34 1.35 1.37 1.52
 1.55 1.61 1.67 1.68 1.72 1.77 1.83 1.84 1.84 2.14 2.2  2.43 2.47 2.82
 3.13 3.62 4.12 4.2 ]
var: 0.9298083055555552
| [0m64       [0m | [0m1.192    [0m | [0m1e-08    [0m | [0m15.16    [0m | [0m0.3467   [0m |
[0.24 0.54 0.78 0.9  0.97 1.01 1.1  1.18 1.21 1.22 1.24 1.27 1.31 1.41
 1.51 1.55 1.55 1.6  1.65 1.67 1.75 1.8  1.81 2.04 2.1  2.23 2.24 2.25
 2.25 2.34 2.35 2.41 2.53 2.55 2.59 2.65 2.68 2.75 2.78 2.91 2.94 3.25
 3.26 3.28 3.34 3.41 3.46 3.57 3.62 3.77 3.78 3.94 4.09 4.1  4.13 4.21
 4.39 4.47 4.72 4.76]
var: 1.325164972222222
| [95m65       [0m | [95m2.457    [0m | [95m0.008631 [0m | [95m22.74    [0m | [95m0.4419   [0m |
[0.7  0.71 0.73 0.74 0.75 0.79 0.82 0.99 1.01 1.03 1.12 1.16 1.16 1.2
 1.23 1.24 1.32 1.35 1.35 1.44 1.5  1.67 1.76 1.77 1.78 1.79 1.86 1.87
 1.98 2.04 2.07 2.07 2.12 2.15 2.16 2.16 2.17 2.28 2.36 2.37 2.38 2.44
 2.49 2.57 2.6  2.64 2.73 2.74 2.75 2.86 2.89 3.15 3.23 3.37 3.8  4.53
 5.55 5.64 6.54 7.67]
var: 1.924184555555556
| [0m66       [0m | [0m2.222    [0m | [0m0.02567  [0m | [0m15.32    [0m | [0m0.3338   [0m |
[0.08 0.44 0.67 0.7  0.71 0.72 0.8  0.81 0.88 0.89 0.94 0.99 1.11 1.11
 1.13 1.13 1.14 1.15 1.16 1.2  1.21 1.22 1.25 1.28 1.35 1.41 1.43 1.44
 1.46 1.49 1.55 1.62 1.62 1.69 1.73 1.73 1.91 1.93 1.95 1.98 1.99 2.06
 2.13 2.26 2.27 2.28 2.38 2.45 2.46 2.57 2.75 2.77 2.81 3.01 3.07 3.14
 3.41 4.13 4.16 4.18]
var: 0.8338716388888894
| [0m67       [0m | [0m1.755    [0m | [0m0.03786  [0m | [0m15.3     [0m | [0m0.2495   [0m |
[0.21 0.47 0.73 0.79 0.8  0.8  0.83 0.95 1.01 1.02 1.03 1.08 1.21 1.27
 1.28 1.35 1.39 1.42 1.55 1.56 1.57 1.67 1.69 1.71 1.71 1.8  2.07 2.08
 2.13 2.14 2.14 2.17 2.35 2.39 2.43 2.43 2.44 2.46 2.58 2.6  2.61 2.61
 2.71 2.83 2.84 2.95 3.02 3.25 3.34 3.38 3.44 3.47 3.66 3.67 3.69 3.77
 4.05 4.25 4.37 5.12]
var: 1.1839778888888879
| [0m68       [0m | [0m2.206    [0m | [0m0.006387 [0m | [0m15.36    [0m | [0m0.4763   [0m |
[0.01 0.11 0.15 0.25 0.3  0.31 0.47 0.57 0.66 0.66 0.69 0.7  0.71 0.71
 0.84 0.86 0.89 0.93 0.96 0.96 1.08 1.15 1.17 1.18 1.22 1.22 1.22 1.24
 1.36 1.38 1.42 1.43 1.45 1.46 1.48 1.49 1.51 1.52 1.58 1.61 1.65 1.73
 1.8  1.85 1.9  1.95 1.98 1.98 2.   2.02 2.1  2.12 2.37 2.41 2.48 2.77
 2.81 2.86 3.06 3.65]
var: 0.5985888888888893
| [0m69       [0m | [0m1.407    [0m | [0m0.06221  [0m | [0m15.34    [0m | [0m0.4841   [0m |
[0.13 0.49 0.63 0.69 0.75 0.81 1.01 1.04 1.05 1.08 1.08 1.17 1.21 1.22
 1.27 1.39 1.39 1.44 1.46 1.46 1.48 1.55 1.65 1.66 1.72 1.75 1.75 1.82
 1.83 1.86 1.87 1.99 2.01 2.06 2.07 2.11 2.11 2.24 2.25 2.3  2.35 2.43
 2.46 2.5  2.54 2.56 2.59 2.66 2.67 2.72 2.73 2.79 2.8  2.96 3.15 3.31
 3.55 3.59 3.72 4.44]
var: 0.7467636388888891
| [0m70       [0m | [0m1.956    [0m | [0m0.05059  [0m | [0m15.36    [0m | [0m0.3391   [0m |
[0.02 0.03 0.05 0.2  0.22 0.23 0.3  0.37 0.38 0.38 0.47 0.48 0.62 0.76
 0.79 0.79 0.85 0.86 0.91 0.92 0.97 0.97 1.   1.01 1.02 1.05 1.06 1.1
 1.11 1.13 1.15 1.17 1.17 1.18 1.24 1.25 1.27 1.35 1.35 1.46 1.5  1.55
 1.57 1.62 1.64 1.65 1.65 1.73 1.77 1.82 1.83 1.95 2.05 2.19 2.2  2.29
 2.45 2.96 3.29 6.55]
var: 0.9461305555555557
| [0m71       [0m | [0m1.282    [0m | [0m1e-08    [0m | [0m22.77    [0m | [0m0.4727   [0m |
[0.83 0.86 0.89 1.03 1.11 1.16 1.17 1.2  1.24 1.27 1.32 1.36 1.51 1.56
 1.58 1.62 1.72 1.73 1.78 1.84 1.84 1.85 1.88 1.91 1.92 1.92 1.93 1.94
 1.96 1.99 2.01 2.03 2.05 2.1  2.11 2.17 2.18 2.28 2.29 2.38 2.39 2.4
 2.42 2.53 2.56 2.6  2.63 2.74 2.81 2.87 2.97 2.99 2.99 2.99 3.18 3.22
 3.38 3.81 4.27 4.83]
var: 0.6488183333333334
| [0m72       [0m | [0m2.135    [0m | [0m0.02507  [0m | [0m15.24    [0m | [0m0.3209   [0m |
[0.64 0.7  0.73 0.75 0.79 0.8  0.85 0.88 0.89 0.95 1.   1.05 1.06 1.08
 1.18 1.2  1.21 1.31 1.33 1.35 1.37 1.41 1.43 1.44 1.49 1.51 1.54 1.57
 1.59 1.65 1.76 1.82 1.84 1.85 1.86 1.88 1.94 1.96 2.03 2.03 2.18 2.24
 2.27 2.28 2.32 2.32 2.42 2.42 2.46 2.54 2.54 2.63 2.7  2.74 2.75 2.87
 3.43 3.44 4.11 4.15]
var: 0.6590836388888879
| [0m73       [0m | [0m1.809    [0m | [0m0.07176  [0m | [0m15.3     [0m | [0m0.3354   [0m |
[0.   0.03 0.2  0.22 0.27 0.31 0.34 0.41 0.41 0.47 0.52 0.56 0.56 0.59
 0.59 0.68 0.77 0.79 0.81 0.94 0.99 0.99 1.15 1.15 1.17 1.19 1.26 1.28
 1.36 1.36 1.37 1.45 1.45 1.49 1.5  1.56 1.56 1.6  1.61 1.63 1.64 1.65
 1.67 1.81 1.83 2.05 2.22 2.22 2.23 2.27 2.32 2.4  2.45 2.52 2.55 2.57
 3.42 3.71 5.19 6.14]
var: 1.260707638888888
| [0m74       [0m | [0m1.491    [0m | [0m1e-08    [0m | [0m15.34    [0m | [0m0.4055   [0m |
[0.04 0.08 0.1  0.11 0.15 0.17 0.25 0.3  0.37 0.39 0.42 0.58 0.59 0.68
 0.73 0.77 0.82 0.84 0.86 0.89 0.93 1.01 1.12 1.12 1.15 1.17 1.18 1.23
 1.3  1.31 1.35 1.38 1.4  1.41 1.42 1.44 1.59 1.62 1.68 1.71 1.77 1.81
 1.82 1.84 1.86 1.88 1.91 1.97 2.02 2.06 2.07 2.11 2.15 2.22 2.31 2.35
 2.37 2.53 3.17 3.64]
var: 0.6161448888888893
| [0m75       [0m | [0m1.325    [0m | [0m0.05961  [0m | [0m22.51    [0m | [0m0.4831   [0m |
[0.19 0.28 0.28 0.3  0.31 0.34 0.44 0.45 0.47 0.49 0.49 0.54 0.54 0.63
 0.65 0.68 0.73 0.75 0.75 0.79 0.87 0.88 0.89 0.9  0.9  0.96 0.98 0.98
 1.04 1.06 1.07 1.11 1.13 1.15 1.29 1.3  1.3  1.33 1.45 1.49 1.5  1.58
 1.65 1.74 1.77 1.78 1.83 1.83 1.88 1.97 2.17 2.29 2.34 2.43 2.49 2.5
 2.51 2.52 2.8  2.92]
var: 0.5266915555555557
| [0m76       [0m | [0m1.245    [0m | [0m0.09627  [0m | [0m15.35    [0m | [0m0.4833   [0m |
[0.04 0.07 0.11 0.16 0.21 0.34 0.37 0.41 0.47 0.5  0.54 0.59 0.71 0.73
 0.75 0.77 0.78 0.86 0.89 0.93 1.   1.12 1.2  1.22 1.23 1.24 1.25 1.26
 1.29 1.37 1.42 1.42 1.43 1.45 1.47 1.49 1.49 1.5  1.54 1.56 1.59 1.61
 1.62 1.64 1.64 1.65 1.83 1.83 2.   2.03 2.04 2.11 2.2  2.31 2.44 2.65
 2.8  3.04 3.47 3.67]
var: 0.6383843055555553
| [0m77       [0m | [0m1.356    [0m | [0m0.09482  [0m | [0m22.78    [0m | [0m0.4869   [0m |
[0.06 0.06 0.45 0.69 1.03 1.04 1.13 1.13 1.17 1.2  1.31 1.33 1.34 1.34
 1.37 1.51 1.54 1.55 1.56 1.66 1.68 1.74 1.74 1.8  1.85 1.91 1.99 2.03
 2.17 2.18 2.19 2.23 2.25 2.26 2.28 2.3  2.43 2.63 2.66 2.68 2.72 2.72
 2.78 2.81 2.9  2.96 3.   3.26 3.27 3.36 3.38 3.57 3.67 3.85 3.95 4.09
 4.2  4.7  5.33 5.41]
var: 1.3396766666666664
| [0m78       [0m | [0m2.29     [0m | [0m0.007549 [0m | [0m22.67    [0m | [0m0.475    [0m |
[0.   0.03 0.09 0.12 0.12 0.15 0.17 0.21 0.23 0.25 0.3  0.31 0.31 0.35
 0.35 0.4  0.41 0.43 0.47 0.54 0.56 0.59 0.59 0.61 0.66 0.66 0.69 0.7
 0.73 0.73 0.75 0.75 0.76 0.82 0.86 0.9  0.91 0.92 0.92 0.95 0.98 1.
 1.01 1.04 1.28 1.29 1.3  1.31 1.37 1.39 1.39 1.44 1.52 1.55 1.57 1.72
 1.98 2.48 2.97 3.42]
var: 0.4523083055555557
| [0m79       [0m | [0m0.8718   [0m | [0m0.1649   [0m | [0m44.06    [0m | [0m0.6483   [0m |
[0.13 0.21 0.23 0.29 0.57 0.7  0.73 0.75 0.75 0.88 1.1  1.15 1.16 1.18
 1.18 1.19 1.22 1.23 1.3  1.32 1.32 1.34 1.41 1.44 1.46 1.47 1.48 1.54
 1.59 1.65 1.72 1.83 1.9  1.96 2.   2.04 2.08 2.16 2.2  2.23 2.24 2.27
 2.27 2.3  2.31 2.32 2.46 2.5  2.58 2.71 2.78 2.81 3.   3.05 3.17 3.45
 3.58 3.84 4.53 4.61]
var: 0.9727703055555554
| [0m80       [0m | [0m1.848    [0m | [0m0.03241  [0m | [0m22.72    [0m | [0m0.49     [0m |
=============================================================
None
num_trials:  40  inits,  40  iters,  60  per
rho:  0.9
pthin:  0.94

Best VPT: 2.4568333333333343
Best result: {'a': 0.00863054431735793, 'g': 22.737539148365837, 's': 0.44193450084862623}

KERNEL: nu=1.5, lengthscale=2.0, alpha=0.0005
