|   iter    |  target   |     a     |     g     |     s     |
-------------------------------------------------------------
[0.03 0.17 0.17 0.18 0.22 0.26 0.27 0.33 0.39 0.43 0.45 0.5  0.51 0.56
 0.56 0.58 0.61 0.61 0.67 0.67 0.69 0.76 0.84 0.86 0.87 0.9  0.92 0.94
 0.95 1.   1.05 1.09 1.15 1.19 1.19 1.23 1.27 1.27 1.27 1.29 1.34 1.4
 1.44 1.44 1.48 1.6  1.65 1.69 1.81 1.83 1.92 2.16 2.58 2.58 2.64 2.66
 2.67 2.67 3.03 3.35]
var: 0.6298828888888893
| [0m1        [0m | [0m1.181    [0m | [0m0.211    [0m | [0m47.22    [0m | [0m0.5727   [0m |
[0.   0.05 0.06 0.06 0.08 0.19 0.2  0.26 0.26 0.4  0.41 0.45 0.47 0.48
 0.49 0.5  0.52 0.58 0.65 0.69 0.76 0.77 0.78 0.89 0.93 0.93 0.94 0.97
 1.   1.03 1.08 1.14 1.14 1.14 1.18 1.22 1.25 1.25 1.26 1.27 1.28 1.3
 1.31 1.33 1.38 1.48 1.49 1.54 1.6  1.65 1.68 1.87 2.04 2.47 2.63 2.69
 2.79 2.91 3.   3.54]
var: 0.642546083333333
| [0m2        [0m | [0m1.129    [0m | [0m0.2134   [0m | [0m23.07    [0m | [0m1.897    [0m |
[0.03 0.05 0.13 0.16 0.18 0.28 0.32 0.32 0.4  0.48 0.5  0.54 0.59 0.6
 0.63 0.67 0.68 0.72 0.73 0.74 0.75 0.76 0.81 0.84 0.87 0.89 0.9  0.93
 0.95 0.99 1.16 1.16 1.19 1.22 1.29 1.29 1.31 1.35 1.37 1.55 1.56 1.58
 1.6  1.62 1.68 1.69 1.76 1.79 1.87 1.96 1.99 2.06 2.08 2.09 2.2  2.26
 2.34 2.53 2.76 3.17]
var: 0.5208893333333328
| [95m3        [0m | [95m1.182    [0m | [95m0.1773   [0m | [95m6.152    [0m | [95m1.98     [0m |
[0.01 0.04 0.05 0.09 0.11 0.13 0.15 0.16 0.17 0.18 0.19 0.19 0.21 0.23
 0.24 0.31 0.36 0.37 0.39 0.4  0.42 0.44 0.46 0.51 0.56 0.57 0.6  0.6
 0.68 0.69 0.74 0.83 0.84 0.86 0.88 0.91 0.92 0.94 0.95 0.95 1.05 1.07
 1.08 1.08 1.12 1.13 1.13 1.13 1.15 1.17 1.17 1.28 1.28 1.36 1.44 1.49
 1.56 1.57 1.73 2.  ]
var: 0.2384915555555557
| [0m4        [0m | [0m0.7387   [0m | [0m0.142    [0m | [0m37.51    [0m | [0m2.889    [0m |
[0.07 0.11 0.15 0.17 0.33 0.35 0.36 0.39 0.48 0.61 0.65 0.67 0.77 0.8
 0.8  0.86 0.89 0.99 1.02 1.07 1.12 1.13 1.21 1.22 1.22 1.22 1.28 1.29
 1.32 1.4  1.46 1.5  1.52 1.55 1.58 1.6  1.62 1.67 1.71 1.76 1.79 1.81
 1.85 1.86 1.96 1.97 2.04 2.04 2.09 2.12 2.16 2.19 2.37 2.39 2.63 2.78
 3.17 3.19 3.35 4.24]
var: 0.732938222222222
| [95m5        [0m | [95m1.465    [0m | [95m0.2096   [0m | [95m35.37    [0m | [95m0.517    [0m |
[0.   0.06 0.06 0.13 0.14 0.22 0.22 0.26 0.33 0.34 0.37 0.38 0.39 0.4
 0.48 0.53 0.53 0.54 0.54 0.59 0.6  0.6  0.63 0.67 0.68 0.7  0.73 0.77
 0.78 0.82 0.86 0.88 0.93 0.97 0.99 1.08 1.08 1.08 1.1  1.11 1.12 1.14
 1.15 1.16 1.23 1.28 1.3  1.32 1.39 1.4  1.46 1.49 1.5  1.63 1.75 1.78
 1.79 2.11 2.12 4.55]
var: 0.48733955555555586
| [0m6        [0m | [0m0.9373   [0m | [0m0.01575  [0m | [0m47.96    [0m | [0m2.646    [0m |
[0.06 0.08 0.15 0.15 0.15 0.16 0.2  0.25 0.28 0.29 0.35 0.38 0.4  0.42
 0.46 0.48 0.49 0.51 0.57 0.59 0.61 0.62 0.63 0.66 0.7  0.7  0.7  0.74
 0.77 0.78 0.78 0.81 0.84 0.86 0.88 0.89 0.89 0.96 1.   1.04 1.13 1.15
 1.31 1.32 1.34 1.35 1.35 1.4  1.44 1.44 1.48 1.6  1.63 1.69 1.7  1.8
 1.85 2.27 2.41 3.09]
var: 0.38208363888888947
| [0m7        [0m | [0m0.9172   [0m | [0m0.1177   [0m | [0m2.218    [0m | [0m0.9784   [0m |
[0.   0.   0.01 0.02 0.06 0.08 0.09 0.1  0.11 0.14 0.15 0.22 0.23 0.23
 0.24 0.26 0.31 0.34 0.39 0.43 0.49 0.5  0.5  0.51 0.53 0.55 0.56 0.7
 0.73 0.73 0.77 0.77 0.83 0.84 0.86 0.87 0.87 0.89 0.89 0.9  0.9  0.97
 0.99 0.99 1.08 1.08 1.3  1.38 1.43 1.69 1.75 1.78 1.78 1.82 1.83 1.84
 1.89 1.94 2.01 2.06]
var: 0.37433274999999977
| [0m8        [0m | [0m0.8035   [0m | [0m0.08112  [0m | [0m40.48    [0m | [0m2.416    [0m |
[0.01 0.03 0.04 0.18 0.39 0.45 0.47 0.57 0.58 0.6  0.61 0.69 0.71 0.72
 0.73 0.74 0.77 0.83 0.84 0.86 0.87 0.87 0.89 0.95 1.02 1.09 1.15 1.16
 1.17 1.17 1.18 1.21 1.22 1.23 1.27 1.29 1.36 1.36 1.47 1.52 1.59 1.63
 1.64 1.77 1.78 1.79 1.82 1.9  2.09 2.13 2.25 2.28 2.36 2.44 2.56 2.63
 2.68 2.88 3.02 3.25]
var: 0.5949028888888892
| [0m9        [0m | [0m1.313    [0m | [0m0.1567   [0m | [0m13.77    [0m | [0m2.262    [0m |
[0.05 0.07 0.18 0.24 0.36 0.43 0.5  0.53 0.55 0.57 0.61 0.67 0.73 0.74
 0.82 0.85 0.85 0.92 0.93 0.96 1.05 1.05 1.09 1.14 1.15 1.16 1.17 1.19
 1.2  1.2  1.21 1.21 1.23 1.29 1.29 1.31 1.36 1.44 1.46 1.46 1.48 1.51
 1.56 1.58 1.59 1.63 1.7  1.71 1.72 1.84 1.85 1.86 1.92 1.93 1.98 2.24
 2.48 2.69 2.77 2.97]
var: 0.4074836388888888
| [0m10       [0m | [0m1.254    [0m | [0m0.157    [0m | [0m30.9     [0m | [0m1.434    [0m |
[0.05 0.11 0.18 0.29 0.36 0.4  0.41 0.52 0.53 0.56 0.56 0.59 0.66 0.69
 0.7  0.71 0.75 0.77 0.84 0.88 0.92 0.93 0.95 0.97 0.97 0.99 1.03 1.03
 1.04 1.11 1.15 1.22 1.25 1.28 1.3  1.31 1.34 1.35 1.36 1.36 1.37 1.41
 1.44 1.49 1.57 1.6  1.69 1.69 1.7  1.74 1.79 1.8  1.82 1.89 1.93 2.01
 2.1  2.24 2.89 3.13]
var: 0.3905215555555553
| [0m11       [0m | [0m1.179    [0m | [0m0.2584   [0m | [0m28.73    [0m | [0m1.441    [0m |
[0.14 0.19 0.22 0.23 0.43 0.48 0.5  0.59 0.61 0.64 0.67 0.68 0.75 0.77
 0.81 0.81 0.84 0.85 0.9  0.97 0.97 1.03 1.04 1.11 1.14 1.17 1.19 1.26
 1.26 1.35 1.37 1.44 1.48 1.49 1.49 1.5  1.61 1.7  1.87 1.88 1.92 1.94
 1.99 2.06 2.19 2.35 2.4  2.43 2.44 2.49 2.64 2.71 2.74 2.82 2.89 3.4
 3.74 4.24 5.58 6.05]
var: 1.414884305555556
| [95m12       [0m | [95m1.641    [0m | [95m0.1658   [0m | [95m7.953    [0m | [95m1.04     [0m |
[0.   0.02 0.04 0.05 0.07 0.08 0.09 0.18 0.24 0.3  0.31 0.32 0.32 0.32
 0.36 0.47 0.51 0.53 0.55 0.55 0.57 0.66 0.75 0.75 0.76 0.79 0.84 0.94
 0.96 1.   1.05 1.14 1.14 1.15 1.23 1.25 1.31 1.35 1.35 1.37 1.41 1.42
 1.49 1.5  1.53 1.62 1.63 1.68 1.75 1.78 1.79 1.8  1.82 1.87 1.9  1.96
 1.97 2.07 2.12 2.19]
var: 0.4232503055555549
| [0m13       [0m | [0m1.016    [0m | [0m0.1392   [0m | [0m36.49    [0m | [0m1.975    [0m |
[0.   0.   0.05 0.05 0.11 0.18 0.19 0.21 0.24 0.25 0.26 0.27 0.31 0.32
 0.34 0.35 0.38 0.38 0.4  0.42 0.42 0.42 0.43 0.45 0.46 0.47 0.5  0.52
 0.55 0.56 0.57 0.61 0.63 0.7  0.71 0.71 0.74 0.75 0.76 0.76 0.78 0.79
 0.83 0.87 0.91 0.95 0.98 1.07 1.08 1.09 1.1  1.11 1.19 1.34 1.41 1.67
 1.74 2.08 2.27 4.1 ]
var: 0.4212616388888889
| [0m14       [0m | [0m0.7298   [0m | [0m0.2918   [0m | [0m43.58    [0m | [0m2.745    [0m |
[0.   0.01 0.02 0.03 0.04 0.09 0.11 0.14 0.17 0.18 0.18 0.23 0.27 0.28
 0.28 0.32 0.32 0.33 0.34 0.36 0.37 0.39 0.4  0.43 0.44 0.44 0.46 0.52
 0.56 0.57 0.58 0.59 0.65 0.67 0.72 0.77 0.81 0.85 0.87 0.88 0.93 0.94
 0.95 0.98 0.99 1.01 1.03 1.03 1.06 1.07 1.21 1.22 1.27 1.27 1.34 1.51
 1.73 2.01 2.56 2.68]
var: 0.3279012222222224
| [0m15       [0m | [0m0.7077   [0m | [0m0.2824   [0m | [0m33.8     [0m | [0m2.849    [0m |
[0.05 0.15 0.16 0.18 0.24 0.3  0.55 0.63 0.81 0.87 0.9  0.95 0.98 0.98
 1.   1.12 1.16 1.21 1.35 1.36 1.38 1.54 1.55 1.59 1.61 1.62 1.69 1.77
 1.78 1.83 1.84 1.85 1.97 1.99 2.11 2.15 2.24 2.27 2.34 2.36 2.58 2.59
 2.69 2.7  2.83 2.86 2.91 2.92 2.93 3.01 3.02 3.25 3.45 3.49 3.58 3.63
 3.73 4.42 4.99 6.2 ]
var: 1.5167894166666664
| [95m16       [0m | [95m2.004    [0m | [95m0.04771  [0m | [95m18.38    [0m | [95m0.747    [0m |
[0.04 0.26 0.29 0.36 0.46 0.53 0.57 0.62 0.65 0.65 0.69 0.7  0.77 0.86
 0.87 0.88 0.9  0.92 0.93 0.95 0.95 1.   1.03 1.04 1.1  1.19 1.22 1.24
 1.33 1.33 1.41 1.42 1.43 1.51 1.6  1.61 1.68 1.68 1.69 1.69 1.78 1.81
 1.85 1.87 1.88 1.89 1.97 2.03 2.04 2.12 2.28 2.34 2.34 2.48 2.67 2.74
 2.91 2.94 3.09 4.04]
var: 0.6367460000000007
| [0m17       [0m | [0m1.452    [0m | [0m0.2434   [0m | [0m16.45    [0m | [0m0.9567   [0m |
[0.   0.03 0.06 0.08 0.15 0.17 0.19 0.22 0.24 0.37 0.38 0.41 0.43 0.48
 0.51 0.51 0.52 0.63 0.65 0.68 0.68 0.72 0.78 0.78 0.79 0.79 0.8  0.81
 0.82 0.83 0.85 0.86 0.88 0.9  0.92 0.98 0.98 0.99 1.03 1.04 1.1  1.14
 1.15 1.16 1.21 1.29 1.35 1.38 1.45 1.59 1.64 1.69 1.84 1.97 2.   2.11
 2.17 2.19 3.29 3.56]
var: 0.5110210000000001
| [0m18       [0m | [0m0.987    [0m | [0m0.206    [0m | [0m38.07    [0m | [0m2.054    [0m |
[0.05 0.08 0.11 0.11 0.12 0.15 0.17 0.18 0.28 0.31 0.45 0.46 0.48 0.58
 0.61 0.62 0.64 0.68 0.71 0.77 0.81 0.88 0.95 0.97 1.03 1.04 1.06 1.07
 1.09 1.1  1.1  1.18 1.19 1.2  1.25 1.28 1.28 1.34 1.44 1.46 1.56 1.58
 1.62 1.67 1.82 1.84 1.9  1.92 1.96 1.97 2.13 2.18 2.2  2.26 2.35 2.46
 2.58 2.64 3.14 4.53]
var: 0.7423949722222224
| [0m19       [0m | [0m1.243    [0m | [0m0.2136   [0m | [0m17.66    [0m | [0m1.571    [0m |
[0.   0.05 0.06 0.08 0.1  0.15 0.18 0.19 0.2  0.22 0.22 0.32 0.35 0.35
 0.36 0.39 0.53 0.55 0.58 0.6  0.62 0.71 0.77 0.79 0.8  0.84 0.85 0.86
 0.89 0.95 0.96 0.98 0.98 1.01 1.04 1.08 1.1  1.16 1.17 1.24 1.25 1.28
 1.38 1.48 1.48 1.68 1.71 1.74 1.77 1.85 1.86 1.86 1.88 1.89 1.93 2.48
 2.54 2.57 2.61 3.21]
var: 0.5607447500000002
| [0m20       [0m | [0m1.046    [0m | [0m0.06643  [0m | [0m22.21    [0m | [0m2.834    [0m |
[0.03 0.09 0.11 0.16 0.16 0.2  0.22 0.22 0.24 0.42 0.46 0.46 0.49 0.56
 0.57 0.59 0.59 0.71 0.74 0.74 0.77 0.84 0.88 0.9  0.93 0.93 0.98 1.
 1.01 1.02 1.03 1.05 1.07 1.12 1.14 1.17 1.19 1.23 1.23 1.25 1.27 1.28
 1.3  1.32 1.39 1.4  1.41 1.52 1.61 1.66 1.73 1.96 1.96 2.04 2.09 2.18
 2.47 2.54 2.74 2.89]
var: 0.45868122222222196
| [0m21       [0m | [0m1.088    [0m | [0m0.1163   [0m | [0m7.433    [0m | [0m2.321    [0m |
[0.26 0.38 0.42 0.46 0.59 0.61 0.77 1.   1.   1.02 1.02 1.04 1.1  1.13
 1.2  1.25 1.31 1.35 1.35 1.36 1.42 1.45 1.51 1.57 1.57 1.62 1.68 1.68
 1.69 1.74 1.77 1.78 1.8  1.9  1.91 1.95 2.01 2.05 2.12 2.16 2.23 2.25
 2.41 2.56 2.7  2.7  2.74 2.87 2.91 2.93 2.99 3.07 3.08 3.18 3.45 3.78
 4.73 4.91 5.07 5.15]
var: 1.2843016388888888
| [0m22       [0m | [0m1.995    [0m | [0m0.02206  [0m | [0m32.42    [0m | [0m0.8321   [0m |
[0.02 0.08 0.1  0.1  0.1  0.11 0.16 0.21 0.22 0.24 0.25 0.26 0.27 0.29
 0.3  0.31 0.32 0.34 0.36 0.36 0.37 0.38 0.39 0.4  0.41 0.41 0.43 0.45
 0.45 0.48 0.49 0.49 0.5  0.54 0.55 0.59 0.59 0.6  0.62 0.64 0.66 0.67
 0.67 0.67 0.77 0.81 0.82 0.96 0.98 0.98 1.   1.05 1.07 1.12 1.12 1.21
 1.36 1.4  1.4  1.83]
var: 0.1480236388888886
| [0m23       [0m | [0m0.5788   [0m | [0m0.01515  [0m | [0m0.281    [0m | [0m1.26     [0m |
[0.15 0.17 0.68 1.01 1.14 1.27 1.4  1.42 1.44 1.55 1.55 1.57 1.59 1.71
 1.81 1.88 1.92 2.   2.05 2.29 2.3  2.33 2.36 2.43 2.48 2.49 2.55 2.6
 2.68 2.73 2.75 2.8  2.83 2.86 2.9  2.92 2.95 3.11 3.21 3.28 3.31 3.46
 3.46 3.51 3.6  3.67 3.94 4.03 4.08 4.11 4.19 4.2  4.47 4.53 4.59 4.82
 5.02 5.1  5.16 6.18]
var: 1.647274972222222
| [95m24       [0m | [95m2.81     [0m | [95m0.2389   [0m | [95m8.343    [0m | [95m0.2948   [0m |
[0.8  1.1  1.2  1.34 1.5  1.71 1.92 2.11 2.15 2.21 2.3  2.32 2.33 2.38
 2.41 2.42 2.48 2.55 2.61 2.78 2.8  2.85 3.04 3.08 3.1  3.27 3.31 3.52
 3.52 3.83 3.97 3.98 3.99 4.04 4.08 4.14 4.17 4.35 4.36 4.37 4.52 4.61
 4.62 4.77 4.83 4.99 5.38 5.48 5.54 5.59 5.61 5.65 5.68 5.72 5.73 5.88
 5.99 6.14 6.25 7.08]
var: 2.330317638888887
| [95m25       [0m | [95m3.741    [0m | [95m0.06285  [0m | [95m9.072    [0m | [95m0.09184  [0m |
[0.31 0.81 0.81 0.85 0.88 0.99 1.01 1.05 1.13 1.13 1.18 1.19 1.26 1.26
 1.27 1.29 1.39 1.39 1.41 1.5  1.5  1.51 1.51 1.52 1.55 1.55 1.57 1.58
 1.61 1.67 1.68 1.69 1.7  1.8  1.85 1.86 1.93 1.93 1.94 2.09 2.11 2.13
 2.21 2.22 2.36 2.37 2.4  2.46 2.51 2.54 2.57 2.6  2.62 2.64 2.66 2.74
 2.83 2.85 2.99 4.45]
var: 0.49655497222222206
| [0m26       [0m | [0m1.807    [0m | [0m0.1051   [0m | [0m33.4     [0m | [0m0.02556  [0m |
[0.   0.01 0.08 0.09 0.09 0.17 0.21 0.25 0.26 0.31 0.33 0.33 0.43 0.44
 0.53 0.55 0.56 0.59 0.6  0.65 0.65 0.72 0.74 0.8  0.81 0.82 0.84 0.87
 0.9  0.91 0.92 0.95 0.96 0.96 0.97 1.   1.   1.02 1.05 1.05 1.07 1.07
 1.1  1.21 1.25 1.26 1.27 1.28 1.64 1.72 1.84 1.86 1.97 2.14 2.38 2.42
 2.42 2.66 3.1  3.42]
var: 0.5720416666666671
| [0m27       [0m | [0m1.025    [0m | [0m0.009963 [0m | [0m38.24    [0m | [0m2.786    [0m |
[0.09 0.3  0.82 0.83 1.17 1.22 1.3  1.3  1.31 1.41 1.48 1.5  1.51 1.51
 1.52 1.55 1.61 1.63 1.68 1.71 1.77 1.82 1.86 1.86 1.87 1.87 1.9  2.01
 2.02 2.07 2.13 2.15 2.23 2.25 2.27 2.27 2.28 2.31 2.46 2.47 2.55 2.56
 2.59 2.62 2.76 2.85 2.96 3.03 3.17 3.2  3.33 3.35 3.42 3.45 3.49 3.52
 3.56 3.65 3.69 4.49]
var: 0.784286222222222
| [0m28       [0m | [0m2.193    [0m | [0m0.2321   [0m | [0m5.16     [0m | [0m0.3776   [0m |
[0.03 0.12 0.13 0.22 0.23 0.31 0.32 0.36 0.4  0.4  0.43 0.5  0.51 0.56
 0.56 0.63 0.67 0.71 0.73 0.78 0.81 0.9  0.94 0.96 0.99 1.01 1.01 1.05
 1.16 1.16 1.16 1.18 1.21 1.26 1.29 1.29 1.3  1.33 1.33 1.4  1.4  1.41
 1.51 1.54 1.57 1.62 1.68 1.74 1.75 1.77 1.81 1.83 1.88 2.04 2.12 2.6
 3.05 3.18 3.73 4.27]
var: 0.7164028888888896
| [0m29       [0m | [0m1.231    [0m | [0m0.03084  [0m | [0m8.262    [0m | [0m2.857    [0m |
[0.02 0.03 0.03 0.05 0.19 0.21 0.27 0.31 0.45 0.51 0.54 0.6  0.61 0.66
 0.67 0.74 0.77 0.79 0.79 0.81 0.81 0.82 0.83 0.83 0.88 0.89 0.89 0.92
 0.96 0.98 1.   1.02 1.1  1.13 1.14 1.15 1.16 1.17 1.18 1.23 1.25 1.27
 1.36 1.37 1.41 1.42 1.5  1.51 1.64 1.77 1.82 1.88 1.88 1.94 2.04 2.16
 2.33 2.69 2.71 2.93]
var: 0.44021655555555494
| [0m30       [0m | [0m1.1      [0m | [0m0.1393   [0m | [0m26.9     [0m | [0m1.801    [0m |
[0.26 0.5  0.88 0.98 1.68 1.71 1.73 1.75 1.82 1.83 1.84 1.91 1.92 2.02
 2.12 2.17 2.26 2.39 2.48 2.5  2.6  2.62 2.62 2.67 2.74 2.8  2.94 2.99
 3.   3.04 3.14 3.16 3.26 3.28 3.36 3.37 3.38 3.39 3.41 3.42 3.53 3.59
 3.76 3.78 3.82 3.85 4.   4.04 4.11 4.14 4.15 4.17 4.19 4.86 5.   5.09
 5.11 5.25 6.51 7.03]
var: 1.7043115555555546
| [0m31       [0m | [0m3.099    [0m | [0m0.1145   [0m | [0m11.66    [0m | [0m0.21     [0m |
[0.09 0.09 0.19 0.24 0.25 0.25 0.27 0.29 0.31 0.31 0.31 0.33 0.4  0.41
 0.42 0.51 0.59 0.65 0.68 0.74 0.76 0.79 0.8  0.81 0.81 0.86 0.87 0.97
 1.02 1.09 1.14 1.2  1.21 1.23 1.23 1.34 1.52 1.53 1.61 1.62 1.63 1.67
 1.73 1.89 1.92 2.06 2.18 2.23 2.3  2.31 2.4  2.43 2.57 2.66 3.01 3.09
 3.12 3.55 3.78 5.62]
var: 1.1789383055555551
| [0m32       [0m | [0m1.365    [0m | [0m0.008598 [0m | [0m2.807    [0m | [0m1.378    [0m |
[0.02 0.03 0.04 0.07 0.07 0.17 0.35 0.38 0.52 0.53 0.58 0.61 0.64 0.7
 0.75 0.77 0.77 0.82 0.82 0.82 0.83 0.87 0.93 0.93 0.96 0.98 1.02 1.05
 1.1  1.2  1.21 1.21 1.22 1.24 1.38 1.39 1.4  1.4  1.47 1.54 1.55 1.57
 1.62 1.65 1.7  1.73 1.83 1.85 1.88 2.02 2.02 2.1  2.22 2.25 2.28 2.31
 2.54 2.81 2.99 3.41]
var: 0.5781993333333336
| [0m33       [0m | [0m1.252    [0m | [0m0.1546   [0m | [0m22.47    [0m | [0m1.614    [0m |
[0.09 0.16 0.16 0.28 0.3  0.3  0.32 0.32 0.33 0.36 0.39 0.43 0.43 0.43
 0.46 0.46 0.48 0.5  0.52 0.54 0.54 0.56 0.57 0.57 0.58 0.59 0.6  0.61
 0.65 0.68 0.68 0.69 0.69 0.76 0.76 0.78 0.79 0.8  0.85 0.86 0.87 0.92
 0.93 0.94 0.94 0.95 0.96 1.   1.02 1.02 1.1  1.15 1.15 1.18 1.24 1.4
 1.48 1.69 1.73 2.36]
var: 0.17147388888888862
| [0m34       [0m | [0m0.7483   [0m | [0m0.03559  [0m | [0m17.75    [0m | [0m0.01004  [0m |
[0.02 0.07 0.08 0.13 0.18 0.19 0.2  0.21 0.26 0.4  0.4  0.4  0.54 0.54
 0.57 0.59 0.59 0.67 0.72 0.82 0.82 0.91 0.92 0.99 1.05 1.08 1.13 1.14
 1.14 1.16 1.17 1.18 1.23 1.31 1.4  1.44 1.45 1.46 1.56 1.59 1.79 1.79
 1.85 1.96 1.98 2.01 2.08 2.17 2.35 2.39 2.52 2.67 2.86 3.01 3.03 3.19
 3.36 3.41 3.53 3.83]
var: 0.9976660833333334
| [0m35       [0m | [0m1.392    [0m | [0m0.1672   [0m | [0m19.84    [0m | [0m1.049    [0m |
[0.52 0.85 0.94 1.02 1.04 1.05 1.15 1.33 1.54 1.58 1.61 1.64 1.64 1.8
 1.84 1.89 1.91 1.94 2.03 2.04 2.22 2.3  2.4  2.44 2.53 2.53 2.56 2.59
 2.6  2.61 2.66 2.83 2.86 2.87 2.89 2.95 3.03 3.09 3.18 3.2  3.21 3.26
 3.36 3.41 3.43 3.46 3.5  3.78 3.92 3.95 3.95 3.97 3.99 4.31 4.39 4.4
 4.58 5.   5.1  5.15]
var: 1.2823132222222218
| [0m36       [0m | [0m2.73     [0m | [0m0.236    [0m | [0m5.649    [0m | [0m0.2733   [0m |
[0.05 0.07 0.08 0.11 0.11 0.12 0.12 0.13 0.26 0.28 0.36 0.37 0.37 0.42
 0.56 0.59 0.6  0.85 0.89 0.93 0.95 0.99 1.04 1.05 1.06 1.06 1.17 1.17
 1.25 1.28 1.31 1.32 1.35 1.35 1.36 1.37 1.43 1.56 1.59 1.64 1.65 1.65
 1.68 1.85 1.94 2.01 2.09 2.15 2.18 2.34 2.35 2.51 2.53 2.62 2.68 2.78
 3.13 3.32 4.79 5.13]
var: 1.138677638888889
| [0m37       [0m | [0m1.399    [0m | [0m0.187    [0m | [0m17.48    [0m | [0m1.159    [0m |
[0.   0.   0.01 0.04 0.05 0.05 0.07 0.11 0.16 0.43 0.47 0.47 0.49 0.49
 0.49 0.55 0.57 0.62 0.64 0.65 0.78 0.79 0.79 0.8  0.8  0.81 0.85 0.87
 0.89 0.89 0.91 0.95 0.98 0.98 0.98 1.02 1.06 1.13 1.13 1.2  1.21 1.22
 1.28 1.32 1.36 1.36 1.5  1.58 1.67 1.71 1.91 1.93 2.   2.04 2.15 2.24
 2.32 2.42 2.44 2.66]
var: 0.4698827499999999
| [0m38       [0m | [0m1.022    [0m | [0m0.1357   [0m | [0m36.05    [0m | [0m2.303    [0m |
[0.   0.02 0.08 0.13 0.17 0.18 0.18 0.23 0.38 0.38 0.4  0.42 0.42 0.44
 0.47 0.55 0.6  0.62 0.68 0.69 0.69 0.75 0.77 0.78 0.79 0.87 0.92 0.95
 1.01 1.05 1.07 1.08 1.14 1.17 1.22 1.23 1.25 1.27 1.28 1.3  1.33 1.39
 1.41 1.59 1.66 1.71 1.72 1.77 1.8  1.9  1.96 2.03 2.14 2.21 2.61 2.69
 2.79 3.02 3.3  4.08]
var: 0.7450023333333334
| [0m39       [0m | [0m1.179    [0m | [0m0.0312   [0m | [0m19.44    [0m | [0m2.434    [0m |
[0.05 0.07 0.12 0.22 0.23 0.27 0.27 0.33 0.39 0.4  0.41 0.42 0.45 0.5
 0.64 0.68 0.98 1.06 1.09 1.1  1.19 1.22 1.24 1.24 1.26 1.31 1.48 1.52
 1.63 1.64 1.67 1.69 1.72 1.87 1.89 1.92 1.95 1.97 2.05 2.06 2.07 2.08
 2.09 2.1  2.12 2.16 2.3  2.41 2.41 2.51 2.54 2.55 2.56 2.65 2.68 2.89
 2.92 3.38 3.61 4.15]
var: 0.9171009999999999
| [0m40       [0m | [0m1.573    [0m | [0m0.2431   [0m | [0m21.46    [0m | [0m0.5553   [0m |
[1.   1.03 1.06 1.12 1.16 1.26 1.5  1.54 1.66 1.67 1.71 1.72 1.73 1.75
 1.78 1.79 1.86 1.88 2.   2.17 2.23 2.27 2.31 2.42 2.43 2.43 2.64 2.69
 2.71 2.71 2.78 2.79 2.81 2.83 2.84 2.88 3.   3.08 3.09 3.1  3.23 3.35
 3.76 3.94 4.06 4.11 4.32 4.41 4.41 4.48 4.49 4.59 4.62 4.74 4.98 5.19
 5.35 5.94 7.4  7.88]
var: 2.246104888888889
| [0m41       [0m | [0m3.011    [0m | [0m0.1585   [0m | [0m10.06    [0m | [0m0.05531  [0m |
[0.13 0.8  0.92 1.13 1.28 1.29 1.31 1.34 1.35 1.35 1.45 1.51 1.55 1.6
 1.63 1.7  1.72 1.72 1.74 1.78 1.8  1.8  1.81 1.91 1.94 1.94 1.95 1.96
 2.06 2.13 2.14 2.15 2.23 2.27 2.3  2.34 2.4  2.43 2.46 2.54 2.55 2.56
 2.58 2.61 2.79 2.85 2.89 2.94 3.02 3.03 3.22 3.25 3.26 3.3  3.86 3.86
 4.11 4.63 5.55 6.8 ]
var: 1.212978222222222
| [0m42       [0m | [0m2.325    [0m | [0m0.2771   [0m | [0m9.222    [0m | [0m0.4292   [0m |
[0.18 0.19 0.44 0.52 0.65 0.7  0.71 0.75 0.92 0.98 1.   1.08 1.12 1.23
 1.3  1.32 1.35 1.44 1.45 1.5  1.5  1.51 1.59 1.6  1.64 1.65 1.69 1.74
 1.8  1.82 1.85 1.86 1.86 1.9  1.9  1.93 1.94 1.95 1.96 1.97 1.99 1.99
 2.   2.11 2.11 2.14 2.15 2.18 2.19 2.21 2.21 2.23 2.24 2.25 2.44 2.78
 2.9  3.12 3.71 4.24]
var: 0.5629993333333333
| [0m43       [0m | [0m1.728    [0m | [0m0.0628   [0m | [0m8.711    [0m | [0m0.01674  [0m |
[0.08 0.14 0.19 0.25 0.29 0.29 0.37 0.4  0.44 0.46 0.48 0.5  0.51 0.52
 0.67 0.68 0.72 0.73 0.82 0.84 0.88 0.97 1.   1.09 1.11 1.22 1.24 1.33
 1.33 1.37 1.39 1.43 1.49 1.52 1.53 1.57 1.61 1.61 1.62 1.64 1.69 1.76
 1.81 1.97 1.97 2.03 2.04 2.11 2.13 2.15 2.21 2.59 2.59 2.91 2.94 2.96
 3.23 4.22 4.73 5.86]
var: 1.250936972222223
| [0m44       [0m | [0m1.504    [0m | [0m0.2735   [0m | [0m21.5     [0m | [0m0.7879   [0m |
[1.13 1.17 1.68 1.79 1.92 2.27 2.83 2.84 2.86 2.9  2.99 3.03 3.06 3.07
 3.23 3.35 3.46 3.58 3.61 3.63 3.71 3.75 3.83 3.84 3.94 3.95 4.03 4.03
 4.11 4.11 4.14 4.22 4.29 4.31 4.36 4.38 4.47 4.53 4.66 4.67 4.69 4.71
 4.72 4.75 4.79 4.83 4.84 4.93 4.97 5.05 5.2  5.52 5.59 5.76 6.   6.46
 6.47 6.49 6.76 7.41]
var: 1.727686972222222
| [95m45       [0m | [95m4.128    [0m | [95m0.007963 [0m | [95m9.278    [0m | [95m0.05159  [0m |
[0.27 0.41 0.52 0.53 0.54 0.57 0.69 0.82 0.86 1.38 1.51 1.52 1.56 1.68
 1.72 1.75 1.85 1.99 2.03 2.3  2.3  2.47 2.53 2.54 2.7  2.71 2.71 2.85
 2.98 3.09 3.22 3.42 3.57 3.62 3.65 3.67 3.69 3.98 4.11 4.18 4.2  4.2
 4.35 4.41 4.47 4.56 4.73 4.85 4.95 5.29 5.46 5.56 5.57 5.58 6.05 6.08
 6.39 7.43 7.45 8.81]
var: 3.8059748888888896
| [0m46       [0m | [0m3.315    [0m | [0m0.001163 [0m | [0m9.418    [0m | [0m0.1594   [0m |
[0.12 0.25 0.26 0.33 0.36 0.37 0.48 0.48 0.58 0.6  0.61 0.68 0.69 0.71
 0.75 0.77 0.77 0.8  0.84 0.85 0.89 0.91 0.99 0.99 1.04 1.04 1.05 1.1
 1.15 1.16 1.16 1.22 1.25 1.3  1.3  1.34 1.35 1.38 1.39 1.48 1.49 1.53
 1.56 1.56 1.86 1.9  1.94 1.95 1.99 2.   2.05 2.06 2.31 2.49 2.54 3.33
 3.44 3.53 3.83 4.1 ]
var: 0.8003843055555552
| [0m47       [0m | [0m1.371    [0m | [0m0.08603  [0m | [0m46.35    [0m | [0m0.824    [0m |
[0.01 0.02 0.03 0.03 0.06 0.07 0.08 0.09 0.12 0.15 0.17 0.17 0.22 0.26
 0.39 0.4  0.42 0.43 0.45 0.48 0.49 0.51 0.51 0.54 0.55 0.56 0.57 0.59
 0.6  0.73 0.78 0.79 0.79 0.83 0.89 0.92 0.92 0.93 0.96 0.99 1.01 1.02
 1.03 1.11 1.15 1.19 1.35 1.4  1.49 1.52 1.71 1.78 1.78 2.01 2.2  2.25
 2.37 2.52 2.52 3.07]
var: 0.5323843333333333
| [0m48       [0m | [0m0.883    [0m | [0m0.06014  [0m | [0m42.7     [0m | [0m2.481    [0m |
[0.   0.01 0.05 0.06 0.07 0.14 0.17 0.21 0.27 0.28 0.32 0.36 0.42 0.5
 0.54 0.57 0.7  0.77 0.78 0.82 0.82 0.84 0.88 0.93 0.94 1.01 1.07 1.07
 1.08 1.09 1.13 1.16 1.18 1.26 1.28 1.32 1.35 1.41 1.42 1.54 1.61 1.7
 1.78 1.85 1.87 1.88 1.89 1.9  1.94 2.03 2.1  2.17 2.24 2.26 2.31 2.33
 2.38 2.74 2.76 3.79]
var: 0.6717354166666661
| [0m49       [0m | [0m1.223    [0m | [0m0.1839   [0m | [0m47.62    [0m | [0m0.7498   [0m |
[0.   0.   0.   0.   0.   0.   0.   0.   0.   0.   0.   0.   0.   0.
 0.   0.01 0.01 0.01 0.01 0.01 0.01 0.01 0.02 0.02 0.02 0.02 0.02 0.02
 0.03 0.03 0.03 0.04 0.04 0.04 0.04 0.04 0.04 0.04 0.05 0.06 0.07 0.07
 0.07 0.08 0.08 0.08 0.1  0.11 0.13 0.14 0.14 0.16 0.16 0.17 0.19 0.2
 0.21 0.29 0.34 0.35]
var: 0.006929416666666745
| [0m50       [0m | [0m0.0635   [0m | [0m0.191    [0m | [0m9.27     [0m | [0m0.001    [0m |
[1.07 1.24 1.26 1.62 1.69 1.81 1.81 1.85 1.9  2.32 2.36 2.53 2.53 2.55
 2.59 2.75 2.89 2.94 2.95 3.01 3.15 3.16 3.22 3.43 3.51 3.53 3.66 3.68
 3.72 3.82 3.85 3.96 3.97 4.08 4.09 4.11 4.21 4.22 4.23 4.35 4.36 4.42
 4.46 4.48 4.49 4.5  4.54 4.69 4.75 4.94 5.11 5.18 5.2  5.34 5.52 5.54
 6.02 6.15 7.12 7.59]
var: 1.9632432222222227
| [0m51       [0m | [0m3.734    [0m | [0m0.04968  [0m | [0m9.295    [0m | [0m0.09299  [0m |
[0.21 0.22 0.24 0.62 0.68 0.73 1.11 1.51 1.54 1.79 1.82 1.86 1.89 1.97
 2.09 2.28 2.31 2.31 2.35 2.37 2.37 2.42 2.44 2.61 2.62 2.78 2.84 2.85
 2.86 2.89 2.92 2.94 2.96 3.   3.05 3.06 3.09 3.43 3.47 3.5  3.51 3.51
 3.54 3.56 3.69 3.94 4.06 4.06 4.08 4.29 4.35 4.47 4.54 5.3  5.62 5.79
 6.54 7.23 7.49 8.09]
var: 2.8131512222222237
| [0m52       [0m | [0m3.094    [0m | [0m0.08313  [0m | [0m9.396    [0m | [0m0.2838   [0m |
[0.28 0.5  0.74 1.02 1.15 1.51 1.52 1.88 2.05 2.12 2.18 2.22 2.47 2.48
 3.05 3.16 3.16 3.27 3.31 3.33 3.51 3.68 3.69 3.69 3.71 3.72 3.79 3.81
 4.15 4.16 4.29 4.3  4.32 4.32 4.36 4.39 4.46 4.5  4.64 4.77 4.84 4.94
 5.03 5.11 5.15 5.2  5.26 5.27 5.37 5.51 5.62 5.77 5.83 5.91 6.03 6.08
 6.31 6.69 6.98 7.26]
var: 2.7159898888888887
| [0m53       [0m | [0m3.964    [0m | [0m0.00901  [0m | [0m9.243    [0m | [0m0.1207   [0m |
[0.48 0.55 1.02 1.02 1.2  1.39 1.53 1.54 1.6  1.61 1.62 1.72 1.75 1.82
 1.84 1.9  1.92 1.95 2.03 2.04 2.06 2.07 2.09 2.15 2.15 2.16 2.22 2.23
 2.24 2.29 2.39 2.51 2.58 2.61 2.67 2.71 2.85 2.9  2.92 2.93 3.   3.01
 3.04 3.11 3.19 3.2  3.23 3.27 3.3  3.39 3.41 3.43 3.49 3.51 3.86 4.3
 4.91 4.96 5.33 6.47]
var: 1.2264903055555547
| [0m54       [0m | [0m2.578    [0m | [0m0.06076  [0m | [0m9.042    [0m | [0m0.02697  [0m |
[0.35 0.52 0.7  0.89 1.52 1.59 2.3  2.4  2.41 2.45 2.47 2.49 2.51 2.56
 2.58 2.73 2.81 2.88 2.9  2.95 3.13 3.15 3.34 3.43 3.58 3.58 3.69 3.72
 3.74 3.78 3.81 3.83 3.86 3.96 4.04 4.04 4.04 4.15 4.2  4.26 4.29 4.35
 4.46 4.49 4.6  4.7  4.7  4.91 4.96 5.1  5.19 5.43 5.56 5.8  5.92 6.18
 6.2  6.25 6.47 6.89]
var: 2.1912149722222214
| [0m55       [0m | [0m3.73     [0m | [0m0.04718  [0m | [0m8.942    [0m | [0m0.1453   [0m |
[0.39 1.08 1.18 1.29 1.3  1.31 1.39 1.66 1.67 1.69 1.8  1.93 2.03 2.23
 2.25 2.35 2.4  2.41 2.5  2.5  2.51 2.61 2.67 2.69 2.73 2.8  2.81 2.97
 3.04 3.08 3.11 3.14 3.16 3.21 3.22 3.26 3.27 3.31 3.37 3.43 3.47 3.48
 3.73 3.76 3.78 3.83 3.85 3.92 4.13 4.25 4.37 4.42 4.49 4.52 4.72 4.76
 5.23 5.42 5.93 6.16]
var: 1.4835536388888886
| [0m56       [0m | [0m3.066    [0m | [0m0.1348   [0m | [0m8.977    [0m | [0m0.1546   [0m |
[0.   0.   0.   0.   0.   0.   0.   0.   0.   0.   0.   0.   0.   0.
 0.   0.   0.   0.   0.   0.   0.   0.   0.01 0.01 0.02 0.02 0.02 0.02
 0.03 0.03 0.03 0.03 0.04 0.04 0.06 0.06 0.09 0.09 0.1  0.13 0.14 0.16
 0.19 0.24 0.25 0.38 0.4  0.43 0.43 0.51 0.55 0.62 0.74 0.83 0.97 1.03
 1.12 1.39 1.69 2.7 ]
var: 0.23993999999999993
| [0m57       [0m | [0m0.26     [0m | [0m1e-08    [0m | [0m9.074    [0m | [0m0.1905   [0m |
[0.86 0.99 1.23 1.3  1.47 1.5  1.53 1.54 1.64 1.74 1.74 1.81 1.95 1.97
 1.97 2.04 2.05 2.08 2.22 2.22 2.27 2.28 2.28 2.3  2.42 2.43 2.44 2.48
 2.54 2.73 2.74 2.78 2.85 2.9  2.91 2.94 2.95 3.03 3.11 3.11 3.2  3.46
 3.51 3.52 3.53 3.54 3.62 3.63 3.75 3.78 3.81 4.   4.44 4.58 4.58 4.66
 4.73 4.84 6.49 6.53]
var: 1.4244556666666663
| [0m58       [0m | [0m2.859    [0m | [0m0.2426   [0m | [0m5.673    [0m | [0m0.2423   [0m |
[0.85 0.92 0.94 1.01 1.02 1.03 1.05 1.07 1.1  1.12 1.12 1.2  1.22 1.23
 1.35 1.37 1.52 1.57 1.61 1.63 1.64 1.64 1.71 1.71 1.74 1.77 1.83 1.84
 1.86 1.86 1.93 1.93 1.93 1.99 2.   2.03 2.04 2.07 2.09 2.09 2.12 2.13
 2.17 2.17 2.18 2.22 2.32 2.36 2.36 2.65 2.7  2.87 3.01 3.05 3.07 3.1
 3.19 3.63 4.02 4.5 ]
var: 0.5939754166666666
| [0m59       [0m | [0m1.958    [0m | [0m0.02982  [0m | [0m9.346    [0m | [0m0.01692  [0m |
[0.08 0.49 1.02 1.12 1.14 1.4  1.66 1.75 1.78 2.25 2.43 2.44 2.47 2.57
 2.57 2.59 2.59 2.6  2.6  2.7  2.71 2.86 2.88 2.91 3.05 3.09 3.11 3.12
 3.35 3.4  3.49 3.5  3.62 3.63 3.68 3.75 3.79 3.8  3.84 3.85 3.91 4.07
 4.11 4.17 4.19 4.2  4.24 4.26 4.3  4.37 4.45 4.53 4.73 4.74 5.07 5.48
 5.89 5.95 6.92 7.92]
var: 2.0645532222222234
| [0m60       [0m | [0m3.386    [0m | [0m0.1347   [0m | [0m9.052    [0m | [0m0.1402   [0m |
[0.34 1.12 1.48 1.81 1.94 2.46 2.48 2.61 2.63 2.66 2.69 2.92 2.97 2.98
 3.07 3.14 3.18 3.21 3.28 3.76 3.81 3.86 3.92 3.96 4.06 4.12 4.15 4.15
 4.25 4.26 4.27 4.3  4.44 4.6  4.72 4.74 4.86 4.96 4.97 5.09 5.1  5.21
 5.23 5.29 5.3  5.59 5.77 5.79 5.8  5.85 5.92 6.04 6.06 6.07 6.27 6.33
 6.54 6.85 7.13 7.67]
var: 2.4017647500000003
| [95m61       [0m | [95m4.301    [0m | [95m0.00549  [0m | [95m8.935    [0m | [95m0.1042   [0m |
[0.   0.01 0.02 0.03 0.08 0.09 0.09 0.12 0.15 0.24 0.35 0.38 0.38 0.41
 0.51 0.51 0.52 0.52 0.55 0.6  0.66 0.66 0.7  0.71 0.78 0.79 0.82 0.82
 0.87 0.9  0.92 0.96 0.99 1.07 1.08 1.08 1.1  1.16 1.17 1.2  1.28 1.29
 1.4  1.41 1.5  1.51 1.54 1.63 1.66 1.7  1.73 1.74 1.74 1.77 1.89 1.99
 2.25 2.56 3.27 4.63]
var: 0.6808627500000006
| [0m62       [0m | [0m1.042    [0m | [0m0.2669   [0m | [0m35.37    [0m | [0m1.129    [0m |
[1.41 1.57 1.7  1.83 1.93 1.95 1.97 2.15 2.3  2.4  2.55 2.68 2.69 2.69
 2.99 3.04 3.08 3.15 3.23 3.3  3.31 3.4  3.41 3.45 3.54 3.56 3.57 3.63
 3.7  3.7  3.8  3.97 4.27 4.31 4.35 4.35 4.36 4.36 4.37 4.44 4.49 4.57
 4.93 4.96 4.98 5.1  5.11 5.14 5.22 5.27 5.51 5.61 5.67 5.88 6.09 6.31
 6.43 6.54 6.86 7.62]
var: 2.067844305555555
| [0m63       [0m | [0m3.979    [0m | [0m0.008638 [0m | [0m8.883    [0m | [0m0.05389  [0m |
[0.47 0.7  1.19 1.37 1.6  1.65 1.74 1.84 2.02 2.04 2.06 2.17 2.4  2.42
 2.74 2.79 2.81 2.82 2.9  2.91 2.93 2.99 3.   3.06 3.08 3.1  3.12 3.13
 3.24 3.34 3.37 3.57 3.64 3.7  3.71 3.74 3.75 3.78 3.84 3.86 3.89 3.98
 4.04 4.11 4.16 4.27 4.33 4.38 4.45 4.45 4.48 4.49 5.35 5.7  5.77 6.68
 6.81 7.69 8.37 9.14]
var: 2.829481416666668
| [0m64       [0m | [0m3.586    [0m | [0m0.05962  [0m | [0m9.289    [0m | [0m0.2024   [0m |
[0.16 0.94 0.94 1.94 2.16 2.19 2.33 2.4  2.43 2.51 2.57 2.57 2.69 2.76
 2.78 2.78 2.84 2.96 3.1  3.2  3.31 3.32 3.35 3.41 3.43 3.45 3.47 3.5
 3.68 3.71 3.71 3.73 3.84 3.87 3.99 4.09 4.09 4.11 4.11 4.12 4.23 4.26
 4.26 4.36 4.38 4.46 4.54 4.68 4.76 4.81 4.97 5.2  5.25 5.48 5.68 5.9
 7.09 8.43 9.25 9.64]
var: 2.9111447500000005
| [0m65       [0m | [0m3.87     [0m | [0m0.07891  [0m | [0m8.9      [0m | [0m0.1079   [0m |
[ 0.73  1.82  1.87  1.99  2.01  2.01  2.02  2.06  2.07  2.21  2.23  2.34
  2.34  2.34  2.37  2.39  2.52  2.59  2.66  2.83  2.85  2.87  2.87  2.88
  3.04  3.14  3.41  3.71  3.75  3.85  3.87  3.87  3.9   3.94  3.94  4.11
  4.15  4.15  4.25  4.36  4.43  4.45  4.54  4.61  4.62  4.74  4.85  5.07
  5.18  5.59  5.98  6.    6.17  6.21  6.21  6.33  6.73  6.92  7.88 10.3 ]
var: 3.0614782222222234
| [0m66       [0m | [0m3.885    [0m | [0m0.02023  [0m | [0m8.822    [0m | [0m0.1326   [0m |
[0.37 0.67 0.86 0.87 1.49 1.57 1.63 1.67 1.82 1.83 1.84 2.13 2.35 2.44
 2.44 2.46 2.62 2.74 2.77 2.8  2.84 2.94 2.97 2.98 2.99 3.17 3.18 3.28
 3.31 3.34 3.35 3.4  3.42 3.45 3.7  3.7  3.72 3.76 3.97 4.06 4.22 4.23
 4.27 4.29 4.31 4.43 4.52 4.66 4.68 4.84 4.98 5.18 5.24 5.39 5.42 5.5
 5.65 5.71 6.55 8.56]
var: 2.3200036388888905
| [0m67       [0m | [0m3.459    [0m | [0m0.09703  [0m | [0m9.255    [0m | [0m0.1536   [0m |
[0.09 0.16 0.23 0.24 0.25 0.54 0.55 0.56 0.58 0.6  0.66 0.76 0.77 0.79
 0.81 0.81 0.85 0.9  1.   1.   1.04 1.08 1.09 1.1  1.14 1.19 1.24 1.29
 1.33 1.36 1.38 1.45 1.5  1.52 1.55 1.6  1.63 1.68 1.72 1.76 1.79 1.79
 1.86 1.89 1.92 1.95 1.97 1.98 1.99 1.99 2.02 2.1  2.11 2.28 2.29 2.37
 2.58 2.74 3.13 3.84]
var: 0.5632827499999998
| [0m68       [0m | [0m1.407    [0m | [0m0.2382   [0m | [0m9.508    [0m | [0m1.563    [0m |
[0.12 0.13 0.27 0.27 0.29 0.29 0.3  0.3  0.37 0.48 0.51 0.52 0.63 0.64
 0.66 0.7  0.71 0.72 0.79 0.79 0.81 0.85 0.94 0.94 0.95 0.99 1.02 1.04
 1.06 1.06 1.06 1.15 1.16 1.21 1.25 1.28 1.29 1.31 1.34 1.49 1.5  1.54
 1.58 1.65 1.65 1.66 1.71 1.72 1.79 1.83 1.85 1.85 1.86 1.87 2.1  2.46
 2.47 2.5  2.9  3.87]
var: 0.5318509722222212
| [0m69       [0m | [0m1.201    [0m | [0m0.2227   [0m | [0m40.98    [0m | [0m0.5754   [0m |
[0.15 0.54 0.66 0.67 0.97 1.08 1.15 1.23 1.3  1.61 1.65 1.78 2.03 2.16
 2.18 2.18 2.22 2.32 2.43 2.49 2.57 2.8  3.02 3.03 3.06 3.07 3.11 3.19
 3.21 3.25 3.51 3.55 3.57 3.68 3.79 3.86 3.89 3.91 3.91 3.92 3.94 3.96
 3.96 3.99 4.12 4.15 4.17 4.53 4.58 4.79 4.85 4.86 5.06 5.08 5.14 5.23
 5.55 5.97 6.24 9.71]
var: 2.7401565555555565
| [0m70       [0m | [0m3.31     [0m | [0m0.04588  [0m | [0m8.833    [0m | [0m0.2364   [0m |
[0.   0.02 0.02 0.02 0.03 0.04 0.05 0.05 0.07 0.09 0.09 0.14 0.15 0.2
 0.21 0.22 0.32 0.32 0.33 0.39 0.4  0.41 0.42 0.44 0.46 0.48 0.48 0.48
 0.51 0.51 0.55 0.56 0.59 0.6  0.61 0.62 0.72 0.73 0.78 0.8  0.85 0.85
 0.87 0.91 0.98 1.02 1.03 1.05 1.07 1.08 1.12 1.23 1.25 1.39 1.39 1.63
 1.68 1.8  2.42 2.43]
var: 0.31230733333333327
| [0m71       [0m | [0m0.666    [0m | [0m0.2501   [0m | [0m40.19    [0m | [0m2.833    [0m |
[1.03 1.04 1.16 1.22 1.66 1.72 1.89 2.06 2.11 2.14 2.23 2.24 2.24 2.26
 2.41 2.49 2.6  2.67 2.72 2.73 2.78 2.79 2.93 2.98 3.16 3.21 3.27 3.31
 3.37 3.37 3.43 3.43 3.44 3.47 3.59 3.62 3.64 3.66 3.72 3.72 3.9  4.02
 4.04 4.11 4.13 4.14 4.2  4.27 4.46 4.59 4.62 4.67 4.7  4.7  4.84 4.97
 6.22 6.64 7.3  7.79]
var: 1.9257498888888889
| [0m72       [0m | [0m3.43     [0m | [0m0.09089  [0m | [0m11.57    [0m | [0m0.1224   [0m |
[0.02 0.03 0.05 0.05 0.14 0.17 0.26 0.29 0.36 0.44 0.47 0.5  0.5  0.51
 0.51 0.56 0.61 0.63 0.65 0.74 0.75 0.76 0.84 0.9  0.9  0.92 1.03 1.12
 1.12 1.18 1.19 1.24 1.24 1.25 1.25 1.27 1.29 1.32 1.32 1.34 1.42 1.44
 1.47 1.66 1.68 1.71 1.81 1.85 1.86 1.98 2.26 2.3  2.41 2.42 2.56 2.59
 2.71 3.01 3.39 3.67]
var: 0.7287093333333339
| [0m73       [0m | [0m1.232    [0m | [0m0.03092  [0m | [0m26.29    [0m | [0m1.709    [0m |
[0.   0.02 0.02 0.06 0.12 0.16 0.2  0.21 0.24 0.25 0.27 0.29 0.3  0.32
 0.37 0.38 0.41 0.44 0.47 0.5  0.55 0.6  0.6  0.61 0.62 0.65 0.7  0.77
 0.79 0.82 0.87 0.9  0.95 0.95 0.97 0.98 1.   1.02 1.04 1.04 1.06 1.07
 1.18 1.19 1.2  1.2  1.47 1.48 1.73 1.78 1.78 1.93 1.96 1.96 2.12 2.19
 2.23 2.34 2.38 4.11]
var: 0.5898665555555554
| [0m74       [0m | [0m0.9637   [0m | [0m0.1482   [0m | [0m48.92    [0m | [0m1.321    [0m |
[0.05 0.05 0.1  0.15 0.29 0.31 0.35 0.36 0.51 0.62 0.66 0.85 0.96 1.08
 1.11 1.12 1.13 1.18 1.23 1.28 1.29 1.35 1.37 1.39 1.4  1.52 1.54 1.55
 1.61 1.62 1.74 1.75 1.76 1.8  1.84 1.85 1.85 1.88 1.93 1.98 1.99 2.1
 2.19 2.21 2.23 2.43 2.44 2.44 2.57 2.61 2.63 2.67 2.68 2.76 2.77 2.83
 3.54 3.55 3.57 4.47]
var: 0.906368305555555
| [0m75       [0m | [0m1.685    [0m | [0m0.02299  [0m | [0m44.33    [0m | [0m0.6124   [0m |
[0.02 0.07 0.13 0.22 0.25 0.31 0.31 0.34 0.41 0.42 0.45 0.45 0.57 0.6
 0.62 0.65 0.65 0.69 0.73 0.75 0.81 0.95 1.05 1.15 1.16 1.17 1.29 1.31
 1.33 1.36 1.37 1.54 1.61 1.69 1.7  1.7  1.72 1.77 1.79 1.82 1.87 1.9
 1.9  2.15 2.28 2.3  2.33 2.36 2.37 2.39 2.44 2.49 2.58 2.6  2.78 2.83
 3.89 3.92 4.33 5.8 ]
var: 1.273139555555555
| [0m76       [0m | [0m1.541    [0m | [0m0.02896  [0m | [0m21.78    [0m | [0m1.622    [0m |
[1.15 1.29 1.47 1.56 1.75 1.88 1.9  2.18 2.28 2.29 2.29 2.4  2.61 2.62
 2.7  2.78 2.81 2.87 2.89 2.91 2.94 2.96 2.98 3.01 3.02 3.06 3.08 3.1
 3.23 3.28 3.3  3.39 3.56 3.56 3.61 3.69 3.95 4.01 4.05 4.06 4.11 4.12
 4.19 4.24 4.31 4.39 4.48 4.49 4.63 4.85 4.86 4.92 4.93 5.06 5.12 5.44
 5.57 5.63 5.9  6.02]
var: 1.4223414166666675
| [0m77       [0m | [0m3.496    [0m | [0m0.01939  [0m | [0m9.239    [0m | [0m0.03575  [0m |
[0.23 0.33 0.4  0.61 0.61 0.62 0.66 0.66 0.67 0.72 0.75 0.81 0.96 1.05
 1.15 1.17 1.18 1.19 1.2  1.26 1.34 1.35 1.39 1.44 1.47 1.51 1.54 1.55
 1.58 1.6  1.62 1.63 1.64 1.68 1.76 1.83 1.84 1.85 1.9  1.92 1.95 1.96
 2.1  2.12 2.12 2.18 2.21 2.28 2.32 2.41 2.44 2.46 2.49 2.53 2.62 2.77
 2.88 2.89 3.15 4.13]
var: 0.5973448888888889
| [0m78       [0m | [0m1.645    [0m | [0m0.1828   [0m | [0m22.59    [0m | [0m0.6959   [0m |
[0.61 0.97 1.54 1.79 1.84 1.84 1.99 2.03 2.07 2.11 2.14 2.22 2.34 2.41
 2.43 2.55 2.63 2.65 2.69 2.7  2.75 2.77 2.79 2.79 2.85 2.92 2.95 3.11
 3.19 3.29 3.29 3.34 3.45 3.51 3.55 3.58 3.61 3.68 3.74 3.74 3.85 3.86
 3.94 4.05 4.13 4.15 4.26 4.38 4.49 4.52 4.52 4.52 4.54 4.6  4.86 5.35
 5.38 5.71 6.31 7.01]
var: 1.5303960000000005
| [0m79       [0m | [0m3.348    [0m | [0m0.2036   [0m | [0m11.61    [0m | [0m0.1529   [0m |
[0.66 0.7  1.25 1.29 1.32 1.52 1.78 1.83 1.84 1.85 1.88 1.91 1.93 1.97
 2.03 2.1  2.22 2.23 2.37 2.45 2.62 2.62 2.63 2.73 2.73 2.75 2.99 3.02
 3.04 3.06 3.11 3.23 3.25 3.27 3.29 3.37 3.42 3.52 3.57 3.59 3.6  3.61
 3.63 3.68 3.89 3.93 3.97 3.99 4.01 4.04 4.09 4.09 4.17 4.53 4.53 4.57
 4.7  4.76 4.88 7.37]
var: 1.4067498888888883
| [0m80       [0m | [0m3.05     [0m | [0m0.1332   [0m | [0m11.47    [0m | [0m0.1112   [0m |
=============================================================
None
num_trials:  40  inits,  40  iters,  60  per
rho:  1
pthin:  0.20

Best VPT: 4.3005
Best result: {'a': 0.005490309371296336, 'g': 8.935048233789368, 's': 0.10423294648813285}

KERNEL: nu=1.5, lengthscale=2.0, alpha=0.0005
