|   iter    |  target   |     a     |     g     |     s     |
-------------------------------------------------------------
[0.02 0.04 0.05 0.09 0.13 0.14 0.17 0.27 0.29 0.3  0.3  0.31 0.38 0.45
 0.45 0.46 0.47 0.56 0.56 0.57 0.59 0.61 0.61 0.61 0.62 0.64 0.64 0.7
 0.71 0.74 0.76 0.78 0.8  0.86 0.87 0.91 0.92 1.02 1.03 1.08 1.08 1.13
 1.15 1.15 1.18 1.2  1.29 1.39 1.43 1.51 1.59 1.6  1.68 1.7  1.8  1.8
 1.8  1.99 4.24 4.56]
var: 0.671339888888889
| [0m1        [0m | [0m0.9463   [0m | [0m0.09716  [0m | [0m7.806    [0m | [0m0.6515   [0m |
[0.   0.   0.02 0.1  0.14 0.14 0.17 0.22 0.28 0.29 0.32 0.39 0.43 0.43
 0.45 0.47 0.49 0.5  0.5  0.51 0.54 0.55 0.57 0.59 0.6  0.6  0.63 0.65
 0.67 0.67 0.68 0.73 0.75 0.78 0.8  0.81 0.82 0.85 0.86 0.93 0.95 0.95
 0.97 1.02 1.03 1.06 1.07 1.13 1.15 1.2  1.22 1.26 1.27 1.28 1.36 1.39
 1.71 2.16 2.27 3.3 ]
var: 0.32517155555555616
| [0m2        [0m | [0m0.7947   [0m | [0m0.166    [0m | [0m39.32    [0m | [0m2.315    [0m |
[0.03 0.03 0.03 0.04 0.05 0.07 0.09 0.09 0.18 0.18 0.19 0.21 0.21 0.21
 0.23 0.27 0.28 0.34 0.38 0.39 0.44 0.48 0.53 0.58 0.6  0.61 0.62 0.63
 0.7  0.76 0.77 0.77 0.8  0.81 0.82 0.83 0.83 0.85 0.94 0.99 1.   1.01
 1.06 1.09 1.15 1.17 1.18 1.2  1.23 1.23 1.31 1.34 1.36 1.56 1.6  1.9
 2.14 2.3  2.51 3.27]
var: 0.4361869722222222
| [0m3        [0m | [0m0.8078   [0m | [0m0.1695   [0m | [0m32.09    [0m | [0m2.248    [0m |
[0.   0.   0.   0.01 0.01 0.01 0.08 0.09 0.12 0.13 0.15 0.17 0.17 0.19
 0.22 0.33 0.42 0.5  0.52 0.53 0.54 0.54 0.61 0.64 0.64 0.68 0.7  0.7
 0.73 0.75 0.77 0.77 0.78 0.8  0.9  0.96 0.98 0.99 0.99 1.03 1.06 1.07
 1.1  1.13 1.14 1.14 1.22 1.23 1.25 1.34 1.36 1.42 1.42 1.47 1.5  1.52
 1.9  2.   2.22 2.76]
var: 0.35313555555555565
| [0m4        [0m | [0m0.8067   [0m | [0m0.2815   [0m | [0m49.16    [0m | [0m1.242    [0m |
[0.04 0.1  0.15 0.34 0.54 0.64 0.9  0.95 0.96 0.97 1.03 1.07 1.08 1.12
 1.17 1.26 1.36 1.38 1.42 1.43 1.55 1.59 1.64 1.64 1.66 1.67 1.69 1.69
 1.7  1.72 1.75 1.82 1.89 1.89 1.9  1.93 1.98 2.3  2.32 2.34 2.39 2.42
 2.42 2.5  2.52 2.52 2.53 2.64 2.66 2.72 2.81 2.84 2.89 2.9  3.04 3.27
 3.35 3.64 4.01 5.21]
var: 0.9444678888888892
| [95m5        [0m | [95m1.898    [0m | [95m0.03497  [0m | [95m25.7     [0m | [95m0.5079   [0m |
[0.06 0.5  0.59 0.6  0.62 0.63 0.63 0.64 0.64 0.66 0.67 0.73 0.77 0.78
 0.81 0.83 0.85 0.86 0.95 0.95 0.98 0.98 0.99 1.01 1.02 1.06 1.12 1.16
 1.17 1.18 1.2  1.21 1.23 1.28 1.28 1.33 1.33 1.35 1.38 1.38 1.46 1.47
 1.5  1.56 1.66 1.73 1.73 1.77 1.79 1.79 1.82 1.83 1.83 1.9  1.96 2.25
 2.4  2.71 2.85 3.38]
var: 0.37714999999999965
| [0m6        [0m | [0m1.28     [0m | [0m0.148    [0m | [0m47.33    [0m | [0m0.2801   [0m |
[0.08 0.08 0.08 0.13 0.13 0.16 0.16 0.23 0.24 0.26 0.31 0.36 0.42 0.42
 0.46 0.48 0.51 0.55 0.57 0.6  0.6  0.63 0.64 0.66 0.7  0.73 0.74 0.75
 0.79 0.81 0.83 0.84 0.93 0.94 0.98 1.   1.05 1.06 1.09 1.12 1.12 1.14
 1.15 1.16 1.17 1.18 1.23 1.24 1.41 1.42 1.42 1.45 1.48 1.49 1.6  1.91
 2.09 2.19 2.8  3.18]
var: 0.3984176388888891
| [0m7        [0m | [0m0.9158   [0m | [0m0.1633   [0m | [0m21.2     [0m | [0m0.8654   [0m |
[0.08 0.11 0.15 0.22 0.23 0.23 0.3  0.37 0.38 0.4  0.46 0.46 0.5  0.51
 0.52 0.55 0.59 0.59 0.66 0.67 0.7  0.7  0.72 0.72 0.74 0.75 0.81 0.88
 0.88 0.91 0.94 0.95 0.95 0.96 0.97 1.04 1.07 1.07 1.11 1.12 1.13 1.14
 1.17 1.25 1.3  1.34 1.37 1.41 1.42 1.59 1.64 1.73 1.73 1.76 1.82 1.87
 2.17 2.18 3.1  3.9 ]
var: 0.47754274999999974
| [0m8        [0m | [0m1.017    [0m | [0m0.2074   [0m | [0m12.88    [0m | [0m1.368    [0m |
[0.58 0.64 0.65 0.66 0.72 0.77 0.78 0.78 0.78 0.8  0.91 0.94 0.95 0.95
 0.96 0.97 1.   1.03 1.04 1.09 1.1  1.1  1.16 1.16 1.21 1.22 1.24 1.25
 1.27 1.38 1.39 1.39 1.4  1.45 1.46 1.54 1.54 1.56 1.57 1.57 1.58 1.63
 1.74 1.76 1.86 1.93 1.94 2.06 2.09 2.1  2.15 2.37 2.44 2.62 2.63 3.01
 3.14 3.15 3.23 3.41]
var: 0.5075255555555551
| [0m9        [0m | [0m1.513    [0m | [0m0.2234   [0m | [0m37.0     [0m | [0m0.1416   [0m |
[0.   0.   0.02 0.11 0.13 0.13 0.13 0.13 0.2  0.2  0.25 0.31 0.32 0.33
 0.33 0.33 0.45 0.47 0.5  0.55 0.64 0.64 0.67 0.67 0.69 0.71 0.73 0.76
 0.77 0.77 0.77 0.79 0.89 0.9  0.93 0.96 1.03 1.04 1.05 1.06 1.06 1.09
 1.11 1.14 1.18 1.21 1.25 1.27 1.29 1.31 1.33 1.35 1.46 1.56 1.62 1.67
 1.79 1.8  1.96 2.01]
var: 0.27458988888888863
| [0m10       [0m | [0m0.8303   [0m | [0m0.0497   [0m | [0m22.23    [0m | [0m2.565    [0m |
[0.02 0.03 0.05 0.05 0.13 0.13 0.14 0.15 0.18 0.19 0.2  0.3  0.48 0.51
 0.52 0.52 0.55 0.57 0.58 0.64 0.7  0.71 0.71 0.74 0.74 0.81 0.84 0.93
 0.96 0.98 1.   1.04 1.06 1.08 1.11 1.17 1.17 1.23 1.25 1.25 1.28 1.29
 1.36 1.44 1.45 1.48 1.51 1.62 1.62 1.64 1.68 1.71 1.82 1.93 2.   2.02
 2.18 2.22 2.59 2.88]
var: 0.45582899999999943
| [0m11       [0m | [0m1.019    [0m | [0m0.02586  [0m | [0m23.03    [0m | [0m2.103    [0m |
[0.   0.01 0.04 0.09 0.09 0.16 0.17 0.17 0.19 0.2  0.21 0.29 0.39 0.44
 0.47 0.47 0.48 0.55 0.56 0.58 0.62 0.63 0.66 0.68 0.69 0.71 0.74 0.77
 0.78 0.81 0.81 0.82 0.83 0.87 0.89 0.9  0.91 0.94 0.94 0.98 1.08 1.1
 1.13 1.17 1.24 1.25 1.31 1.33 1.34 1.37 1.4  1.47 1.57 1.6  1.71 1.72
 1.73 1.98 2.02 2.2 ]
var: 0.29368788888888914
| [0m12       [0m | [0m0.8543   [0m | [0m0.09699  [0m | [0m33.71    [0m | [0m1.943    [0m |
[0.02 0.05 0.08 0.09 0.11 0.17 0.21 0.23 0.29 0.29 0.3  0.32 0.33 0.34
 0.37 0.41 0.47 0.53 0.54 0.65 0.66 0.67 0.72 0.73 0.73 0.75 0.81 0.84
 0.87 0.89 0.91 0.92 0.93 0.94 0.94 0.95 0.96 0.96 1.07 1.1  1.1  1.13
 1.19 1.23 1.29 1.42 1.47 1.51 1.55 1.58 1.61 1.62 1.98 2.06 2.12 2.39
 2.69 2.87 3.06 3.08]
var: 0.5626105555555547
| [0m13       [0m | [0m1.002    [0m | [0m0.04081  [0m | [0m36.11    [0m | [0m1.703    [0m |
[0.03 0.04 0.07 0.1  0.13 0.14 0.15 0.15 0.15 0.17 0.2  0.24 0.27 0.27
 0.27 0.28 0.34 0.36 0.36 0.37 0.38 0.4  0.4  0.43 0.44 0.44 0.51 0.52
 0.6  0.63 0.63 0.65 0.65 0.69 0.76 0.76 0.77 0.77 0.78 0.79 0.8  0.8
 0.8  0.91 0.91 0.91 0.94 1.02 1.11 1.13 1.15 1.16 1.16 1.21 1.28 1.3
 1.33 1.39 1.39 3.97]
var: 0.3336662222222223
| [0m14       [0m | [0m0.6793   [0m | [0m0.07905  [0m | [0m2.228    [0m | [0m1.623    [0m |
[0.01 0.03 0.06 0.06 0.13 0.14 0.16 0.16 0.19 0.21 0.24 0.25 0.28 0.29
 0.31 0.31 0.37 0.38 0.41 0.47 0.51 0.53 0.54 0.56 0.57 0.59 0.59 0.61
 0.61 0.61 0.76 0.76 0.77 0.77 0.83 0.84 0.91 0.92 0.97 0.97 0.97 0.98
 1.01 1.01 1.04 1.1  1.11 1.18 1.19 1.26 1.31 1.33 1.37 1.38 1.39 1.43
 1.45 1.61 1.76 2.17]
var: 0.23593474999999964
| [0m15       [0m | [0m0.7455   [0m | [0m0.2159   [0m | [0m37.11    [0m | [0m2.254    [0m |
[0.07 0.1  0.19 0.19 0.22 0.22 0.22 0.24 0.24 0.24 0.27 0.33 0.34 0.36
 0.36 0.38 0.45 0.46 0.48 0.5  0.61 0.62 0.63 0.64 0.64 0.65 0.67 0.67
 0.7  0.74 0.74 0.75 0.78 0.8  0.83 0.83 0.84 0.85 0.9  0.91 0.93 0.96
 0.97 0.98 1.03 1.03 1.05 1.07 1.12 1.14 1.15 1.16 1.17 1.19 1.24 1.26
 1.28 1.33 1.42 1.45]
var: 0.1363494166666667
| [0m16       [0m | [0m0.7265   [0m | [0m0.09592  [0m | [0m2.657    [0m | [0m2.251    [0m |
[0.05 0.06 0.08 0.09 0.13 0.17 0.18 0.21 0.23 0.25 0.31 0.37 0.38 0.39
 0.41 0.45 0.48 0.53 0.53 0.55 0.61 0.65 0.66 0.67 0.72 0.77 0.83 0.85
 0.87 0.87 0.89 0.93 1.   1.08 1.11 1.11 1.15 1.19 1.22 1.25 1.26 1.27
 1.37 1.38 1.4  1.43 1.47 1.48 1.67 1.76 1.89 2.02 2.11 2.18 2.22 2.23
 2.39 2.57 2.6  2.64]
var: 0.5131909999999994
| [0m17       [0m | [0m1.027    [0m | [0m0.01338  [0m | [0m35.98    [0m | [0m1.55     [0m |
[0.   0.01 0.05 0.06 0.07 0.09 0.09 0.11 0.13 0.13 0.13 0.15 0.2  0.21
 0.21 0.25 0.26 0.3  0.35 0.37 0.37 0.42 0.42 0.43 0.45 0.47 0.48 0.49
 0.49 0.54 0.54 0.56 0.57 0.57 0.6  0.61 0.63 0.64 0.65 0.68 0.69 0.69
 0.71 0.74 0.74 0.76 0.81 0.82 0.92 0.93 1.1  1.14 1.14 1.27 1.35 1.37
 1.5  1.67 2.   2.35]
var: 0.2361826666666665
| [0m18       [0m | [0m0.608    [0m | [0m0.1877   [0m | [0m1.077    [0m | [0m0.7113   [0m |
[0.02 0.04 0.15 0.15 0.17 0.21 0.3  0.4  0.41 0.44 0.48 0.57 0.59 0.62
 0.62 0.67 0.76 0.77 0.87 0.9  0.9  0.91 0.91 0.98 1.02 1.03 1.08 1.08
 1.1  1.11 1.12 1.17 1.25 1.28 1.32 1.34 1.35 1.35 1.37 1.37 1.38 1.39
 1.39 1.39 1.39 1.58 1.64 1.73 1.79 1.87 1.88 2.11 2.17 2.5  2.51 2.65
 2.67 2.72 2.99 3.38]
var: 0.5792316388888887
| [0m19       [0m | [0m1.222    [0m | [0m0.03424  [0m | [0m27.15    [0m | [0m1.022    [0m |
[0.01 0.03 0.09 0.11 0.14 0.15 0.16 0.18 0.24 0.26 0.27 0.27 0.27 0.28
 0.28 0.35 0.35 0.46 0.5  0.53 0.53 0.54 0.56 0.57 0.57 0.58 0.61 0.64
 0.66 0.68 0.69 0.74 0.75 0.82 0.82 0.83 0.89 0.91 0.94 0.98 1.07 1.07
 1.1  1.1  1.11 1.14 1.22 1.23 1.27 1.36 1.37 1.37 1.48 1.52 1.53 1.73
 1.78 1.8  1.85 2.78]
var: 0.3084393333333336
| [0m20       [0m | [0m0.802    [0m | [0m0.1644   [0m | [0m29.03    [0m | [0m1.043    [0m |
[0.07 0.14 0.27 0.29 0.32 0.34 0.36 0.39 0.44 0.46 0.51 0.53 0.57 0.58
 0.6  0.6  0.64 0.64 0.64 0.72 0.72 0.79 0.8  0.8  0.8  0.81 0.83 0.87
 0.89 0.91 0.91 0.93 0.93 0.97 1.03 1.11 1.12 1.13 1.14 1.17 1.2  1.21
 1.21 1.22 1.25 1.28 1.37 1.42 1.43 1.48 1.52 1.52 1.63 1.79 1.87 1.9
 1.97 1.98 2.01 2.92]
var: 0.2962443055555556
| [0m21       [0m | [0m0.9992   [0m | [0m0.08292  [0m | [0m21.71    [0m | [0m1.604    [0m |
[0.   0.02 0.05 0.06 0.07 0.07 0.08 0.08 0.09 0.13 0.14 0.19 0.26 0.27
 0.29 0.32 0.4  0.4  0.48 0.53 0.53 0.59 0.61 0.62 0.66 0.7  0.7  0.7
 0.71 0.74 0.75 0.76 0.8  0.83 0.94 0.98 1.02 1.03 1.08 1.1  1.12 1.12
 1.14 1.14 1.15 1.17 1.21 1.22 1.24 1.29 1.32 1.35 1.36 1.4  1.42 1.74
 1.75 2.26 2.47 3.25]
var: 0.4017838888888885
| [0m22       [0m | [0m0.8317   [0m | [0m0.1818   [0m | [0m26.76    [0m | [0m0.9575   [0m |
[0.11 0.11 0.11 0.11 0.13 0.15 0.18 0.2  0.25 0.25 0.27 0.28 0.3  0.33
 0.43 0.49 0.5  0.53 0.56 0.56 0.57 0.58 0.58 0.6  0.62 0.63 0.64 0.65
 0.67 0.68 0.7  0.7  0.71 0.73 0.75 0.77 0.78 0.81 0.84 0.86 0.89 0.9
 0.97 0.98 1.02 1.12 1.17 1.29 1.32 1.34 1.42 1.43 1.58 1.67 1.7  1.79
 1.86 1.94 1.95 2.  ]
var: 0.2720423333333333
| [0m23       [0m | [0m0.801    [0m | [0m0.159    [0m | [0m8.655    [0m | [0m1.12     [0m |
[0.13 0.32 0.34 0.41 0.48 0.53 0.53 0.6  0.67 0.69 0.81 0.86 0.86 0.87
 0.87 0.9  0.97 1.08 1.16 1.21 1.22 1.23 1.27 1.28 1.35 1.39 1.39 1.44
 1.44 1.53 1.57 1.58 1.59 1.63 1.67 1.67 1.68 1.73 1.74 1.74 1.75 1.86
 1.87 1.87 1.9  2.01 2.02 2.16 2.19 2.35 2.37 2.41 2.42 2.45 2.47 2.54
 2.55 2.62 3.11 3.28]
var: 0.5141014166666664
| [0m24       [0m | [0m1.511    [0m | [0m0.2449   [0m | [0m28.95    [0m | [0m0.1532   [0m |
[0.   0.   0.05 0.06 0.11 0.17 0.18 0.23 0.34 0.37 0.37 0.4  0.4  0.42
 0.48 0.5  0.5  0.52 0.53 0.53 0.56 0.58 0.59 0.61 0.62 0.63 0.65 0.68
 0.7  0.75 0.75 0.77 0.79 0.79 0.8  0.81 0.87 0.9  0.91 0.93 0.94 0.95
 0.96 0.96 0.97 0.97 0.99 1.05 1.06 1.11 1.19 1.2  1.21 1.28 1.3  1.44
 1.55 1.61 1.65 1.89]
var: 0.1774136388888888
| [0m25       [0m | [0m0.7522   [0m | [0m0.2595   [0m | [0m14.38    [0m | [0m2.841    [0m |
[0.05 0.06 0.06 0.11 0.13 0.14 0.15 0.19 0.19 0.21 0.21 0.22 0.23 0.27
 0.27 0.29 0.33 0.34 0.36 0.36 0.37 0.37 0.41 0.42 0.43 0.43 0.44 0.45
 0.47 0.48 0.48 0.5  0.53 0.54 0.55 0.66 0.68 0.68 0.69 0.69 0.75 0.78
 0.8  0.8  0.82 0.84 0.86 0.87 0.88 0.89 0.91 0.91 0.92 0.94 0.97 0.98
 1.09 1.12 1.13 1.63]
var: 0.11000808333333349
| [0m26       [0m | [0m0.5555   [0m | [0m0.2303   [0m | [0m2.13     [0m | [0m1.953    [0m |
[0.   0.01 0.01 0.02 0.02 0.03 0.05 0.07 0.07 0.08 0.08 0.12 0.14 0.2
 0.22 0.23 0.27 0.27 0.34 0.34 0.37 0.4  0.42 0.42 0.43 0.45 0.46 0.47
 0.49 0.5  0.52 0.55 0.61 0.62 0.64 0.65 0.67 0.67 0.71 0.78 0.85 0.86
 0.88 0.91 0.93 0.96 1.12 1.13 1.13 1.19 1.21 1.21 1.29 1.33 1.42 1.51
 1.72 1.78 3.27 3.89]
var: 0.5001616388888889
| [0m27       [0m | [0m0.6998   [0m | [0m0.1623   [0m | [0m48.24    [0m | [0m1.402    [0m |
[0.02 0.23 0.65 0.71 0.81 0.89 0.92 0.94 0.96 1.04 1.05 1.1  1.12 1.13
 1.15 1.23 1.26 1.29 1.29 1.31 1.35 1.37 1.42 1.43 1.44 1.46 1.62 1.68
 1.72 1.77 1.79 1.8  1.81 1.84 1.86 1.89 1.91 1.95 1.99 1.99 2.03 2.05
 2.12 2.15 2.17 2.18 2.38 2.42 2.53 2.54 2.65 2.93 2.97 3.23 3.37 3.82
 4.21 4.48 4.9  6.15]
var: 1.2134569722222217
| [95m28       [0m | [95m1.908    [0m | [95m0.02708  [0m | [95m29.46    [0m | [95m0.3758   [0m |
[0.03 0.04 0.1  0.12 0.13 0.15 0.17 0.19 0.19 0.24 0.27 0.27 0.28 0.32
 0.32 0.37 0.4  0.41 0.41 0.44 0.44 0.47 0.53 0.55 0.57 0.57 0.6  0.6
 0.61 0.67 0.67 0.7  0.73 0.79 0.8  0.84 0.91 0.92 0.92 0.93 0.94 0.98
 0.99 1.01 1.03 1.06 1.07 1.1  1.11 1.13 1.17 1.34 1.35 1.41 1.49 1.53
 1.65 1.83 2.5  2.73]
var: 0.30491497222222264
| [0m29       [0m | [0m0.7682   [0m | [0m0.05653  [0m | [0m32.22    [0m | [0m2.673    [0m |
[0.53 0.6  0.63 0.74 0.75 0.77 0.85 0.89 0.96 0.97 1.01 1.16 1.28 1.34
 1.42 1.45 1.45 1.54 1.56 1.58 1.59 1.62 1.62 1.63 1.64 1.69 1.78 1.86
 1.9  1.93 1.98 1.99 2.08 2.12 2.16 2.19 2.2  2.25 2.29 2.31 2.33 2.36
 2.37 2.38 2.44 2.45 2.57 2.6  2.76 2.89 2.94 3.33 3.33 3.34 3.4  3.48
 3.61 3.83 4.54 5.01]
var: 0.9248903055555543
| [95m30       [0m | [95m2.038    [0m | [95m0.03519  [0m | [95m8.497    [0m | [95m0.2293   [0m |
[0.03 0.04 0.12 0.29 0.32 0.39 0.45 0.46 0.61 0.62 0.64 0.64 0.69 0.71
 0.72 0.73 0.75 0.75 0.76 0.85 0.89 1.05 1.1  1.13 1.2  1.24 1.26 1.31
 1.32 1.33 1.34 1.36 1.41 1.42 1.47 1.48 1.48 1.51 1.56 1.58 1.59 1.67
 1.7  1.71 1.82 1.91 1.93 1.97 2.04 2.05 2.05 2.07 2.34 2.36 2.62 2.68
 2.97 3.48 3.66 4.68]
var: 0.7963016388888895
| [0m31       [0m | [0m1.405    [0m | [0m0.03821  [0m | [0m12.2     [0m | [0m0.8875   [0m |
[0.37 0.55 0.6  0.64 0.65 0.67 0.71 0.73 0.75 0.81 0.91 0.91 0.92 0.94
 0.96 1.03 1.04 1.04 1.04 1.1  1.23 1.26 1.27 1.32 1.39 1.44 1.48 1.49
 1.58 1.59 1.61 1.62 1.7  1.71 1.76 1.86 1.87 1.91 1.92 1.94 1.98 2.03
 2.11 2.13 2.16 2.26 2.4  2.43 2.43 2.46 2.56 2.6  2.61 2.64 2.71 2.99
 3.31 3.33 3.47 4.43]
var: 0.7087195555555552
| [0m32       [0m | [0m1.689    [0m | [0m0.1287   [0m | [0m21.89    [0m | [0m0.1528   [0m |
[0.   0.01 0.02 0.06 0.09 0.09 0.09 0.12 0.16 0.16 0.16 0.21 0.29 0.39
 0.39 0.42 0.43 0.43 0.46 0.53 0.53 0.6  0.62 0.63 0.65 0.66 0.73 0.74
 0.75 0.78 0.84 0.85 0.94 0.96 0.98 1.01 1.03 1.09 1.13 1.14 1.15 1.19
 1.2  1.22 1.23 1.26 1.26 1.28 1.39 1.43 1.47 1.73 1.76 1.88 1.94 2.19
 2.21 2.23 2.54 4.83]
var: 0.646632888888888
| [0m33       [0m | [0m0.9427   [0m | [0m0.0007924[0m | [0m22.17    [0m | [0m2.932    [0m |
[0.03 0.03 0.04 0.05 0.05 0.06 0.08 0.09 0.1  0.1  0.14 0.15 0.17 0.26
 0.26 0.26 0.27 0.28 0.28 0.3  0.35 0.35 0.35 0.47 0.48 0.51 0.58 0.58
 0.63 0.67 0.68 0.68 0.72 0.74 0.74 0.92 0.93 0.94 0.96 0.98 1.09 1.11
 1.12 1.13 1.17 1.18 1.24 1.27 1.34 1.39 1.49 1.5  1.62 1.71 1.81 1.95
 2.16 2.24 2.44 2.46]
var: 0.4289948888888889
| [0m34       [0m | [0m0.7947   [0m | [0m0.2354   [0m | [0m28.42    [0m | [0m0.5483   [0m |
[0.02 0.07 0.08 0.09 0.15 0.15 0.19 0.25 0.31 0.32 0.32 0.36 0.37 0.42
 0.45 0.46 0.53 0.57 0.58 0.59 0.6  0.6  0.63 0.66 0.74 0.75 0.75 0.76
 0.77 0.78 0.85 0.86 0.92 0.95 0.96 0.97 0.97 0.99 1.02 1.03 1.04 1.07
 1.07 1.11 1.13 1.14 1.2  1.2  1.24 1.31 1.41 1.47 1.49 1.56 1.63 1.69
 1.76 1.77 2.   2.43]
var: 0.269482888888889
| [0m35       [0m | [0m0.8593   [0m | [0m0.1324   [0m | [0m7.542    [0m | [0m0.9755   [0m |
[0.28 0.51 0.53 0.61 0.61 0.63 0.64 0.65 0.65 0.65 0.66 0.7  0.74 0.74
 0.75 0.76 0.76 0.83 0.87 0.87 1.06 1.08 1.1  1.13 1.19 1.2  1.24 1.27
 1.31 1.32 1.36 1.41 1.42 1.44 1.47 1.47 1.49 1.51 1.55 1.55 1.6  1.66
 1.67 1.73 1.74 1.74 1.8  1.83 1.84 1.89 1.91 1.99 1.99 2.09 2.26 2.27
 2.49 2.68 2.72 4.18]
var: 0.46686830555555603
| [0m36       [0m | [0m1.368    [0m | [0m0.07946  [0m | [0m17.65    [0m | [0m0.4909   [0m |
[0.01 0.01 0.02 0.05 0.1  0.11 0.14 0.17 0.17 0.18 0.18 0.2  0.2  0.2
 0.21 0.24 0.25 0.25 0.32 0.32 0.33 0.35 0.38 0.41 0.43 0.48 0.49 0.49
 0.5  0.5  0.53 0.62 0.64 0.64 0.67 0.7  0.71 0.72 0.73 0.73 0.76 0.77
 0.83 0.84 0.86 0.97 0.98 1.   1.03 1.08 1.08 1.34 1.35 1.39 1.39 1.46
 1.51 1.61 1.66 2.11]
var: 0.2314566666666665
| [0m37       [0m | [0m0.64     [0m | [0m0.2891   [0m | [0m32.82    [0m | [0m0.7922   [0m |
[0.03 0.05 0.07 0.08 0.09 0.16 0.19 0.2  0.28 0.29 0.29 0.34 0.38 0.44
 0.48 0.49 0.56 0.62 0.65 0.67 0.7  0.73 0.75 0.78 0.8  0.83 0.86 0.87
 0.88 0.92 0.93 0.97 1.08 1.19 1.22 1.24 1.28 1.3  1.34 1.54 1.55 1.58
 1.59 1.67 1.74 1.79 1.8  1.8  1.87 1.87 1.89 1.91 1.91 1.99 1.99 2.22
 2.29 2.45 2.51 2.85]
var: 0.5245595555555556
| [0m38       [0m | [0m1.097    [0m | [0m0.01345  [0m | [0m19.65    [0m | [0m1.322    [0m |
[0.1  0.17 0.29 0.31 0.4  0.48 0.49 0.49 0.49 0.5  0.52 0.52 0.55 0.57
 0.61 0.65 0.69 0.7  0.7  0.73 0.92 0.93 0.97 1.04 1.05 1.05 1.07 1.1
 1.11 1.12 1.15 1.16 1.16 1.28 1.3  1.31 1.32 1.32 1.45 1.55 1.6  1.66
 1.68 1.68 1.71 1.71 1.73 1.74 1.85 2.05 2.09 2.41 2.44 2.46 2.48 2.77
 2.89 2.92 3.24 4.01]
var: 0.678792888888889
| [0m39       [0m | [0m1.307    [0m | [0m0.2296   [0m | [0m2.923    [0m | [0m0.1105   [0m |
[0.   0.04 0.04 0.05 0.07 0.08 0.1  0.24 0.24 0.26 0.29 0.32 0.38 0.38
 0.39 0.41 0.42 0.46 0.5  0.51 0.54 0.55 0.62 0.64 0.68 0.74 0.75 0.76
 0.77 0.79 0.8  0.81 0.83 0.89 0.91 0.92 0.95 0.96 0.98 1.   1.02 1.06
 1.08 1.09 1.11 1.12 1.14 1.14 1.14 1.15 1.19 1.21 1.21 1.3  1.38 1.4
 1.49 1.5  1.67 2.07]
var: 0.20773455555555564
| [0m40       [0m | [0m0.7757   [0m | [0m0.1198   [0m | [0m10.08    [0m | [0m2.995    [0m |
[0.06 0.06 0.09 0.21 0.22 0.23 0.27 0.33 0.35 0.37 0.4  0.42 0.48 0.49
 0.5  0.52 0.52 0.54 0.58 0.63 0.63 0.73 0.75 0.75 0.75 0.78 0.81 0.81
 0.84 0.89 0.92 0.94 1.   1.04 1.07 1.09 1.12 1.14 1.19 1.2  1.21 1.23
 1.23 1.31 1.35 1.36 1.37 1.37 1.38 1.49 1.51 1.68 1.88 1.89 1.95 2.05
 2.16 2.2  2.43 3.41]
var: 0.42438766666666694
| [0m41       [0m | [0m1.003    [0m | [0m0.03733  [0m | [0m18.42    [0m | [0m2.164    [0m |
[0.15 0.25 0.3  0.46 0.49 0.52 0.52 0.56 0.57 0.59 0.61 0.67 0.67 0.69
 0.71 0.76 0.77 0.78 0.8  0.82 0.84 0.84 0.91 0.94 0.96 1.04 1.05 1.06
 1.08 1.09 1.11 1.17 1.21 1.22 1.24 1.27 1.28 1.29 1.32 1.34 1.42 1.43
 1.45 1.47 1.48 1.48 1.56 1.57 1.63 1.63 1.7  1.7  1.75 1.83 1.97 2.1
 2.12 2.45 2.61 2.71]
var: 0.3184983055555553
| [0m42       [0m | [0m1.167    [0m | [0m0.175    [0m | [0m2.886    [0m | [0m0.1397   [0m |
[0.02 0.06 0.11 0.13 0.13 0.16 0.25 0.27 0.38 0.44 0.48 0.5  0.52 0.53
 0.53 0.54 0.59 0.59 0.61 0.64 0.66 0.7  0.72 0.75 0.76 0.78 0.79 0.8
 0.8  0.81 0.84 0.84 0.84 0.85 0.85 0.85 0.91 0.91 0.94 0.95 0.95 0.96
 0.98 1.01 1.03 1.07 1.11 1.11 1.28 1.34 1.38 1.38 1.63 1.65 1.66 1.92
 1.94 2.   2.57 3.05]
var: 0.33316208333333325
| [0m43       [0m | [0m0.8975   [0m | [0m0.07531  [0m | [0m21.09    [0m | [0m2.142    [0m |
[0.   0.   0.   0.   0.   0.   0.   0.   0.   0.   0.   0.   0.   0.
 0.   0.   0.   0.   0.   0.   0.   0.   0.   0.   0.   0.   0.   0.
 0.   0.   0.   0.   0.   0.   0.   0.   0.   0.   0.   0.01 0.01 0.01
 0.01 0.01 0.02 0.02 0.02 0.02 0.03 0.03 0.03 0.05 0.05 0.05 0.06 0.06
 0.07 0.08 0.08 0.14]
var: 0.0007412222222222454
| [0m44       [0m | [0m0.01433  [0m | [0m0.003514 [0m | [0m8.572    [0m | [0m0.002878 [0m |
[0.   0.02 0.03 0.04 0.04 0.07 0.07 0.11 0.19 0.21 0.21 0.22 0.24 0.27
 0.28 0.3  0.32 0.35 0.39 0.4  0.43 0.46 0.5  0.5  0.58 0.67 0.68 0.72
 0.73 1.03 1.05 1.06 1.07 1.13 1.17 1.2  1.2  1.2  1.2  1.21 1.21 1.33
 1.35 1.36 1.38 1.41 1.44 1.47 1.51 1.53 1.54 1.59 1.78 2.16 2.18 2.44
 2.47 2.65 2.72 2.81]
var: 0.5701348888888887
| [0m45       [0m | [0m0.9647   [0m | [0m0.04736  [0m | [0m12.18    [0m | [0m0.864    [0m |
[0.2  0.48 0.63 0.65 0.67 0.7  0.72 0.72 0.81 0.86 0.86 1.07 1.08 1.09
 1.12 1.13 1.15 1.15 1.2  1.21 1.23 1.28 1.32 1.36 1.41 1.48 1.5  1.51
 1.52 1.58 1.63 1.67 1.69 1.72 1.77 1.77 1.79 1.89 1.94 1.96 1.98 1.99
 2.06 2.1  2.18 2.26 2.29 2.29 2.4  2.42 2.45 2.54 2.61 2.65 2.66 2.74
 2.74 2.93 3.31 3.48]
var: 0.5356733333333333
| [0m46       [0m | [0m1.66     [0m | [0m0.05554  [0m | [0m23.36    [0m | [0m0.4645   [0m |
[0.02 0.06 0.07 0.09 0.1  0.11 0.14 0.15 0.21 0.25 0.28 0.33 0.33 0.37
 0.39 0.39 0.46 0.55 0.58 0.6  0.61 0.64 0.71 0.72 0.73 0.75 0.77 0.85
 0.9  0.92 0.93 0.94 0.95 0.95 0.95 0.97 0.97 0.99 1.03 1.03 1.11 1.26
 1.27 1.34 1.4  1.41 1.42 1.47 1.49 1.67 1.7  1.71 1.97 1.98 2.04 2.14
 2.2  2.25 2.26 3.27]
var: 0.4751976388888891
| [0m47       [0m | [0m0.9692   [0m | [0m0.08797  [0m | [0m6.103    [0m | [0m0.9593   [0m |
[0.   0.01 0.02 0.09 0.1  0.13 0.14 0.19 0.23 0.26 0.3  0.33 0.34 0.49
 0.49 0.54 0.55 0.56 0.62 0.69 0.75 0.81 0.86 0.86 0.87 0.91 0.96 0.96
 1.   1.   1.06 1.08 1.08 1.09 1.1  1.1  1.18 1.18 1.21 1.31 1.34 1.36
 1.36 1.37 1.38 1.4  1.42 1.47 1.49 1.6  1.66 1.69 1.72 1.98 2.07 2.51
 2.76 2.8  3.36 3.69]
var: 0.6234248888888883
| [0m48       [0m | [0m1.081    [0m | [0m0.08149  [0m | [0m30.08    [0m | [0m1.245    [0m |
[0.01 0.02 0.02 0.03 0.04 0.11 0.13 0.14 0.14 0.14 0.17 0.19 0.23 0.28
 0.29 0.29 0.3  0.32 0.32 0.33 0.34 0.37 0.37 0.39 0.41 0.44 0.45 0.48
 0.5  0.58 0.64 0.68 0.73 0.76 0.8  0.8  0.8  0.82 0.83 0.9  0.94 0.97
 1.02 1.11 1.12 1.14 1.14 1.2  1.21 1.28 1.28 1.29 1.42 1.46 1.48 1.48
 1.55 1.57 1.6  2.55]
var: 0.2857888888888894
| [0m49       [0m | [0m0.7067   [0m | [0m0.1047   [0m | [0m32.76    [0m | [0m2.031    [0m |
[0.   0.   0.   0.   0.   0.   0.01 0.02 0.02 0.03 0.03 0.04 0.06 0.06
 0.07 0.07 0.07 0.07 0.07 0.09 0.1  0.11 0.12 0.12 0.14 0.15 0.18 0.18
 0.18 0.18 0.18 0.19 0.19 0.2  0.21 0.22 0.23 0.24 0.25 0.29 0.29 0.3
 0.3  0.3  0.31 0.32 0.34 0.41 0.44 0.45 0.45 0.48 0.53 0.56 0.56 0.6
 0.7  0.78 0.97 0.98]
var: 0.053646222222222484
| [0m50       [0m | [0m0.2407   [0m | [0m0.124    [0m | [0m0.1421   [0m | [0m0.3216   [0m |
[0.   0.03 0.03 0.06 0.09 0.1  0.14 0.15 0.17 0.17 0.19 0.19 0.21 0.22
 0.23 0.23 0.29 0.3  0.3  0.31 0.32 0.32 0.37 0.37 0.38 0.42 0.42 0.43
 0.45 0.46 0.46 0.47 0.5  0.52 0.53 0.54 0.55 0.56 0.58 0.62 0.64 0.65
 0.66 0.66 0.66 0.72 0.76 0.77 0.78 0.79 0.8  0.82 0.87 0.89 1.07 1.17
 1.26 1.27 1.5  1.64]
var: 0.12813455555555545
| [0m51       [0m | [0m0.5177   [0m | [0m0.1168   [0m | [0m1.036    [0m | [0m2.397    [0m |
[0.07 0.09 0.09 0.1  0.13 0.14 0.18 0.2  0.24 0.3  0.32 0.33 0.35 0.38
 0.4  0.44 0.46 0.47 0.48 0.58 0.6  0.62 0.62 0.65 0.66 0.75 0.79 0.81
 0.87 0.95 0.97 0.98 0.98 0.98 0.98 1.05 1.05 1.06 1.06 1.06 1.12 1.14
 1.19 1.23 1.24 1.24 1.26 1.32 1.33 1.34 1.38 1.5  1.55 2.03 2.18 2.19
 2.29 2.36 2.43 6.07]
var: 0.7991036388888884
| [0m52       [0m | [0m0.9938   [0m | [0m0.1561   [0m | [0m9.545    [0m | [0m1.82     [0m |
[0.04 0.08 0.08 0.09 0.11 0.12 0.12 0.14 0.21 0.23 0.25 0.25 0.26 0.28
 0.28 0.31 0.38 0.38 0.46 0.46 0.49 0.52 0.54 0.55 0.6  0.61 0.63 0.64
 0.66 0.67 0.69 0.69 0.69 0.71 0.72 0.72 0.73 0.73 0.74 0.75 0.8  0.83
 0.94 0.94 0.97 1.04 1.08 1.14 1.15 1.21 1.25 1.3  1.32 1.38 1.5  1.62
 1.67 2.17 2.29 2.46]
var: 0.29486475
| [0m53       [0m | [0m0.7445   [0m | [0m0.1962   [0m | [0m23.77    [0m | [0m2.922    [0m |
[0.01 0.01 0.05 0.07 0.1  0.12 0.13 0.15 0.17 0.2  0.28 0.29 0.29 0.29
 0.33 0.34 0.35 0.37 0.38 0.4  0.43 0.44 0.46 0.46 0.46 0.47 0.47 0.52
 0.53 0.56 0.6  0.62 0.63 0.64 0.68 0.69 0.69 0.7  0.72 0.78 0.79 0.82
 0.82 0.83 0.88 0.89 0.95 1.03 1.06 1.11 1.22 1.23 1.25 1.26 1.26 1.32
 1.34 1.37 1.76 1.9 ]
var: 0.18759141666666648
| [0m54       [0m | [0m0.6495   [0m | [0m0.1935   [0m | [0m34.74    [0m | [0m2.965    [0m |
[0.03 0.17 0.18 0.19 0.33 0.33 0.37 0.41 0.47 0.47 0.49 0.52 0.52 0.6
 0.63 0.66 0.7  0.71 0.72 0.81 0.82 0.83 0.84 0.85 0.85 0.89 0.98 1.
 1.   1.01 1.04 1.07 1.1  1.1  1.17 1.17 1.22 1.22 1.28 1.33 1.34 1.37
 1.38 1.41 1.51 1.52 1.56 1.63 1.64 1.69 1.7  1.73 1.77 1.95 1.99 2.06
 2.07 2.18 3.06 6.44]
var: 0.818209333333333
| [0m55       [0m | [0m1.168    [0m | [0m0.02432  [0m | [0m14.7     [0m | [0m1.709    [0m |
[0.06 0.09 0.12 0.17 0.21 0.26 0.29 0.3  0.33 0.33 0.34 0.34 0.37 0.38
 0.41 0.51 0.54 0.59 0.61 0.61 0.63 0.66 0.66 0.68 0.68 0.68 0.72 0.74
 0.74 0.75 0.78 0.78 0.79 0.82 0.82 0.85 0.85 0.85 0.9  0.91 0.92 0.93
 0.96 0.97 0.97 0.98 1.02 1.04 1.14 1.15 1.17 1.18 1.34 1.38 1.4  1.47
 1.66 1.93 2.02 2.89]
var: 0.2490136388888889
| [0m56       [0m | [0m0.8112   [0m | [0m0.05882  [0m | [0m8.141    [0m | [0m2.624    [0m |
[0.04 0.19 0.19 0.23 0.31 0.34 0.39 0.73 0.75 0.8  0.82 0.85 0.88 0.89
 1.03 1.05 1.06 1.07 1.08 1.08 1.22 1.24 1.3  1.38 1.39 1.45 1.51 1.54
 1.58 1.59 1.6  1.64 1.66 1.71 1.71 1.75 1.85 1.88 1.97 2.   2.16 2.17
 2.18 2.25 2.26 2.32 2.39 2.46 2.56 2.61 2.66 2.66 2.74 2.74 2.96 2.98
 3.12 3.3  3.69 4.87]
var: 0.902778083333333
| [0m57       [0m | [0m1.681    [0m | [0m0.03521  [0m | [0m22.68    [0m | [0m0.4851   [0m |
[0.06 0.1  0.13 0.21 0.31 0.31 0.32 0.34 0.36 0.42 0.44 0.46 0.48 0.48
 0.49 0.49 0.51 0.6  0.6  0.6  0.62 0.69 0.73 0.74 0.75 0.75 0.76 0.76
 0.77 0.78 0.79 0.81 0.87 0.89 0.9  0.9  0.92 0.96 0.99 1.   1.02 1.07
 1.16 1.21 1.27 1.28 1.34 1.45 1.46 1.46 1.47 1.5  1.52 1.65 1.67 1.78
 2.07 2.2  2.75 3.1 ]
var: 0.36601933333333325
| [0m58       [0m | [0m0.942    [0m | [0m0.1117   [0m | [0m6.997    [0m | [0m0.7566   [0m |
[0.1  0.14 0.15 0.23 0.23 0.25 0.27 0.3  0.31 0.32 0.32 0.36 0.38 0.39
 0.4  0.4  0.43 0.44 0.44 0.44 0.46 0.47 0.52 0.53 0.56 0.67 0.68 0.68
 0.71 0.71 0.73 0.74 0.74 0.76 0.77 0.79 0.8  0.85 0.86 0.9  0.9  0.94
 0.98 1.04 1.09 1.09 1.12 1.19 1.26 1.27 1.3  1.33 1.34 1.43 1.45 1.57
 1.67 1.68 1.78 1.89]
var: 0.2049409722222222
| [0m59       [0m | [0m0.7758   [0m | [0m0.12     [0m | [0m4.346    [0m | [0m2.428    [0m |
[0.49 0.62 0.74 0.74 0.83 0.93 1.2  1.23 1.26 1.28 1.32 1.32 1.33 1.33
 1.36 1.47 1.53 1.53 1.63 1.64 1.68 1.74 1.76 1.82 1.86 1.91 1.94 1.94
 2.01 2.06 2.13 2.16 2.18 2.2  2.24 2.24 2.3  2.38 2.4  2.41 2.42 2.47
 2.54 2.57 2.59 2.64 2.69 2.73 2.73 2.74 2.91 3.01 3.23 3.32 3.37 3.45
 3.52 3.53 3.56 4.12]
var: 0.6757260000000005
| [95m60       [0m | [95m2.088    [0m | [95m0.03138  [0m | [95m12.15    [0m | [95m0.3235   [0m |
[0.01 0.09 0.1  0.15 0.16 0.16 0.19 0.26 0.27 0.27 0.29 0.3  0.31 0.32
 0.34 0.35 0.36 0.38 0.43 0.43 0.44 0.45 0.45 0.46 0.46 0.48 0.48 0.49
 0.49 0.51 0.52 0.52 0.53 0.54 0.55 0.56 0.56 0.57 0.58 0.58 0.59 0.59
 0.61 0.64 0.67 0.67 0.68 0.68 0.7  0.71 0.71 0.73 0.76 0.77 0.81 0.85
 0.91 0.91 0.98 1.28]
var: 0.055806222222222354
| [0m61       [0m | [0m0.5107   [0m | [0m0.2723   [0m | [0m1.685    [0m | [0m1.796    [0m |
[0.05 0.06 0.06 0.07 0.08 0.14 0.15 0.23 0.25 0.27 0.28 0.29 0.32 0.32
 0.33 0.33 0.34 0.36 0.38 0.44 0.45 0.51 0.52 0.54 0.54 0.54 0.55 0.57
 0.57 0.57 0.57 0.58 0.6  0.63 0.67 0.7  0.78 0.78 0.81 0.83 0.88 0.88
 0.89 0.96 1.04 1.05 1.07 1.07 1.12 1.15 1.2  1.22 1.24 1.28 1.45 1.77
 1.78 1.95 2.05 2.36]
var: 0.268761416666667
| [0m62       [0m | [0m0.7245   [0m | [0m0.1836   [0m | [0m38.54    [0m | [0m1.842    [0m |
[0.   0.   0.01 0.05 0.05 0.06 0.06 0.11 0.11 0.12 0.12 0.13 0.16 0.16
 0.18 0.2  0.23 0.26 0.27 0.28 0.29 0.3  0.33 0.35 0.39 0.4  0.41 0.41
 0.43 0.43 0.5  0.51 0.52 0.55 0.56 0.58 0.59 0.6  0.6  0.65 0.66 0.66
 0.67 0.7  0.75 0.78 0.78 0.78 0.8  0.81 0.95 1.   1.   1.   1.12 1.18
 1.2  1.33 1.45 1.45]
var: 0.14223697222222226
| [0m63       [0m | [0m0.5172   [0m | [0m0.04077  [0m | [0m1.476    [0m | [0m0.671    [0m |
[0.09 0.13 0.15 0.25 0.48 0.51 0.57 0.6  0.72 0.8  0.81 0.82 0.82 0.83
 0.86 0.86 0.89 0.9  0.92 0.94 0.96 1.07 1.16 1.2  1.24 1.25 1.26 1.26
 1.34 1.35 1.38 1.38 1.39 1.42 1.43 1.45 1.47 1.5  1.52 1.52 1.52 1.6
 1.66 1.74 1.77 1.83 1.87 1.91 1.94 1.98 1.98 2.05 2.08 2.09 2.18 2.19
 2.3  2.44 2.47 3.17]
var: 0.39937697222222224
| [0m64       [0m | [0m1.338    [0m | [0m0.01223  [0m | [0m1.43     [0m | [0m0.2998   [0m |
[0.03 0.06 0.1  0.13 0.13 0.14 0.14 0.18 0.25 0.26 0.32 0.36 0.43 0.46
 0.47 0.5  0.5  0.51 0.58 0.59 0.59 0.6  0.61 0.63 0.66 0.75 0.76 0.78
 0.8  0.8  0.84 0.86 0.9  0.9  0.94 0.95 0.99 1.02 1.05 1.08 1.11 1.16
 1.17 1.18 1.18 1.19 1.19 1.26 1.3  1.34 1.36 1.38 1.41 1.44 1.53 1.66
 1.79 2.39 3.01 4.01]
var: 0.4724149722222218
| [0m65       [0m | [0m0.9118   [0m | [0m0.0864   [0m | [0m25.3     [0m | [0m2.158    [0m |
[0.   0.05 0.06 0.06 0.07 0.07 0.09 0.09 0.16 0.25 0.25 0.28 0.35 0.42
 0.45 0.48 0.51 0.52 0.55 0.59 0.6  0.6  0.61 0.62 0.69 0.7  0.71 0.71
 0.77 0.77 0.78 0.82 0.82 0.83 0.84 0.84 0.85 0.86 0.88 0.91 1.04 1.11
 1.12 1.16 1.2  1.22 1.24 1.25 1.26 1.29 1.33 1.53 1.55 1.56 1.68 1.76
 1.99 2.   2.19 2.19]
var: 0.30961655555555473
| [0m66       [0m | [0m0.8363   [0m | [0m0.2585   [0m | [0m17.22    [0m | [0m2.351    [0m |
[0.03 0.08 0.08 0.11 0.11 0.12 0.12 0.14 0.18 0.18 0.2  0.22 0.24 0.26
 0.27 0.27 0.31 0.31 0.33 0.34 0.35 0.37 0.38 0.39 0.41 0.42 0.44 0.45
 0.49 0.53 0.56 0.58 0.63 0.63 0.63 0.65 0.67 0.68 0.72 0.72 0.73 0.74
 0.79 0.81 0.81 0.83 0.84 0.85 0.92 0.96 0.98 1.02 1.03 1.03 1.14 1.15
 1.17 1.18 1.25 1.43]
var: 0.12347900000000019
| [0m67       [0m | [0m0.571    [0m | [0m0.2642   [0m | [0m4.824    [0m | [0m0.886    [0m |
[0.   0.07 0.11 0.12 0.14 0.14 0.15 0.2  0.23 0.24 0.25 0.29 0.34 0.39
 0.4  0.43 0.44 0.46 0.46 0.48 0.56 0.57 0.57 0.58 0.64 0.65 0.65 0.66
 0.66 0.66 0.67 0.75 0.81 0.84 0.87 0.87 0.89 0.91 0.97 1.06 1.08 1.21
 1.21 1.22 1.23 1.24 1.31 1.34 1.37 1.43 1.49 1.52 1.54 1.74 1.76 1.81
 2.   2.1  2.24 3.29]
var: 0.40498830555555565
| [0m68       [0m | [0m0.8718   [0m | [0m0.268    [0m | [0m43.14    [0m | [0m0.4823   [0m |
[0.04 0.08 0.14 0.29 0.32 0.33 0.35 0.37 0.42 0.44 0.44 0.51 0.52 0.54
 0.57 0.6  0.64 0.65 0.68 0.72 0.72 0.73 0.76 0.77 0.79 0.81 0.87 0.87
 0.9  0.94 0.94 0.98 0.99 1.   1.03 1.03 1.04 1.04 1.06 1.09 1.1  1.12
 1.16 1.16 1.17 1.2  1.22 1.28 1.28 1.31 1.35 1.35 1.37 1.39 1.43 1.67
 1.84 1.92 2.26 2.45]
var: 0.23617400000000055
| [0m69       [0m | [0m0.934    [0m | [0m0.2933   [0m | [0m20.4     [0m | [0m2.273    [0m |
[0.02 0.08 0.17 0.21 0.23 0.26 0.32 0.33 0.35 0.36 0.41 0.42 0.42 0.49
 0.55 0.55 0.61 0.71 0.72 0.73 0.73 0.74 0.74 0.74 0.78 0.81 0.83 0.87
 0.89 0.95 0.97 1.02 1.03 1.03 1.07 1.07 1.18 1.2  1.23 1.26 1.3  1.32
 1.35 1.37 1.4  1.43 1.44 1.5  1.51 1.54 1.6  1.67 1.9  2.03 2.28 2.37
 2.63 3.11 3.22 3.87]
var: 0.6063482222222213
| [0m70       [0m | [0m1.099    [0m | [0m0.06754  [0m | [0m13.8     [0m | [0m0.6983   [0m |
[0.04 0.06 0.07 0.09 0.15 0.17 0.18 0.19 0.23 0.26 0.27 0.28 0.3  0.33
 0.36 0.36 0.38 0.4  0.42 0.43 0.45 0.47 0.5  0.57 0.58 0.62 0.65 0.66
 0.67 0.68 0.72 0.72 0.74 0.75 0.76 0.76 0.77 0.78 0.79 0.8  0.83 0.83
 0.89 0.91 0.92 1.   1.04 1.16 1.16 1.2  1.21 1.26 1.45 1.62 1.64 1.7
 1.91 1.93 2.07 3.21]
var: 0.3393620833333335
| [0m71       [0m | [0m0.7725   [0m | [0m0.2034   [0m | [0m5.952    [0m | [0m0.9214   [0m |
[0.   0.   0.02 0.03 0.04 0.04 0.06 0.07 0.07 0.12 0.14 0.2  0.25 0.27
 0.3  0.3  0.31 0.34 0.39 0.39 0.44 0.51 0.52 0.52 0.61 0.61 0.62 0.64
 0.66 0.66 0.67 0.67 0.78 0.78 0.79 0.85 0.87 0.95 0.95 0.96 0.96 1.
 1.   1.01 1.03 1.05 1.1  1.1  1.14 1.18 1.25 1.27 1.34 1.52 1.75 1.98
 2.09 2.24 2.42 2.56]
var: 0.3780283055555561
| [0m72       [0m | [0m0.7732   [0m | [0m0.1711   [0m | [0m21.93    [0m | [0m2.81     [0m |
[0.   0.   0.04 0.11 0.13 0.13 0.16 0.16 0.25 0.28 0.3  0.36 0.36 0.37
 0.4  0.44 0.55 0.56 0.56 0.57 0.57 0.59 0.6  0.61 0.61 0.61 0.63 0.66
 0.67 0.69 0.7  0.73 0.78 0.79 0.83 0.85 0.87 0.92 0.92 1.   1.08 1.09
 1.1  1.1  1.1  1.13 1.19 1.2  1.25 1.27 1.28 1.38 1.4  1.41 1.46 1.59
 1.83 2.13 2.46 2.77]
var: 0.32402322222222246
| [0m73       [0m | [0m0.8263   [0m | [0m0.2324   [0m | [0m22.54    [0m | [0m1.955    [0m |
[0.   0.   0.   0.01 0.02 0.03 0.03 0.03 0.05 0.09 0.1  0.11 0.15 0.17
 0.23 0.23 0.24 0.24 0.28 0.29 0.37 0.39 0.43 0.44 0.44 0.44 0.45 0.46
 0.46 0.46 0.56 0.61 0.61 0.68 0.69 0.69 0.73 0.73 0.73 0.74 0.75 0.75
 0.76 0.77 0.77 0.78 0.81 0.9  0.93 0.95 0.97 1.04 1.09 1.11 1.23 1.25
 1.46 1.49 1.52 2.15]
var: 0.20376608333333332
| [0m74       [0m | [0m0.5815   [0m | [0m0.1835   [0m | [0m48.15    [0m | [0m2.409    [0m |
[0.48 0.6  0.63 0.65 0.7  0.72 0.76 0.87 0.88 0.94 1.   1.02 1.07 1.22
 1.27 1.34 1.4  1.41 1.45 1.45 1.46 1.48 1.54 1.55 1.56 1.57 1.63 1.66
 1.68 1.74 1.78 1.91 1.93 1.98 2.   2.01 2.01 2.05 2.16 2.21 2.22 2.3
 2.3  2.32 2.43 2.45 2.46 2.68 2.71 2.73 2.85 3.24 3.31 3.35 3.44 3.87
 3.98 3.99 4.15 4.8 ]
var: 0.9690276388888892
| [0m75       [0m | [0m1.956    [0m | [0m0.06488  [0m | [0m10.82    [0m | [0m0.1879   [0m |
[ 0.03  0.06  0.13  0.15  0.16  0.17  0.22  0.29  0.31  0.32  0.35  0.39
  0.42  0.47  0.5   0.52  0.55  0.58  0.58  0.61  0.63  0.64  0.66  0.67
  0.68  0.69  0.7   0.75  0.76  0.77  0.84  0.84  0.85  0.86  0.86  0.87
  0.91  0.99  1.03  1.06  1.12  1.13  1.15  1.15  1.17  1.25  1.25  1.3
  1.32  1.34  1.35  1.39  1.49  1.5   1.55  1.59  1.61  1.9   3.06 22.36]
var: 7.855347638888888
| [0m76       [0m | [0m1.214    [0m | [0m0.1239   [0m | [0m21.98    [0m | [0m2.091    [0m |
[0.07 0.13 0.15 0.15 0.18 0.19 0.2  0.23 0.26 0.26 0.27 0.31 0.32 0.32
 0.37 0.44 0.48 0.48 0.5  0.5  0.52 0.58 0.58 0.59 0.6  0.71 0.72 0.75
 0.75 0.76 0.79 0.79 0.8  0.83 0.93 0.93 1.03 1.09 1.18 1.19 1.24 1.27
 1.3  1.31 1.36 1.4  1.4  1.41 1.42 1.44 1.45 1.49 1.55 1.71 1.73 1.83
 1.84 1.98 2.35 2.66]
var: 0.3557103055555563
| [0m77       [0m | [0m0.9012   [0m | [0m0.08668  [0m | [0m2.681    [0m | [0m0.4048   [0m |
[0.59 0.68 0.72 0.75 0.76 0.76 0.84 0.89 0.91 0.93 0.93 1.01 1.21 1.21
 1.24 1.27 1.27 1.33 1.34 1.37 1.38 1.41 1.46 1.46 1.46 1.47 1.49 1.49
 1.61 1.71 1.76 1.77 1.87 1.87 1.89 1.97 1.99 2.1  2.17 2.18 2.2  2.24
 2.26 2.26 2.32 2.33 2.36 2.4  2.44 2.69 2.96 3.08 3.12 3.24 3.33 3.47
 3.49 4.44 5.32 5.54]
var: 1.0960694166666658
| [0m78       [0m | [0m1.934    [0m | [0m0.1312   [0m | [0m15.33    [0m | [0m0.2915   [0m |
[0.   0.   0.03 0.03 0.03 0.05 0.08 0.08 0.14 0.16 0.17 0.18 0.25 0.26
 0.31 0.35 0.38 0.42 0.46 0.49 0.56 0.56 0.6  0.62 0.64 0.65 0.65 0.66
 0.77 0.78 0.79 0.79 0.8  0.81 0.85 0.91 0.95 0.95 0.97 0.98 0.99 1.
 1.03 1.05 1.1  1.17 1.2  1.2  1.23 1.28 1.29 1.3  1.38 1.43 1.51 1.71
 1.74 1.79 1.83 1.95]
var: 0.269407888888889
| [0m79       [0m | [0m0.7723   [0m | [0m0.2813   [0m | [0m25.17    [0m | [0m2.334    [0m |
[0.03 0.11 0.48 0.53 0.57 0.81 0.81 0.81 0.86 1.09 1.18 1.22 1.31 1.33
 1.42 1.46 1.51 1.54 1.58 1.6  1.64 1.67 1.73 1.76 1.79 1.81 1.89 1.99
 2.1  2.15 2.17 2.2  2.23 2.24 2.27 2.32 2.4  2.44 2.46 2.55 2.55 2.63
 2.75 2.82 2.85 2.92 2.92 2.95 2.96 3.05 3.26 3.45 3.54 3.55 4.27 4.37
 4.38 4.89 5.7  5.72]
var: 1.5110060833333334
| [95m80       [0m | [95m2.227    [0m | [95m0.003878 [0m | [95m10.42    [0m | [95m0.5672   [0m |
=============================================================
None
num_trials:  40  inits,  40  iters,  60  per
rho:  5
pthin:  0.96

Best VPT: 2.2265000000000015
Best result: {'a': 0.003877957359008276, 'g': 10.421710531951343, 's': 0.5672094012330465}

KERNEL: nu=1.5, lengthscale=2.0, alpha=0.0005
