|   iter    |  target   |     a     |     g     |     s     |
-------------------------------------------------------------
[0.17 0.31 0.6  0.62 0.62 0.64 0.66 0.66 0.68 0.71 0.74 0.87 0.92 0.93
 0.98 0.99 1.05 1.08 1.13 1.16 1.22 1.24 1.24 1.27 1.32 1.33 1.42 1.44
 1.44 1.48 1.5  1.57 1.62 1.66 1.79 1.8  1.85 1.87 1.88 1.92 1.93 1.93
 1.94 1.95 1.99 2.02 2.02 2.22 2.43 2.46 2.5  2.51 2.52 2.52 2.54 2.55
 2.67 2.68 2.71 3.06]
var: 0.4919636388888889
| [0m1        [0m | [0m1.559    [0m | [0m0.2464   [0m | [0m37.39    [0m | [0m0.214    [0m |
[0.02 0.05 0.15 0.17 0.23 0.29 0.37 0.37 0.44 0.45 0.45 0.47 0.49 0.61
 0.66 0.67 0.79 0.81 0.81 0.83 0.91 0.98 1.   1.02 1.05 1.14 1.16 1.21
 1.27 1.29 1.35 1.38 1.41 1.47 1.51 1.53 1.61 1.64 1.72 1.83 1.86 1.95
 1.99 2.18 2.19 2.2  2.23 2.23 2.27 2.28 2.33 2.46 2.49 2.53 2.58 2.61
 2.63 3.02 3.24 3.51]
var: 0.7571394166666663
| [0m2        [0m | [0m1.407    [0m | [0m0.05932  [0m | [0m45.88    [0m | [0m0.2858   [0m |
[0.   0.   0.02 0.02 0.04 0.05 0.06 0.06 0.1  0.11 0.15 0.23 0.24 0.24
 0.25 0.27 0.28 0.29 0.3  0.33 0.33 0.36 0.4  0.4  0.43 0.44 0.45 0.46
 0.48 0.52 0.53 0.57 0.61 0.62 0.63 0.64 0.68 0.71 0.8  0.8  0.84 0.86
 0.88 0.89 0.9  0.94 0.99 1.   1.06 1.18 1.19 1.21 1.23 1.23 1.26 1.33
 1.4  1.78 2.11 2.7 ]
var: 0.28548266666666655
| [0m3        [0m | [0m0.648    [0m | [0m0.2688   [0m | [0m49.92    [0m | [0m2.372    [0m |
[0.01 0.01 0.05 0.16 0.18 0.25 0.29 0.38 0.44 0.46 0.54 0.56 0.6  0.74
 0.75 0.75 0.76 0.78 0.8  0.8  0.82 0.95 1.   1.   1.03 1.05 1.17 1.19
 1.22 1.26 1.29 1.32 1.33 1.33 1.35 1.45 1.46 1.53 1.56 1.63 1.64 1.67
 1.69 1.7  1.71 1.73 1.78 1.83 1.86 1.88 2.05 2.27 2.29 2.6  2.72 2.75
 2.79 2.94 3.24 3.5 ]
var: 0.671894972222222
| [0m4        [0m | [0m1.315    [0m | [0m0.004306 [0m | [0m9.276    [0m | [0m2.515    [0m |
[0.01 0.08 0.12 0.18 0.22 0.26 0.35 0.39 0.42 0.44 0.44 0.45 0.46 0.53
 0.59 0.61 0.61 0.71 0.71 0.73 0.79 0.82 0.83 0.86 0.88 0.92 0.93 0.93
 0.95 0.96 1.03 1.05 1.13 1.14 1.17 1.21 1.25 1.26 1.28 1.32 1.37 1.48
 1.51 1.51 1.51 1.52 1.68 1.72 1.83 1.84 1.94 2.01 2.01 2.09 2.11 2.14
 2.23 2.25 2.49 3.14]
var: 0.46164555555555586
| [0m5        [0m | [0m1.123    [0m | [0m0.07288  [0m | [0m17.07    [0m | [0m2.285    [0m |
[0.   0.01 0.02 0.02 0.05 0.06 0.06 0.08 0.22 0.35 0.37 0.38 0.42 0.43
 0.44 0.5  0.5  0.54 0.54 0.55 0.58 0.6  0.62 0.63 0.65 0.75 0.75 0.76
 0.77 0.78 0.85 0.93 0.94 0.97 1.01 1.02 1.05 1.06 1.07 1.08 1.08 1.1
 1.13 1.14 1.17 1.17 1.2  1.22 1.23 1.24 1.25 1.27 1.34 1.69 1.85 1.92
 2.07 2.25 2.27 2.43]
var: 0.34032363888888895
| [0m6        [0m | [0m0.8738   [0m | [0m0.205    [0m | [0m27.09    [0m | [0m2.695    [0m |
[0.13 0.15 0.18 0.2  0.28 0.28 0.5  0.54 0.64 0.74 0.78 0.81 0.86 0.9
 0.93 0.96 0.96 1.01 1.03 1.12 1.13 1.15 1.15 1.22 1.25 1.31 1.36 1.37
 1.49 1.51 1.61 1.72 1.75 1.77 1.83 1.96 2.03 2.05 2.23 2.29 2.33 2.51
 2.51 2.55 2.63 2.83 2.84 2.92 2.97 3.01 3.03 3.03 3.22 3.28 3.33 3.36
 3.75 3.77 3.79 6.21]
var: 1.3970020833333336
| [95m7        [0m | [95m1.818    [0m | [95m0.04131  [0m | [95m22.67    [0m | [95m0.5796   [0m |
[0.01 0.05 0.15 0.2  0.24 0.26 0.33 0.34 0.35 0.38 0.41 0.42 0.45 0.46
 0.55 0.57 0.63 0.63 0.64 0.65 0.66 0.67 0.7  0.73 0.79 0.85 0.86 0.86
 0.9  0.97 1.   1.02 1.04 1.11 1.16 1.2  1.25 1.27 1.29 1.29 1.37 1.37
 1.38 1.43 1.56 1.59 1.59 1.64 1.73 1.73 1.88 1.99 2.08 2.13 2.14 2.19
 2.24 2.25 2.44 2.52]
var: 0.43792941666666646
| [0m8        [0m | [0m1.077    [0m | [0m0.1307   [0m | [0m36.91    [0m | [0m1.263    [0m |
[0.   0.01 0.12 0.14 0.14 0.16 0.17 0.21 0.23 0.3  0.3  0.33 0.35 0.36
 0.36 0.38 0.38 0.39 0.39 0.42 0.43 0.44 0.44 0.45 0.48 0.48 0.5  0.5
 0.5  0.51 0.51 0.54 0.55 0.55 0.56 0.58 0.59 0.6  0.65 0.66 0.68 0.72
 0.76 0.77 0.77 0.78 0.86 0.86 0.87 0.93 0.93 0.94 1.03 1.06 1.07 1.08
 1.12 1.17 1.33 1.4 ]
var: 0.10235497222222192
| [0m9        [0m | [0m0.5798   [0m | [0m0.212    [0m | [0m1.539    [0m | [0m2.991    [0m |
[0.   0.   0.12 0.15 0.17 0.2  0.2  0.26 0.27 0.3  0.33 0.33 0.37 0.42
 0.44 0.47 0.47 0.49 0.51 0.55 0.58 0.58 0.62 0.63 0.64 0.69 0.69 0.7
 0.71 0.72 0.74 0.75 0.79 0.8  0.83 0.86 0.9  0.92 0.97 0.98 0.99 1.04
 1.05 1.11 1.12 1.14 1.15 1.15 1.18 1.28 1.29 1.32 1.36 1.36 1.37 1.41
 1.85 1.93 2.13 2.35]
var: 0.25435030555555577
| [0m10       [0m | [0m0.8122   [0m | [0m0.1084   [0m | [0m31.94    [0m | [0m2.857    [0m |
[0.   0.07 0.08 0.1  0.14 0.24 0.28 0.29 0.33 0.37 0.41 0.41 0.42 0.46
 0.46 0.49 0.52 0.56 0.6  0.62 0.65 0.66 0.71 0.73 0.75 0.75 0.83 0.86
 0.86 0.9  0.9  0.9  0.9  0.91 0.93 0.98 0.98 1.01 1.12 1.12 1.17 1.21
 1.31 1.35 1.38 1.44 1.44 1.49 1.59 1.61 1.67 1.78 1.83 2.1  2.23 2.3
 2.35 2.61 2.86 3.11]
var: 0.5038269722222223
| [0m11       [0m | [0m1.019    [0m | [0m0.1117   [0m | [0m20.24    [0m | [0m2.895    [0m |
[0.01 0.03 0.05 0.1  0.17 0.17 0.22 0.28 0.28 0.3  0.33 0.36 0.42 0.46
 0.5  0.59 0.6  0.61 0.65 0.69 0.69 0.7  0.7  0.71 0.73 0.75 0.79 0.8
 0.83 0.85 0.86 0.95 0.97 1.01 1.02 1.03 1.05 1.06 1.06 1.07 1.1  1.12
 1.13 1.17 1.19 1.19 1.19 1.2  1.2  1.26 1.29 1.33 1.35 1.42 1.45 1.58
 1.66 1.78 1.96 2.34]
var: 0.23995288888888897
| [0m12       [0m | [0m0.8727   [0m | [0m0.2579   [0m | [0m23.3     [0m | [0m2.776    [0m |
[0.18 0.26 0.34 0.46 0.5  0.51 0.55 0.6  0.61 0.69 0.7  0.81 0.89 0.92
 0.92 1.01 1.03 1.05 1.1  1.12 1.14 1.19 1.21 1.28 1.29 1.4  1.49 1.5
 1.52 1.67 1.73 1.82 1.84 1.86 1.94 1.94 1.96 1.96 2.02 2.05 2.07 2.11
 2.13 2.15 2.19 2.2  2.22 2.22 2.32 2.34 2.42 2.56 2.69 2.93 3.   3.19
 3.3  3.33 3.48 3.56]
var: 0.7482503055555557
| [0m13       [0m | [0m1.658    [0m | [0m0.2557   [0m | [0m22.29    [0m | [0m0.3969   [0m |
[0.03 0.18 0.3  0.38 0.47 0.52 0.53 0.53 0.66 0.68 0.71 0.72 0.78 0.88
 0.93 0.96 0.98 0.98 1.04 1.04 1.06 1.07 1.08 1.09 1.17 1.22 1.23 1.23
 1.26 1.28 1.32 1.36 1.37 1.46 1.5  1.52 1.58 1.6  1.64 1.8  1.8  1.87
 1.9  1.91 1.93 2.01 2.01 2.06 2.07 2.21 2.5  2.63 2.65 2.65 2.97 2.97
 3.04 3.08 3.22 4.3 ]
var: 0.7377715555555547
| [0m14       [0m | [0m1.499    [0m | [0m0.03695  [0m | [0m43.97    [0m | [0m0.8955   [0m |
[0.18 0.61 0.78 1.14 1.25 1.27 1.37 1.37 1.51 1.52 1.55 1.6  1.6  1.61
 1.65 1.73 1.87 1.96 2.12 2.13 2.16 2.3  2.33 2.35 2.38 2.46 2.49 2.51
 2.53 2.59 2.63 2.72 2.75 2.77 2.82 2.84 2.91 2.94 3.04 3.04 3.15 3.23
 3.3  3.34 3.35 3.4  3.54 3.77 3.78 3.93 4.15 4.18 4.47 4.53 4.76 4.78
 5.66 5.92 5.93 6.06]
var: 1.7352349722222222
| [95m15       [0m | [95m2.777    [0m | [95m0.1502   [0m | [95m16.54    [0m | [95m0.1505   [0m |
[0.25 0.3  0.42 0.67 0.69 0.72 0.78 0.8  0.84 0.88 0.88 0.89 0.92 0.92
 0.93 0.94 1.08 1.16 1.18 1.21 1.22 1.29 1.29 1.29 1.33 1.35 1.36 1.42
 1.46 1.53 1.58 1.61 1.63 1.64 1.65 1.71 1.73 1.84 1.92 1.97 1.99 2.03
 2.06 2.13 2.22 2.25 2.38 2.44 2.63 2.73 2.94 2.96 3.05 3.22 3.33 3.4
 3.72 3.73 4.53 4.78]
var: 1.0073355555555557
| [0m16       [0m | [0m1.763    [0m | [0m0.1884   [0m | [0m18.59    [0m | [0m0.5115   [0m |
[0.03 0.07 0.07 0.14 0.15 0.19 0.19 0.26 0.4  0.43 0.43 0.5  0.61 0.67
 0.73 0.74 0.78 0.83 0.84 0.84 0.85 0.91 0.91 0.95 1.01 1.09 1.1  1.12
 1.15 1.2  1.21 1.22 1.3  1.36 1.37 1.38 1.4  1.48 1.51 1.53 1.54 1.55
 1.56 1.58 1.58 1.59 1.61 1.7  1.87 1.9  1.97 1.98 2.01 2.05 2.1  2.16
 2.35 2.57 2.72 3.42]
var: 0.5128195555555559
| [0m17       [0m | [0m1.213    [0m | [0m0.1363   [0m | [0m27.07    [0m | [0m1.11     [0m |
[0.01 0.02 0.05 0.06 0.13 0.14 0.2  0.25 0.27 0.3  0.31 0.33 0.38 0.43
 0.45 0.45 0.51 0.53 0.53 0.53 0.54 0.55 0.57 0.61 0.62 0.63 0.63 0.65
 0.69 0.7  0.72 0.75 0.76 0.76 0.77 0.77 0.79 0.79 0.8  0.8  0.81 0.87
 0.91 0.92 0.99 0.99 1.02 1.15 1.22 1.22 1.23 1.37 1.39 1.4  1.48 1.75
 1.76 1.91 1.93 3.07]
var: 0.2982136388888884
| [0m18       [0m | [0m0.7862   [0m | [0m0.06395  [0m | [0m47.74    [0m | [0m2.226    [0m |
[0.06 0.07 0.1  0.11 0.16 0.17 0.24 0.26 0.3  0.39 0.5  0.6  0.61 0.64
 0.66 0.74 0.84 0.91 0.95 0.97 0.97 1.   1.04 1.07 1.08 1.1  1.15 1.16
 1.17 1.2  1.2  1.23 1.26 1.39 1.43 1.43 1.47 1.49 1.49 1.63 1.67 1.8
 1.87 1.87 1.87 1.9  1.96 2.22 2.27 2.35 2.4  2.46 2.57 2.64 2.74 3.13
 3.61 3.76 4.24 4.47]
var: 1.0343006666666659
| [0m19       [0m | [0m1.434    [0m | [0m0.2973   [0m | [0m22.24    [0m | [0m0.4524   [0m |
[0.05 0.08 0.1  0.13 0.14 0.15 0.26 0.33 0.34 0.36 0.4  0.44 0.47 0.47
 0.5  0.54 0.56 0.61 0.63 0.63 0.71 0.76 0.76 0.77 0.78 0.81 0.92 1.06
 1.07 1.12 1.12 1.21 1.21 1.23 1.23 1.25 1.26 1.29 1.32 1.38 1.42 1.47
 1.54 1.59 1.59 1.67 1.73 1.75 1.9  2.05 2.19 2.19 2.34 2.6  2.61 2.67
 2.84 2.98 4.54 4.64]
var: 0.9473073333333336
| [0m20       [0m | [0m1.246    [0m | [0m0.2346   [0m | [0m29.34    [0m | [0m0.9431   [0m |
[0.   0.   0.   0.03 0.07 0.1  0.1  0.13 0.13 0.29 0.32 0.32 0.36 0.37
 0.39 0.54 0.56 0.6  0.62 0.64 0.69 0.72 0.74 0.76 0.78 0.81 0.85 1.
 1.14 1.16 1.18 1.2  1.28 1.31 1.32 1.34 1.38 1.4  1.4  1.43 1.48 1.51
 1.61 1.64 1.72 1.73 1.93 1.95 2.01 2.04 2.11 2.18 2.26 2.3  2.32 2.69
 2.74 2.85 2.86 3.91]
var: 0.7649205555555558
| [0m21       [0m | [0m1.188    [0m | [0m0.1956   [0m | [0m15.16    [0m | [0m2.375    [0m |
[0.04 0.04 0.1  0.11 0.15 0.18 0.26 0.33 0.42 0.43 0.44 0.47 0.56 0.61
 0.62 0.64 0.66 0.7  0.76 0.77 0.78 0.79 0.84 0.88 0.89 0.92 0.94 1.
 1.02 1.05 1.06 1.11 1.17 1.23 1.24 1.29 1.3  1.41 1.42 1.45 1.49 1.51
 1.57 1.62 1.64 1.72 1.83 1.97 1.98 2.05 2.12 2.12 2.18 2.49 2.51 2.52
 2.61 3.5  3.65 3.91]
var: 0.7691936388888891
| [0m22       [0m | [0m1.251    [0m | [0m0.1285   [0m | [0m7.807    [0m | [0m1.675    [0m |
[0.1  0.13 0.14 0.15 0.23 0.23 0.25 0.3  0.35 0.37 0.4  0.44 0.47 0.48
 0.48 0.53 0.61 0.67 0.67 0.75 0.75 0.78 0.79 0.84 0.98 0.99 0.99 1.02
 1.05 1.09 1.14 1.23 1.26 1.33 1.33 1.37 1.38 1.39 1.41 1.44 1.48 1.54
 1.64 1.7  1.79 1.8  1.83 1.85 1.88 1.98 2.08 2.37 2.51 2.52 2.55 2.73
 2.75 3.09 4.27 4.84]
var: 0.9366783055555561
| [0m23       [0m | [0m1.292    [0m | [0m0.2746   [0m | [0m15.9     [0m | [0m0.5393   [0m |
[0.08 0.09 0.11 0.13 0.18 0.19 0.2  0.25 0.26 0.33 0.44 0.56 0.58 0.62
 0.77 0.8  0.82 0.82 0.82 0.92 0.93 0.93 0.94 0.94 1.02 1.05 1.09 1.15
 1.16 1.17 1.17 1.23 1.23 1.23 1.25 1.32 1.36 1.44 1.5  1.5  1.51 1.53
 1.55 1.63 1.69 1.7  1.74 1.75 1.91 1.92 1.95 2.   2.08 2.09 2.12 2.41
 2.57 2.77 3.07 3.11]
var: 0.5460426666666671
| [0m24       [0m | [0m1.228    [0m | [0m0.2568   [0m | [0m21.02    [0m | [0m1.274    [0m |
[0.02 0.15 0.16 0.24 0.31 0.33 0.38 0.39 0.41 0.48 0.5  0.53 0.56 0.62
 0.64 0.71 0.71 0.72 0.72 0.73 0.74 0.77 0.77 0.79 0.87 0.88 0.91 0.95
 0.95 0.99 1.   1.01 1.06 1.11 1.11 1.17 1.19 1.23 1.33 1.34 1.44 1.47
 1.48 1.53 1.58 1.61 1.62 1.63 1.76 1.84 2.18 2.23 2.23 2.59 2.65 2.87
 3.5  3.89 4.17 4.29]
var: 0.9214395555555549
| [0m25       [0m | [0m1.267    [0m | [0m0.2717   [0m | [0m4.098    [0m | [0m0.502    [0m |
[0.15 0.23 0.28 0.49 0.59 0.72 0.78 1.03 1.17 1.38 1.4  1.55 1.61 1.67
 1.75 1.81 1.84 1.99 2.02 2.22 2.26 2.29 2.51 2.71 2.72 2.72 2.8  2.8
 2.84 2.9  2.91 2.94 2.95 2.96 2.99 3.03 3.03 3.05 3.1  3.14 3.2  3.22
 3.22 3.37 3.41 3.5  3.55 3.66 3.72 3.92 4.19 4.32 4.36 4.49 4.77 4.81
 5.01 5.65 5.7  6.19]
var: 1.895958305555555
| [0m26       [0m | [0m2.76     [0m | [0m0.1353   [0m | [0m8.635    [0m | [0m0.1855   [0m |
[0.01 0.03 0.04 0.05 0.05 0.17 0.17 0.25 0.28 0.28 0.34 0.35 0.45 0.46
 0.58 0.58 0.61 0.63 0.66 0.67 0.67 0.72 0.73 0.74 0.8  0.84 0.93 0.99
 1.03 1.07 1.13 1.15 1.15 1.17 1.19 1.26 1.28 1.3  1.3  1.31 1.34 1.36
 1.37 1.39 1.59 1.61 1.64 1.65 1.72 1.77 1.79 1.87 1.91 2.   2.25 2.25
 2.34 2.35 2.36 3.13]
var: 0.4999616388888886
| [0m27       [0m | [0m1.085    [0m | [0m0.1431   [0m | [0m26.09    [0m | [0m1.299    [0m |
[0.12 0.16 0.32 0.46 0.54 0.69 0.8  0.81 0.83 0.88 0.93 0.94 0.97 1.03
 1.11 1.16 1.2  1.22 1.25 1.28 1.46 1.52 1.56 1.6  1.66 1.7  1.74 1.87
 1.87 1.94 1.99 2.08 2.21 2.27 2.29 2.29 2.33 2.43 2.46 2.49 2.64 2.66
 2.67 2.68 2.71 2.71 2.72 2.79 2.83 2.84 2.86 2.9  3.16 3.27 3.48 3.51
 4.1  4.19 4.35 4.7 ]
var: 1.1343303055555558
| [0m28       [0m | [0m2.004    [0m | [0m0.01033  [0m | [0m10.29    [0m | [0m0.9559   [0m |
[0.17 0.18 0.24 0.29 0.33 0.34 0.36 0.37 0.38 0.38 0.41 0.42 0.43 0.45
 0.46 0.5  0.51 0.52 0.57 0.58 0.58 0.59 0.59 0.6  0.61 0.64 0.64 0.64
 0.67 0.67 0.68 0.69 0.7  0.72 0.72 0.73 0.73 0.74 0.76 0.77 0.77 0.78
 0.79 0.8  0.81 0.82 0.86 0.9  0.94 0.94 0.97 1.03 1.08 1.1  1.2  1.21
 1.44 1.69 1.93 2.44]
var: 0.15746899999999955
| [0m29       [0m | [0m0.731    [0m | [0m0.01893  [0m | [0m27.62    [0m | [0m0.01794  [0m |
[0.05 0.12 0.13 0.13 0.17 0.26 0.31 0.36 0.42 0.44 0.46 0.47 0.53 0.58
 0.6  0.64 0.77 0.84 0.86 0.87 0.87 0.88 0.89 0.91 0.99 1.01 1.08 1.14
 1.22 1.22 1.28 1.35 1.38 1.41 1.42 1.43 1.49 1.49 1.55 1.57 1.58 1.6
 1.64 1.64 1.7  1.79 1.79 1.87 1.88 1.93 2.05 2.09 2.16 2.19 2.25 2.37
 2.53 2.54 2.59 3.54]
var: 0.5569382222222221
| [0m30       [0m | [0m1.255    [0m | [0m0.1666   [0m | [0m36.83    [0m | [0m0.7929   [0m |
[0.1  0.18 0.23 0.26 0.26 0.28 0.29 0.37 0.37 0.41 0.49 0.5  0.51 0.51
 0.52 0.55 0.58 0.59 0.62 0.78 0.81 0.82 0.85 0.86 0.87 0.91 0.92 0.92
 0.93 0.95 0.95 0.96 0.98 1.13 1.13 1.15 1.16 1.16 1.18 1.27 1.31 1.32
 1.38 1.49 1.71 1.82 1.82 1.86 1.91 2.07 2.09 2.09 2.13 2.14 2.3  2.42
 2.59 2.71 2.8  2.92]
var: 0.5407183055555566
| [0m31       [0m | [0m1.153    [0m | [0m0.085    [0m | [0m6.137    [0m | [0m2.429    [0m |
[0.06 0.07 0.08 0.15 0.15 0.15 0.18 0.21 0.21 0.22 0.24 0.28 0.29 0.35
 0.37 0.4  0.41 0.44 0.5  0.52 0.52 0.69 0.69 0.7  0.71 0.72 0.73 0.73
 0.74 0.78 0.84 0.87 0.88 0.88 0.89 0.92 0.93 0.95 0.95 1.   1.08 1.09
 1.23 1.24 1.29 1.32 1.32 1.45 1.74 1.8  1.84 1.84 1.85 1.87 1.92 2.08
 2.15 2.32 2.73 4.19]
var: 0.5851087500000002
| [0m32       [0m | [0m0.9625   [0m | [0m0.0796   [0m | [0m2.296    [0m | [0m1.245    [0m |
[0.03 0.08 0.08 0.15 0.15 0.16 0.16 0.16 0.21 0.4  0.4  0.45 0.49 0.54
 0.58 0.64 0.65 0.67 0.7  0.75 0.87 0.88 0.89 0.91 0.93 0.94 0.95 0.95
 0.96 0.97 0.97 1.04 1.06 1.07 1.1  1.12 1.14 1.23 1.23 1.27 1.28 1.32
 1.34 1.39 1.45 1.49 1.51 1.79 1.79 1.81 2.01 2.02 2.08 2.15 2.17 2.19
 2.31 2.4  2.41 2.44]
var: 0.44946599999999987
| [0m33       [0m | [0m1.088    [0m | [0m0.03897  [0m | [0m20.45    [0m | [0m2.71     [0m |
[0.48 1.28 1.31 1.46 1.49 1.56 1.56 1.56 1.69 1.77 1.93 1.93 2.17 2.18
 2.29 2.3  2.33 2.34 2.41 2.46 2.49 2.58 2.6  2.73 2.78 2.92 2.94 2.96
 3.04 3.05 3.06 3.07 3.08 3.09 3.15 3.19 3.24 3.28 3.37 3.43 3.57 3.62
 3.86 3.93 3.94 3.96 4.02 4.07 4.12 4.2  4.37 4.81 4.89 4.9  5.03 5.35
 5.49 5.84 6.02 7.21]
var: 1.7368620833333328
| [95m34       [0m | [95m3.163    [0m | [95m0.07193  [0m | [95m16.89    [0m | [95m0.1262   [0m |
[0.29 0.34 0.44 0.59 0.88 0.92 1.19 1.28 1.3  1.33 1.69 1.99 2.07 2.1
 2.15 2.24 2.25 2.3  2.35 2.39 2.4  2.48 2.49 2.49 2.5  2.5  2.58 2.64
 2.66 2.7  2.85 2.87 2.9  2.99 3.09 3.12 3.23 3.26 3.27 3.29 3.32 3.33
 3.4  3.62 3.62 3.63 3.76 3.79 4.25 4.3  4.3  4.38 4.52 4.59 4.84 5.18
 5.45 5.81 6.29 7.38]
var: 2.0634840000000003
| [0m35       [0m | [0m2.936    [0m | [0m0.02997  [0m | [0m4.863    [0m | [0m0.3207   [0m |
[0.03 0.04 0.06 0.07 0.09 0.1  0.13 0.13 0.13 0.19 0.26 0.29 0.3  0.31
 0.31 0.42 0.44 0.48 0.51 0.51 0.52 0.54 0.58 0.61 0.67 0.68 0.72 0.75
 0.76 0.77 0.8  0.81 0.82 0.84 0.86 0.87 0.87 0.89 0.91 0.93 0.97 0.97
 1.   1.   1.04 1.06 1.06 1.12 1.19 1.29 1.29 1.34 1.4  1.41 1.47 1.73
 1.77 1.84 1.85 2.88]
var: 0.2994782222222224
| [0m36       [0m | [0m0.7947   [0m | [0m0.06793  [0m | [0m39.94    [0m | [0m2.454    [0m |
[0.11 0.12 0.14 0.15 0.19 0.19 0.48 0.5  0.5  0.61 0.64 0.67 0.74 0.75
 0.75 0.75 0.78 0.83 0.83 0.84 0.87 0.88 0.93 0.94 0.96 1.01 1.04 1.13
 1.15 1.17 1.18 1.18 1.25 1.28 1.31 1.33 1.36 1.4  1.49 1.55 1.55 1.56
 1.59 1.67 1.7  1.7  1.75 1.79 1.8  1.88 2.   2.   2.18 2.49 2.65 2.67
 2.97 3.12 3.46 4.06]
var: 0.6900680833333339
| [0m37       [0m | [0m1.31     [0m | [0m0.1009   [0m | [0m26.03    [0m | [0m0.9028   [0m |
[0.06 0.36 0.4  0.41 0.64 0.65 0.67 0.7  0.73 0.76 0.78 0.79 0.79 0.8
 0.83 0.91 0.92 0.93 0.93 0.97 1.02 1.06 1.12 1.14 1.14 1.19 1.22 1.24
 1.26 1.33 1.33 1.35 1.35 1.39 1.43 1.51 1.58 1.61 1.64 1.65 1.67 1.72
 1.75 1.8  1.82 1.82 2.   2.06 2.07 2.25 2.27 2.37 2.41 2.53 2.54 2.69
 3.02 3.26 3.46 4.08]
var: 0.6427365555555552
| [0m38       [0m | [0m1.47     [0m | [0m0.1993   [0m | [0m36.47    [0m | [0m0.2634   [0m |
[0.03 0.06 0.09 0.15 0.15 0.32 0.33 0.38 0.41 0.51 0.52 0.54 0.55 0.56
 0.57 0.61 0.65 0.72 0.81 0.82 0.82 0.84 0.85 0.85 0.88 0.93 0.99 1.05
 1.14 1.18 1.19 1.21 1.21 1.23 1.25 1.29 1.3  1.31 1.38 1.38 1.39 1.39
 1.39 1.4  1.42 1.43 1.45 1.46 1.47 1.55 1.58 1.61 1.62 1.63 1.66 1.76
 1.84 1.89 2.3  3.49]
var: 0.3637516388888892
| [0m39       [0m | [0m1.08     [0m | [0m0.2896   [0m | [0m16.02    [0m | [0m2.163    [0m |
[0.04 0.15 0.26 0.35 0.36 0.58 0.62 0.64 0.76 0.79 0.82 0.9  0.95 1.2
 1.27 1.32 1.34 1.37 1.43 1.44 1.45 1.48 1.49 1.53 1.57 1.66 1.71 1.75
 1.75 1.8  1.81 1.83 1.84 1.9  1.91 1.92 1.98 1.99 1.99 2.   2.05 2.05
 2.17 2.17 2.19 2.23 2.48 2.59 2.61 2.99 3.04 3.33 3.33 3.43 3.51 3.53
 3.59 3.86 3.87 4.05]
var: 0.9786198888888896
| [0m40       [0m | [0m1.85     [0m | [0m0.06118  [0m | [0m38.8     [0m | [0m0.5212   [0m |
[0.06 0.1  0.15 0.15 0.35 0.45 0.59 0.62 0.63 0.65 0.69 0.7  0.78 0.82
 0.83 1.   1.08 1.09 1.16 1.19 1.21 1.23 1.25 1.34 1.42 1.47 1.49 1.58
 1.59 1.59 1.7  1.73 1.85 1.89 1.98 2.02 2.09 2.09 2.27 2.28 2.44 2.52
 2.55 2.65 2.79 2.81 2.84 3.14 3.29 3.34 3.36 3.37 3.53 3.63 3.67 4.43
 4.65 4.77 5.41 5.72]
var: 1.8008403055555555
| [0m41       [0m | [0m1.968    [0m | [0m0.02889  [0m | [0m10.3     [0m | [0m0.9496   [0m |
[0.37 0.4  0.48 0.54 0.67 0.77 0.81 0.84 0.84 1.06 1.1  1.16 1.19 1.23
 1.35 1.4  1.47 1.53 1.54 1.54 1.58 1.6  1.62 1.68 1.81 1.84 1.85 1.85
 1.88 1.91 1.94 1.94 2.04 2.09 2.12 2.23 2.24 2.31 2.42 2.62 2.63 2.67
 2.69 2.74 2.79 2.93 3.09 3.23 3.31 3.52 3.53 3.61 3.72 3.81 3.94 3.96
 3.97 4.16 5.03 5.78]
var: 1.3797269722222223
| [0m42       [0m | [0m2.183    [0m | [0m0.2772   [0m | [0m17.25    [0m | [0m0.1658   [0m |
[0.   0.   0.   0.   0.   0.   0.   0.   0.   0.   0.   0.   0.   0.
 0.   0.   0.   0.01 0.01 0.01 0.01 0.01 0.01 0.02 0.03 0.04 0.04 0.04
 0.05 0.05 0.07 0.07 0.08 0.08 0.09 0.12 0.13 0.14 0.15 0.16 0.17 0.17
 0.18 0.2  0.22 0.22 0.23 0.26 0.29 0.29 0.33 0.33 0.37 0.39 0.63 0.68
 0.7  1.27 1.32 1.62]
var: 0.10614163888888895
| [0m43       [0m | [0m0.1882   [0m | [0m1e-08    [0m | [0m16.83    [0m | [0m0.3955   [0m |
[0.33 0.33 0.45 0.51 0.7  0.83 1.51 1.53 1.77 1.82 1.89 1.91 1.95 2.06
 2.07 2.08 2.12 2.14 2.21 2.26 2.26 2.3  2.35 2.37 2.53 2.55 2.56 2.63
 2.68 2.75 2.77 2.81 2.95 3.06 3.11 3.12 3.13 3.22 3.23 3.27 3.31 3.32
 3.45 3.47 3.47 3.48 3.55 3.58 3.66 3.74 3.84 4.28 4.3  4.37 4.79 5.
 5.05 5.68 6.42 6.63]
var: 1.7834094166666679
| [0m44       [0m | [0m2.859    [0m | [0m0.05213  [0m | [0m16.87    [0m | [0m0.05329  [0m |
[0.18 0.23 0.52 0.68 0.71 0.72 0.78 0.8  1.09 1.1  1.17 1.17 1.21 1.24
 1.27 1.29 1.34 1.43 1.5  1.6  1.61 1.62 1.63 1.66 1.73 1.75 1.82 1.85
 1.87 1.98 1.98 2.05 2.08 2.19 2.22 2.24 2.27 2.28 2.29 2.35 2.39 2.39
 2.41 2.47 2.48 2.51 2.52 2.57 2.59 2.68 3.04 3.06 3.15 3.4  3.48 3.6
 3.81 4.05 4.37 4.59]
var: 0.9485412222222221
| [0m45       [0m | [0m2.018    [0m | [0m0.2528   [0m | [0m16.95    [0m | [0m0.1576   [0m |
[0.6  0.67 0.79 0.79 0.87 1.07 1.13 1.13 1.31 1.36 1.49 1.59 1.66 1.75
 1.78 1.88 1.92 1.93 2.06 2.07 2.08 2.08 2.1  2.21 2.35 2.39 2.39 2.4
 2.44 2.51 2.58 2.59 2.67 2.72 2.72 2.74 2.78 2.78 2.79 2.85 2.89 3.02
 3.03 3.08 3.3  3.31 3.32 3.36 3.47 3.61 3.73 3.74 3.89 4.06 4.09 4.1
 4.11 4.18 4.93 6.39]
var: 1.2485480833333338
| [0m46       [0m | [0m2.561    [0m | [0m0.1007   [0m | [0m16.78    [0m | [0m0.1485   [0m |
[0.59 0.74 1.01 1.05 1.09 1.36 1.61 1.73 1.83 2.09 2.16 2.24 2.42 2.43
 2.44 2.53 2.59 2.64 2.65 2.66 2.73 2.9  2.9  3.11 3.14 3.18 3.19 3.27
 3.42 3.44 3.44 3.52 3.53 3.64 3.71 3.74 3.75 3.79 3.84 3.93 3.98 4.07
 4.12 4.25 4.51 4.58 4.58 4.73 4.86 5.24 5.26 5.27 5.58 5.74 5.74 5.78
 5.81 6.05 7.21 7.45]
var: 2.359520666666667
| [95m47       [0m | [95m3.514    [0m | [95m0.01669  [0m | [95m17.02    [0m | [95m0.07555  [0m |
[0.88 1.33 1.45 1.52 1.7  1.72 1.84 1.86 1.9  1.99 2.05 2.14 2.18 2.25
 2.28 2.29 2.4  2.48 2.51 2.58 2.66 2.77 2.77 2.79 2.82 2.83 2.84 2.84
 2.88 2.95 2.97 3.02 3.11 3.24 3.28 3.34 3.35 3.46 3.48 3.53 3.62 3.69
 3.82 3.83 3.89 4.07 4.1  4.17 4.32 4.35 4.42 4.42 4.57 4.6  5.44 5.58
 6.58 7.03 7.46 8.38]
var: 2.1769465555555554
| [0m48       [0m | [0m3.31     [0m | [0m0.04068  [0m | [0m17.21    [0m | [0m0.07705  [0m |
[0.   0.01 0.01 0.02 0.02 0.02 0.03 0.03 0.04 0.04 0.04 0.04 0.04 0.06
 0.06 0.06 0.06 0.07 0.07 0.09 0.1  0.1  0.11 0.14 0.14 0.15 0.15 0.15
 0.16 0.18 0.18 0.18 0.19 0.23 0.23 0.26 0.28 0.31 0.32 0.32 0.33 0.34
 0.38 0.38 0.42 0.47 0.56 0.56 0.56 0.6  0.64 0.67 0.76 0.77 0.84 1.02
 1.06 1.22 1.73 3.08]
var: 0.24275822222222232
| [0m49       [0m | [0m0.3513   [0m | [0m1e-08    [0m | [0m5.032    [0m | [0m0.2808   [0m |
[0.54 0.72 0.72 0.74 0.81 0.93 0.99 1.01 1.18 1.29 1.3  1.33 1.36 1.4
 1.46 1.59 1.65 1.65 1.68 1.71 1.74 1.88 1.91 2.02 2.04 2.08 2.13 2.14
 2.17 2.18 2.22 2.23 2.23 2.26 2.28 2.37 2.4  2.41 2.64 2.65 2.74 2.82
 2.84 2.92 2.95 3.01 3.04 3.05 3.1  3.16 3.25 3.38 3.59 3.6  3.77 3.99
 4.2  4.76 4.79 4.82]
var: 1.0851810000000008
| [0m50       [0m | [0m2.297    [0m | [0m0.09802  [0m | [0m17.1     [0m | [0m0.05646  [0m |
[0.19 0.26 0.38 1.08 1.1  1.24 1.31 1.49 1.55 1.68 1.68 1.69 1.92 1.99
 2.02 2.06 2.14 2.33 2.33 2.49 2.55 2.58 2.61 2.68 2.71 2.73 2.73 2.79
 2.81 2.94 2.97 3.11 3.12 3.18 3.28 3.34 3.37 3.4  3.41 3.5  3.55 3.56
 3.59 3.77 3.79 3.8  4.03 4.09 4.2  4.36 4.54 4.59 4.74 4.92 5.15 5.3
 5.73 6.08 6.11 6.61]
var: 2.038317638888889
| [0m51       [0m | [0m3.054    [0m | [0m0.02653  [0m | [0m17.07    [0m | [0m0.2009   [0m |
[1.01 1.09 1.19 1.21 1.24 1.32 1.63 1.77 1.81 1.82 2.   2.02 2.18 2.19
 2.25 2.32 2.34 2.53 2.55 2.56 2.57 2.58 2.59 2.71 2.71 2.73 2.84 2.86
 2.88 2.92 2.99 3.04 3.05 3.1  3.19 3.22 3.22 3.26 3.33 3.33 3.42 3.46
 3.54 3.57 3.57 3.68 3.81 4.24 4.26 4.36 4.4  4.58 4.78 4.82 4.91 5.1
 5.43 5.81 6.15 6.56]
var: 1.5821866666666662
| [0m52       [0m | [0m3.11     [0m | [0m0.05886  [0m | [0m17.36    [0m | [0m0.153    [0m |
[0.01 0.03 0.05 0.13 0.15 0.15 0.17 0.19 0.21 0.25 0.26 0.26 0.26 0.28
 0.3  0.31 0.33 0.35 0.37 0.42 0.45 0.46 0.46 0.47 0.49 0.5  0.52 0.53
 0.55 0.55 0.55 0.56 0.57 0.57 0.58 0.63 0.64 0.65 0.73 0.86 0.89 1.06
 1.38 1.43 1.43 1.45 1.6  1.61 1.95 1.99 2.02 2.32 2.54 2.64 3.25 3.31
 3.62 4.05 5.01 5.2 ]
var: 1.4562909722222226
| [0m53       [0m | [0m1.076    [0m | [0m6.762e-06[0m | [0m17.29    [0m | [0m0.2889   [0m |
[0.14 0.24 0.48 0.5  0.59 0.79 1.07 1.12 1.29 1.34 1.38 1.56 1.6  1.7
 1.74 1.83 1.95 1.96 2.1  2.14 2.21 2.35 2.38 2.65 2.9  3.04 3.13 3.25
 3.32 3.44 3.53 3.61 3.72 3.85 4.12 4.19 4.34 4.39 4.48 4.52 4.53 4.57
 4.57 4.76 4.81 4.92 4.94 5.02 5.45 5.49 5.51 5.58 5.64 5.8  6.06 6.27
 6.3  8.18 8.34 9.17]
var: 4.2574209722222225
| [95m54       [0m | [95m3.514    [0m | [95m0.0003777[0m | [95m17.28    [0m | [95m0.1009   [0m |
[0.1  0.2  0.27 0.42 0.63 0.67 0.67 0.73 0.86 1.48 1.57 1.65 1.65 1.67
 1.7  1.72 1.8  1.94 2.04 2.05 2.06 2.14 2.17 2.18 2.2  2.25 2.27 2.63
 2.69 2.83 2.86 2.98 2.99 3.03 3.07 3.11 3.25 3.31 3.32 3.34 3.45 3.53
 3.54 3.6  3.93 4.07 4.1  4.17 4.22 4.25 4.25 4.31 4.41 4.64 4.71 4.79
 4.81 5.09 5.98 9.47]
var: 2.6494265555555545
| [0m55       [0m | [0m2.83     [0m | [0m0.0506   [0m | [0m4.746    [0m | [0m0.3483   [0m |
[ 0.3   0.55  0.79  1.14  1.17  1.21  1.25  1.26  1.42  1.46  1.53  1.53
  1.54  1.55  1.56  1.64  1.72  1.81  1.84  1.85  1.96  2.04  2.05  2.05
  2.06  2.1   2.25  2.43  2.52  2.53  2.54  2.62  2.62  2.62  2.68  2.99
  3.    3.05  3.14  3.14  3.15  3.17  3.47  3.49  3.5   3.52  3.56  3.58
  3.66  3.71  3.88  3.94  4.12  4.15  4.25  4.34  4.37  5.51  5.95 10.87]
var: 2.493037222222222
| [0m56       [0m | [0m2.728    [0m | [0m0.04901  [0m | [0m2.374    [0m | [0m0.1      [0m |
[0.31 0.39 0.7  0.79 0.87 0.93 0.94 1.11 1.14 1.16 1.34 1.47 1.53 1.54
 1.59 1.65 1.67 1.8  1.82 1.92 1.94 1.98 2.   2.04 2.05 2.08 2.1  2.17
 2.22 2.39 2.52 2.65 2.73 2.81 2.84 2.87 2.92 2.98 3.   3.09 3.11 3.18
 3.27 3.29 3.45 3.47 3.5  3.79 3.8  3.9  4.04 4.3  4.37 4.54 4.74 5.22
 5.24 5.67 5.86 6.09]
var: 1.9311760000000002
| [0m57       [0m | [0m2.648    [0m | [0m0.0847   [0m | [0m17.53    [0m | [0m0.09371  [0m |
[0.11 0.14 0.43 0.45 0.51 0.51 0.6  0.62 0.7  0.72 0.72 0.82 0.93 0.99
 1.01 1.05 1.07 1.09 1.12 1.12 1.14 1.19 1.27 1.28 1.28 1.3  1.3  1.34
 1.37 1.41 1.52 1.63 1.64 1.68 1.7  1.76 1.78 1.78 1.79 1.8  1.81 1.85
 2.01 2.13 2.18 2.2  2.26 2.3  2.77 2.87 2.9  2.94 3.01 3.08 3.18 3.32
 3.42 3.46 3.5  3.58]
var: 0.840426222222222
| [0m58       [0m | [0m1.657    [0m | [0m0.02724  [0m | [0m40.0     [0m | [0m0.9904   [0m |
[0.18 0.21 0.27 0.29 0.31 0.38 0.42 0.44 0.44 0.5  0.56 0.61 0.71 0.72
 0.74 0.74 0.79 0.81 0.83 0.84 0.84 0.84 0.85 0.85 0.85 0.86 0.88 0.88
 0.88 0.9  0.9  0.92 0.96 0.97 0.98 0.98 1.06 1.1  1.15 1.2  1.29 1.3
 1.35 1.35 1.37 1.41 1.47 1.52 1.56 1.56 1.62 1.65 1.72 1.75 1.96 1.99
 2.04 2.23 2.27 2.78]
var: 0.30394030555555573
| [0m59       [0m | [0m1.064    [0m | [0m0.09574  [0m | [0m17.33    [0m | [0m0.01301  [0m |
[0.11 0.4  0.98 1.15 1.17 1.21 1.35 1.48 1.55 1.7  1.73 1.75 1.85 1.86
 1.96 2.07 2.1  2.1  2.16 2.17 2.2  2.2  2.28 2.36 2.39 2.39 2.48 2.49
 2.49 2.56 2.57 2.58 2.61 2.64 2.7  2.76 2.81 2.82 2.85 3.07 3.11 3.12
 3.19 3.26 3.46 3.55 3.6  3.61 3.64 3.65 3.72 3.72 3.95 3.96 4.05 4.06
 4.21 4.58 5.38 5.58]
var: 1.1691238888888884
| [0m60       [0m | [0m2.658    [0m | [0m0.09901  [0m | [0m17.0     [0m | [0m0.09396  [0m |
[0.01 0.02 0.09 0.36 0.38 0.47 0.52 0.56 0.67 0.72 0.86 0.9  0.96 1.1
 1.11 1.19 1.21 1.38 1.4  1.48 1.62 1.9  1.92 1.96 1.99 2.02 2.06 2.07
 2.09 2.19 2.31 2.35 2.38 2.47 2.49 2.5  2.51 2.51 2.6  2.74 2.84 2.88
 2.89 2.91 2.92 3.   3.04 3.1  3.13 3.22 3.24 3.27 3.29 3.33 3.37 3.44
 3.49 3.96 4.56 4.67]
var: 1.2768632222222223
| [0m61       [0m | [0m2.11     [0m | [0m0.000697 [0m | [0m39.84    [0m | [0m0.8831   [0m |
[0.06 0.11 0.2  0.3  0.36 0.46 0.6  0.62 0.91 0.98 1.09 1.1  1.14 1.16
 1.24 1.28 1.33 1.36 1.4  1.55 1.55 1.55 1.56 1.7  1.75 1.77 1.78 1.8
 1.81 1.83 1.85 1.87 1.91 1.99 2.   2.04 2.04 2.06 2.18 2.19 2.33 2.37
 2.39 2.44 2.49 2.52 2.54 2.57 2.59 2.6  2.61 2.81 2.83 2.9  3.51 3.59
 3.74 3.77 5.62 6.61]
var: 1.357644972222221
| [0m62       [0m | [0m1.955    [0m | [0m0.0576   [0m | [0m4.832    [0m | [0m0.4851   [0m |
[0.03 0.1  0.14 0.17 0.21 0.41 0.47 0.51 0.51 0.56 0.61 0.69 0.71 0.74
 0.75 0.79 0.84 0.89 0.91 0.97 0.98 0.99 1.02 1.13 1.23 1.34 1.36 1.38
 1.39 1.41 1.49 1.5  1.6  1.64 1.7  1.76 1.8  1.86 1.87 1.9  1.91 1.92
 2.02 2.08 2.13 2.18 2.2  2.24 2.36 2.36 2.42 2.43 2.44 2.5  2.51 2.54
 2.7  3.47 4.33 4.79]
var: 0.9245360833333325
| [0m63       [0m | [0m1.532    [0m | [0m0.214    [0m | [0m16.87    [0m | [0m0.9401   [0m |
[0.2  0.66 0.82 0.9  1.07 1.12 1.16 1.75 1.85 1.87 1.89 2.03 2.05 2.22
 2.24 2.25 2.3  2.33 2.36 2.74 2.76 2.85 2.91 2.91 3.07 3.09 3.12 3.3
 3.44 3.48 3.55 3.65 3.8  3.84 3.85 3.96 3.96 3.96 3.96 4.03 4.13 4.43
 4.6  4.73 4.84 4.84 4.91 5.18 5.21 5.23 5.34 5.4  5.6  5.72 5.76 5.86
 6.04 6.13 6.83 7.23]
var: 2.7009883055555557
| [95m64       [0m | [95m3.522    [0m | [95m0.003549 [0m | [95m16.99    [0m | [95m0.1505   [0m |
[0.33 0.78 1.15 1.15 1.29 1.37 1.59 1.66 1.68 1.73 1.76 1.84 2.04 2.08
 2.1  2.12 2.16 2.19 2.19 2.19 2.37 2.46 2.48 2.62 2.71 2.73 2.79 2.82
 3.04 3.09 3.21 3.23 3.38 3.4  3.41 3.41 3.42 3.43 3.5  3.53 3.65 3.68
 3.73 3.75 3.78 3.88 3.9  4.08 4.17 4.22 4.23 4.52 4.65 4.79 4.89 5.12
 5.71 5.92 6.3  6.68]
var: 1.8201348888888897
| [0m65       [0m | [0m3.101    [0m | [0m0.033    [0m | [0m17.17    [0m | [0m0.1215   [0m |
[0.19 0.23 0.27 0.31 0.34 0.37 0.41 0.47 0.48 0.56 0.63 0.66 0.69 0.7
 0.7  0.71 0.76 0.77 0.79 0.8  0.8  0.86 0.86 0.87 0.87 0.88 0.91 1.01
 1.09 1.19 1.23 1.28 1.29 1.33 1.33 1.38 1.4  1.48 1.49 1.55 1.57 1.59
 1.63 1.66 1.7  1.74 1.92 2.01 2.13 2.14 2.17 2.31 2.4  2.46 2.48 2.64
 2.76 2.99 3.45 3.56]
var: 0.6526943055555555
| [0m66       [0m | [0m1.321    [0m | [0m0.2617   [0m | [0m17.51    [0m | [0m1.126    [0m |
[0.   0.   0.   0.   0.   0.   0.   0.   0.   0.   0.   0.   0.   0.
 0.   0.   0.   0.   0.   0.   0.   0.   0.   0.   0.   0.   0.   0.
 0.   0.02 0.03 0.03 0.04 0.04 0.05 0.06 0.12 0.13 0.15 0.15 0.16 0.16
 0.18 0.2  0.21 0.3  0.35 0.37 0.38 0.45 0.48 0.59 0.73 0.91 0.96 1.
 1.05 1.75 1.77 2.29]
var: 0.2258283055555559
| [0m67       [0m | [0m0.2518   [0m | [0m1e-08    [0m | [0m16.95    [0m | [0m0.08402  [0m |
[0.   0.02 0.04 0.08 0.1  0.1  0.15 0.15 0.17 0.17 0.19 0.19 0.31 0.32
 0.33 0.36 0.38 0.41 0.44 0.51 0.51 0.55 0.56 0.58 0.65 0.65 0.65 0.75
 0.86 0.87 0.95 1.   1.02 1.03 1.11 1.11 1.14 1.15 1.18 1.2  1.2  1.22
 1.37 1.42 1.45 1.52 1.53 1.58 1.6  1.64 1.75 1.84 1.94 2.   2.05 2.13
 2.15 2.64 2.92 3.12]
var: 0.5659560833333336
| [0m68       [0m | [0m0.9835   [0m | [0m0.266    [0m | [0m34.15    [0m | [0m0.7798   [0m |
[0.32 0.46 0.48 0.61 1.06 1.37 1.74 1.75 1.78 1.95 1.96 2.04 2.21 2.24
 2.25 2.35 2.39 2.43 2.48 2.6  2.64 2.71 2.82 2.83 2.94 3.04 3.04 3.1
 3.14 3.22 3.24 3.24 3.24 3.27 3.3  3.32 3.44 3.46 3.59 3.65 3.74 3.93
 4.28 4.28 4.39 4.4  4.5  4.59 4.6  4.63 4.64 4.69 4.75 4.79 4.85 4.91
 5.28 5.37 5.53 6.08]
var: 1.7823136388888885
| [0m69       [0m | [0m3.199    [0m | [0m0.004177 [0m | [0m17.41    [0m | [0m0.1365   [0m |
[0.02 0.06 0.12 0.13 0.21 0.25 0.4  0.43 0.57 0.58 0.68 0.72 0.76 0.77
 0.8  0.83 0.83 0.85 0.9  0.93 0.95 0.97 1.01 1.07 1.08 1.11 1.12 1.16
 1.23 1.23 1.24 1.31 1.33 1.36 1.43 1.46 1.53 1.59 1.63 1.68 1.75 1.77
 1.81 1.85 1.96 1.99 2.03 2.05 2.07 2.1  2.15 2.19 2.21 2.3  2.53 2.55
 2.65 3.34 3.91 4.2 ]
var: 0.7597912222222232
| [0m70       [0m | [0m1.396    [0m | [0m0.09731  [0m | [0m11.63    [0m | [0m1.379    [0m |
[0.06 0.12 0.38 0.65 0.73 0.78 1.03 1.08 1.14 1.18 1.38 1.42 1.42 1.44
 1.52 1.56 1.62 1.63 1.67 1.91 1.92 1.99 2.03 2.15 2.27 2.28 2.36 2.55
 2.59 2.63 2.84 2.85 2.98 3.04 3.17 3.19 3.23 3.33 3.34 3.38 3.4  3.58
 3.7  3.84 3.88 4.13 4.13 4.28 4.36 4.48 4.49 4.59 4.63 4.66 4.82 4.94
 5.49 5.59 6.62 7.19]
var: 2.5144828888888893
| [0m71       [0m | [0m2.827    [0m | [0m0.01449  [0m | [0m16.92    [0m | [0m0.2132   [0m |
[0.1  0.17 0.85 0.89 0.89 0.95 0.98 0.99 1.05 1.22 1.28 1.44 1.54 1.54
 1.54 1.64 1.65 1.72 1.8  1.81 1.82 1.9  1.91 1.94 1.95 2.05 2.16 2.22
 2.32 2.42 2.54 2.58 2.97 2.99 2.99 2.99 3.3  3.31 3.48 3.6  3.69 3.7
 3.72 3.75 3.97 4.03 4.08 4.15 4.17 4.2  4.22 4.58 4.77 4.81 5.2  5.59
 5.95 6.3  7.16 7.29]
var: 2.742944333333334
| [0m72       [0m | [0m2.847    [0m | [0m0.001593 [0m | [0m16.97    [0m | [0m0.2393   [0m |
[0.   0.1  0.12 0.15 0.25 0.3  0.36 0.38 0.43 0.45 0.58 0.64 0.68 0.75
 0.75 0.91 0.92 0.95 1.01 1.01 1.03 1.05 1.05 1.06 1.07 1.08 1.11 1.12
 1.13 1.14 1.14 1.16 1.17 1.2  1.23 1.27 1.28 1.32 1.35 1.36 1.4  1.44
 1.52 1.52 1.57 1.59 1.62 1.67 1.72 1.73 1.77 1.85 2.02 2.11 2.51 2.53
 2.6  3.17 3.44 4.11]
var: 0.6233909722222221
| [0m73       [0m | [0m1.266    [0m | [0m0.07225  [0m | [0m38.73    [0m | [0m1.253    [0m |
[0.01 0.03 0.19 0.21 0.23 0.27 0.36 0.36 0.41 0.41 0.49 0.51 0.6  0.63
 0.69 0.7  0.72 0.78 0.9  0.92 0.93 1.01 1.05 1.2  1.23 1.29 1.32 1.36
 1.37 1.41 1.45 1.51 1.56 1.63 1.66 1.69 1.69 1.7  1.76 1.81 1.85 1.85
 1.85 2.02 2.07 2.15 2.27 2.32 2.36 2.39 2.52 2.61 2.77 2.85 2.87 3.15
 3.48 3.98 4.01 4.39]
var: 1.051381638888889
| [0m74       [0m | [0m1.53     [0m | [0m0.1757   [0m | [0m18.6     [0m | [0m0.4888   [0m |
[0.39 0.69 0.76 0.92 1.01 1.03 1.04 1.16 1.2  1.28 1.36 1.36 1.44 1.49
 1.49 1.52 1.57 1.63 1.69 1.83 1.85 1.97 2.05 2.06 2.09 2.16 2.18 2.3
 2.32 2.41 2.44 2.52 2.6  2.61 2.68 2.7  2.77 2.79 2.81 2.82 2.94 3.03
 3.06 3.13 3.27 3.38 3.53 3.6  3.81 4.27 4.28 4.29 4.32 4.34 4.76 4.82
 4.91 5.17 5.23 5.34]
var: 1.6260714166666683
| [0m75       [0m | [0m2.575    [0m | [0m0.104    [0m | [0m16.98    [0m | [0m0.145    [0m |
[0.44 0.66 0.84 0.99 1.14 1.17 1.23 1.24 1.39 1.46 1.47 1.49 1.51 1.53
 1.53 1.65 1.66 1.78 1.83 1.95 2.14 2.22 2.23 2.24 2.29 2.43 2.46 2.58
 2.71 2.8  2.84 2.87 2.89 2.9  3.06 3.14 3.16 3.27 3.34 3.34 3.37 3.41
 3.44 3.45 3.46 3.52 3.52 3.54 3.55 3.6  3.61 3.62 3.69 3.69 3.73 3.78
 4.01 4.2  5.37 5.89]
var: 1.2614748888888887
| [0m76       [0m | [0m2.639    [0m | [0m0.08235  [0m | [0m17.08    [0m | [0m0.05594  [0m |
[0.   0.05 0.12 0.2  0.33 0.39 0.57 0.62 0.69 0.73 0.73 0.75 0.76 0.81
 0.83 0.86 0.88 0.91 0.93 1.02 1.18 1.2  1.23 1.26 1.34 1.46 1.49 1.51
 1.58 1.65 1.7  1.78 1.78 1.83 1.88 1.92 2.28 2.32 2.38 2.39 2.44 2.46
 2.52 2.55 2.55 2.67 2.75 2.75 2.76 2.79 2.79 2.86 2.92 3.11 3.16 3.21
 3.28 3.43 3.76 4.06]
var: 1.0489462222222223
| [0m77       [0m | [0m1.753    [0m | [0m0.05262  [0m | [0m21.91    [0m | [0m1.067    [0m |
[0.03 0.05 0.14 0.15 0.25 0.29 0.31 0.37 0.38 0.42 0.44 0.45 0.47 0.51
 0.57 0.62 0.66 0.67 0.78 0.79 0.82 0.82 0.84 0.87 0.91 0.91 0.95 0.96
 1.05 1.06 1.09 1.09 1.11 1.11 1.16 1.17 1.17 1.2  1.21 1.23 1.23 1.28
 1.31 1.39 1.48 1.48 1.56 1.64 1.64 1.66 1.78 1.91 2.13 2.18 2.22 2.76
 2.84 3.24 3.29 3.43]
var: 0.6213803055555558
| [0m78       [0m | [0m1.159    [0m | [0m0.2669   [0m | [0m7.896    [0m | [0m1.706    [0m |
[0.   0.04 0.19 0.23 0.26 0.39 0.43 0.48 0.5  0.51 0.51 0.53 0.55 0.57
 0.6  0.69 0.75 0.84 0.85 0.9  0.95 1.03 1.09 1.1  1.12 1.24 1.3  1.31
 1.33 1.37 1.4  1.42 1.44 1.46 1.69 1.71 1.75 1.76 1.82 1.83 1.99 2.02
 2.16 2.22 2.31 2.34 2.39 2.45 2.49 2.61 2.67 2.67 2.68 2.72 2.91 3.04
 3.07 3.19 3.2  3.5 ]
var: 0.868771416666667
| [0m79       [0m | [0m1.51     [0m | [0m0.03608  [0m | [0m7.67     [0m | [0m1.443    [0m |
[0.18 0.33 0.37 0.56 0.57 0.59 0.62 0.86 0.92 1.06 1.34 1.46 1.67 1.81
 1.89 1.92 1.99 2.4  2.42 2.43 2.47 2.54 2.54 2.66 2.85 3.04 3.06 3.12
 3.13 3.14 3.17 3.29 3.37 3.42 3.48 3.55 3.56 3.58 3.73 3.77 3.83 3.94
 4.01 4.06 4.15 4.31 4.31 4.45 4.53 4.68 4.72 4.75 5.18 5.58 5.7  5.81
 5.85 6.37 7.21 7.88]
var: 3.033789888888889
| [0m80       [0m | [0m3.17     [0m | [0m0.01718  [0m | [0m17.05    [0m | [0m0.1257   [0m |
=============================================================
None
num_trials:  40  inits,  40  iters,  60  per
rho:  25
pthin:  0.50

Best VPT: 3.5218333333333347
Best result: {'a': 0.0035494166002122364, 'g': 16.986307094895345, 's': 0.1504963124499872}

KERNEL: nu=1.5, lengthscale=2.0, alpha=0.0005
