|   iter    |  target   |     a     |     g     |     s     |
-------------------------------------------------------------
[0.06 0.1  0.11 0.16 0.17 0.22 0.28 0.33 0.39 0.46 0.5  0.58 0.61 0.64
 0.69 0.71 0.83 0.83 0.84 0.88 0.91 0.91 0.96 1.   1.06 1.07 1.18 1.23
 1.29 1.29 1.32 1.34 1.38 1.38 1.38 1.41 1.46 1.48 1.48 1.49 1.52 1.53
 1.56 1.61 1.62 1.62 1.66 1.71 1.75 1.86 2.02 2.03 2.04 2.09 2.38 2.45
 2.57 2.7  2.82 3.48]
var: 0.5432069722222228
| [0m1        [0m | [0m1.257    [0m | [0m0.1061   [0m | [0m2.377    [0m | [0m1.091    [0m |
[0.08 0.1  0.14 0.14 0.27 0.29 0.45 0.77 0.79 0.84 0.87 0.9  0.96 0.97
 0.98 1.09 1.1  1.1  1.13 1.23 1.27 1.32 1.47 1.49 1.63 1.64 1.68 1.7
 1.86 1.87 2.02 2.03 2.07 2.09 2.1  2.1  2.12 2.13 2.18 2.19 2.24 2.48
 2.59 2.6  2.63 2.7  2.75 2.77 3.25 3.3  3.31 3.33 3.56 3.57 4.29 4.53
 4.89 5.15 5.24 5.39]
var: 1.750416972222222
| [95m2        [0m | [95m2.029    [0m | [95m0.08331  [0m | [95m14.92    [0m | [95m1.056    [0m |
[0.01 0.02 0.02 0.07 0.07 0.08 0.1  0.14 0.15 0.24 0.27 0.3  0.35 0.42
 0.43 0.43 0.46 0.46 0.48 0.49 0.5  0.5  0.57 0.64 0.65 0.76 0.85 0.85
 0.89 0.92 0.97 1.1  1.23 1.26 1.26 1.26 1.34 1.35 1.37 1.41 1.46 1.5
 1.53 1.56 1.67 1.73 1.73 1.85 1.9  1.97 2.08 2.09 2.12 2.16 2.2  2.28
 2.32 2.33 2.36 2.38]
var: 0.5638349722222222
| [0m3        [0m | [0m1.065    [0m | [0m0.08469  [0m | [0m44.05    [0m | [0m1.414    [0m |
[0.05 0.07 0.11 0.11 0.14 0.2  0.23 0.3  0.32 0.36 0.38 0.39 0.39 0.39
 0.44 0.48 0.5  0.51 0.53 0.56 0.6  0.68 0.72 0.75 0.79 0.79 0.8  0.8
 0.82 0.82 0.97 1.01 1.14 1.15 1.17 1.22 1.29 1.31 1.38 1.42 1.46 1.47
 1.56 1.64 1.66 1.72 1.77 1.78 1.79 1.84 1.93 1.97 2.03 2.06 2.5  2.51
 2.65 3.1  4.61 4.61]
var: 0.9227476388888882
| [0m4        [0m | [0m1.179    [0m | [0m0.1594   [0m | [0m36.22    [0m | [0m0.9132   [0m |
[0.   0.01 0.03 0.04 0.04 0.07 0.07 0.12 0.2  0.21 0.25 0.25 0.28 0.28
 0.28 0.28 0.34 0.37 0.4  0.45 0.46 0.5  0.53 0.56 0.59 0.59 0.59 0.6
 0.67 0.68 0.69 0.72 0.78 0.82 0.84 0.85 0.92 0.94 0.99 1.   1.04 1.04
 1.1  1.11 1.13 1.17 1.18 1.18 1.23 1.31 1.46 1.55 1.65 1.74 1.74 2.2
 2.22 2.67]
var: 0.3533791022592156
| [0m5        [0m | [0m0.776    [0m | [0m0.0181   [0m | [0m44.99    [0m | [0m2.984    [0m |
[1.12 1.2  1.23 1.6  1.74 1.87 1.88 2.   2.03 2.07 2.16 2.21 2.25 2.25
 2.27 2.3  2.35 2.47 2.51 2.54 2.8  2.83 2.92 2.95 2.99 3.19 3.2  3.28
 3.33 3.33 3.36 3.41 3.6  3.65 3.68 3.73 3.75 3.86 3.86 3.86 3.97 3.97
 3.98 3.99 4.1  4.1  4.13 4.22 4.4  4.6  4.83 4.87 5.   5.04 5.23 5.37
 5.53 5.7  5.77 7.67]
var: 1.6891505555555557
| [95m6        [0m | [95m3.402    [0m | [95m0.1927   [0m | [95m16.32    [0m | [95m0.03107  [0m |
[0.15 0.43 0.78 0.85 0.97 1.01 1.09 1.27 1.32 1.33 1.44 1.47 1.54 1.57
 1.68 1.71 1.8  1.9  1.93 1.95 2.02 2.03 2.12 2.15 2.25 2.26 2.35 2.4
 2.42 2.45 2.5  2.5  2.57 2.58 2.59 2.59 2.68 2.77 2.88 3.07 3.13 3.17
 3.21 3.22 3.23 3.49 3.55 3.65 3.7  4.04 4.11 4.16 4.18 4.89 4.95 5.13
 5.55 5.55 5.64]
var: 1.673285033036486
| [0m7        [0m | [0m2.609    [0m | [0m0.2706   [0m | [0m28.29    [0m | [0m0.1625   [0m |
[0.05 0.08 0.08 0.19 0.2  0.24 0.27 0.27 0.31 0.38 0.38 0.39 0.39 0.45
 0.52 0.55 0.56 0.58 0.61 0.62 0.69 0.78 0.8  0.82 0.83 0.88 0.91 0.93
 1.   1.02 1.02 1.02 1.11 1.23 1.23 1.23 1.25 1.26 1.29 1.37 1.39 1.46
 1.56 1.72 1.73 1.76 1.83 1.89 1.89 1.9  2.   2.   2.1  2.15 2.16 2.24
 2.24 2.24 2.5  3.52]
var: 0.5519547499999998
| [0m8        [0m | [0m1.135    [0m | [0m0.2934   [0m | [0m19.78    [0m | [0m1.696    [0m |
[0.15 0.58 0.73 0.8  0.96 1.18 1.21 1.25 1.44 1.62 1.76 1.88 1.96 2.01
 2.04 2.35 2.39 2.5  2.51 2.51 2.57 2.57 2.78 3.06 3.09 3.1  3.13 3.13
 3.17 3.35 3.46 3.47 3.6  3.63 3.67 3.76 3.81 3.87 3.94 4.07 4.38 4.43
 4.43 4.5  4.72 4.81 4.84 4.97 5.19 5.23 5.3  5.34 5.45 5.52 5.53 5.53
 5.94 6.17 7.18 9.53]
var: 3.1459987500000013
| [95m9        [0m | [95m3.468    [0m | [95m0.06681  [0m | [95m9.562    [0m | [95m0.3689   [0m |
[0.03 0.04 0.04 0.14 0.18 0.25 0.27 0.42 0.46 0.54 0.56 0.6  0.61 0.64
 0.71 0.73 0.76 0.97 1.03 1.09 1.12 1.18 1.18 1.18 1.2  1.27 1.3  1.33
 1.34 1.36 1.44 1.49 1.51 1.56 1.57 1.61 1.63 1.7  1.73 1.76 1.81 1.83
 1.91 2.06 2.08 2.19 2.19 2.22 2.22 2.23 2.25 2.4  2.6  2.64 2.72 2.86
 2.89 3.07 3.1  3.79]
var: 0.7616783055555553
| [0m10       [0m | [0m1.46     [0m | [0m0.2151   [0m | [0m21.77    [0m | [0m1.191    [0m |
[0.01 0.04 0.09 0.09 0.11 0.2  0.21 0.26 0.27 0.3  0.31 0.34 0.38 0.4
 0.41 0.44 0.46 0.49 0.5  0.54 0.55 0.56 0.56 0.65 0.68 0.68 0.69 0.71
 0.72 0.77 0.8  0.84 0.88 0.89 0.95 1.02 1.05 1.1  1.12 1.14 1.15 1.18
 1.23 1.25 1.26 1.27 1.3  1.35 1.4  1.44 1.46 1.53 1.57 1.63 1.66 1.79
 1.81 1.88 2.12 2.41]
var: 0.31449055555555555
| [0m11       [0m | [0m0.8817   [0m | [0m0.1726   [0m | [0m37.89    [0m | [0m2.629    [0m |
[0.07 0.07 0.08 0.12 0.16 0.2  0.2  0.21 0.26 0.26 0.28 0.3  0.37 0.42
 0.45 0.45 0.47 0.52 0.54 0.54 0.6  0.61 0.62 0.68 0.74 0.82 0.83 0.84
 0.9  1.   1.02 1.03 1.04 1.1  1.15 1.15 1.22 1.3  1.31 1.38 1.41 1.5
 1.56 1.57 1.59 1.6  1.61 1.79 2.16 2.23 2.31 2.36 2.43 2.7  2.75 3.18
 3.54 3.61 3.87 5.78]
var: 1.2350078888888887
| [0m12       [0m | [0m1.248    [0m | [0m0.02546  [0m | [0m8.292    [0m | [0m2.97     [0m |
[0.05 0.07 0.11 0.17 0.2  0.31 0.38 0.46 0.77 1.1  1.16 1.19 1.21 1.24
 1.29 1.38 1.43 1.45 1.53 1.65 1.9  2.07 2.27 2.31 2.39 2.39 2.48 2.56
 2.77 2.78 2.8  2.81 2.82 2.86 2.89 2.9  2.93 2.94 3.01 3.01 3.04 3.04
 3.12 3.23 3.26 3.28 3.35 3.43 3.53 3.83 3.97 4.04 4.11 4.27 4.42 4.56
 4.61 4.83 5.24 7.35]
var: 2.1462609722222212
| [0m13       [0m | [0m2.509    [0m | [0m0.05216  [0m | [0m17.27    [0m | [0m0.4143   [0m |
[0.01 0.02 0.06 0.07 0.1  0.24 0.25 0.29 0.3  0.32 0.34 0.35 0.39 0.39
 0.43 0.43 0.43 0.46 0.47 0.49 0.53 0.53 0.55 0.58 0.59 0.63 0.67 0.69
 0.7  0.73 0.75 0.8  0.85 0.87 0.88 0.9  0.91 0.94 0.95 0.99 1.   1.01
 1.02 1.03 1.12 1.15 1.16 1.18 1.21 1.22 1.31 1.35 1.39 1.47 1.48 1.73
 1.82 1.93 2.09]
var: 0.2342599827635737
| [0m14       [0m | [0m0.789    [0m | [0m0.222    [0m | [0m49.81    [0m | [0m2.29     [0m |
[0.3  0.35 0.6  0.66 0.7  0.72 0.98 1.21 1.24 1.24 1.28 1.34 1.35 1.43
 1.47 1.49 1.5  1.51 1.54 1.56 1.57 1.62 1.69 1.76 1.84 1.85 1.86 2.02
 2.03 2.1  2.12 2.2  2.29 2.3  2.34 2.38 2.47 2.55 2.6  2.62 2.63 2.74
 2.75 2.78 2.84 3.07 3.1  3.16 3.21 3.21 3.33 3.93 4.22 4.33 4.52 4.8
 4.87 5.93 6.3  6.68]
var: 1.9276582222222218
| [0m15       [0m | [0m2.385    [0m | [0m0.1429   [0m | [0m13.57    [0m | [0m0.5506   [0m |
[0.02 0.05 0.05 0.09 0.09 0.17 0.17 0.25 0.31 0.34 0.4  0.42 0.45 0.47
 0.47 0.49 0.5  0.5  0.55 0.55 0.57 0.58 0.63 0.64 0.65 0.67 0.74 0.75
 0.76 0.82 0.84 0.93 0.97 0.98 1.01 1.03 1.11 1.11 1.13 1.13 1.17 1.18
 1.21 1.24 1.28 1.28 1.47 1.51 1.56 1.57 1.64 1.75 1.79 1.84 1.92 2.24
 2.64 2.68 3.23]
var: 0.46917046825624786
| [0m16       [0m | [0m0.9592   [0m | [0m0.2444   [0m | [0m45.28    [0m | [0m1.434    [0m |
[0.16 0.76 0.78 0.87 0.87 0.93 0.97 1.02 1.13 1.22 1.26 1.27 1.44 1.65
 1.66 1.66 1.7  1.73 1.8  1.81 1.85 1.92 1.99 2.01 2.01 2.08 2.13 2.2
 2.22 2.26 2.3  2.34 2.36 2.42 2.55 2.56 2.61 2.64 2.69 2.7  2.82 2.91
 2.97 2.97 3.   3.05 3.06 3.15 3.25 3.27 3.31 3.47 3.49 3.58 3.69 3.77
 3.78 4.14 4.35 5.45]
var: 1.0459360833333335
| [0m17       [0m | [0m2.334    [0m | [0m0.1164   [0m | [0m4.66     [0m | [0m0.6894   [0m |
[0.   0.02 0.02 0.02 0.08 0.09 0.17 0.23 0.26 0.33 0.38 0.43 0.44 0.44
 0.46 0.46 0.49 0.53 0.54 0.65 0.67 0.69 0.73 0.75 0.83 0.85 0.97 1.
 1.02 1.05 1.05 1.07 1.1  1.11 1.11 1.18 1.19 1.22 1.23 1.25 1.3  1.31
 1.36 1.45 1.49 1.5  1.56 1.6  1.63 1.71 1.81 1.82 1.85 2.09 2.1  2.52
 2.63 2.66 4.47]
var: 0.6401180695202532
| [0m18       [0m | [0m1.067    [0m | [0m0.02474  [0m | [0m43.35    [0m | [0m2.374    [0m |
[0.06 0.17 0.18 0.2  0.26 0.28 0.29 0.29 0.31 0.32 0.34 0.4  0.41 0.44
 0.48 0.52 0.54 0.55 0.63 0.65 0.67 0.69 0.7  0.7  0.71 0.72 0.78 0.79
 0.79 0.79 0.81 0.81 0.91 1.02 1.08 1.15 1.19 1.2  1.26 1.27 1.32 1.37
 1.38 1.41 1.42 1.42 1.42 1.43 1.44 1.45 1.47 1.55 1.57 1.58 1.64 2.09
 2.1  2.21 3.   3.37]
var: 0.4386499999999997
| [0m19       [0m | [0m1.0      [0m | [0m0.1572   [0m | [0m2.0      [0m | [0m1.536    [0m |
[0.   0.01 0.04 0.05 0.07 0.16 0.21 0.3  0.32 0.38 0.38 0.43 0.43 0.45
 0.49 0.51 0.52 0.55 0.55 0.61 0.62 0.63 0.65 0.71 0.72 0.75 0.78 0.89
 0.92 1.01 1.02 1.03 1.06 1.11 1.16 1.18 1.21 1.21 1.25 1.28 1.31 1.33
 1.34 1.37 1.43 1.44 1.48 1.5  1.56 1.61 1.61 1.66 1.7  1.78 1.89 1.89
 2.06 2.3  2.33]
var: 0.3556321746624533
| [0m20       [0m | [0m0.9702   [0m | [0m0.1057   [0m | [0m25.21    [0m | [0m2.913    [0m |
[0.04 0.15 0.16 0.22 0.33 0.35 0.37 0.42 0.46 0.5  0.51 0.53 0.54 0.55
 0.61 0.63 0.64 0.67 0.72 0.73 0.73 0.79 0.88 0.9  0.97 1.   1.   1.01
 1.03 1.04 1.07 1.13 1.17 1.18 1.18 1.3  1.3  1.31 1.31 1.42 1.44 1.45
 1.6  1.63 1.67 1.88 1.88 1.97 2.03 2.34 2.48 2.5  2.54 2.6  2.81 2.91
 2.98 3.   3.05 3.23]
var: 0.7180162222222234
| [0m21       [0m | [0m1.281    [0m | [0m0.1695   [0m | [0m1.621    [0m | [0m0.7726   [0m |
[0.4  0.42 0.53 0.83 0.92 1.06 1.31 1.55 1.62 1.67 1.67 1.74 1.8  1.82
 1.92 1.93 2.06 2.08 2.13 2.27 2.41 2.47 2.52 2.53 2.53 2.62 2.7  2.71
 2.77 2.77 2.91 3.02 3.03 3.11 3.14 3.25 3.3  3.41 3.42 3.44 3.45 3.47
 3.48 3.51 3.52 3.52 3.6  3.61 3.88 3.97 4.02 4.04 4.07 4.23 4.24 4.51
 4.56 4.71 5.32 5.63]
var: 1.3852103055555558
| [0m22       [0m | [0m2.819    [0m | [0m0.04474  [0m | [0m11.94    [0m | [0m0.4807   [0m |
[0.08 0.23 0.29 0.34 0.51 0.77 0.79 0.83 0.84 0.88 0.95 1.06 1.12 1.32
 1.34 1.48 1.5  1.6  1.66 1.8  1.88 1.93 1.95 2.   2.02 2.02 2.12 2.12
 2.16 2.19 2.22 2.27 2.33 2.34 2.5  2.51 2.75 2.79 2.82 2.98 3.16 3.17
 3.23 3.28 3.48 3.49 3.77 3.88 4.06 4.1  4.1  4.12 4.18 4.32 4.48 4.67
 5.   5.1  5.43 6.1 ]
var: 2.0266060833333333
| [0m23       [0m | [0m2.474    [0m | [0m0.03953  [0m | [0m11.19    [0m | [0m0.7418   [0m |
[0.02 0.04 0.05 0.06 0.08 0.08 0.13 0.2  0.27 0.3  0.38 0.39 0.43 0.43
 0.48 0.48 0.56 0.58 0.61 0.66 0.68 0.69 0.78 0.84 0.84 0.96 1.   1.06
 1.15 1.23 1.24 1.25 1.25 1.31 1.38 1.39 1.43 1.46 1.47 1.51 1.52 1.52
 1.59 1.69 1.74 1.81 1.9  1.94 1.98 2.02 2.08 2.14 2.25 2.3  2.31 2.42
 2.47 2.51 2.6  3.19]
var: 0.6273914166666661
| [0m24       [0m | [0m1.186    [0m | [0m0.09333  [0m | [0m38.02    [0m | [0m1.507    [0m |
[0.   0.02 0.06 0.08 0.08 0.14 0.19 0.19 0.21 0.25 0.32 0.36 0.42 0.47
 0.48 0.48 0.53 0.55 0.56 0.6  0.63 0.71 0.72 0.81 0.84 0.84 0.86 0.87
 0.89 0.9  0.9  0.94 1.02 1.03 1.06 1.07 1.1  1.13 1.14 1.14 1.17 1.25
 1.31 1.33 1.35 1.4  1.43 1.44 1.44 1.47 1.61 1.69 1.76 1.91 2.12 2.16
 2.55 2.74 3.8 ]
var: 0.5187982189026147
| [0m25       [0m | [0m0.9919   [0m | [0m0.06117  [0m | [0m40.04    [0m | [0m2.043    [0m |
[0.   0.03 0.05 0.08 0.08 0.1  0.12 0.12 0.22 0.27 0.28 0.3  0.32 0.34
 0.35 0.41 0.43 0.51 0.52 0.53 0.55 0.55 0.59 0.66 0.67 0.72 0.72 0.73
 0.73 0.8  0.81 0.83 0.9  0.91 0.95 0.97 0.98 1.01 1.02 1.05 1.05 1.11
 1.23 1.28 1.3  1.31 1.34 1.37 1.39 1.53 1.55 1.55 1.78 1.84 2.   2.12
 2.16 2.35 3.27]
var: 0.4374136167767887
| [0m26       [0m | [0m0.8939   [0m | [0m0.1428   [0m | [0m45.28    [0m | [0m1.827    [0m |
[0.05 0.23 0.31 0.36 0.65 0.67 0.71 0.72 0.76 0.79 0.81 0.86 0.87 1.
 1.02 1.02 1.04 1.11 1.15 1.19 1.22 1.27 1.28 1.29 1.3  1.38 1.43 1.52
 1.53 1.59 1.64 1.72 1.77 1.81 2.   2.06 2.08 2.11 2.12 2.15 2.18 2.23
 2.29 2.34 2.39 2.43 2.45 2.65 2.75 2.82 3.06 3.08 3.1  3.13 3.33 3.34
 3.44 3.69 4.18 4.88]
var: 1.0543109722222221
| [0m27       [0m | [0m1.806    [0m | [0m0.2108   [0m | [0m12.64    [0m | [0m0.8746   [0m |
[0.   0.   0.01 0.09 0.16 0.16 0.17 0.19 0.2  0.2  0.24 0.27 0.27 0.34
 0.35 0.36 0.36 0.41 0.44 0.44 0.45 0.47 0.49 0.51 0.51 0.52 0.52 0.54
 0.56 0.58 0.63 0.64 0.65 0.65 0.65 0.69 0.79 0.83 0.87 0.88 0.89 0.9
 0.91 0.93 0.93 0.94 0.95 1.1  1.15 1.21 1.32 1.4  1.43 1.43 1.45 1.56
 1.59 1.9  2.85]
var: 0.2754876759551851
| [0m28       [0m | [0m0.7107   [0m | [0m0.1085   [0m | [0m0.3637   [0m | [0m0.6483   [0m |
[0.   0.03 0.04 0.06 0.06 0.08 0.1  0.1  0.11 0.15 0.16 0.16 0.17 0.21
 0.26 0.27 0.32 0.32 0.39 0.4  0.42 0.43 0.44 0.44 0.46 0.5  0.51 0.51
 0.52 0.53 0.54 0.55 0.55 0.57 0.58 0.6  0.68 0.7  0.73 0.74 0.76 0.76
 0.79 0.83 0.84 0.85 0.95 0.96 0.99 1.01 1.09 1.12 1.18 1.2  1.24 1.41
 1.45 1.57 2.13]
var: 0.19196535478310855
| [0m29       [0m | [0m0.602    [0m | [0m0.2838   [0m | [0m48.79    [0m | [0m2.899    [0m |
[0.   0.01 0.04 0.07 0.21 0.23 0.27 0.27 0.28 0.31 0.31 0.34 0.37 0.37
 0.39 0.41 0.42 0.42 0.53 0.57 0.6  0.6  0.63 0.65 0.66 0.67 0.75 0.84
 0.86 0.91 0.97 1.04 1.08 1.12 1.12 1.13 1.14 1.14 1.16 1.29 1.35 1.49
 1.5  1.57 1.59 1.64 1.68 1.7  1.7  1.71 1.73 1.73 1.74 1.86 1.88 2.22
 2.33 2.36 2.55]
var: 0.4397598391266877
| [0m30       [0m | [0m0.9917   [0m | [0m0.09638  [0m | [0m45.81    [0m | [0m2.004    [0m |
[0.   0.01 0.02 0.05 0.05 0.06 0.1  0.12 0.19 0.2  0.25 0.25 0.26 0.28
 0.29 0.29 0.37 0.37 0.4  0.41 0.43 0.44 0.45 0.47 0.5  0.56 0.57 0.62
 0.62 0.69 0.7  0.71 0.72 0.74 0.79 0.88 0.88 0.94 1.05 1.08 1.09 1.1
 1.11 1.14 1.2  1.2  1.44 1.5  1.51 1.51 1.59 1.67 1.71 1.74 1.82 1.85
 1.91 1.97 1.98 2.11]
var: 0.3686473333333336
| [0m31       [0m | [0m0.816    [0m | [0m0.1549   [0m | [0m29.31    [0m | [0m2.724    [0m |
[0.04 0.09 0.34 0.35 0.53 0.57 0.66 0.69 0.79 0.96 0.97 0.98 1.02 1.03
 1.11 1.25 1.37 1.44 1.44 1.47 1.47 1.48 1.5  1.54 1.57 1.57 1.63 1.63
 1.73 1.76 1.77 1.95 2.06 2.08 2.11 2.13 2.15 2.28 2.3  2.3  2.39 2.61
 2.7  2.77 3.   3.05 3.08 3.1  3.15 3.2  3.53 3.85 3.85 3.86 4.02 4.05
 4.24 4.32 5.53]
var: 1.4338111462223506
| [0m32       [0m | [0m2.041    [0m | [0m0.2088   [0m | [0m9.617    [0m | [0m0.8423   [0m |
[0.   0.   0.   0.01 0.05 0.08 0.09 0.18 0.2  0.31 0.34 0.36 0.36 0.42
 0.44 0.61 0.62 0.62 0.66 0.66 0.7  0.71 0.76 0.9  0.95 1.03 1.07 1.08
 1.18 1.24 1.33 1.36 1.43 1.55 1.59 1.62 1.65 1.74 1.75 1.78 1.8  1.81
 1.82 1.84 1.92 1.93 1.94 2.11 2.12 2.13 2.15 2.3  2.35 2.38 2.39 2.64
 2.9  2.98 3.1  3.84]
var: 0.8323260000000003
| [0m33       [0m | [0m1.298    [0m | [0m0.1203   [0m | [0m15.84    [0m | [0m2.309    [0m |
[0.   0.1  0.14 0.14 0.19 0.21 0.3  0.31 0.31 0.35 0.57 0.64 0.65 0.66
 0.68 0.69 0.76 0.76 0.83 0.99 1.05 1.12 1.2  1.25 1.26 1.26 1.38 1.39
 1.44 1.45 1.52 1.52 1.54 1.59 1.61 1.65 1.66 1.69 1.72 1.73 1.78 1.87
 1.99 2.   2.11 2.11 2.13 2.32 2.56 2.57 2.84 2.91 2.92 3.15 3.16 3.27
 3.51 3.78 4.35 4.93]
var: 1.1980169722222225
| [0m34       [0m | [0m1.576    [0m | [0m0.07277  [0m | [0m38.52    [0m | [0m0.8447   [0m |
[0.11 0.21 0.21 0.27 0.27 0.29 0.29 0.32 0.34 0.35 0.4  0.44 0.46 0.52
 0.54 0.56 0.6  0.69 0.7  0.71 0.72 0.72 0.77 0.8  0.8  0.82 0.86 0.86
 0.93 0.93 0.96 1.13 1.23 1.28 1.28 1.37 1.39 1.4  1.45 1.46 1.48 1.56
 1.63 1.74 1.76 1.92 1.99 2.04 2.04 2.05 2.17 2.34 2.34 2.41 2.71 2.88
 3.07 3.33 3.35]
var: 0.7076926170640624
| [0m35       [0m | [0m1.225    [0m | [0m0.01418  [0m | [0m5.368    [0m | [0m2.456    [0m |
[0.   0.07 0.15 0.17 0.24 0.25 0.3  0.31 0.34 0.42 0.42 0.44 0.46 0.5
 0.53 0.6  0.64 0.66 0.67 0.68 0.68 0.71 0.79 0.85 0.87 0.91 0.92 0.99
 1.04 1.05 1.09 1.12 1.12 1.13 1.16 1.19 1.22 1.22 1.23 1.25 1.31 1.31
 1.34 1.41 1.5  1.52 1.59 1.61 1.72 1.79 1.87 1.87 1.99 2.   2.04 2.4
 2.44 2.51 2.63]
var: 0.42203889686871526
| [0m36       [0m | [0m1.072    [0m | [0m0.2922   [0m | [0m43.01    [0m | [0m1.271    [0m |
[0.02 0.03 0.18 0.18 0.19 0.22 0.25 0.31 0.34 0.43 0.45 0.52 0.53 0.53
 0.54 0.58 0.59 0.59 0.61 0.61 0.62 0.67 0.72 0.74 0.77 0.77 0.81 0.83
 0.84 0.99 0.99 0.99 1.02 1.08 1.13 1.14 1.14 1.16 1.17 1.18 1.18 1.19
 1.36 1.42 1.44 1.45 1.45 1.47 1.48 1.55 1.56 1.78 1.84 2.07 2.13 2.22
 2.22 2.39 2.44 2.54]
var: 0.40240288888888875
| [0m37       [0m | [0m1.027    [0m | [0m0.06927  [0m | [0m34.3     [0m | [0m1.763    [0m |
[0.11 0.11 0.27 0.44 0.54 0.54 0.59 0.66 0.78 1.11 1.13 1.3  1.33 1.35
 1.46 1.51 1.52 1.58 1.6  1.6  1.71 1.78 1.8  1.82 1.97 2.   2.07 2.13
 2.16 2.22 2.23 2.26 2.3  2.31 2.38 2.38 2.48 2.5  2.57 2.7  2.73 2.76
 2.79 2.8  2.81 2.89 3.07 3.18 3.19 3.2  3.42 3.46 3.56 3.58 3.62 4.06
 4.08 4.84 5.15 5.24]
var: 1.3883269722222225
| [0m38       [0m | [0m2.229    [0m | [0m0.1076   [0m | [0m13.27    [0m | [0m0.6781   [0m |
[0.05 0.06 0.09 0.1  0.18 0.18 0.22 0.24 0.26 0.28 0.31 0.35 0.38 0.38
 0.43 0.44 0.49 0.57 0.61 0.62 0.63 0.64 0.66 0.67 0.67 0.68 0.69 0.75
 0.75 0.76 0.8  0.88 0.93 0.96 1.   1.02 1.06 1.1  1.1  1.12 1.18 1.19
 1.33 1.34 1.38 1.46 1.49 1.54 1.59 1.7  1.71 1.72 1.93 2.2  2.21 2.21
 2.29 2.69 2.82 3.17]
var: 0.5327245555555552
| [0m39       [0m | [0m1.004    [0m | [0m0.1969   [0m | [0m4.9      [0m | [0m2.688    [0m |
[0.01 0.15 0.16 0.21 0.22 0.22 0.24 0.25 0.28 0.32 0.39 0.43 0.43 0.45
 0.48 0.5  0.51 0.53 0.59 0.6  0.64 0.65 0.68 0.75 0.75 0.76 0.78 0.78
 0.79 0.86 0.87 0.94 1.02 1.03 1.04 1.04 1.05 1.19 1.28 1.37 1.38 1.39
 1.44 1.47 1.54 1.54 1.67 1.68 1.7  1.72 1.73 1.73 1.73 1.76 1.78 1.85
 1.96 2.66 3.28]
var: 0.4334922148807818
| [0m40       [0m | [0m1.004    [0m | [0m0.2479   [0m | [0m3.801    [0m | [0m2.912    [0m |
[0.26 0.31 0.35 0.4  0.42 0.45 0.48 0.6  0.8  0.81 0.83 0.83 0.86 0.86
 0.87 0.89 0.91 1.02 1.07 1.09 1.11 1.13 1.17 1.18 1.2  1.2  1.22 1.23
 1.26 1.28 1.39 1.44 1.45 1.47 1.48 1.55 1.55 1.67 1.74 1.75 1.76 1.88
 1.96 2.3  2.34 2.35 2.38 2.43 2.46 2.7  2.92 3.06 3.09 3.19 3.33 4.03
 4.29 4.59]
var: 0.9993199762187875
| [0m41       [0m | [0m1.597    [0m | [0m1e-08    [0m | [0m9.099    [0m | [0m0.001    [0m |
[1.17 1.27 1.33 1.39 1.4  1.43 1.87 2.1  2.2  2.24 2.31 2.36 2.54 2.63
 2.64 2.65 2.72 2.72 3.01 3.05 3.08 3.16 3.29 3.35 3.43 3.45 3.62 3.66
 3.78 3.79 3.95 3.99 3.99 4.04 4.19 4.19 4.21 4.22 4.27 4.27 4.31 4.33
 4.5  4.51 4.65 4.68 4.71 4.77 4.86 4.98 5.22 5.25 5.27 5.41 5.49 5.57
 6.31 6.46 7.6 ]
var: 1.9305629416834251
| [95m42       [0m | [95m3.692    [0m | [95m0.08007  [0m | [95m10.0     [0m | [95m0.05898  [0m |
[0.19 0.21 0.22 0.3  0.33 0.44 0.47 0.53 0.59 0.59 0.62 0.63 0.7  0.7
 0.74 0.75 0.87 0.88 0.93 0.96 1.   1.   1.12 1.13 1.14 1.17 1.2  1.21
 1.28 1.28 1.33 1.43 1.46 1.5  1.51 1.53 1.55 1.56 1.63 1.63 1.65 1.67
 1.88 1.94 2.08 2.2  2.28 2.34 2.37 2.45 2.46 2.48 2.56 2.77 2.88 3.11
 3.28 4.06 4.28]
var: 0.8482078713013509
| [0m43       [0m | [0m1.475    [0m | [0m1e-08    [0m | [0m10.57    [0m | [0m0.001    [0m |
[0.26 0.38 0.43 0.56 0.67 0.72 0.85 1.09 1.13 1.16 1.21 1.24 1.33 1.38
 1.5  1.62 1.81 1.84 1.89 1.91 1.92 1.93 1.97 1.97 2.02 2.09 2.16 2.2
 2.25 2.26 2.34 2.35 2.49 2.67 2.68 2.73 2.75 2.85 2.87 2.87 2.88 2.92
 2.94 2.99 3.03 3.17 3.27 3.45 3.54 3.62 3.74 3.96 4.13 4.16 4.32 4.68
 4.7  4.71 5.39 7.21]
var: 1.7836906666666665
| [0m44       [0m | [0m2.486    [0m | [0m0.1367   [0m | [0m13.61    [0m | [0m0.524    [0m |
[0.72 1.03 1.61 1.76 1.78 1.8  1.81 1.81 1.81 1.95 2.   2.19 2.38 2.44
 2.56 2.57 2.68 2.7  2.77 2.77 2.8  2.81 2.88 2.88 2.92 3.24 3.25 3.28
 3.33 3.35 3.36 3.38 3.39 3.45 3.51 3.57 3.64 3.79 3.84 3.85 3.97 4.15
 4.22 4.36 4.37 4.44 4.47 4.51 4.74 4.83 5.13 5.27 5.31 5.53 5.69 5.72
 5.88 6.11 6.34 7.09]
var: 1.9260960833333334
| [0m45       [0m | [0m3.497    [0m | [0m0.2587   [0m | [0m9.736    [0m | [0m0.1561   [0m |
[0.06 0.26 0.26 0.43 0.48 0.59 0.6  0.79 0.96 0.97 1.   1.13 1.19 1.24
 1.39 1.61 1.61 1.68 1.68 1.74 1.82 1.88 2.04 2.23 2.28 2.3  2.34 2.37
 2.42 2.42 2.55 2.56 2.58 2.67 2.68 2.77 2.82 2.82 2.84 3.   3.41 3.6
 3.62 3.83 3.87 3.88 4.02 4.18 4.18 4.39 4.54 4.58 4.6  4.63 4.76 5.17
 5.69 6.73 7.27 7.47]
var: 2.9324315555555556
| [0m46       [0m | [0m2.725    [0m | [0m0.2308   [0m | [0m6.692    [0m | [0m0.5091   [0m |
[0.45 1.26 1.41 1.55 1.64 1.79 1.85 1.91 1.97 2.29 2.31 2.5  2.67 2.77
 2.94 3.01 3.06 3.07 3.09 3.17 3.18 3.25 3.29 3.31 3.33 3.4  3.43 3.44
 3.46 3.5  3.53 3.54 3.61 3.66 3.67 4.   4.02 4.05 4.07 4.14 4.21 4.34
 4.37 4.37 4.39 4.47 4.55 4.57 4.65 4.72 4.77 4.82 5.   5.04 5.08 5.89
 6.1  6.28 6.32 6.36]
var: 1.6704516388888881
| [0m47       [0m | [0m3.615    [0m | [0m0.01124  [0m | [0m9.878    [0m | [0m0.3742   [0m |
[0.   0.   0.   0.   0.   0.   0.   0.   0.   0.   0.01 0.02 0.02 0.03
 0.03 0.03 0.05 0.05 0.05 0.07 0.07 0.08 0.13 0.15 0.15 0.19 0.19 0.2
 0.27 0.28 0.29 0.32 0.36 0.37 0.39 0.4  0.4  0.42 0.45 0.6  0.64 0.7
 0.7  0.74 0.78 1.07 1.3  1.4  1.47 1.5  1.52 1.56 1.58 1.73 2.17 2.2
 2.24 2.28 2.87 2.96]
var: 0.6225382222222223
| [0m48       [0m | [0m0.6247   [0m | [0m1e-08    [0m | [0m16.27    [0m | [0m0.54     [0m |
[0.   0.   0.   0.   0.   0.   0.01 0.01 0.01 0.01 0.02 0.02 0.02 0.02
 0.02 0.02 0.02 0.02 0.02 0.02 0.02 0.02 0.03 0.03 0.03 0.03 0.04 0.04
 0.04 0.04 0.04 0.04 0.04 0.05 0.05 0.06 0.06 0.06 0.07 0.07 0.08 0.08
 0.08 0.08 0.08 0.08 0.09 0.11 0.11 0.12 0.14 0.21 0.24 0.25 0.26 0.31
 0.36 0.37 0.38 0.39]
var: 0.010629333333333279
| [0m49       [0m | [0m0.082    [0m | [0m0.3      [0m | [0m16.71    [0m | [0m0.001    [0m |
[1.66 1.74 1.77 1.89 1.99 2.32 2.6  2.6  2.65 2.75 2.81 2.86 2.92 2.93
 3.09 3.15 3.34 3.39 3.41 3.47 3.48 3.48 3.67 3.79 3.83 3.83 4.   4.01
 4.07 4.14 4.15 4.29 4.32 4.38 4.38 4.39 4.46 4.53 4.56 4.66 4.78 4.85
 4.94 4.95 4.95 4.96 4.98 5.08 5.22 5.24 5.37 5.58 5.61 5.68 5.78 6.13
 6.22 7.18 7.47 8.42]
var: 1.9611254166666656
| [95m50       [0m | [95m4.153    [0m | [95m0.01385  [0m | [95m9.723    [0m | [95m0.107    [0m |
[0.   0.   0.   0.   0.   0.   0.   0.   0.   0.   0.   0.   0.   0.
 0.   0.   0.   0.   0.   0.   0.   0.   0.   0.   0.   0.   0.   0.
 0.   0.   0.   0.01 0.01 0.01 0.02 0.03 0.04 0.04 0.06 0.06 0.07 0.07
 0.08 0.11 0.16 0.18 0.18 0.2  0.22 0.28 0.28 0.32 0.32 0.35 0.5  0.57
 0.6  0.71 0.97]
var: 0.04030462510772772
| [0m51       [0m | [0m0.1093   [0m | [0m1e-08    [0m | [0m9.856    [0m | [0m0.1737   [0m |
[0.01 0.04 0.06 0.11 0.13 0.2  0.31 0.33 0.34 0.35 0.4  0.42 0.45 0.47
 0.53 0.59 0.66 0.68 0.71 0.74 0.77 0.86 0.88 0.88 0.89 0.9  0.91 0.93
 0.95 0.99 1.   1.09 1.1  1.12 1.14 1.16 1.18 1.19 1.2  1.22 1.31 1.4
 1.41 1.41 1.54 1.6  1.61 1.62 1.76 1.83 1.88 1.93 2.04 2.08 2.27 2.3
 2.6  3.01 3.36 5.35]
var: 0.816413333333333
| [0m52       [0m | [0m1.17     [0m | [0m0.1523   [0m | [0m21.84    [0m | [0m2.666    [0m |
[0.66 0.98 1.12 1.15 1.28 1.3  1.42 1.65 1.79 2.   2.1  2.22 2.32 2.4
 2.41 2.48 2.56 2.57 2.79 2.81 3.22 3.36 3.38 3.39 3.43 3.45 3.45 3.59
 3.61 3.69 3.77 3.79 3.9  3.93 4.05 4.05 4.12 4.27 4.37 4.37 4.44 4.49
 4.5  4.77 4.87 4.97 5.   5.11 5.17 5.19 5.48 5.57 5.65 6.42 6.7  6.77
 6.92 7.64 8.81]
var: 3.01120695202528
| [0m53       [0m | [0m3.757    [0m | [0m0.01881  [0m | [0m9.708    [0m | [0m0.1055   [0m |
[0.84 0.85 1.26 1.43 1.44 1.49 1.78 2.27 2.54 2.68 2.71 2.71 2.73 2.73
 2.92 2.96 3.01 3.03 3.04 3.08 3.12 3.13 3.2  3.3  3.32 3.33 3.39 3.39
 3.5  3.62 3.7  3.82 3.91 3.98 3.99 4.08 4.28 4.28 4.49 4.52 4.55 4.62
 4.66 4.8  4.85 4.86 4.92 5.08 5.08 5.5  5.68 5.71 5.79 5.83 5.85 6.46
 6.6  6.83 7.93 8.35]
var: 2.593325555555555
| [0m54       [0m | [0m3.897    [0m | [0m0.005798 [0m | [0m9.672    [0m | [0m0.09526  [0m |
[1.39 1.71 1.74 1.92 1.92 1.94 1.94 1.99 2.06 2.11 2.17 2.43 2.43 2.66
 2.87 2.99 3.05 3.14 3.22 3.27 3.32 3.34 3.4  3.41 3.48 3.5  3.56 3.61
 3.63 3.7  3.7  3.71 3.74 3.74 3.79 3.84 3.84 3.91 3.92 4.02 4.07 4.09
 4.11 4.16 4.19 4.2  4.32 4.38 4.45 4.55 4.55 4.65 4.65 4.65 4.68 4.81
 5.37 5.71 6.17]
var: 1.0782726802642921
| [0m55       [0m | [0m3.523    [0m | [0m0.1279   [0m | [0m10.01    [0m | [0m0.1037   [0m |
[0.36 0.79 1.44 1.59 1.72 1.76 1.77 2.16 2.29 2.35 2.39 2.51 2.53 2.57
 2.63 2.63 2.83 2.84 2.93 2.95 2.96 3.11 3.14 3.19 3.21 3.25 3.25 3.28
 3.32 3.42 3.44 3.46 3.46 3.56 3.63 3.63 3.64 3.65 3.69 3.71 3.74 3.77
 4.04 4.06 4.26 4.37 4.66 4.74 4.84 4.96 4.98 5.05 5.06 5.08 5.09 5.18
 6.08 6.09 6.54 7.05]
var: 1.7666215555555567
| [0m56       [0m | [0m3.511    [0m | [0m0.07977  [0m | [0m9.711    [0m | [0m0.1203   [0m |
[0.01 0.05 0.07 0.12 0.12 0.14 0.17 0.28 0.29 0.29 0.3  0.33 0.37 0.39
 0.39 0.39 0.42 0.55 0.6  0.61 0.62 0.62 0.64 0.67 0.68 0.71 0.73 0.77
 0.79 0.84 0.85 1.   1.02 1.05 1.12 1.18 1.18 1.26 1.29 1.32 1.34 1.37
 1.37 1.41 1.41 1.42 1.5  1.58 1.72 1.85 2.   2.1  2.17 2.25 2.29 2.38
 2.57 2.58 2.96 3.83]
var: 0.6626836388888887
| [0m57       [0m | [0m1.072    [0m | [0m0.1631   [0m | [0m34.47    [0m | [0m2.243    [0m |
[0.12 0.14 0.16 0.25 0.27 0.31 0.34 0.35 0.36 0.4  0.43 0.49 0.53 0.68
 0.74 0.74 0.76 0.83 0.84 0.87 0.87 0.88 0.91 0.93 1.   1.04 1.07 1.08
 1.09 1.09 1.12 1.14 1.16 1.17 1.17 1.21 1.25 1.26 1.3  1.33 1.35 1.37
 1.39 1.41 1.41 1.43 1.51 1.55 1.7  1.7  1.7  1.78 1.81 1.92 1.94 1.95
 1.96 1.96 2.23 2.4 ]
var: 0.31171875000000016
| [0m58       [0m | [0m1.103    [0m | [0m0.2717   [0m | [0m39.29    [0m | [0m1.263    [0m |
[0.21 0.83 1.15 1.43 1.95 2.18 2.2  2.28 2.28 2.36 2.43 2.43 2.48 2.79
 2.81 2.91 3.01 3.03 3.07 3.21 3.22 3.23 3.24 3.31 3.34 3.35 3.55 3.69
 3.71 3.72 3.8  3.8  3.93 3.99 4.   4.03 4.04 4.1  4.11 4.17 4.27 4.41
 4.43 4.44 4.58 4.74 4.8  4.86 4.93 5.03 5.03 5.11 5.2  5.39 5.53 5.59
 5.61 5.83 6.27 7.57]
var: 1.85487275
| [0m59       [0m | [0m3.717    [0m | [0m0.07109  [0m | [0m10.08    [0m | [0m0.07227  [0m |
[0.23 0.25 0.47 0.76 0.88 0.97 1.19 1.36 1.47 1.75 1.77 2.11 2.19 2.22
 2.37 2.39 2.4  2.52 2.54 2.62 2.63 2.65 2.66 2.82 2.88 2.91 2.94 2.98
 2.99 2.99 3.02 3.03 3.07 3.15 3.31 3.31 3.34 3.42 3.48 3.58 3.68 3.88
 4.07 4.13 4.17 4.28 4.29 4.29 4.34 4.54 4.77 4.82 4.85 4.87 4.89 4.92
 5.27 5.49 5.52 6.28]
var: 1.9062269722222236
| [0m60       [0m | [0m3.116    [0m | [0m0.05594  [0m | [0m9.562    [0m | [0m0.4499   [0m |
[0.1  0.14 0.17 0.23 0.24 0.46 0.48 0.56 0.59 0.71 0.72 0.74 0.84 0.87
 0.9  1.03 1.04 1.09 1.1  1.22 1.35 1.37 1.4  1.41 1.43 1.43 1.51 1.62
 1.7  1.73 1.76 1.78 1.9  1.91 1.96 2.05 2.07 2.08 2.23 2.29 2.34 2.34
 2.35 2.37 2.47 2.56 2.56 2.6  2.64 2.8  3.03 3.4  3.7  3.76 3.87 3.98
 4.01 4.02 4.12 4.42]
var: 1.2946809722222212
| [0m61       [0m | [0m1.859    [0m | [0m0.2262   [0m | [0m22.84    [0m | [0m0.5058   [0m |
[ 0.18  0.3   1.36  1.51  1.68  1.71  1.85  2.09  2.18  2.24  2.36  2.44
  2.5   2.51  2.52  2.53  2.55  2.56  2.71  2.78  2.78  2.8   2.86  2.92
  3.01  3.02  3.12  3.13  3.31  3.33  3.36  3.37  3.4   3.62  3.62  3.64
  3.67  3.69  3.81  3.92  4.01  4.14  4.25  4.42  4.55  4.76  4.96  5.
  5.05  5.25  5.27  5.38  5.54  5.56  5.58  5.66  5.83  6.5   6.97 15.84]
var: 4.530539000000001
| [0m62       [0m | [0m3.691    [0m | [0m0.1423   [0m | [0m9.749    [0m | [0m0.1038   [0m |
[0.1  0.11 0.22 0.41 0.43 0.52 0.56 0.63 0.65 0.7  0.77 0.86 0.88 0.95
 1.   1.19 1.25 1.34 1.34 1.43 1.62 1.68 1.75 1.88 1.9  1.97 1.97 2.15
 2.19 2.27 2.35 2.39 2.4  2.41 2.42 2.45 2.45 2.57 2.73 2.82 2.84 2.86
 2.95 3.05 3.11 3.15 3.24 3.25 3.41 3.58 3.6  3.9  4.28 4.38 5.04 5.09
 5.14 6.74 7.33 9.11]
var: 3.1067128888888877
| [0m63       [0m | [0m2.429    [0m | [0m0.132    [0m | [0m13.62    [0m | [0m0.5196   [0m |
[0.46 1.07 1.12 1.16 1.33 1.48 1.52 1.6  1.67 1.87 1.97 2.13 2.13 2.15
 2.17 2.21 2.24 2.33 2.34 2.34 2.4  2.45 2.53 2.65 2.67 2.7  2.78 2.79
 2.91 2.93 3.29 3.47 3.49 3.68 3.7  3.71 3.81 3.89 3.97 3.98 4.   4.01
 4.09 4.1  4.27 4.37 4.4  4.43 4.55 4.72 4.74 4.87 4.96 5.12 5.23 5.24
 5.5  5.73 6.35 9.17]
var: 2.3616945555555557
| [0m64       [0m | [0m3.316    [0m | [0m0.169    [0m | [0m9.703    [0m | [0m0.2003   [0m |
[0.57 0.79 1.04 1.34 1.52 1.53 1.56 1.74 1.84 1.86 2.05 2.13 2.27 2.29
 2.42 2.44 2.49 2.61 2.61 2.64 2.66 2.84 3.01 3.01 3.13 3.19 3.34 3.43
 3.46 3.58 3.58 3.74 3.9  3.93 4.   4.02 4.19 4.22 4.23 4.28 4.32 4.32
 4.36 4.36 4.41 4.58 4.64 4.7  5.04 5.06 5.34 5.38 5.41 5.75 6.3  6.36
 6.64 7.16 7.21 7.77]
var: 2.705634972222223
| [0m65       [0m | [0m3.643    [0m | [0m0.02178  [0m | [0m9.603    [0m | [0m0.1641   [0m |
[1.14 1.25 1.79 2.09 2.13 2.41 2.52 2.55 2.6  2.62 2.98 2.99 3.04 3.06
 3.06 3.11 3.11 3.16 3.27 3.3  3.33 3.35 3.38 3.4  3.45 3.48 3.57 3.58
 3.62 3.65 3.66 3.83 3.88 3.89 3.91 4.   4.01 4.14 4.16 4.31 4.48 4.59
 4.61 4.61 4.63 4.68 4.7  5.14 5.25 5.48 5.58 5.63 5.67 5.73 5.8  6.42
 6.43 7.38 9.95]
var: 2.20408865268601
| [0m66       [0m | [0m3.958    [0m | [0m0.02485  [0m | [0m9.56     [0m | [0m0.07673  [0m |
[1.4  1.89 2.01 2.05 2.06 2.08 2.09 2.16 2.25 2.45 2.5  2.53 2.61 2.64
 2.71 2.8  2.8  2.83 2.92 2.94 2.95 3.09 3.14 3.14 3.15 3.18 3.19 3.21
 3.22 3.22 3.26 3.4  3.43 3.5  3.59 3.69 4.   4.07 4.09 4.14 4.17 4.18
 4.23 4.35 4.36 4.38 4.51 4.53 4.59 4.84 5.03 5.05 5.22 5.57 5.65 5.86
 6.03 6.89 8.68 8.71]
var: 2.1777549722222225
| [0m67       [0m | [0m3.72     [0m | [0m0.122    [0m | [0m19.64    [0m | [0m0.04963  [0m |
[0.1  0.12 0.25 0.26 0.27 0.31 0.31 0.32 0.33 0.38 0.52 0.66 0.68 0.81
 0.84 0.92 1.   1.04 1.13 1.15 1.17 1.18 1.19 1.31 1.39 1.48 1.51 1.56
 1.57 1.65 1.67 1.7  1.73 1.73 1.74 1.74 1.76 1.78 1.82 1.87 1.92 1.92
 1.99 2.05 2.08 2.09 2.17 2.21 2.23 2.27 2.32 2.35 2.67 2.69 2.74 2.75
 2.9  3.16 3.79 4.31]
var: 0.8213062222222224
| [0m68       [0m | [0m1.559    [0m | [0m0.1445   [0m | [0m23.7     [0m | [0m0.8268   [0m |
[0.   0.06 0.08 0.09 0.09 0.1  0.11 0.19 0.2  0.21 0.22 0.22 0.23 0.25
 0.25 0.29 0.3  0.3  0.31 0.32 0.32 0.32 0.38 0.38 0.39 0.41 0.43 0.44
 0.44 0.52 0.53 0.59 0.65 0.67 0.68 0.68 0.69 0.72 0.72 0.72 0.81 0.81
 0.82 0.84 0.9  0.91 0.94 0.98 1.01 1.03 1.05 1.06 1.26 1.6  1.61 1.64
 2.22 2.35 2.95]
var: 0.3375631140476874
| [0m69       [0m | [0m0.6659   [0m | [0m0.1054   [0m | [0m49.02    [0m | [0m2.342    [0m |
[0.78 0.8  0.81 0.81 0.85 0.97 1.04 1.2  1.33 1.51 1.59 1.77 1.89 1.9
 1.93 1.98 2.06 2.1  2.16 2.18 2.18 2.22 2.24 2.37 2.39 2.41 2.45 2.5
 2.56 2.67 2.76 2.78 2.78 2.79 2.79 2.81 2.88 2.96 2.98 3.02 3.02 3.03
 3.03 3.08 3.18 3.19 3.5  3.59 3.67 3.71 3.75 3.91 3.92 3.94 3.95 4.82
 4.84 5.26 5.3  5.55]
var: 1.3065573333333338
| [0m70       [0m | [0m2.674    [0m | [0m0.1002   [0m | [0m9.753    [0m | [0m0.0237   [0m |
[0.24 0.43 0.43 0.46 0.63 0.77 1.5  1.6  1.65 2.19 2.26 2.31 2.39 2.52
 2.54 2.55 2.62 2.65 2.75 2.77 2.83 2.9  2.95 3.01 3.04 3.06 3.11 3.16
 3.17 3.41 3.42 3.53 3.55 3.57 3.63 3.67 3.71 3.74 3.75 3.77 4.06 4.16
 4.17 4.61 4.65 5.02 5.09 5.14 5.24 5.28 5.32 5.45 5.47 5.91 6.03 6.18
 6.39 6.83 7.19 7.86]
var: 2.9833716388888885
| [0m71       [0m | [0m3.538    [0m | [0m0.03327  [0m | [0m9.467    [0m | [0m0.1542   [0m |
[ 0.37  1.1   1.42  1.58  1.59  1.62  1.93  1.95  1.96  2.05  2.38  2.42
  2.43  2.47  2.49  2.53  2.61  2.63  2.65  2.68  2.89  2.95  3.17  3.17
  3.31  3.36  3.54  3.58  3.58  3.62  3.64  3.64  3.64  3.71  3.73  3.78
  3.87  3.89  3.9   3.95  3.95  4.07  4.14  4.18  4.24  4.24  4.38  4.68
  4.72  4.8   4.91  5.03  5.18  6.01  6.14  6.17  6.46  6.73  8.71 10.11]
var: 2.917083638888889
| [0m72       [0m | [0m3.677    [0m | [0m0.1153   [0m | [0m9.504    [0m | [0m0.1553   [0m |
[0.03 0.03 0.03 0.04 0.04 0.05 0.05 0.05 0.05 0.06 0.06 0.06 0.06 0.07
 0.07 0.07 0.07 0.08 0.08 0.08 0.08 0.09 0.09 0.09 0.1  0.11 0.12 0.13
 0.15 0.16 0.18 0.2  0.21 0.21 0.21 0.23 0.29 0.3  0.31 0.32 0.33 0.33
 0.33 0.33 0.36 0.37 0.4  0.41 0.41 0.44 0.48 0.5  0.5  0.54 0.56 0.57
 0.6  0.62 0.71 1.  ]
var: 0.043803888888888726
| [0m73       [0m | [0m0.2417   [0m | [0m0.1283   [0m | [0m10.03    [0m | [0m0.005168 [0m |
[0.76 1.02 1.17 1.58 1.62 1.65 1.8  1.9  2.03 2.08 2.24 2.43 2.44 2.45
 2.58 2.65 2.79 2.86 2.93 2.95 2.95 3.01 3.01 3.18 3.37 3.38 3.39 3.49
 3.5  3.56 3.65 3.68 3.79 3.82 3.88 3.9  3.92 4.06 4.12 4.38 4.43 4.44
 4.46 4.63 4.9  4.98 5.07 5.13 5.25 5.33 5.47 5.53 5.62 5.77 5.8  5.93
 5.95 6.28 6.6  7.41]
var: 2.247690972222224
| [0m74       [0m | [0m3.716    [0m | [0m0.09665  [0m | [0m9.611    [0m | [0m0.1356   [0m |
[0.   0.   0.01 0.03 0.05 0.06 0.12 0.14 0.14 0.19 0.21 0.26 0.28 0.28
 0.3  0.36 0.46 0.48 0.49 0.52 0.53 0.53 0.55 0.56 0.6  0.61 0.61 0.63
 0.65 0.71 0.71 0.84 0.84 0.85 0.85 0.86 0.87 0.89 0.92 0.93 0.94 0.98
 0.98 1.01 1.04 1.08 1.17 1.34 1.44 1.47 1.53 1.55 1.62 1.63 1.7  1.78
 1.96 2.05 2.23 2.38]
var: 0.3508088888888894
| [0m75       [0m | [0m0.8133   [0m | [0m0.03184  [0m | [0m46.34    [0m | [0m2.808    [0m |
[0.03 0.06 0.07 0.31 0.34 0.46 0.6  0.6  0.69 0.73 0.74 0.76 0.78 0.82
 0.83 0.94 0.96 0.98 1.02 1.05 1.07 1.13 1.2  1.23 1.28 1.3  1.33 1.36
 1.37 1.42 1.46 1.47 1.48 1.5  1.51 1.51 1.52 1.54 1.71 1.77 1.78 1.85
 1.92 2.07 2.08 2.08 2.11 2.15 2.17 2.18 2.27 2.43 2.49 2.61 2.85 2.95
 3.33 3.36 3.69 5.06]
var: 0.8747228888888883
| [0m76       [0m | [0m1.539    [0m | [0m0.1998   [0m | [0m17.6     [0m | [0m2.637    [0m |
[0.01 0.11 0.17 0.35 0.36 0.39 0.4  0.42 0.44 0.45 0.46 0.51 0.57 0.57
 0.58 0.59 0.62 0.64 0.64 0.66 0.68 0.77 0.86 0.91 0.95 0.97 0.99 1.03
 1.05 1.08 1.12 1.13 1.13 1.18 1.2  1.23 1.26 1.28 1.3  1.31 1.37 1.37
 1.37 1.38 1.46 1.51 1.54 1.6  1.78 1.84 1.86 1.99 2.   2.1  2.44 2.5
 2.57 2.79 2.82 2.96]
var: 0.4995198888888889
| [0m77       [0m | [0m1.16     [0m | [0m0.2594   [0m | [0m42.93    [0m | [0m1.396    [0m |
[0.83 1.23 1.39 1.43 1.83 2.02 2.15 2.3  2.33 2.37 2.39 2.49 2.54 2.57
 2.84 2.85 2.86 3.1  3.37 3.42 3.43 3.53 3.61 3.71 3.72 3.77 3.86 3.91
 4.03 4.05 4.11 4.13 4.18 4.2  4.2  4.21 4.21 4.27 4.29 4.3  4.34 4.46
 4.63 4.65 4.69 4.79 4.81 4.81 4.86 4.87 5.06 5.43 5.64 5.68 5.74 5.76
 5.99 6.1  6.85]
var: 1.726784544671072
| [0m78       [0m | [0m3.817    [0m | [0m0.1069   [0m | [0m9.654    [0m | [0m0.06017  [0m |
[ 0.92  1.17  1.31  1.62  1.93  1.93  1.95  2.03  2.08  2.34  2.37  2.48
  2.74  2.74  2.75  2.77  2.89  2.9   3.02  3.02  3.1   3.18  3.23  3.26
  3.3   3.31  3.32  3.43  3.44  3.45  3.52  3.54  3.59  3.61  3.65  3.73
  3.75  3.75  3.83  3.87  4.06  4.14  4.19  4.24  4.27  4.32  4.33  4.45
  4.48  4.65  4.93  4.97  5.21  5.34  6.09  6.17  6.38  6.69  7.2  12.19]
var: 2.934321555555555
| [0m79       [0m | [0m3.719    [0m | [0m0.1721   [0m | [0m9.629    [0m | [0m0.03614  [0m |
[0.14 0.68 0.97 1.34 1.41 1.48 1.7  1.99 2.02 2.06 2.2  2.22 2.27 2.28
 2.31 2.42 2.51 2.54 2.54 2.59 2.86 2.88 2.91 3.04 3.27 3.33 3.34 3.38
 3.38 3.46 3.47 3.49 3.53 3.6  3.64 3.74 3.76 3.76 3.79 3.87 3.93 3.97
 4.02 4.06 4.13 4.22 4.23 4.25 4.39 4.46 5.29 5.34 5.35 5.59 5.74 5.94
 6.08 6.32 6.72]
var: 1.9900286124676807
| [0m80       [0m | [0m3.393    [0m | [0m0.1738   [0m | [0m9.582    [0m | [0m0.1228   [0m |
=============================================================
None
num_trials:  40  inits,  40  iters,  60  per
rho:  1.1
pthin:  0.0

Best VPT: 4.152500000000001
Best result: {'a': 0.01385467592798782, 'g': 9.72301409236528, 's': 0.10699702571495409}

KERNEL: nu=1.5, lengthscale=2.0, alpha=0.0005
