|   iter    |  target   |     a     |     g     |     s     |
-------------------------------------------------------------
[0.02 0.04 0.07 0.11 0.15 0.21 0.26 0.28 0.3  0.3  0.3  0.31 0.34 0.35
 0.35 0.35 0.37 0.4  0.46 0.47 0.48 0.49 0.52 0.53 0.54 0.58 0.6  0.6
 0.63 0.65 0.68 0.72 0.74 0.79 0.85 0.89 0.92 0.99 0.99 1.03 1.16 1.16
 1.21 1.31 1.51 1.56 1.66 1.68 1.71 1.74 1.78 1.9  1.91 2.18 2.48 2.78
 2.97 3.   3.05 3.41]
var: 0.7136243333333337
| [0m1        [0m | [0m0.997    [0m | [0m0.2568   [0m | [0m44.24    [0m | [0m0.9778   [0m |
[0.   0.06 0.06 0.07 0.08 0.09 0.1  0.11 0.11 0.15 0.15 0.19 0.2  0.22
 0.24 0.31 0.32 0.32 0.34 0.42 0.44 0.45 0.46 0.49 0.52 0.52 0.52 0.53
 0.53 0.54 0.54 0.57 0.63 0.63 0.64 0.66 0.68 0.73 0.78 0.78 0.79 0.84
 0.85 0.9  0.92 0.97 0.98 1.   1.09 1.09 1.09 1.29 1.36 1.38 1.51 1.69
 1.9  1.96 2.64 2.71]
var: 0.34597122222222215
| [0m2        [0m | [0m0.7023   [0m | [0m0.002205 [0m | [0m1.169    [0m | [0m2.622    [0m |
[0.05 0.1  0.23 0.48 0.49 0.5  0.53 0.56 0.57 0.6  0.67 0.68 0.72 0.76
 0.78 0.8  0.82 0.87 0.92 1.08 1.17 1.22 1.22 1.23 1.24 1.27 1.28 1.31
 1.31 1.32 1.4  1.46 1.48 1.5  1.56 1.59 1.61 1.69 1.75 1.91 1.95 1.96
 2.1  2.15 2.17 2.2  2.23 2.29 2.37 2.49 2.63 2.65 3.08 3.22 3.36 3.49
 4.23 4.7 ]
var: 0.9670487514863254
| [95m3        [0m | [95m1.552    [0m | [95m0.01263  [0m | [95m38.24    [0m | [95m0.5767   [0m |
[0.12 0.14 0.16 0.24 0.26 0.26 0.27 0.32 0.36 0.36 0.4  0.4  0.42 0.43
 0.43 0.46 0.47 0.47 0.47 0.5  0.51 0.53 0.53 0.55 0.55 0.57 0.58 0.59
 0.6  0.6  0.65 0.67 0.73 0.74 0.75 0.76 0.76 0.77 0.79 0.83 0.83 0.84
 0.88 0.88 0.94 0.95 1.04 1.04 1.15 1.22 1.25 1.38 1.42 1.46 1.49 1.56
 1.7  2.26 2.55 2.56]
var: 0.2831500000000004
| [0m4        [0m | [0m0.79     [0m | [0m0.08452  [0m | [0m47.47    [0m | [0m0.1335   [0m |
[0.15 0.22 0.3  0.41 0.48 0.64 0.65 0.66 0.8  0.81 0.84 0.84 0.85 0.85
 0.85 0.87 0.93 1.01 1.02 1.24 1.29 1.33 1.42 1.45 1.49 1.52 1.53 1.57
 1.57 1.63 1.64 1.68 1.72 1.73 1.74 1.76 1.78 1.78 1.79 1.82 1.88 1.96
 2.14 2.23 2.27 2.36 2.4  2.71 2.75 2.93 2.99 3.44 3.64 3.89 4.56 5.08]
var: 1.0645509885204074
| [95m5        [0m | [95m1.677    [0m | [95m0.1498   [0m | [95m26.37    [0m | [95m0.3952   [0m |
[0.   0.   0.01 0.05 0.07 0.07 0.08 0.09 0.09 0.1  0.1  0.1  0.11 0.12
 0.13 0.15 0.16 0.16 0.18 0.19 0.2  0.21 0.21 0.22 0.22 0.23 0.25 0.27
 0.3  0.34 0.35 0.36 0.42 0.43 0.44 0.44 0.45 0.47 0.48 0.54 0.56 0.6
 0.62 0.62 0.64 0.69 0.81 0.96 1.11 1.14 1.15 1.18 1.2  1.39 1.42 1.82
 1.87 2.26 2.94]
var: 0.35270445274346385
| [0m6        [0m | [0m0.5385   [0m | [0m0.0203   [0m | [0m47.87    [0m | [0m2.578    [0m |
[0.2  0.31 0.43 0.53 0.61 0.71 1.01 1.03 1.04 1.1  1.13 1.22 1.23 1.24
 1.27 1.29 1.34 1.43 1.45 1.51 1.8  1.81 1.9  1.95 1.98 1.98 1.99 2.02
 2.03 2.05 2.09 2.17 2.17 2.24 2.27 2.34 2.51 2.58 2.59 2.6  2.65 2.66
 2.7  2.74 2.82 2.93 3.03 3.07 3.29 3.34 3.46 3.46 3.51 3.57 3.73 3.79
 4.81 4.9  5.7  6.01]
var: 1.5170782222222217
| [95m7        [0m | [95m2.255    [0m | [95m0.1078   [0m | [95m6.615    [0m | [95m0.6779   [0m |
[0.   0.11 0.15 0.17 0.17 0.18 0.28 0.35 0.39 0.41 0.41 0.43 0.47 0.49
 0.54 0.54 0.55 0.6  0.61 0.61 0.72 0.78 0.81 0.82 0.96 0.97 0.98 1.04
 1.07 1.08 1.13 1.33 1.36 1.37 1.49 1.7  1.72 1.75 1.77 1.92 1.92 1.94
 1.96 2.03 2.34 2.36 2.39 2.5  2.64 2.66 2.8  2.99 3.09 3.24 3.34 3.91
 4.78 5.19 5.24 5.51]
var: 1.8262245555555559
| [0m8        [0m | [0m1.584    [0m | [0m0.009195 [0m | [0m8.588    [0m | [0m2.52     [0m |
[0.19 0.36 0.4  0.46 0.48 0.5  0.53 0.83 0.89 0.97 1.11 1.21 1.23 1.25
 1.26 1.27 1.31 1.32 1.33 1.36 1.37 1.41 1.42 1.47 1.57 1.58 1.61 1.62
 1.66 1.7  1.75 1.76 1.94 1.97 2.05 2.19 2.4  2.42 2.43 2.57 2.58 2.69
 2.69 2.71 2.73 2.75 2.79 2.82 2.83 2.86 2.95 2.98 3.   3.09 3.18 3.33
 3.38 3.46 4.19 4.69]
var: 0.9782154166666663
| [0m9        [0m | [0m1.948    [0m | [0m0.2242   [0m | [0m33.41    [0m | [0m0.6912   [0m |
[0.02 0.03 0.03 0.07 0.08 0.09 0.1  0.1  0.12 0.12 0.14 0.17 0.18 0.18
 0.21 0.29 0.33 0.33 0.37 0.37 0.38 0.41 0.5  0.51 0.55 0.56 0.57 0.58
 0.58 0.59 0.62 0.62 0.65 0.66 0.67 0.67 0.69 0.7  0.7  0.72 0.75 0.77
 0.78 0.79 0.8  0.86 0.87 1.04 1.2  1.2  1.28 1.45 1.74 1.76 1.89 1.92
 2.04 2.78 3.37]
var: 0.4450545245619075
| [0m10       [0m | [0m0.7212   [0m | [0m0.2913   [0m | [0m48.6     [0m | [0m1.152    [0m |
[0.13 0.19 0.24 0.24 0.35 0.44 0.51 0.53 0.55 0.57 0.59 0.63 0.68 0.69
 0.7  0.81 0.85 0.85 0.92 0.94 0.98 1.01 1.01 1.04 1.12 1.14 1.15 1.21
 1.3  1.4  1.5  1.53 1.55 1.59 1.63 1.66 1.85 1.93 1.97 2.01 2.01 2.15
 2.29 2.37 2.42 2.46 2.5  2.57 2.91 3.23 3.37 3.42 3.44 3.83 3.95 3.98
 4.23]
var: 1.1780261003385661
| [0m11       [0m | [0m1.599    [0m | [0m0.245    [0m | [0m46.3     [0m | [0m0.4102   [0m |
[0.   0.02 0.03 0.03 0.05 0.06 0.08 0.08 0.09 0.09 0.09 0.14 0.15 0.17
 0.18 0.21 0.22 0.23 0.24 0.25 0.27 0.34 0.35 0.35 0.37 0.41 0.42 0.45
 0.46 0.46 0.52 0.54 0.54 0.55 0.64 0.64 0.65 0.65 0.66 0.68 0.69 0.71
 0.75 0.78 0.78 0.83 1.17 1.24 1.25 1.26 1.3  1.35 1.38 1.63 1.87 1.9
 2.74 2.78 3.06 3.27]
var: 0.5781872222222223
| [0m12       [0m | [0m0.7183   [0m | [0m0.002216 [0m | [0m37.67    [0m | [0m1.385    [0m |
[0.09 0.13 0.15 0.16 0.22 0.23 0.23 0.25 0.32 0.33 0.37 0.41 0.48 0.5
 0.53 0.57 0.58 0.59 0.59 0.64 0.67 0.72 0.73 0.73 0.74 0.76 0.76 0.79
 0.79 0.93 0.95 0.95 0.99 1.02 1.04 1.1  1.13 1.14 1.17 1.18 1.3  1.33
 1.33 1.43 1.43 1.44 1.44 1.51 1.53 1.58 1.61 1.63 1.63 1.92 2.12 2.14
 2.25 2.3  2.67]
var: 0.37048756104567615
| [0m13       [0m | [0m0.9873   [0m | [0m0.2324   [0m | [0m21.04    [0m | [0m2.915    [0m |
[0.2  0.23 0.5  0.56 0.58 0.6  0.75 0.75 0.76 0.79 0.86 0.94 0.99 1.09
 1.1  1.16 1.23 1.24 1.36 1.37 1.47 1.49 1.57 1.61 1.64 1.68 1.71 1.72
 1.75 1.77 1.83 1.86 1.89 1.91 1.92 1.99 2.02 2.05 2.07 2.32 2.33 2.38
 2.44 2.46 2.52 2.52 2.54 2.7  2.71 2.81 2.92 3.   3.22 3.39 3.9  5.
 5.17 5.83]
var: 1.3012151307966702
| [0m14       [0m | [0m1.917    [0m | [0m0.2368   [0m | [0m37.12    [0m | [0m0.621    [0m |
[0.07 0.16 0.16 0.17 0.18 0.2  0.23 0.28 0.32 0.41 0.42 0.44 0.47 0.48
 0.57 0.58 0.62 0.71 0.71 0.73 0.75 0.85 0.87 0.91 0.95 1.   1.05 1.12
 1.16 1.17 1.18 1.19 1.19 1.24 1.28 1.29 1.31 1.34 1.44 1.45 1.48 1.49
 1.51 1.57 1.67 1.67 1.76 1.8  1.82 1.9  1.97 2.   2.1  2.11 2.94 3.11
 3.27 3.34]
var: 0.6097318668252075
| [0m15       [0m | [0m1.175    [0m | [0m0.06813  [0m | [0m3.547    [0m | [0m2.164    [0m |
[0.16 0.24 0.46 0.49 0.53 0.54 0.57 0.6  0.61 0.61 0.63 0.65 0.67 0.69
 0.71 0.74 0.74 0.77 0.78 0.82 0.85 0.89 0.9  0.93 0.97 1.   1.01 1.02
 1.08 1.09 1.12 1.17 1.21 1.23 1.26 1.32 1.34 1.34 1.39 1.43 1.45 1.61
 1.68 2.02 2.12 2.16 2.17 2.36 2.4  2.4  2.41 2.53 2.58 2.63 2.69 2.72
 2.84 3.05 3.15 4.23]
var: 0.7504173333333335
| [0m16       [0m | [0m1.396    [0m | [0m0.2728   [0m | [0m11.15    [0m | [0m2.248    [0m |
[0.19 0.19 0.27 0.34 0.34 0.38 0.46 0.48 0.49 0.51 0.58 0.7  0.72 0.72
 0.86 0.88 0.9  0.92 0.95 1.   1.05 1.08 1.09 1.1  1.11 1.11 1.12 1.23
 1.24 1.29 1.31 1.33 1.35 1.36 1.49 1.51 1.51 1.55 1.56 1.66 1.68 1.73
 1.74 1.79 1.8  1.84 1.88 2.   2.11 2.2  2.43 2.72 2.75 2.76 2.94 3.08
 3.2  3.2  3.31 7.39]
var: 1.245752666666666
| [0m17       [0m | [0m1.508    [0m | [0m0.1762   [0m | [0m49.71    [0m | [0m0.5562   [0m |
[0.02 0.06 0.07 0.1  0.14 0.21 0.22 0.22 0.24 0.26 0.31 0.33 0.37 0.37
 0.37 0.43 0.49 0.5  0.5  0.51 0.51 0.53 0.58 0.65 0.68 0.71 0.72 0.83
 0.84 0.87 0.97 0.99 1.02 1.04 1.06 1.11 1.19 1.2  1.23 1.27 1.29 1.32
 1.33 1.39 1.45 1.46 1.51 1.57 1.83 1.94 1.97 1.98 2.18 2.19 2.28 2.61
 2.84 3.07 3.24 3.54]
var: 0.7118594166666669
| [0m18       [0m | [0m1.079    [0m | [0m0.08277  [0m | [0m27.67    [0m | [0m1.26     [0m |
[0.01 0.02 0.02 0.05 0.13 0.15 0.17 0.17 0.17 0.19 0.25 0.26 0.27 0.27
 0.35 0.36 0.42 0.45 0.48 0.49 0.5  0.55 0.57 0.63 0.7  0.73 0.78 0.87
 0.88 0.94 0.95 0.97 1.07 1.12 1.12 1.16 1.2  1.21 1.3  1.3  1.33 1.33
 1.35 1.36 1.36 1.37 1.38 1.6  1.62 1.68 1.72 1.75 1.78 1.98 2.18 2.37
 2.78 3.02 3.18 3.37]
var: 0.6517423333333328
| [0m19       [0m | [0m1.029    [0m | [0m0.2249   [0m | [0m23.63    [0m | [0m2.717    [0m |
[0.02 0.07 0.09 0.09 0.09 0.1  0.12 0.14 0.18 0.2  0.2  0.3  0.31 0.32
 0.37 0.39 0.39 0.42 0.45 0.46 0.51 0.53 0.53 0.57 0.58 0.64 0.64 0.67
 0.67 0.68 0.69 0.69 0.74 0.76 0.76 0.83 0.95 0.96 0.96 1.18 1.19 1.19
 1.25 1.26 1.27 1.31 1.48 1.52 1.67 1.8  1.89 1.96 2.19 2.22 2.3  2.37
 2.41 2.7  2.7  3.47]
var: 0.6342188888888889
| [0m20       [0m | [0m0.9567   [0m | [0m0.2792   [0m | [0m31.99    [0m | [0m2.184    [0m |
[0.05 0.1  0.12 0.13 0.13 0.13 0.14 0.16 0.16 0.18 0.2  0.21 0.24 0.25
 0.32 0.33 0.37 0.44 0.45 0.48 0.49 0.5  0.52 0.53 0.53 0.55 0.63 0.68
 0.69 0.73 0.74 0.79 0.84 0.86 0.88 0.88 1.07 1.18 1.2  1.23 1.24 1.29
 1.33 1.33 1.35 1.43 1.49 1.69 1.72 1.73 1.75 1.75 1.76 1.81 1.85 1.96
 1.97 2.34 2.72 3.36]
var: 0.5286843333333326
| [0m21       [0m | [0m0.933    [0m | [0m0.2331   [0m | [0m1.646    [0m | [0m2.179    [0m |
[0.14 0.37 0.44 0.48 0.53 0.64 0.82 0.93 0.97 1.01 1.02 1.18 1.23 1.32
 1.35 1.35 1.35 1.37 1.47 1.55 1.57 1.58 1.58 1.63 1.64 1.67 1.69 1.74
 1.83 1.85 1.86 1.94 1.96 2.05 2.26 2.36 2.37 2.44 2.56 2.75 2.84 2.99
 3.   3.11 3.33 3.46 3.65 3.88 3.91 4.03 4.36 4.78]
var: 1.1908403476331364
| [0m22       [0m | [0m1.965    [0m | [0m0.05985  [0m | [0m32.29    [0m | [0m0.5652   [0m |
[0.   0.03 0.08 0.1  0.1  0.13 0.21 0.24 0.25 0.34 0.39 0.55 0.57 0.6
 0.65 0.67 0.7  0.82 0.83 0.85 0.91 0.93 1.   1.13 1.17 1.19 1.25 1.33
 1.44 1.56 1.56 1.58 1.65 1.7  1.77 1.82 1.86 2.06 2.08 2.1  2.25 2.29
 2.37 2.47 2.48 2.52 2.53 2.53 2.66 2.66 3.09 3.22 3.52 3.55 3.83 3.97
 4.2  4.42 4.74 5.36]
var: 1.6964045555555558
| [0m23       [0m | [0m1.714    [0m | [0m0.2181   [0m | [0m9.135    [0m | [0m2.819    [0m |
[0.06 0.08 0.1  0.1  0.1  0.13 0.17 0.17 0.18 0.21 0.21 0.22 0.22 0.23
 0.25 0.26 0.29 0.29 0.3  0.31 0.33 0.34 0.38 0.41 0.41 0.44 0.45 0.46
 0.49 0.5  0.51 0.51 0.54 0.54 0.58 0.6  0.61 0.62 0.65 0.7  0.75 0.77
 0.8  0.81 0.92 0.96 0.97 1.09 1.21 1.25 1.26 1.4  1.86 2.   2.03 2.07
 2.49 2.65 3.05 3.91]
var: 0.6194733333333337
| [0m24       [0m | [0m0.77     [0m | [0m0.2572   [0m | [0m42.31    [0m | [0m2.111    [0m |
[0.   0.04 0.06 0.21 0.23 0.23 0.27 0.27 0.29 0.3  0.38 0.4  0.41 0.47
 0.5  0.52 0.53 0.57 0.59 0.59 0.66 0.72 0.73 0.77 0.79 0.79 0.79 0.8
 0.83 0.84 0.88 0.89 0.9  1.02 1.07 1.1  1.15 1.18 1.19 1.22 1.25 1.26
 1.28 1.29 1.37 1.38 1.39 1.57 1.65 1.67 1.72 1.83 1.89 2.31 2.45 2.46
 2.59 3.22 5.07 6.53]
var: 1.2170439999999991
| [0m25       [0m | [0m1.156    [0m | [0m0.02537  [0m | [0m19.0     [0m | [0m2.896    [0m |
[0.08 0.11 0.12 0.18 0.19 0.24 0.25 0.31 0.33 0.43 0.45 0.45 0.46 0.49
 0.5  0.52 0.54 0.54 0.55 0.56 0.58 0.62 0.66 0.67 0.7  0.73 0.79 0.8
 0.89 0.95 0.98 0.99 1.06 1.09 1.11 1.12 1.15 1.24 1.25 1.25 1.34 1.37
 1.38 1.41 1.46 1.6  1.65 1.84 1.84 1.86 1.93 2.01 2.28 2.89 2.98 3.08
 3.39 3.41]
var: 0.6838019322235438
| [0m26       [0m | [0m1.097    [0m | [0m0.1924   [0m | [0m12.72    [0m | [0m1.335    [0m |
[0.08 0.12 0.15 0.23 0.28 0.29 0.3  0.31 0.31 0.31 0.32 0.35 0.38 0.41
 0.41 0.43 0.46 0.51 0.51 0.52 0.54 0.61 0.69 0.78 0.82 0.83 0.87 0.88
 0.96 0.99 0.99 1.02 1.05 1.05 1.06 1.13 1.18 1.22 1.25 1.32 1.35 1.35
 1.35 1.4  1.42 1.42 1.42 1.54 1.56 1.62 1.62 1.78 1.81 1.81 1.85 1.89
 2.07 2.3  3.77 5.64]
var: 0.7924760833333335
| [0m27       [0m | [0m1.082    [0m | [0m0.2996   [0m | [0m41.19    [0m | [0m0.3881   [0m |
[0.   0.01 0.03 0.08 0.09 0.1  0.1  0.1  0.11 0.15 0.22 0.23 0.24 0.26
 0.29 0.35 0.35 0.36 0.41 0.41 0.43 0.45 0.47 0.47 0.47 0.49 0.52 0.55
 0.55 0.58 0.6  0.62 0.63 0.64 0.64 0.7  0.72 0.8  0.84 0.86 0.88 0.9
 0.94 0.98 1.11 1.12 1.13 1.16 1.21 1.23 1.41 1.7  1.8  1.94 1.95 2.02
 2.38 2.53 3.01 3.05]
var: 0.5228369722222229
| [0m28       [0m | [0m0.8062   [0m | [0m0.1945   [0m | [0m38.54    [0m | [0m2.762    [0m |
[0.03 0.05 0.08 0.16 0.26 0.34 0.35 0.36 0.37 0.43 0.5  0.51 0.58 0.59
 0.63 0.63 0.67 0.7  0.72 0.77 0.78 0.81 0.82 0.83 0.9  0.93 0.94 0.94
 0.95 0.98 1.13 1.16 1.17 1.17 1.21 1.32 1.35 1.36 1.38 1.43 1.46 1.5
 1.5  1.56 1.57 1.61 1.73 1.82 1.85 2.16 2.24 2.29 2.39 2.55 2.93 3.07
 3.4  3.52 4.8  4.95]
var: 1.0821183055555563
| [0m29       [0m | [0m1.32     [0m | [0m0.2738   [0m | [0m42.54    [0m | [0m0.8565   [0m |
[0.   0.05 0.09 0.14 0.15 0.19 0.2  0.21 0.22 0.22 0.26 0.32 0.34 0.35
 0.36 0.44 0.46 0.49 0.49 0.5  0.51 0.57 0.71 0.77 0.83 0.85 0.9  0.91
 0.92 0.94 1.01 1.04 1.04 1.04 1.2  1.21 1.27 1.31 1.32 1.38 1.39 1.52
 1.53 1.54 1.75 1.76 1.86 1.87 1.89 1.9  2.04 2.11 2.52 2.54 2.74 3.3
 3.44 3.93]
var: 0.8001370986920331
| [0m30       [0m | [0m1.118    [0m | [0m0.08697  [0m | [0m16.12    [0m | [0m2.617    [0m |
[0.03 0.07 0.07 0.09 0.09 0.12 0.12 0.17 0.24 0.26 0.29 0.36 0.4  0.44
 0.48 0.56 0.63 0.64 0.65 0.66 0.66 0.66 0.69 0.71 0.73 0.74 0.77 0.79
 0.83 0.88 0.91 0.92 0.96 0.99 1.05 1.1  1.12 1.12 1.14 1.2  1.21 1.22
 1.36 1.42 1.42 1.46 1.62 1.77 1.88 1.99 2.03 2.08 2.09 2.21 2.62 2.69
 2.97 3.66 3.99 4.6 ]
var: 0.9424769722222223
| [0m31       [0m | [0m1.144    [0m | [0m0.1807   [0m | [0m19.2     [0m | [0m1.792    [0m |
[0.   0.08 0.09 0.11 0.13 0.2  0.21 0.22 0.23 0.27 0.3  0.32 0.32 0.34
 0.37 0.38 0.45 0.47 0.49 0.52 0.54 0.68 0.76 0.76 0.83 0.85 0.86 0.87
 0.93 0.96 0.96 0.97 0.98 0.99 1.02 1.07 1.11 1.16 1.25 1.29 1.31 1.36
 1.37 1.38 1.39 1.42 1.45 1.5  1.54 1.58 1.59 1.92 2.17 2.18 2.26 2.54
 2.63 2.9  2.96 3.86]
var: 0.6590109722222216
| [0m32       [0m | [0m1.061    [0m | [0m0.003058 [0m | [0m24.96    [0m | [0m0.9056   [0m |
[0.28 0.33 0.49 0.53 0.67 0.68 0.72 0.73 0.75 0.85 0.89 0.97 0.99 0.99
 1.08 1.1  1.14 1.18 1.18 1.19 1.23 1.23 1.34 1.36 1.37 1.38 1.39 1.44
 1.49 1.51 1.53 1.55 1.57 1.59 1.6  1.6  1.7  1.78 1.87 1.91 1.94 1.94
 1.97 2.   2.3  2.43 2.52 2.57 2.62 2.68 2.93 3.35 3.73 3.86 4.09]
var: 0.7335432727272729
| [0m33       [0m | [0m1.602    [0m | [0m0.05239  [0m | [0m4.681    [0m | [0m0.1374   [0m |
[0.03 0.04 0.08 0.12 0.12 0.14 0.17 0.21 0.22 0.26 0.29 0.29 0.32 0.33
 0.34 0.34 0.36 0.36 0.4  0.42 0.45 0.45 0.47 0.47 0.48 0.48 0.49 0.54
 0.56 0.58 0.58 0.7  0.7  0.74 0.87 0.88 0.94 0.95 0.96 0.97 0.97 0.99
 1.   1.1  1.14 1.17 1.18 1.33 1.67 1.69 1.85 1.97 1.99 2.1  2.21 2.47
 2.56 2.8  3.05 3.96]
var: 0.694327222222223
| [0m34       [0m | [0m0.9217   [0m | [0m0.07154  [0m | [0m47.91    [0m | [0m1.007    [0m |
[0.03 0.1  0.12 0.16 0.2  0.21 0.3  0.34 0.39 0.39 0.4  0.46 0.48 0.52
 0.59 0.6  0.6  0.65 0.65 0.68 0.69 0.69 0.72 0.75 0.75 0.87 0.88 0.9
 0.94 0.94 1.02 1.05 1.09 1.13 1.17 1.17 1.19 1.22 1.25 1.27 1.3  1.37
 1.37 1.39 1.42 1.44 1.45 1.5  1.59 1.61 1.62 1.8  1.85 1.97 2.04 2.14
 2.21 2.35 2.66 3.15]
var: 0.4409216388888887
| [0m35       [0m | [0m1.063    [0m | [0m0.2237   [0m | [0m3.916    [0m | [0m1.383    [0m |
[0.   0.02 0.03 0.07 0.14 0.15 0.16 0.2  0.21 0.22 0.25 0.25 0.28 0.28
 0.32 0.33 0.34 0.37 0.38 0.39 0.4  0.5  0.51 0.51 0.52 0.52 0.55 0.56
 0.61 0.61 0.66 0.7  0.71 0.71 0.72 0.75 0.75 0.77 0.82 0.85 0.85 0.87
 0.92 0.95 0.96 0.96 0.97 1.02 1.13 1.19 1.2  1.22 1.56 1.64 1.72 1.75
 1.82 2.21 2.68 2.71]
var: 0.3626287499999999
| [0m36       [0m | [0m0.7575   [0m | [0m0.1562   [0m | [0m36.46    [0m | [0m2.904    [0m |
[0.3  0.46 0.5  0.68 0.8  0.83 0.99 1.07 1.13 1.14 1.14 1.38 1.43 1.45
 1.47 1.51 1.55 1.76 1.76 1.8  1.82 1.86 1.87 1.89 2.13 2.28 2.29 2.52
 2.53 2.55 2.61 2.68 2.71 2.76 2.86 2.86 2.89 3.02 3.03 3.03 3.19 3.22
 3.32 3.33 3.34 3.46 3.57 3.6  3.69 3.71 3.96 4.3  4.31 4.32 4.58 4.65
 4.99 5.   5.84 6.43]
var: 1.8624287499999996
| [95m37       [0m | [95m2.603    [0m | [95m0.2556   [0m | [95m12.95    [0m | [95m0.5018   [0m |
[0.18 0.21 0.24 0.37 0.37 0.38 0.46 0.47 0.56 0.61 0.67 0.67 0.79 1.02
 1.06 1.06 1.09 1.14 1.15 1.17 1.22 1.23 1.31 1.32 1.33 1.33 1.38 1.47
 1.49 1.51 1.53 1.54 1.57 1.64 1.67 1.95 1.96 1.96 2.02 2.04 2.11 2.12
 2.13 2.17 2.2  2.3  2.31 2.37 2.53 2.61 2.92 3.05 3.12 3.15 3.23 3.25
 3.35 4.44 4.47 4.52]
var: 1.106994972222222
| [0m38       [0m | [0m1.725    [0m | [0m0.1004   [0m | [0m39.82    [0m | [0m0.6404   [0m |
[0.   0.   0.   0.01 0.03 0.03 0.06 0.06 0.06 0.06 0.06 0.08 0.11 0.11
 0.11 0.13 0.13 0.15 0.19 0.25 0.27 0.3  0.3  0.33 0.33 0.35 0.36 0.36
 0.37 0.41 0.46 0.48 0.48 0.49 0.52 0.53 0.53 0.53 0.54 0.54 0.56 0.56
 0.63 0.66 0.67 0.81 0.82 0.9  1.08 1.1  1.19 1.27 1.36 1.36 1.42 1.54
 1.63 1.65 1.91 2.41]
var: 0.2916362222222224
| [0m39       [0m | [0m0.5607   [0m | [0m0.2951   [0m | [0m49.31    [0m | [0m2.956    [0m |
[0.02 0.03 0.09 0.1  0.15 0.16 0.16 0.19 0.2  0.2  0.22 0.28 0.34 0.41
 0.44 0.45 0.45 0.47 0.5  0.51 0.52 0.53 0.54 0.54 0.58 0.6  0.61 0.66
 0.7  0.73 0.74 0.74 0.76 0.76 0.86 1.03 1.03 1.04 1.12 1.26 1.26 1.29
 1.36 1.42 1.48 1.74 1.82 1.88 1.9  1.92 1.93 2.09 2.15 2.16 2.31 2.56
 2.57 2.66 2.68 2.94]
var: 0.6368439999999997
| [0m40       [0m | [0m1.014    [0m | [0m0.2204   [0m | [0m23.76    [0m | [0m2.033    [0m |
[0.04 0.08 0.1  0.14 0.17 0.18 0.25 0.27 0.34 0.39 0.4  0.4  0.41 0.42
 0.47 0.49 0.5  0.5  0.53 0.62 0.69 0.69 0.76 0.77 0.78 0.86 0.88 0.9
 0.93 0.98 1.02 1.03 1.05 1.33 1.41 1.55 1.56 1.6  1.68 1.74 2.03 2.03
 2.12 2.24 2.3  2.37 2.41 2.66 2.84 2.84 2.84 2.89 2.9  2.9  3.03 3.1
 3.48 3.5  4.17 4.19]
var: 1.2723109722222228
| [0m41       [0m | [0m1.429    [0m | [0m0.1283   [0m | [0m31.03    [0m | [0m0.897    [0m |
[0.19 0.28 0.35 0.37 0.38 0.44 0.46 0.5  0.57 0.6  0.62 0.66 0.68 0.7
 0.73 0.74 0.74 0.78 0.8  0.83 0.83 0.89 0.9  0.9  0.9  0.91 0.93 0.95
 0.96 0.99 1.   1.08 1.08 1.1  1.12 1.12 1.21 1.25 1.31 1.33 1.35 1.38
 1.41 1.41 1.43 1.44 1.5  1.6  1.6  1.63 1.7  1.73 1.76 1.77 1.78 1.92
 2.01 2.11 2.57 2.76]
var: 0.2965495555555557
| [0m42       [0m | [0m1.117    [0m | [0m0.2819   [0m | [0m13.04    [0m | [0m0.1583   [0m |
[0.33 0.42 0.59 0.63 0.65 0.71 0.78 0.78 0.84 0.86 0.93 0.95 0.98 1.04
 1.05 1.1  1.11 1.11 1.12 1.13 1.17 1.21 1.29 1.3  1.32 1.33 1.37 1.39
 1.39 1.4  1.4  1.43 1.46 1.47 1.47 1.47 1.53 1.53 1.54 1.64 1.65 1.67
 1.77 1.81 1.85 1.88 1.88 2.07 2.16 2.22 2.24 2.5  2.6  2.7  2.72 2.75
 2.93 2.96 3.15 3.96]
var: 0.5304516388888887
| [0m43       [0m | [0m1.545    [0m | [0m0.02067  [0m | [0m4.463    [0m | [0m0.1368   [0m |
[0.26 0.34 0.44 0.61 0.7  0.81 0.85 0.96 1.01 1.04 1.05 1.06 1.17 1.19
 1.25 1.29 1.3  1.31 1.6  1.62 1.62 1.68 1.76 1.78 1.79 1.8  1.81 1.88
 1.96 2.01 2.23 2.26 2.32 2.35 2.41 2.45 2.47 2.5  2.55 2.62 2.63 2.66
 2.74 2.8  2.92 2.94 2.94 2.97 3.13 3.18 3.33 3.35 3.53 3.79 3.8  3.83
 3.89 4.07 4.24 5.62]
var: 1.2252180833333333
| [0m44       [0m | [0m2.175    [0m | [0m0.2674   [0m | [0m12.86    [0m | [0m0.4811   [0m |
[0.   0.01 0.03 0.05 0.09 0.12 0.25 0.27 0.29 0.33 0.4  0.41 0.42 0.43
 0.49 0.49 0.53 0.57 0.61 0.63 0.65 0.71 0.77 0.83 0.86 0.87 0.92 0.95
 0.97 0.98 0.99 1.06 1.07 1.23 1.3  1.41 1.42 1.44 1.66 1.73 1.77 1.77
 1.79 1.85 1.86 1.88 1.94 1.99 2.02 2.18 2.19 2.25 2.27 2.49 2.56 2.58
 2.59 2.77 2.92 4.14]
var: 0.8008909722222227
| [0m45       [0m | [0m1.234    [0m | [0m0.1552   [0m | [0m14.48    [0m | [0m1.899    [0m |
[0.01 0.12 0.16 0.21 0.28 0.38 0.48 0.57 0.6  0.66 0.71 0.74 0.77 0.77
 0.84 0.9  0.93 1.01 1.03 1.06 1.07 1.14 1.16 1.31 1.32 1.37 1.38 1.39
 1.4  1.42 1.45 1.48 1.5  1.54 1.67 1.71 1.71 1.74 1.8  1.81 1.83 1.92
 1.98 2.02 2.08 2.09 2.1  2.19 2.25 2.3  2.35 2.38 2.4  2.41 2.42 2.42
 2.73 2.74 2.97 4.25]
var: 0.6636614166666669
| [0m46       [0m | [0m1.491    [0m | [0m0.2709   [0m | [0m11.2     [0m | [0m2.235    [0m |
[0.49 0.49 0.55 0.78 0.91 1.24 1.28 1.36 1.38 1.39 1.4  1.42 1.48 1.74
 1.76 1.86 1.9  2.   2.   2.01 2.03 2.05 2.15 2.16 2.21 2.22 2.32 2.36
 2.39 2.42 2.47 2.54 2.54 2.56 2.59 2.59 2.69 2.73 2.81 2.82 3.   3.13
 3.13 3.16 3.19 3.19 3.26 3.31 3.63 3.85 4.06 4.84 5.02 5.47 5.48]
var: 1.2721260826446281
| [0m47       [0m | [0m2.433    [0m | [0m0.2425   [0m | [0m13.07    [0m | [0m0.6336   [0m |
[0.39 0.45 0.53 0.56 0.58 0.72 0.74 0.88 1.32 1.36 1.54 1.55 1.69 1.81
 1.88 1.91 1.93 1.98 2.05 2.06 2.15 2.22 2.34 2.41 2.44 2.56 2.6  2.64
 2.73 2.74 2.75 2.85 2.97 3.   3.12 3.13 3.15 3.16 3.17 3.31 3.36 3.37
 3.68 3.7  3.93 3.94 3.97 3.98 4.17 4.35 5.08 5.17 6.05 6.09 6.34 6.54]
var: 2.237808641581633
| [95m48       [0m | [95m2.769    [0m | [95m0.09204  [0m | [95m13.16    [0m | [95m0.5816   [0m |
[0.33 0.68 0.73 0.78 0.91 0.95 0.97 1.02 1.06 1.1  1.2  1.25 1.45 1.45
 1.46 1.5  1.57 1.64 1.7  1.96 1.98 2.07 2.14 2.21 2.22 2.28 2.29 2.31
 2.37 2.42 2.6  2.61 2.62 2.7  2.71 2.73 2.74 2.74 2.83 2.83 2.88 2.97
 3.04 3.05 3.19 3.27 3.36 3.42 3.56 3.74 4.13 4.33 4.51 4.78 4.84 5.17
 5.33 6.02]
var: 1.613987039239001
| [0m49       [0m | [0m2.495    [0m | [0m0.08248  [0m | [0m12.92    [0m | [0m0.5939   [0m |
[0.04 0.07 0.09 0.09 0.13 0.14 0.14 0.24 0.3  0.31 0.43 0.46 0.48 0.49
 0.54 0.56 0.63 0.64 0.65 0.67 0.69 0.77 0.79 0.79 0.79 0.8  0.86 0.88
 0.89 0.93 0.99 0.99 1.01 1.08 1.09 1.1  1.1  1.14 1.23 1.34 1.36 1.38
 1.43 1.44 1.45 1.51 1.54 1.62 1.63 1.69 1.72 1.91 2.06 2.16 2.31 2.51
 2.57 2.69 3.68 4.42]
var: 0.7270173333333328
| [0m50       [0m | [0m1.124    [0m | [0m0.191    [0m | [0m6.887    [0m | [0m1.751    [0m |
[0.21 0.45 0.53 0.67 0.76 0.77 0.94 1.   1.01 1.04 1.32 1.36 1.52 1.56
 1.58 1.61 1.62 1.63 1.73 1.74 1.75 1.8  1.81 1.87 1.88 1.89 1.98 2.1
 2.12 2.24 2.29 2.32 2.58 2.64 2.7  2.76 2.89 3.   3.02 3.03 3.11 3.12
 3.22 3.23 3.31 3.44 3.52 3.56 3.61 3.83 4.   4.08 4.28 4.56 4.96 5.2
 5.21 5.38 5.57 5.9 ]
var: 1.9266783055555554
| [0m51       [0m | [0m2.547    [0m | [0m0.2847   [0m | [0m12.97    [0m | [0m0.5039   [0m |
[0.06 0.09 0.17 0.17 0.18 0.31 0.33 0.36 0.39 0.44 0.49 0.49 0.49 0.52
 0.53 0.53 0.54 0.54 0.55 0.56 0.56 0.59 0.63 0.63 0.67 0.72 0.74 0.75
 0.75 0.76 0.77 0.87 0.89 0.92 0.98 1.13 1.16 1.18 1.19 1.19 1.23 1.28
 1.3  1.35 1.35 1.39 1.39 1.45 1.48 2.06 2.2  2.26 2.29 2.35 2.36 2.57
 2.77 3.32 3.88 4.  ]
var: 0.7914672222222221
| [0m52       [0m | [0m1.118    [0m | [0m0.04949  [0m | [0m16.87    [0m | [0m1.278    [0m |
[ 0.11  0.45  0.65  0.73  1.06  1.11  1.31  1.31  1.33  1.36  1.52  1.95
  2.01  2.03  2.12  2.14  2.21  2.3   2.34  2.35  2.36  2.54  2.56  2.77
  2.77  2.8   2.91  2.93  2.98  3.    3.04  3.09  3.15  3.16  3.2   3.21
  3.26  3.37  3.49  3.5   3.73  3.77  3.8   3.89  4.01  4.06  4.2   4.32
  4.8   4.81  4.96  5.11  5.28  5.36  5.49  5.9   5.97  6.14  6.16 16.19]
var: 4.993666972222221
| [95m53       [0m | [95m3.307    [0m | [95m0.006638 [0m | [95m13.18    [0m | [95m0.4388   [0m |
[0.33 0.52 0.54 0.55 0.58 0.58 0.62 0.75 0.76 0.8  0.83 0.85 0.92 0.94
 1.12 1.2  1.21 1.35 1.36 1.51 1.53 1.56 1.64 1.83 1.85 1.92 1.92 1.98
 2.01 2.02 2.11 2.3  2.31 2.33 2.4  2.41 2.46 2.47 2.5  2.89 2.9  2.98
 3.07 3.15 3.18 3.2  3.35 3.4  3.4  3.54 3.54 3.57 3.78 3.8  4.02 4.27
 4.31 4.91 5.5  6.23]
var: 1.7653178888888905
| [0m54       [0m | [0m2.264    [0m | [0m0.004628 [0m | [0m13.33    [0m | [0m0.3705   [0m |
[0.07 0.08 0.1  0.11 0.12 0.15 0.22 0.24 0.25 0.27 0.28 0.29 0.3  0.31
 0.31 0.33 0.33 0.37 0.4  0.46 0.49 0.5  0.51 0.52 0.59 0.64 0.64 0.71
 0.73 0.79 0.82 0.89 0.9  0.91 0.92 0.93 0.98 1.   1.02 1.03 1.04 1.12
 1.27 1.34 1.37 1.38 1.44 1.45 1.46 1.48 1.52 1.72 1.73 1.74 1.95 2.
 2.14 2.17 2.33 2.37]
var: 0.3983269722222225
| [0m55       [0m | [0m0.8922   [0m | [0m0.03933  [0m | [0m2.217    [0m | [0m2.953    [0m |
[0.2  0.51 0.61 0.72 0.77 0.83 0.87 0.98 1.13 1.27 1.34 1.36 1.42 1.49
 1.53 1.54 1.57 1.58 1.58 1.6  1.62 1.73 1.76 1.78 1.8  1.8  1.95 1.95
 1.97 2.08 2.08 2.12 2.19 2.22 2.25 2.26 2.28 2.31 2.34 2.38 2.4  2.6
 2.62 2.81 2.82 2.93 3.22 3.36 3.46 3.47 3.57 3.93 3.97 4.38 4.41 4.54
 4.9  5.51 5.6  5.93]
var: 1.670572222222222
| [0m56       [0m | [0m2.337    [0m | [0m0.1526   [0m | [0m13.08    [0m | [0m0.49     [0m |
[0.03 0.13 0.16 0.21 0.29 0.3  0.38 0.38 0.49 0.53 0.54 0.61 0.7  0.71
 0.72 0.83 0.84 0.85 0.85 1.   1.01 1.01 1.03 1.08 1.09 1.09 1.13 1.26
 1.29 1.31 1.32 1.37 1.42 1.53 1.61 1.67 1.71 1.75 1.95 1.95 1.97 2.
 2.02 2.06 2.19 2.2  2.21 2.37 2.39 2.4  2.45 2.5  2.65 2.67 2.7  2.97
 2.99 3.62 3.93 4.5 ]
var: 0.9536482222222212
| [0m57       [0m | [0m1.515    [0m | [0m0.2146   [0m | [0m32.01    [0m | [0m0.319    [0m |
[0.   0.04 0.05 0.05 0.07 0.08 0.12 0.14 0.14 0.15 0.18 0.18 0.2  0.2
 0.21 0.24 0.27 0.36 0.38 0.4  0.41 0.43 0.44 0.45 0.46 0.49 0.52 0.58
 0.6  0.62 0.62 0.62 0.63 0.64 0.65 0.69 0.69 0.72 0.75 0.75 0.77 0.78
 0.78 0.82 0.85 0.87 0.95 1.   1.08 1.12 1.16 1.18 1.18 1.19 1.5  1.54
 1.81 1.92 2.18 2.44]
var: 0.2832045555555552
| [0m58       [0m | [0m0.6723   [0m | [0m0.08291  [0m | [0m39.62    [0m | [0m2.263    [0m |
[0.13 0.13 0.27 0.27 0.28 0.32 0.32 0.39 0.39 0.49 0.65 0.69 0.76 0.97
 1.   1.   1.05 1.12 1.14 1.18 1.23 1.34 1.35 1.41 1.43 1.43 1.45 1.45
 1.46 1.49 1.61 1.63 1.73 1.78 1.8  1.84 1.85 1.89 2.01 2.11 2.22 2.27
 2.41 2.55 2.59 2.69 2.92 2.94 3.11 3.14 3.18 3.21 3.37 3.39 3.61 3.68
 4.11]
var: 1.071428501077254
| [0m59       [0m | [0m1.688    [0m | [0m1e-08    [0m | [0m13.12    [0m | [0m0.5108   [0m |
[ 0.13  0.41  0.52  0.64  0.74  1.04  1.08  1.2   1.29  1.29  1.3   1.35
  1.4   1.46  1.49  1.5   1.58  1.65  1.66  1.76  1.77  1.78  1.82  1.96
  1.96  2.14  2.17  2.2   2.23  2.33  2.48  2.52  2.55  2.7   2.72  2.83
  2.85  3.    3.13  3.25  3.25  3.26  3.32  3.53  3.53  3.66  3.68  3.75
  3.8   3.87  4.17  4.75  4.79  5.2   5.31  5.91  6.25  6.68  7.31 11.02]
var: 3.603191555555556
| [0m60       [0m | [0m2.815    [0m | [0m0.001589 [0m | [0m13.22    [0m | [0m0.3291   [0m |
[0.17 0.27 0.37 0.38 0.39 0.77 0.86 0.88 1.09 1.13 1.21 1.22 1.25 1.39
 1.4  1.46 1.46 1.62 1.77 1.79 1.96 2.3  2.35 2.35 2.48 2.51 2.54 2.54
 2.57 2.61 2.63 2.72 2.83 2.9  2.92 2.93 2.95 2.99 3.04 3.07 3.13 3.16
 3.17 3.2  3.29 3.31 3.37 3.42 3.64 3.78 3.89 3.89 3.93 3.95 4.06 4.06
 4.38 4.38 4.52 4.92]
var: 1.4494026666666675
| [0m61       [0m | [0m2.492    [0m | [0m0.04849  [0m | [0m13.27    [0m | [0m0.4592   [0m |
[0.19 0.24 0.34 0.37 0.5  0.55 0.57 0.58 0.61 0.64 0.65 0.66 0.67 0.72
 0.77 0.78 0.82 0.9  0.92 0.92 0.93 0.95 1.03 1.06 1.07 1.13 1.14 1.15
 1.22 1.24 1.29 1.34 1.36 1.4  1.47 1.58 1.59 1.61 1.66 1.74 1.77 1.81
 1.82 1.91 1.92 2.14 2.15 2.22 2.25 2.3  2.66 2.75 3.1  3.13 3.23]
var: 0.5661092892561991
| [0m62       [0m | [0m1.337    [0m | [0m0.1364   [0m | [0m6.291    [0m | [0m1.552    [0m |
[0.08 0.19 0.21 0.36 0.47 0.48 0.52 0.68 0.81 0.83 0.87 0.96 0.97 0.98
 1.01 1.03 1.09 1.11 1.23 1.28 1.38 1.4  1.58 1.6  1.69 1.71 1.72 1.74
 1.79 1.84 1.88 1.94 2.   2.05 2.06 2.07 2.08 2.18 2.21 2.24 2.26 2.33
 2.41 2.41 2.47 2.47 2.49 2.59 2.64 2.67 2.69 2.8  2.81 2.87 2.88 2.92
 2.96 3.13 3.21 4.54]
var: 0.8199469722222226
| [0m63       [0m | [0m1.798    [0m | [0m0.1136   [0m | [0m13.16    [0m | [0m0.3469   [0m |
[0.01 0.01 0.02 0.04 0.04 0.04 0.06 0.06 0.09 0.11 0.11 0.16 0.16 0.17
 0.21 0.21 0.23 0.23 0.29 0.29 0.32 0.34 0.35 0.35 0.36 0.39 0.4  0.4
 0.42 0.42 0.43 0.45 0.46 0.47 0.49 0.51 0.52 0.53 0.55 0.58 0.59 0.6
 0.63 0.65 0.68 0.7  0.74 0.77 0.8  0.84 0.86 0.91 0.97 0.97 1.3  1.35
 1.38 1.81 2.23 3.1 ]
var: 0.2963328888888894
| [0m64       [0m | [0m0.5527   [0m | [0m0.0653   [0m | [0m33.65    [0m | [0m1.768    [0m |
[0.22 0.27 0.71 0.76 0.78 0.9  0.98 1.13 1.18 1.32 1.33 1.36 1.37 1.41
 1.6  1.76 1.85 1.91 1.96 1.97 2.01 2.01 2.06 2.08 2.15 2.4  2.47 2.48
 2.49 2.5  2.56 2.62 2.82 2.83 2.84 2.87 2.91 2.92 2.95 3.   3.01 3.07
 3.07 3.21 3.31 3.48 3.51 3.76 3.77 3.79 3.95 4.02 4.19 4.69 4.99 5.22
 5.42 5.56 6.34]
var: 1.7935033036483772
| [0m65       [0m | [0m2.612    [0m | [0m0.1902   [0m | [0m12.97    [0m | [0m0.5965   [0m |
[0.02 0.36 0.37 0.41 0.45 0.45 0.48 0.54 0.55 0.61 0.66 0.7  0.7  0.73
 0.74 0.74 0.74 0.74 0.76 0.78 0.8  0.8  0.82 0.89 0.91 0.92 0.93 0.93
 0.97 1.   1.02 1.05 1.08 1.08 1.13 1.16 1.2  1.22 1.23 1.31 1.33 1.36
 1.39 1.39 1.41 1.43 1.45 1.5  1.58 1.61 1.68 1.68 1.68 1.69 1.77 1.88
 1.93 2.19 2.33 3.19]
var: 0.30311208333333234
| [0m66       [0m | [0m1.108    [0m | [0m0.04915  [0m | [0m33.85    [0m | [0m0.03536  [0m |
[0.46 0.53 0.8  1.02 1.13 1.27 1.28 1.32 1.36 1.46 1.67 1.73 1.87 1.91
 1.94 1.94 1.96 1.96 1.96 1.97 1.98 2.02 2.05 2.08 2.23 2.28 2.37 2.39
 2.42 2.45 2.47 2.63 2.71 2.72 2.74 2.75 2.77 2.77 2.82 3.   3.03 3.23
 3.32 3.42 3.42 3.51 3.66 4.   4.04 4.13 4.24 4.26 4.28 4.42 4.48 4.49
 5.1  6.03 6.39]
var: 1.5811053720195343
| [0m67       [0m | [0m2.689    [0m | [0m0.01416  [0m | [0m13.22    [0m | [0m0.4423   [0m |
[0.04 0.11 0.12 0.12 0.14 0.17 0.18 0.2  0.21 0.22 0.26 0.27 0.3  0.31
 0.35 0.36 0.42 0.44 0.45 0.45 0.48 0.48 0.5  0.56 0.59 0.64 0.66 0.67
 0.69 0.73 0.74 0.75 0.76 0.82 0.82 0.85 0.88 1.12 1.21 1.27 1.29 1.39
 1.41 1.49 1.51 1.57 1.61 1.62 1.71 1.75 1.82 1.95 1.97 1.99 2.   2.02
 2.07 2.63 2.99 3.58]
var: 0.6074227499999998
| [0m68       [0m | [0m0.9785   [0m | [0m0.1935   [0m | [0m23.56    [0m | [0m1.137    [0m |
[0.01 0.04 0.04 0.05 0.09 0.09 0.11 0.15 0.18 0.2  0.28 0.35 0.36 0.36
 0.36 0.36 0.39 0.39 0.41 0.43 0.44 0.46 0.46 0.49 0.49 0.51 0.51 0.54
 0.54 0.6  0.63 0.66 0.66 0.71 0.74 0.79 0.8  0.8  0.82 0.96 1.   1.05
 1.05 1.06 1.09 1.12 1.14 1.27 1.28 1.32 1.42 1.8  1.84 1.88 2.19 2.7
 3.02 3.41 3.51 4.27]
var: 0.8113415555555564
| [0m69       [0m | [0m0.9113   [0m | [0m0.1177   [0m | [0m31.41    [0m | [0m1.718    [0m |
[0.04 0.08 0.1  0.24 0.24 0.25 0.25 0.25 0.26 0.29 0.44 0.46 0.52 0.54
 0.57 0.63 0.65 0.7  0.77 0.83 0.84 0.88 0.9  1.01 1.05 1.07 1.08 1.09
 1.15 1.18 1.26 1.35 1.4  1.42 1.49 1.51 1.53 1.57 1.69 1.78 1.78 1.8
 1.81 1.92 2.13 2.16 2.17 2.18 2.4  2.41 2.54 2.57 2.61 2.84 2.91 2.93
 3.36 3.54 3.64 7.29]
var: 1.4401520833333334
| [0m70       [0m | [0m1.473    [0m | [0m0.04     [0m | [0m43.57    [0m | [0m0.7745   [0m |
[0.22 0.23 0.51 0.68 0.94 0.94 1.15 1.19 1.66 1.77 1.78 1.81 1.94 1.95
 2.   2.11 2.16 2.2  2.24 2.24 2.27 2.41 2.47 2.47 2.48 2.48 2.53 2.58
 2.58 2.69 2.73 2.73 2.74 2.79 2.88 2.89 2.91 2.92 2.93 3.04 3.13 3.23
 3.27 3.48 3.52 3.58 3.67 3.77 3.77 4.45 4.64 4.66 4.76 5.15 5.49 6.25
 6.35]
var: 1.7542626654355193
| [0m71       [0m | [0m2.744    [0m | [0m0.1971   [0m | [0m13.17    [0m | [0m0.5402   [0m |
[0.04 0.38 0.41 0.43 0.75 0.87 0.98 1.02 1.07 1.22 1.25 1.28 1.29 1.34
 1.43 1.48 1.51 1.56 1.57 1.79 1.94 1.94 1.96 2.03 2.03 2.05 2.15 2.16
 2.16 2.18 2.19 2.32 2.34 2.56 2.58 2.59 2.61 2.64 2.86 2.86 2.99 3.18
 3.25 3.28 3.33 3.35 3.39 3.45 3.52 3.7  3.77 4.02 4.03 4.08 4.12 4.25
 4.37 4.4  4.95 5.41]
var: 1.4978823333333333
| [0m72       [0m | [0m2.411    [0m | [0m0.03256  [0m | [0m13.2     [0m | [0m0.3904   [0m |
[0.06 0.17 0.22 0.35 0.37 0.39 0.42 0.43 0.44 0.46 0.49 0.63 0.67 0.67
 0.68 0.68 0.69 0.73 0.74 0.79 0.8  0.83 0.9  0.93 1.01 1.05 1.16 1.18
 1.2  1.23 1.25 1.3  1.3  1.31 1.32 1.34 1.34 1.48 1.5  1.53 1.62 1.63
 1.65 1.72 1.75 1.8  1.95 1.98 1.99 1.99 2.09 2.15 2.23 2.31 2.46 2.59
 2.63 2.73 2.86 3.06]
var: 0.5493703055555563
| [0m73       [0m | [0m1.287    [0m | [0m0.2306   [0m | [0m37.49    [0m | [0m0.3936   [0m |
[0.5  0.6  0.66 0.89 1.15 1.17 1.19 1.2  1.34 1.39 1.44 1.48 1.5  1.53
 1.61 1.68 1.69 1.71 1.77 1.82 1.86 1.89 1.89 2.   2.15 2.35 2.37 2.42
 2.45 2.48 2.6  2.64 2.68 2.71 2.74 2.75 2.78 2.85 2.9  3.04 3.21 3.25
 3.31 3.33 3.39 3.53 3.67 3.95 3.99 4.06 4.08 4.25 4.38 4.44 4.61 4.64
 5.07 5.12 6.02 6.72]
var: 1.823856083333333
| [0m74       [0m | [0m2.682    [0m | [0m0.07498  [0m | [0m13.19    [0m | [0m0.483    [0m |
[0.35 0.79 0.82 0.97 1.01 1.03 1.08 1.13 1.14 1.25 1.28 1.28 1.39 1.44
 1.53 1.65 1.86 1.95 1.99 2.01 2.02 2.03 2.09 2.11 2.28 2.33 2.38 2.4
 2.44 2.47 2.48 2.52 2.54 2.63 2.7  2.76 2.76 2.77 2.82 2.9  2.93 3.11
 3.19 3.25 3.33 3.39 3.4  3.55 3.63 3.86 4.06 4.27 4.3  4.49 4.71 4.95
 5.34 5.77 7.22 8.09]
var: 2.2596165555555574
| [0m75       [0m | [0m2.704    [0m | [0m0.1597   [0m | [0m13.25    [0m | [0m0.7143   [0m |
[0.1  0.6  0.78 0.97 0.97 1.04 1.13 1.45 1.49 1.56 1.57 1.59 1.65 1.69
 1.8  1.86 1.87 1.88 2.07 2.08 2.19 2.25 2.26 2.3  2.3  2.3  2.36 2.38
 2.5  2.53 2.55 2.58 2.62 2.65 2.72 2.95 2.99 3.03 3.14 3.28 3.3  3.37
 3.4  3.55 3.61 3.62 3.93 4.05 4.05 4.11 4.39 4.45 4.46 4.49 4.6  4.63
 4.8  4.8  5.07 5.49]
var: 1.5578488888888897
| [0m76       [0m | [0m2.737    [0m | [0m0.07502  [0m | [0m13.03    [0m | [0m0.7246   [0m |
[0.4  0.51 0.51 0.69 0.93 0.94 1.   1.03 1.47 1.55 1.63 1.64 1.64 1.65
 1.67 1.72 1.75 1.81 1.81 1.91 1.92 1.96 1.97 2.   2.05 2.09 2.17 2.18
 2.21 2.22 2.32 2.43 2.45 2.57 2.63 2.64 2.74 2.75 2.75 2.92 2.94 2.96
 3.04 3.08 3.09 3.27 3.33 3.4  3.43 3.47 3.54 3.75 3.81 3.99 4.33 4.42
 4.97 6.68]
var: 1.3361162009512488
| [0m77       [0m | [0m2.426    [0m | [0m0.1763   [0m | [0m13.07    [0m | [0m0.5332   [0m |
[0.   0.   0.   0.   0.   0.   0.   0.   0.   0.   0.   0.   0.   0.
 0.   0.   0.   0.   0.   0.   0.   0.   0.   0.   0.   0.   0.   0.
 0.01 0.01 0.01 0.01 0.01 0.01 0.01 0.01 0.01 0.01 0.02 0.02 0.02 0.02
 0.03 0.03 0.04 0.04 0.04 0.04 0.06 0.07 0.07 0.08 0.09 0.09 0.11 0.11
 0.13 0.21 0.24 0.35]
var: 0.004079416666666728
| [0m78       [0m | [0m0.0335   [0m | [0m0.2885   [0m | [0m16.08    [0m | [0m0.002124 [0m |
[0.01 0.03 0.09 0.12 0.12 0.15 0.15 0.23 0.23 0.24 0.24 0.24 0.29 0.34
 0.35 0.37 0.39 0.4  0.46 0.48 0.49 0.54 0.55 0.56 0.58 0.6  0.63 0.64
 0.64 0.67 0.69 0.7  0.7  0.77 0.81 0.89 0.93 0.94 0.96 0.97 1.   1.01
 1.03 1.11 1.12 1.18 1.2  1.41 1.42 1.57 1.58 1.61 2.01 2.41 2.41 3.84
 4.68]
var: 0.7189415204678367
| [0m79       [0m | [0m0.8733   [0m | [0m0.1455   [0m | [0m26.61    [0m | [0m1.534    [0m |
[0.45 0.7  1.04 1.14 1.16 1.2  1.21 1.31 1.37 1.4  1.43 1.43 1.49 1.5
 1.5  1.5  1.53 1.54 1.68 1.82 1.82 1.96 2.01 2.02 2.02 2.05 2.1  2.13
 2.27 2.29 2.34 2.39 2.56 2.58 2.7  2.7  2.8  2.81 2.9  3.11 3.17 3.28
 3.3  3.34 3.41 3.43 3.63 3.66 3.71 3.76 3.79 4.15 4.32 4.44 4.73 5.02
 5.22 5.49 6.02 7.32]
var: 1.9300454166666667
| [0m80       [0m | [0m2.653    [0m | [0m0.08173  [0m | [0m13.12    [0m | [0m0.6929   [0m |
=============================================================
None
num_trials:  40  inits,  40  iters,  60  per
rho:  5
pthin:  0.995

Best VPT: 3.3071666666666686
Best result: {'a': 0.0066382903418388435, 'g': 13.178421063228202, 's': 0.4388487682641181}

KERNEL: nu=1.5, lengthscale=2.0, alpha=0.0005
