|   iter    |  target   |     a     |     g     |     s     |
-------------------------------------------------------------
[0.01 0.05 0.1  0.2  0.21 0.24 0.33 0.36 0.41 0.41 0.42 0.43 0.51 0.52
 0.62 0.65 0.69 0.72 0.73 0.75 0.77 0.78 0.8  0.87 0.9  0.9  0.98 1.01
 1.09 1.13 1.19 1.19 1.21 1.27 1.29 1.32 1.34 1.37 1.47 1.52 1.57 1.59
 1.64 1.65 1.67 1.71 1.75 1.76 1.79 1.84 1.96 2.02 2.03 2.14 2.18 2.3
 2.88 3.2  3.37 3.47]
var: 0.6434415555555554
| [0m1        [0m | [0m1.221    [0m | [0m0.1727   [0m | [0m35.28    [0m | [0m1.622    [0m |
[0.   0.02 0.02 0.03 0.05 0.07 0.21 0.21 0.22 0.22 0.24 0.3  0.32 0.44
 0.54 0.58 0.59 0.6  0.63 0.65 0.67 0.68 0.72 0.72 0.74 0.75 0.75 0.76
 0.88 0.92 1.06 1.08 1.09 1.13 1.15 1.17 1.25 1.28 1.31 1.36 1.43 1.57
 1.68 1.71 1.75 1.77 1.85 1.95 1.96 2.06 2.07 2.11 2.41 2.56 2.62 2.65
 2.69 2.76 3.06 3.39]
var: 0.7478445555555553
| [0m2        [0m | [0m1.158    [0m | [0m0.006704 [0m | [0m37.18    [0m | [0m2.572    [0m |
[0.04 0.04 0.08 0.09 0.12 0.23 0.24 0.31 0.35 0.39 0.57 0.67 0.67 0.69
 0.71 0.76 0.79 0.79 0.81 0.95 0.96 0.98 0.98 1.1  1.12 1.13 1.13 1.16
 1.17 1.19 1.22 1.25 1.29 1.29 1.3  1.33 1.37 1.43 1.44 1.45 1.69 1.77
 1.8  1.8  1.84 1.87 1.88 1.89 1.93 1.94 1.95 2.04 2.11 2.15 2.26 2.27
 2.34 2.64 2.8  3.1 ]
var: 0.5293556666666669
| [95m3        [0m | [95m1.261    [0m | [95m0.02614  [0m | [95m27.27    [0m | [95m1.876    [0m |
[0.68 0.7  0.91 0.92 0.92 0.93 0.96 0.97 1.   1.04 1.06 1.12 1.12 1.13
 1.25 1.28 1.28 1.38 1.44 1.47 1.54 1.55 1.55 1.56 1.56 1.64 1.64 1.7
 1.77 1.84 1.9  1.93 1.94 2.07 2.07 2.11 2.13 2.23 2.25 2.26 2.3  2.3
 2.46 2.46 2.51 2.52 2.52 2.53 2.58 2.59 2.6  2.82 2.92 3.16 3.45 3.51
 3.6  3.84 4.4  4.47]
var: 0.7889778888888889
| [95m4        [0m | [95m1.972    [0m | [95m0.1896   [0m | [95m18.81    [0m | [95m0.05635  [0m |
[0.   0.08 0.09 0.1  0.11 0.11 0.13 0.13 0.17 0.19 0.25 0.28 0.29 0.31
 0.32 0.33 0.35 0.37 0.44 0.45 0.47 0.49 0.53 0.54 0.54 0.58 0.58 0.59
 0.62 0.64 0.64 0.69 0.7  0.77 0.8  0.92 0.95 0.97 1.   1.01 1.04 1.11
 1.12 1.16 1.18 1.21 1.22 1.25 1.29 1.3  1.35 1.42 1.43 1.48 1.56 1.62
 1.62 1.74 1.77 2.05]
var: 0.26881097222222256
| [0m5        [0m | [0m0.7742   [0m | [0m0.2448   [0m | [0m49.85    [0m | [0m1.2      [0m |
[0.   0.   0.06 0.08 0.11 0.13 0.18 0.18 0.21 0.21 0.26 0.28 0.3  0.44
 0.45 0.47 0.49 0.51 0.51 0.52 0.52 0.54 0.57 0.61 0.61 0.62 0.63 0.65
 0.65 0.69 0.72 0.81 0.82 0.86 0.89 0.91 0.93 0.93 0.94 0.96 1.   1.02
 1.06 1.09 1.09 1.1  1.1  1.14 1.17 1.24 1.26 1.28 1.29 1.3  1.44 1.49
 1.68 1.69 2.08 2.3 ]
var: 0.24932475000000018
| [0m6        [0m | [0m0.7845   [0m | [0m0.1004   [0m | [0m44.0     [0m | [0m2.362    [0m |
[0.03 0.09 0.11 0.21 0.23 0.26 0.36 0.46 0.5  0.5  0.54 0.55 0.55 0.55
 0.55 0.56 0.59 0.62 0.68 0.69 0.7  0.73 0.75 0.75 0.76 0.77 0.77 0.79
 0.81 0.82 0.87 0.9  0.92 0.92 0.93 0.94 0.94 1.   1.04 1.06 1.08 1.13
 1.22 1.26 1.27 1.29 1.33 1.34 1.36 1.39 1.43 1.57 1.61 1.63 1.86 2.03
 2.19 2.19 2.2  2.21]
var: 0.2896427499999996
| [0m7        [0m | [0m0.9565   [0m | [0m0.2747   [0m | [0m27.73    [0m | [0m2.613    [0m |
[0.08 0.13 0.23 0.23 0.32 0.36 0.39 0.41 0.45 0.48 0.51 0.57 0.6  0.61
 0.61 0.62 0.65 0.65 0.67 0.69 0.72 0.77 0.78 0.79 0.86 0.87 0.89 0.89
 0.89 0.9  0.93 0.93 0.96 0.99 1.02 1.06 1.08 1.1  1.1  1.11 1.21 1.24
 1.31 1.34 1.4  1.63 1.69 1.69 1.72 1.79 1.85 1.9  1.94 1.98 2.07 2.31
 2.58 2.72 3.07 4.57]
var: 0.6240449722222218
| [0m8        [0m | [0m1.132    [0m | [0m0.1585   [0m | [0m46.32    [0m | [0m0.7827   [0m |
[0.35 0.36 0.38 0.4  0.49 0.6  0.63 0.73 0.76 0.85 0.86 0.86 0.89 0.92
 0.92 0.94 0.98 0.98 0.99 1.01 1.02 1.02 1.06 1.07 1.08 1.09 1.16 1.21
 1.21 1.21 1.25 1.3  1.32 1.4  1.4  1.42 1.43 1.45 1.47 1.5  1.51 1.51
 1.52 1.6  1.63 1.64 1.68 1.8  1.85 1.88 1.99 2.07 2.11 2.15 2.28 2.37
 2.49 2.92 3.11 3.15]
var: 0.4061169722222219
| [0m9        [0m | [0m1.354    [0m | [0m0.1634   [0m | [0m34.46    [0m | [0m0.02101  [0m |
[0.19 0.24 0.26 0.3  0.32 0.36 0.41 0.45 0.56 0.65 0.65 0.67 0.67 0.69
 0.7  0.71 0.71 0.72 0.83 0.9  0.9  0.91 0.93 0.93 0.96 1.   1.02 1.03
 1.05 1.16 1.2  1.2  1.23 1.3  1.36 1.39 1.41 1.44 1.51 1.62 1.63 1.63
 1.66 1.69 1.7  1.73 1.81 1.82 2.   2.01 2.04 2.05 2.22 2.3  2.55 2.71
 2.71 2.8  2.82 3.15]
var: 0.5368603055555558
| [0m10       [0m | [0m1.293    [0m | [0m0.2771   [0m | [0m33.92    [0m | [0m0.4081   [0m |
[0.01 0.01 0.04 0.18 0.2  0.21 0.29 0.32 0.33 0.33 0.35 0.36 0.45 0.46
 0.48 0.53 0.58 0.6  0.6  0.66 0.68 0.7  0.76 0.87 0.9  1.07 1.1  1.11
 1.14 1.17 1.22 1.23 1.28 1.41 1.42 1.48 1.5  1.52 1.55 1.59 1.6  1.74
 1.75 1.81 1.94 2.05 2.06 2.1  2.15 2.17 2.19 2.21 2.27 2.34 2.41 2.5
 2.57 2.91 3.18 4.12]
var: 0.784539555555556
| [0m11       [0m | [0m1.279    [0m | [0m0.1453   [0m | [0m4.91     [0m | [0m1.353    [0m |
[0.   0.   0.02 0.03 0.05 0.05 0.07 0.09 0.13 0.19 0.22 0.28 0.39 0.4
 0.42 0.45 0.61 0.62 0.64 0.65 0.7  0.72 0.82 0.86 0.87 0.87 0.91 0.91
 0.91 0.92 0.93 0.94 0.94 0.95 0.95 0.96 1.   1.   1.04 1.05 1.07 1.13
 1.16 1.16 1.23 1.24 1.3  1.43 1.45 1.58 1.61 1.62 1.65 1.65 1.89 1.91
 2.03 2.13 2.21 3.05]
var: 0.40218455555555566
| [0m12       [0m | [0m0.9343   [0m | [0m0.04824  [0m | [0m43.34    [0m | [0m2.428    [0m |
[0.01 0.03 0.03 0.04 0.05 0.09 0.12 0.12 0.15 0.15 0.28 0.28 0.32 0.34
 0.42 0.43 0.45 0.45 0.46 0.49 0.5  0.5  0.61 0.63 0.67 0.68 0.68 0.7
 0.71 0.72 0.79 0.82 0.86 0.87 0.89 0.92 0.95 0.96 0.97 1.   1.01 1.11
 1.13 1.15 1.15 1.18 1.2  1.31 1.31 1.34 1.47 1.66 1.78 1.8  2.02 2.2
 2.22 2.63 2.67 3.13]
var: 0.4897094166666673
| [0m13       [0m | [0m0.8935   [0m | [0m0.2029   [0m | [0m47.19    [0m | [0m1.98     [0m |
[0.01 0.05 0.05 0.1  0.13 0.14 0.16 0.19 0.25 0.25 0.27 0.3  0.32 0.32
 0.33 0.42 0.46 0.47 0.55 0.64 0.65 0.72 0.74 0.76 0.79 0.81 0.81 0.82
 0.83 0.87 0.88 0.9  0.94 0.95 0.98 0.98 1.12 1.13 1.14 1.14 1.16 1.17
 1.18 1.19 1.3  1.33 1.45 1.45 1.46 1.46 1.48 1.57 1.63 1.63 1.76 1.86
 1.89 1.97 1.97 2.39]
var: 0.3297869722222221
| [0m14       [0m | [0m0.9112   [0m | [0m0.01792  [0m | [0m34.18    [0m | [0m2.755    [0m |
[0.   0.01 0.03 0.11 0.13 0.19 0.21 0.25 0.31 0.32 0.33 0.38 0.4  0.42
 0.48 0.49 0.49 0.53 0.54 0.55 0.61 0.62 0.62 0.63 0.64 0.64 0.65 0.66
 0.67 0.7  0.7  0.7  0.72 0.77 0.79 0.84 0.88 0.96 0.97 0.97 1.   1.
 1.01 1.04 1.07 1.1  1.1  1.11 1.12 1.13 1.14 1.15 1.21 1.28 1.33 1.33
 1.74 1.79 2.05 2.68]
var: 0.24559830555555556
| [0m15       [0m | [0m0.7882   [0m | [0m0.08135  [0m | [0m31.27    [0m | [0m2.895    [0m |
[0.   0.08 0.14 0.31 0.36 0.47 0.48 0.55 0.6  0.66 0.75 0.75 0.75 0.78
 0.89 0.9  0.94 0.95 0.97 0.99 1.02 1.13 1.15 1.17 1.2  1.23 1.27 1.3
 1.34 1.34 1.41 1.45 1.52 1.6  1.61 1.68 1.69 1.74 1.75 1.77 1.81 1.84
 1.85 1.94 2.   2.06 2.07 2.12 2.15 2.16 2.28 2.29 2.31 2.41 2.42 2.46
 2.61 2.75 2.88 3.48]
var: 0.5702410000000003
| [0m16       [0m | [0m1.443    [0m | [0m0.003567 [0m | [0m40.29    [0m | [0m1.664    [0m |
[0.   0.05 0.05 0.05 0.09 0.1  0.14 0.16 0.18 0.19 0.27 0.29 0.32 0.37
 0.46 0.48 0.52 0.56 0.58 0.62 0.66 0.73 0.73 0.74 0.78 0.8  0.83 0.9
 0.95 1.13 1.21 1.22 1.25 1.26 1.3  1.32 1.34 1.46 1.52 1.56 1.64 1.68
 1.69 1.69 1.77 1.78 1.78 1.79 1.8  1.81 1.87 1.89 1.95 2.05 2.07 2.09
 2.16 2.26 3.53 3.98]
var: 0.6931643055555555
| [0m17       [0m | [0m1.141    [0m | [0m0.1616   [0m | [0m45.78    [0m | [0m0.7851   [0m |
[0.   0.16 0.19 0.32 0.39 0.41 0.51 0.52 0.57 0.67 0.73 0.75 0.76 0.82
 0.82 0.89 0.89 0.91 0.97 1.01 1.08 1.08 1.15 1.19 1.28 1.32 1.43 1.48
 1.49 1.54 1.55 1.56 1.61 1.61 1.69 1.75 1.77 1.79 1.87 1.88 1.89 1.92
 1.95 2.05 2.06 2.15 2.22 2.22 2.44 2.45 2.45 2.48 2.57 2.61 2.65 2.69
 3.3  3.52 4.1  4.15]
var: 0.8450782222222225
| [0m18       [0m | [0m1.571    [0m | [0m0.02286  [0m | [0m42.03    [0m | [0m0.9095   [0m |
[0.01 0.03 0.04 0.05 0.05 0.06 0.07 0.15 0.19 0.36 0.4  0.45 0.45 0.5
 0.52 0.67 0.68 0.73 0.74 0.74 0.75 0.8  0.8  0.81 0.82 0.86 0.89 0.93
 0.94 0.97 1.   1.01 1.07 1.07 1.09 1.11 1.2  1.21 1.23 1.31 1.32 1.32
 1.37 1.38 1.42 1.44 1.46 1.48 1.5  1.54 1.57 1.62 1.67 1.78 1.81 1.87
 1.89 1.92 2.03 2.45]
var: 0.33971555555555555
| [0m19       [0m | [0m0.9933   [0m | [0m0.1887   [0m | [0m18.44    [0m | [0m2.921    [0m |
[0.01 0.07 0.08 0.08 0.09 0.09 0.17 0.21 0.23 0.24 0.24 0.28 0.29 0.32
 0.35 0.37 0.4  0.42 0.5  0.52 0.57 0.6  0.62 0.68 0.71 0.8  0.83 0.93
 1.06 1.08 1.09 1.09 1.09 1.15 1.2  1.26 1.3  1.31 1.33 1.36 1.38 1.41
 1.45 1.45 1.47 1.48 1.61 1.7  1.71 1.71 1.85 1.87 1.97 2.07 2.19 2.19
 2.5  2.57 2.62 3.51]
var: 0.5986469722222215
| [0m20       [0m | [0m1.062    [0m | [0m0.2058   [0m | [0m31.61    [0m | [0m0.8325   [0m |
[0.   0.   0.01 0.01 0.03 0.11 0.2  0.21 0.23 0.3  0.31 0.31 0.32 0.33
 0.34 0.38 0.4  0.42 0.44 0.47 0.51 0.54 0.54 0.55 0.57 0.58 0.59 0.6
 0.65 0.68 0.71 0.73 0.73 0.74 0.79 0.94 0.98 0.98 0.98 0.99 1.01 1.03
 1.07 1.07 1.09 1.1  1.1  1.12 1.12 1.17 1.18 1.18 1.19 1.21 1.24 1.26
 1.28 1.54 2.3  2.42]
var: 0.24623600000000018
| [0m21       [0m | [0m0.748    [0m | [0m0.1955   [0m | [0m34.83    [0m | [0m2.132    [0m |
[0.03 0.04 0.09 0.19 0.2  0.22 0.25 0.32 0.34 0.38 0.47 0.54 0.6  0.6
 0.89 0.95 0.95 1.01 1.01 1.06 1.07 1.1  1.2  1.2  1.21 1.22 1.24 1.28
 1.33 1.36 1.49 1.55 1.59 1.66 1.67 1.72 1.75 1.81 1.82 1.85 1.86 1.91
 2.03 2.18 2.3  2.32 2.5  2.52 2.55 2.62 2.71 2.75 2.76 3.   3.08 3.14
 3.28 4.02 4.23 4.38]
var: 1.1177233333333338
| [0m22       [0m | [0m1.59     [0m | [0m0.006878 [0m | [0m43.61    [0m | [0m1.044    [0m |
[0.04 0.06 0.07 0.07 0.12 0.15 0.16 0.19 0.24 0.35 0.36 0.4  0.41 0.46
 0.46 0.5  0.54 0.57 0.57 0.58 0.59 0.64 0.67 0.69 0.7  0.76 0.77 0.8
 0.83 0.83 0.85 0.89 0.9  0.96 1.03 1.09 1.09 1.1  1.13 1.14 1.17 1.22
 1.23 1.24 1.24 1.34 1.36 1.39 1.44 1.5  1.55 1.66 1.68 1.74 1.81 1.83
 2.45 2.64 2.84 3.86]
var: 0.5255254166666672
| [0m23       [0m | [0m0.9825   [0m | [0m0.2396   [0m | [0m2.064    [0m | [0m1.519    [0m |
[0.03 0.06 0.24 0.42 0.59 0.62 0.64 0.82 0.89 0.91 0.94 0.96 0.98 1.03
 1.05 1.05 1.08 1.14 1.21 1.27 1.27 1.36 1.41 1.42 1.45 1.46 1.47 1.47
 1.48 1.55 1.55 1.65 1.69 1.71 1.73 1.82 1.84 1.85 1.89 1.93 1.96 1.97
 2.02 2.04 2.06 2.07 2.31 2.31 2.37 2.39 2.54 2.66 2.67 2.85 3.23 3.47
 3.65 3.68 3.83 4.25]
var: 0.8372812222222215
| [0m24       [0m | [0m1.704    [0m | [0m0.07114  [0m | [0m44.31    [0m | [0m0.2203   [0m |
[0.01 0.01 0.01 0.02 0.07 0.1  0.2  0.2  0.2  0.21 0.22 0.27 0.3  0.32
 0.34 0.38 0.38 0.38 0.44 0.45 0.48 0.48 0.5  0.61 0.62 0.64 0.66 0.7
 0.74 0.82 0.86 0.88 0.89 0.9  0.9  0.98 0.99 1.01 1.02 1.03 1.17 1.17
 1.22 1.24 1.3  1.33 1.33 1.35 1.42 1.44 1.5  1.5  1.59 1.6  1.64 2.07
 2.09 2.12 2.24 2.73]
var: 0.39521030555555564
| [0m25       [0m | [0m0.8712   [0m | [0m0.09769  [0m | [0m48.96    [0m | [0m2.029    [0m |
[0.01 0.1  0.11 0.11 0.12 0.16 0.19 0.32 0.34 0.37 0.44 0.45 0.49 0.52
 0.6  0.62 0.65 0.65 0.65 0.68 0.69 0.69 0.72 0.77 0.78 0.87 0.88 0.92
 0.93 0.96 1.   1.03 1.03 1.06 1.08 1.08 1.1  1.1  1.14 1.2  1.25 1.33
 1.33 1.33 1.35 1.48 1.5  1.6  1.66 1.69 1.71 2.01 2.03 2.03 2.22 2.33
 2.54 2.65 2.87 3.61]
var: 0.5555280833333333
| [0m26       [0m | [0m1.085    [0m | [0m0.2194   [0m | [0m27.36    [0m | [0m1.332    [0m |
[0.08 0.08 0.13 0.17 0.17 0.26 0.35 0.43 0.53 0.57 0.57 0.59 0.66 0.69
 0.69 0.78 0.81 0.86 0.89 0.92 1.03 1.04 1.04 1.12 1.12 1.18 1.35 1.35
 1.4  1.4  1.42 1.42 1.44 1.48 1.53 1.63 1.65 1.76 1.85 1.91 1.94 2.07
 2.08 2.08 2.12 2.14 2.16 2.32 2.34 2.44 2.45 2.49 2.73 2.77 2.8  2.98
 3.13 3.3  3.47 4.46]
var: 0.9116932222222232
| [0m27       [0m | [0m1.51     [0m | [0m0.06269  [0m | [0m17.62    [0m | [0m1.456    [0m |
[0.   0.1  0.15 0.23 0.24 0.27 0.31 0.33 0.45 0.49 0.53 0.6  0.64 0.65
 0.66 0.66 0.68 0.68 0.7  0.71 0.71 0.71 0.73 0.73 0.73 0.8  0.81 0.82
 0.83 0.86 0.95 0.95 0.97 1.   1.03 1.04 1.08 1.08 1.16 1.23 1.24 1.31
 1.33 1.34 1.4  1.45 1.54 1.63 1.67 1.71 1.76 1.81 1.85 2.02 2.04 2.11
 2.11 2.4  2.87 3.28]
var: 0.4483380833333327
| [0m28       [0m | [0m1.07     [0m | [0m0.2437   [0m | [0m5.215    [0m | [0m2.2      [0m |
[0.01 0.07 0.13 0.14 0.15 0.15 0.16 0.19 0.19 0.23 0.24 0.25 0.31 0.34
 0.34 0.35 0.36 0.43 0.55 0.56 0.63 0.64 0.64 0.66 0.67 0.68 0.7  0.72
 0.75 0.76 0.8  0.81 0.84 0.84 0.86 0.87 0.9  0.91 0.93 0.97 0.98 0.99
 0.99 1.1  1.18 1.21 1.21 1.26 1.36 1.4  1.5  1.63 1.64 1.65 1.68 2.
 2.06 2.24 2.31 3.11]
var: 0.3981647499999999
| [0m29       [0m | [0m0.8705   [0m | [0m0.2493   [0m | [0m4.471    [0m | [0m2.231    [0m |
[0.16 0.2  0.28 0.45 0.49 0.6  0.63 0.72 0.75 0.82 0.84 0.84 0.86 0.87
 0.94 1.06 1.07 1.22 1.3  1.44 1.45 1.48 1.49 1.53 1.64 1.64 1.64 1.67
 1.68 1.73 1.83 1.83 1.89 1.93 1.98 2.03 2.11 2.23 2.24 2.28 2.41 2.42
 2.52 2.52 2.6  2.8  2.82 2.85 2.87 2.96 3.12 3.12 3.33 3.35 3.6  3.97
 3.99 4.28 4.63 6.35]
var: 1.4450820833333329
| [95m30       [0m | [95m1.973    [0m | [95m0.06361  [0m | [95m6.896    [0m | [95m0.6313   [0m |
[0.03 0.04 0.14 0.18 0.25 0.26 0.29 0.32 0.44 0.61 0.61 0.65 0.71 0.74
 0.78 0.8  0.81 0.82 0.84 0.93 0.93 0.95 1.02 1.03 1.03 1.09 1.12 1.14
 1.15 1.16 1.17 1.21 1.26 1.28 1.34 1.34 1.35 1.37 1.46 1.51 1.51 1.56
 1.59 1.62 1.65 1.68 1.71 1.75 1.88 1.9  1.96 1.97 2.01 2.04 2.12 2.13
 2.65 3.06 3.12 3.31]
var: 0.5317232222222221
| [0m31       [0m | [0m1.256    [0m | [0m0.0817   [0m | [0m35.56    [0m | [0m1.002    [0m |
[0.01 0.01 0.04 0.07 0.1  0.11 0.16 0.3  0.31 0.34 0.34 0.37 0.38 0.43
 0.49 0.49 0.53 0.57 0.59 0.59 0.66 0.69 0.78 0.79 0.82 0.82 0.82 0.86
 0.88 0.88 0.89 0.91 0.99 1.06 1.07 1.12 1.13 1.13 1.13 1.18 1.19 1.19
 1.2  1.27 1.28 1.31 1.36 1.42 1.44 1.46 1.51 1.54 1.66 1.71 1.77 1.82
 1.93 2.07 3.5  4.88]
var: 0.6329309722222223
| [0m32       [0m | [0m1.006    [0m | [0m0.256    [0m | [0m39.57    [0m | [0m1.234    [0m |
[0.11 0.24 0.25 0.46 0.54 0.75 0.78 0.81 0.9  0.91 0.96 0.97 1.03 1.07
 1.11 1.12 1.22 1.27 1.33 1.34 1.46 1.57 1.63 1.68 1.7  1.75 1.76 1.88
 1.96 2.03 2.07 2.09 2.13 2.14 2.14 2.17 2.21 2.26 2.28 2.3  2.48 2.59
 2.59 2.63 2.67 2.75 2.91 2.93 2.94 3.11 3.18 3.21 3.3  3.42 3.49 3.69
 3.82 3.85 4.09 4.17]
var: 1.0592655555555563
| [95m33       [0m | [95m2.003    [0m | [95m0.1747   [0m | [95m3.603    [0m | [95m0.3476   [0m |
[0.   0.02 0.04 0.04 0.05 0.06 0.09 0.12 0.14 0.17 0.2  0.23 0.24 0.27
 0.42 0.43 0.45 0.47 0.52 0.53 0.58 0.61 0.62 0.63 0.64 0.66 0.7  0.71
 0.72 0.73 0.76 0.77 0.83 0.88 0.9  0.91 0.92 0.93 0.96 0.96 0.97 0.99
 1.04 1.05 1.05 1.07 1.08 1.08 1.19 1.21 1.33 1.36 1.43 1.55 1.59 1.65
 1.66 1.85 1.89 2.7 ]
var: 0.2987843055555555
| [0m34       [0m | [0m0.7942   [0m | [0m0.1922   [0m | [0m31.55    [0m | [0m2.605    [0m |
[0.08 0.13 0.25 0.27 0.27 0.31 0.31 0.41 0.44 0.46 0.48 0.5  0.51 0.52
 0.53 0.56 0.63 0.64 0.65 0.65 0.69 0.72 0.74 0.77 0.84 0.84 0.86 0.87
 0.88 0.95 0.96 1.   1.07 1.07 1.11 1.12 1.15 1.16 1.25 1.29 1.31 1.38
 1.39 1.48 1.48 1.5  1.5  1.51 1.54 1.62 1.74 1.76 1.85 2.22 2.54 2.69
 2.72 2.79 2.95 3.41]
var: 0.5569926666666662
| [0m35       [0m | [0m1.122    [0m | [0m0.08423  [0m | [0m8.359    [0m | [0m2.505    [0m |
[0.08 0.08 0.3  0.35 0.37 0.7  0.83 0.87 1.   1.03 1.03 1.11 1.26 1.32
 1.32 1.35 1.42 1.47 1.47 1.63 1.64 1.65 1.67 1.71 1.73 1.79 1.85 1.9
 1.91 1.97 1.99 1.99 2.06 2.08 2.11 2.15 2.15 2.15 2.16 2.17 2.2  2.42
 2.53 2.61 2.66 2.72 2.84 2.9  2.95 2.95 2.96 3.03 3.11 3.17 3.36 3.45
 3.73 3.8  3.87 4.93]
var: 0.9887349722222231
| [0m36       [0m | [0m2.0      [0m | [0m0.09101  [0m | [0m25.39    [0m | [0m0.3487   [0m |
[0.02 0.03 0.05 0.1  0.13 0.15 0.16 0.2  0.21 0.26 0.28 0.34 0.36 0.48
 0.51 0.52 0.55 0.55 0.55 0.56 0.61 0.64 0.69 0.69 0.7  0.7  0.71 0.73
 0.78 0.8  0.8  0.85 0.93 0.95 1.01 1.15 1.15 1.23 1.24 1.31 1.31 1.34
 1.35 1.38 1.47 1.48 1.5  1.66 1.66 1.75 1.76 1.78 1.78 1.87 1.9  2.09
 2.11 2.31 2.55 3.4 ]
var: 0.5001736388888884
| [0m37       [0m | [0m1.002    [0m | [0m0.2149   [0m | [0m28.2     [0m | [0m1.568    [0m |
[0.   0.02 0.03 0.05 0.12 0.14 0.14 0.14 0.15 0.17 0.18 0.18 0.19 0.19
 0.38 0.4  0.44 0.53 0.56 0.68 0.71 0.71 0.74 0.75 0.76 0.79 0.8  0.83
 0.84 0.88 0.89 0.93 0.95 0.96 1.   1.07 1.1  1.12 1.21 1.26 1.28 1.29
 1.31 1.32 1.33 1.36 1.42 1.47 1.48 1.48 1.53 1.65 1.69 1.72 1.74 1.77
 1.9  1.9  2.   2.22]
var: 0.35122763888888875
| [0m38       [0m | [0m0.9142   [0m | [0m0.09209  [0m | [0m43.14    [0m | [0m1.687    [0m |
[0.02 0.08 0.12 0.15 0.21 0.22 0.24 0.3  0.33 0.52 0.53 0.61 0.65 0.66
 0.68 0.69 0.7  0.7  0.73 0.74 0.82 0.83 0.86 0.89 0.97 1.   1.03 1.07
 1.1  1.12 1.15 1.2  1.25 1.3  1.39 1.41 1.42 1.42 1.52 1.56 1.59 1.63
 1.68 1.72 1.75 1.81 1.88 1.94 1.96 2.01 2.11 2.29 2.37 2.39 2.4  2.43
 2.55 2.63 2.72 3.68]
var: 0.6223303055555555
| [0m39       [0m | [0m1.262    [0m | [0m0.2451   [0m | [0m40.21    [0m | [0m0.5855   [0m |
[0.01 0.02 0.19 0.2  0.23 0.23 0.26 0.3  0.3  0.35 0.35 0.35 0.39 0.42
 0.44 0.47 0.5  0.53 0.55 0.6  0.63 0.63 0.64 0.65 0.67 0.67 0.68 0.68
 0.69 0.69 0.7  0.71 0.84 0.87 0.9  0.92 0.93 0.93 0.95 0.99 1.   1.01
 1.06 1.07 1.08 1.09 1.09 1.12 1.16 1.2  1.26 1.28 1.28 1.34 1.39 1.46
 1.46 1.66 1.69 1.81]
var: 0.17932030555555553
| [0m40       [0m | [0m0.7928   [0m | [0m0.1878   [0m | [0m33.91    [0m | [0m2.978    [0m |
[0.17 0.56 0.64 0.65 0.78 0.87 0.9  0.93 0.99 1.01 1.01 1.1  1.14 1.17
 1.17 1.18 1.18 1.24 1.27 1.36 1.37 1.38 1.41 1.42 1.44 1.44 1.47 1.5
 1.51 1.52 1.57 1.57 1.6  1.63 1.67 1.7  1.81 1.88 1.89 1.92 1.95 1.99
 2.01 2.02 2.13 2.18 2.18 2.23 2.32 2.36 2.38 2.61 2.61 2.64 2.97 3.17
 3.45 3.98 4.33 4.95]
var: 0.7939093333333338
| [0m41       [0m | [0m1.758    [0m | [0m0.2676   [0m | [0m4.302    [0m | [0m0.03551  [0m |
[0.04 0.07 0.26 0.28 0.39 0.43 0.48 0.55 0.64 0.65 0.73 0.77 0.78 0.78
 0.78 0.82 0.91 0.94 0.95 0.96 0.98 1.01 1.08 1.1  1.12 1.15 1.19 1.26
 1.27 1.38 1.4  1.43 1.44 1.48 1.5  1.55 1.59 1.66 1.67 1.71 1.71 1.73
 1.82 1.89 1.93 1.96 2.12 2.13 2.24 2.34 2.35 2.35 2.42 2.47 2.62 2.76
 2.89 3.17 3.33 3.35]
var: 0.6503473333333333
| [0m42       [0m | [0m1.446    [0m | [0m0.08347  [0m | [0m21.4     [0m | [0m0.7211   [0m |
[0.03 0.03 0.06 0.1  0.11 0.12 0.15 0.21 0.21 0.22 0.23 0.23 0.25 0.28
 0.29 0.3  0.32 0.33 0.38 0.45 0.52 0.62 0.64 0.71 0.74 0.8  0.9  0.91
 0.93 0.93 0.96 0.99 1.11 1.14 1.16 1.19 1.2  1.23 1.23 1.28 1.3  1.31
 1.33 1.38 1.39 1.4  1.45 1.48 1.53 1.58 1.59 1.65 1.67 1.74 1.8  1.91
 1.91 1.94 1.95 2.3 ]
var: 0.3785150000000005
| [0m43       [0m | [0m0.935    [0m | [0m0.03039  [0m | [0m35.05    [0m | [0m1.982    [0m |
[0.   0.   0.   0.   0.   0.   0.   0.   0.01 0.01 0.01 0.02 0.02 0.03
 0.03 0.03 0.04 0.04 0.04 0.05 0.05 0.06 0.07 0.07 0.09 0.09 0.1  0.11
 0.13 0.15 0.17 0.17 0.18 0.19 0.23 0.24 0.25 0.31 0.32 0.32 0.34 0.34
 0.35 0.39 0.4  0.41 0.42 0.42 0.45 0.71 0.75 0.81 0.86 0.9  1.13 1.15
 1.15 1.89 2.05 2.15]
var: 0.24239833333333335
| [0m44       [0m | [0m0.345    [0m | [0m1e-08    [0m | [0m24.53    [0m | [0m0.5283   [0m |
[0.02 0.07 0.11 0.16 0.27 0.34 0.35 0.38 0.5  0.58 0.65 0.73 0.84 0.9
 0.97 1.   1.03 1.05 1.15 1.21 1.25 1.33 1.35 1.45 1.46 1.52 1.58 1.63
 1.69 1.71 1.74 1.75 1.81 1.82 1.84 1.92 1.95 1.95 1.99 2.08 2.13 2.17
 2.21 2.23 2.31 2.33 2.37 2.45 2.49 2.79 2.81 2.82 2.82 3.06 3.14 3.41
 3.43 3.5  3.84 4.56]
var: 1.0263622222222224
| [0m45       [0m | [0m1.717    [0m | [0m0.0009266[0m | [0m16.72    [0m | [0m1.69     [0m |
[0.15 0.28 0.63 0.68 0.69 0.83 0.86 1.04 1.06 1.07 1.12 1.18 1.29 1.3
 1.3  1.33 1.33 1.39 1.54 1.58 1.6  1.63 1.76 1.76 1.8  1.8  1.84 1.89
 1.9  1.93 2.01 2.02 2.02 2.03 2.03 2.12 2.14 2.24 2.27 2.29 2.32 2.37
 2.42 2.46 2.53 2.64 2.69 2.77 2.94 3.11 3.12 3.14 3.17 3.26 3.46 3.5
 3.83 4.33 6.04 7.06]
var: 1.4457683055555557
| [95m46       [0m | [95m2.115    [0m | [95m0.1817   [0m | [95m3.588    [0m | [95m0.3061   [0m |
[0.   0.   0.   0.   0.   0.   0.   0.   0.   0.   0.   0.   0.   0.
 0.   0.   0.   0.   0.   0.   0.   0.   0.   0.   0.   0.   0.   0.
 0.   0.   0.   0.   0.   0.   0.   0.   0.   0.   0.   0.   0.   0.
 0.   0.   0.01 0.01 0.01 0.01 0.01 0.03 0.03 0.03 0.04 0.05 0.05 0.06
 0.07 0.1  0.11 0.19]
var: 0.001092750000000005
| [0m47       [0m | [0m0.0135   [0m | [0m0.3      [0m | [0m3.529    [0m | [0m0.001    [0m |
[0.25 0.3  0.38 0.82 0.98 1.01 1.09 1.09 1.1  1.12 1.18 1.23 1.25 1.26
 1.34 1.37 1.37 1.42 1.52 1.55 1.58 1.61 1.61 1.66 1.74 1.75 1.8  1.81
 1.88 1.94 1.98 1.98 1.99 1.99 2.05 2.13 2.15 2.28 2.36 2.36 2.45 2.5
 2.56 2.56 2.59 2.67 2.99 3.12 3.17 3.2  3.37 3.48 3.51 3.53 3.64 4.14
 4.16 4.24 4.31 4.73]
var: 1.0881866666666666
| [95m48       [0m | [95m2.12     [0m | [95m0.04344  [0m | [95m25.46    [0m | [95m0.3638   [0m |
[0.27 0.34 0.4  0.46 0.53 0.69 0.7  0.74 0.77 0.83 0.93 1.08 1.09 1.21
 1.31 1.33 1.33 1.41 1.5  1.52 1.53 1.56 1.62 1.64 1.66 1.8  1.82 1.83
 1.88 1.9  1.93 1.97 2.12 2.18 2.26 2.26 2.27 2.29 2.33 2.38 2.41 2.42
 2.43 2.43 2.45 2.6  2.62 2.64 2.65 2.68 2.89 3.04 3.26 3.37 3.38 3.42
 3.5  3.69 4.39 6.16]
var: 1.1371438888888885
| [0m49       [0m | [0m2.002    [0m | [0m0.02911  [0m | [0m34.82    [0m | [0m0.4553   [0m |
[0.1  0.87 0.94 0.97 1.01 1.02 1.15 1.16 1.28 1.29 1.31 1.37 1.47 1.52
 1.55 1.61 1.64 1.69 1.7  1.71 1.72 1.74 1.78 1.79 1.8  1.81 1.83 1.98
 2.08 2.08 2.12 2.24 2.27 2.31 2.36 2.49 2.54 2.63 2.66 2.69 2.72 2.78
 2.89 2.9  2.95 3.08 3.11 3.17 3.18 3.23 3.29 3.31 3.53 3.75 3.93 3.95
 3.99 4.05 4.31 4.53]
var: 0.965106972222223
| [95m50       [0m | [95m2.282    [0m | [95m0.08872  [0m | [95m3.524    [0m | [95m0.312    [0m |
[0.17 0.21 0.26 0.33 0.4  0.49 0.65 0.68 0.69 0.77 0.86 0.86 0.87 0.97
 0.99 1.02 1.02 1.09 1.26 1.29 1.29 1.33 1.37 1.53 1.59 1.65 1.66 1.67
 1.71 1.73 1.76 1.81 1.84 1.86 1.89 1.9  1.94 1.94 1.98 2.04 2.05 2.05
 2.2  2.23 2.33 2.34 2.39 2.42 2.45 2.52 2.58 2.61 2.8  3.3  3.32 3.37
 3.5  4.02 4.09 4.83]
var: 0.9957680833333342
| [0m51       [0m | [0m1.78     [0m | [0m0.1131   [0m | [0m3.401    [0m | [0m0.3734   [0m |
[0.25 0.47 0.54 0.64 0.98 1.07 1.08 1.13 1.13 1.4  1.52 1.61 1.61 1.66
 1.7  1.75 1.77 2.22 2.28 2.3  2.33 2.34 2.47 2.53 2.57 2.57 2.62 2.68
 2.82 2.84 2.88 2.97 2.98 2.98 3.01 3.04 3.05 3.1  3.11 3.12 3.16 3.17
 3.18 3.2  3.23 3.28 3.36 3.38 3.43 3.53 3.56 3.78 3.83 4.13 4.39 4.46
 4.68 4.76 5.42 7.99]
var: 1.7135362222222226
| [95m52       [0m | [95m2.717    [0m | [95m0.06729  [0m | [95m3.616    [0m | [95m0.2763   [0m |
[0.05 0.11 0.15 0.18 0.19 0.19 0.2  0.25 0.46 0.46 0.56 0.65 0.68 0.73
 0.75 0.77 0.78 0.81 0.83 0.85 0.87 0.88 0.89 0.93 0.93 0.98 1.01 1.02
 1.05 1.08 1.15 1.19 1.22 1.24 1.25 1.35 1.35 1.39 1.42 1.48 1.55 1.67
 1.68 1.68 1.78 1.79 1.89 1.94 1.96 2.05 2.2  2.22 2.35 2.42 2.77 2.9
 3.13 3.45 5.08 5.15]
var: 1.0748627499999999
| [0m53       [0m | [0m1.367    [0m | [0m0.1984   [0m | [0m9.153    [0m | [0m0.9817   [0m |
[0.78 1.26 1.35 2.15 2.26 2.34 2.44 2.59 2.6  2.8  3.01 3.14 3.24 3.27
 3.27 3.28 3.29 3.3  3.34 3.4  3.4  3.53 3.81 3.89 4.04 4.08 4.2  4.21
 4.25 4.33 4.53 4.53 4.55 4.57 4.66 4.7  4.76 5.   5.   5.01 5.06 5.08
 5.25 5.29 5.43 5.55 5.55 5.67 5.69 5.85 5.9  5.93 5.96 6.01 6.02 6.61
 6.76 6.84 7.88 8.06]
var: 2.3654687500000002
| [95m54       [0m | [95m4.343    [0m | [95m0.004068 [0m | [95m3.533    [0m | [95m0.1568   [0m |
[0.29 0.4  0.63 0.68 0.69 0.69 0.71 0.71 0.71 0.84 0.86 0.89 0.91 0.91
 0.95 0.95 0.98 1.03 1.04 1.18 1.21 1.25 1.25 1.3  1.31 1.34 1.42 1.42
 1.46 1.52 1.54 1.56 1.6  1.6  1.62 1.67 1.67 1.68 1.69 1.73 1.73 1.77
 1.83 1.86 1.89 2.09 2.1  2.27 2.35 2.37 2.37 2.42 2.45 2.47 2.49 2.5
 2.61 3.41 4.15 5.53]
var: 0.7884709722222223
| [0m55       [0m | [0m1.609    [0m | [0m0.2644   [0m | [0m36.62    [0m | [0m0.1739   [0m |
[0.05 0.09 0.09 0.18 0.19 0.2  0.22 0.24 0.27 0.27 0.27 0.29 0.29 0.34
 0.34 0.35 0.43 0.53 0.54 0.6  0.62 0.65 0.69 0.73 0.74 0.75 0.79 0.82
 0.84 0.86 0.88 0.96 0.97 1.   1.02 1.06 1.1  1.16 1.21 1.26 1.32 1.39
 1.52 1.56 1.56 1.61 1.67 1.71 1.71 1.72 1.76 1.77 1.91 2.17 2.22 2.42
 2.46 2.49 2.75 3.05]
var: 0.554297888888889
| [0m56       [0m | [0m1.044    [0m | [0m0.04394  [0m | [0m40.63    [0m | [0m1.779    [0m |
[0.43 0.62 0.86 0.88 1.07 1.07 1.09 1.14 1.28 1.29 1.29 1.29 1.35 1.42
 1.42 1.44 1.44 1.44 1.46 1.48 1.49 1.51 1.54 1.59 1.68 1.72 1.74 1.76
 1.83 1.85 1.88 1.88 1.89 1.9  1.91 1.93 2.01 2.02 2.03 2.06 2.11 2.12
 2.16 2.18 2.2  2.23 2.28 2.31 2.44 2.48 2.49 2.64 2.64 2.76 2.78 3.02
 3.42 3.48 3.71 4.41]
var: 0.5420662222222231
| [0m57       [0m | [0m1.897    [0m | [0m0.08385  [0m | [0m3.486    [0m | [0m0.03464  [0m |
[0.28 0.3  0.67 0.87 1.05 1.07 1.2  1.24 1.4  1.5  1.78 1.81 1.88 2.05
 2.06 2.07 2.07 2.14 2.14 2.21 2.25 2.3  2.34 2.36 2.49 2.49 2.58 2.59
 2.6  2.66 2.74 2.78 2.98 3.08 3.15 3.17 3.18 3.26 3.38 3.48 3.5  3.56
 3.72 3.75 3.82 3.83 3.83 3.88 3.9  3.91 4.   4.07 4.09 4.5  4.84 4.94
 5.23 5.37 5.83 6.18]
var: 1.723035555555554
| [0m58       [0m | [0m2.873    [0m | [0m0.06632  [0m | [0m3.557    [0m | [0m0.1536   [0m |
[0.47 0.57 0.62 0.65 0.93 1.15 1.28 1.81 2.03 2.05 2.22 2.23 2.27 2.34
 2.41 2.45 2.54 2.56 2.6  2.68 2.76 2.81 2.84 2.93 3.01 3.14 3.2  3.22
 3.25 3.28 3.3  3.5  3.51 3.54 3.61 3.71 3.76 3.83 3.86 3.86 3.86 3.89
 3.94 4.   4.   4.08 4.08 4.11 4.12 4.18 4.23 4.39 4.6  4.61 4.77 4.81
 5.2  5.57 5.61 6.42]
var: 1.6408876388888887
| [0m59       [0m | [0m3.221    [0m | [0m0.007912 [0m | [0m3.616    [0m | [0m0.3068   [0m |
[0.87 0.98 1.02 1.05 1.17 1.29 1.37 1.42 1.65 1.73 1.89 1.96 2.09 2.17
 2.23 2.23 2.38 2.38 2.54 2.56 2.57 2.61 2.61 2.67 2.82 2.85 2.86 2.95
 2.95 2.97 2.99 3.03 3.03 3.03 3.03 3.07 3.07 3.08 3.11 3.23 3.28 3.4
 3.43 3.48 3.51 3.64 3.67 3.75 3.83 4.04 4.05 4.11 4.4  4.87 5.   5.
 5.08 5.21 5.24 6.  ]
var: 1.3540516666666658
| [0m60       [0m | [0m2.975    [0m | [0m0.04069  [0m | [0m3.507    [0m | [0m0.1879   [0m |
[0.11 0.11 0.2  0.27 0.3  0.36 0.41 0.43 0.45 0.46 0.48 0.49 0.52 0.64
 0.65 0.67 0.71 0.77 0.77 0.82 0.87 0.89 0.93 1.02 1.06 1.08 1.14 1.15
 1.22 1.22 1.32 1.33 1.34 1.38 1.42 1.44 1.46 1.47 1.51 1.52 1.53 1.59
 1.59 1.63 1.63 1.65 1.72 1.72 1.81 1.84 1.89 2.1  2.15 2.17 2.21 2.29
 2.3  2.82 2.86 3.86]
var: 0.5529387499999996
| [0m61       [0m | [0m1.263    [0m | [0m0.09833  [0m | [0m15.42    [0m | [0m1.624    [0m |
[0.52 0.72 0.86 0.95 1.02 1.2  1.24 1.39 1.42 1.42 1.61 1.8  1.93 2.03
 2.06 2.08 2.13 2.21 2.24 2.28 2.32 2.33 2.34 2.37 2.38 2.38 2.57 2.65
 2.72 2.82 2.86 2.87 2.9  3.06 3.17 3.18 3.26 3.42 3.49 3.55 3.61 3.78
 3.82 3.96 4.02 4.02 4.06 4.07 4.24 4.25 4.26 4.31 4.32 4.54 4.63 4.69
 4.77 4.88 5.12 6.36]
var: 1.6088312222222219
| [0m62       [0m | [0m2.924    [0m | [0m0.06903  [0m | [0m3.643    [0m | [0m0.06723  [0m |
[0.09 0.3  0.32 0.39 0.43 0.51 0.58 0.58 0.6  0.6  0.63 0.67 0.69 0.7
 0.72 0.75 0.76 0.77 0.78 0.79 0.8  0.81 0.82 0.83 0.84 0.86 0.91 0.94
 0.96 0.97 0.98 1.   1.   1.04 1.04 1.05 1.11 1.18 1.18 1.23 1.24 1.24
 1.25 1.29 1.31 1.36 1.38 1.42 1.5  1.54 1.59 1.69 1.86 1.97 2.03 2.1
 2.24 2.57 3.38 3.6 ]
var: 0.43408475
| [0m63       [0m | [0m1.13     [0m | [0m0.2893   [0m | [0m15.61    [0m | [0m2.305    [0m |
[0.33 0.39 0.58 1.01 1.07 1.12 1.35 1.44 1.54 1.73 1.78 2.07 2.23 2.27
 2.3  2.31 2.31 2.37 2.5  2.54 2.63 2.66 2.66 2.71 2.73 2.74 2.83 2.83
 2.93 2.99 3.01 3.09 3.11 3.15 3.2  3.28 3.3  3.32 3.62 3.63 3.83 3.83
 3.84 3.86 3.89 3.9  3.9  3.93 3.93 3.94 3.99 4.02 4.94 4.97 5.25 5.27
 5.35 5.42 5.56 6.43]
var: 1.7447416388888894
| [0m64       [0m | [0m3.062    [0m | [0m0.0159   [0m | [0m3.67     [0m | [0m0.3018   [0m |
[0.17 0.58 0.86 0.86 1.   1.25 1.51 1.52 1.55 1.58 1.61 1.81 1.88 2.03
 2.04 2.18 2.19 2.25 2.28 2.33 2.36 2.37 2.45 2.48 2.5  2.61 2.63 2.75
 2.76 2.77 2.82 2.85 2.89 2.92 2.95 2.97 3.   3.05 3.14 3.17 3.24 3.38
 3.39 3.64 3.71 3.73 3.85 3.94 3.96 4.   4.08 4.24 4.32 4.39 4.64 4.96
 5.   5.31 5.87 6.27]
var: 1.596809555555556
| [0m65       [0m | [0m2.881    [0m | [0m0.0902   [0m | [0m3.825    [0m | [0m0.1757   [0m |
[0.09 0.43 0.61 0.95 1.13 1.16 1.22 1.56 2.14 2.18 2.39 2.49 2.67 2.7
 2.75 2.88 2.93 2.94 3.01 3.07 3.08 3.1  3.13 3.15 3.23 3.31 3.35 3.4
 3.5  3.5  3.63 3.72 3.75 3.78 3.78 3.84 3.97 3.98 4.01 4.07 4.09 4.09
 4.11 4.16 4.18 4.24 4.28 4.3  4.32 4.47 4.58 4.59 4.8  4.81 4.85 4.86
 5.13 5.79 6.42 6.61]
var: 1.7975456666666667
| [0m66       [0m | [0m3.421    [0m | [0m0.01344  [0m | [0m3.594    [0m | [0m0.2129   [0m |
[0.71 0.77 0.92 1.02 1.23 1.36 1.37 1.7  1.86 2.04 2.1  2.24 2.29 2.36
 2.36 2.61 2.75 2.79 2.89 2.92 2.92 3.06 3.15 3.16 3.23 3.23 3.26 3.32
 3.35 3.39 3.42 3.43 3.47 3.49 3.62 3.67 3.75 3.96 4.01 4.22 4.23 4.49
 4.51 4.52 4.55 4.61 4.68 4.86 4.95 5.   5.06 5.12 5.15 5.44 5.59 5.66
 5.69 5.98 6.31 7.67]
var: 2.2162514166666667
| [0m67       [0m | [0m3.525    [0m | [0m0.02899  [0m | [0m3.605    [0m | [0m0.1482   [0m |
[0.   0.   0.   0.   0.01 0.01 0.03 0.03 0.03 0.03 0.03 0.03 0.04 0.05
 0.05 0.06 0.06 0.06 0.06 0.07 0.09 0.09 0.1  0.1  0.11 0.12 0.12 0.16
 0.17 0.18 0.22 0.22 0.22 0.23 0.23 0.25 0.27 0.27 0.29 0.29 0.3  0.35
 0.39 0.41 0.41 0.47 0.49 0.54 0.56 0.58 0.61 0.68 0.75 0.9  1.   1.19
 1.2  1.39 1.66 5.06]
var: 0.5036182222222224
| [0m68       [0m | [0m0.3887   [0m | [0m1e-08    [0m | [0m3.547    [0m | [0m0.1075   [0m |
[0.29 0.45 0.47 0.58 0.68 0.91 1.18 1.41 1.66 1.68 1.86 1.88 1.99 2.18
 2.2  2.2  2.35 2.39 2.47 2.51 2.55 2.61 2.64 2.68 2.69 2.74 2.77 2.9
 3.03 3.06 3.11 3.12 3.15 3.16 3.26 3.33 3.38 3.45 3.52 3.67 3.9  3.98
 3.98 3.99 4.05 4.24 4.3  4.32 4.35 4.44 4.6  4.63 4.83 4.86 5.02 5.57
 6.82 7.03 8.41 8.94]
var: 3.0419932222222226
| [0m69       [0m | [0m3.24     [0m | [0m0.006817 [0m | [0m3.573    [0m | [0m0.3376   [0m |
[0.24 0.27 0.5  0.65 0.65 0.7  0.77 0.78 0.89 0.92 0.96 1.05 1.06 1.13
 1.31 1.33 1.34 1.35 1.37 1.38 1.42 1.43 1.45 1.5  1.54 1.68 1.69 1.74
 1.74 1.83 1.84 1.87 1.89 1.97 1.98 2.   2.09 2.14 2.24 2.29 2.31 2.35
 2.36 2.47 2.48 2.51 2.56 2.64 2.75 2.83 2.85 2.87 2.87 2.9  3.15 3.29
 3.31 3.58 3.8  4.11]
var: 0.7904269722222212
| [0m70       [0m | [0m1.883    [0m | [0m0.1716   [0m | [0m27.8     [0m | [0m0.2964   [0m |
[0.02 0.05 0.08 0.1  0.11 0.13 0.24 0.25 0.4  0.71 0.95 0.97 1.05 1.06
 1.08 1.11 1.16 1.22 1.23 1.36 1.37 1.38 1.4  1.42 1.44 1.48 1.51 1.53
 1.54 1.56 1.65 1.86 1.87 1.87 1.88 2.   2.01 2.06 2.08 2.09 2.09 2.11
 2.14 2.17 2.17 2.32 2.48 2.53 2.55 2.57 2.65 2.67 2.85 2.97 3.06 3.21
 3.45 3.47 3.56 3.68]
var: 0.9013665555555556
| [0m71       [0m | [0m1.7      [0m | [0m0.05558  [0m | [0m36.43    [0m | [0m0.3101   [0m |
[0.68 0.92 0.97 1.32 1.51 1.58 1.65 1.65 1.71 1.74 1.87 1.99 2.   2.02
 2.15 2.31 2.59 2.68 2.69 2.73 2.73 2.74 2.76 2.82 2.92 2.96 2.97 2.97
 2.98 2.98 2.98 3.06 3.13 3.19 3.22 3.24 3.24 3.29 3.29 3.3  3.33 3.35
 3.41 3.51 3.59 3.61 3.61 4.01 4.13 4.18 4.33 4.44 4.49 4.55 4.68 4.89
 5.04 5.29 6.33 6.97]
var: 1.5082369722222215
| [0m72       [0m | [0m3.088    [0m | [0m0.109    [0m | [0m3.622    [0m | [0m0.1422   [0m |
[0.01 0.02 0.07 0.12 0.14 0.23 0.24 0.25 0.38 0.4  0.44 0.45 0.45 0.47
 0.48 0.52 0.56 0.56 0.65 0.66 0.67 0.77 0.78 0.82 0.83 0.89 0.92 0.93
 0.95 0.96 0.97 1.04 1.05 1.07 1.08 1.14 1.23 1.24 1.24 1.31 1.32 1.33
 1.36 1.36 1.49 1.66 1.81 1.83 1.84 1.86 1.88 1.89 2.3  2.48 2.63 2.66
 2.69 3.06 3.25 3.52]
var: 0.6936027500000006
| [0m73       [0m | [0m1.154    [0m | [0m0.1765   [0m | [0m20.11    [0m | [0m1.508    [0m |
[0.11 0.24 0.51 0.58 0.65 0.67 0.67 0.71 0.88 0.93 1.02 1.04 1.05 1.08
 1.18 1.27 1.3  1.3  1.36 1.38 1.42 1.45 1.52 1.53 1.57 1.63 1.69 1.72
 1.73 1.73 1.75 1.8  1.92 1.99 2.02 2.05 2.06 2.08 2.11 2.22 2.29 2.6
 2.64 2.64 2.7  2.7  2.89 3.   3.07 3.12 3.13 3.3  3.52 3.56 3.59 3.92
 4.4  5.54 5.62 6.34]
var: 1.6518416388888886
| [0m74       [0m | [0m2.075    [0m | [0m0.1898   [0m | [0m10.25    [0m | [0m0.4378   [0m |
[0.03 0.05 0.16 0.18 0.18 0.19 0.19 0.31 0.32 0.51 0.52 0.52 0.55 0.57
 0.61 0.63 0.67 0.7  0.79 0.8  0.8  0.82 0.83 0.85 0.87 0.87 0.87 0.9
 0.91 0.91 0.92 0.99 1.01 1.02 1.08 1.12 1.12 1.17 1.21 1.23 1.24 1.25
 1.25 1.34 1.36 1.4  1.42 1.45 1.53 1.58 1.73 1.74 1.88 1.89 2.23 2.29
 2.47 2.64 2.68 2.81]
var: 0.4373695555555555
| [0m75       [0m | [0m1.069    [0m | [0m0.2746   [0m | [0m9.95     [0m | [0m1.869    [0m |
[0.   0.05 0.05 0.1  0.2  0.21 0.23 0.29 0.3  0.33 0.34 0.41 0.41 0.45
 0.49 0.51 0.65 0.66 0.67 0.68 0.7  0.7  0.73 0.8  0.86 0.89 0.92 0.93
 0.95 0.98 0.99 1.04 1.04 1.11 1.12 1.13 1.16 1.17 1.2  1.25 1.26 1.28
 1.28 1.33 1.35 1.35 1.44 1.45 1.47 1.58 1.59 1.61 1.62 1.76 1.81 1.89
 1.89 1.93 1.96 3.96]
var: 0.4306560833333325
| [0m76       [0m | [0m1.009    [0m | [0m0.03135  [0m | [0m19.96    [0m | [0m2.997    [0m |
[0.04 0.1  0.15 0.15 0.18 0.2  0.21 0.22 0.24 0.36 0.42 0.45 0.47 0.49
 0.5  0.55 0.56 0.65 0.66 0.66 0.73 0.77 0.79 0.88 0.91 0.92 0.92 0.95
 0.97 1.01 1.02 1.04 1.06 1.06 1.11 1.12 1.14 1.16 1.18 1.18 1.22 1.28
 1.29 1.33 1.38 1.45 1.49 1.58 1.67 1.68 1.69 1.8  1.92 1.93 1.96 1.97
 2.03 2.11 4.14 4.39]
var: 0.653826083333333
| [0m77       [0m | [0m1.092    [0m | [0m0.2152   [0m | [0m22.78    [0m | [0m1.557    [0m |
[0.23 0.91 1.02 1.36 1.55 1.63 1.64 2.15 2.19 2.23 2.31 2.38 2.39 2.5
 2.58 2.68 2.85 2.89 2.91 2.99 3.06 3.2  3.22 3.25 3.32 3.43 3.5  3.56
 3.57 3.67 3.71 3.75 3.82 3.93 3.96 4.13 4.15 4.18 4.21 4.35 4.37 4.38
 4.4  4.41 4.54 4.76 4.78 4.8  4.85 4.98 5.18 5.3  5.3  5.66 5.86 5.93
 6.   6.15 6.36 7.16]
var: 2.118348083333333
| [0m78       [0m | [0m3.676    [0m | [0m0.006638 [0m | [0m3.688    [0m | [0m0.165    [0m |
[0.25 0.45 0.77 0.94 1.32 1.43 1.51 1.78 2.04 2.17 2.3  2.35 2.39 2.42
 2.46 2.48 2.5  2.63 2.71 2.83 2.88 3.04 3.09 3.14 3.28 3.52 3.72 3.72
 3.72 3.79 3.8  3.83 3.87 3.94 3.98 4.13 4.16 4.29 4.36 4.36 4.37 4.41
 4.43 4.53 4.57 4.58 4.62 4.71 4.77 4.96 4.98 5.12 5.37 5.59 5.94 6.04
 6.48 7.01 7.08 7.94]
var: 2.636527638888887
| [0m79       [0m | [0m3.664    [0m | [0m0.01279  [0m | [0m3.473    [0m | [0m0.1788   [0m |
[0.03 0.09 0.11 0.13 0.13 0.25 0.31 0.38 0.46 0.5  0.57 0.61 0.61 0.69
 0.71 0.74 0.76 0.76 0.77 0.84 0.92 1.05 1.06 1.11 1.15 1.17 1.19 1.22
 1.22 1.32 1.33 1.34 1.35 1.37 1.38 1.46 1.56 1.59 1.59 1.61 1.68 1.68
 1.73 1.77 1.84 1.94 2.04 2.14 2.16 2.17 2.31 2.33 2.38 2.44 2.47 2.66
 2.84 3.   3.77 3.95]
var: 0.7626790000000004
| [0m80       [0m | [0m1.379    [0m | [0m0.1435   [0m | [0m10.16    [0m | [0m1.212    [0m |
=============================================================
None
num_trials:  40  inits,  40  iters,  60  per
rho:  1
pthin:  0.60

Best VPT: 4.342500000000001
Best result: {'a': 0.004068324596208188, 'g': 3.533118725476128, 's': 0.15680927207311068}

KERNEL: nu=1.5, lengthscale=2.0, alpha=0.0005
