|   iter    |  target   |     a     |     g     |     s     |
-------------------------------------------------------------
[0.01 0.02 0.03 0.03 0.07 0.08 0.09 0.1  0.12 0.13 0.14 0.16 0.16 0.29
 0.34 0.35 0.4  0.41 0.44 0.47 0.48 0.5  0.61 0.64 0.65 0.75 0.76 0.77
 0.81 0.82 0.86 0.86 0.87 0.88 0.9  0.91 0.92 0.96 0.98 1.04 1.08 1.09
 1.25 1.36 1.37 1.39 1.39 1.41 1.49 1.56 1.6  1.66 1.68 1.69 1.73 1.94
 1.99 2.18 2.32 3.59]
var: 0.49065766666666677
| [0m1        [0m | [0m0.893    [0m | [0m0.04189  [0m | [0m39.75    [0m | [0m2.608    [0m |
[0.17 0.17 0.33 0.34 0.59 0.62 0.66 0.78 0.8  0.8  0.8  0.81 0.94 0.95
 1.02 1.06 1.07 1.11 1.14 1.14 1.15 1.2  1.25 1.26 1.29 1.33 1.34 1.37
 1.41 1.41 1.42 1.45 1.46 1.49 1.5  1.51 1.58 1.59 1.71 1.79 1.88 1.96
 1.99 2.04 2.04 2.06 2.1  2.14 2.15 2.5  2.55 2.57 2.58 2.72 2.92 2.95
 3.03 3.45 3.48 4.84]
var: 0.7775240000000001
| [95m2        [0m | [95m1.596    [0m | [95m0.1021   [0m | [95m15.89    [0m | [95m2.166    [0m |
[1.06 1.09 1.11 1.75 1.87 1.89 2.07 2.08 2.15 2.26 2.31 2.45 2.55 2.59
 2.71 2.78 2.8  2.86 2.87 2.87 2.9  2.98 2.98 3.   3.04 3.09 3.14 3.16
 3.39 3.43 3.55 3.58 3.59 3.7  3.76 3.79 3.89 3.9  3.91 3.95 3.96 4.08
 4.11 4.18 4.2  4.22 4.25 4.42 4.44 4.47 4.48 4.56 4.66 4.76 4.98 5.09
 5.28 5.51 5.75 6.09]
var: 1.2848623333333336
| [95m3        [0m | [95m3.439    [0m | [95m0.1068   [0m | [95m8.97     [0m | [95m0.1328   [0m |
[0.   0.03 0.05 0.07 0.07 0.12 0.16 0.18 0.21 0.21 0.27 0.28 0.32 0.32
 0.35 0.35 0.46 0.57 0.61 0.62 0.7  0.7  0.73 0.74 0.74 0.75 0.79 0.8
 0.89 0.94 0.99 1.   1.04 1.08 1.1  1.11 1.12 1.19 1.22 1.28 1.29 1.39
 1.4  1.42 1.45 1.45 1.58 1.64 1.65 1.65 1.77 1.88 1.94 1.95 1.96 1.97
 2.19 2.2  2.45 2.63]
var: 0.45876322222222204
| [0m4        [0m | [0m1.0      [0m | [0m0.2074   [0m | [0m22.54    [0m | [0m2.543    [0m |
[0.12 0.32 0.37 0.4  0.49 0.55 0.57 0.59 0.63 0.66 0.69 0.71 0.78 0.79
 0.87 0.94 1.05 1.05 1.12 1.13 1.14 1.17 1.22 1.28 1.28 1.33 1.35 1.49
 1.52 1.54 1.55 1.59 1.61 1.76 1.9  1.93 1.93 1.98 2.05 2.19 2.23 2.24
 2.27 2.33 2.35 2.47 2.52 2.67 2.7  2.71 3.08 3.5  3.66 3.79 4.28 4.34
 4.35 4.37 4.52 5.03]
var: 1.4792076388888897
| [0m5        [0m | [0m1.851    [0m | [0m0.1256   [0m | [0m26.47    [0m | [0m0.4125   [0m |
[0.   0.04 0.07 0.09 0.09 0.09 0.13 0.17 0.17 0.17 0.17 0.24 0.29 0.37
 0.39 0.4  0.4  0.42 0.49 0.53 0.57 0.58 0.59 0.61 0.62 0.63 0.66 0.66
 0.69 0.69 0.69 0.71 0.73 0.8  0.86 0.9  0.91 0.92 0.92 0.93 1.01 1.03
 1.09 1.1  1.28 1.33 1.38 1.41 1.43 1.44 1.48 1.52 1.56 1.78 1.9  2.28
 2.35 2.75 2.85 4.06]
var: 0.5971143333333336
| [0m6        [0m | [0m0.907    [0m | [0m0.2946   [0m | [0m36.77    [0m | [0m2.052    [0m |
[0.02 0.02 0.07 0.09 0.11 0.12 0.13 0.13 0.3  0.4  0.53 0.59 0.6  0.65
 0.73 0.75 0.78 0.9  0.97 0.98 0.99 1.07 1.29 1.32 1.33 1.34 1.35 1.37
 1.4  1.41 1.42 1.44 1.47 1.47 1.48 1.57 1.84 1.86 1.87 1.9  1.94 2.03
 2.05 2.19 2.2  2.22 2.34 2.44 2.51 2.59 2.75 2.76 2.92 2.97 3.04 3.16
 3.3  3.67 4.07 6.27]
var: 1.3508848888888887
| [0m7        [0m | [0m1.591    [0m | [0m0.0905   [0m | [0m22.79    [0m | [0m1.169    [0m |
[0.02 0.03 0.05 0.06 0.08 0.09 0.15 0.18 0.26 0.27 0.34 0.35 0.42 0.45
 0.48 0.49 0.54 0.61 0.64 0.68 0.7  0.73 0.74 0.74 0.78 0.79 0.79 0.8
 0.8  0.85 0.9  0.94 0.97 0.99 0.99 1.   1.01 1.01 1.03 1.08 1.13 1.15
 1.18 1.21 1.23 1.25 1.26 1.27 1.3  1.45 1.46 1.46 1.48 1.54 1.72 1.78
 2.05 2.33 2.55 4.42]
var: 0.5096909722222221
| [0m8        [0m | [0m0.9508   [0m | [0m0.1564   [0m | [0m29.69    [0m | [0m2.81     [0m |
[0.06 0.08 0.12 0.24 0.28 0.33 0.42 0.52 0.58 0.73 0.77 0.87 0.95 1.05
 1.1  1.23 1.28 1.29 1.32 1.42 1.43 1.43 1.44 1.54 1.61 1.63 1.63 1.72
 1.75 1.75 1.77 1.8  1.81 1.84 1.89 2.02 2.19 2.19 2.3  2.34 2.37 2.42
 2.42 2.62 2.64 2.69 2.71 2.75 2.76 2.99 3.11 3.13 3.33 3.38 3.4  3.53
 3.69 3.84 4.8  4.8 ]
var: 1.2437072222222225
| [0m9        [0m | [0m1.902    [0m | [0m0.09368  [0m | [0m22.39    [0m | [0m0.9782   [0m |
[0.01 0.02 0.11 0.13 0.19 0.24 0.25 0.26 0.28 0.29 0.34 0.37 0.41 0.54
 0.62 0.65 0.7  0.71 0.75 0.76 0.76 0.77 0.8  0.95 0.98 0.99 1.02 1.05
 1.06 1.06 1.1  1.12 1.12 1.13 1.19 1.23 1.23 1.26 1.28 1.29 1.34 1.35
 1.45 1.47 1.5  1.57 1.62 1.65 1.7  1.74 1.81 1.9  1.91 1.91 2.03 2.04
 2.66 2.99 3.08 4.91]
var: 0.7087376388888895
| [0m10       [0m | [0m1.161    [0m | [0m0.1375   [0m | [0m8.516    [0m | [0m2.024    [0m |
[0.   0.   0.   0.   0.   0.   0.   0.   0.   0.   0.   0.   0.   0.
 0.   0.   0.   0.   0.   0.   0.   0.   0.   0.   0.   0.   0.   0.
 0.   0.01 0.01 0.01 0.01 0.01 0.01 0.02 0.02 0.04 0.04 0.05 0.05 0.07
 0.07 0.08 0.09 0.1  0.11 0.12 0.12 0.12 0.13 0.17 0.18 0.2  0.22 0.22
 0.23 0.23 0.35 0.41]
var: 0.008440555555555668
| [0m11       [0m | [0m0.05833  [0m | [0m0.271    [0m | [0m4.204    [0m | [0m0.004128 [0m |
[0.   0.   0.02 0.03 0.05 0.06 0.06 0.12 0.12 0.14 0.25 0.32 0.33 0.35
 0.4  0.44 0.45 0.47 0.5  0.5  0.51 0.53 0.54 0.6  0.6  0.64 0.66 0.66
 0.69 0.69 0.7  0.77 0.79 0.82 0.84 0.88 0.89 0.95 0.97 1.02 1.04 1.06
 1.11 1.17 1.32 1.35 1.45 1.55 1.63 1.78 1.79 1.88 1.94 2.09 2.15 2.19
 2.27 2.31 2.8  2.93]
var: 0.5371480833333337
| [0m12       [0m | [0m0.9195   [0m | [0m0.01208  [0m | [0m38.9     [0m | [0m2.578    [0m |
[0.05 0.26 0.28 0.33 0.34 0.36 0.37 0.6  0.62 0.68 0.71 0.92 0.93 0.99
 0.99 1.11 1.14 1.25 1.3  1.33 1.36 1.38 1.38 1.38 1.39 1.41 1.43 1.45
 1.49 1.67 1.85 1.97 2.17 2.2  2.2  2.21 2.23 2.27 2.3  2.37 2.4  2.44
 2.46 2.48 2.62 2.62 2.74 2.8  2.89 2.91 2.93 3.13 3.23 3.32 3.34 3.38
 3.53 3.56 4.31 5.72]
var: 1.264221555555556
| [0m13       [0m | [0m1.891    [0m | [0m0.05998  [0m | [0m18.2     [0m | [0m0.807    [0m |
[0.01 0.06 0.08 0.17 0.18 0.19 0.22 0.29 0.3  0.42 0.43 0.47 0.5  0.52
 0.53 0.54 0.61 0.62 0.65 0.67 0.68 0.68 0.69 0.69 0.69 0.77 0.79 0.81
 0.82 0.87 0.88 0.9  0.91 0.97 0.98 1.05 1.09 1.11 1.16 1.17 1.18 1.19
 1.23 1.23 1.26 1.32 1.32 1.35 1.37 1.41 1.82 1.83 1.84 2.09 2.11 2.43
 2.54 2.93 3.43 5.66]
var: 0.8375494166666674
| [0m14       [0m | [0m1.079    [0m | [0m0.1799   [0m | [0m20.82    [0m | [0m2.95     [0m |
[0.02 0.03 0.07 0.1  0.13 0.14 0.21 0.28 0.31 0.32 0.43 0.45 0.46 0.48
 0.53 0.56 0.57 0.63 0.65 0.69 0.71 0.73 0.74 0.78 0.79 0.79 0.81 0.82
 0.84 0.87 0.95 0.97 0.97 1.01 1.06 1.09 1.1  1.11 1.17 1.18 1.19 1.22
 1.28 1.3  1.37 1.42 1.43 1.47 1.48 1.48 1.49 1.54 1.56 1.65 1.83 1.92
 2.12 2.4  2.48 2.92]
var: 0.386388333333333
| [0m15       [0m | [0m0.985    [0m | [0m0.2049   [0m | [0m35.23    [0m | [0m1.586    [0m |
[0.   0.06 0.09 0.14 0.25 0.26 0.31 0.34 0.34 0.35 0.44 0.5  0.62 0.65
 0.76 0.78 0.79 0.8  0.81 0.81 0.83 0.99 1.05 1.11 1.23 1.32 1.35 1.39
 1.4  1.58 1.7  1.72 1.78 1.89 1.91 1.94 1.97 1.99 2.01 2.03 2.1  2.12
 2.16 2.22 2.24 2.34 2.35 2.63 2.64 2.68 2.78 2.83 2.91 2.93 2.97 2.99
 3.14 3.2  3.26 3.36]
var: 0.9590323333333333
| [0m16       [0m | [0m1.569    [0m | [0m0.0314   [0m | [0m32.89    [0m | [0m1.106    [0m |
[0.   0.03 0.19 0.26 0.29 0.44 0.46 0.49 0.5  0.54 0.64 0.67 0.69 0.71
 0.75 0.79 0.85 0.87 0.92 0.95 1.03 1.07 1.16 1.17 1.17 1.22 1.24 1.26
 1.32 1.33 1.34 1.38 1.41 1.44 1.44 1.5  1.52 1.58 1.66 1.69 1.72 1.74
 1.76 1.78 1.79 1.94 1.94 1.96 2.03 2.04 2.1  2.12 2.12 2.17 2.35 2.45
 2.54 2.63 2.79 4.01]
var: 0.5764976388888887
| [0m17       [0m | [0m1.366    [0m | [0m0.2111   [0m | [0m45.07    [0m | [0m0.5622   [0m |
[0.01 0.02 0.04 0.05 0.06 0.06 0.06 0.07 0.08 0.09 0.09 0.15 0.18 0.21
 0.22 0.25 0.29 0.33 0.38 0.4  0.44 0.47 0.48 0.53 0.64 0.66 0.67 0.68
 0.69 0.7  0.72 0.75 0.85 0.87 0.87 0.88 0.92 0.94 0.98 1.   1.09 1.1
 1.1  1.19 1.24 1.27 1.28 1.35 1.58 1.59 1.6  1.75 1.78 1.88 1.94 2.11
 2.11 2.49 3.01 4.09]
var: 0.6403436388888888
| [0m18       [0m | [0m0.8888   [0m | [0m0.2162   [0m | [0m33.76    [0m | [0m1.468    [0m |
[0.   0.   0.   0.   0.   0.01 0.01 0.06 0.12 0.12 0.13 0.13 0.17 0.19
 0.22 0.26 0.38 0.4  0.43 0.44 0.45 0.47 0.52 0.53 0.56 0.65 0.69 0.69
 0.7  0.75 0.78 0.79 0.81 0.92 0.93 0.94 0.94 0.94 0.97 0.98 1.   1.02
 1.03 1.03 1.07 1.18 1.18 1.28 1.31 1.35 1.47 1.73 1.82 1.84 1.94 1.98
 2.   2.   2.05 2.16]
var: 0.38723488888888974
| [0m19       [0m | [0m0.8087   [0m | [0m0.2946   [0m | [0m40.52    [0m | [0m2.652    [0m |
[0.   0.03 0.05 0.07 0.1  0.17 0.18 0.23 0.26 0.29 0.32 0.33 0.37 0.38
 0.39 0.41 0.42 0.43 0.46 0.47 0.5  0.53 0.53 0.6  0.69 0.75 0.8  0.8
 0.81 0.82 0.83 0.83 0.87 0.89 0.91 0.92 0.93 0.93 0.93 0.95 0.97 0.99
 1.03 1.04 1.06 1.15 1.17 1.18 1.18 1.24 1.43 1.44 1.49 1.59 1.68 1.83
 1.9  2.04 2.19 2.32]
var: 0.30272833333333293
| [0m20       [0m | [0m0.835    [0m | [0m0.261    [0m | [0m46.83    [0m | [0m2.163    [0m |
[0.   0.07 0.11 0.2  0.4  0.41 0.45 0.52 0.67 0.72 0.76 0.77 0.85 0.87
 0.89 0.92 0.95 0.99 0.99 1.03 1.03 1.05 1.07 1.07 1.07 1.08 1.1  1.1
 1.15 1.18 1.23 1.26 1.26 1.27 1.32 1.32 1.41 1.46 1.5  1.52 1.52 1.55
 1.61 1.61 1.79 1.79 1.88 1.89 1.99 2.01 2.05 2.17 2.19 2.22 2.48 2.58
 2.66 2.71 2.92 2.98]
var: 0.49046766666666686
| [0m21       [0m | [0m1.327    [0m | [0m0.124    [0m | [0m14.4     [0m | [0m1.722    [0m |
[0.   0.01 0.02 0.02 0.05 0.13 0.14 0.16 0.21 0.22 0.23 0.33 0.36 0.37
 0.38 0.42 0.43 0.52 0.52 0.53 0.58 0.58 0.59 0.62 0.62 0.66 0.67 0.68
 0.75 0.78 0.83 0.84 0.85 0.86 0.91 0.91 0.98 1.08 1.11 1.13 1.19 1.19
 1.22 1.25 1.28 1.29 1.3  1.39 1.46 1.47 1.5  1.61 1.69 1.69 1.77 1.82
 1.99 2.09 2.44 3.8 ]
var: 0.4775148888888888
| [0m22       [0m | [0m0.9087   [0m | [0m0.2063   [0m | [0m31.69    [0m | [0m2.612    [0m |
[0.06 0.12 0.17 0.24 0.33 0.38 0.49 0.66 0.7  0.72 0.73 0.86 0.87 0.89
 0.89 1.11 1.28 1.29 1.29 1.32 1.37 1.43 1.44 1.49 1.51 1.57 1.62 1.64
 1.68 1.7  1.71 1.73 1.74 1.79 1.87 1.88 1.89 1.89 1.95 1.99 1.99 2.03
 2.03 2.09 2.16 2.26 2.27 2.28 2.38 2.39 2.47 2.48 2.53 2.54 2.57 2.7
 3.07 3.2  3.29 3.57]
var: 0.6662349722222225
| [0m23       [0m | [0m1.643    [0m | [0m0.003723 [0m | [0m47.48    [0m | [0m1.358    [0m |
[0.04 0.06 0.1  0.1  0.11 0.26 0.28 0.32 0.33 0.34 0.37 0.41 0.48 0.55
 0.58 0.62 0.63 0.65 0.73 0.8  0.81 0.84 0.84 0.84 0.85 0.86 0.94 0.94
 0.98 1.01 1.04 1.05 1.08 1.09 1.11 1.14 1.15 1.17 1.22 1.25 1.26 1.34
 1.37 1.48 1.5  1.62 1.73 1.73 1.78 1.8  1.96 2.   2.04 2.1  2.27 2.27
 2.4  2.53 3.31 3.79]
var: 0.6023554166666668
| [0m24       [0m | [0m1.138    [0m | [0m0.02532  [0m | [0m32.83    [0m | [0m2.468    [0m |
[0.03 0.07 0.14 0.16 0.21 0.22 0.25 0.29 0.3  0.33 0.4  0.45 0.45 0.49
 0.5  0.52 0.6  0.6  0.62 0.68 0.71 0.72 0.73 0.74 0.76 0.78 0.81 0.81
 0.86 0.88 0.9  0.9  0.92 0.92 0.95 0.98 1.02 1.04 1.06 1.09 1.14 1.17
 1.18 1.19 1.25 1.29 1.32 1.39 1.41 1.51 1.6  1.73 1.84 2.1  2.11 2.12
 2.19 2.26 2.51 3.29]
var: 0.43484608333333274
| [0m25       [0m | [0m0.9915   [0m | [0m0.2793   [0m | [0m15.61    [0m | [0m2.009    [0m |
[0.05 0.32 0.37 0.64 0.76 0.77 0.92 1.08 1.13 1.17 1.19 1.25 1.29 1.33
 1.51 1.53 1.57 1.64 1.77 1.79 1.94 1.98 2.01 2.05 2.09 2.15 2.18 2.23
 2.23 2.27 2.28 2.42 2.42 2.45 2.51 2.55 2.55 2.66 2.74 2.92 2.93 2.95
 2.96 3.15 3.49 3.51 3.57 3.63 3.71 3.73 3.85 3.89 4.   4.21 4.31 4.4
 4.56 4.69 4.84 6.28]
var: 1.6412503055555558
| [0m26       [0m | [0m2.456    [0m | [0m0.0009306[0m | [0m13.39    [0m | [0m0.85     [0m |
[0.01 0.04 0.09 0.21 0.23 0.27 0.27 0.3  0.4  0.42 0.44 0.62 0.65 0.74
 0.77 0.78 0.79 0.82 0.83 0.87 0.88 0.93 0.93 0.94 1.01 1.02 1.03 1.04
 1.08 1.08 1.1  1.17 1.22 1.29 1.3  1.36 1.4  1.42 1.46 1.46 1.54 1.55
 1.71 1.75 1.75 1.76 1.81 1.88 1.9  2.03 2.04 2.05 2.05 2.06 2.06 2.08
 2.22 2.39 2.83 2.89]
var: 0.47639099999999984
| [0m27       [0m | [0m1.217    [0m | [0m0.0437   [0m | [0m10.41    [0m | [0m2.68     [0m |
[0.02 0.03 0.12 0.17 0.2  0.2  0.23 0.24 0.25 0.28 0.36 0.37 0.4  0.45
 0.5  0.55 0.56 0.56 0.58 0.64 0.67 0.71 0.74 0.76 0.76 0.76 0.77 0.79
 0.85 0.93 0.93 1.01 1.02 1.03 1.06 1.07 1.07 1.11 1.17 1.21 1.22 1.26
 1.32 1.35 1.47 1.56 1.57 1.59 1.67 1.78 1.8  1.94 2.01 2.12 2.16 2.2
 2.29 2.63 2.84 2.84]
var: 0.5054809722222224
| [0m28       [0m | [0m1.046    [0m | [0m0.1812   [0m | [0m34.19    [0m | [0m1.275    [0m |
[0.01 0.02 0.04 0.08 0.11 0.12 0.13 0.22 0.27 0.3  0.31 0.48 0.53 0.54
 0.56 0.57 0.58 0.6  0.62 0.64 0.69 0.73 0.74 0.74 0.77 0.77 0.79 0.84
 0.91 0.92 0.94 0.96 1.   1.11 1.14 1.17 1.19 1.2  1.22 1.22 1.24 1.26
 1.28 1.29 1.32 1.35 1.4  1.42 1.59 1.61 1.65 1.66 1.68 1.75 1.8  1.97
 2.01 2.17 2.57 2.73]
var: 0.39067030555555565
| [0m29       [0m | [0m0.9922   [0m | [0m0.2465   [0m | [0m13.38    [0m | [0m2.714    [0m |
[0.03 0.09 0.25 0.3  0.39 0.48 0.49 0.55 0.7  0.77 0.79 0.87 0.89 0.95
 1.07 1.09 1.15 1.31 1.32 1.39 1.44 1.46 1.51 1.58 1.62 1.62 1.87 1.94
 2.06 2.08 2.16 2.16 2.18 2.22 2.24 2.33 2.35 2.45 2.49 2.73 2.75 2.75
 2.82 2.86 2.89 3.02 3.07 3.13 3.25 3.33 3.39 3.59 3.65 3.67 3.72 3.89
 4.35 4.79 5.2  5.65]
var: 1.669215666666666
| [0m30       [0m | [0m2.119    [0m | [0m0.05214  [0m | [0m24.88    [0m | [0m0.3849   [0m |
[0.01 0.05 0.06 0.11 0.12 0.2  0.23 0.3  0.31 0.31 0.32 0.37 0.38 0.44
 0.52 0.53 0.55 0.6  0.72 0.74 0.75 0.77 0.78 0.79 0.81 0.81 0.84 0.85
 0.92 0.93 0.96 0.98 0.98 1.01 1.06 1.08 1.1  1.11 1.13 1.15 1.22 1.28
 1.31 1.33 1.37 1.38 1.43 1.47 1.53 1.54 1.69 1.7  1.74 2.17 2.26 2.28
 2.34 2.48 2.55 2.63]
var: 0.4442010000000001
| [0m31       [0m | [0m1.023    [0m | [0m0.09953  [0m | [0m34.56    [0m | [0m1.821    [0m |
[0.07 0.14 0.22 0.4  0.41 0.61 0.67 0.74 0.74 0.78 0.88 0.93 1.01 1.04
 1.08 1.16 1.31 1.32 1.33 1.46 1.48 1.49 1.51 1.57 1.58 1.77 1.8  1.81
 1.81 1.94 2.02 2.02 2.13 2.14 2.17 2.2  2.28 2.33 2.34 2.4  2.45 2.48
 2.5  2.57 2.6  2.63 2.68 2.88 2.89 2.93 3.1  3.11 3.16 3.27 4.13 4.3
 4.33 4.36 4.72 5.55]
var: 1.4007136388888897
| [0m32       [0m | [0m2.029    [0m | [0m0.1032   [0m | [0m13.0     [0m | [0m0.7904   [0m |
[0.01 0.08 0.36 0.41 0.45 0.46 0.48 0.57 0.58 0.63 0.64 0.79 0.8  0.86
 0.87 0.91 0.94 0.95 1.03 1.08 1.08 1.15 1.17 1.19 1.2  1.21 1.24 1.27
 1.32 1.41 1.41 1.45 1.52 1.54 1.57 1.58 1.6  1.63 1.85 1.93 2.03 2.06
 2.09 2.1  2.11 2.12 2.19 2.25 2.32 2.34 2.44 2.5  2.58 2.73 2.8  2.95
 2.98 3.41 4.31 5.74]
var: 1.0266036388888897
| [0m33       [0m | [0m1.588    [0m | [0m0.1593   [0m | [0m31.47    [0m | [0m0.7047   [0m |
[0.21 0.3  0.33 0.44 0.63 0.79 0.84 0.9  1.11 1.12 1.21 1.29 1.33 1.42
 1.45 1.5  1.51 1.58 1.61 1.66 1.68 1.7  1.73 1.75 1.77 1.79 1.81 1.83
 1.84 1.87 1.93 1.93 1.96 1.98 2.05 2.12 2.14 2.21 2.45 2.54 2.55 2.65
 2.7  2.89 3.1  3.16 3.22 3.34 3.42 3.67 3.82 3.94 4.05 4.13 4.65 4.81
 4.82 4.9  5.18 7.05]
var: 1.8798973333333342
| [0m34       [0m | [0m2.306    [0m | [0m0.06494  [0m | [0m4.617    [0m | [0m0.6473   [0m |
[0.03 0.05 0.12 0.12 0.21 0.21 0.26 0.33 0.38 0.43 0.75 0.77 0.83 0.84
 1.05 1.07 1.08 1.09 1.13 1.17 1.18 1.22 1.24 1.27 1.27 1.29 1.31 1.34
 1.34 1.4  1.47 1.49 1.5  1.5  1.65 1.74 1.82 1.85 1.89 1.89 1.95 1.99
 2.02 2.13 2.14 2.24 2.27 2.31 2.32 2.39 2.43 2.51 2.54 2.59 2.87 2.91
 3.18 3.25 5.29 6.22]
var: 1.2541669722222215
| [0m35       [0m | [0m1.619    [0m | [0m0.02015  [0m | [0m48.01    [0m | [0m0.6564   [0m |
[0.15 0.33 0.42 0.55 0.65 0.72 0.78 0.8  0.88 1.06 1.07 1.11 1.13 1.27
 1.29 1.29 1.53 1.6  1.62 1.64 1.71 1.72 1.72 1.75 1.82 1.87 1.9  1.99
 2.19 2.28 2.34 2.37 2.56 2.58 2.61 2.63 2.63 2.68 2.71 2.76 2.8  2.85
 2.94 2.95 3.   3.05 3.18 3.19 3.25 3.28 3.29 3.33 3.41 3.76 3.83 3.95
 4.29 4.85 5.46 6.01]
var: 1.5225298888888885
| [0m36       [0m | [0m2.29     [0m | [0m0.04396  [0m | [0m4.111    [0m | [0m0.6978   [0m |
[0.02 0.2  0.25 0.26 0.27 0.28 0.3  0.34 0.39 0.4  0.42 0.46 0.47 0.49
 0.61 0.67 0.69 0.7  0.8  0.8  0.87 0.87 0.88 0.9  0.91 0.94 0.98 1.
 1.   1.01 1.03 1.03 1.1  1.15 1.33 1.33 1.38 1.4  1.4  1.51 1.54 1.55
 1.75 1.78 1.8  1.82 1.84 1.99 2.01 2.03 2.05 2.06 2.15 2.16 2.2  2.24
 2.57 2.87 2.9  3.28]
var: 0.5773769722222221
| [0m37       [0m | [0m1.224    [0m | [0m0.08241  [0m | [0m26.81    [0m | [0m2.218    [0m |
[0.26 0.5  0.64 0.64 0.88 0.92 1.05 1.06 1.2  1.22 1.44 1.46 1.47 1.47
 1.54 1.59 1.61 1.62 1.64 1.64 1.64 1.65 1.72 1.72 1.73 1.79 1.84 1.85
 1.86 1.88 1.93 1.94 1.95 2.   2.01 2.02 2.03 2.1  2.18 2.19 2.42 2.45
 2.46 2.47 2.52 2.79 2.86 2.89 2.98 3.15 3.15 3.19 3.25 3.3  3.31 3.41
 3.52 3.76 4.61 5.92]
var: 0.9896049722222227
| [0m38       [0m | [0m2.105    [0m | [0m0.04922  [0m | [0m1.167    [0m | [0m0.1424   [0m |
[0.16 0.4  0.41 0.46 0.6  0.6  0.68 0.74 0.81 0.86 0.87 0.88 0.89 0.9
 0.91 0.96 0.99 1.02 1.02 1.02 1.07 1.08 1.1  1.1  1.11 1.18 1.18 1.3
 1.3  1.32 1.37 1.38 1.41 1.42 1.43 1.53 1.59 1.72 1.79 1.81 2.09 2.13
 2.16 2.2  2.22 2.23 2.23 2.26 2.31 2.35 2.35 2.49 2.74 2.79 2.79 2.93
 3.06 3.29 3.36 3.57]
var: 0.6754115555555553
| [0m39       [0m | [0m1.565    [0m | [0m0.2649   [0m | [0m45.27    [0m | [0m0.2874   [0m |
[0.06 0.08 0.11 0.11 0.18 0.26 0.28 0.29 0.39 0.47 0.47 0.51 0.52 0.54
 0.55 0.56 0.57 0.57 0.57 0.64 0.67 0.7  0.7  0.7  0.76 0.79 0.79 0.8
 0.84 0.91 0.92 0.98 1.03 1.07 1.08 1.08 1.14 1.17 1.34 1.36 1.36 1.39
 1.43 1.47 1.53 1.59 1.66 1.67 1.71 1.76 1.84 1.84 1.97 1.98 2.22 2.69
 2.71 2.75 2.83 3.65]
var: 0.5956683055555554
| [0m40       [0m | [0m1.11     [0m | [0m0.08463  [0m | [0m1.496    [0m | [0m0.8261   [0m |
[0.07 0.09 0.2  0.21 0.22 0.23 0.28 0.28 0.29 0.34 0.34 0.35 0.35 0.35
 0.37 0.39 0.4  0.41 0.41 0.44 0.45 0.46 0.46 0.48 0.51 0.51 0.54 0.55
 0.55 0.56 0.56 0.58 0.59 0.6  0.62 0.62 0.64 0.65 0.67 0.67 0.72 0.74
 0.77 0.84 0.85 0.87 0.92 0.95 1.   1.02 1.02 1.03 1.22 1.23 1.3  1.51
 1.81 2.46 3.   3.65]
var: 0.4042588888888886
| [0m41       [0m | [0m0.7367   [0m | [0m0.1961   [0m | [0m1.582    [0m | [0m2.878    [0m |
[0.   0.   0.   0.   0.   0.   0.   0.   0.   0.01 0.01 0.01 0.01 0.01
 0.01 0.01 0.01 0.01 0.02 0.02 0.02 0.02 0.02 0.02 0.02 0.02 0.02 0.03
 0.03 0.03 0.03 0.03 0.03 0.03 0.03 0.04 0.04 0.04 0.05 0.05 0.06 0.07
 0.07 0.07 0.07 0.09 0.09 0.1  0.1  0.11 0.12 0.13 0.14 0.17 0.18 0.18
 0.21 0.24 0.31 0.36]
var: 0.005816666666666695
| [0m42       [0m | [0m0.06     [0m | [0m0.09684  [0m | [0m9.135    [0m | [0m0.001    [0m |
[0.64 0.76 1.11 1.3  1.39 1.47 1.67 1.68 1.79 1.8  2.06 2.2  2.26 2.33
 2.33 2.35 2.35 2.39 2.47 2.55 2.61 2.66 2.7  2.79 2.81 2.87 2.93 2.94
 2.96 2.96 3.02 3.05 3.05 3.07 3.2  3.25 3.31 3.37 3.44 3.54 3.55 3.79
 3.81 3.85 3.95 3.97 4.05 4.2  4.23 4.25 4.59 4.61 4.8  4.81 5.07 5.08
 5.3  6.   6.2  6.74]
var: 1.68558488888889
| [0m43       [0m | [0m3.171    [0m | [0m0.1633   [0m | [0m5.505    [0m | [0m0.04285  [0m |
[0.   0.   0.01 0.07 0.12 0.14 0.17 0.21 0.25 0.3  0.32 0.34 0.37 0.39
 0.44 0.44 0.48 0.5  0.6  0.62 0.63 0.66 0.71 0.72 0.73 0.73 0.81 0.85
 0.86 0.87 0.88 0.96 0.99 1.06 1.08 1.09 1.11 1.12 1.19 1.2  1.22 1.25
 1.27 1.29 1.3  1.31 1.33 1.34 1.39 1.41 1.43 1.44 1.45 1.5  1.56 1.77
 1.77 1.78 1.79 3.17]
var: 0.3409049722222226
| [0m44       [0m | [0m0.9132   [0m | [0m0.2933   [0m | [0m32.73    [0m | [0m1.411    [0m |
[0.   0.04 0.06 0.09 0.13 0.13 0.16 0.16 0.17 0.29 0.29 0.32 0.33 0.42
 0.43 0.48 0.49 0.51 0.58 0.71 0.72 0.73 0.75 0.75 0.78 0.79 0.8  0.87
 0.87 0.88 0.92 1.05 1.09 1.09 1.12 1.16 1.18 1.21 1.21 1.26 1.26 1.28
 1.28 1.28 1.33 1.35 1.37 1.41 1.6  1.68 1.81 1.83 1.88 1.89 1.91 1.92
 1.93 1.99 2.3  2.56]
var: 0.39607822222222233
| [0m45       [0m | [0m0.9813   [0m | [0m0.2177   [0m | [0m27.19    [0m | [0m2.44     [0m |
[0.   0.01 0.04 0.05 0.07 0.14 0.15 0.19 0.23 0.27 0.35 0.37 0.41 0.43
 0.48 0.49 0.51 0.61 0.65 0.66 0.67 0.75 0.75 0.8  0.8  0.83 0.83 0.84
 0.86 0.9  0.95 0.95 0.97 0.99 1.03 1.14 1.2  1.22 1.23 1.23 1.25 1.28
 1.28 1.43 1.61 1.61 1.68 1.69 1.72 1.76 1.78 1.83 1.92 1.96 2.   2.03
 2.25 2.74 2.99 3.07]
var: 0.5369169722222221
| [0m46       [0m | [0m1.049    [0m | [0m0.2212   [0m | [0m23.97    [0m | [0m2.073    [0m |
[0.   0.   0.   0.02 0.03 0.03 0.09 0.11 0.12 0.12 0.14 0.21 0.26 0.3
 0.31 0.32 0.39 0.39 0.43 0.5  0.51 0.57 0.6  0.63 0.68 0.69 0.71 0.71
 0.72 0.74 0.78 0.89 0.91 0.91 0.94 0.94 0.99 1.02 1.16 1.18 1.23 1.27
 1.27 1.29 1.4  1.41 1.45 1.55 1.69 1.7  1.78 1.83 1.9  1.97 2.02 2.26
 2.26 2.38 2.77 2.87]
var: 0.5450843055555554
| [0m47       [0m | [0m0.9392   [0m | [0m0.2127   [0m | [0m29.47    [0m | [0m2.471    [0m |
[0.06 0.31 0.33 0.35 0.37 0.41 0.42 0.48 0.54 0.57 0.59 0.6  0.67 0.71
 0.81 0.95 1.   1.04 1.25 1.28 1.28 1.3  1.44 1.46 1.49 1.54 1.55 1.59
 1.79 1.98 2.02 2.03 2.06 2.23 2.24 2.32 2.38 2.41 2.41 2.46 2.5  2.79
 2.81 2.83 2.88 3.   3.02 3.12 3.12 3.21 3.27 3.31 3.36 3.48 3.78 4.12
 4.16 4.54 5.01 6.61]
var: 1.800586222222221
| [0m48       [0m | [0m2.027    [0m | [0m0.08577  [0m | [0m14.32    [0m | [0m0.6853   [0m |
[0.19 0.67 0.79 0.92 1.01 1.04 1.1  1.12 1.13 1.14 1.17 1.5  1.51 1.51
 1.54 1.56 1.6  1.74 1.76 1.9  2.01 2.05 2.14 2.16 2.26 2.31 2.34 2.43
 2.53 2.57 2.58 2.67 2.67 2.71 2.74 2.74 2.82 2.92 2.97 3.04 3.04 3.07
 3.11 3.13 3.5  3.5  3.66 3.7  3.79 3.81 3.96 4.27 4.32 4.56 4.62 4.63
 6.49 6.59 6.94 8.5 ]
var: 2.5474843055555563
| [0m49       [0m | [0m2.746    [0m | [0m0.2939   [0m | [0m4.764    [0m | [0m0.1797   [0m |
[0.   0.   0.06 0.06 0.08 0.15 0.17 0.18 0.22 0.27 0.32 0.32 0.41 0.47
 0.47 0.48 0.49 0.49 0.49 0.5  0.57 0.6  0.67 0.67 0.68 0.69 0.7  0.86
 0.93 1.01 1.05 1.08 1.11 1.12 1.21 1.29 1.31 1.33 1.36 1.37 1.38 1.41
 1.44 1.46 1.47 1.49 1.51 1.53 1.54 1.71 1.81 1.88 2.04 2.1  2.13 2.25
 2.47 2.58 2.69 3.07]
var: 0.5531588888888884
| [0m50       [0m | [0m1.053    [0m | [0m0.09126  [0m | [0m35.54    [0m | [0m1.5      [0m |
[0.01 0.05 0.05 0.05 0.1  0.12 0.15 0.2  0.21 0.28 0.32 0.35 0.41 0.5
 0.52 0.53 0.58 0.59 0.6  0.64 0.65 0.73 0.75 0.81 0.81 0.82 0.87 0.93
 0.98 1.03 1.06 1.06 1.06 1.15 1.21 1.27 1.28 1.34 1.42 1.43 1.48 1.49
 1.52 1.53 1.56 1.59 1.67 1.71 1.75 1.83 1.87 1.89 2.01 2.07 2.16 2.29
 2.47 2.48 2.64 3.18]
var: 0.5536549722222219
| [0m51       [0m | [0m1.102    [0m | [0m0.266    [0m | [0m4.433    [0m | [0m2.386    [0m |
[0.09 0.3  0.4  0.45 0.53 0.56 0.62 0.8  0.8  0.87 0.94 1.   1.23 1.26
 1.33 1.48 1.5  1.52 1.52 1.53 1.68 1.7  1.72 1.83 1.92 1.93 2.09 2.12
 2.19 2.24 2.26 2.31 2.36 2.39 2.42 2.48 2.5  2.53 2.61 2.62 2.69 2.74
 2.89 3.04 3.18 3.2  3.23 3.24 3.34 3.35 3.47 3.66 3.74 3.93 4.18 4.2
 4.49 4.58 4.92 5.43]
var: 1.5291603055555554
| [0m52       [0m | [0m2.269    [0m | [0m0.01157  [0m | [0m3.136    [0m | [0m0.7366   [0m |
[0.   0.01 0.05 0.07 0.15 0.24 0.24 0.25 0.33 0.34 0.4  0.43 0.43 0.44
 0.48 0.48 0.5  0.57 0.65 0.7  0.73 0.75 0.76 0.78 0.79 0.82 0.94 0.94
 0.98 1.   1.   1.09 1.12 1.17 1.22 1.25 1.26 1.34 1.37 1.39 1.47 1.54
 1.62 1.65 1.67 1.69 1.79 1.93 1.96 2.   2.12 2.21 2.25 2.25 2.25 2.39
 2.69 2.88 2.94 2.96]
var: 0.6326326666666662
| [0m53       [0m | [0m1.162    [0m | [0m0.1584   [0m | [0m30.58    [0m | [0m1.884    [0m |
[0.11 0.16 0.55 0.56 0.58 0.65 0.69 0.71 0.71 0.71 0.73 0.74 0.75 0.86
 0.86 0.86 0.94 1.   1.01 1.01 1.04 1.08 1.08 1.09 1.11 1.12 1.12 1.17
 1.18 1.24 1.3  1.33 1.36 1.37 1.38 1.44 1.53 1.63 1.66 1.68 1.68 1.77
 1.79 1.79 1.86 1.91 2.15 2.21 2.29 2.3  2.31 2.31 2.32 2.35 2.38 2.5
 2.51 2.72 4.66 4.91]
var: 0.776843222222223
| [0m54       [0m | [0m1.48     [0m | [0m0.1806   [0m | [0m9.731    [0m | [0m1.825    [0m |
[0.03 0.03 0.1  0.27 0.36 0.38 0.41 0.53 0.57 0.57 0.59 0.62 0.66 0.7
 0.79 0.82 0.86 0.86 0.86 0.91 0.96 1.   1.   1.02 1.07 1.08 1.15 1.2
 1.22 1.23 1.29 1.29 1.3  1.32 1.33 1.34 1.37 1.4  1.4  1.44 1.46 1.57
 1.64 1.64 1.8  1.84 1.87 1.87 1.95 2.04 2.04 2.07 2.15 2.18 2.28 2.45
 2.49 2.52 3.34 3.44]
var: 0.5415147499999997
| [0m55       [0m | [0m1.3      [0m | [0m0.0906   [0m | [0m8.706    [0m | [0m2.285    [0m |
[0.1  0.1  0.13 0.17 0.18 0.26 0.28 0.31 0.33 0.35 0.45 0.47 0.52 0.53
 0.54 0.56 0.69 0.71 0.75 0.75 0.96 0.98 1.05 1.07 1.07 1.08 1.18 1.2
 1.22 1.3  1.33 1.37 1.47 1.48 1.51 1.53 1.56 1.58 1.65 1.66 1.66 1.74
 1.75 1.82 1.83 1.84 1.88 1.91 1.97 2.06 2.18 2.19 2.22 2.28 2.35 2.43
 2.72 3.1  3.19 3.93]
var: 0.7063615555555549
| [0m56       [0m | [0m1.325    [0m | [0m0.1772   [0m | [0m25.18    [0m | [0m1.123    [0m |
[0.57 0.65 0.81 0.83 0.97 1.05 1.17 1.18 1.22 1.29 1.3  1.32 1.32 1.34
 1.35 1.39 1.43 1.49 1.51 1.51 1.52 1.52 1.54 1.57 1.59 1.61 1.63 1.72
 1.75 1.76 1.77 1.78 1.79 1.86 1.91 1.94 1.95 1.97 1.97 1.97 1.98 2.03
 2.05 2.07 2.09 2.25 2.3  2.35 2.4  2.43 2.53 2.79 2.88 2.92 3.02 3.05
 3.37 3.46 3.64 4.06]
var: 0.5300283055555559
| [0m57       [0m | [0m1.875    [0m | [0m0.1902   [0m | [0m48.22    [0m | [0m0.02301  [0m |
[0.09 0.14 0.16 0.16 0.24 0.35 0.35 0.51 0.52 0.56 0.63 0.76 0.8  0.88
 0.93 0.96 0.96 1.02 1.03 1.04 1.04 1.09 1.1  1.2  1.28 1.29 1.29 1.3
 1.41 1.58 1.67 1.73 1.79 1.79 1.82 1.85 1.86 1.88 1.91 1.93 1.96 2.01
 2.1  2.16 2.2  2.24 2.53 2.53 2.6  2.72 2.81 2.81 2.84 2.93 3.04 3.5
 3.51 3.58 3.7  5.13]
var: 1.0951722222222218
| [0m58       [0m | [0m1.663    [0m | [0m0.1824   [0m | [0m11.61    [0m | [0m0.9424   [0m |
[0.01 0.01 0.06 0.07 0.2  0.41 0.46 0.5  0.58 0.7  0.83 0.85 0.94 0.98
 1.   1.08 1.22 1.25 1.26 1.27 1.28 1.38 1.44 1.47 1.48 1.5  1.57 1.59
 1.63 1.65 1.73 1.77 1.79 1.82 1.85 1.95 2.02 2.04 2.09 2.14 2.14 2.33
 2.36 2.38 2.45 2.5  2.59 2.71 2.76 2.8  2.86 2.9  3.01 3.18 3.25 3.27
 3.62 3.88 4.55 6.19]
var: 1.3303688888888885
| [0m59       [0m | [0m1.827    [0m | [0m0.04386  [0m | [0m22.78    [0m | [0m0.7894   [0m |
[0.15 0.23 0.45 0.54 0.62 0.66 0.74 0.82 0.87 0.99 1.06 1.11 1.18 1.22
 1.22 1.38 1.52 1.6  1.65 1.79 1.91 1.92 2.05 2.06 2.06 2.22 2.35 2.44
 2.45 2.77 2.78 2.89 2.92 2.98 3.   3.06 3.06 3.09 3.13 3.29 3.34 3.36
 3.4  3.64 3.65 3.81 3.9  3.93 4.1  4.3  4.57 4.64 4.83 5.02 5.15 5.23
 5.32 5.52 6.02 7.99]
var: 2.699798750000001
| [0m60       [0m | [0m2.733    [0m | [0m0.001414 [0m | [0m12.19    [0m | [0m0.1451   [0m |
[0.01 0.22 0.25 0.32 0.33 0.4  0.41 0.44 0.5  0.51 0.51 0.52 0.52 0.54
 0.61 0.63 0.66 0.66 0.67 0.69 0.74 0.8  0.83 0.85 0.86 0.86 0.87 0.88
 0.97 0.98 0.98 0.98 1.01 1.02 1.07 1.12 1.13 1.16 1.17 1.22 1.24 1.25
 1.26 1.27 1.3  1.3  1.31 1.33 1.35 1.43 1.44 1.51 1.51 1.53 1.59 1.65
 1.97 2.07 2.42 2.52]
var: 0.26189208333333364
| [0m61       [0m | [0m1.003    [0m | [0m0.09508  [0m | [0m33.26    [0m | [0m2.236    [0m |
[0.   0.03 0.04 0.05 0.06 0.12 0.18 0.26 0.29 0.43 0.44 0.49 0.56 0.67
 0.67 0.69 0.76 0.77 0.8  0.82 0.83 0.93 1.01 1.01 1.01 1.06 1.09 1.13
 1.15 1.2  1.25 1.26 1.26 1.32 1.35 1.38 1.42 1.44 1.54 1.58 1.6  1.62
 1.62 1.62 1.77 1.77 1.77 1.84 1.9  1.94 1.95 2.1  2.17 2.17 2.29 2.56
 2.78 2.99 3.52 4.18]
var: 0.7352283055555561
| [0m62       [0m | [0m1.275    [0m | [0m0.05966  [0m | [0m15.7     [0m | [0m2.707    [0m |
[0.07 0.17 0.17 0.37 0.42 0.42 0.46 0.47 0.49 0.52 0.56 0.58 0.58 0.59
 0.63 0.64 0.73 0.77 0.8  0.8  0.8  0.81 0.82 0.92 0.93 1.03 1.05 1.1
 1.12 1.17 1.23 1.27 1.32 1.45 1.47 1.55 1.56 1.59 1.6  1.61 1.67 1.75
 1.92 1.92 1.97 1.98 1.99 2.07 2.07 2.1  2.19 2.2  2.22 2.23 2.27 2.4
 2.53 2.6  2.74 3.88]
var: 0.6098545555555555
| [0m63       [0m | [0m1.322    [0m | [0m0.2287   [0m | [0m6.183    [0m | [0m1.609    [0m |
[0.01 0.12 0.14 0.15 0.28 0.29 0.35 0.36 0.36 0.38 0.42 0.42 0.44 0.46
 0.49 0.49 0.53 0.54 0.56 0.57 0.58 0.59 0.62 0.66 0.66 0.67 0.68 0.73
 0.74 0.76 0.84 0.89 0.95 0.97 0.98 1.   1.04 1.08 1.13 1.14 1.16 1.17
 1.21 1.24 1.26 1.3  1.36 1.38 1.39 1.42 1.45 1.52 1.61 1.66 1.81 1.93
 2.38 2.39 2.4  3.13]
var: 0.39357066666666723
| [0m64       [0m | [0m0.954    [0m | [0m0.1042   [0m | [0m30.48    [0m | [0m2.768    [0m |
[0.02 0.1  0.13 0.14 0.16 0.18 0.19 0.19 0.33 0.41 0.43 0.48 0.55 0.7
 0.74 0.75 0.82 0.83 0.86 0.87 0.88 0.89 0.96 0.98 1.02 1.02 1.03 1.04
 1.08 1.12 1.15 1.18 1.18 1.19 1.34 1.35 1.37 1.39 1.53 1.56 1.61 1.72
 1.76 1.79 1.81 1.9  1.91 1.99 2.04 2.1  2.18 2.24 2.3  2.41 2.53 2.63
 2.67 2.74 2.81 2.93]
var: 0.6144916388888892
| [0m65       [0m | [0m1.27     [0m | [0m0.1403   [0m | [0m35.83    [0m | [0m1.28     [0m |
[0.   0.   0.   0.03 0.08 0.09 0.1  0.11 0.15 0.17 0.19 0.2  0.2  0.29
 0.31 0.35 0.35 0.36 0.38 0.38 0.39 0.43 0.43 0.43 0.48 0.48 0.51 0.59
 0.64 0.64 0.65 0.67 0.68 0.68 0.69 0.72 0.79 0.79 0.81 0.81 0.95 0.96
 1.04 1.04 1.07 1.28 1.36 1.41 1.45 1.48 1.6  1.63 1.65 1.78 1.96 1.99
 2.03 2.46 2.68 2.78]
var: 0.47402763888888905
| [0m66       [0m | [0m0.8108   [0m | [0m0.1524   [0m | [0m47.82    [0m | [0m2.124    [0m |
[0.02 0.03 0.07 0.14 0.16 0.22 0.23 0.29 0.3  0.39 0.4  0.43 0.49 0.49
 0.49 0.51 0.52 0.54 0.59 0.59 0.62 0.67 0.69 0.7  0.72 0.73 0.73 0.78
 0.78 0.8  0.8  0.9  0.92 0.94 0.95 0.95 0.99 1.   1.05 1.11 1.13 1.17
 1.19 1.2  1.24 1.27 1.37 1.42 1.44 1.46 1.52 1.53 1.67 1.76 1.84 1.9
 2.04 2.08 2.38 2.46]
var: 0.33661333333333304
| [0m67       [0m | [0m0.93     [0m | [0m0.124    [0m | [0m26.04    [0m | [0m2.84     [0m |
[0.03 0.04 0.21 0.21 0.25 0.33 0.38 0.4  0.47 0.48 0.5  0.5  0.51 0.56
 0.56 0.59 0.63 0.68 0.7  0.71 0.77 0.82 0.84 0.85 0.85 0.86 0.9  0.91
 0.92 0.93 0.93 0.94 0.95 0.97 0.99 0.99 0.99 1.01 1.03 1.04 1.15 1.15
 1.2  1.24 1.35 1.38 1.39 1.4  1.42 1.42 1.42 1.43 1.44 1.45 1.46 1.48
 1.68 1.77 1.89 1.89]
var: 0.20039955555555572
| [0m68       [0m | [0m0.9373   [0m | [0m0.2315   [0m | [0m20.73    [0m | [0m2.705    [0m |
[0.01 0.02 0.09 0.13 0.14 0.24 0.26 0.31 0.37 0.37 0.39 0.39 0.4  0.45
 0.46 0.47 0.6  0.63 0.67 0.69 0.71 0.73 0.92 0.97 1.   1.17 1.19 1.2
 1.21 1.24 1.26 1.33 1.42 1.42 1.44 1.47 1.53 1.56 1.56 1.56 1.57 1.58
 1.69 1.69 1.74 1.74 1.74 1.78 1.83 1.86 1.86 1.95 1.95 2.18 2.32 2.47
 2.5  2.62 2.75 3.6 ]
var: 0.6085922222222219
| [0m69       [0m | [0m1.223    [0m | [0m0.2632   [0m | [0m7.68     [0m | [0m1.927    [0m |
[0.05 0.09 0.14 0.28 0.43 0.44 0.47 0.62 0.66 0.68 0.72 0.82 0.83 0.84
 0.84 0.86 0.94 0.95 1.02 1.13 1.16 1.22 1.23 1.26 1.35 1.4  1.4  1.4
 1.44 1.47 1.47 1.48 1.5  1.51 1.56 1.73 1.74 1.77 1.8  1.81 1.81 1.87
 1.9  2.06 2.06 2.06 2.09 2.12 2.19 2.23 2.34 2.43 2.43 2.6  2.63 2.65
 3.06 3.11 3.12 3.95]
var: 0.6733032222222223
| [0m70       [0m | [0m1.52     [0m | [0m0.2529   [0m | [0m9.974    [0m | [0m1.646    [0m |
[0.04 0.06 0.13 0.14 0.15 0.24 0.25 0.3  0.36 0.37 0.44 0.46 0.49 0.5
 0.61 0.62 0.67 0.69 0.76 0.78 0.8  0.86 0.87 0.89 0.9  0.92 1.   1.02
 1.03 1.03 1.08 1.12 1.2  1.23 1.23 1.25 1.27 1.4  1.41 1.45 1.46 1.51
 1.52 1.62 1.72 1.78 1.81 1.82 1.83 1.86 1.96 1.96 1.96 2.07 2.15 2.19
 2.2  2.24 2.59 2.71]
var: 0.46446322222222247
| [0m71       [0m | [0m1.15     [0m | [0m0.06651  [0m | [0m40.55    [0m | [0m1.005    [0m |
[0.   0.04 0.06 0.08 0.11 0.12 0.15 0.17 0.18 0.2  0.22 0.23 0.27 0.31
 0.31 0.33 0.35 0.37 0.38 0.39 0.4  0.44 0.47 0.5  0.5  0.51 0.52 0.53
 0.58 0.59 0.6  0.62 0.62 0.72 0.85 0.86 0.88 0.88 0.88 0.9  0.94 0.94
 0.96 0.97 1.02 1.02 1.03 1.03 1.06 1.08 1.1  1.16 1.35 1.35 1.36 1.39
 1.41 1.75 1.91 2.4 ]
var: 0.2446209722222225
| [0m72       [0m | [0m0.7058   [0m | [0m0.2467   [0m | [0m48.78    [0m | [0m2.663    [0m |
[0.04 0.14 0.15 0.17 0.27 0.28 0.3  0.31 0.38 0.38 0.46 0.47 0.5  0.5
 0.51 0.59 0.6  0.68 0.72 0.73 0.78 0.78 0.96 0.96 0.98 1.02 1.07 1.07
 1.16 1.22 1.25 1.26 1.26 1.44 1.46 1.54 1.54 1.56 1.65 1.67 1.69 1.7
 1.72 1.72 1.73 1.76 1.87 1.9  1.99 2.   2.02 2.33 2.39 2.56 2.63 2.75
 3.08 3.38 4.24 5.64]
var: 1.064681638888889
| [0m73       [0m | [0m1.365    [0m | [0m0.2314   [0m | [0m14.62    [0m | [0m2.411    [0m |
[0.09 0.23 0.29 0.33 0.39 0.45 0.47 0.47 0.49 0.51 0.53 0.55 0.56 0.57
 0.58 0.62 0.62 0.72 0.74 0.74 0.75 0.75 0.85 0.89 0.9  0.91 0.92 0.96
 0.99 1.05 1.09 1.11 1.13 1.14 1.21 1.37 1.38 1.43 1.47 1.53 1.71 1.75
 1.77 1.78 1.78 1.9  1.94 1.96 1.97 2.09 2.19 2.19 2.23 2.45 2.79 3.33
 4.12 4.13 4.53 5.38]
var: 1.1884869722222222
| [0m74       [0m | [0m1.396    [0m | [0m0.1834   [0m | [0m5.644    [0m | [0m1.636    [0m |
[0.02 0.15 0.22 0.23 0.23 0.24 0.26 0.34 0.4  0.46 0.55 0.69 0.79 0.79
 0.85 0.89 1.   1.02 1.11 1.14 1.14 1.15 1.19 1.26 1.33 1.33 1.37 1.39
 1.4  1.4  1.44 1.46 1.51 1.58 1.65 1.74 1.77 1.84 1.88 1.91 1.92 1.92
 1.97 1.99 2.   2.01 2.13 2.15 2.19 2.2  2.3  2.38 2.49 2.55 2.55 2.59
 3.18 3.28 4.77 4.96]
var: 0.9717276388888897
| [0m75       [0m | [0m1.544    [0m | [0m0.2011   [0m | [0m45.82    [0m | [0m0.1795   [0m |
[0.03 0.03 0.03 0.12 0.14 0.16 0.17 0.2  0.22 0.27 0.33 0.33 0.39 0.39
 0.51 0.54 0.54 0.55 0.57 0.58 0.63 0.74 0.76 0.81 0.82 0.84 0.88 0.96
 0.96 0.98 1.15 1.17 1.17 1.26 1.29 1.35 1.37 1.46 1.47 1.48 1.5  1.51
 1.7  1.72 1.73 1.75 1.77 1.86 1.92 1.95 2.02 2.11 2.25 2.26 2.45 2.73
 2.93 3.57 4.41 4.74]
var: 1.009170305555556
| [0m76       [0m | [0m1.242    [0m | [0m0.2748   [0m | [0m6.4      [0m | [0m1.707    [0m |
[0.13 0.18 0.32 0.42 0.43 0.45 0.57 0.72 0.84 0.9  1.13 1.18 1.2  1.28
 1.28 1.3  1.34 1.42 1.48 1.54 1.62 1.64 1.67 1.68 1.69 1.82 1.82 1.88
 1.88 1.91 1.93 1.96 1.99 1.99 2.04 2.05 2.07 2.1  2.11 2.11 2.14 2.16
 2.18 2.23 2.3  2.36 2.54 2.58 2.59 2.68 2.88 2.9  2.91 3.17 3.66 3.84
 3.84 3.94 5.24 6.68]
var: 1.3342894166666672
| [0m77       [0m | [0m1.982    [0m | [0m0.1207   [0m | [0m5.899    [0m | [0m0.667    [0m |
[0.07 0.1  0.1  0.12 0.21 0.22 0.25 0.26 0.27 0.33 0.35 0.35 0.38 0.41
 0.45 0.49 0.55 0.69 0.7  0.78 0.93 0.94 0.97 0.98 1.   1.16 1.2  1.2
 1.21 1.23 1.29 1.34 1.41 1.44 1.46 1.46 1.54 1.58 1.62 1.63 1.65 1.66
 1.7  1.74 1.84 1.85 1.86 1.86 2.09 2.24 2.25 2.29 2.3  2.48 2.64 2.76
 3.01 3.07 3.65 4.13]
var: 0.8473323333333334
| [0m78       [0m | [0m1.329    [0m | [0m0.0804   [0m | [0m3.503    [0m | [0m1.306    [0m |
[0.15 0.29 0.42 0.45 0.49 0.56 0.58 0.6  0.64 0.66 0.71 0.74 0.79 0.85
 0.88 0.89 0.91 1.18 1.27 1.28 1.42 1.51 1.53 1.65 1.67 1.69 1.74 1.74
 1.75 1.76 1.78 1.84 1.89 2.04 2.04 2.12 2.2  2.21 2.21 2.31 2.32 2.4
 2.55 2.6  2.62 2.66 2.69 2.7  2.78 2.82 2.97 3.16 3.18 3.29 3.57 3.61
 3.82 4.44 5.09 5.88]
var: 1.4072016388888886
| [0m79       [0m | [0m1.943    [0m | [0m0.03498  [0m | [0m28.94    [0m | [0m0.7472   [0m |
[0.13 0.2  0.23 0.24 0.27 0.42 0.42 0.42 0.46 0.5  0.51 0.53 0.59 0.64
 0.67 0.7  0.74 0.75 0.76 0.8  0.8  0.8  0.87 0.96 1.03 1.04 1.04 1.05
 1.06 1.06 1.09 1.11 1.13 1.13 1.17 1.18 1.19 1.22 1.33 1.41 1.46 1.48
 1.52 1.53 1.55 1.59 1.64 1.68 1.73 1.82 1.85 1.98 2.   2.17 2.17 2.19
 2.6  2.67 2.68 3.04]
var: 0.4549955555555552
| [0m80       [0m | [0m1.183    [0m | [0m0.2336   [0m | [0m25.42    [0m | [0m1.835    [0m |
=============================================================
None
num_trials:  40  inits,  40  iters,  60  per
rho:  1
pthin:  0.99

Best VPT: 3.4390000000000005
Best result: {'a': 0.10679412631474963, 'g': 8.97024678441912, 's': 0.13275421055352205}

KERNEL: nu=1.5, lengthscale=2.0, alpha=0.0005
