|   iter    |  target   |     a     |     g     |     s     |
-------------------------------------------------------------
[0.01 0.01 0.01 0.03 0.08 0.08 0.08 0.12 0.16 0.2  0.23 0.33 0.33 0.36
 0.37 0.38 0.41 0.42 0.42 0.42 0.43 0.44 0.44 0.45 0.47 0.54 0.54 0.55
 0.55 0.57 0.59 0.62 0.63 0.72 0.75 0.75 0.79 0.8  0.83 0.84 0.87 0.87
 0.89 0.9  0.9  0.91 0.92 0.98 1.04 1.11 1.12 1.13 1.2  1.36 1.51 1.53
 1.75 1.88 1.93 2.48]
var: 0.26276475000000044
| [0m1        [0m | [0m0.7005   [0m | [0m0.1639   [0m | [0m41.96    [0m | [0m2.552    [0m |
[0.02 0.04 0.04 0.07 0.1  0.15 0.18 0.21 0.23 0.27 0.27 0.29 0.3  0.3
 0.33 0.34 0.35 0.36 0.36 0.39 0.42 0.42 0.44 0.47 0.48 0.5  0.56 0.57
 0.59 0.61 0.61 0.64 0.64 0.65 0.66 0.68 0.68 0.7  0.71 0.73 0.73 0.77
 0.78 0.82 0.84 0.87 0.9  0.91 1.   1.01 1.05 1.09 1.13 1.22 1.22 1.23
 1.26 1.32 1.89 2.14]
var: 0.17928122222222212
| [0m2        [0m | [0m0.6423   [0m | [0m0.03954  [0m | [0m45.14    [0m | [0m2.993    [0m |
[0.   0.01 0.03 0.04 0.09 0.1  0.11 0.11 0.11 0.12 0.14 0.19 0.22 0.25
 0.27 0.27 0.32 0.33 0.34 0.46 0.47 0.48 0.49 0.52 0.52 0.54 0.57 0.58
 0.59 0.63 0.63 0.63 0.64 0.67 0.69 0.71 0.77 0.79 0.86 0.88 0.95 0.96
 1.09 1.09 1.19 1.23 1.24 1.25 1.31 1.34 1.4  1.41 1.5  1.57 1.69 1.7
 1.73 2.07 2.09 2.2 ]
var: 0.3305243333333339
| [95m3        [0m | [95m0.753    [0m | [95m0.1442   [0m | [95m47.37    [0m | [95m0.7649   [0m |
[0.19 0.33 0.47 0.51 0.55 0.56 0.56 0.59 0.6  0.6  0.62 0.62 0.64 0.66
 0.68 0.69 0.71 0.76 0.78 0.79 0.83 0.88 0.93 0.94 0.97 0.99 0.99 1.12
 1.17 1.19 1.22 1.26 1.27 1.28 1.29 1.29 1.37 1.4  1.43 1.46 1.52 1.61
 1.67 1.68 1.68 1.68 1.73 1.76 1.76 1.88 1.89 1.93 2.08 2.1  2.1  2.14
 2.44 2.72 2.74 2.87]
var: 0.40228030555555544
| [95m4        [0m | [95m1.253    [0m | [95m0.1919   [0m | [95m48.65    [0m | [95m0.2951   [0m |
[0.01 0.07 0.08 0.08 0.12 0.12 0.13 0.16 0.16 0.18 0.2  0.2  0.2  0.22
 0.27 0.29 0.3  0.31 0.31 0.38 0.43 0.44 0.46 0.5  0.54 0.54 0.54 0.62
 0.63 0.67 0.71 0.72 0.78 0.81 0.86 0.86 0.86 0.86 0.88 0.95 0.95 1.03
 1.11 1.12 1.14 1.17 1.19 1.2  1.26 1.33 1.42 1.44 1.46 1.51 1.55 1.59
 1.66 1.77 2.14 3.1 ]
var: 0.35717941666666697
| [0m5        [0m | [0m0.7765   [0m | [0m0.1676   [0m | [0m48.91    [0m | [0m2.293    [0m |
[0.   0.02 0.05 0.06 0.07 0.1  0.13 0.16 0.16 0.18 0.23 0.23 0.24 0.25
 0.27 0.29 0.32 0.32 0.32 0.35 0.36 0.38 0.42 0.43 0.45 0.45 0.46 0.47
 0.49 0.55 0.6  0.64 0.65 0.65 0.67 0.7  0.74 0.77 0.8  0.86 0.92 0.94
 0.96 1.   1.1  1.16 1.19 1.22 1.3  1.37 1.4  1.46 1.51 1.58 1.58 2.11
 2.11 2.22 2.64 3.39]
var: 0.4733476388888879
| [0m6        [0m | [0m0.7742   [0m | [0m0.03911  [0m | [0m49.72    [0m | [0m1.234    [0m |
[0.   0.01 0.01 0.03 0.04 0.05 0.06 0.06 0.12 0.18 0.18 0.21 0.24 0.29
 0.29 0.3  0.35 0.45 0.47 0.53 0.54 0.55 0.61 0.63 0.67 0.68 0.69 0.71
 0.72 0.73 0.75 0.77 0.8  0.81 0.82 0.9  0.95 1.   1.06 1.07 1.08 1.1
 1.13 1.19 1.22 1.25 1.25 1.28 1.29 1.3  1.32 1.33 1.49 1.5  1.54 1.75
 1.94 2.02 2.03 2.39]
var: 0.3313336388888889
| [0m7        [0m | [0m0.8122   [0m | [0m0.2094   [0m | [0m36.58    [0m | [0m1.428    [0m |
[0.31 0.54 0.59 0.64 0.66 0.72 0.72 0.78 0.88 0.91 0.98 1.   1.01 1.05
 1.06 1.13 1.23 1.24 1.25 1.28 1.3  1.37 1.4  1.42 1.44 1.46 1.49 1.55
 1.56 1.56 1.6  1.61 1.61 1.71 1.72 1.74 1.74 1.74 1.75 1.79 1.9  1.95
 1.95 2.01 2.12 2.24 2.28 2.31 2.33 2.4  2.43 2.46 2.48 2.61 2.71 2.77
 3.16 3.43 3.64 4.59]
var: 0.6535127499999999
| [95m8        [0m | [95m1.689    [0m | [95m0.08872  [0m | [95m20.1     [0m | [95m0.2517   [0m |
[0.   0.01 0.08 0.12 0.15 0.16 0.2  0.23 0.24 0.25 0.29 0.31 0.4  0.4
 0.42 0.42 0.43 0.44 0.44 0.45 0.46 0.47 0.56 0.57 0.58 0.58 0.61 0.62
 0.63 0.64 0.67 0.67 0.7  0.71 0.73 0.75 0.78 0.78 0.79 0.86 0.88 0.94
 0.98 1.02 1.16 1.19 1.2  1.24 1.32 1.34 1.34 1.36 1.54 1.55 1.6  1.63
 1.76 1.93 2.45 2.58]
var: 0.3176560833333336
| [0m9        [0m | [0m0.7935   [0m | [0m0.03695  [0m | [0m41.26    [0m | [0m1.913    [0m |
[0.19 0.25 0.49 0.63 0.64 0.64 0.64 0.66 0.66 0.7  0.72 0.73 0.79 0.84
 0.84 0.88 0.96 1.01 1.03 1.05 1.16 1.24 1.25 1.26 1.31 1.37 1.4  1.4
 1.42 1.42 1.45 1.46 1.47 1.52 1.54 1.55 1.59 1.65 1.67 1.73 1.83 1.83
 1.9  1.95 1.95 2.02 2.03 2.3  2.32 2.51 2.59 2.64 2.67 2.81 2.82 3.
 3.27 3.45 4.13 4.43]
var: 0.8147945555555556
| [0m10       [0m | [0m1.594    [0m | [0m0.131    [0m | [0m22.17    [0m | [0m0.3077   [0m |
[0.01 0.05 0.11 0.14 0.15 0.19 0.19 0.21 0.22 0.23 0.23 0.31 0.34 0.35
 0.36 0.37 0.37 0.51 0.52 0.53 0.58 0.62 0.62 0.63 0.65 0.67 0.68 0.69
 0.7  0.72 0.74 0.74 0.84 0.89 0.9  0.92 0.94 1.03 1.04 1.16 1.17 1.27
 1.28 1.32 1.41 1.41 1.42 1.43 1.44 1.56 1.6  1.61 1.65 1.73 1.76 1.81
 1.92 1.97 2.16 2.42]
var: 0.3561527500000006
| [0m11       [0m | [0m0.8915   [0m | [0m0.1962   [0m | [0m10.77    [0m | [0m0.9473   [0m |
[0.16 0.32 0.33 0.37 0.43 0.63 0.67 0.68 0.68 0.7  0.76 0.78 0.79 0.8
 0.81 0.82 0.82 0.83 0.91 0.94 0.98 0.99 1.03 1.03 1.06 1.07 1.07 1.14
 1.17 1.19 1.23 1.24 1.27 1.4  1.43 1.47 1.48 1.51 1.51 1.52 1.59 1.65
 1.67 1.68 1.69 1.72 1.81 1.9  1.91 1.94 1.97 2.04 2.05 2.06 2.12 2.4
 2.56 2.73 3.21 3.67]
var: 0.4818149722222223
| [0m12       [0m | [0m1.34     [0m | [0m0.2109   [0m | [0m23.15    [0m | [0m0.4449   [0m |
[0.   0.   0.01 0.03 0.11 0.11 0.13 0.15 0.17 0.18 0.22 0.23 0.25 0.26
 0.27 0.31 0.34 0.35 0.38 0.39 0.43 0.49 0.51 0.56 0.57 0.59 0.6  0.62
 0.63 0.65 0.71 0.73 0.74 0.8  0.81 0.87 0.89 0.89 0.91 0.92 0.96 1.05
 1.11 1.14 1.14 1.14 1.14 1.16 1.19 1.24 1.25 1.25 1.43 1.49 1.54 1.62
 1.68 1.99 2.01 2.31]
var: 0.2959876388888888
| [0m13       [0m | [0m0.7608   [0m | [0m0.05709  [0m | [0m38.32    [0m | [0m1.469    [0m |
[0.   0.   0.   0.   0.   0.   0.   0.   0.   0.   0.   0.   0.   0.
 0.   0.   0.   0.   0.   0.   0.   0.   0.   0.   0.   0.   0.   0.
 0.   0.   0.   0.   0.   0.   0.   0.   0.   0.   0.   0.   0.   0.
 0.   0.   0.   0.   0.   0.   0.   0.   0.   0.   0.   0.   0.03 0.04
 0.04 0.06 0.07 0.15]
var: 0.0005427499999999969
| [0m14       [0m | [0m0.0065   [0m | [0m0.1942   [0m | [0m1.395    [0m | [0m0.004696 [0m |
[0.   0.03 0.11 0.16 0.18 0.22 0.23 0.24 0.31 0.33 0.39 0.43 0.46 0.49
 0.57 0.57 0.69 0.7  0.71 0.72 0.73 0.74 0.75 0.75 0.77 0.79 0.8  0.83
 0.84 0.84 0.85 0.87 0.9  0.9  0.9  0.95 0.95 1.04 1.05 1.08 1.11 1.17
 1.2  1.2  1.22 1.25 1.29 1.29 1.31 1.31 1.33 1.33 1.34 1.36 1.36 1.39
 1.53 1.7  1.89 2.46]
var: 0.22572163888888888
| [0m15       [0m | [0m0.8818   [0m | [0m0.1833   [0m | [0m16.22    [0m | [0m2.573    [0m |
[0.   0.   0.   0.   0.   0.02 0.03 0.08 0.08 0.1  0.1  0.1  0.12 0.13
 0.13 0.17 0.25 0.26 0.26 0.28 0.33 0.33 0.34 0.37 0.39 0.39 0.41 0.41
 0.42 0.42 0.44 0.45 0.46 0.51 0.53 0.56 0.59 0.63 0.66 0.68 0.7  0.75
 0.75 0.75 0.78 0.8  0.81 0.87 0.88 0.94 1.02 1.08 1.13 1.13 1.19 1.34
 1.55 1.56 1.73 1.88]
var: 0.20952697222222277
| [0m16       [0m | [0m0.5512   [0m | [0m0.2725   [0m | [0m43.99    [0m | [0m2.593    [0m |
[0.   0.   0.   0.   0.   0.01 0.05 0.06 0.1  0.14 0.15 0.19 0.19 0.22
 0.22 0.23 0.24 0.24 0.25 0.3  0.34 0.35 0.41 0.42 0.43 0.44 0.47 0.47
 0.49 0.52 0.52 0.52 0.55 0.56 0.56 0.6  0.6  0.62 0.65 0.65 0.68 0.69
 0.7  0.74 0.77 0.81 0.83 0.83 0.87 0.89 0.97 1.   1.09 1.1  1.15 1.18
 1.27 1.32 1.62 1.66]
var: 0.16248697222222225
| [0m17       [0m | [0m0.5488   [0m | [0m0.1643   [0m | [0m44.4     [0m | [0m2.959    [0m |
[0.03 0.05 0.07 0.08 0.21 0.23 0.25 0.27 0.27 0.3  0.34 0.35 0.37 0.38
 0.42 0.42 0.43 0.43 0.47 0.5  0.53 0.53 0.57 0.6  0.63 0.65 0.65 0.65
 0.72 0.72 0.72 0.84 0.85 0.87 0.87 0.9  0.92 0.94 0.94 0.96 0.96 1.03
 1.05 1.19 1.23 1.32 1.42 1.44 1.46 1.56 1.58 1.58 1.7  1.81 1.88 1.9
 2.03 3.13 3.21 3.48]
var: 0.547699416666667
| [0m18       [0m | [0m0.9315   [0m | [0m0.03177  [0m | [0m42.89    [0m | [0m1.381    [0m |
[0.   0.01 0.01 0.02 0.04 0.05 0.07 0.1  0.12 0.18 0.19 0.21 0.23 0.24
 0.24 0.25 0.25 0.28 0.3  0.33 0.44 0.47 0.53 0.58 0.58 0.59 0.62 0.64
 0.64 0.73 0.76 0.8  0.81 0.82 0.83 0.89 0.93 0.95 1.02 1.09 1.09 1.13
 1.14 1.16 1.17 1.18 1.19 1.22 1.22 1.33 1.44 1.46 1.74 1.77 1.82 1.93
 1.95 2.01 2.15 2.42]
var: 0.38287400000000016
| [0m19       [0m | [0m0.806    [0m | [0m0.2988   [0m | [0m38.95    [0m | [0m1.357    [0m |
[0.01 0.01 0.04 0.06 0.1  0.14 0.15 0.16 0.21 0.22 0.26 0.26 0.26 0.29
 0.29 0.3  0.33 0.33 0.34 0.34 0.38 0.39 0.39 0.4  0.41 0.42 0.44 0.47
 0.48 0.49 0.51 0.53 0.56 0.57 0.59 0.61 0.66 0.69 0.69 0.69 0.74 0.8
 0.82 0.84 0.89 0.89 0.9  0.97 1.02 1.02 1.1  1.27 1.32 1.37 1.4  1.51
 1.51 1.54 2.17 2.29]
var: 0.24688955555555545
| [0m20       [0m | [0m0.6473   [0m | [0m0.06141  [0m | [0m46.44    [0m | [0m2.594    [0m |
[0.   0.03 0.03 0.14 0.16 0.17 0.2  0.23 0.24 0.27 0.29 0.3  0.35 0.36
 0.38 0.39 0.4  0.48 0.49 0.5  0.51 0.52 0.54 0.58 0.58 0.59 0.61 0.62
 0.65 0.67 0.67 0.68 0.71 0.72 0.73 0.74 0.8  0.82 0.84 0.86 0.86 0.91
 0.92 0.99 1.04 1.12 1.14 1.2  1.24 1.28 1.37 1.39 1.42 1.43 1.6  1.68
 1.68 1.89 3.55 3.7 ]
var: 0.47147233333333355
| [0m21       [0m | [0m0.821    [0m | [0m0.05386  [0m | [0m35.17    [0m | [0m2.596    [0m |
[0.01 0.02 0.02 0.02 0.11 0.15 0.26 0.29 0.31 0.31 0.36 0.37 0.41 0.48
 0.48 0.51 0.53 0.53 0.53 0.55 0.63 0.64 0.66 0.67 0.67 0.68 0.69 0.7
 0.77 0.79 0.8  0.85 0.87 0.89 0.92 0.94 0.94 0.99 1.03 1.03 1.04 1.06
 1.08 1.09 1.1  1.1  1.14 1.16 1.18 1.24 1.26 1.28 1.32 1.37 1.61 1.65
 1.72 1.91 2.03 2.35]
var: 0.2537349999999999
| [0m22       [0m | [0m0.835    [0m | [0m0.2458   [0m | [0m17.01    [0m | [0m2.33     [0m |
[0.2  0.24 0.31 0.38 0.48 0.56 0.71 0.72 0.77 0.85 0.91 0.92 0.92 0.93
 0.97 0.98 1.03 1.03 1.04 1.08 1.08 1.08 1.08 1.09 1.15 1.16 1.18 1.19
 1.22 1.24 1.33 1.34 1.35 1.36 1.39 1.46 1.55 1.67 1.71 1.73 1.78 1.88
 1.89 1.93 2.01 2.03 2.08 2.1  2.15 2.15 2.17 2.23 2.23 2.25 2.51 2.74
 2.78 3.09 3.2  3.49]
var: 0.542296
| [0m23       [0m | [0m1.468    [0m | [0m0.1109   [0m | [0m3.077    [0m | [0m0.1842   [0m |
[0.   0.   0.   0.   0.01 0.03 0.06 0.07 0.07 0.09 0.09 0.1  0.11 0.13
 0.18 0.19 0.19 0.19 0.2  0.22 0.23 0.23 0.26 0.26 0.27 0.27 0.28 0.28
 0.28 0.28 0.3  0.31 0.32 0.33 0.35 0.36 0.36 0.37 0.37 0.38 0.39 0.42
 0.42 0.43 0.44 0.44 0.47 0.47 0.48 0.49 0.49 0.53 0.54 0.56 0.57 0.59
 0.59 0.6  0.94 1.11]
var: 0.04663941666666662
| [0m24       [0m | [0m0.3165   [0m | [0m0.2668   [0m | [0m0.3621   [0m | [0m0.9623   [0m |
[0.53 0.54 0.58 0.6  0.61 0.62 0.64 0.65 0.68 0.73 0.77 0.81 0.9  0.92
 0.93 0.94 0.96 1.03 1.05 1.05 1.06 1.09 1.19 1.2  1.22 1.24 1.24 1.25
 1.26 1.27 1.29 1.3  1.3  1.4  1.41 1.43 1.51 1.53 1.56 1.56 1.6  1.61
 1.63 1.65 1.67 1.69 1.71 1.73 1.76 1.8  1.81 1.81 1.96 2.01 2.03 2.05
 2.14 2.52 2.64 3.12]
var: 0.2958760833333335
| [0m25       [0m | [0m1.347    [0m | [0m0.1874   [0m | [0m37.73    [0m | [0m0.1569   [0m |
[0.02 0.05 0.08 0.11 0.12 0.14 0.15 0.17 0.19 0.22 0.22 0.23 0.23 0.26
 0.26 0.27 0.28 0.28 0.3  0.3  0.31 0.33 0.33 0.36 0.37 0.38 0.39 0.39
 0.39 0.39 0.42 0.42 0.42 0.44 0.44 0.51 0.53 0.54 0.58 0.6  0.61 0.64
 0.65 0.68 0.68 0.69 0.73 0.75 0.78 0.78 0.79 0.8  0.89 0.92 0.98 1.18
 1.25 1.34 1.43 1.83]
var: 0.12937322222222222
| [0m26       [0m | [0m0.5137   [0m | [0m0.1307   [0m | [0m4.181    [0m | [0m0.7831   [0m |
[0.5  0.58 0.63 0.64 0.78 0.78 0.8  0.83 0.84 0.85 0.86 0.92 0.93 0.97
 0.98 0.99 1.02 1.03 1.04 1.1  1.17 1.17 1.23 1.26 1.36 1.47 1.49 1.49
 1.5  1.58 1.61 1.69 1.73 1.74 1.75 1.75 1.91 1.94 1.98 2.08 2.13 2.15
 2.32 2.34 2.5  2.6  2.61 2.76 2.82 2.88 2.89 2.94 2.99 3.03 3.14 3.15
 3.39 4.45 4.97 6.45]
var: 1.2741726666666664
| [95m27       [0m | [95m1.858    [0m | [95m0.04205  [0m | [95m14.64    [0m | [95m0.1231   [0m |
[0.   0.01 0.01 0.04 0.04 0.05 0.07 0.1  0.1  0.12 0.28 0.29 0.35 0.35
 0.35 0.36 0.37 0.38 0.45 0.52 0.52 0.54 0.57 0.62 0.62 0.64 0.67 0.74
 0.74 0.77 0.77 0.79 0.81 0.85 0.87 0.88 0.9  0.92 0.94 0.97 1.02 1.02
 1.06 1.1  1.11 1.28 1.28 1.29 1.32 1.35 1.39 1.42 1.51 1.61 1.65 1.7
 1.95 2.14 2.15 2.27]
var: 0.3335294166666669
| [0m28       [0m | [0m0.8165   [0m | [0m0.1485   [0m | [0m21.78    [0m | [0m1.69     [0m |
[0.55 0.55 0.59 0.61 0.61 0.63 0.64 0.65 0.67 0.7  0.85 0.92 0.93 0.96
 0.98 0.99 1.04 1.05 1.06 1.08 1.1  1.11 1.13 1.15 1.19 1.2  1.23 1.24
 1.25 1.29 1.37 1.4  1.42 1.45 1.47 1.48 1.5  1.58 1.59 1.59 1.65 1.69
 1.73 1.8  1.87 1.87 1.88 1.89 1.89 1.89 2.03 2.04 2.12 2.15 2.38 2.43
 2.49 2.49 3.3  4.2 ]
var: 0.46517830555555556
| [0m29       [0m | [0m1.443    [0m | [0m0.1014   [0m | [0m40.19    [0m | [0m0.2712   [0m |
[0.   0.05 0.07 0.08 0.12 0.14 0.19 0.19 0.26 0.29 0.32 0.36 0.41 0.43
 0.47 0.53 0.57 0.63 0.63 0.68 0.7  0.73 0.74 0.75 0.76 0.76 0.79 0.81
 0.83 0.91 0.92 0.99 1.06 1.13 1.14 1.2  1.3  1.36 1.37 1.46 1.51 1.57
 1.59 1.63 1.63 1.65 1.7  1.76 1.78 1.98 2.03 2.04 2.09 2.12 2.15 2.39
 2.4  2.45 2.87 3.63]
var: 0.6256872222222224
| [0m30       [0m | [0m1.118    [0m | [0m0.04274  [0m | [0m25.46    [0m | [0m1.411    [0m |
[0.02 0.08 0.17 0.22 0.26 0.35 0.36 0.36 0.39 0.4  0.41 0.45 0.45 0.46
 0.48 0.51 0.51 0.53 0.53 0.56 0.57 0.57 0.64 0.7  0.71 0.72 0.73 0.79
 0.79 0.86 0.86 1.01 1.01 1.05 1.14 1.15 1.17 1.2  1.2  1.26 1.27 1.31
 1.43 1.45 1.47 1.59 1.6  1.61 1.67 1.83 1.86 2.04 2.1  2.24 2.27 2.36
 2.55 2.59 2.81 5.15]
var: 0.7518003055555558
| [0m31       [0m | [0m1.114    [0m | [0m0.04101  [0m | [0m7.808    [0m | [0m0.647    [0m |
[0.   0.   0.02 0.06 0.06 0.06 0.08 0.11 0.11 0.14 0.16 0.18 0.19 0.2
 0.21 0.26 0.28 0.32 0.34 0.35 0.35 0.38 0.4  0.41 0.41 0.43 0.44 0.46
 0.46 0.48 0.5  0.51 0.52 0.55 0.56 0.57 0.58 0.64 0.66 0.66 0.71 0.74
 0.75 0.83 0.85 0.87 0.9  0.91 0.98 0.99 1.   1.08 1.09 1.12 1.19 1.21
 1.28 1.29 1.4  1.5 ]
var: 0.15322163888888865
| [0m32       [0m | [0m0.5632   [0m | [0m0.1925   [0m | [0m48.95    [0m | [0m2.348    [0m |
[0.04 0.11 0.11 0.13 0.14 0.15 0.19 0.2  0.21 0.21 0.31 0.31 0.32 0.33
 0.33 0.45 0.45 0.47 0.49 0.5  0.52 0.53 0.54 0.55 0.6  0.62 0.63 0.64
 0.66 0.72 0.72 0.72 0.73 0.73 0.74 0.76 0.76 0.77 0.78 0.79 0.79 0.81
 0.82 0.87 0.9  0.96 0.97 1.01 1.2  1.29 1.33 1.34 1.57 1.83 1.84 1.88
 2.24 2.48 2.57 3.05]
var: 0.40823497222222277
| [0m33       [0m | [0m0.8118   [0m | [0m0.1887   [0m | [0m11.06    [0m | [0m1.184    [0m |
[0.07 0.08 0.1  0.13 0.16 0.17 0.18 0.2  0.33 0.34 0.37 0.38 0.4  0.41
 0.44 0.46 0.51 0.6  0.67 0.7  0.7  0.71 0.73 0.77 0.79 0.8  0.82 0.83
 0.85 0.89 0.91 0.94 0.98 0.99 1.   1.07 1.13 1.18 1.2  1.21 1.22 1.25
 1.26 1.33 1.34 1.39 1.4  1.45 1.46 1.46 1.52 1.6  1.77 1.84 1.95 2.1
 2.48 2.64 2.64 2.74]
var: 0.4362162222222226
| [0m34       [0m | [0m1.001    [0m | [0m0.2286   [0m | [0m12.05    [0m | [0m1.369    [0m |
[0.08 0.11 0.18 0.21 0.22 0.24 0.26 0.26 0.27 0.3  0.3  0.32 0.34 0.35
 0.37 0.39 0.41 0.42 0.43 0.43 0.45 0.45 0.47 0.47 0.51 0.53 0.55 0.56
 0.58 0.62 0.63 0.64 0.64 0.66 0.66 0.67 0.69 0.74 0.74 0.75 0.76 0.78
 0.8  0.81 0.87 0.87 0.9  0.93 0.97 0.98 1.03 1.06 1.2  1.2  1.43 1.43
 1.44 1.45 1.47 2.02]
var: 0.15672055555555564
| [0m35       [0m | [0m0.6717   [0m | [0m0.1448   [0m | [0m3.562    [0m | [0m2.653    [0m |
[0.02 0.05 0.05 0.05 0.1  0.11 0.15 0.16 0.19 0.22 0.22 0.27 0.35 0.39
 0.42 0.43 0.45 0.48 0.49 0.49 0.51 0.53 0.54 0.54 0.56 0.57 0.58 0.6
 0.6  0.61 0.63 0.63 0.64 0.66 0.67 0.71 0.71 0.75 0.78 0.81 0.83 0.86
 0.91 0.95 0.97 1.03 1.04 1.07 1.13 1.15 1.15 1.23 1.24 1.25 1.38 1.7
 1.73 2.07 2.34 3.13]
var: 0.3273993333333335
| [0m36       [0m | [0m0.748    [0m | [0m0.08898  [0m | [0m40.75    [0m | [0m2.512    [0m |
[0.44 0.57 0.57 0.59 0.61 0.64 0.68 0.73 0.99 1.06 1.09 1.1  1.11 1.27
 1.31 1.41 1.44 1.57 1.57 1.77 1.93 1.93 2.   2.   2.04 2.07 2.13 2.16
 2.16 2.25 2.3  2.3  2.31 2.44 2.45 2.46 2.47 2.52 2.52 2.52 2.55 2.6
 2.69 2.7  2.72 3.07 3.07 3.13 3.14 3.25 3.26 3.3  3.3  3.33 3.44 3.59
 3.85 3.88 4.57 5.27]
var: 1.097178305555556
| [95m37       [0m | [95m2.203    [0m | [95m0.05214  [0m | [95m25.39    [0m | [95m0.06794  [0m |
[0.03 0.04 0.1  0.13 0.17 0.21 0.23 0.27 0.27 0.28 0.29 0.3  0.31 0.33
 0.35 0.4  0.44 0.45 0.45 0.47 0.47 0.51 0.52 0.52 0.52 0.52 0.55 0.55
 0.59 0.62 0.68 0.71 0.73 0.73 0.73 0.75 0.77 0.77 0.77 0.79 0.81 0.84
 0.86 0.91 0.94 0.95 0.99 0.99 1.02 1.05 1.07 1.09 1.1  1.11 1.13 1.15
 1.17 1.32 1.56 1.7 ]
var: 0.13576266666666678
| [0m38       [0m | [0m0.668    [0m | [0m0.01318  [0m | [0m0.2638   [0m | [0m0.2119   [0m |
[0.31 0.37 0.37 0.39 0.41 0.43 0.45 0.45 0.47 0.53 0.55 0.56 0.56 0.58
 0.58 0.63 0.68 0.68 0.7  0.7  0.74 0.77 0.81 0.91 0.91 0.91 0.96 0.98
 1.04 1.05 1.09 1.1  1.12 1.14 1.15 1.17 1.19 1.19 1.2  1.21 1.28 1.28
 1.34 1.35 1.38 1.41 1.43 1.44 1.45 1.51 1.78 1.8  1.81 1.92 1.97 2.03
 2.12 2.18 2.38 3.3 ]
var: 0.3472422222222224
| [0m39       [0m | [0m1.103    [0m | [0m0.1927   [0m | [0m2.837    [0m | [0m0.1064   [0m |
[0.11 0.15 0.2  0.25 0.3  0.35 0.35 0.36 0.37 0.38 0.41 0.43 0.43 0.44
 0.55 0.56 0.58 0.59 0.61 0.63 0.64 0.65 0.66 0.67 0.68 0.71 0.72 0.78
 0.81 0.83 0.85 0.93 0.93 0.94 0.95 0.96 0.96 1.03 1.09 1.09 1.1  1.11
 1.13 1.15 1.17 1.25 1.28 1.32 1.34 1.36 1.37 1.38 1.48 1.49 1.67 1.68
 1.7  1.85 1.92 2.62]
var: 0.248025
| [0m40       [0m | [0m0.905    [0m | [0m0.03231  [0m | [0m8.128    [0m | [0m2.843    [0m |
[0.13 0.71 0.72 0.78 0.87 0.95 0.96 1.01 1.05 1.12 1.13 1.19 1.31 1.31
 1.35 1.42 1.45 1.47 1.47 1.53 1.6  1.64 1.64 1.66 1.66 1.71 1.76 1.78
 1.78 1.89 1.9  1.9  1.96 1.99 1.99 2.   2.05 2.06 2.09 2.21 2.25 2.32
 2.39 2.39 2.44 2.52 2.58 2.61 2.64 2.76 2.77 3.25 3.38 3.42 3.64 3.81
 3.92 4.01 4.25 5.61]
var: 1.0001706666666663
| [0m41       [0m | [0m2.036    [0m | [0m0.05121  [0m | [0m25.39    [0m | [0m0.2709   [0m |
[0.56 0.63 0.71 0.79 0.87 0.9  1.03 1.05 1.1  1.21 1.23 1.24 1.25 1.26
 1.27 1.29 1.33 1.34 1.38 1.4  1.44 1.45 1.53 1.57 1.6  1.62 1.63 1.63
 1.65 1.67 1.67 1.74 1.74 1.75 1.77 1.78 1.81 1.86 1.86 1.98 2.04 2.06
 2.07 2.08 2.1  2.14 2.19 2.28 2.38 2.46 2.52 2.53 2.56 2.61 2.71 2.72
 2.83 2.94 3.93 5.16]
var: 0.5953938888888889
| [0m42       [0m | [0m1.798    [0m | [0m0.09974  [0m | [0m41.84    [0m | [0m0.03371  [0m |
[0.11 0.18 0.3  0.33 0.48 0.52 0.62 0.64 0.71 0.79 0.82 0.82 0.85 0.92
 0.93 0.94 0.95 1.   1.02 1.03 1.06 1.08 1.1  1.13 1.13 1.14 1.15 1.16
 1.18 1.18 1.19 1.24 1.24 1.27 1.27 1.32 1.32 1.33 1.33 1.35 1.35 1.35
 1.42 1.43 1.46 1.5  1.54 1.58 1.59 1.59 1.62 1.63 1.74 1.86 1.98 2.04
 2.09 2.27 2.51 2.57]
var: 0.25939097222222224
| [0m43       [0m | [0m1.221    [0m | [0m0.04908  [0m | [0m25.72    [0m | [0m0.02023  [0m |
[0.   0.04 0.05 0.18 0.21 0.22 0.22 0.26 0.29 0.41 0.44 0.46 0.47 0.49
 0.51 0.53 0.57 0.58 0.63 0.67 0.68 0.7  0.71 0.71 0.74 0.76 0.79 0.85
 0.86 0.87 0.91 1.04 1.05 1.06 1.06 1.08 1.08 1.08 1.08 1.1  1.14 1.15
 1.16 1.17 1.18 1.21 1.27 1.3  1.34 1.35 1.39 1.39 1.51 1.77 1.88 1.89
 1.91 1.96 1.99 2.32]
var: 0.2843348888888894
| [0m44       [0m | [0m0.9287   [0m | [0m0.1545   [0m | [0m23.18    [0m | [0m0.7629   [0m |
[0.59 0.61 0.62 0.72 0.78 0.92 0.93 1.04 1.07 1.09 1.19 1.22 1.29 1.29
 1.3  1.31 1.32 1.39 1.39 1.44 1.51 1.56 1.58 1.6  1.61 1.63 1.65 1.7
 1.71 1.72 1.73 1.78 1.81 1.84 1.87 1.97 2.   2.02 2.11 2.37 2.4  2.47
 2.52 2.53 2.66 2.75 2.87 2.92 2.98 3.01 3.06 3.16 3.23 3.33 3.93 4.1
 4.14 4.38 4.58 4.72]
var: 1.0661232222222226
| [0m45       [0m | [0m2.05     [0m | [0m0.02975  [0m | [0m25.19    [0m | [0m0.1524   [0m |
[0.53 0.57 0.63 0.71 0.73 0.74 0.75 1.1  1.1  1.12 1.21 1.22 1.34 1.35
 1.35 1.37 1.38 1.44 1.52 1.57 1.59 1.61 1.65 1.65 1.67 1.7  1.85 1.85
 1.86 1.96 1.98 1.99 2.   2.02 2.04 2.05 2.1  2.17 2.18 2.22 2.3  2.42
 2.43 2.48 2.59 2.62 2.62 2.69 2.7  2.83 2.9  3.12 3.17 3.19 3.3  3.34
 3.38 3.42 3.78 3.97]
var: 0.7104715555555554
| [0m46       [0m | [0m1.985    [0m | [0m0.06923  [0m | [0m41.84    [0m | [0m0.04961  [0m |
[0.46 0.47 0.51 0.52 0.52 0.52 0.57 0.57 0.59 0.6  0.65 0.65 0.71 0.73
 0.83 0.84 0.86 0.87 0.88 0.91 0.93 0.93 0.93 0.94 0.96 0.98 1.   1.03
 1.04 1.09 1.16 1.17 1.19 1.24 1.27 1.29 1.38 1.44 1.49 1.49 1.51 1.57
 1.6  1.65 1.69 1.71 1.72 1.94 1.99 2.03 2.05 2.16 2.38 2.61 2.72 2.81
 2.81 3.42 3.43 3.55]
var: 0.6105662222222226
| [0m47       [0m | [0m1.359    [0m | [0m0.2207   [0m | [0m25.28    [0m | [0m0.2059   [0m |
[0.   0.01 0.01 0.05 0.05 0.06 0.07 0.18 0.18 0.18 0.19 0.28 0.29 0.36
 0.37 0.37 0.4  0.41 0.42 0.44 0.53 0.54 0.54 0.54 0.55 0.56 0.57 0.59
 0.59 0.63 0.65 0.7  0.77 0.78 0.85 0.9  0.91 1.02 1.03 1.05 1.05 1.06
 1.06 1.11 1.13 1.19 1.37 1.41 1.43 1.46 1.49 1.79 2.19 2.29 2.5  2.52
 2.58 3.18 3.19 4.35]
var: 0.7905747499999997
| [0m48       [0m | [0m0.9495   [0m | [0m1e-08    [0m | [0m25.33    [0m | [0m0.1525   [0m |
[0.43 0.43 0.45 0.63 0.74 1.01 1.08 1.18 1.2  1.22 1.23 1.24 1.25 1.29
 1.49 1.5  1.52 1.56 1.66 1.68 1.68 1.7  1.8  1.83 1.86 1.87 1.89 1.91
 1.95 1.96 1.97 2.01 2.07 2.07 2.12 2.19 2.22 2.23 2.25 2.3  2.31 2.31
 2.33 2.42 2.5  2.52 2.53 2.56 2.57 2.69 2.69 2.73 2.78 3.26 3.28 3.39
 3.39 3.42 3.56 3.93]
var: 0.630766222222222
| [0m49       [0m | [0m1.997    [0m | [0m0.08217  [0m | [0m25.34    [0m | [0m0.04588  [0m |
[0.37 0.5  0.54 0.55 0.57 0.62 0.63 0.64 0.65 0.68 0.7  0.73 0.77 0.88
 0.93 0.93 0.95 1.03 1.11 1.21 1.24 1.25 1.26 1.29 1.35 1.48 1.52 1.54
 1.66 1.69 1.79 1.79 1.81 1.81 1.87 1.89 1.96 2.04 2.19 2.23 2.27 2.28
 2.34 2.53 2.54 2.55 2.57 2.86 2.89 3.02 3.4  3.42 3.45 3.49 3.54 3.76
 3.91 3.91 4.12 6.26]
var: 1.3852939999999998
| [0m50       [0m | [0m1.896    [0m | [0m0.1073   [0m | [0m25.41    [0m | [0m0.07861  [0m |
[0.64 0.64 0.65 0.68 0.81 0.83 0.84 0.89 0.89 1.06 1.09 1.17 1.18 1.19
 1.2  1.26 1.27 1.29 1.32 1.34 1.35 1.36 1.42 1.42 1.53 1.57 1.6  1.62
 1.63 1.68 1.73 1.77 1.81 1.81 1.82 1.82 1.85 1.87 1.93 2.   2.01 2.07
 2.11 2.14 2.21 2.24 2.44 2.52 2.63 2.64 2.65 2.68 2.68 2.7  2.74 2.84
 3.67 4.16 4.51 6.44]
var: 1.0058149722222218
| [0m51       [0m | [0m1.865    [0m | [0m0.05438  [0m | [0m25.41    [0m | [0m0.3398   [0m |
[0.72 1.37 1.41 1.58 1.63 1.64 1.65 1.66 1.84 1.92 2.02 2.03 2.06 2.07
 2.12 2.12 2.12 2.21 2.28 2.32 2.48 2.59 2.66 2.72 2.76 2.85 2.86 2.97
 3.03 3.09 3.11 3.14 3.14 3.18 3.22 3.4  3.44 3.45 3.47 3.58 3.64 3.67
 3.71 3.81 3.85 4.04 4.07 4.3  4.31 4.64 4.67 4.74 4.92 4.99 5.25 5.29
 5.43 5.62 5.85 6.28]
var: 1.6048683055555562
| [95m52       [0m | [95m3.183    [0m | [95m0.004245 [0m | [95m25.2     [0m | [95m0.07499  [0m |
[0.07 0.4  0.4  0.46 0.56 0.73 0.79 0.82 0.87 0.88 0.91 0.96 1.05 1.14
 1.17 1.22 1.23 1.25 1.27 1.31 1.37 1.37 1.38 1.41 1.48 1.56 1.59 1.69
 1.7  1.76 1.79 1.79 1.82 1.86 1.89 2.02 2.02 2.05 2.09 2.13 2.22 2.3
 2.31 2.34 2.48 2.53 2.55 2.57 2.67 2.83 2.93 3.07 3.26 3.36 3.4  3.48
 3.84 4.08 4.08 4.13]
var: 0.9692616388888887
| [0m53       [0m | [0m1.878    [0m | [0m0.1181   [0m | [0m25.12    [0m | [0m0.07687  [0m |
[0.29 0.43 0.47 0.61 0.8  0.83 0.97 1.01 1.09 1.1  1.16 1.39 1.4  1.41
 1.41 1.45 1.47 1.48 1.51 1.51 1.53 1.56 1.57 1.58 1.58 1.6  1.61 1.61
 1.67 1.69 1.71 1.75 1.79 1.81 1.81 1.84 1.84 1.84 1.85 1.86 1.86 1.89
 1.91 1.99 2.05 2.07 2.07 2.15 2.18 2.26 2.33 2.39 2.4  2.44 2.44 2.56
 2.63 2.83 2.92 3.48]
var: 0.3679178888888891
| [0m54       [0m | [0m1.712    [0m | [0m0.1232   [0m | [0m25.19    [0m | [0m0.03998  [0m |
[0.34 0.4  0.41 0.54 0.54 0.55 0.61 0.63 0.63 0.63 0.65 0.67 0.68 0.7
 0.73 0.74 0.75 0.82 0.82 0.9  0.98 1.07 1.11 1.25 1.25 1.28 1.3  1.33
 1.39 1.4  1.49 1.54 1.55 1.56 1.6  1.64 1.67 1.72 1.74 1.77 1.79 1.81
 1.86 1.91 1.94 2.1  2.14 2.15 2.24 2.26 2.34 2.45 2.49 2.51 2.59 2.83
 2.89 2.9  3.41 3.53]
var: 0.6270359999999999
| [0m55       [0m | [0m1.492    [0m | [0m0.1755   [0m | [0m25.43    [0m | [0m0.2963   [0m |
[0.16 0.63 0.66 0.69 0.71 0.72 0.84 0.84 0.85 0.91 0.93 0.96 0.97 1.15
 1.2  1.22 1.27 1.28 1.28 1.32 1.35 1.4  1.41 1.45 1.48 1.5  1.52 1.58
 1.59 1.6  1.62 1.62 1.66 1.66 1.7  1.7  1.71 1.74 1.77 1.83 1.87 1.99
 2.02 2.04 2.05 2.11 2.13 2.21 2.33 2.38 2.41 2.46 2.55 2.76 2.81 3.14
 3.3  3.4  3.52 4.31]
var: 0.6301914166666668
| [0m56       [0m | [0m1.705    [0m | [0m0.06424  [0m | [0m25.48    [0m | [0m0.2163   [0m |
[0.01 0.01 0.01 0.07 0.08 0.1  0.12 0.17 0.19 0.21 0.24 0.28 0.28 0.29
 0.31 0.32 0.33 0.35 0.38 0.4  0.41 0.42 0.44 0.44 0.46 0.46 0.47 0.48
 0.48 0.49 0.52 0.53 0.57 0.58 0.59 0.6  0.61 0.61 0.62 0.62 0.63 0.64
 0.65 0.68 0.69 0.78 0.97 1.03 1.08 1.24 1.38 1.41 1.54 1.72 1.78 1.88
 2.28 2.29 2.37 3.42]
var: 0.45033497222222246
| [0m57       [0m | [0m0.7168   [0m | [0m1e-08    [0m | [0m25.16    [0m | [0m0.04861  [0m |
[0.4  0.6  0.62 0.72 0.74 0.74 0.74 0.75 0.8  0.88 0.89 0.97 0.99 1.01
 1.06 1.07 1.08 1.1  1.13 1.18 1.19 1.19 1.25 1.26 1.28 1.29 1.32 1.34
 1.39 1.41 1.45 1.47 1.47 1.47 1.47 1.64 1.66 1.78 1.85 1.86 1.87 1.88
 1.92 1.95 1.98 1.99 2.04 2.16 2.24 2.31 2.34 2.46 2.66 3.09 3.15 3.3
 3.34 3.89 4.17 4.33]
var: 0.7795932222222229
| [0m58       [0m | [0m1.66     [0m | [0m0.1021   [0m | [0m25.47    [0m | [0m0.2379   [0m |
[0.42 0.56 0.57 0.58 0.6  0.76 0.78 0.79 0.95 1.08 1.16 1.2  1.21 1.25
 1.32 1.32 1.36 1.38 1.41 1.48 1.49 1.52 1.56 1.73 1.74 1.75 1.94 1.98
 2.13 2.34 2.35 2.38 2.52 2.53 2.56 2.61 2.78 2.81 2.86 2.88 2.88 2.91
 3.02 3.08 3.09 3.11 3.12 3.17 3.18 3.22 3.28 3.48 3.72 3.72 3.84 3.87
 4.18 4.42 4.64 5.22]
var: 1.3226483055555553
| [0m59       [0m | [0m2.263    [0m | [0m0.07235  [0m | [0m25.42    [0m | [0m0.06095  [0m |
[0.44 0.71 0.76 0.8  0.83 0.83 0.84 0.85 0.85 0.91 0.93 0.93 0.97 1.06
 1.24 1.38 1.44 1.49 1.51 1.56 1.58 1.63 1.67 1.68 1.72 1.72 1.79 1.83
 1.86 1.86 1.96 2.02 2.04 2.07 2.09 2.12 2.13 2.22 2.23 2.29 2.33 2.41
 2.45 2.5  2.53 2.58 2.59 2.65 2.7  2.81 2.94 2.96 3.18 3.19 3.23 3.34
 3.38 3.43 3.5  3.98]
var: 0.7237548888888894
| [0m60       [0m | [0m1.959    [0m | [0m0.03572  [0m | [0m25.35    [0m | [0m0.2575   [0m |
[0.48 0.57 0.6  0.61 0.61 0.62 0.68 0.78 0.79 0.8  0.88 0.9  0.92 1.05
 1.14 1.31 1.33 1.38 1.39 1.59 1.6  1.67 1.68 1.69 1.71 1.77 1.78 1.8
 1.82 1.84 1.84 1.87 1.89 1.9  1.94 1.96 1.96 1.99 2.   2.01 2.03 2.05
 2.06 2.08 2.08 2.09 2.13 2.26 2.32 2.38 2.42 2.5  2.53 2.55 2.67 2.96
 3.25 3.57 4.59 5.93]
var: 0.8880155555555557
| [0m61       [0m | [0m1.827    [0m | [0m0.09557  [0m | [0m25.18    [0m | [0m0.1174   [0m |
[0.47 0.49 0.59 0.65 0.67 0.78 0.82 0.85 0.87 0.92 0.94 0.95 1.03 1.06
 1.16 1.2  1.23 1.24 1.35 1.35 1.44 1.53 1.55 1.62 1.63 1.74 1.76 1.76
 1.78 1.79 1.84 1.85 1.89 1.94 1.97 2.01 2.02 2.03 2.03 2.06 2.12 2.24
 2.3  2.44 2.47 2.47 2.52 2.56 2.59 2.62 2.7  2.8  3.16 3.29 3.39 3.53
 3.66 4.06 4.44 6.07]
var: 1.090631638888889
| [0m62       [0m | [0m1.938    [0m | [0m0.04915  [0m | [0m25.14    [0m | [0m0.1095   [0m |
[0.09 0.11 0.11 0.15 0.15 0.15 0.16 0.17 0.17 0.17 0.17 0.17 0.18 0.18
 0.18 0.18 0.19 0.19 0.19 0.19 0.19 0.22 0.23 0.23 0.23 0.26 0.26 0.27
 0.28 0.28 0.3  0.32 0.32 0.34 0.35 0.35 0.36 0.37 0.37 0.38 0.41 0.41
 0.42 0.43 0.43 0.44 0.45 0.46 0.5  0.56 0.58 0.58 0.7  0.71 0.74 0.77
 0.78 0.79 1.08 1.14]
var: 0.05303233333333337
| [0m63       [0m | [0m0.359    [0m | [0m0.1554   [0m | [0m25.41    [0m | [0m0.008876 [0m |
[0.56 0.64 0.67 0.68 0.73 0.77 0.77 0.77 0.8  0.83 0.94 1.02 1.1  1.29
 1.47 1.53 1.65 1.68 1.73 1.73 1.87 1.91 1.94 1.95 1.96 1.96 2.05 2.06
 2.17 2.19 2.21 2.22 2.42 2.48 2.49 2.54 2.54 2.57 2.57 2.58 2.59 2.6
 2.63 2.71 2.81 2.88 2.96 3.07 3.1  3.11 3.13 3.41 3.43 3.52 3.87 3.98
 3.98 4.03 4.31 4.83]
var: 1.0706594166666668
| [0m64       [0m | [0m2.217    [0m | [0m0.01617  [0m | [0m25.21    [0m | [0m0.1141   [0m |
[0.31 0.59 0.61 0.61 0.67 1.2  1.26 1.29 1.3  1.32 1.34 1.35 1.38 1.45
 1.54 1.56 1.71 1.72 1.73 1.75 1.77 1.82 1.85 1.85 1.9  1.97 1.99 2.03
 2.03 2.05 2.06 2.09 2.19 2.25 2.28 2.32 2.35 2.35 2.36 2.37 2.4  2.42
 2.62 3.01 3.07 3.19 3.21 3.31 3.31 3.41 3.44 3.45 3.45 3.8  3.8  3.85
 4.24 4.76 4.87 6.02]
var: 1.2532822222222222
| [0m65       [0m | [0m2.303    [0m | [0m0.08124  [0m | [0m25.19    [0m | [0m0.05509  [0m |
[0.33 0.44 0.47 0.51 0.54 0.56 0.58 0.58 0.63 0.63 0.64 0.67 0.67 0.68
 0.71 0.73 0.77 0.77 0.82 0.86 0.92 0.96 0.96 1.   1.   1.01 1.05 1.05
 1.07 1.09 1.17 1.17 1.23 1.28 1.3  1.31 1.34 1.36 1.39 1.4  1.47 1.5
 1.5  1.56 1.62 1.62 1.64 1.74 1.82 1.97 2.02 2.09 2.3  2.39 2.44 2.55
 2.59 2.68 3.65 4.19]
var: 0.5879894166666665
| [0m66       [0m | [0m1.317    [0m | [0m0.1509   [0m | [0m46.2     [0m | [0m0.298    [0m |
[0.   0.   0.01 0.04 0.05 0.07 0.08 0.08 0.09 0.09 0.09 0.1  0.14 0.19
 0.2  0.25 0.33 0.34 0.38 0.41 0.41 0.42 0.43 0.45 0.48 0.49 0.51 0.53
 0.57 0.64 0.66 0.7  0.71 0.76 0.76 0.78 0.84 0.88 0.89 0.92 0.93 0.95
 1.   1.01 1.03 1.16 1.19 1.2  1.22 1.23 1.23 1.26 1.29 1.41 1.42 1.47
 1.55 2.29 3.19 3.25]
var: 0.45137763888888854
| [0m67       [0m | [0m0.7508   [0m | [0m0.1494   [0m | [0m43.07    [0m | [0m2.161    [0m |
[0.51 0.53 0.54 0.55 0.62 0.67 0.72 0.78 0.89 0.92 1.03 1.04 1.09 1.17
 1.2  1.24 1.24 1.31 1.32 1.33 1.35 1.37 1.38 1.42 1.43 1.47 1.5  1.53
 1.55 1.6  1.61 1.63 1.64 1.73 1.76 1.84 1.93 1.95 1.99 2.02 2.03 2.13
 2.16 2.18 2.19 2.26 2.26 2.29 2.33 2.39 2.39 2.41 2.5  2.61 2.72 3.2
 3.33 3.5  3.52 4.  ]
var: 0.6230999999999999
| [0m68       [0m | [0m1.73     [0m | [0m0.07136  [0m | [0m25.38    [0m | [0m0.1103   [0m |
[0.31 0.63 0.66 0.72 0.78 0.79 0.88 0.94 1.21 1.31 1.32 1.35 1.42 1.49
 1.6  1.6  1.63 1.63 1.64 1.64 1.64 1.67 1.69 1.71 1.76 1.77 1.79 1.86
 1.87 1.9  1.97 1.98 2.02 2.03 2.06 2.1  2.11 2.13 2.16 2.18 2.27 2.29
 2.34 2.46 2.47 2.56 2.6  2.65 2.65 2.73 2.82 2.89 2.89 2.93 3.   3.06
 3.16 3.32 3.38 5.46]
var: 0.7103426666666668
| [0m69       [0m | [0m1.998    [0m | [0m0.03468  [0m | [0m25.37    [0m | [0m0.3704   [0m |
[0.12 0.56 0.57 0.6  0.61 0.69 0.71 0.86 0.87 0.9  0.92 0.96 0.99 1.2
 1.2  1.22 1.26 1.29 1.3  1.33 1.33 1.37 1.39 1.41 1.46 1.52 1.55 1.62
 1.63 1.64 1.72 1.72 1.81 1.88 1.88 1.96 1.96 2.01 2.08 2.08 2.16 2.18
 2.24 2.24 2.32 2.36 2.37 2.38 2.39 2.43 2.46 2.52 2.52 2.59 2.62 2.63
 2.65 2.78 3.84 4.07]
var: 0.6016769722222227
| [0m70       [0m | [0m1.732    [0m | [0m0.2224   [0m | [0m22.05    [0m | [0m0.07475  [0m |
[0.   0.03 0.06 0.06 0.06 0.07 0.12 0.14 0.15 0.16 0.17 0.18 0.18 0.2
 0.21 0.23 0.37 0.43 0.47 0.5  0.58 0.74 0.76 0.77 0.78 0.8  0.82 0.82
 0.89 0.9  0.96 0.96 0.96 1.01 1.02 1.03 1.05 1.1  1.13 1.14 1.14 1.15
 1.18 1.2  1.21 1.21 1.32 1.34 1.38 1.43 1.56 1.62 1.64 1.73 1.77 1.89
 1.96 1.99 2.04 2.51]
var: 0.37355600000000005
| [0m71       [0m | [0m0.888    [0m | [0m0.1323   [0m | [0m40.35    [0m | [0m1.233    [0m |
[0.15 0.25 0.8  0.84 0.9  1.13 1.19 1.44 1.63 1.66 1.73 1.73 1.73 1.75
 2.03 2.1  2.18 2.18 2.2  2.22 2.23 2.29 2.3  2.52 2.52 2.54 2.61 2.69
 2.71 2.8  3.12 3.16 3.36 3.43 3.46 3.49 3.53 3.72 3.91 3.96 3.98 4.02
 4.06 4.13 4.43 4.44 4.53 4.69 4.8  4.92 5.03 5.08 5.19 5.56 5.6  5.82
 6.88 8.47 8.5  8.87]
var: 3.631818305555555
| [95m72       [0m | [95m3.32     [0m | [95m0.000479 [0m | [95m25.41    [0m | [95m0.316    [0m |
[0.79 1.08 1.08 1.1  1.11 1.34 1.35 1.55 1.56 1.58 1.7  1.71 1.71 1.74
 1.79 1.88 1.94 2.11 2.22 2.22 2.29 2.31 2.32 2.34 2.45 2.47 2.58 2.59
 2.72 2.76 2.77 2.78 2.81 2.84 2.92 3.05 3.07 3.1  3.14 3.16 3.29 3.39
 3.4  3.44 3.45 3.54 3.57 3.59 3.61 3.7  3.75 3.91 3.93 3.98 4.22 4.53
 5.47 5.48 6.31 7.59]
var: 1.6512165555555567
| [0m73       [0m | [0m2.836    [0m | [0m0.0008915[0m | [0m25.25    [0m | [0m0.05716  [0m |
[0.57 0.58 0.6  0.62 0.66 0.69 0.75 0.75 0.8  0.86 0.87 0.89 0.9  0.91
 0.96 1.04 1.07 1.08 1.09 1.16 1.18 1.22 1.23 1.24 1.26 1.3  1.3  1.37
 1.41 1.44 1.45 1.49 1.6  1.66 1.69 1.71 1.73 1.74 1.77 1.84 1.88 1.89
 1.92 1.95 1.96 2.08 2.09 2.15 2.18 2.26 2.41 2.41 2.56 2.59 2.64 2.79
 3.47 4.26 4.46 5.13]
var: 0.8681928888888891
| [0m74       [0m | [0m1.659    [0m | [0m0.08042  [0m | [0m41.89    [0m | [0m0.09059  [0m |
[0.65 0.8  0.81 0.84 0.9  0.93 0.98 1.03 1.04 1.14 1.23 1.26 1.26 1.29
 1.32 1.34 1.42 1.47 1.47 1.48 1.61 1.61 1.64 1.64 1.77 1.78 1.82 1.85
 1.89 1.95 1.97 2.   2.11 2.13 2.15 2.17 2.21 2.23 2.25 2.3  2.33 2.34
 2.47 2.63 2.69 2.86 2.99 3.08 3.38 3.46 3.51 3.63 3.68 3.71 3.85 4.42
 4.97 5.09 5.17 5.5 ]
var: 1.386311666666667
| [0m75       [0m | [0m2.225    [0m | [0m0.01069  [0m | [0m25.33    [0m | [0m0.359    [0m |
[0.   0.08 0.08 0.1  0.12 0.14 0.15 0.23 0.26 0.26 0.26 0.28 0.28 0.3
 0.3  0.31 0.31 0.32 0.32 0.32 0.33 0.34 0.37 0.38 0.39 0.39 0.41 0.42
 0.44 0.47 0.54 0.55 0.56 0.58 0.58 0.59 0.6  0.6  0.61 0.65 0.67 0.68
 0.68 0.73 0.74 0.75 0.77 0.77 0.78 0.78 0.79 0.81 0.84 0.92 0.94 1.
 1.24 1.27 1.56 2.43]
var: 0.15413697222222247
| [0m76       [0m | [0m0.5562   [0m | [0m0.1626   [0m | [0m1.67     [0m | [0m2.326    [0m |
[0.01 0.03 0.09 0.09 0.12 0.17 0.2  0.22 0.23 0.24 0.25 0.25 0.29 0.36
 0.36 0.37 0.38 0.38 0.38 0.38 0.39 0.4  0.4  0.44 0.45 0.47 0.49 0.5
 0.5  0.5  0.51 0.54 0.59 0.61 0.64 0.65 0.66 0.67 0.68 0.7  0.72 0.75
 0.76 0.79 0.79 0.81 0.85 0.92 0.98 0.98 0.99 1.15 1.18 1.19 1.24 1.32
 1.33 1.77 2.06 2.22]
var: 0.20694163888888892
| [0m77       [0m | [0m0.6398   [0m | [0m0.2848   [0m | [0m3.154    [0m | [0m1.253    [0m |
[0.05 0.06 0.07 0.12 0.13 0.14 0.19 0.19 0.23 0.25 0.26 0.35 0.37 0.38
 0.41 0.44 0.45 0.45 0.46 0.48 0.51 0.55 0.56 0.59 0.59 0.6  0.64 0.64
 0.67 0.69 0.7  0.72 0.74 0.77 0.79 0.8  0.81 0.86 0.9  0.92 1.01 1.07
 1.1  1.15 1.27 1.29 1.48 1.51 1.62 1.63 1.66 1.67 1.76 1.92 2.02 2.05
 2.05 2.1  2.78 2.86]
var: 0.4528636388888891
| [0m78       [0m | [0m0.8922   [0m | [0m0.1264   [0m | [0m30.8     [0m | [0m1.232    [0m |
[0.21 0.21 0.42 0.64 0.73 0.74 0.79 0.8  0.82 0.83 0.85 0.88 0.89 0.9
 0.91 0.91 0.92 0.93 0.96 0.97 0.99 1.03 1.04 1.05 1.06 1.09 1.09 1.14
 1.18 1.19 1.2  1.23 1.26 1.26 1.28 1.35 1.35 1.36 1.47 1.47 1.48 1.48
 1.52 1.56 1.57 1.57 1.69 1.7  1.7  1.71 1.95 2.01 2.12 2.14 2.14 2.17
 2.21 2.43 2.61 2.63]
var: 0.2934694166666664
| [0m79       [0m | [0m1.297    [0m | [0m0.06585  [0m | [0m25.36    [0m | [0m0.02396  [0m |
[0.45 0.46 0.5  0.69 0.72 0.79 0.8  0.81 0.89 0.9  0.93 1.   1.04 1.07
 1.13 1.14 1.14 1.17 1.19 1.19 1.25 1.3  1.34 1.34 1.35 1.36 1.39 1.4
 1.41 1.43 1.45 1.46 1.5  1.53 1.59 1.62 1.63 1.66 1.67 1.68 1.72 1.73
 1.76 1.8  1.81 1.83 1.88 1.88 1.9  1.9  1.94 1.95 2.04 2.15 2.45 2.48
 2.93 3.12 3.28 3.63]
var: 0.4177009722222224
| [0m80       [0m | [0m1.526    [0m | [0m0.03606  [0m | [0m25.22    [0m | [0m0.03203  [0m |
=============================================================
None
num_trials:  40  inits,  40  iters,  60  per
rho:  1.1
pthin:  0.96

Best VPT: 3.3198333333333347
Best result: {'a': 0.00047897530698636344, 'g': 25.409738509317677, 's': 0.3159790237586486}

KERNEL: nu=1.5, lengthscale=2.0, alpha=0.0005
