|   iter    |  target   |     a     |     g     |     s     |
-------------------------------------------------------------
[0.1  0.11 0.18 0.22 0.36 0.37 0.42 0.44 0.45 0.49 0.49 0.56 0.6  0.65
 0.65 0.67 0.69 0.69 0.69 0.76 0.77 0.78 0.81 0.82 0.83 0.89 0.89 0.94
 0.95 1.01 1.01 1.02 1.04 1.09 1.19 1.21 1.24 1.27 1.28 1.38 1.4  1.54
 1.57 1.6  1.62 1.86 1.88 1.88 1.89 1.9  1.96 2.09 2.17 2.18 2.25 2.27
 2.37 2.39 2.54 3.23]
var: 0.4937822222222227
| [0m1        [0m | [0m1.177    [0m | [0m0.1321   [0m | [0m11.81    [0m | [0m0.4611   [0m |
[0.   0.   0.   0.03 0.07 0.07 0.12 0.16 0.19 0.25 0.25 0.29 0.31 0.34
 0.4  0.41 0.45 0.45 0.47 0.48 0.52 0.52 0.52 0.55 0.6  0.6  0.61 0.63
 0.65 0.67 0.68 0.71 0.74 0.74 0.76 0.78 0.93 0.94 0.96 0.97 0.97 0.99
 1.08 1.09 1.13 1.15 1.23 1.28 1.3  1.32 1.38 1.52 1.53 1.55 1.59 1.75
 1.91 1.92 2.05 2.17]
var: 0.30514808333333393
| [0m2        [0m | [0m0.7955   [0m | [0m0.09345  [0m | [0m43.43    [0m | [0m1.407    [0m |
[0.53 0.54 0.57 0.59 0.6  0.66 0.74 0.74 0.8  0.88 0.9  0.91 0.96 1.02
 1.02 1.07 1.08 1.14 1.21 1.22 1.24 1.24 1.25 1.25 1.25 1.28 1.34 1.34
 1.37 1.38 1.43 1.46 1.58 1.62 1.63 1.68 1.71 1.76 1.78 1.78 1.82 1.83
 1.86 1.89 1.99 2.05 2.15 2.21 2.23 2.23 2.28 2.36 2.36 2.36 2.38 2.48
 2.5  2.51 3.12 3.4 ]
var: 0.42914288888888824
| [95m3        [0m | [95m1.543    [0m | [95m0.2475   [0m | [95m28.38    [0m | [95m0.1179   [0m |
[0.   0.   0.03 0.04 0.1  0.23 0.24 0.3  0.31 0.32 0.38 0.38 0.38 0.39
 0.4  0.4  0.46 0.47 0.5  0.58 0.6  0.61 0.62 0.63 0.63 0.7  0.71 0.71
 0.72 0.72 0.73 0.73 0.73 0.75 0.77 0.78 0.78 0.78 0.8  0.85 1.04 1.05
 1.05 1.06 1.14 1.16 1.25 1.25 1.29 1.29 1.35 1.37 1.39 1.41 1.54 1.69
 2.04 2.06 2.3  2.39]
var: 0.29743766666666666
| [0m4        [0m | [0m0.823    [0m | [0m0.1874   [0m | [0m26.82    [0m | [0m1.419    [0m |
[0.   0.03 0.14 0.2  0.2  0.24 0.43 0.48 0.49 0.52 0.52 0.53 0.53 0.57
 0.57 0.59 0.61 0.64 0.64 0.65 0.67 0.7  0.71 0.72 0.76 0.79 0.8  0.82
 0.83 0.83 1.04 1.05 1.09 1.1  1.14 1.18 1.18 1.22 1.22 1.24 1.24 1.26
 1.26 1.29 1.31 1.31 1.34 1.41 1.42 1.47 1.54 1.58 1.59 1.61 1.67 1.95
 1.99 2.05 2.7  2.84]
var: 0.34043055555555574
| [0m5        [0m | [0m1.008    [0m | [0m0.1437   [0m | [0m21.04    [0m | [0m1.848    [0m |
[0.   0.07 0.1  0.11 0.11 0.14 0.17 0.17 0.23 0.26 0.27 0.29 0.31 0.32
 0.34 0.36 0.38 0.42 0.42 0.42 0.43 0.47 0.48 0.48 0.55 0.58 0.59 0.62
 0.62 0.66 0.66 0.69 0.7  0.71 0.72 0.74 0.75 0.76 0.77 0.79 0.79 0.79
 0.8  0.82 0.84 0.94 0.95 0.96 1.04 1.13 1.14 1.15 1.21 1.37 1.44 1.46
 1.56 1.62 1.7  1.97]
var: 0.19574233333333302
| [0m6        [0m | [0m0.689    [0m | [0m0.2628   [0m | [0m4.175    [0m | [0m1.39     [0m |
[0.   0.06 0.13 0.14 0.18 0.21 0.29 0.3  0.33 0.35 0.44 0.44 0.46 0.48
 0.54 0.56 0.58 0.58 0.62 0.67 0.69 0.71 0.73 0.73 0.75 0.75 0.76 0.77
 0.78 0.8  0.8  0.82 0.88 0.89 0.9  0.95 0.95 0.96 0.97 1.05 1.05 1.07
 1.07 1.14 1.15 1.19 1.22 1.24 1.34 1.41 1.43 1.46 1.46 1.47 1.49 1.5
 1.76 1.93 2.34 2.4 ]
var: 0.26199822222222224
| [0m7        [0m | [0m0.8853   [0m | [0m0.2887   [0m | [0m10.36    [0m | [0m1.439    [0m |
[0.02 0.02 0.03 0.07 0.07 0.11 0.23 0.24 0.25 0.27 0.28 0.31 0.38 0.39
 0.42 0.42 0.42 0.43 0.44 0.46 0.47 0.5  0.5  0.52 0.55 0.61 0.61 0.62
 0.63 0.67 0.68 0.71 0.71 0.71 0.74 0.8  0.85 0.86 0.93 0.95 0.95 0.95
 0.97 0.99 1.02 1.07 1.12 1.12 1.18 1.18 1.19 1.2  1.23 1.27 1.28 1.3
 1.57 1.59 1.76 2.03]
var: 0.20332430555555545
| [0m8        [0m | [0m0.7308   [0m | [0m0.1838   [0m | [0m44.03    [0m | [0m2.033    [0m |
[0.06 0.12 0.13 0.2  0.21 0.24 0.24 0.29 0.31 0.31 0.32 0.33 0.33 0.36
 0.36 0.39 0.39 0.39 0.4  0.41 0.43 0.44 0.55 0.64 0.71 0.76 0.77 0.79
 0.91 0.93 0.93 0.93 0.96 0.98 1.03 1.04 1.06 1.09 1.09 1.12 1.15 1.18
 1.19 1.19 1.23 1.23 1.24 1.24 1.27 1.28 1.3  1.34 1.36 1.36 1.61 1.61
 1.61 2.29 2.31 3.08]
var: 0.3423365555555554
| [0m9        [0m | [0m0.8837   [0m | [0m0.1245   [0m | [0m41.35    [0m | [0m1.258    [0m |
[0.04 0.05 0.06 0.06 0.13 0.2  0.21 0.3  0.32 0.34 0.35 0.38 0.39 0.4
 0.41 0.5  0.52 0.55 0.55 0.56 0.61 0.65 0.69 0.73 0.75 0.76 0.8  0.83
 0.85 0.86 0.87 0.87 0.89 0.94 1.03 1.07 1.09 1.19 1.21 1.22 1.26 1.27
 1.3  1.33 1.35 1.38 1.4  1.42 1.42 1.48 1.49 1.49 1.55 1.56 1.62 1.68
 1.79 1.94 2.08 2.44]
var: 0.30888155555555474
| [0m10       [0m | [0m0.9247   [0m | [0m0.04094  [0m | [0m3.94     [0m | [0m1.127    [0m |
[0.16 0.18 0.29 0.3  0.37 0.37 0.4  0.49 0.52 0.52 0.6  0.67 0.68 0.75
 0.75 0.76 0.79 0.81 0.82 0.84 0.93 0.93 1.03 1.09 1.12 1.13 1.16 1.18
 1.18 1.2  1.25 1.27 1.29 1.3  1.35 1.37 1.4  1.41 1.42 1.43 1.49 1.52
 1.54 1.57 1.6  1.68 1.71 1.72 1.79 1.8  1.81 1.9  2.03 2.09 2.12 2.25
 2.47 2.82 2.94 3.95]
var: 0.5108583055555554
| [0m11       [0m | [0m1.272    [0m | [0m0.118    [0m | [0m15.2     [0m | [0m0.4988   [0m |
[0.   0.02 0.03 0.05 0.05 0.06 0.1  0.14 0.14 0.2  0.21 0.27 0.27 0.3
 0.3  0.32 0.32 0.33 0.39 0.41 0.43 0.44 0.51 0.58 0.58 0.67 0.67 0.68
 0.69 0.69 0.7  0.71 0.72 0.72 0.78 0.87 0.88 0.91 0.94 1.01 1.07 1.09
 1.09 1.16 1.21 1.23 1.29 1.29 1.32 1.33 1.34 1.36 1.36 1.45 1.74 1.76
 1.96 2.02 2.12 2.69]
var: 0.35558808333333264
| [0m12       [0m | [0m0.7995   [0m | [0m0.04004  [0m | [0m7.504    [0m | [0m2.921    [0m |
[0.07 0.11 0.15 0.21 0.25 0.25 0.42 0.43 0.5  0.53 0.53 0.54 0.54 0.56
 0.56 0.59 0.6  0.61 0.66 0.68 0.71 0.73 0.73 0.74 0.75 0.79 0.79 0.86
 0.96 0.96 0.97 0.98 1.03 1.05 1.1  1.1  1.1  1.11 1.11 1.13 1.14 1.16
 1.17 1.18 1.18 1.25 1.27 1.3  1.39 1.52 1.53 1.57 1.7  1.72 1.77 1.91
 2.15 2.34 2.51 2.89]
var: 0.3388178888888891
| [0m13       [0m | [0m1.002    [0m | [0m0.2838   [0m | [0m2.101    [0m | [0m0.2178   [0m |
[0.   0.04 0.15 0.15 0.22 0.23 0.24 0.26 0.27 0.29 0.31 0.32 0.32 0.35
 0.41 0.48 0.52 0.53 0.57 0.57 0.59 0.6  0.66 0.69 0.69 0.78 0.8  0.8
 0.85 0.86 0.87 0.9  0.91 0.96 1.05 1.1  1.13 1.17 1.27 1.32 1.33 1.35
 1.63 1.7  1.74 1.82 1.9  1.99 2.05 2.08 2.18 2.19 2.22 2.32 2.4  2.51
 2.77 2.83 2.92 2.97]
var: 0.682470305555555
| [0m14       [0m | [0m1.119    [0m | [0m0.03332  [0m | [0m27.5     [0m | [0m1.058    [0m |
[0.22 0.41 0.55 0.56 0.59 0.61 0.63 0.66 0.77 0.77 0.86 0.9  0.94 0.97
 1.   1.   1.01 1.05 1.05 1.05 1.06 1.11 1.15 1.17 1.18 1.25 1.27 1.31
 1.31 1.36 1.37 1.37 1.55 1.56 1.62 1.69 1.7  1.71 1.71 1.72 1.76 1.8
 1.8  1.84 1.86 1.9  1.92 1.97 1.98 2.05 2.06 2.08 2.18 2.23 2.29 2.74
 2.86 2.96 3.66 4.23]
var: 0.5686023333333335
| [0m15       [0m | [0m1.499    [0m | [0m0.2579   [0m | [0m7.311    [0m | [0m0.2628   [0m |
[0.02 0.04 0.05 0.05 0.06 0.07 0.09 0.09 0.11 0.12 0.16 0.16 0.18 0.23
 0.23 0.24 0.29 0.35 0.37 0.37 0.39 0.4  0.41 0.41 0.44 0.48 0.49 0.49
 0.5  0.52 0.57 0.6  0.61 0.61 0.62 0.63 0.64 0.65 0.65 0.66 0.71 0.73
 0.77 0.77 0.78 0.81 0.84 0.85 0.86 0.88 0.9  0.96 0.99 1.05 1.05 1.08
 1.17 1.21 1.23 1.24]
var: 0.11803363888888892
| [0m16       [0m | [0m0.5488   [0m | [0m0.1521   [0m | [0m47.48    [0m | [0m2.145    [0m |
[0.05 0.08 0.14 0.22 0.25 0.26 0.26 0.28 0.32 0.38 0.45 0.46 0.49 0.53
 0.56 0.58 0.58 0.65 0.65 0.7  0.7  0.73 0.77 0.78 0.8  0.83 0.86 0.86
 0.92 0.99 1.   1.   1.02 1.03 1.14 1.15 1.19 1.23 1.3  1.31 1.32 1.32
 1.33 1.33 1.37 1.4  1.4  1.5  1.56 1.6  1.69 1.69 1.73 1.81 1.82 1.83
 1.93 2.14 2.15 2.29]
var: 0.3203649722222219
| [0m17       [0m | [0m1.012    [0m | [0m0.03886  [0m | [0m18.67    [0m | [0m1.817    [0m |
[0.29 0.32 0.45 0.53 0.62 0.75 0.77 0.8  0.81 0.83 0.86 0.9  0.92 1.01
 1.07 1.18 1.19 1.2  1.2  1.21 1.25 1.26 1.34 1.51 1.54 1.55 1.57 1.72
 1.74 1.84 1.91 1.93 1.94 1.98 2.01 2.01 2.02 2.09 2.11 2.11 2.11 2.29
 2.34 2.34 2.35 2.4  2.4  2.4  2.41 2.58 2.61 2.62 2.66 2.75 2.84 2.98
 3.05 3.17 3.48 3.57]
var: 0.6573894166666673
| [95m18       [0m | [95m1.762    [0m | [95m0.02688  [0m | [95m18.2     [0m | [95m0.6134   [0m |
[0.   0.05 0.06 0.12 0.12 0.16 0.19 0.19 0.19 0.24 0.32 0.33 0.4  0.42
 0.42 0.42 0.51 0.52 0.54 0.61 0.62 0.64 0.65 0.69 0.7  0.7  0.72 0.73
 0.73 0.75 0.77 0.78 0.79 0.86 0.93 0.97 0.98 1.   1.01 1.04 1.04 1.07
 1.08 1.13 1.18 1.19 1.27 1.29 1.3  1.42 1.45 1.5  1.53 1.63 1.64 1.78
 1.79 1.79 2.03 3.5 ]
var: 0.3686648888888891
| [0m19       [0m | [0m0.8747   [0m | [0m0.2187   [0m | [0m34.61    [0m | [0m0.5753   [0m |
[0.   0.02 0.05 0.1  0.11 0.12 0.15 0.16 0.16 0.19 0.2  0.27 0.3  0.3
 0.31 0.33 0.39 0.47 0.48 0.52 0.52 0.55 0.56 0.67 0.69 0.71 0.75 0.75
 0.78 0.79 0.85 0.88 0.92 0.93 0.94 0.96 1.   1.   1.01 1.02 1.09 1.11
 1.16 1.18 1.18 1.21 1.22 1.26 1.26 1.3  1.32 1.35 1.4  1.43 1.49 1.52
 1.56 1.76 2.19 4.96]
var: 0.5306845555555549
| [0m20       [0m | [0m0.8643   [0m | [0m0.1058   [0m | [0m44.45    [0m | [0m0.72     [0m |
[0.04 0.05 0.06 0.07 0.07 0.1  0.11 0.18 0.2  0.27 0.28 0.32 0.32 0.33
 0.35 0.35 0.46 0.51 0.54 0.59 0.62 0.62 0.66 0.67 0.67 0.68 0.69 0.72
 0.73 0.73 0.79 0.84 0.85 0.87 0.89 0.89 0.9  0.93 0.94 0.96 0.98 1.
 1.01 1.04 1.06 1.08 1.09 1.2  1.24 1.25 1.26 1.26 1.29 1.33 1.43 1.67
 1.7  1.78 1.86 1.96]
var: 0.23270566666666653
| [0m21       [0m | [0m0.789    [0m | [0m0.2954   [0m | [0m18.49    [0m | [0m2.151    [0m |
[0.03 0.04 0.05 0.06 0.08 0.13 0.17 0.17 0.2  0.2  0.22 0.24 0.29 0.31
 0.36 0.37 0.37 0.39 0.44 0.49 0.5  0.53 0.53 0.55 0.56 0.6  0.63 0.65
 0.66 0.68 0.68 0.69 0.73 0.74 0.76 0.77 0.78 0.83 0.84 0.89 0.95 0.99
 1.01 1.08 1.16 1.17 1.23 1.24 1.25 1.27 1.28 1.28 1.36 1.49 1.59 1.61
 1.64 1.71 1.93 2.78]
var: 0.2976314166666667
| [0m22       [0m | [0m0.7705   [0m | [0m0.1931   [0m | [0m5.287    [0m | [0m1.091    [0m |
[0.   0.05 0.09 0.11 0.12 0.14 0.16 0.23 0.26 0.27 0.27 0.27 0.27 0.31
 0.33 0.33 0.34 0.34 0.35 0.36 0.37 0.37 0.4  0.42 0.44 0.47 0.47 0.53
 0.54 0.54 0.54 0.57 0.57 0.62 0.63 0.64 0.69 0.73 0.74 0.8  0.84 0.85
 0.86 0.87 0.88 0.89 0.94 0.95 0.95 0.98 0.99 1.03 1.06 1.08 1.16 1.22
 1.3  1.38 1.97 2.89]
var: 0.23018030555555563
| [0m23       [0m | [0m0.6462   [0m | [0m0.1971   [0m | [0m47.36    [0m | [0m2.064    [0m |
[0.01 0.01 0.02 0.09 0.12 0.17 0.23 0.25 0.26 0.31 0.33 0.36 0.37 0.4
 0.42 0.46 0.52 0.63 0.64 0.67 0.72 0.74 0.75 0.81 0.81 0.82 0.87 0.89
 0.92 0.93 0.95 0.99 0.99 1.02 1.04 1.12 1.17 1.18 1.2  1.23 1.23 1.25
 1.25 1.31 1.38 1.61 1.67 1.7  1.71 1.81 1.86 2.08 2.25 2.36 2.38 2.53
 2.58 3.15 3.35 4.2 ]
var: 0.7544326666666666
| [0m24       [0m | [0m1.118    [0m | [0m0.07388  [0m | [0m14.35    [0m | [0m0.8308   [0m |
[0.04 0.07 0.09 0.09 0.09 0.11 0.12 0.16 0.17 0.17 0.25 0.31 0.32 0.33
 0.36 0.37 0.38 0.4  0.46 0.47 0.51 0.56 0.59 0.61 0.7  0.71 0.73 0.73
 0.77 0.77 0.84 0.84 0.88 0.9  0.93 0.94 0.95 1.09 1.13 1.16 1.2  1.25
 1.28 1.34 1.34 1.42 1.43 1.47 1.72 1.72 1.74 1.8  1.83 1.88 1.96 1.96
 2.08 2.53 2.62 3.08]
var: 0.5019676388888885
| [0m25       [0m | [0m0.9458   [0m | [0m0.1531   [0m | [0m28.02    [0m | [0m0.9405   [0m |
[0.01 0.02 0.03 0.04 0.09 0.12 0.13 0.15 0.2  0.2  0.24 0.24 0.28 0.29
 0.3  0.36 0.38 0.52 0.55 0.56 0.57 0.61 0.64 0.68 0.7  0.73 0.74 0.76
 0.76 0.77 0.82 0.84 0.85 0.88 0.99 1.05 1.05 1.18 1.2  1.2  1.23 1.31
 1.34 1.37 1.41 1.42 1.42 1.43 1.51 1.59 1.66 1.7  1.77 1.9  2.01 2.3
 2.3  2.6  3.11 4.67]
var: 0.7059565555555557
| [0m26       [0m | [0m0.9963   [0m | [0m0.04587  [0m | [0m31.49    [0m | [0m1.618    [0m |
[0.01 0.02 0.04 0.04 0.06 0.06 0.07 0.08 0.1  0.1  0.13 0.18 0.21 0.23
 0.25 0.26 0.28 0.3  0.32 0.33 0.37 0.37 0.38 0.44 0.44 0.44 0.47 0.48
 0.55 0.55 0.62 0.66 0.69 0.69 0.7  0.71 0.73 0.77 0.79 0.84 0.85 0.86
 0.87 0.93 1.   1.08 1.08 1.08 1.09 1.21 1.24 1.3  1.38 1.41 1.44 1.62
 1.65 1.81 1.95 2.08]
var: 0.2760283055555556
| [0m27       [0m | [0m0.6782   [0m | [0m0.2361   [0m | [0m34.93    [0m | [0m2.511    [0m |
[0.38 0.47 0.49 0.53 0.62 0.66 0.68 0.7  0.77 0.81 0.86 0.87 0.92 0.93
 0.94 0.96 0.97 0.98 0.98 0.99 0.99 1.   1.   1.02 1.03 1.08 1.08 1.11
 1.13 1.14 1.24 1.24 1.25 1.27 1.34 1.35 1.36 1.4  1.42 1.43 1.45 1.47
 1.48 1.5  1.5  1.54 1.55 1.62 1.63 1.64 1.67 1.78 1.86 1.87 2.05 2.32
 2.45 2.52 2.72 2.94]
var: 0.2938154166666665
| [0m28       [0m | [0m1.283    [0m | [0m0.2415   [0m | [0m47.7     [0m | [0m0.0905   [0m |
[0.01 0.07 0.18 0.24 0.26 0.29 0.31 0.31 0.32 0.35 0.46 0.53 0.59 0.69
 0.71 0.74 0.8  0.81 0.81 0.83 0.85 0.97 0.98 1.02 1.08 1.11 1.12 1.22
 1.23 1.25 1.35 1.47 1.61 1.65 1.71 1.78 1.8  1.95 1.97 1.99 2.02 2.09
 2.1  2.11 2.11 2.16 2.18 2.26 2.35 2.36 2.4  2.42 2.63 2.63 2.65 2.88
 2.95 3.2  3.32 3.35]
var: 0.8216049722222226
| [0m29       [0m | [0m1.46     [0m | [0m0.01596  [0m | [0m34.38    [0m | [0m1.078    [0m |
[0.03 0.05 0.05 0.13 0.15 0.22 0.22 0.23 0.24 0.46 0.51 0.52 0.52 0.54
 0.56 0.65 0.68 0.69 0.69 0.74 0.77 0.81 0.84 0.85 0.87 0.91 0.93 0.94
 0.94 0.98 1.02 1.03 1.06 1.09 1.09 1.13 1.13 1.13 1.14 1.14 1.15 1.22
 1.24 1.27 1.34 1.35 1.35 1.38 1.45 1.49 1.49 1.5  1.52 1.52 1.71 1.9
 2.05 2.17 2.51 3.34]
var: 0.3749180833333335
| [0m30       [0m | [0m1.011    [0m | [0m0.1256   [0m | [0m9.667    [0m | [0m2.286    [0m |
[0.32 0.63 0.64 0.68 0.7  0.78 0.83 0.84 0.85 0.86 0.95 0.96 0.98 1.05
 1.1  1.12 1.12 1.14 1.15 1.21 1.27 1.3  1.34 1.36 1.37 1.38 1.39 1.44
 1.44 1.48 1.5  1.55 1.56 1.56 1.68 1.82 1.85 1.86 1.89 1.93 1.97 2.
 2.   2.07 2.18 2.21 2.25 2.37 2.38 2.53 2.73 2.73 2.97 3.16 3.25 3.52
 3.84 4.04 4.27 5.32]
var: 0.9837369722222223
| [95m31       [0m | [95m1.778    [0m | [95m0.02134  [0m | [95m44.05    [0m | [95m0.2639   [0m |
[0.01 0.05 0.05 0.08 0.1  0.1  0.14 0.14 0.19 0.23 0.26 0.32 0.32 0.35
 0.35 0.38 0.42 0.43 0.45 0.45 0.53 0.6  0.6  0.6  0.64 0.65 0.71 0.75
 0.75 0.75 0.79 0.79 0.8  0.8  0.82 0.96 0.98 1.07 1.07 1.11 1.12 1.25
 1.28 1.29 1.41 1.45 1.67 1.71 1.74 1.75 1.84 1.96 1.97 2.39 2.48 2.55
 2.72 3.34 3.36 5.27]
var: 0.9539212222222228
| [0m32       [0m | [0m1.052    [0m | [0m0.06671  [0m | [0m34.23    [0m | [0m1.073    [0m |
[0.01 0.03 0.04 0.06 0.08 0.09 0.12 0.13 0.16 0.17 0.19 0.19 0.23 0.31
 0.33 0.34 0.35 0.39 0.41 0.43 0.44 0.46 0.46 0.46 0.5  0.57 0.6  0.61
 0.61 0.65 0.68 0.7  0.71 0.71 0.74 0.75 0.77 0.78 0.79 0.79 0.84 0.85
 0.89 0.91 0.98 0.99 1.02 1.05 1.06 1.07 1.14 1.15 1.21 1.32 1.4  1.42
 1.71 1.75 3.31 4.72]
var: 0.5559114166666667
| [0m33       [0m | [0m0.7605   [0m | [0m0.2056   [0m | [0m42.31    [0m | [0m2.249    [0m |
[0.39 0.4  0.45 0.46 0.5  0.61 0.61 0.61 0.66 0.67 0.68 0.68 0.68 0.71
 0.71 0.72 0.79 0.87 0.89 0.89 0.9  0.92 0.93 0.95 0.99 1.   1.03 1.06
 1.11 1.11 1.12 1.13 1.14 1.14 1.22 1.24 1.26 1.26 1.27 1.31 1.32 1.38
 1.45 1.64 1.65 1.65 1.67 1.69 1.76 1.84 1.88 1.89 1.92 1.92 2.01 2.27
 2.27 2.41 2.42 2.65]
var: 0.31433288888888916
| [0m34       [0m | [0m1.213    [0m | [0m0.2662   [0m | [0m35.62    [0m | [0m0.3269   [0m |
[0.07 0.42 0.59 0.59 0.74 0.79 0.79 0.8  0.9  0.92 0.95 1.05 1.08 1.09
 1.14 1.19 1.19 1.23 1.27 1.27 1.31 1.32 1.36 1.38 1.42 1.55 1.57 1.66
 1.66 1.66 1.67 1.68 1.82 1.83 1.9  1.91 1.96 1.96 1.97 2.07 2.27 2.28
 2.42 2.5  2.53 2.62 2.69 2.75 2.82 2.88 2.88 2.89 2.91 3.09 3.22 3.26
 3.58 3.63 3.79 3.95]
var: 0.8354149722222217
| [95m35       [0m | [95m1.845    [0m | [95m0.06645  [0m | [95m29.24    [0m | [95m0.1096   [0m |
[0.03 0.04 0.05 0.08 0.08 0.11 0.16 0.24 0.35 0.36 0.39 0.42 0.46 0.5
 0.53 0.56 0.56 0.57 0.58 0.62 0.7  0.71 0.71 0.72 0.72 0.77 0.78 0.79
 0.79 0.8  0.81 0.81 0.83 0.84 0.9  0.91 0.91 0.91 0.92 0.97 0.99 1.
 1.   1.06 1.06 1.06 1.18 1.24 1.28 1.28 1.32 1.42 1.48 1.7  1.76 1.93
 1.93 1.99 2.03 2.46]
var: 0.287572888888889
| [0m36       [0m | [0m0.8693   [0m | [0m0.2634   [0m | [0m34.47    [0m | [0m2.322    [0m |
[0.   0.   0.   0.   0.   0.02 0.03 0.07 0.1  0.11 0.18 0.23 0.26 0.3
 0.3  0.32 0.32 0.39 0.46 0.47 0.49 0.49 0.5  0.5  0.55 0.57 0.58 0.59
 0.6  0.6  0.61 0.65 0.67 0.67 0.69 0.75 0.76 0.77 0.78 0.79 0.8  0.81
 0.82 0.87 0.89 0.93 0.94 0.99 1.01 1.09 1.19 1.22 1.29 1.31 1.33 1.33
 1.42 1.56 1.64 1.76]
var: 0.1996236388888886
| [0m37       [0m | [0m0.6562   [0m | [0m0.194    [0m | [0m37.49    [0m | [0m2.911    [0m |
[0.   0.   0.05 0.05 0.11 0.21 0.23 0.25 0.26 0.29 0.4  0.42 0.43 0.46
 0.46 0.47 0.56 0.57 0.6  0.67 0.68 0.68 0.7  0.71 0.75 0.75 0.77 0.77
 0.83 0.85 0.88 0.92 0.93 0.94 0.95 0.95 0.97 0.99 1.01 1.05 1.05 1.09
 1.13 1.14 1.22 1.23 1.24 1.24 1.25 1.28 1.34 1.35 1.48 1.56 1.61 1.67
 1.71 2.02 2.22 3.1 ]
var: 0.3234405555555558
| [0m38       [0m | [0m0.8917   [0m | [0m0.1642   [0m | [0m23.05    [0m | [0m1.845    [0m |
[0.13 0.17 0.18 0.22 0.32 0.33 0.42 0.48 0.53 0.54 0.55 0.55 0.55 0.57
 0.58 0.6  0.61 0.62 0.63 0.67 0.69 0.69 0.69 0.69 0.69 0.7  0.71 0.71
 0.72 0.72 0.73 0.73 0.73 0.75 0.77 0.77 0.78 0.81 0.82 0.83 0.88 0.88
 0.89 0.94 0.95 0.96 0.98 1.06 1.08 1.09 1.11 1.19 1.21 1.21 1.24 1.24
 1.26 1.27 1.37 1.48]
var: 0.09102030555555557
| [0m39       [0m | [0m0.7712   [0m | [0m0.1662   [0m | [0m3.416    [0m | [0m1.908    [0m |
[0.03 0.04 0.06 0.09 0.09 0.1  0.11 0.17 0.17 0.19 0.2  0.22 0.27 0.28
 0.3  0.3  0.32 0.37 0.39 0.41 0.42 0.45 0.45 0.46 0.47 0.47 0.48 0.49
 0.51 0.58 0.59 0.64 0.67 0.68 0.7  0.76 0.78 0.79 0.81 0.83 0.84 0.85
 0.93 0.94 1.02 1.03 1.07 1.07 1.08 1.13 1.17 1.18 1.2  1.3  1.31 1.38
 1.39 1.7  1.93 2.94]
var: 0.27673555555555535
| [0m40       [0m | [0m0.6933   [0m | [0m0.1906   [0m | [0m36.67    [0m | [0m1.4      [0m |
[0.18 0.21 0.24 0.3  0.31 0.4  0.4  0.48 0.56 0.64 0.66 0.67 0.67 0.69
 0.7  0.71 0.73 0.77 0.78 0.79 0.8  0.82 0.86 0.91 0.91 0.93 0.93 0.98
 1.15 1.16 1.2  1.21 1.23 1.24 1.28 1.3  1.31 1.32 1.34 1.43 1.52 1.53
 1.59 1.63 1.63 1.66 1.77 1.8  1.86 1.97 2.01 2.04 2.09 2.12 2.14 2.51
 2.8  2.86 3.25 3.63]
var: 0.5631349722222218
| [0m41       [0m | [0m1.26     [0m | [0m0.09798  [0m | [0m11.8     [0m | [0m0.4588   [0m |
[0.   0.   0.   0.   0.   0.   0.   0.   0.   0.   0.   0.   0.   0.
 0.   0.   0.   0.   0.   0.   0.   0.   0.   0.   0.   0.   0.   0.
 0.   0.   0.01 0.01 0.01 0.01 0.02 0.02 0.02 0.03 0.03 0.03 0.03 0.04
 0.04 0.04 0.04 0.04 0.04 0.04 0.05 0.05 0.05 0.06 0.06 0.06 0.06 0.07
 0.08 0.09 0.1  0.19]
var: 0.0011698888888889071
| [0m42       [0m | [0m0.02367  [0m | [0m0.01651  [0m | [0m29.16    [0m | [0m0.001409 [0m |
[0.66 0.7  0.7  0.72 0.73 0.75 0.84 0.88 0.9  0.97 0.98 1.08 1.18 1.21
 1.24 1.26 1.27 1.3  1.32 1.34 1.37 1.39 1.45 1.47 1.55 1.57 1.6  1.63
 1.69 1.69 1.72 1.73 1.74 1.76 1.78 1.83 1.85 1.86 1.89 1.91 1.91 1.97
 1.97 1.98 1.99 2.01 2.05 2.06 2.36 2.64 2.67 2.69 2.7  2.75 2.79 2.82
 2.83 2.93 3.11 3.13]
var: 0.44561141666666604
| [0m43       [0m | [0m1.715    [0m | [0m0.02586  [0m | [0m44.09    [0m | [0m0.2816   [0m |
[0.02 0.28 0.29 0.31 0.38 0.41 0.41 0.42 0.45 0.45 0.46 0.46 0.48 0.52
 0.55 0.59 0.6  0.62 0.65 0.67 0.67 0.67 0.68 0.75 0.81 0.82 0.82 0.84
 0.84 0.85 0.86 0.9  0.92 0.98 0.99 1.03 1.05 1.07 1.09 1.11 1.12 1.12
 1.13 1.16 1.27 1.27 1.3  1.38 1.46 1.54 1.55 1.77 1.79 1.82 1.97 2.08
 2.25 2.26 2.43 3.69]
var: 0.41262363888888787
| [0m44       [0m | [0m1.019    [0m | [0m0.1393   [0m | [0m25.8     [0m | [0m0.5384   [0m |
[0.04 0.11 0.11 0.12 0.14 0.15 0.2  0.2  0.2  0.25 0.25 0.25 0.28 0.3
 0.31 0.32 0.36 0.37 0.39 0.4  0.42 0.45 0.48 0.49 0.49 0.49 0.5  0.52
 0.53 0.53 0.53 0.53 0.57 0.58 0.6  0.61 0.61 0.64 0.68 0.71 0.87 0.94
 0.95 1.04 1.12 1.19 1.2  1.51 1.55 1.6  1.6  1.62 1.83 1.91 2.06 2.25
 2.41 2.53 2.7  3.38]
var: 0.5537069722222226
| [0m45       [0m | [0m0.8328   [0m | [0m1e-08    [0m | [0m44.08    [0m | [0m0.2393   [0m |
[0.05 0.07 0.08 0.12 0.12 0.16 0.22 0.31 0.33 0.36 0.37 0.43 0.46 0.5
 0.55 0.62 0.64 0.65 0.67 0.7  0.7  0.71 0.73 0.74 0.76 0.76 0.77 0.78
 0.78 0.81 0.82 0.82 0.84 0.86 0.89 0.93 1.   1.   1.04 1.05 1.09 1.11
 1.11 1.18 1.24 1.26 1.38 1.4  1.43 1.48 1.52 1.59 1.63 1.65 1.82 1.94
 2.28 2.51 2.53 2.61]
var: 0.37033622222222223
| [0m46       [0m | [0m0.9493   [0m | [0m0.04982  [0m | [0m7.42     [0m | [0m1.429    [0m |
[0.02 0.49 0.56 0.59 0.64 0.66 0.73 0.74 0.75 0.77 0.81 0.89 0.9  0.9
 0.93 0.96 0.97 0.98 1.01 1.06 1.1  1.17 1.18 1.18 1.2  1.22 1.27 1.29
 1.29 1.3  1.34 1.35 1.39 1.49 1.5  1.56 1.61 1.72 1.75 1.75 1.83 1.88
 1.94 1.97 1.98 1.99 2.25 2.28 2.5  2.51 2.65 2.7  2.85 2.87 2.97 3.03
 3.07 3.33 4.02 5.48]
var: 0.9221382222222217
| [0m47       [0m | [0m1.619    [0m | [0m0.04832  [0m | [0m43.99    [0m | [0m0.2819   [0m |
[0.65 0.65 0.67 0.7  0.71 0.72 0.75 0.76 0.84 0.89 0.89 0.92 0.92 1.02
 1.04 1.07 1.11 1.14 1.16 1.22 1.23 1.23 1.24 1.24 1.27 1.28 1.28 1.29
 1.39 1.39 1.4  1.45 1.51 1.55 1.58 1.61 1.81 1.83 1.85 1.88 1.96 1.96
 2.05 2.06 2.09 2.27 2.42 2.5  2.6  2.61 2.66 2.67 2.72 2.83 2.88 3.08
 3.13 3.49 3.52 3.6 ]
var: 0.6512895555555558
| [0m48       [0m | [0m1.671    [0m | [0m0.0417   [0m | [0m44.08    [0m | [0m0.3749   [0m |
[0.   0.   0.   0.   0.01 0.01 0.01 0.06 0.07 0.09 0.1  0.14 0.17 0.2
 0.21 0.28 0.29 0.32 0.36 0.36 0.38 0.45 0.48 0.49 0.5  0.5  0.52 0.52
 0.52 0.58 0.59 0.6  0.6  0.65 0.68 0.68 0.72 0.73 0.75 0.8  0.82 0.82
 0.83 0.85 0.86 0.89 0.89 0.9  0.92 0.96 0.96 1.   1.02 1.08 1.1  1.11
 1.16 1.16 1.23 1.41]
var: 0.14212163888888918
| [0m49       [0m | [0m0.5732   [0m | [0m0.03453  [0m | [0m40.81    [0m | [0m2.812    [0m |
[0.56 0.57 0.58 0.58 0.63 0.64 0.78 0.86 0.88 1.06 1.07 1.22 1.25 1.29
 1.32 1.33 1.34 1.35 1.35 1.43 1.51 1.55 1.57 1.58 1.61 1.62 1.74 1.77
 1.77 1.79 1.8  1.8  1.85 1.89 1.96 2.02 2.03 2.04 2.1  2.16 2.28 2.34
 2.34 2.35 2.35 2.48 2.52 2.55 2.59 2.6  2.66 2.66 2.86 2.94 2.94 2.98
 3.15 3.16 3.2  3.35]
var: 0.569662083333334
| [0m50       [0m | [0m1.843    [0m | [0m0.06867  [0m | [0m29.19    [0m | [0m0.1365   [0m |
[0.64 0.78 0.81 0.81 0.85 0.89 0.9  1.05 1.11 1.12 1.25 1.28 1.33 1.37
 1.37 1.41 1.41 1.46 1.49 1.5  1.6  1.61 1.62 1.63 1.79 1.82 1.83 1.92
 1.92 2.   2.07 2.12 2.15 2.19 2.25 2.25 2.26 2.29 2.29 2.37 2.4  2.42
 2.52 2.55 2.6  2.62 2.78 2.94 3.13 3.18 3.32 3.41 3.47 3.53 3.53 3.59
 3.61 4.56 5.79 7.  ]
var: 1.3772273333333334
| [95m51       [0m | [95m2.196    [0m | [95m0.01195  [0m | [95m29.29    [0m | [95m0.1475   [0m |
[0.6  0.7  0.76 0.88 0.91 0.95 0.96 1.03 1.07 1.07 1.11 1.12 1.12 1.13
 1.14 1.17 1.19 1.22 1.23 1.24 1.24 1.25 1.26 1.26 1.29 1.3  1.3  1.34
 1.37 1.42 1.44 1.46 1.47 1.48 1.48 1.55 1.58 1.59 1.82 1.83 1.85 1.98
 2.   2.03 2.08 2.12 2.17 2.23 2.34 2.38 2.41 2.43 2.76 2.8  2.86 3.32
 3.33 3.39 3.5  5.04]
var: 0.6801543055555551
| [0m52       [0m | [0m1.706    [0m | [0m0.09203  [0m | [0m29.38    [0m | [0m0.1743   [0m |
[0.3  0.55 0.55 0.61 0.62 0.62 0.64 0.68 0.73 0.79 0.82 0.85 0.85 0.88
 0.89 0.9  1.07 1.07 1.24 1.26 1.28 1.3  1.32 1.35 1.4  1.4  1.4  1.43
 1.6  1.67 1.72 1.72 1.74 1.74 1.75 1.77 1.82 1.83 1.85 1.86 1.98 1.99
 2.   2.06 2.1  2.18 2.25 2.41 2.47 2.5  2.54 2.59 2.71 2.76 2.8  3.22
 3.4  3.42 3.99 4.82]
var: 0.8215723333333332
| [0m53       [0m | [0m1.701    [0m | [0m0.04078  [0m | [0m29.44    [0m | [0m0.1156   [0m |
[0.55 0.64 0.66 0.71 0.72 0.73 0.75 0.78 1.04 1.07 1.19 1.23 1.24 1.27
 1.32 1.33 1.38 1.38 1.43 1.51 1.53 1.62 1.69 1.69 1.74 1.74 1.75 1.75
 1.75 1.75 1.76 1.77 1.79 1.89 1.92 1.93 1.97 1.97 2.04 2.1  2.19 2.24
 2.51 2.54 2.55 2.59 2.63 2.68 2.73 2.87 3.   3.02 3.03 3.18 3.32 3.42
 3.54 3.54 3.55 3.58]
var: 0.7047249722222217
| [0m54       [0m | [0m1.93     [0m | [0m0.03372  [0m | [0m29.25    [0m | [0m0.1881   [0m |
[0.67 0.69 0.82 0.84 1.02 1.03 1.04 1.1  1.23 1.28 1.45 1.49 1.55 1.56
 1.61 1.63 1.63 1.64 1.65 1.68 1.71 1.74 1.76 1.78 1.86 1.86 1.91 1.98
 1.99 2.01 2.01 2.07 2.07 2.15 2.16 2.16 2.2  2.25 2.34 2.38 2.4  2.4
 2.48 2.51 2.55 2.6  2.68 2.7  2.71 2.72 2.75 2.8  2.92 3.1  3.22 3.5
 3.55 3.65 3.69 3.88]
var: 0.5838849722222219
| [0m55       [0m | [0m2.08     [0m | [0m0.02827  [0m | [0m29.29    [0m | [0m0.1758   [0m |
[0.56 0.57 0.57 0.61 0.66 0.7  0.75 0.75 0.94 0.97 1.01 1.05 1.08 1.12
 1.15 1.23 1.24 1.24 1.25 1.36 1.43 1.46 1.46 1.47 1.47 1.52 1.58 1.58
 1.61 1.62 1.63 1.69 1.7  1.71 1.75 1.75 1.8  1.84 1.85 1.86 1.88 1.92
 1.96 2.   2.01 2.12 2.12 2.2  2.43 2.48 2.5  2.53 2.62 2.63 2.68 2.71
 2.76 2.79 2.97 3.11]
var: 0.43876830555555535
| [0m56       [0m | [0m1.667    [0m | [0m0.1224   [0m | [0m29.26    [0m | [0m0.1189   [0m |
[0.59 0.59 0.77 0.85 0.93 1.02 1.14 1.14 1.2  1.31 1.32 1.45 1.46 1.46
 1.47 1.52 1.53 1.53 1.56 1.58 1.64 1.72 1.78 1.8  1.88 1.91 1.91 1.94
 1.99 2.03 2.03 2.04 2.06 2.06 2.08 2.08 2.1  2.12 2.14 2.14 2.21 2.22
 2.27 2.34 2.38 2.39 2.48 2.63 3.07 3.08 3.35 3.54 3.76 3.83 4.21 4.22
 4.24 4.47 5.43 5.52]
var: 1.1939349722222208
| [0m57       [0m | [0m2.192    [0m | [0m0.02937  [0m | [0m29.39    [0m | [0m0.09595  [0m |
[0.34 0.52 0.6  0.62 0.63 0.64 0.65 0.7  0.73 0.73 0.76 0.85 0.86 0.86
 0.93 0.96 1.02 1.08 1.09 1.1  1.15 1.15 1.17 1.19 1.19 1.21 1.26 1.29
 1.31 1.34 1.42 1.43 1.45 1.5  1.53 1.62 1.69 1.72 1.73 1.73 1.75 1.79
 1.8  1.82 1.83 1.84 1.85 1.85 1.88 1.91 1.98 2.01 2.04 2.11 2.43 2.48
 2.52 2.78 2.84 3.27]
var: 0.3932669722222225
| [0m58       [0m | [0m1.442    [0m | [0m0.09103  [0m | [0m44.07    [0m | [0m0.3009   [0m |
[0.26 0.27 0.39 0.45 0.61 0.61 0.72 0.73 0.74 0.74 0.75 0.81 0.86 0.87
 0.87 0.9  0.92 0.92 0.92 0.95 0.97 0.98 0.99 1.01 1.04 1.05 1.14 1.15
 1.16 1.16 1.19 1.2  1.23 1.23 1.24 1.24 1.27 1.29 1.3  1.31 1.34 1.35
 1.36 1.41 1.41 1.47 1.49 1.52 1.55 1.57 1.57 1.59 1.65 1.69 1.73 1.81
 1.83 1.9  1.99 2.54]
var: 0.18675163888888896
| [0m59       [0m | [0m1.17     [0m | [0m0.06399  [0m | [0m29.41    [0m | [0m0.02189  [0m |
[0.37 0.75 0.89 0.9  0.95 0.95 1.3  1.33 1.37 1.39 1.46 1.53 1.57 1.59
 1.6  1.65 1.65 1.67 1.68 1.83 1.87 1.88 1.94 1.97 1.98 1.99 2.08 2.13
 2.13 2.17 2.18 2.18 2.21 2.23 2.32 2.35 2.35 2.38 2.58 2.65 2.74 2.78
 2.83 2.89 2.94 3.1  3.17 3.19 3.22 3.37 3.43 3.45 3.71 4.21 4.28 4.29
 4.46 4.97 5.   5.76]
var: 1.2576560833333332
| [95m60       [0m | [95m2.397    [0m | [95m0.006247 [0m | [95m29.39    [0m | [95m0.2128   [0m |
[0.   0.05 0.07 0.07 0.14 0.17 0.22 0.28 0.34 0.37 0.39 0.41 0.44 0.45
 0.46 0.46 0.48 0.51 0.51 0.56 0.56 0.58 0.59 0.61 0.62 0.64 0.67 0.75
 0.76 0.77 0.78 0.79 0.79 0.82 0.84 0.85 0.86 0.9  0.9  0.97 0.99 0.99
 1.   1.02 1.09 1.09 1.09 1.12 1.13 1.16 1.18 1.19 1.2  1.24 1.34 1.35
 1.4  1.41 1.71 2.15]
var: 0.18151488888888895
| [0m61       [0m | [0m0.7713   [0m | [0m0.1787   [0m | [0m16.48    [0m | [0m2.472    [0m |
[0.68 0.69 0.84 0.94 0.97 1.41 1.51 1.56 1.61 1.62 1.62 1.67 1.71 1.75
 1.87 1.9  1.91 2.04 2.05 2.08 2.09 2.13 2.15 2.18 2.2  2.22 2.36 2.42
 2.56 2.61 2.66 2.66 2.67 2.68 2.71 2.75 2.84 2.84 2.93 2.98 3.17 3.18
 3.26 3.31 3.4  3.42 3.5  3.52 3.69 3.79 3.85 3.9  4.01 4.36 5.2  5.31
 5.63 5.64 7.16 9.86]
var: 2.450650305555556
| [95m62       [0m | [95m2.837    [0m | [95m0.005406 [0m | [95m29.31    [0m | [95m0.07427  [0m |
[0.67 0.71 0.73 0.8  0.81 0.93 1.03 1.04 1.1  1.2  1.26 1.3  1.3  1.33
 1.36 1.38 1.52 1.53 1.54 1.55 1.66 1.68 1.7  1.7  1.78 1.96 1.96 1.96
 2.11 2.13 2.15 2.22 2.24 2.27 2.29 2.34 2.46 2.48 2.51 2.73 2.75 2.79
 2.82 2.83 2.84 2.85 2.9  2.94 3.02 3.12 3.21 3.24 3.32 3.41 3.42 3.43
 3.61 4.01 4.28 5.92]
var: 1.0269036388888881
| [0m63       [0m | [0m2.202    [0m | [0m0.006087 [0m | [0m29.18    [0m | [0m0.2625   [0m |
[0.08 0.69 0.71 0.75 0.78 0.78 0.81 0.84 0.88 1.09 1.13 1.17 1.18 1.24
 1.26 1.26 1.26 1.29 1.39 1.4  1.43 1.53 1.65 1.66 1.66 1.66 1.79 1.82
 1.9  1.91 1.97 2.04 2.04 2.05 2.08 2.09 2.1  2.25 2.25 2.28 2.32 2.35
 2.38 2.38 2.4  2.5  2.82 2.87 3.15 3.25 3.26 3.27 3.29 3.3  3.44 3.6
 3.77 3.9  4.   4.19]
var: 0.9221416388888884
| [0m64       [0m | [0m2.01     [0m | [0m0.028    [0m | [0m29.42    [0m | [0m0.2387   [0m |
[0.02 0.06 0.06 0.12 0.13 0.13 0.24 0.25 0.33 0.36 0.37 0.39 0.44 0.44
 0.52 0.59 0.6  0.62 0.63 0.63 0.64 0.66 0.71 0.72 0.74 0.75 0.79 0.82
 0.82 0.92 0.93 0.95 1.01 1.06 1.1  1.22 1.22 1.23 1.25 1.26 1.27 1.36
 1.37 1.37 1.4  1.45 1.46 1.5  1.54 1.56 1.78 1.86 1.93 1.95 1.97 1.98
 2.14 2.37 2.43 2.63]
var: 0.4187254166666665
| [0m65       [0m | [0m1.018    [0m | [0m0.1308   [0m | [0m18.19    [0m | [0m0.6421   [0m |
[0.01 0.02 0.09 0.1  0.12 0.12 0.12 0.13 0.16 0.17 0.19 0.2  0.22 0.22
 0.26 0.28 0.34 0.35 0.4  0.45 0.46 0.47 0.49 0.49 0.54 0.58 0.65 0.65
 0.67 0.68 0.69 0.69 0.7  0.71 0.73 0.74 0.75 0.75 0.76 0.77 0.83 0.93
 0.95 1.03 1.03 1.05 1.05 1.13 1.13 1.17 1.21 1.28 1.3  1.33 1.38 1.52
 1.65 1.72 1.99 2.05]
var: 0.24467430555555605
| [0m66       [0m | [0m0.7108   [0m | [0m0.232    [0m | [0m4.569    [0m | [0m1.483    [0m |
[0.53 0.58 0.63 0.63 0.65 0.7  0.84 0.86 0.86 1.01 1.06 1.09 1.14 1.18
 1.21 1.22 1.25 1.33 1.38 1.54 1.56 1.61 1.64 1.7  1.79 1.82 1.86 1.95
 2.09 2.1  2.2  2.27 2.29 2.31 2.37 2.39 2.4  2.4  2.47 2.48 2.57 2.58
 2.62 2.62 2.7  2.73 2.88 2.88 2.95 3.   3.06 3.41 3.74 3.78 4.06 4.28
 4.53 4.55 4.55 7.4 ]
var: 1.5845682222222228
| [0m67       [0m | [0m2.205    [0m | [0m0.01743  [0m | [0m29.35    [0m | [0m0.119    [0m |
[0.51 0.52 0.55 0.61 0.62 0.63 0.64 0.64 0.66 0.66 0.68 0.71 0.75 0.75
 0.76 0.76 0.77 0.78 0.8  0.81 0.82 0.85 0.87 1.02 1.07 1.09 1.09 1.11
 1.13 1.13 1.16 1.16 1.17 1.18 1.22 1.22 1.24 1.33 1.34 1.36 1.41 1.43
 1.43 1.46 1.51 1.56 1.56 1.59 1.81 1.84 1.92 1.95 2.   2.05 2.2  2.2
 2.48 2.8  3.21 3.26]
var: 0.4046573333333337
| [0m68       [0m | [0m1.264    [0m | [0m0.1516   [0m | [0m48.4     [0m | [0m0.2482   [0m |
[0.11 0.69 0.71 0.77 0.78 0.79 0.82 0.84 0.85 0.9  0.93 0.96 0.97 1.
 1.07 1.12 1.24 1.26 1.27 1.37 1.39 1.4  1.4  1.4  1.5  1.62 1.62 1.66
 1.67 1.7  1.72 1.72 1.79 1.8  1.82 1.85 1.87 1.88 1.89 1.89 1.92 1.93
 2.04 2.05 2.09 2.13 2.17 2.18 2.22 2.23 2.25 2.42 2.43 2.57 2.68 2.76
 2.83 3.04 3.65 4.4 ]
var: 0.5698214166666665
| [0m69       [0m | [0m1.701    [0m | [0m0.03204  [0m | [0m29.23    [0m | [0m0.3546   [0m |
[0.37 0.66 0.75 0.81 0.92 0.94 0.95 1.05 1.11 1.18 1.38 1.38 1.43 1.43
 1.45 1.45 1.48 1.51 1.6  1.61 1.61 1.63 1.68 1.73 1.74 1.8  1.89 1.98
 2.06 2.12 2.2  2.22 2.23 2.25 2.43 2.43 2.47 2.61 2.65 2.67 2.71 2.76
 2.77 2.77 2.81 2.85 2.9  3.03 3.06 3.13 3.37 3.45 3.88 3.91 3.93 4.15
 4.42 4.77 4.81 5.73]
var: 1.276431416666667
| [0m70       [0m | [0m2.285    [0m | [0m0.004846 [0m | [0m44.1     [0m | [0m0.3149   [0m |
[0.42 0.64 0.66 0.71 0.71 0.73 0.74 0.74 0.76 0.78 0.79 0.8  0.81 0.84
 0.93 0.99 0.99 1.11 1.11 1.12 1.13 1.2  1.21 1.22 1.22 1.29 1.29 1.3
 1.3  1.35 1.36 1.4  1.42 1.48 1.49 1.51 1.53 1.53 1.56 1.6  1.64 1.67
 1.7  1.71 1.73 1.74 1.77 1.8  1.88 1.97 2.06 2.08 2.11 2.12 2.31 2.36
 2.6  3.51 3.78 3.89]
var: 0.5043999999999994
| [0m71       [0m | [0m1.47     [0m | [0m0.08977  [0m | [0m27.74    [0m | [0m0.3606   [0m |
[0.03 0.26 0.6  0.6  0.61 0.62 0.73 0.73 0.74 0.74 0.75 0.93 0.99 1.
 1.01 1.05 1.13 1.23 1.28 1.33 1.33 1.41 1.46 1.54 1.55 1.55 1.58 1.61
 1.62 1.62 1.64 1.65 1.66 1.7  1.72 1.79 1.85 1.86 1.9  1.92 1.95 1.96
 1.98 1.98 2.2  2.21 2.41 2.44 2.52 2.56 2.56 2.68 2.74 2.8  2.93 3.08
 3.15 3.2  3.28 3.77]
var: 0.6658082222222226
| [0m72       [0m | [0m1.695    [0m | [0m0.09157  [0m | [0m29.37    [0m | [0m0.3547   [0m |
[0.71 0.73 0.74 0.75 0.82 0.85 0.86 0.86 0.87 1.01 1.01 1.03 1.03 1.05
 1.06 1.14 1.15 1.16 1.2  1.22 1.23 1.24 1.25 1.26 1.37 1.43 1.47 1.49
 1.57 1.64 1.7  1.71 1.75 1.75 1.79 1.83 1.94 1.96 2.01 2.06 2.14 2.18
 2.19 2.23 2.29 2.37 2.39 2.42 2.56 2.59 2.7  2.92 2.94 3.08 3.39 3.59
 3.6  3.73 3.87 4.07]
var: 0.7799943055555556
| [0m73       [0m | [0m1.816    [0m | [0m0.03595  [0m | [0m29.37    [0m | [0m0.2257   [0m |
[0.69 0.7  0.72 0.73 0.76 0.88 1.11 1.21 1.29 1.33 1.39 1.41 1.49 1.54
 1.56 1.57 1.68 1.71 1.72 1.75 1.76 1.81 1.84 1.84 1.88 1.91 2.06 2.08
 2.14 2.16 2.16 2.19 2.35 2.38 2.39 2.45 2.45 2.58 2.74 2.78 3.08 3.17
 3.18 3.19 3.2  3.31 3.35 3.42 3.43 3.44 3.52 3.66 3.74 3.85 4.09 4.13
 4.23 5.35 5.36 5.42]
var: 1.3616716388888896
| [0m74       [0m | [0m2.422    [0m | [0m0.006352 [0m | [0m29.12    [0m | [0m0.1915   [0m |
[0.22 0.61 0.69 0.71 0.73 0.74 0.76 0.83 0.87 0.88 0.89 0.91 0.92 0.98
 0.98 1.02 1.12 1.13 1.15 1.15 1.25 1.26 1.34 1.43 1.5  1.51 1.52 1.55
 1.56 1.56 1.56 1.6  1.61 1.66 1.66 1.7  1.71 1.75 1.82 1.83 1.85 1.92
 1.99 2.02 2.07 2.09 2.12 2.13 2.3  2.51 2.52 2.52 2.57 2.63 2.64 2.67
 2.76 2.83 2.93 4.07]
var: 0.528221638888889
| [0m75       [0m | [0m1.63     [0m | [0m0.0684   [0m | [0m44.08    [0m | [0m0.3658   [0m |
[0.58 0.73 0.79 0.82 0.88 0.91 0.99 1.03 1.08 1.12 1.16 1.16 1.2  1.25
 1.29 1.3  1.36 1.39 1.39 1.39 1.41 1.47 1.47 1.48 1.52 1.59 1.6  1.6
 1.66 1.69 1.74 1.78 1.81 1.85 1.86 1.92 2.   2.02 2.03 2.1  2.21 2.29
 2.33 2.34 2.41 2.49 2.55 2.58 2.72 2.86 2.9  2.96 3.   3.02 3.07 3.31
 3.57 3.59 4.23 4.45]
var: 0.747620555555556
| [0m76       [0m | [0m1.922    [0m | [0m0.05968  [0m | [0m29.37    [0m | [0m0.2292   [0m |
[0.52 0.56 0.88 0.92 0.96 1.09 1.09 1.1  1.11 1.12 1.14 1.15 1.17 1.19
 1.21 1.24 1.25 1.29 1.29 1.3  1.38 1.39 1.4  1.4  1.41 1.45 1.46 1.51
 1.52 1.54 1.59 1.59 1.64 1.65 1.68 1.69 1.7  1.7  1.72 1.76 1.78 1.78
 1.78 1.79 1.79 1.83 1.91 1.99 2.04 2.1  2.14 2.18 2.19 2.43 2.45 2.46
 2.49 2.5  2.74 3.63]
var: 0.2955728888888888
| [0m77       [0m | [0m1.613    [0m | [0m0.01436  [0m | [0m29.36    [0m | [0m0.03141  [0m |
[0.59 0.6  0.61 0.7  0.73 0.76 0.77 1.   1.09 1.1  1.18 1.21 1.21 1.24
 1.24 1.24 1.25 1.32 1.32 1.36 1.36 1.4  1.4  1.4  1.41 1.44 1.47 1.47
 1.47 1.47 1.49 1.51 1.54 1.58 1.58 1.62 1.67 1.68 1.69 1.71 1.73 1.78
 1.78 1.79 1.82 1.84 1.87 1.94 1.97 1.98 2.1  2.11 2.12 2.16 2.22 2.36
 2.77 3.09 3.29 3.34]
var: 0.3434178888888889
| [0m78       [0m | [0m1.582    [0m | [0m0.1036   [0m | [0m29.11    [0m | [0m0.2604   [0m |
[0.03 0.06 0.06 0.1  0.11 0.12 0.13 0.13 0.22 0.22 0.33 0.35 0.38 0.38
 0.43 0.45 0.54 0.63 0.69 0.69 0.7  0.72 0.73 0.74 0.75 0.75 0.8  0.83
 0.85 0.88 0.9  0.9  0.9  0.91 0.94 1.02 1.06 1.06 1.06 1.12 1.12 1.14
 1.15 1.17 1.26 1.34 1.43 1.44 1.46 1.55 1.59 1.78 1.79 1.82 1.85 1.87
 2.02 2.84 3.02 3.47]
var: 0.5117765555555557
| [0m79       [0m | [0m0.9797   [0m | [0m0.1329   [0m | [0m19.99    [0m | [0m1.533    [0m |
[0.15 0.67 0.74 0.86 0.9  0.96 1.16 1.2  1.24 1.35 1.41 1.42 1.43 1.46
 1.47 1.49 1.51 1.52 1.61 1.61 1.63 1.71 1.84 1.95 1.99 1.99 2.   2.
 2.06 2.13 2.15 2.18 2.19 2.2  2.23 2.23 2.25 2.25 2.26 2.3  2.34 2.36
 2.38 2.4  2.49 2.49 2.6  2.61 2.63 2.63 2.64 2.71 2.72 2.95 3.11 3.13
 3.17 3.48 3.51 4.06]
var: 0.5588316388888892
| [0m80       [0m | [0m2.035    [0m | [0m0.01084  [0m | [0m29.44    [0m | [0m0.3271   [0m |
=============================================================
None
num_trials:  40  inits,  40  iters,  60  per
rho:  5
pthin:  0.90

Best VPT: 2.8371666666666675
Best result: {'a': 0.0054055710161402745, 'g': 29.310423351623445, 's': 0.07426966360608307}

KERNEL: nu=1.5, lengthscale=2.0, alpha=0.0005
