|   iter    |  target   |     a     |     g     |     s     |
-------------------------------------------------------------
[0.06 0.18 0.21 0.21 0.25 0.29 0.29 0.3  0.32 0.37 0.37 0.38 0.39 0.4
 0.42 0.44 0.47 0.51 0.51 0.51 0.53 0.53 0.54 0.54 0.55 0.56 0.62 0.63
 0.65 0.68 0.7  0.7  0.7  0.73 0.73 0.73 0.74 0.84 0.86 0.88 0.89 0.91
 0.92 1.   1.07 1.14 1.2  1.21 1.29 1.36 1.38 1.46 1.46 1.64 1.69 1.71
 1.86 1.92 2.47 2.84]
var: 0.3159390000000002
| [0m1        [0m | [0m0.829    [0m | [0m0.1827   [0m | [0m1.815    [0m | [0m1.795    [0m |
[0.01 0.03 0.04 0.1  0.16 0.19 0.24 0.24 0.28 0.31 0.38 0.39 0.47 0.48
 0.49 0.52 0.55 0.56 0.57 0.61 0.61 0.61 0.62 0.63 0.65 0.65 0.67 0.79
 0.8  0.8  0.81 0.85 0.87 0.88 0.89 0.9  0.96 0.96 0.98 1.04 1.05 1.06
 1.11 1.19 1.21 1.26 1.28 1.3  1.32 1.34 1.36 1.52 1.53 1.81 1.9  2.45
 2.5  2.53 2.74 2.97]
var: 0.44855655555555546
| [95m2        [0m | [95m0.9337   [0m | [95m0.1766   [0m | [95m27.8     [0m | [95m2.964    [0m |
[0.15 0.17 0.61 0.61 0.74 0.77 0.78 0.85 0.89 1.1  1.28 1.34 1.37 1.4
 1.45 1.48 1.5  1.5  1.61 1.62 1.76 1.84 1.9  1.95 1.96 1.97 2.06 2.08
 2.39 2.4  2.42 2.46 2.46 2.52 2.54 2.55 2.63 2.65 3.08 3.18 3.19 3.2
 3.25 3.46 3.48 3.51 3.51 3.6  3.61 3.63 3.74 3.74 3.77 3.8  3.99 4.11
 4.22 4.27 4.41 6.62]
var: 1.5931769722222222
| [95m3        [0m | [95m2.419    [0m | [95m0.01539  [0m | [95m8.9      [0m | [95m0.7176   [0m |
[0.27 0.32 0.33 0.61 0.85 0.98 1.1  1.1  1.16 1.19 1.25 1.34 1.38 1.6
 1.69 1.75 1.75 1.81 1.9  1.99 2.03 2.09 2.12 2.2  2.37 2.42 2.44 2.46
 2.59 2.96 3.03 3.12 3.17 3.19 3.22 3.27 3.31 3.45 3.55 3.58 3.63 3.66
 3.67 3.71 4.23 4.24 4.29 4.35 4.4  4.45 4.8  4.89 4.94 5.02 5.11 5.16
 5.26 5.54 5.58 5.65]
var: 2.2579759999999998
| [95m4        [0m | [95m2.892    [0m | [95m0.0008218[0m | [95m8.483    [0m | [95m0.6685   [0m |
[0.03 0.03 0.05 0.07 0.14 0.24 0.27 0.28 0.29 0.35 0.39 0.39 0.49 0.52
 0.53 0.56 0.57 0.57 0.58 0.59 0.6  0.6  0.63 0.64 0.67 0.69 0.7  0.71
 0.73 0.73 0.75 0.78 0.81 0.82 0.82 0.84 0.88 0.92 0.95 1.   1.02 1.02
 1.02 1.05 1.05 1.08 1.22 1.27 1.27 1.28 1.4  1.57 1.7  1.71 1.72 1.73
 1.76 1.96 2.25 4.86]
var: 0.5147720833333327
| [0m5        [0m | [0m0.9025   [0m | [0m0.2562   [0m | [0m30.52    [0m | [0m1.632    [0m |
[0.17 0.19 0.2  0.22 0.22 0.43 0.45 0.46 0.53 0.55 0.66 0.74 0.77 0.93
 0.97 1.02 1.07 1.09 1.16 1.17 1.25 1.35 1.4  1.44 1.44 1.49 1.49 1.5
 1.57 1.61 1.61 1.63 1.66 1.68 1.72 1.78 1.84 1.9  1.93 1.95 2.15 2.17
 2.34 2.42 2.43 2.61 2.74 2.85 2.88 2.91 3.05 3.45 3.54 3.66 3.69 3.72
 3.85 3.85 4.05 4.67]
var: 1.2735514166666673
| [0m6        [0m | [0m1.805    [0m | [0m0.0485   [0m | [0m14.45    [0m | [0m1.046    [0m |
[0.02 0.02 0.03 0.05 0.07 0.09 0.11 0.13 0.19 0.26 0.26 0.3  0.3  0.32
 0.35 0.36 0.37 0.4  0.4  0.48 0.54 0.56 0.57 0.59 0.63 0.69 0.78 0.79
 0.83 0.86 0.9  0.9  0.91 0.91 0.99 1.03 1.07 1.12 1.17 1.18 1.21 1.21
 1.21 1.21 1.23 1.24 1.24 1.26 1.27 1.31 1.31 1.48 1.62 1.64 1.67 1.8
 1.8  1.85 2.24 2.47]
var: 0.3400022222222223
| [0m7        [0m | [0m0.8633   [0m | [0m0.05835  [0m | [0m48.51    [0m | [0m1.993    [0m |
[0.   0.   0.04 0.05 0.06 0.08 0.09 0.11 0.13 0.17 0.19 0.24 0.27 0.31
 0.35 0.35 0.41 0.41 0.45 0.47 0.5  0.52 0.53 0.56 0.57 0.59 0.6  0.64
 0.68 0.69 0.69 0.73 0.74 0.74 0.82 0.88 0.9  0.97 1.06 1.08 1.1  1.12
 1.13 1.23 1.32 1.33 1.37 1.39 1.42 1.67 1.68 1.8  1.85 1.9  1.92 1.97
 2.02 2.15 2.26 2.94]
var: 0.45746288888888814
| [0m8        [0m | [0m0.8707   [0m | [0m0.1597   [0m | [0m43.16    [0m | [0m1.564    [0m |
[0.   0.11 0.13 0.21 0.23 0.29 0.39 0.4  0.5  0.59 0.62 0.63 0.63 0.64
 0.71 0.75 0.76 0.81 0.81 0.83 0.87 0.87 0.9  0.95 0.98 1.   1.06 1.06
 1.09 1.16 1.17 1.17 1.18 1.21 1.22 1.25 1.29 1.33 1.35 1.36 1.46 1.5
 1.6  1.64 1.8  1.84 2.05 2.08 2.17 2.19 2.23 2.3  2.51 2.53 2.59 2.63
 2.69 2.8  3.18 3.94]
var: 0.6939673333333334
| [0m9        [0m | [0m1.304    [0m | [0m0.02033  [0m | [0m31.75    [0m | [0m2.03     [0m |
[0.12 0.2  0.24 0.32 0.36 0.36 0.4  0.43 0.48 0.55 0.57 0.59 0.83 0.83
 0.86 0.91 0.96 1.04 1.07 1.09 1.18 1.2  1.24 1.39 1.43 1.44 1.44 1.45
 1.53 1.55 1.56 1.6  1.88 1.9  1.92 1.99 2.01 2.06 2.19 2.19 2.22 2.22
 2.34 2.41 2.42 2.49 2.51 2.6  2.69 2.86 2.9  2.97 2.97 3.37 3.38 3.39
 3.55 4.19 4.41 5.13]
var: 1.2602743333333335
| [0m10       [0m | [0m1.773    [0m | [0m0.2534   [0m | [0m14.0     [0m | [0m0.4676   [0m |
[0.02 0.03 0.15 0.16 0.23 0.26 0.29 0.29 0.32 0.33 0.34 0.39 0.42 0.44
 0.47 0.54 0.62 0.63 0.69 0.7  0.7  0.7  0.73 0.75 0.78 0.8  0.81 0.82
 0.88 0.9  0.99 1.   1.04 1.1  1.1  1.11 1.13 1.14 1.23 1.25 1.27 1.31
 1.41 1.51 1.55 1.57 1.58 1.66 1.67 1.67 1.7  1.72 1.96 2.   2.23 2.24
 2.26 2.39 2.42 3.1 ]
var: 0.46843722222222245
| [0m11       [0m | [0m1.058    [0m | [0m0.2419   [0m | [0m9.42     [0m | [0m2.978    [0m |
[0.   0.09 0.13 0.15 0.31 0.31 0.31 0.31 0.38 0.41 0.41 0.43 0.44 0.45
 0.46 0.48 0.48 0.52 0.56 0.58 0.65 0.68 0.76 0.76 0.76 0.77 0.82 0.83
 0.83 0.86 0.86 0.88 0.89 0.91 0.92 0.96 0.99 0.99 1.22 1.34 1.4  1.4
 1.48 1.53 1.62 1.66 1.76 1.78 1.87 1.95 1.96 2.06 2.15 2.35 2.59 2.63
 2.75 2.75 3.29 3.46]
var: 0.680836972222222
| [0m12       [0m | [0m1.122    [0m | [0m0.2421   [0m | [0m4.94     [0m | [0m1.915    [0m |
[0.01 0.01 0.12 0.17 0.34 0.36 0.36 0.36 0.43 0.44 0.57 0.62 0.67 0.67
 0.71 0.72 0.76 0.77 0.79 0.82 0.84 0.85 0.88 0.88 0.96 0.98 0.99 1.01
 1.03 1.03 1.21 1.24 1.26 1.26 1.3  1.32 1.37 1.43 1.45 1.47 1.52 1.53
 1.54 1.54 1.58 1.64 1.65 1.66 1.67 1.81 1.84 1.87 1.92 1.94 2.02 2.36
 2.36 2.41 2.44 3.49]
var: 0.4634420833333337
| [0m13       [0m | [0m1.188    [0m | [0m0.1776   [0m | [0m16.67    [0m | [0m2.836    [0m |
[0.   0.04 0.07 0.07 0.14 0.14 0.15 0.15 0.17 0.17 0.19 0.19 0.24 0.31
 0.37 0.37 0.38 0.42 0.47 0.5  0.56 0.57 0.58 0.58 0.58 0.59 0.6  0.6
 0.6  0.61 0.63 0.65 0.67 0.69 0.69 0.7  0.7  0.73 0.83 0.85 0.89 0.9
 0.96 0.99 1.05 1.06 1.1  1.21 1.22 1.23 1.28 1.29 1.51 1.57 1.66 1.7
 1.79 2.01 2.06 2.32]
var: 0.2954843055555559
| [0m14       [0m | [0m0.7558   [0m | [0m0.2568   [0m | [0m32.45    [0m | [0m2.918    [0m |
[0.14 0.68 0.7  1.01 1.04 1.06 1.1  1.13 1.14 1.19 1.27 1.37 1.53 1.61
 1.64 1.69 1.69 1.7  1.71 1.73 1.88 1.9  1.9  1.93 1.98 2.01 2.03 2.17
 2.2  2.2  2.24 2.24 2.29 2.3  2.38 2.41 2.5  2.63 2.68 2.7  2.82 2.84
 2.84 2.85 2.93 2.96 3.   3.34 3.36 3.37 3.39 3.42 3.52 3.63 3.73 3.9
 3.94 4.09 4.25 4.36]
var: 0.9452406666666668
| [0m15       [0m | [0m2.304    [0m | [0m0.2588   [0m | [0m25.09    [0m | [0m0.161    [0m |
[0.01 0.04 0.21 0.24 0.25 0.29 0.43 0.49 0.49 0.56 0.6  0.66 0.67 0.68
 0.74 0.8  0.81 0.84 0.85 0.86 0.88 0.93 0.95 0.98 0.98 0.99 1.03 1.04
 1.06 1.07 1.1  1.12 1.14 1.17 1.31 1.32 1.33 1.36 1.36 1.44 1.5  1.52
 1.57 1.61 1.61 1.62 1.65 1.72 1.9  1.91 1.92 2.04 2.11 2.2  2.3  2.56
 2.65 2.85 3.03 3.51]
var: 0.5489345555555551
| [0m16       [0m | [0m1.248    [0m | [0m0.166    [0m | [0m24.52    [0m | [0m1.014    [0m |
[0.11 0.19 0.2  0.25 0.29 0.32 0.46 0.53 0.54 0.55 0.59 0.62 0.62 0.64
 0.64 0.66 0.72 0.75 0.76 0.82 0.88 0.94 0.95 0.99 1.01 1.04 1.08 1.1
 1.12 1.12 1.18 1.19 1.27 1.31 1.33 1.39 1.4  1.45 1.47 1.49 1.61 1.62
 1.63 1.83 1.86 1.93 2.01 2.03 2.03 2.05 2.05 2.06 2.26 2.3  2.45 2.74
 2.81 2.89 3.16 4.19]
var: 0.6781048888888895
| [0m17       [0m | [0m1.325    [0m | [0m0.1117   [0m | [0m6.12     [0m | [0m1.803    [0m |
[0.07 0.07 0.13 0.14 0.15 0.18 0.25 0.32 0.34 0.43 0.44 0.48 0.53 0.57
 0.58 0.59 0.63 0.64 0.67 0.72 0.72 0.73 0.74 0.85 0.92 0.93 0.94 1.19
 1.22 1.28 1.28 1.37 1.37 1.42 1.46 1.47 1.51 1.71 1.75 1.77 1.83 1.85
 1.86 1.93 1.98 2.01 2.09 2.12 2.23 2.23 2.41 2.5  2.55 2.68 3.08 3.1
 3.39 3.5  4.13 4.27]
var: 1.0461516666666673
| [0m18       [0m | [0m1.405    [0m | [0m0.1915   [0m | [0m44.54    [0m | [0m0.4914   [0m |
[0.06 0.26 0.38 0.49 0.5  0.69 0.7  0.71 0.74 1.02 1.05 1.09 1.09 1.11
 1.12 1.33 1.34 1.39 1.42 1.46 1.55 1.64 1.69 1.69 1.77 1.81 1.84 1.86
 1.94 1.96 2.01 2.01 2.15 2.25 2.27 2.35 2.4  2.47 2.49 2.73 2.77 2.78
 2.8  2.8  2.91 2.95 3.03 3.05 3.1  3.2  3.27 3.35 3.36 3.37 3.5  3.66
 3.88 4.3  4.33 4.59]
var: 1.1876603055555564
| [0m19       [0m | [0m2.097    [0m | [0m0.1791   [0m | [0m23.83    [0m | [0m0.2072   [0m |
[0.97 1.2  1.22 1.32 1.38 1.5  1.56 1.59 1.62 1.7  1.76 1.84 1.85 2.03
 2.06 2.09 2.2  2.31 2.34 2.38 2.46 2.46 2.51 2.59 2.72 2.75 2.76 2.78
 2.78 2.79 2.83 2.85 2.85 2.97 3.   3.07 3.14 3.27 3.29 3.39 3.44 3.59
 3.67 3.73 3.78 3.95 4.04 4.29 4.3  4.48 4.64 4.77 5.13 5.58 5.6  5.93
 6.2  6.25 6.35 6.83]
var: 2.0643447499999996
| [95m20       [0m | [95m3.146    [0m | [95m0.132    [0m | [95m5.139    [0m | [95m0.2485   [0m |
[0.   0.04 0.06 0.07 0.18 0.18 0.27 0.29 0.3  0.31 0.34 0.35 0.41 0.41
 0.43 0.5  0.54 0.59 0.59 0.61 0.63 0.71 0.72 0.75 0.79 0.79 0.81 0.81
 0.84 0.85 0.88 0.9  0.9  0.91 0.93 0.93 1.   1.01 1.01 1.08 1.1  1.15
 1.15 1.16 1.16 1.19 1.2  1.22 1.34 1.37 1.37 1.38 1.43 1.48 1.62 1.81
 1.85 1.92 2.36 3.15]
var: 0.33605697222222175
| [0m21       [0m | [0m0.9022   [0m | [0m0.1673   [0m | [0m37.13    [0m | [0m2.627    [0m |
[0.03 0.07 0.07 0.07 0.07 0.1  0.1  0.17 0.27 0.32 0.37 0.38 0.4  0.47
 0.48 0.53 0.54 0.55 0.56 0.57 0.59 0.6  0.61 0.62 0.65 0.67 0.67 0.7
 0.74 0.78 0.82 0.86 0.87 0.88 0.91 0.99 1.01 1.03 1.11 1.12 1.2  1.23
 1.24 1.27 1.28 1.32 1.46 1.55 1.65 1.83 1.84 1.88 1.97 2.01 2.04 2.11
 3.14 3.72 3.73 5.48]
var: 0.977970555555556
| [0m22       [0m | [0m1.072    [0m | [0m0.02412  [0m | [0m47.7     [0m | [0m2.87     [0m |
[0.06 0.07 0.11 0.18 0.21 0.26 0.32 0.39 0.4  0.41 0.47 0.47 0.47 0.52
 0.57 0.63 0.69 0.69 0.75 0.81 0.84 0.96 1.08 1.09 1.13 1.13 1.16 1.18
 1.2  1.2  1.24 1.25 1.26 1.27 1.28 1.31 1.33 1.34 1.36 1.37 1.44 1.5
 1.55 1.57 1.61 1.76 1.79 1.93 1.96 2.12 2.14 2.41 2.42 2.44 2.61 2.69
 3.01 3.5  3.8  5.  ]
var: 0.9153260833333331
| [0m23       [0m | [0m1.329    [0m | [0m0.1202   [0m | [0m28.02    [0m | [0m1.171    [0m |
[0.07 0.08 0.14 0.17 0.2  0.22 0.25 0.25 0.25 0.26 0.42 0.43 0.44 0.46
 0.54 0.55 0.55 0.61 0.66 0.67 0.71 0.72 0.75 0.78 0.93 0.99 1.07 1.14
 1.15 1.2  1.25 1.26 1.27 1.38 1.39 1.42 1.43 1.43 1.49 1.51 1.55 1.57
 1.65 1.78 1.86 1.88 1.9  1.9  1.95 1.96 1.96 1.98 1.98 1.98 2.13 2.32
 2.54 2.9  3.66 3.72]
var: 0.6929745555555559
| [0m24       [0m | [0m1.228    [0m | [0m0.03174  [0m | [0m15.35    [0m | [0m2.119    [0m |
[0.03 0.07 0.09 0.13 0.14 0.18 0.39 0.44 0.5  0.5  0.5  0.53 0.53 0.55
 0.56 0.56 0.56 0.57 0.6  0.62 0.66 0.66 0.68 0.71 0.72 0.78 0.8  0.81
 0.92 0.92 0.93 0.94 0.94 1.07 1.07 1.13 1.14 1.19 1.21 1.24 1.28 1.28
 1.29 1.3  1.34 1.46 1.46 1.47 1.56 1.57 1.65 1.66 1.66 1.73 1.75 1.91
 2.07 2.49 2.62 2.64]
var: 0.3733028888888888
| [0m25       [0m | [0m1.013    [0m | [0m0.2342   [0m | [0m27.44    [0m | [0m1.496    [0m |
[0.08 0.12 0.13 0.14 0.18 0.18 0.2  0.21 0.29 0.3  0.36 0.39 0.4  0.47
 0.56 0.57 0.67 0.77 0.79 0.85 0.85 0.92 0.97 0.98 1.03 1.1  1.14 1.16
 1.17 1.18 1.21 1.24 1.26 1.26 1.27 1.33 1.38 1.39 1.4  1.41 1.5  1.55
 1.73 1.76 1.79 1.85 1.89 1.9  1.9  2.   2.09 2.17 2.27 2.35 2.39 2.39
 2.6  3.44 3.57 3.64]
var: 0.7332049722222221
| [0m26       [0m | [0m1.268    [0m | [0m0.02624  [0m | [0m48.28    [0m | [0m1.332    [0m |
[0.   0.01 0.01 0.02 0.04 0.04 0.07 0.08 0.11 0.14 0.15 0.17 0.21 0.27
 0.28 0.28 0.35 0.38 0.38 0.42 0.44 0.44 0.46 0.47 0.5  0.54 0.56 0.57
 0.6  0.61 0.65 0.79 0.83 0.85 0.98 0.99 1.   1.02 1.05 1.05 1.07 1.1
 1.12 1.18 1.25 1.25 1.27 1.3  1.32 1.34 1.37 1.41 1.41 1.5  1.52 1.6
 1.61 1.71 1.73 2.32]
var: 0.3101583055555562
| [0m27       [0m | [0m0.7698   [0m | [0m0.189    [0m | [0m47.12    [0m | [0m2.19     [0m |
[0.12 0.17 0.31 0.35 0.45 0.48 0.49 0.58 0.59 0.59 0.59 0.6  0.61 0.63
 0.65 0.69 0.75 0.78 0.81 0.9  1.04 1.11 1.15 1.16 1.23 1.23 1.24 1.25
 1.26 1.29 1.32 1.36 1.36 1.39 1.4  1.45 1.5  1.52 1.52 1.54 1.62 1.72
 1.74 1.76 1.89 1.95 1.99 2.07 2.08 2.09 2.09 2.13 2.18 2.24 2.34 2.35
 2.79 3.23 4.27 5.25]
var: 0.843802888888889
| [0m28       [0m | [0m1.421    [0m | [0m0.09822  [0m | [0m17.01    [0m | [0m1.186    [0m |
[0.02 0.06 0.09 0.19 0.29 0.3  0.31 0.36 0.38 0.38 0.4  0.46 0.51 0.58
 0.59 0.59 0.63 0.64 0.67 0.68 0.68 0.68 0.7  0.71 0.76 0.77 0.77 0.77
 0.79 0.81 0.82 0.83 0.84 0.84 0.84 0.85 0.96 0.99 1.16 1.17 1.19 1.22
 1.23 1.24 1.29 1.3  1.34 1.43 1.49 1.52 1.55 1.62 1.64 1.66 1.73 1.85
 1.87 1.96 2.28 2.42]
var: 0.29784166666666667
| [0m29       [0m | [0m0.945    [0m | [0m0.2701   [0m | [0m33.92    [0m | [0m2.094    [0m |
[0.12 0.15 0.22 0.3  0.31 0.32 0.52 0.54 0.79 1.06 1.16 1.19 1.2  1.38
 1.42 1.44 1.51 1.54 1.61 1.71 1.77 1.84 2.22 2.34 2.41 2.45 2.48 2.57
 2.61 2.67 2.75 2.81 2.86 2.93 3.07 3.11 3.22 3.23 3.3  3.43 3.58 3.75
 3.89 3.9  4.04 4.08 4.17 4.33 4.34 4.35 4.36 4.39 4.8  4.83 4.96 5.11
 5.51 5.72 6.56 7.45]
var: 2.854666
| [0m30       [0m | [0m2.778    [0m | [0m0.02313  [0m | [0m13.58    [0m | [0m0.3557   [0m |
[0.05 0.09 0.11 0.11 0.18 0.26 0.28 0.29 0.3  0.35 0.39 0.4  0.47 0.5
 0.56 0.61 0.63 0.65 0.65 0.68 0.69 0.71 0.76 0.78 0.89 0.93 0.97 0.99
 1.01 1.03 1.1  1.13 1.13 1.14 1.19 1.22 1.23 1.34 1.39 1.42 1.45 1.48
 1.54 1.55 1.56 1.64 1.65 1.67 1.81 1.98 1.99 2.02 2.07 2.07 2.13 2.22
 2.24 2.32 2.51 2.67]
var: 0.47193988888888927
| [0m31       [0m | [0m1.12     [0m | [0m0.1157   [0m | [0m38.21    [0m | [0m0.9585   [0m |
[0.   0.   0.02 0.07 0.11 0.12 0.13 0.2  0.34 0.38 0.41 0.45 0.49 0.54
 0.55 0.55 0.57 0.61 0.62 0.64 0.67 0.71 0.79 0.83 0.88 0.9  0.9  0.98
 1.   1.01 1.02 1.04 1.04 1.17 1.17 1.19 1.25 1.28 1.31 1.36 1.38 1.38
 1.56 1.6  1.72 1.72 1.73 1.77 1.86 1.93 1.98 2.19 2.33 2.37 2.45 2.49
 2.54 2.59 2.78 3.41]
var: 0.6348082222222222
| [0m32       [0m | [0m1.151    [0m | [0m0.2724   [0m | [0m43.48    [0m | [0m1.148    [0m |
[0.22 0.23 0.34 0.39 0.4  0.49 0.49 0.53 0.53 0.55 0.67 0.69 0.71 0.83
 0.97 1.   1.02 1.03 1.1  1.14 1.16 1.22 1.28 1.38 1.38 1.39 1.41 1.42
 1.42 1.48 1.48 1.54 1.67 1.78 1.83 1.86 1.87 1.87 1.88 1.88 1.91 1.92
 1.94 2.08 2.14 2.42 2.45 2.6  2.75 2.8  2.98 3.23 3.3  3.33 3.54 3.95
 4.01 4.15 4.45 5.24]
var: 1.3015693333333331
| [0m33       [0m | [0m1.762    [0m | [0m0.2325   [0m | [0m22.41    [0m | [0m0.4111   [0m |
[0.08 0.09 0.15 0.17 0.18 0.22 0.22 0.27 0.27 0.3  0.34 0.35 0.39 0.42
 0.43 0.46 0.53 0.57 0.65 0.66 0.72 0.83 0.86 0.86 0.91 0.91 0.92 0.93
 0.98 1.02 1.15 1.17 1.21 1.25 1.27 1.28 1.29 1.31 1.31 1.34 1.4  1.41
 1.44 1.51 1.54 1.6  1.62 1.66 1.75 1.81 1.98 2.09 2.11 2.32 2.36 2.91
 2.97 3.15 3.19 4.95]
var: 0.8468762222222221
| [0m34       [0m | [0m1.201    [0m | [0m0.009579 [0m | [0m5.19     [0m | [0m2.82     [0m |
[0.09 0.2  0.37 0.38 0.44 0.45 0.5  0.54 0.55 0.65 0.71 0.72 0.77 0.8
 0.82 0.92 0.92 0.96 1.03 1.07 1.13 1.14 1.18 1.25 1.27 1.3  1.31 1.38
 1.39 1.39 1.45 1.46 1.47 1.48 1.54 1.55 1.64 1.76 1.77 1.77 1.86 1.87
 1.88 1.93 1.97 1.98 2.08 2.11 2.16 2.35 2.39 2.44 2.58 2.66 2.71 2.76
 2.79 2.92 3.42 5.31]
var: 0.8150016388888887
| [0m35       [0m | [0m1.528    [0m | [0m0.1923   [0m | [0m5.047    [0m | [0m0.6472   [0m |
[0.12 0.13 0.16 0.18 0.18 0.2  0.2  0.21 0.26 0.27 0.32 0.34 0.37 0.42
 0.48 0.56 0.64 0.65 0.79 0.97 0.97 0.99 1.03 1.05 1.11 1.17 1.21 1.32
 1.34 1.35 1.36 1.4  1.44 1.48 1.49 1.5  1.54 1.57 1.7  1.74 1.75 1.76
 1.78 1.81 2.   2.09 2.1  2.13 2.14 2.25 2.26 2.27 2.28 2.36 2.55 2.57
 2.77 2.88 2.92 4.06]
var: 0.7692223333333338
| [0m36       [0m | [0m1.349    [0m | [0m0.07225  [0m | [0m12.61    [0m | [0m1.663    [0m |
[0.05 0.16 0.29 0.31 0.64 0.69 0.79 0.8  0.86 0.87 0.9  0.92 0.98 1.
 1.06 1.14 1.43 1.45 1.45 1.46 1.57 1.61 1.68 1.71 1.71 1.82 1.85 1.94
 1.98 2.09 2.09 2.12 2.16 2.16 2.21 2.38 2.43 2.57 2.6  2.7  2.71 2.81
 2.93 2.99 3.   3.15 3.29 3.43 3.48 3.64 3.91 3.95 4.11 4.12 4.33 4.57
 4.72 4.78 4.84 4.99]
var: 1.7101065555555552
| [0m37       [0m | [0m2.24     [0m | [0m0.0006203[0m | [0m26.92    [0m | [0m0.9981   [0m |
[0.06 0.21 0.25 0.3  0.38 0.4  0.48 0.51 0.64 0.66 0.67 0.74 0.75 0.75
 0.77 0.79 0.83 0.83 0.85 0.92 0.93 0.95 0.99 1.04 1.05 1.05 1.06 1.07
 1.12 1.16 1.27 1.28 1.3  1.3  1.38 1.4  1.42 1.43 1.45 1.55 1.56 1.58
 1.59 1.64 1.64 1.69 1.73 1.75 1.78 1.82 1.86 2.05 2.13 2.13 2.15 2.33
 2.61 2.8  2.85 2.86]
var: 0.4403612222222221
| [0m38       [0m | [0m1.276    [0m | [0m0.01931  [0m | [0m25.32    [0m | [0m2.89     [0m |
[0.01 0.01 0.01 0.03 0.05 0.06 0.08 0.11 0.13 0.14 0.16 0.17 0.22 0.26
 0.3  0.35 0.38 0.45 0.46 0.48 0.49 0.51 0.51 0.53 0.53 0.56 0.57 0.59
 0.59 0.59 0.59 0.62 0.64 0.66 0.7  0.71 0.72 0.75 0.77 0.81 0.86 0.86
 0.88 0.91 0.94 0.95 0.97 1.   1.1  1.11 1.31 1.39 1.48 1.49 1.5  1.51
 1.6  1.91 2.7  2.95]
var: 0.3553948888888893
| [0m39       [0m | [0m0.7287   [0m | [0m0.2023   [0m | [0m45.3     [0m | [0m2.582    [0m |
[0.   0.01 0.01 0.1  0.12 0.14 0.14 0.15 0.21 0.32 0.33 0.37 0.37 0.4
 0.43 0.46 0.51 0.55 0.55 0.55 0.57 0.59 0.69 0.69 0.8  0.82 0.87 0.89
 0.89 0.89 0.96 1.05 1.07 1.08 1.08 1.09 1.11 1.17 1.18 1.21 1.26 1.27
 1.3  1.35 1.42 1.43 1.48 1.64 1.67 1.67 1.71 1.73 1.73 1.77 1.77 1.8
 1.8  1.87 1.99 2.5 ]
var: 0.3649165555555566
| [0m40       [0m | [0m0.9597   [0m | [0m0.1522   [0m | [0m21.29    [0m | [0m2.405    [0m |
[0.75 1.5  1.62 1.64 1.66 1.68 2.   2.03 2.13 2.14 2.15 2.25 2.35 2.42
 2.55 2.58 2.59 2.67 2.71 2.73 2.76 2.86 2.89 2.96 3.   3.03 3.11 3.23
 3.3  3.31 3.33 3.34 3.5  3.54 3.55 3.58 3.61 3.73 3.73 3.77 3.79 3.8
 3.82 3.84 4.02 4.06 4.2  4.21 4.34 4.52 4.68 4.79 4.91 4.92 5.05 5.3
 5.63 6.62 6.89 7.17]
var: 1.6934273333333345
| [95m41       [0m | [95m3.414    [0m | [95m0.1024   [0m | [95m5.184    [0m | [95m0.05251  [0m |
[0.06 0.22 0.25 0.29 0.29 0.32 0.33 0.35 0.43 0.44 0.68 0.93 0.94 1.05
 1.09 1.11 1.21 1.25 1.28 1.29 1.31 1.41 1.41 1.42 1.43 1.56 1.61 1.66
 1.68 1.68 1.69 1.75 1.78 1.82 1.82 1.89 1.9  1.92 1.95 2.1  2.12 2.29
 2.37 2.46 2.49 2.51 2.57 2.69 2.7  2.71 2.78 2.86 3.13 3.27 3.32 3.54
 3.72 3.8  3.86 4.05]
var: 1.0449728888888896
| [0m42       [0m | [0m1.781    [0m | [0m0.2003   [0m | [0m22.43    [0m | [0m0.4108   [0m |
[0.46 0.61 0.79 0.92 0.98 0.99 1.17 1.25 1.28 1.28 1.3  1.34 1.35 1.41
 1.41 1.45 1.47 1.47 1.49 1.5  1.63 1.64 1.65 1.68 1.71 1.71 1.72 1.75
 1.87 1.96 1.98 1.99 2.   2.09 2.12 2.13 2.14 2.15 2.16 2.2  2.22 2.33
 2.37 2.37 2.43 2.46 2.46 2.54 2.57 2.69 2.78 2.91 3.16 3.22 3.33 3.41
 3.54 3.57 3.82 7.53]
var: 1.0717083055555554
| [0m43       [0m | [0m2.065    [0m | [0m0.07375  [0m | [0m5.582    [0m | [0m0.02493  [0m |
[0.   0.   0.   0.02 0.03 0.06 0.07 0.1  0.11 0.13 0.14 0.21 0.23 0.27
 0.3  0.34 0.4  0.41 0.42 0.43 0.46 0.55 0.56 0.59 0.61 0.67 0.72 0.72
 0.78 0.81 0.82 0.82 0.91 0.91 0.91 0.95 0.96 0.99 1.02 1.12 1.12 1.13
 1.15 1.15 1.16 1.16 1.17 1.18 1.2  1.3  1.36 1.43 1.47 1.57 1.75 1.8
 1.85 1.95 1.98 2.08]
var: 0.3198760833333332
| [0m44       [0m | [0m0.8085   [0m | [0m0.1818   [0m | [0m38.62    [0m | [0m1.868    [0m |
[0.07 0.09 0.13 0.17 0.47 0.64 0.66 0.7  0.75 0.75 0.94 1.05 1.07 1.1
 1.19 1.28 1.29 1.65 1.68 1.8  1.96 2.08 2.08 2.13 2.17 2.19 2.2  2.21
 2.45 2.52 2.65 2.7  2.85 2.87 2.9  2.95 3.06 3.11 3.11 3.2  3.26 3.45
 3.5  3.81 3.85 3.9  3.93 4.01 4.02 4.12 4.31 4.32 4.36 4.45 4.49 4.57
 4.77 4.94 5.86 7.19]
var: 2.411836555555554
| [0m45       [0m | [0m2.6      [0m | [0m0.001725 [0m | [0m13.58    [0m | [0m0.3725   [0m |
[0.   0.01 0.02 0.03 0.06 0.09 0.1  0.11 0.15 0.17 0.18 0.19 0.27 0.32
 0.43 0.48 0.59 0.61 0.63 0.63 0.64 0.65 0.67 0.74 0.75 0.77 0.78 0.8
 0.83 0.85 0.88 0.88 0.89 0.92 0.96 1.03 1.09 1.12 1.15 1.16 1.18 1.19
 1.19 1.19 1.26 1.27 1.34 1.37 1.41 1.44 1.5  1.79 1.79 1.85 1.9  2.23
 2.29 2.63 3.11 5.54]
var: 0.7957905555555551
| [0m46       [0m | [0m1.002    [0m | [0m0.1324   [0m | [0m25.2     [0m | [0m2.669    [0m |
[0.04 0.11 0.21 0.24 0.29 0.3  0.31 0.44 0.45 0.54 0.59 0.63 0.63 0.64
 0.67 0.68 0.68 0.69 0.7  0.73 0.73 0.74 0.75 0.8  0.81 0.82 0.83 0.86
 0.93 0.98 1.04 1.06 1.12 1.19 1.2  1.24 1.3  1.34 1.38 1.43 1.55 1.78
 1.81 1.81 1.93 1.94 1.95 2.   2.13 2.15 2.15 2.25 2.36 2.39 2.44 2.91
 2.94 3.14 3.4  4.02]
var: 0.7763836388888884
| [0m47       [0m | [0m1.286    [0m | [0m0.2262   [0m | [0m40.89    [0m | [0m0.6367   [0m |
[0.41 0.69 0.87 1.   1.   1.21 1.24 1.24 1.3  1.44 1.55 1.59 1.69 1.82
 1.96 1.97 2.12 2.15 2.17 2.19 2.22 2.26 2.28 2.35 2.38 2.4  2.44 2.61
 2.62 2.63 2.66 2.69 2.73 2.87 2.95 2.97 2.98 3.23 3.36 3.39 3.4  3.45
 3.51 3.61 3.69 3.72 3.82 3.82 4.17 4.32 4.36 4.56 4.6  4.62 4.67 4.81
 4.89 5.3  5.59 6.76]
var: 1.7689983333333335
| [0m48       [0m | [0m2.855    [0m | [0m0.2548   [0m | [0m5.24     [0m | [0m0.05392  [0m |
[0.   0.05 0.15 0.29 0.31 0.32 0.35 0.39 0.45 0.47 0.48 0.53 0.54 0.55
 0.57 0.57 0.58 0.59 0.61 0.61 0.65 0.85 0.85 0.85 0.86 0.89 0.92 0.93
 0.95 0.98 1.14 1.18 1.19 1.23 1.23 1.26 1.28 1.33 1.38 1.39 1.42 1.43
 1.45 1.46 1.53 1.57 1.67 1.67 1.67 1.87 1.88 2.04 2.05 2.08 2.13 2.2
 2.27 2.3  2.54 2.8 ]
var: 0.4430498888888893
| [0m49       [0m | [0m1.13     [0m | [0m0.1132   [0m | [0m14.33    [0m | [0m1.495    [0m |
[1.03 1.21 1.67 1.72 1.76 2.35 2.43 2.46 2.53 2.58 2.59 2.66 2.67 2.79
 2.84 2.85 3.14 3.16 3.19 3.28 3.32 3.33 3.37 3.42 3.51 3.52 3.53 3.58
 3.6  3.68 3.7  3.73 3.75 3.77 3.78 3.85 3.97 4.02 4.05 4.19 4.21 4.27
 4.37 4.4  4.42 4.44 4.46 4.54 4.65 4.72 4.76 4.81 4.95 4.97 5.45 5.49
 5.64 6.02 6.44 7.1 ]
var: 1.4403660833333334
| [95m50       [0m | [95m3.712    [0m | [95m0.03409  [0m | [95m4.981    [0m | [95m0.0478   [0m |
[0.99 1.28 1.81 2.02 2.02 2.03 2.27 2.32 2.41 2.5  2.54 2.56 2.65 2.71
 2.71 2.87 2.87 2.99 3.07 3.16 3.26 3.33 3.43 3.45 3.69 3.71 3.75 3.83
 3.92 3.97 4.12 4.15 4.19 4.2  4.25 4.26 4.35 4.35 4.35 4.47 4.49 4.53
 4.62 4.73 4.77 4.93 5.25 5.46 5.65 5.65 6.14 6.14 6.17 6.31 6.38 6.6
 6.67 7.16 7.82 8.57]
var: 2.611130972222222
| [95m51       [0m | [95m4.081    [0m | [95m0.006394 [0m | [95m4.737    [0m | [95m0.06021  [0m |
[0.51 0.54 0.58 0.66 0.71 0.78 0.85 0.94 0.98 0.99 1.02 1.03 1.03 1.2
 1.22 1.3  1.3  1.39 1.47 1.48 1.5  1.51 1.57 1.58 1.63 1.67 1.68 1.7
 1.77 1.84 1.91 1.92 1.92 1.99 2.   2.05 2.06 2.06 2.09 2.15 2.16 2.17
 2.19 2.19 2.21 2.24 2.27 2.32 2.34 2.35 2.56 2.59 2.61 2.63 2.82 3.
 3.12 3.34 3.56 3.74]
var: 0.5580327500000003
| [0m52       [0m | [0m1.817    [0m | [0m0.2684   [0m | [0m4.513    [0m | [0m0.02805  [0m |
[0.32 0.7  0.72 0.96 0.96 1.1  1.44 1.59 1.64 1.69 1.96 2.06 2.07 2.17
 2.2  2.45 2.69 2.74 2.83 2.95 2.98 2.99 2.99 3.02 3.06 3.09 3.14 3.18
 3.27 3.32 3.33 3.34 3.38 3.49 3.53 3.53 3.55 3.56 3.6  3.62 3.67 3.71
 3.85 3.9  3.92 4.01 4.11 4.45 4.51 4.51 4.65 4.74 4.81 5.28 5.32 5.41
 5.68 5.69 5.86 6.38]
var: 1.8768536388888888
| [0m53       [0m | [0m3.261    [0m | [0m0.02005  [0m | [0m4.777    [0m | [0m0.3502   [0m |
[0.37 0.59 0.93 1.07 1.29 1.36 1.58 1.67 1.74 1.75 1.77 1.84 1.93 1.99
 2.   2.35 2.57 2.73 2.78 2.85 2.86 2.88 2.9  3.17 3.25 3.4  3.47 3.52
 3.55 3.58 3.63 3.64 3.68 3.73 3.77 3.85 3.87 3.93 3.93 3.99 4.01 4.04
 4.06 4.13 4.25 4.27 4.47 4.68 4.83 5.04 5.24 5.81 5.95 6.2  6.22 6.23
 6.25 6.71 7.13 8.06]
var: 2.82263788888889
| [0m54       [0m | [0m3.556    [0m | [0m0.03642  [0m | [0m4.801    [0m | [0m0.0931   [0m |
[0.   0.   0.   0.   0.   0.   0.   0.   0.   0.   0.   0.   0.   0.01
 0.01 0.01 0.01 0.01 0.01 0.01 0.02 0.02 0.02 0.02 0.03 0.03 0.04 0.05
 0.05 0.06 0.08 0.09 0.15 0.16 0.17 0.19 0.26 0.33 0.34 0.37 0.39 0.44
 0.47 0.48 0.48 0.48 0.6  0.71 0.78 0.79 0.8  0.83 1.16 1.17 1.21 1.46
 1.57 1.63 1.91 4.25]
var: 0.47780622222222274
| [0m55       [0m | [0m0.4027   [0m | [0m1e-08    [0m | [0m4.599    [0m | [0m0.1209   [0m |
[0.16 0.72 0.84 1.1  1.11 1.44 1.45 1.55 1.65 1.78 1.98 2.16 2.31 2.35
 2.37 2.42 2.42 2.42 2.43 2.56 2.69 2.72 2.72 2.8  2.81 2.81 2.82 2.89
 2.92 3.04 3.07 3.1  3.11 3.15 3.15 3.2  3.21 3.22 3.29 3.35 3.37 3.52
 3.59 3.61 3.63 3.68 3.89 3.93 3.98 4.31 4.32 4.65 4.77 4.8  4.88 5.2
 5.27 5.84 5.99 6.05]
var: 1.6234103055555567
| [0m56       [0m | [0m3.076    [0m | [0m0.222    [0m | [0m5.024    [0m | [0m0.1163   [0m |
[0.21 0.49 0.62 0.66 0.74 1.07 1.34 1.49 1.6  1.62 1.91 2.11 2.32 2.37
 2.39 2.46 2.55 2.56 2.56 2.66 2.71 2.76 2.77 2.8  2.85 2.88 2.89 2.94
 3.1  3.3  3.32 3.32 3.32 3.35 3.37 3.38 3.39 3.47 3.74 3.99 4.04 4.13
 4.23 4.42 4.45 4.6  4.65 4.85 4.92 4.94 5.03 5.13 5.73 5.73 5.79 5.96
 6.26 6.28 6.28 7.34]
var: 2.6204856666666667
| [0m57       [0m | [0m3.369    [0m | [0m0.05794  [0m | [0m5.051    [0m | [0m0.1423   [0m |
[0.41 0.55 0.56 0.57 0.58 0.61 0.67 0.7  0.73 0.77 0.77 0.8  0.85 0.86
 0.92 0.97 1.02 1.02 1.03 1.05 1.07 1.17 1.18 1.22 1.23 1.31 1.32 1.32
 1.36 1.38 1.4  1.41 1.45 1.58 1.6  1.61 1.67 1.7  1.75 1.89 1.89 1.94
 2.04 2.08 2.1  2.1  2.12 2.13 2.35 2.4  2.5  2.9  3.   3.06 3.1  3.11
 3.13 3.14 3.17 3.42]
var: 0.6729945555555545
| [0m58       [0m | [0m1.596    [0m | [0m0.1222   [0m | [0m5.066    [0m | [0m0.01757  [0m |
[0.12 0.16 0.17 0.18 0.2  0.22 0.23 0.24 0.33 0.42 0.46 0.46 0.53 0.55
 0.61 0.65 0.65 0.71 0.73 0.76 0.84 1.01 1.08 1.13 1.14 1.14 1.18 1.2
 1.25 1.41 1.41 1.44 1.64 1.64 1.66 1.7  1.75 1.77 1.8  1.83 1.83 1.93
 1.95 2.14 2.27 2.31 2.52 2.55 2.59 2.84 3.09 3.22 3.44 4.12 4.3  5.72
 6.09 6.94 7.71 9.59]
var: 3.6786787500000004
| [0m59       [0m | [0m1.893    [0m | [0m1e-08    [0m | [0m4.796    [0m | [0m0.007974 [0m |
[0.36 0.47 0.65 1.17 1.36 1.36 1.39 1.42 1.45 1.46 1.56 1.85 2.03 2.22
 2.38 2.64 2.66 2.69 2.76 2.91 2.92 2.94 2.97 3.   3.1  3.13 3.17 3.19
 3.2  3.21 3.4  3.45 3.51 3.6  3.71 3.74 3.77 3.79 3.86 3.89 3.9  3.92
 3.94 4.08 4.1  4.12 4.19 4.23 4.5  4.64 4.74 4.81 4.91 5.16 5.3  5.48
 6.07 6.18 6.25 7.87]
var: 2.2490347500000007
| [0m60       [0m | [0m3.346    [0m | [0m0.1938   [0m | [0m5.144    [0m | [0m0.1442   [0m |
[0.69 1.02 1.14 1.51 1.72 1.91 2.   2.01 2.34 2.54 2.62 2.74 2.84 2.87
 2.94 3.02 3.02 3.03 3.04 3.11 3.2  3.28 3.32 3.38 3.39 3.48 3.56 3.58
 3.65 3.66 3.67 3.69 3.88 3.88 4.12 4.29 4.36 4.41 4.42 4.51 4.63 4.64
 4.73 4.84 5.   5.07 5.29 5.34 5.36 5.42 5.46 5.59 5.71 5.89 6.22 6.36
 6.58 7.62 7.75 8.27]
var: 2.6316049722222217
| [0m61       [0m | [0m3.96     [0m | [0m0.02748  [0m | [0m4.904    [0m | [0m0.1264   [0m |
[0.19 0.7  0.73 0.74 1.02 1.14 1.41 1.46 1.55 1.69 1.77 1.88 2.28 2.36
 2.36 2.37 2.41 2.48 2.49 2.52 2.62 2.65 2.66 2.7  2.7  2.83 2.9  2.92
 2.96 3.01 3.05 3.22 3.24 3.35 3.38 3.45 3.49 3.64 3.66 3.73 3.74 3.8
 3.86 3.92 3.96 4.13 4.36 4.47 4.48 4.48 4.49 4.5  4.59 4.67 4.79 4.83
 5.2  5.3  5.37 5.52]
var: 1.6521269722222225
| [0m62       [0m | [0m3.103    [0m | [0m0.1315   [0m | [0m4.902    [0m | [0m0.1463   [0m |
[1.34 1.39 1.64 2.08 2.11 2.12 2.12 2.13 2.19 2.19 2.32 2.36 2.37 2.39
 2.43 2.46 2.48 2.51 2.53 2.65 2.92 3.03 3.04 3.22 3.25 3.3  3.46 3.49
 3.51 3.58 3.68 3.68 3.68 3.7  3.76 3.77 3.79 3.83 3.91 3.99 4.05 4.08
 4.09 4.2  4.25 4.36 4.41 4.47 4.51 4.55 4.56 4.59 4.83 4.88 5.05 5.1
 5.22 5.3  5.54 7.02]
var: 1.3159290000000017
| [0m63       [0m | [0m3.491    [0m | [0m0.1006   [0m | [0m4.722    [0m | [0m0.1368   [0m |
[0.   0.   0.04 0.06 0.07 0.11 0.22 0.26 0.28 0.34 0.37 0.45 0.55 0.55
 0.57 0.58 0.61 0.63 0.66 0.72 0.76 0.77 0.8  0.83 0.83 0.84 0.91 0.94
 0.94 0.98 1.04 1.04 1.07 1.09 1.12 1.14 1.14 1.26 1.26 1.27 1.27 1.3
 1.3  1.4  1.54 1.59 1.61 1.7  1.74 1.77 1.8  1.82 1.86 2.09 2.1  2.12
 2.28 2.64 3.38 3.72]
var: 0.5928769722222226
| [0m64       [0m | [0m1.102    [0m | [0m0.1691   [0m | [0m12.87    [0m | [0m2.991    [0m |
[0.12 0.21 0.25 0.28 0.31 0.32 0.43 0.51 0.53 0.59 0.6  0.63 0.64 0.66
 0.71 0.72 0.8  0.81 0.84 0.9  0.96 0.98 1.05 1.06 1.07 1.09 1.14 1.19
 1.25 1.25 1.27 1.28 1.46 1.49 1.53 1.6  1.72 1.77 1.78 1.84 1.91 1.93
 1.97 1.99 2.   2.01 2.04 2.07 2.17 2.21 2.24 2.39 2.45 2.56 2.66 2.77
 2.8  2.81 2.85 3.44]
var: 0.6532916388888892
| [0m65       [0m | [0m1.415    [0m | [0m0.2975   [0m | [0m14.58    [0m | [0m0.9455   [0m |
[0.46 0.52 0.75 0.97 1.17 1.19 1.21 1.34 1.35 1.49 1.53 1.58 1.61 1.64
 1.66 1.68 1.69 1.72 1.86 2.06 2.09 2.23 2.29 2.32 2.34 2.4  2.4  2.43
 2.55 2.66 2.68 2.7  2.71 2.73 2.74 2.76 2.77 2.78 2.78 2.95 3.09 3.12
 3.15 3.25 3.27 3.47 3.56 3.58 3.59 3.6  3.72 3.91 3.93 4.   4.29 4.31
 4.46 4.49 5.09 5.13]
var: 1.2177888888888893
| [0m66       [0m | [0m2.597    [0m | [0m0.1001   [0m | [0m4.831    [0m | [0m0.2616   [0m |
[0.01 0.01 0.03 0.03 0.06 0.08 0.12 0.13 0.15 0.17 0.2  0.21 0.22 0.28
 0.3  0.31 0.33 0.35 0.38 0.47 0.48 0.5  0.53 0.53 0.54 0.55 0.57 0.64
 0.66 0.67 0.75 0.82 0.84 0.85 0.85 0.86 0.89 0.97 0.99 1.03 1.04 1.09
 1.14 1.16 1.16 1.25 1.28 1.29 1.3  1.31 1.37 1.38 1.54 1.66 1.85 1.92
 2.   2.28 2.44 3.65]
var: 0.48021030555555544
| [0m67       [0m | [0m0.8412   [0m | [0m0.2553   [0m | [0m43.42    [0m | [0m1.993    [0m |
[0.33 1.   1.06 1.09 1.22 1.4  1.62 1.66 1.73 1.91 1.95 2.02 2.05 2.19
 2.21 2.45 2.49 2.67 2.73 2.97 3.02 3.19 3.2  3.22 3.29 3.31 3.31 3.32
 3.32 3.44 3.44 3.54 3.56 3.64 3.69 3.71 3.79 3.8  3.89 3.98 4.38 4.39
 4.42 4.47 4.47 4.49 4.65 4.76 4.86 4.99 5.19 5.28 5.58 5.83 5.85 5.93
 6.41 6.67 6.76 7.68]
var: 2.520563638888888
| [0m68       [0m | [0m3.558    [0m | [0m0.02477  [0m | [0m4.843    [0m | [0m0.217    [0m |
[0.77 0.84 1.31 1.33 1.74 1.9  2.1  2.29 2.4  2.46 2.51 2.53 2.58 2.6
 2.65 2.7  2.72 2.72 2.73 2.78 2.78 2.81 2.83 2.87 2.9  2.96 2.97 2.98
 3.02 3.03 3.06 3.14 3.15 3.16 3.18 3.29 3.31 3.33 3.37 3.38 3.46 3.52
 3.55 3.7  3.7  3.71 3.75 3.82 4.29 4.35 4.41 4.55 4.94 5.03 5.1  5.26
 5.49 5.54 5.86 8.23]
var: 1.567519555555556
| [0m69       [0m | [0m3.291    [0m | [0m0.1278   [0m | [0m5.223    [0m | [0m0.141    [0m |
[0.3  0.87 0.89 1.03 1.28 1.64 1.8  2.1  2.11 2.16 2.2  2.28 2.3  2.32
 2.37 2.41 2.47 2.47 2.52 2.6  2.62 2.65 2.77 2.77 2.8  2.81 2.81 2.84
 2.86 2.92 2.93 2.98 3.07 3.08 3.12 3.13 3.23 3.27 3.27 3.3  3.31 3.43
 3.71 3.73 3.77 3.82 3.84 3.86 3.96 4.1  4.1  4.29 4.29 4.34 4.39 4.73
 5.05 5.07 5.26 5.33]
var: 1.1631603055555553
| [0m70       [0m | [0m3.029    [0m | [0m0.1243   [0m | [0m5.018    [0m | [0m0.1811   [0m |
[0.04 0.05 0.06 0.07 0.07 0.1  0.13 0.17 0.19 0.21 0.22 0.22 0.24 0.26
 0.37 0.43 0.45 0.45 0.47 0.53 0.54 0.56 0.6  0.64 0.66 0.66 0.66 0.67
 0.7  0.73 0.73 0.76 0.78 0.81 0.89 1.07 1.24 1.28 1.28 1.32 1.36 1.37
 1.45 1.46 1.53 1.6  1.63 1.69 1.76 1.78 1.91 1.93 1.95 1.96 2.01 2.18
 2.27 2.27 2.4  3.06]
var: 0.545414888888889
| [0m71       [0m | [0m0.9813   [0m | [0m0.1512   [0m | [0m34.33    [0m | [0m1.812    [0m |
[0.   0.   0.   0.   0.   0.   0.   0.   0.   0.   0.   0.   0.   0.
 0.   0.   0.01 0.01 0.01 0.01 0.02 0.02 0.02 0.03 0.03 0.06 0.07 0.07
 0.11 0.15 0.15 0.16 0.19 0.21 0.22 0.23 0.24 0.27 0.33 0.34 0.34 0.36
 0.44 0.45 0.49 0.49 0.51 0.54 0.63 0.72 0.74 0.98 1.01 1.14 1.25 1.51
 1.61 1.65 1.71 3.24]
var: 0.3498314166666667
| [0m72       [0m | [0m0.3795   [0m | [0m1e-08    [0m | [0m4.974    [0m | [0m0.1333   [0m |
[0.1  0.26 0.39 0.52 0.53 0.54 0.78 0.87 0.99 1.11 1.12 1.2  1.36 1.37
 1.4  1.47 1.48 1.48 1.48 1.53 1.61 1.63 1.67 1.68 1.74 1.76 1.81 1.86
 1.9  1.94 1.95 1.98 2.01 2.06 2.07 2.07 2.1  2.1  2.15 2.16 2.3  2.35
 2.36 2.42 2.59 2.71 2.71 2.88 2.88 2.92 3.1  3.24 3.34 3.5  3.55 3.63
 3.67 3.68 3.92 4.04]
var: 0.9090865555555563
| [0m73       [0m | [0m2.0      [0m | [0m0.03152  [0m | [0m34.36    [0m | [0m0.5859   [0m |
[0.94 1.01 1.05 1.3  1.4  1.68 1.76 1.95 1.97 1.97 2.02 2.03 2.07 2.11
 2.14 2.2  2.25 2.26 2.27 2.41 2.41 2.42 2.49 2.51 2.6  2.65 2.67 2.83
 2.9  2.95 2.95 3.   3.07 3.22 3.27 3.39 3.39 3.44 3.69 3.71 3.84 3.91
 3.92 3.94 3.99 4.06 4.08 4.1  4.21 4.27 4.31 4.34 4.35 4.54 4.55 5.18
 6.34 6.37 6.6  7.92]
var: 1.956576972222223
| [0m74       [0m | [0m3.186    [0m | [0m0.1446   [0m | [0m5.085    [0m | [0m0.1052   [0m |
[0.27 0.49 1.11 1.12 1.35 1.59 1.76 1.9  2.05 2.16 2.21 2.31 2.32 2.34
 2.41 2.43 2.44 2.5  2.64 2.67 2.75 2.8  2.95 2.97 2.99 3.1  3.13 3.15
 3.21 3.24 3.25 3.54 3.56 3.56 3.73 3.74 3.83 3.96 4.08 4.19 4.23 4.54
 4.55 4.76 4.77 4.79 5.01 5.12 5.24 5.39 5.44 5.49 5.5  5.6  5.77 5.78
 5.8  5.97 6.54 7.16]
var: 2.3922309722222215
| [0m75       [0m | [0m3.554    [0m | [0m0.07349  [0m | [0m4.8      [0m | [0m0.07718  [0m |
[0.06 0.08 0.13 0.17 0.2  0.21 0.23 0.44 0.47 0.47 0.49 0.58 0.59 0.62
 0.62 0.63 0.64 0.68 0.75 0.78 0.8  0.81 0.88 0.88 0.88 0.92 0.96 1.03
 1.03 1.05 1.09 1.11 1.11 1.16 1.24 1.28 1.3  1.31 1.32 1.35 1.42 1.42
 1.56 1.59 1.62 1.62 1.67 1.68 1.84 1.85 2.04 2.23 2.23 2.27 2.29 2.38
 2.6  2.67 2.82 3.48]
var: 0.5664469722222228
| [0m76       [0m | [0m1.194    [0m | [0m0.1612   [0m | [0m29.91    [0m | [0m1.221    [0m |
[0.05 0.07 0.08 0.15 0.15 0.15 0.16 0.17 0.18 0.19 0.2  0.22 0.26 0.28
 0.29 0.3  0.33 0.33 0.34 0.36 0.37 0.37 0.37 0.39 0.42 0.44 0.44 0.44
 0.46 0.47 0.49 0.5  0.51 0.53 0.57 0.58 0.62 0.65 0.68 0.69 0.71 0.73
 0.74 0.75 0.77 0.83 0.83 0.84 0.84 0.88 0.97 1.05 1.14 1.15 1.26 1.29
 1.49 1.53 1.68 2.  ]
var: 0.17654808333333347
| [0m77       [0m | [0m0.5955   [0m | [0m0.2075   [0m | [0m2.194    [0m | [0m0.0158   [0m |
[0.43 0.86 1.1  1.22 1.28 1.32 1.63 1.65 1.65 1.88 1.93 2.01 2.08 2.29
 2.37 2.39 2.41 2.41 2.49 2.5  2.54 2.74 2.74 2.75 2.76 2.81 2.82 2.88
 3.06 3.17 3.21 3.28 3.29 3.31 3.38 3.41 3.44 3.48 3.5  3.63 3.77 3.86
 3.97 3.99 4.   4.05 4.32 4.34 4.39 4.41 4.42 4.47 4.53 4.65 4.73 4.82
 5.   5.25 5.31 5.96]
var: 1.4766723333333343
| [0m78       [0m | [0m3.139    [0m | [0m0.144    [0m | [0m5.093    [0m | [0m0.1784   [0m |
[0.34 0.75 0.76 1.4  1.6  1.65 2.01 2.01 2.31 2.34 2.41 2.42 2.54 2.56
 2.56 2.6  2.7  2.8  2.81 2.86 2.94 3.03 3.05 3.09 3.22 3.23 3.25 3.25
 3.39 3.39 3.46 3.47 3.6  3.66 3.77 3.77 3.88 3.96 4.11 4.13 4.19 4.19
 4.44 4.57 4.67 4.69 4.75 4.86 5.2  5.34 5.46 5.52 5.53 5.63 5.69 6.17
 7.07 7.08 8.39 8.45]
var: 2.8202336388888884
| [0m79       [0m | [0m3.716    [0m | [0m0.04492  [0m | [0m5.095    [0m | [0m0.1318   [0m |
[0.35 0.53 0.63 0.8  1.04 1.17 1.29 1.38 1.54 1.54 1.59 1.69 1.69 1.7
 1.8  1.99 2.   2.07 2.08 2.32 2.49 2.49 2.51 2.53 2.65 2.74 2.82 2.82
 3.02 3.02 3.05 3.17 3.2  3.44 3.45 3.52 3.54 3.75 3.81 3.86 3.91 3.91
 3.97 4.01 4.03 4.23 4.25 4.42 4.52 4.73 4.93 5.05 5.12 5.24 5.27 5.37
 5.71 5.89 6.24 7.92]
var: 2.493885555555556
| [0m80       [0m | [0m3.163    [0m | [0m0.04061  [0m | [0m4.8      [0m | [0m0.1677   [0m |
=============================================================
None
num_trials:  40  inits,  40  iters,  60  per
rho:  2
pthin:  0.0

Best VPT: 4.0808333333333335
Best result: {'a': 0.006393881518429996, 'g': 4.737318757573434, 's': 0.060207572084479626}

KERNEL: nu=1.5, lengthscale=2.0, alpha=0.0005
