|   iter    |  target   |     a     |     g     |     s     |
-------------------------------------------------------------
[0.02 0.03 0.04 0.06 0.07 0.07 0.21 0.22 0.24 0.27 0.33 0.35 0.38 0.44
 0.45 0.5  0.51 0.55 0.56 0.56 0.61 0.62 0.67 0.68 0.69 0.7  0.74 0.75
 0.79 0.86 0.87 0.88 0.94 0.97 0.98 0.98 1.16 1.17 1.18 1.19 1.24 1.27
 1.28 1.33 1.35 1.46 1.47 1.48 1.62 1.63 1.63 1.65 1.66 1.84 1.91 2.32
 2.34 2.37 2.5  2.87]
var: 0.45960497222222213
| [0m1        [0m | [0m0.9752   [0m | [0m0.2161   [0m | [0m7.465    [0m | [0m2.992    [0m |
[0.   0.06 0.1  0.14 0.14 0.15 0.17 0.2  0.21 0.23 0.27 0.31 0.31 0.43
 0.49 0.52 0.55 0.57 0.58 0.62 0.67 0.69 0.72 0.86 0.94 0.98 0.99 1.05
 1.06 1.07 1.09 1.11 1.14 1.19 1.26 1.28 1.29 1.3  1.35 1.38 1.39 1.43
 1.46 1.47 1.5  1.52 1.56 1.65 1.69 1.7  1.73 1.82 1.85 1.92 2.06 2.1
 2.3  2.45 2.54 3.58]
var: 0.5317060833333331
| [95m2        [0m | [95m1.087    [0m | [95m0.2743   [0m | [95m2.791    [0m | [95m1.151    [0m |
[0.   0.   0.08 0.1  0.12 0.12 0.15 0.21 0.23 0.28 0.34 0.43 0.45 0.47
 0.51 0.52 0.52 0.54 0.54 0.6  0.62 0.62 0.7  0.71 0.76 0.76 0.79 0.8
 0.8  0.85 0.98 1.   1.01 1.02 1.06 1.1  1.1  1.11 1.21 1.25 1.27 1.27
 1.33 1.35 1.37 1.42 1.45 1.47 1.48 1.5  1.54 1.58 1.59 1.77 1.9  1.94
 2.08 2.15 2.35 2.39]
var: 0.3694690000000001
| [0m3        [0m | [0m0.961    [0m | [0m0.1441   [0m | [0m36.51    [0m | [0m2.192    [0m |
[0.05 0.05 0.08 0.12 0.15 0.15 0.15 0.3  0.43 0.5  0.69 0.71 0.88 0.89
 0.95 0.98 1.02 1.06 1.08 1.11 1.15 1.16 1.2  1.24 1.29 1.42 1.53 1.53
 1.68 1.79 1.83 1.88 1.88 1.96 2.   2.02 2.06 2.06 2.06 2.13 2.15 2.18
 2.19 2.25 2.26 2.34 2.36 2.38 2.45 2.47 2.51 2.74 2.86 3.07 3.14 3.17
 3.19 3.56 3.76 4.06]
var: 0.9912716388888888
| [95m4        [0m | [95m1.672    [0m | [95m0.03641  [0m | [95m16.04    [0m | [95m1.239    [0m |
[0.   0.01 0.01 0.04 0.06 0.08 0.11 0.33 0.34 0.41 0.42 0.43 0.51 0.54
 0.55 0.57 0.58 0.63 0.8  0.83 0.99 1.03 1.05 1.06 1.1  1.11 1.13 1.14
 1.19 1.22 1.23 1.36 1.4  1.41 1.44 1.46 1.61 1.74 1.85 1.92 1.93 1.99
 2.02 2.05 2.07 2.08 2.09 2.22 2.24 2.25 2.28 2.37 2.47 2.5  2.65 2.8
 2.86 2.99 3.42 3.66]
var: 0.847576972222223
| [0m5        [0m | [0m1.377    [0m | [0m0.06172  [0m | [0m18.45    [0m | [0m1.843    [0m |
[0.02 0.06 0.06 0.07 0.08 0.08 0.1  0.11 0.11 0.13 0.13 0.13 0.14 0.16
 0.19 0.21 0.22 0.27 0.28 0.28 0.3  0.31 0.32 0.33 0.35 0.38 0.38 0.38
 0.39 0.41 0.42 0.42 0.42 0.42 0.46 0.47 0.47 0.47 0.51 0.51 0.53 0.54
 0.57 0.57 0.58 0.58 0.6  0.63 0.63 0.67 0.68 0.71 0.71 0.74 0.74 0.79
 0.91 0.97 1.02 1.24]
var: 0.07004955555555556
| [0m6        [0m | [0m0.4227   [0m | [0m0.2045   [0m | [0m0.3111   [0m | [0m2.126    [0m |
[0.06 0.07 0.08 0.13 0.13 0.16 0.17 0.21 0.28 0.31 0.36 0.36 0.39 0.44
 0.49 0.51 0.54 0.55 0.57 0.58 0.63 0.64 0.71 0.72 0.75 0.76 0.78 0.79
 0.79 0.83 0.84 0.88 0.9  1.01 1.02 1.03 1.06 1.06 1.07 1.14 1.14 1.18
 1.18 1.25 1.25 1.34 1.35 1.35 1.41 1.42 1.43 1.47 1.49 1.57 1.6  1.64
 1.88 1.93 2.8  3.  ]
var: 0.3648948888888891
| [0m7        [0m | [0m0.9247   [0m | [0m0.06335  [0m | [0m36.13    [0m | [0m2.297    [0m |
[0.05 0.06 0.07 0.16 0.18 0.22 0.23 0.24 0.28 0.29 0.31 0.31 0.37 0.37
 0.4  0.41 0.46 0.47 0.51 0.54 0.54 0.54 0.54 0.6  0.6  0.65 0.68 0.72
 0.72 0.75 0.77 0.77 0.82 0.86 0.87 0.89 0.94 0.98 1.02 1.03 1.04 1.11
 1.15 1.15 1.18 1.23 1.24 1.28 1.32 1.37 1.44 1.45 1.49 1.53 1.63 1.68
 2.09 2.11 2.41 2.62]
var: 0.33485122222222224
| [0m8        [0m | [0m0.8623   [0m | [0m0.2716   [0m | [0m1.616    [0m | [0m1.054    [0m |
[0.01 0.03 0.24 0.27 0.36 0.41 0.48 0.49 0.59 0.65 0.68 0.71 0.94 1.02
 1.05 1.06 1.16 1.17 1.18 1.25 1.26 1.28 1.3  1.32 1.32 1.37 1.41 1.55
 1.55 1.61 1.63 1.64 1.78 1.79 1.8  1.81 1.84 1.88 2.06 2.09 2.12 2.17
 2.26 2.28 2.43 2.63 2.74 2.75 2.77 2.77 3.24 3.31 3.52 3.62 3.77 3.97
 4.02 4.03 4.21 5.18]
var: 1.3578214166666667
| [95m9        [0m | [95m1.831    [0m | [95m0.0118   [0m | [95m21.68    [0m | [95m1.534    [0m |
[0.01 0.02 0.08 0.1  0.1  0.15 0.17 0.26 0.3  0.3  0.37 0.39 0.4  0.4
 0.43 0.44 0.46 0.5  0.51 0.53 0.53 0.58 0.6  0.67 0.73 0.76 0.78 0.82
 0.84 0.84 0.89 0.89 0.99 1.06 1.1  1.1  1.17 1.18 1.23 1.25 1.28 1.3
 1.31 1.4  1.47 1.51 1.51 1.56 1.56 1.61 1.7  1.71 1.8  1.89 1.93 1.98
 2.   2.01 2.06 2.26]
var: 0.37824766666666687
| [0m10       [0m | [0m0.963    [0m | [0m0.1431   [0m | [0m47.38    [0m | [0m1.435    [0m |
[0.13 0.17 0.41 0.56 0.57 0.68 0.7  0.71 0.71 0.73 0.91 0.95 1.01 1.01
 1.11 1.15 1.18 1.22 1.24 1.31 1.4  1.45 1.55 1.58 1.74 1.78 1.79 1.79
 1.87 1.99 1.99 2.02 2.07 2.07 2.11 2.12 2.17 2.18 2.18 2.28 2.29 2.32
 2.41 2.45 2.52 2.66 2.75 2.76 2.88 2.91 3.02 3.06 3.06 3.2  3.36 3.4
 3.41 4.38 5.75 7.38]
var: 1.577239555555556
| [95m11       [0m | [95m2.009    [0m | [95m0.1155   [0m | [95m34.61    [0m | [95m0.2657   [0m |
[0.02 0.37 0.42 0.42 0.43 0.45 0.49 0.53 0.86 0.88 1.07 1.3  1.39 1.48
 1.48 1.5  1.55 1.56 1.57 1.66 1.75 1.84 1.88 1.88 1.96 1.97 1.98 1.99
 2.02 2.19 2.23 2.39 2.43 2.52 2.73 2.76 2.79 2.79 2.83 2.83 3.03 3.04
 3.07 3.17 3.22 3.42 3.45 3.46 3.48 3.48 3.48 3.54 3.9  4.36 4.63 4.85
 4.88 5.1  6.69 7.19]
var: 2.1962403055555546
| [95m12       [0m | [95m2.444    [0m | [95m0.05977  [0m | [95m26.8     [0m | [95m0.3114   [0m |
[0.   0.   0.02 0.08 0.12 0.16 0.27 0.33 0.38 0.39 0.42 0.46 0.47 0.48
 0.54 0.55 0.61 0.62 0.66 0.69 0.71 0.72 0.78 0.79 0.81 0.81 0.87 0.91
 0.97 0.97 0.99 0.99 0.99 1.   1.03 1.03 1.06 1.08 1.11 1.14 1.15 1.21
 1.22 1.24 1.28 1.31 1.34 1.38 1.6  1.7  1.76 1.78 1.78 2.04 2.11 2.12
 2.25 2.35 2.47 2.66]
var: 0.41059955555555544
| [0m13       [0m | [0m1.013    [0m | [0m0.1757   [0m | [0m42.97    [0m | [0m1.578    [0m |
[0.03 0.06 0.14 0.15 0.16 0.3  0.36 0.37 0.39 0.39 0.49 0.55 0.56 0.57
 0.6  0.74 0.77 0.77 0.78 0.79 0.87 0.9  0.95 0.95 0.97 0.97 0.97 1.04
 1.07 1.1  1.17 1.22 1.24 1.25 1.25 1.3  1.31 1.33 1.37 1.39 1.46 1.58
 1.62 1.64 1.65 1.71 1.82 1.86 1.87 1.95 1.98 1.98 2.   2.11 2.4  2.4
 2.41 2.42 2.45 2.75]
var: 0.47525430555555537
| [0m14       [0m | [0m1.194    [0m | [0m0.1963   [0m | [0m48.79    [0m | [0m1.009    [0m |
[0.1  0.26 0.37 0.4  0.57 0.58 0.63 0.67 0.76 0.88 0.97 1.01 1.27 1.27
 1.34 1.46 1.47 1.49 1.5  1.54 1.56 1.59 1.6  1.65 1.67 1.71 1.71 1.73
 1.78 1.83 1.95 1.96 2.01 2.01 2.05 2.12 2.15 2.17 2.2  2.25 2.37 2.48
 2.55 2.85 2.89 3.   3.22 3.4  3.45 3.66 3.7  3.76 3.98 4.04 4.26 4.49
 5.17 5.34 6.82 8.44]
var: 2.448166083333333
| [0m15       [0m | [0m2.269    [0m | [0m0.01847  [0m | [0m38.96    [0m | [0m0.1361   [0m |
[0.   0.04 0.08 0.26 0.28 0.33 0.36 0.39 0.43 0.43 0.49 0.5  0.54 0.55
 0.65 0.66 0.68 0.74 0.76 0.76 0.76 0.78 0.79 0.87 0.9  0.91 0.91 1.
 1.01 1.04 1.05 1.06 1.07 1.14 1.16 1.29 1.32 1.32 1.36 1.4  1.43 1.44
 1.54 1.56 1.59 1.66 1.67 1.68 1.71 1.79 1.8  1.81 1.85 1.85 1.88 2.01
 2.06 2.26 2.48 3.94]
var: 0.47985155555555586
| [0m16       [0m | [0m1.135    [0m | [0m0.04251  [0m | [0m19.3     [0m | [0m2.768    [0m |
[0.35 0.56 0.59 0.6  0.65 0.71 0.75 0.77 0.83 0.9  1.03 1.07 1.11 1.15
 1.18 1.19 1.19 1.24 1.26 1.26 1.28 1.28 1.34 1.36 1.38 1.39 1.44 1.47
 1.47 1.53 1.54 1.55 1.58 1.64 1.68 1.68 1.72 1.76 1.79 1.81 1.86 1.92
 1.92 1.93 1.96 1.97 2.   2.02 2.05 2.07 2.09 2.12 2.33 2.36 2.43 2.71
 2.76 2.93 3.09 3.67]
var: 0.4327169722222222
| [0m17       [0m | [0m1.588    [0m | [0m0.2107   [0m | [0m48.27    [0m | [0m0.01696  [0m |
[0.03 0.09 0.1  0.12 0.13 0.18 0.21 0.23 0.23 0.25 0.26 0.27 0.28 0.34
 0.39 0.41 0.43 0.46 0.47 0.48 0.48 0.54 0.57 0.6  0.6  0.62 0.63 0.65
 0.67 0.67 0.72 0.74 0.74 0.76 0.8  0.85 0.88 0.89 0.94 0.97 1.01 1.02
 1.11 1.17 1.21 1.22 1.22 1.22 1.24 1.37 1.37 1.48 1.48 1.68 1.89 1.91
 1.99 2.03 3.35 3.37]
var: 0.4712576666666663
| [0m18       [0m | [0m0.867    [0m | [0m0.2969   [0m | [0m1.393    [0m | [0m0.7737   [0m |
[0.13 0.15 0.24 0.3  0.31 0.49 0.58 0.63 0.66 0.66 0.71 0.84 0.87 0.93
 0.94 1.   1.   1.   1.01 1.06 1.11 1.13 1.14 1.21 1.22 1.24 1.24 1.29
 1.3  1.31 1.33 1.35 1.36 1.38 1.39 1.45 1.46 1.46 1.62 1.65 1.68 1.7
 1.73 1.8  1.91 1.92 1.97 2.   2.13 2.17 2.18 2.46 2.56 2.82 2.85 2.86
 3.32 3.55 4.51 5.56]
var: 0.9872414166666668
| [0m19       [0m | [0m1.531    [0m | [0m0.09519  [0m | [0m22.51    [0m | [0m1.203    [0m |
[0.09 0.16 0.27 0.42 0.43 0.45 0.64 0.69 0.88 0.98 1.12 1.18 1.22 1.43
 1.5  1.57 1.62 1.62 1.65 1.7  1.79 1.82 1.83 1.9  1.92 1.98 2.12 2.18
 2.21 2.25 2.26 2.35 2.37 2.44 2.45 2.52 2.56 2.56 2.59 2.6  2.66 2.7
 2.73 2.79 2.79 2.84 2.91 2.94 3.05 3.27 3.32 3.32 3.34 3.61 3.7  3.73
 4.11 4.8  4.92 5.33]
var: 1.3296432222222228
| [0m20       [0m | [0m2.22     [0m | [0m0.08617  [0m | [0m32.03    [0m | [0m0.2133   [0m |
[0.06 0.11 0.14 0.28 0.32 0.36 0.39 0.5  0.51 0.51 0.56 0.57 0.62 0.71
 0.72 0.72 0.76 0.79 0.79 0.82 0.86 0.87 0.94 0.99 1.05 1.09 1.1  1.17
 1.21 1.22 1.26 1.33 1.35 1.42 1.45 1.46 1.54 1.54 1.6  1.63 1.71 1.78
 1.79 1.82 1.85 1.91 2.1  2.15 2.37 2.38 2.42 2.44 2.59 2.79 3.14 3.26
 3.37 3.85 4.29 4.44]
var: 1.0264803055555551
| [0m21       [0m | [0m1.463    [0m | [0m0.05689  [0m | [0m44.34    [0m | [0m1.165    [0m |
[0.01 0.08 0.09 0.09 0.11 0.14 0.16 0.16 0.18 0.19 0.21 0.22 0.22 0.26
 0.27 0.33 0.33 0.35 0.35 0.35 0.39 0.4  0.41 0.48 0.49 0.49 0.49 0.5
 0.51 0.56 0.56 0.56 0.6  0.68 0.69 0.73 0.74 0.75 0.75 0.76 0.77 0.77
 0.8  0.88 0.93 1.04 1.07 1.1  1.11 1.13 1.17 1.29 1.32 1.34 1.37 1.56
 1.96 2.33 2.54 3.31]
var: 0.39230697222222216
| [0m22       [0m | [0m0.7238   [0m | [0m0.2107   [0m | [0m0.8278   [0m | [0m0.9172   [0m |
[0.   0.03 0.04 0.19 0.2  0.25 0.26 0.29 0.31 0.32 0.4  0.48 0.59 0.61
 0.65 0.65 0.65 0.69 0.72 0.72 0.72 0.73 0.73 0.73 0.74 0.77 0.79 0.81
 0.81 0.83 0.86 1.04 1.04 1.04 1.08 1.09 1.1  1.12 1.16 1.17 1.17 1.22
 1.31 1.31 1.36 1.36 1.38 1.39 1.4  1.4  1.56 1.63 1.68 1.84 2.   2.04
 2.09 2.36 2.68 4.88]
var: 0.581350305555556
| [0m23       [0m | [0m1.041    [0m | [0m0.1692   [0m | [0m13.02    [0m | [0m2.358    [0m |
[0.01 0.02 0.18 0.19 0.22 0.25 0.29 0.38 0.59 0.66 0.68 0.73 0.77 0.79
 0.8  0.85 0.88 0.92 0.93 0.98 0.99 0.99 1.03 1.11 1.19 1.26 1.27 1.32
 1.36 1.37 1.44 1.51 1.51 1.52 1.52 1.53 1.54 1.56 1.64 1.67 1.88 1.9
 1.91 1.91 1.92 1.93 2.   2.05 2.16 2.29 2.4  2.68 2.73 2.75 2.77 2.8
 3.22 3.49 3.5  3.74]
var: 0.8028882222222227
| [0m24       [0m | [0m1.475    [0m | [0m0.03919  [0m | [0m6.69     [0m | [0m1.817    [0m |
[0.04 0.05 0.08 0.12 0.17 0.17 0.19 0.2  0.31 0.35 0.36 0.43 0.6  0.65
 0.7  0.76 0.78 0.81 0.84 1.   1.04 1.06 1.16 1.16 1.2  1.22 1.24 1.25
 1.3  1.3  1.34 1.37 1.42 1.54 1.59 1.61 1.64 1.67 1.67 1.89 1.89 1.9
 1.97 2.07 2.18 2.23 2.29 2.47 2.57 2.58 2.69 2.69 2.97 3.11 3.28 3.3
 3.35 3.59 4.16 4.6 ]
var: 1.168633638888889
| [0m25       [0m | [0m1.536    [0m | [0m0.03506  [0m | [0m35.98    [0m | [0m1.069    [0m |
[0.07 0.07 0.1  0.11 0.13 0.13 0.15 0.21 0.24 0.28 0.35 0.36 0.38 0.39
 0.4  0.47 0.51 0.54 0.55 0.59 0.61 0.62 0.65 0.68 0.7  0.71 0.72 0.72
 0.75 0.76 0.77 0.87 0.92 0.96 0.97 0.97 1.   1.12 1.16 1.17 1.28 1.29
 1.32 1.35 1.35 1.37 1.4  1.41 1.43 1.5  1.56 1.59 1.61 1.63 1.74 1.76
 1.89 1.92 2.04 2.37]
var: 0.32583697222222224
| [0m26       [0m | [0m0.9112   [0m | [0m0.1223   [0m | [0m23.28    [0m | [0m2.29     [0m |
[0.04 0.24 0.26 0.41 0.41 0.45 0.51 0.52 0.54 0.54 0.56 0.62 0.67 0.68
 0.69 0.7  0.72 0.76 0.76 0.78 0.82 0.83 0.84 0.86 0.89 0.9  0.94 0.98
 0.98 1.03 1.04 1.09 1.09 1.1  1.13 1.18 1.2  1.23 1.24 1.27 1.32 1.35
 1.36 1.42 1.43 1.45 1.53 1.57 1.61 1.65 1.67 1.74 1.78 1.79 1.92 1.98
 2.09 2.11 2.49 2.77]
var: 0.3128003055555561
| [0m27       [0m | [0m1.109    [0m | [0m0.2669   [0m | [0m9.275    [0m | [0m2.449    [0m |
[0.01 0.02 0.07 0.07 0.1  0.12 0.15 0.25 0.31 0.36 0.41 0.44 0.44 0.54
 0.61 0.61 0.65 0.65 0.66 0.66 0.67 0.77 0.8  0.84 0.87 0.88 0.95 0.97
 1.02 1.02 1.05 1.08 1.15 1.31 1.31 1.33 1.35 1.42 1.46 1.52 1.54 1.56
 1.56 1.58 1.59 1.83 1.83 1.95 2.01 2.2  2.22 2.26 2.26 2.28 2.43 2.77
 2.89 3.2  3.84 4.64]
var: 0.9066312222222225
| [0m28       [0m | [0m1.256    [0m | [0m0.07683  [0m | [0m4.798    [0m | [0m2.148    [0m |
[0.01 0.08 0.21 0.32 0.5  0.51 0.52 0.56 0.58 0.64 0.73 0.74 0.79 0.81
 0.84 0.9  1.05 1.07 1.07 1.18 1.19 1.23 1.28 1.39 1.39 1.45 1.52 1.55
 1.62 1.63 1.68 1.68 1.77 1.79 1.85 1.88 1.99 2.   2.28 2.29 2.32 2.44
 2.57 2.58 2.6  2.62 2.81 2.87 2.87 2.89 2.96 2.99 3.06 3.11 3.28 3.36
 3.47 3.72 3.77 3.77]
var: 1.050976972222222
| [0m29       [0m | [0m1.777    [0m | [0m0.1001   [0m | [0m9.088    [0m | [0m0.7913   [0m |
[0.   0.01 0.02 0.07 0.08 0.14 0.15 0.15 0.18 0.19 0.22 0.26 0.27 0.37
 0.38 0.39 0.45 0.46 0.47 0.47 0.49 0.51 0.53 0.54 0.55 0.56 0.58 0.59
 0.61 0.65 0.69 0.71 0.77 0.77 0.84 0.88 0.91 0.91 0.91 0.95 0.97 0.98
 1.02 1.03 1.04 1.09 1.14 1.18 1.23 1.36 1.4  1.43 1.46 1.91 1.91 2.11
 2.12 2.15 2.47 2.75]
var: 0.4015603055555558
| [0m30       [0m | [0m0.8238   [0m | [0m0.2753   [0m | [0m33.11    [0m | [0m2.277    [0m |
[0.2  0.22 0.23 0.25 0.4  0.42 0.42 0.48 0.58 0.61 0.64 0.72 0.72 0.76
 0.79 0.79 0.83 0.86 0.86 0.87 0.88 1.   1.01 1.04 1.06 1.07 1.07 1.1
 1.14 1.19 1.21 1.29 1.29 1.33 1.33 1.41 1.42 1.47 1.5  1.51 1.53 1.58
 1.6  1.63 1.67 1.68 1.72 1.78 1.79 1.8  1.8  1.84 1.99 2.04 2.09 2.15
 2.25 2.39 2.75 2.77]
var: 0.3796210000000004
| [0m31       [0m | [0m1.247    [0m | [0m0.2069   [0m | [0m37.18    [0m | [0m0.6787   [0m |
[0.01 0.05 0.05 0.09 0.13 0.16 0.2  0.21 0.26 0.3  0.39 0.42 0.42 0.44
 0.62 0.74 0.75 0.75 0.8  0.82 0.83 0.89 0.91 0.92 0.93 0.93 1.04 1.06
 1.08 1.08 1.11 1.14 1.14 1.18 1.27 1.32 1.34 1.37 1.5  1.67 1.71 1.82
 1.95 1.96 1.99 2.   2.02 2.07 2.23 2.32 2.34 2.44 2.45 2.54 2.64 2.86
 2.91 3.1  3.56 3.67]
var: 0.8523316666666667
| [0m32       [0m | [0m1.315    [0m | [0m0.01728  [0m | [0m14.7     [0m | [0m1.978    [0m |
[0.05 0.07 0.08 0.08 0.12 0.14 0.22 0.25 0.37 0.41 0.44 0.51 0.53 0.56
 0.56 0.77 0.81 0.85 0.87 0.93 0.98 1.01 1.15 1.18 1.21 1.22 1.32 1.39
 1.48 1.49 1.53 1.54 1.64 1.75 1.76 1.9  2.01 2.02 2.26 2.27 2.39 2.4
 2.42 2.44 2.51 2.57 2.59 2.68 2.72 2.74 2.77 2.87 3.29 3.4  3.4  3.53
 3.6  3.69 4.12 4.21]
var: 1.3064036388888887
| [0m33       [0m | [0m1.668    [0m | [0m0.03352  [0m | [0m14.15    [0m | [0m1.793    [0m |
[0.02 0.04 0.08 0.13 0.13 0.14 0.15 0.16 0.25 0.4  0.59 0.62 0.66 0.71
 0.76 0.78 0.82 0.83 0.9  0.92 0.95 0.99 1.01 1.01 1.04 1.05 1.05 1.13
 1.13 1.14 1.15 1.18 1.26 1.26 1.34 1.36 1.4  1.41 1.42 1.49 1.6  1.61
 1.62 1.74 1.87 1.89 1.91 1.95 1.96 2.   2.03 2.11 2.12 2.16 2.22 2.31
 2.57 2.75 3.07 3.25]
var: 0.5842099999999999
| [0m34       [0m | [0m1.26     [0m | [0m0.0205   [0m | [0m41.77    [0m | [0m1.92     [0m |
[0.03 0.04 0.06 0.07 0.08 0.13 0.21 0.23 0.24 0.26 0.26 0.31 0.37 0.4
 0.48 0.5  0.52 0.6  0.6  0.63 0.64 0.66 0.67 0.69 0.72 0.72 0.72 0.77
 0.8  0.83 0.84 0.89 0.96 1.   1.04 1.09 1.11 1.13 1.15 1.17 1.22 1.26
 1.33 1.46 1.47 1.47 1.5  1.55 1.65 1.69 1.71 1.75 1.79 1.89 1.97 2.
 2.47 2.57 2.66 3.16]
var: 0.5046816388888887
| [0m35       [0m | [0m1.003    [0m | [0m0.02034  [0m | [0m1.885    [0m | [0m1.928    [0m |
[0.09 0.13 0.27 0.32 0.37 0.43 0.44 0.47 0.51 0.59 0.62 0.64 0.69 0.82
 0.85 0.88 0.89 0.94 1.05 1.07 1.14 1.15 1.2  1.2  1.27 1.32 1.34 1.37
 1.37 1.44 1.49 1.52 1.55 1.6  1.62 1.66 1.68 1.69 1.74 1.74 1.76 1.85
 2.   2.04 2.05 2.09 2.12 2.2  2.22 2.33 2.4  2.47 2.51 2.53 3.01 3.12
 3.22 3.28 3.43 4.19]
var: 0.7956209999999992
| [0m36       [0m | [0m1.533    [0m | [0m0.158    [0m | [0m13.13    [0m | [0m1.105    [0m |
[0.   0.03 0.05 0.09 0.13 0.13 0.15 0.15 0.15 0.24 0.35 0.48 0.5  0.61
 0.62 0.68 0.68 0.72 0.72 0.74 0.75 0.82 0.89 1.03 1.04 1.05 1.05 1.14
 1.15 1.17 1.2  1.25 1.28 1.33 1.42 1.45 1.48 1.5  1.53 1.66 1.67 1.7
 1.71 1.8  1.8  1.85 1.88 2.03 2.07 2.08 2.21 2.24 2.51 2.61 2.69 3.09
 4.   4.79 4.81 4.98]
var: 1.3086136388888894
| [0m37       [0m | [0m1.399    [0m | [0m0.158    [0m | [0m19.25    [0m | [0m1.031    [0m |
[0.02 0.03 0.07 0.08 0.15 0.15 0.27 0.28 0.34 0.38 0.38 0.42 0.43 0.43
 0.44 0.45 0.46 0.47 0.62 0.63 0.63 0.64 0.66 0.7  0.7  0.73 0.75 0.77
 0.81 0.83 0.91 0.95 0.98 1.02 1.04 1.05 1.07 1.07 1.24 1.38 1.38 1.43
 1.43 1.47 1.53 1.54 1.54 1.67 1.68 1.68 1.76 1.87 1.92 1.99 2.04 2.07
 2.3  2.31 2.38 2.84]
var: 0.46403566666666674
| [0m38       [0m | [0m1.021    [0m | [0m0.07416  [0m | [0m14.91    [0m | [0m2.663    [0m |
[0.03 0.07 0.35 0.42 0.47 0.48 0.5  0.57 0.58 0.6  0.6  0.62 0.65 0.69
 0.71 0.76 0.78 0.79 0.79 0.81 0.81 0.84 0.85 0.9  0.95 0.96 0.97 1.02
 1.12 1.14 1.16 1.18 1.2  1.2  1.26 1.28 1.31 1.37 1.38 1.44 1.5  1.58
 1.59 1.65 1.68 1.75 1.76 1.78 1.87 2.09 2.27 2.4  2.56 2.78 2.97 3.02
 3.1  3.78 4.08 5.05]
var: 0.961206972222223
| [0m39       [0m | [0m1.381    [0m | [0m0.1231   [0m | [0m4.874    [0m | [0m1.146    [0m |
[0.18 0.19 0.2  0.38 0.46 0.67 0.75 0.82 0.85 0.9  1.06 1.14 1.14 1.3
 1.36 1.37 1.45 1.48 1.62 1.66 1.67 1.69 1.77 1.77 1.84 1.84 1.86 1.91
 2.02 2.1  2.28 2.29 2.3  2.39 2.4  2.49 2.5  2.54 2.55 2.56 2.66 2.68
 2.75 2.77 2.98 3.05 3.17 3.28 3.28 3.3  3.31 3.73 3.79 3.84 3.92 4.28
 4.42 4.51 5.02 5.18]
var: 1.464096972222223
| [0m40       [0m | [0m2.228    [0m | [0m0.0279   [0m | [0m18.94    [0m | [0m0.6688   [0m |
[0.04 0.14 0.22 0.3  0.31 0.31 0.36 0.38 0.39 0.44 0.44 0.46 0.46 0.56
 0.64 0.71 0.8  0.8  0.81 0.83 0.85 0.85 0.88 0.93 0.96 0.98 0.99 1.
 1.05 1.07 1.07 1.14 1.15 1.18 1.19 1.19 1.22 1.28 1.29 1.29 1.31 1.36
 1.36 1.36 1.49 1.49 1.72 1.9  2.24 2.45 2.86 2.9  2.92 3.1  3.11 3.18
 3.3  3.33 3.5  3.75]
var: 0.9266727499999997
| [0m41       [0m | [0m1.327    [0m | [0m0.002971 [0m | [0m43.51    [0m | [0m1.618    [0m |
[0.15 0.15 0.35 0.35 0.42 0.73 0.83 0.85 0.85 0.89 1.09 1.14 1.19 1.34
 1.68 1.73 1.85 1.87 1.88 2.15 2.17 2.17 2.24 2.33 2.4  2.4  2.43 2.45
 2.49 2.51 2.63 2.68 2.83 2.83 2.94 2.94 2.95 3.03 3.04 3.09 3.14 3.14
 3.19 3.2  3.24 3.25 3.39 3.54 3.67 3.68 3.68 3.78 4.08 5.8  5.92 5.97
 6.56 6.56 6.67 7.01]
var: 2.7587449722222224
| [95m42       [0m | [95m2.725    [0m | [95m0.02932  [0m | [95m18.29    [0m | [95m0.283    [0m |
[1.18 1.22 1.62 1.62 1.74 1.77 2.5  2.52 2.56 2.79 2.85 2.91 2.99 3.07
 3.12 3.16 3.23 3.29 3.29 3.32 3.34 3.38 3.38 3.44 3.45 3.5  3.54 3.56
 3.65 3.76 3.8  3.83 3.86 3.88 3.96 4.   4.02 4.11 4.11 4.13 4.24 4.31
 4.34 4.58 4.64 4.7  4.76 5.08 5.21 5.27 5.3  5.31 5.47 5.47 5.68 5.7
 5.91 6.74 7.07 7.42]
var: 1.7825387500000007
| [95m43       [0m | [95m3.878    [0m | [95m0.007483 [0m | [95m17.59    [0m | [95m0.06645  [0m |
[0.16 0.17 0.19 0.19 0.2  0.2  0.2  0.21 0.25 0.36 0.38 0.51 0.51 0.56
 0.56 0.58 0.59 0.6  0.64 0.66 0.67 0.76 0.77 0.82 0.82 0.86 0.89 0.91
 1.01 1.13 1.21 1.28 1.32 1.37 1.57 1.62 1.69 1.72 1.75 1.79 1.82 1.84
 1.95 1.97 2.02 2.08 2.19 2.19 2.25 2.29 2.63 2.69 2.7  2.9  3.09 3.58
 3.59 3.97 4.38 4.65]
var: 1.2491523333333325
| [0m44       [0m | [0m1.441    [0m | [0m1e-08    [0m | [0m17.11    [0m | [0m0.001    [0m |
[0.18 0.48 0.63 0.65 0.85 0.9  0.92 1.04 1.06 1.09 1.14 1.16 1.18 1.23
 1.27 1.37 1.37 1.44 1.44 1.45 1.46 1.5  1.51 1.54 1.56 1.66 1.69 1.72
 1.72 1.77 1.81 1.86 1.88 1.93 2.   2.05 2.1  2.16 2.27 2.28 2.33 2.4
 2.42 2.49 2.5  2.51 2.6  2.65 2.67 2.77 2.81 2.85 2.99 3.27 3.28 3.4
 3.5  3.54 3.62 3.62]
var: 0.7103778888888885
| [0m45       [0m | [0m1.926    [0m | [0m0.06584  [0m | [0m1.741    [0m | [0m0.3196   [0m |
[0.25 0.4  0.48 0.89 0.95 1.   1.64 2.01 2.25 2.25 2.36 2.39 2.4  2.46
 2.58 2.63 2.7  2.8  2.89 3.   3.02 3.05 3.13 3.17 3.23 3.28 3.28 3.38
 3.38 3.44 3.6  3.62 3.63 3.63 3.63 3.64 3.69 3.69 3.84 3.89 3.96 4.19
 4.22 4.31 4.44 4.45 4.45 4.51 4.56 4.61 5.14 5.17 5.17 5.25 5.29 5.32
 5.42 5.51 5.78 8.22]
var: 2.1338348888888885
| [0m46       [0m | [0m3.459    [0m | [0m0.01049  [0m | [0m17.79    [0m | [0m0.1054   [0m |
[0.09 0.58 0.87 1.17 1.28 1.57 1.58 1.58 1.59 1.64 1.91 1.99 2.08 2.12
 2.15 2.15 2.18 2.24 2.25 2.27 2.3  2.33 2.36 2.46 2.62 2.65 2.65 2.66
 2.66 2.67 2.73 2.77 2.87 2.96 3.08 3.09 3.17 3.2  3.21 3.23 3.24 3.33
 3.36 3.58 3.59 3.65 3.66 3.91 4.29 4.57 4.58 5.02 5.21 5.58 5.72 5.96
 6.07 6.23 6.38 6.54]
var: 2.1681436388888895
| [0m47       [0m | [0m3.057    [0m | [0m0.1531   [0m | [0m17.6     [0m | [0m0.1399   [0m |
[0.52 1.01 1.05 1.14 1.19 1.2  1.33 1.53 1.67 1.68 1.71 1.74 1.79 1.79
 1.84 1.89 1.9  2.17 2.19 2.2  2.21 2.21 2.25 2.4  2.41 2.42 2.44 2.44
 2.49 2.5  2.54 2.6  2.66 2.68 2.7  2.72 2.77 2.82 2.88 2.93 2.95 2.96
 2.98 3.18 3.23 3.26 3.31 3.34 3.36 3.47 3.56 3.57 3.59 3.85 4.06 4.09
 4.21 4.32 5.05 5.75]
var: 0.997020555555556
| [0m48       [0m | [0m2.612    [0m | [0m0.07929  [0m | [0m17.72    [0m | [0m0.03203  [0m |
[0.17 0.3  0.52 0.62 0.66 0.7  0.71 0.72 0.76 0.76 0.79 0.8  0.84 0.89
 0.93 1.03 1.05 1.05 1.06 1.12 1.13 1.16 1.24 1.27 1.29 1.38 1.38 1.5
 1.54 1.59 1.62 1.67 1.67 1.7  1.79 1.82 1.94 2.08 2.09 2.17 2.25 2.27
 2.32 2.41 2.42 2.54 2.54 2.75 2.9  3.17 3.51 3.76 4.12 4.4  4.61 4.9
 5.09 5.16 5.3  5.37]
var: 1.880207222222221
| [0m49       [0m | [0m1.988    [0m | [0m0.2042   [0m | [0m1.307    [0m | [0m0.1375   [0m |
[0.29 0.52 0.71 0.96 1.08 1.38 1.44 1.5  1.53 1.62 1.77 1.78 1.83 1.83
 1.94 1.95 1.96 2.03 2.16 2.24 2.27 2.32 2.33 2.37 2.38 2.39 2.4  2.42
 2.47 2.48 2.51 2.61 2.69 2.73 2.76 2.78 2.81 2.83 2.85 2.89 2.92 2.99
 2.99 3.04 3.08 3.12 3.13 3.19 3.22 3.22 3.42 3.49 3.57 3.66 3.83 3.99
 4.17 5.05 5.8  6.19]
var: 1.1793160000000005
| [0m50       [0m | [0m2.598    [0m | [0m0.01494  [0m | [0m14.61    [0m | [0m0.5876   [0m |
[0.   0.   0.   0.   0.   0.   0.   0.   0.   0.   0.   0.   0.   0.
 0.   0.   0.   0.   0.   0.   0.   0.   0.   0.   0.   0.   0.   0.
 0.   0.   0.   0.   0.   0.   0.   0.   0.01 0.01 0.03 0.03 0.03 0.05
 0.06 0.07 0.09 0.09 0.1  0.11 0.13 0.13 0.21 0.21 0.28 0.32 0.39 0.51
 0.58 0.6  0.95 1.59]
var: 0.06954322222222245
| [0m51       [0m | [0m0.1097   [0m | [0m1e-08    [0m | [0m17.63    [0m | [0m0.1882   [0m |
[0.   0.01 0.03 0.04 0.05 0.07 0.07 0.08 0.17 0.3  0.3  0.31 0.36 0.45
 0.45 0.48 0.5  0.5  0.51 0.54 0.56 0.57 0.57 0.57 0.59 0.6  0.63 0.65
 0.66 0.67 0.67 0.68 0.68 0.69 0.71 0.82 0.85 0.89 0.91 0.92 0.93 0.95
 0.97 1.06 1.1  1.12 1.19 1.21 1.27 1.35 1.43 1.48 1.49 1.54 1.55 1.58
 1.62 1.91 2.46 2.58]
var: 0.31894722222222216
| [0m52       [0m | [0m0.7983   [0m | [0m0.2403   [0m | [0m35.61    [0m | [0m2.24     [0m |
[0.06 0.09 0.15 0.36 0.38 0.42 0.43 0.45 0.46 0.5  0.57 0.62 0.65 0.66
 0.74 0.83 0.95 0.96 0.97 1.   1.01 1.05 1.05 1.08 1.08 1.1  1.12 1.15
 1.19 1.23 1.29 1.38 1.5  1.5  1.63 1.63 1.66 1.77 1.82 1.9  1.92 1.96
 1.99 2.01 2.04 2.05 2.1  2.31 2.51 2.55 2.67 2.69 2.73 2.83 2.83 2.87
 3.61 3.72 3.73 3.74]
var: 0.9146343055555555
| [0m53       [0m | [0m1.521    [0m | [0m0.2371   [0m | [0m12.86    [0m | [0m0.8386   [0m |
[0.   0.   0.   0.01 0.03 0.1  0.16 0.26 0.31 0.32 0.39 0.41 0.47 0.47
 0.49 0.5  0.51 0.52 0.6  0.62 0.65 0.67 0.68 0.73 0.76 0.87 0.95 0.97
 0.98 0.98 0.99 1.06 1.1  1.11 1.15 1.2  1.2  1.28 1.3  1.35 1.35 1.37
 1.5  1.58 1.77 1.86 1.88 1.9  1.93 2.15 2.19 2.26 2.26 2.3  2.57 2.77
 3.28 3.39 3.84 4.38]
var: 0.949071555555556
| [0m54       [0m | [0m1.211    [0m | [0m0.2277   [0m | [0m45.29    [0m | [0m0.9113   [0m |
[0.05 0.05 0.06 0.06 0.13 0.15 0.15 0.16 0.18 0.22 0.24 0.3  0.34 0.34
 0.35 0.36 0.36 0.36 0.4  0.45 0.46 0.47 0.53 0.54 0.57 0.57 0.58 0.6
 0.6  0.63 0.64 0.65 0.66 0.72 0.73 0.74 0.77 0.79 0.79 0.8  0.8  0.81
 0.84 0.88 0.94 1.03 1.12 1.13 1.16 1.16 1.28 1.29 1.39 1.46 1.56 1.59
 1.73 1.75 1.87 3.59]
var: 0.3492536388888891
| [0m55       [0m | [0m0.7488   [0m | [0m0.09383  [0m | [0m35.11    [0m | [0m2.772    [0m |
[ 0.82  1.25  1.7   1.77  1.82  1.98  2.2   2.23  2.27  2.39  2.45  2.53
  2.54  2.56  2.58  2.8   2.88  2.89  2.91  3.07  3.1   3.15  3.19  3.19
  3.22  3.33  3.33  3.37  3.4   3.44  3.45  3.48  3.48  3.51  3.55  3.6
  3.64  3.72  3.77  3.89  3.9   4.    4.    4.05  4.15  4.18  4.25  4.39
  4.53  4.69  4.91  4.95  5.11  5.16  5.76  5.83  6.77  6.85  7.13 11.43]
var: 2.648004972222222
| [0m56       [0m | [0m3.675    [0m | [0m0.03517  [0m | [0m17.83    [0m | [0m0.06152  [0m |
[0.05 0.18 0.19 0.28 0.29 0.41 0.45 0.5  0.57 0.61 0.74 0.76 0.77 0.78
 0.78 0.87 0.91 0.91 0.94 0.96 0.98 0.99 1.08 1.11 1.12 1.13 1.15 1.18
 1.27 1.28 1.29 1.3  1.32 1.35 1.38 1.39 1.41 1.42 1.43 1.48 1.48 1.59
 1.62 1.63 1.72 1.8  1.82 1.84 1.84 1.89 1.99 2.32 2.34 2.79 2.86 3.33
 3.69 4.17 4.57 5.31]
var: 1.0736916388888886
| [0m57       [0m | [0m1.46     [0m | [0m0.2937   [0m | [0m22.39    [0m | [0m0.8132   [0m |
[0.08 0.09 0.3  0.32 0.33 0.34 0.34 0.36 0.52 0.52 0.55 0.55 0.55 0.57
 0.6  0.62 0.75 0.77 0.81 0.82 0.84 0.86 0.86 0.86 0.86 0.87 0.88 0.96
 0.99 1.01 1.04 1.04 1.1  1.13 1.14 1.16 1.17 1.22 1.26 1.32 1.33 1.35
 1.37 1.39 1.42 1.42 1.43 1.52 1.53 1.71 1.8  1.81 1.86 1.9  1.92 2.1
 2.33 2.84 3.79 4.38]
var: 0.606886222222222
| [0m58       [0m | [0m1.159    [0m | [0m0.2828   [0m | [0m13.52    [0m | [0m2.319    [0m |
[0.38 0.52 0.85 1.02 1.12 1.16 1.25 1.34 1.53 1.54 1.64 1.83 1.83 1.89
 1.97 2.   2.01 2.13 2.21 2.25 2.37 2.37 2.37 2.38 2.41 2.43 2.49 2.56
 2.59 2.61 2.66 2.66 2.82 2.83 2.83 2.84 2.84 2.92 3.06 3.06 3.11 3.12
 3.34 3.35 3.5  3.51 3.53 3.53 3.54 3.79 4.02 4.37 4.42 4.43 4.51 4.81
 4.89 5.07 7.27 7.41]
var: 1.852361638888889
| [0m59       [0m | [0m2.818    [0m | [0m0.1231   [0m | [0m17.71    [0m | [0m0.04447  [0m |
[0.44 0.45 0.46 0.54 0.55 0.65 0.66 0.9  0.94 0.98 1.06 1.19 1.32 1.35
 1.37 1.39 1.39 1.58 1.58 1.63 1.63 1.64 1.65 1.66 1.69 1.94 1.96 2.01
 2.15 2.16 2.19 2.22 2.28 2.33 2.46 2.49 2.5  2.52 2.56 2.61 2.68 2.68
 2.76 2.81 2.82 2.83 2.92 2.98 2.98 3.15 3.29 3.44 4.13 4.17 4.41 4.84
 5.28 5.35 5.71 8.15]
var: 2.1021723333333338
| [0m60       [0m | [0m2.341    [0m | [0m0.02678  [0m | [0m17.58    [0m | [0m0.0245   [0m |
[0.01 0.14 0.26 0.29 0.42 0.45 0.5  0.55 0.61 0.76 0.89 0.92 0.95 1.01
 1.04 1.12 1.14 1.15 1.19 1.22 1.25 1.37 1.53 1.58 1.58 1.58 1.61 1.67
 1.7  1.72 1.76 1.79 1.8  1.81 1.85 1.85 1.86 1.86 1.89 1.92 1.97 2.08
 2.16 2.18 2.22 2.27 2.37 2.4  2.48 2.53 2.58 2.85 2.85 2.92 3.4  3.44
 3.52 3.53 3.56 3.62]
var: 0.8376680833333338
| [0m61       [0m | [0m1.726    [0m | [0m0.03719  [0m | [0m8.925    [0m | [0m1.416    [0m |
[0.2  0.59 1.1  1.23 1.51 1.53 1.74 1.85 2.06 2.06 2.08 2.09 2.16 2.19
 2.26 2.28 2.46 2.48 2.61 2.63 2.63 2.72 2.75 2.77 2.8  2.81 2.82 2.84
 2.87 3.04 3.09 3.13 3.13 3.18 3.27 3.3  3.34 3.39 3.45 3.48 3.65 3.67
 3.72 3.74 3.76 3.77 3.92 3.98 3.98 4.06 4.15 4.28 4.8  5.06 5.18 5.23
 5.31 5.72 6.16 6.92]
var: 1.6622432222222223
| [0m62       [0m | [0m3.15     [0m | [0m0.09939  [0m | [0m17.64    [0m | [0m0.08571  [0m |
[0.06 0.09 0.12 0.13 0.22 0.23 0.24 0.29 0.34 0.45 0.5  0.53 0.59 0.63
 0.66 0.72 0.73 0.77 0.84 0.86 0.92 0.97 1.   1.01 1.02 1.09 1.1  1.14
 1.18 1.19 1.23 1.23 1.23 1.43 1.44 1.44 1.49 1.5  1.51 1.53 1.54 1.57
 1.57 1.57 1.59 1.68 1.74 1.85 1.94 1.95 2.02 2.05 2.11 2.24 2.25 2.35
 2.57 2.78 2.86 3.34]
var: 0.5569865555555553
| [0m63       [0m | [0m1.254    [0m | [0m0.2666   [0m | [0m16.46    [0m | [0m2.168    [0m |
[0.01 0.02 0.05 0.08 0.14 0.14 0.15 0.16 0.29 0.31 0.44 0.48 0.57 0.59
 0.67 0.72 0.75 0.79 0.82 1.   1.09 1.16 1.22 1.23 1.25 1.25 1.4  1.42
 1.43 1.61 1.64 1.64 1.76 1.77 1.83 1.85 1.92 1.95 2.   2.06 2.13 2.16
 2.2  2.23 2.29 2.38 2.52 2.65 2.79 2.79 2.81 2.99 3.12 3.13 3.27 3.31
 3.57 3.95 3.99 6.07]
var: 1.4646849722222226
| [0m64       [0m | [0m1.667    [0m | [0m0.03639  [0m | [0m4.869    [0m | [0m1.115    [0m |
[0.64 0.7  0.72 0.78 0.8  1.07 1.1  1.24 1.25 1.58 1.59 1.79 2.04 2.06
 2.09 2.17 2.35 2.39 2.45 2.49 2.52 2.62 2.63 2.67 2.77 2.81 2.84 2.86
 2.97 3.01 3.05 3.05 3.05 3.07 3.09 3.11 3.17 3.2  3.31 3.32 3.33 3.36
 3.45 3.52 3.61 3.67 3.68 3.72 3.72 3.74 3.83 3.84 4.16 4.2  4.25 4.38
 4.44 4.74 5.17 5.86]
var: 1.3069660833333328
| [0m65       [0m | [0m2.852    [0m | [0m0.1949   [0m | [0m17.83    [0m | [0m0.05697  [0m |
[0.03 0.03 0.09 0.12 0.13 0.14 0.21 0.34 0.35 0.36 0.38 0.38 0.51 0.51
 0.55 0.6  0.65 0.66 0.68 0.73 0.75 0.77 0.77 0.8  0.82 0.82 0.82 0.84
 0.87 0.87 0.9  0.94 1.   1.02 1.08 1.12 1.14 1.14 1.16 1.21 1.23 1.23
 1.25 1.26 1.29 1.3  1.42 1.47 1.57 1.61 1.73 1.74 1.75 2.   2.08 2.13
 2.13 2.26 2.67 3.25]
var: 0.44444455555555534
| [0m66       [0m | [0m1.028    [0m | [0m0.07434  [0m | [0m26.33    [0m | [0m2.333    [0m |
[0.23 0.27 0.35 0.38 0.43 0.5  0.5  0.51 0.55 0.55 0.56 0.73 0.82 0.82
 0.83 0.83 1.   1.24 1.29 1.31 1.45 1.52 1.74 1.75 1.77 1.77 1.85 1.9
 1.92 2.02 2.16 2.16 2.46 2.5  2.61 2.72 2.87 2.93 2.99 3.08 3.09 3.19
 3.32 3.46 3.52 3.66 3.7  3.8  3.95 4.09 4.19 4.47 4.58 4.76 4.88 5.26
 5.54 5.71 5.82 7.54]
var: 2.8751799999999985
| [0m67       [0m | [0m2.44     [0m | [0m6.023e-05[0m | [0m17.61    [0m | [0m0.0334   [0m |
[0.   0.04 0.05 0.05 0.08 0.09 0.14 0.14 0.2  0.21 0.23 0.25 0.28 0.3
 0.32 0.33 0.36 0.4  0.46 0.47 0.49 0.51 0.58 0.6  0.64 0.68 0.74 0.76
 0.78 0.81 0.81 0.83 0.85 0.85 0.92 0.93 0.95 1.   1.03 1.08 1.09 1.09
 1.12 1.12 1.12 1.21 1.22 1.24 1.29 1.35 1.35 1.37 1.48 1.54 1.67 1.69
 2.23 2.63 2.69 2.81]
var: 0.42009097222222214
| [0m68       [0m | [0m0.8592   [0m | [0m0.1047   [0m | [0m34.88    [0m | [0m2.711    [0m |
[0.54 0.55 0.56 0.6  0.79 1.28 1.37 1.49 1.6  1.69 1.71 1.91 1.92 1.95
 1.99 2.01 2.04 2.08 2.13 2.16 2.2  2.33 2.34 2.39 2.46 2.61 2.72 2.73
 2.83 2.84 2.88 2.93 3.02 3.05 3.15 3.26 3.29 3.51 3.53 3.56 3.66 3.66
 3.68 3.73 3.77 3.77 3.92 3.98 3.99 4.04 4.05 4.13 4.63 4.73 5.   5.17
 5.29 5.4  6.39 7.69]
var: 2.0382393333333333
| [0m69       [0m | [0m2.978    [0m | [0m0.05307  [0m | [0m17.59    [0m | [0m0.1157   [0m |
[0.04 0.14 0.14 0.16 0.18 0.2  0.22 0.25 0.25 0.39 0.41 0.42 0.45 0.51
 0.53 0.54 0.55 0.59 0.61 0.62 0.7  0.73 0.73 0.73 0.82 0.83 0.84 0.91
 0.92 1.   1.01 1.07 1.08 1.11 1.13 1.16 1.17 1.17 1.22 1.36 1.36 1.36
 1.39 1.42 1.43 1.56 1.63 1.64 1.66 1.7  1.71 1.77 1.77 1.86 1.87 1.9
 1.99 2.03 2.52 4.87]
var: 0.5898903055555551
| [0m70       [0m | [0m1.072    [0m | [0m0.2997   [0m | [0m37.66    [0m | [0m0.6457   [0m |
[0.01 0.06 0.07 0.1  0.13 0.14 0.16 0.22 0.25 0.27 0.32 0.37 0.43 0.46
 0.49 0.49 0.63 0.63 0.7  0.74 0.76 0.79 0.82 0.83 0.86 0.87 0.9  0.97
 1.05 1.1  1.13 1.16 1.17 1.18 1.21 1.24 1.27 1.37 1.39 1.4  1.44 1.51
 1.54 1.57 1.7  1.8  1.85 1.93 1.97 1.99 2.04 2.05 2.06 2.09 2.15 2.16
 2.52 2.61 2.88 3.28]
var: 0.5982448888888893
| [0m71       [0m | [0m1.155    [0m | [0m0.04482  [0m | [0m47.08    [0m | [0m0.6013   [0m |
[0.07 0.13 0.38 0.4  0.44 0.45 0.46 0.67 0.68 0.72 0.73 0.74 0.82 0.82
 0.91 0.95 0.95 0.96 0.97 0.99 1.01 1.04 1.04 1.14 1.17 1.25 1.25 1.26
 1.3  1.31 1.35 1.35 1.37 1.4  1.41 1.49 1.54 1.55 1.56 1.66 1.68 1.72
 1.72 1.73 1.84 1.86 1.86 2.02 2.03 2.06 2.19 2.22 2.31 2.34 2.35 2.35
 2.38 2.46 3.67 4.61]
var: 0.6286116388888889
| [0m72       [0m | [0m1.418    [0m | [0m0.1624   [0m | [0m40.31    [0m | [0m0.4164   [0m |
[0.36 0.37 0.45 0.49 0.79 0.95 0.97 0.97 1.13 1.25 1.29 1.42 1.46 1.48
 1.49 1.5  1.51 1.52 1.54 1.61 1.64 1.71 1.76 1.76 1.81 2.05 2.16 2.2
 2.23 2.24 2.25 2.34 2.35 2.39 2.48 2.55 2.57 2.74 2.82 2.89 2.95 3.04
 3.04 3.09 3.1  3.28 3.31 3.39 3.41 3.48 3.59 3.65 3.66 3.68 3.77 4.11
 4.33 4.51 5.24 5.75]
var: 1.4051647500000004
| [0m73       [0m | [0m2.365    [0m | [0m0.08019  [0m | [0m17.8     [0m | [0m0.02842  [0m |
[0.35 0.55 0.85 0.93 1.11 1.46 1.48 1.51 1.64 1.69 1.71 1.82 1.88 1.91
 1.93 2.05 2.11 2.25 2.28 2.36 2.4  2.45 2.45 2.46 2.47 2.51 2.67 2.67
 2.79 2.87 2.89 2.94 3.02 3.07 3.16 3.17 3.17 3.19 3.19 3.21 3.25 3.26
 3.28 3.32 3.39 3.4  3.46 3.47 3.53 3.6  3.65 3.85 3.91 4.08 4.2  4.46
 4.57 5.11 5.22 5.52]
var: 1.1988276388888885
| [0m74       [0m | [0m2.786    [0m | [0m0.1519   [0m | [0m17.8     [0m | [0m0.1108   [0m |
[0.15 1.06 1.21 1.34 1.46 1.66 1.73 1.76 2.02 2.08 2.14 2.21 2.22 2.54
 2.73 2.74 2.78 2.8  2.84 2.86 2.89 2.95 3.01 3.14 3.16 3.17 3.2  3.24
 3.3  3.31 3.35 3.44 3.45 3.46 3.54 3.62 3.7  3.86 3.87 3.87 3.93 4.07
 4.08 4.1  4.37 4.38 4.47 4.5  4.56 4.64 4.7  5.04 5.24 5.31 5.35 5.57
 5.64 5.66 5.95 6.01]
var: 1.7035703055555553
| [0m75       [0m | [0m3.424    [0m | [0m0.02575  [0m | [0m17.84    [0m | [0m0.1318   [0m |
[0.34 0.55 0.65 0.66 0.95 0.98 1.24 1.33 1.33 1.44 1.48 1.77 1.87 1.95
 2.01 2.05 2.07 2.17 2.2  2.33 2.5  2.73 2.79 2.87 2.96 2.96 2.99 3.06
 3.15 3.19 3.25 3.5  3.52 3.52 3.85 3.95 4.   4.03 4.21 4.33 4.43 4.56
 4.58 4.59 4.62 4.66 4.9  4.95 4.95 4.98 5.01 5.15 5.29 5.3  5.33 5.44
 5.66 6.54 8.18 9.65]
var: 3.3806649999999983
| [0m76       [0m | [0m3.425    [0m | [0m0.0005107[0m | [0m17.89    [0m | [0m0.04656  [0m |
[0.16 0.22 0.29 0.76 0.87 1.01 1.21 1.32 1.82 1.86 1.87 1.87 2.16 2.17
 2.18 2.19 2.2  2.29 2.31 2.36 2.42 2.45 2.54 2.66 2.68 2.79 2.82 2.85
 2.88 2.88 2.9  2.93 2.93 2.97 3.13 3.14 3.15 3.18 3.18 3.22 3.38 3.4
 3.41 3.41 3.53 3.6  3.79 3.9  3.93 3.99 4.02 4.09 4.15 4.35 4.38 4.38
 4.46 4.84 4.85 6.07]
var: 1.4124743055555569
| [0m77       [0m | [0m2.846    [0m | [0m0.07252  [0m | [0m17.95    [0m | [0m0.1302   [0m |
[0.04 0.07 0.13 0.22 0.25 0.3  0.33 0.4  0.42 0.44 0.49 0.56 0.63 0.69
 0.7  0.7  0.7  0.84 0.86 0.87 0.89 0.94 0.96 0.97 0.98 0.98 1.06 1.06
 1.17 1.19 1.19 1.23 1.3  1.35 1.35 1.41 1.42 1.46 1.47 1.48 1.54 1.61
 1.71 1.73 1.81 1.94 2.01 2.02 2.07 2.08 2.12 2.17 2.18 2.35 2.37 2.39
 2.43 2.55 2.65 2.82]
var: 0.5275487499999998
| [0m78       [0m | [0m1.268    [0m | [0m0.2901   [0m | [0m8.77     [0m | [0m1.506    [0m |
[0.17 0.91 1.24 1.87 1.89 1.94 1.96 2.01 2.08 2.18 2.24 2.29 2.31 2.4
 2.4  2.45 2.46 2.46 2.49 2.55 2.55 2.57 2.61 2.79 2.81 2.9  3.11 3.12
 3.14 3.23 3.3  3.33 3.41 3.44 3.64 3.69 3.75 3.79 3.8  3.83 3.87 4.05
 4.05 4.08 4.17 4.26 4.27 4.44 4.46 4.5  4.64 4.72 4.73 4.86 5.69 5.98
 6.03 6.08 6.39 8.5 ]
var: 2.0744448888888884
| [0m79       [0m | [0m3.415    [0m | [0m0.04518  [0m | [0m17.55    [0m | [0m0.1014   [0m |
[0.   0.01 0.02 0.06 0.06 0.07 0.09 0.17 0.19 0.21 0.24 0.29 0.31 0.32
 0.33 0.43 0.47 0.55 0.56 0.63 0.65 0.69 0.71 0.73 0.82 0.84 0.86 0.87
 0.88 0.94 0.96 0.98 0.99 1.02 1.07 1.08 1.1  1.14 1.17 1.29 1.3  1.31
 1.35 1.37 1.46 1.59 1.6  1.68 1.78 1.85 1.85 1.95 1.96 1.96 2.03 2.24
 2.49 2.51 2.62 2.69]
var: 0.5299316388888886
| [0m80       [0m | [0m1.023    [0m | [0m0.2598   [0m | [0m30.12    [0m | [0m1.894    [0m |
=============================================================
None
num_trials:  40  inits,  40  iters,  60  per
rho:  1
pthin:  0.96

Best VPT: 3.8775000000000004
Best result: {'a': 0.00748320599144363, 'g': 17.58710666660785, 's': 0.06645292823436781}

KERNEL: nu=1.5, lengthscale=2.0, alpha=0.0005
