|   iter    |  target   |     a     |     g     |     s     |
-------------------------------------------------------------
[0.   0.01 0.01 0.02 0.03 0.04 0.04 0.05 0.06 0.11 0.13 0.22 0.24 0.24
 0.29 0.31 0.41 0.49 0.5  0.55 0.62 0.63 0.65 0.65 0.65 0.66 0.78 0.79
 0.85 0.94 0.96 0.97 0.97 0.97 0.98 1.   1.   1.   1.02 1.05 1.06 1.14
 1.16 1.18 1.25 1.27 1.29 1.3  1.33 1.37 1.38 1.42 1.49 1.52 1.7  1.73
 1.73 2.12 2.13 2.31]
var: 0.3431003055555559
| [0m1        [0m | [0m0.8462   [0m | [0m0.2841   [0m | [0m32.86    [0m | [0m1.414    [0m |
[0.01 0.01 0.02 0.02 0.03 0.04 0.1  0.11 0.15 0.24 0.26 0.28 0.35 0.38
 0.4  0.43 0.45 0.47 0.48 0.5  0.55 0.58 0.62 0.69 0.74 0.78 0.81 0.82
 0.82 0.83 0.85 0.85 0.87 0.88 0.93 0.94 0.95 0.96 0.97 0.98 0.99 1.03
 1.1  1.13 1.14 1.17 1.23 1.24 1.24 1.25 1.29 1.29 1.3  1.32 1.32 1.34
 1.55 1.62 2.13 2.31]
var: 0.25806455555555596
| [0m2        [0m | [0m0.8023   [0m | [0m0.2987   [0m | [0m24.07    [0m | [0m2.033    [0m |
[0.   0.   0.02 0.03 0.03 0.05 0.05 0.1  0.1  0.17 0.17 0.23 0.23 0.26
 0.26 0.29 0.3  0.35 0.38 0.4  0.44 0.46 0.51 0.55 0.58 0.59 0.61 0.61
 0.62 0.62 0.62 0.63 0.64 0.66 0.67 0.68 0.7  0.7  0.75 0.76 0.76 0.76
 0.79 0.81 0.87 0.88 0.93 0.95 0.98 1.03 1.04 1.13 1.15 1.25 1.26 1.49
 1.61 2.12 2.25 2.53]
var: 0.28150941666666623
| [0m3        [0m | [0m0.6735   [0m | [0m0.2784   [0m | [0m30.5     [0m | [0m2.334    [0m |
[0.56 0.57 0.6  0.61 0.64 0.66 0.67 0.69 0.75 0.79 0.88 0.96 1.01 1.05
 1.08 1.11 1.17 1.19 1.2  1.24 1.25 1.25 1.31 1.31 1.36 1.37 1.48 1.62
 1.63 1.63 1.64 1.68 1.74 1.76 1.77 1.78 1.84 1.84 1.89 1.94 2.   2.08
 2.22 2.24 2.28 2.29 2.39 2.42 2.45 2.56 2.62 2.63 2.68 2.71 3.13 3.21
 3.26 3.73 3.88 4.89]
var: 0.8184083055555559
| [95m4        [0m | [95m1.753    [0m | [95m0.08028  [0m | [95m37.71    [0m | [95m0.1638   [0m |
[0.   0.01 0.02 0.06 0.07 0.08 0.08 0.08 0.13 0.15 0.15 0.16 0.16 0.19
 0.19 0.21 0.21 0.22 0.22 0.24 0.24 0.26 0.28 0.3  0.31 0.31 0.32 0.33
 0.34 0.35 0.38 0.43 0.43 0.44 0.44 0.45 0.48 0.48 0.51 0.52 0.53 0.56
 0.57 0.59 0.6  0.6  0.65 0.67 0.7  0.71 0.72 0.72 0.72 0.73 0.77 0.85
 0.97 1.05 1.11 1.19]
var: 0.08028288888888897
| [0m5        [0m | [0m0.4207   [0m | [0m0.2637   [0m | [0m0.6521   [0m | [0m2.196    [0m |
[0.06 0.1  0.11 0.23 0.25 0.25 0.3  0.3  0.31 0.36 0.42 0.42 0.44 0.46
 0.46 0.49 0.52 0.58 0.65 0.65 0.67 0.68 0.7  0.72 0.73 0.76 0.78 0.78
 0.78 0.79 0.82 0.85 0.88 0.95 0.95 0.96 1.   1.06 1.12 1.12 1.19 1.2
 1.23 1.25 1.29 1.33 1.34 1.35 1.37 1.5  1.64 1.65 1.81 1.83 1.85 1.96
 1.96 1.97 2.04 2.41]
var: 0.3155369722222219
| [0m6        [0m | [0m0.9438   [0m | [0m0.1247   [0m | [0m6.041    [0m | [0m1.659    [0m |
[0.02 0.03 0.04 0.05 0.06 0.16 0.17 0.19 0.25 0.29 0.37 0.37 0.42 0.43
 0.43 0.46 0.47 0.48 0.54 0.54 0.57 0.63 0.64 0.69 0.7  0.7  0.71 0.72
 0.72 0.75 0.76 0.76 0.76 0.79 0.8  0.8  0.8  0.83 0.89 0.92 0.94 0.99
 1.07 1.07 1.08 1.09 1.15 1.24 1.3  1.31 1.37 1.41 1.49 1.51 1.71 1.76
 1.9  2.05 2.1  2.42]
var: 0.29548363888888907
| [0m7        [0m | [0m0.8278   [0m | [0m0.09074  [0m | [0m24.88    [0m | [0m2.299    [0m |
[0.03 0.14 0.16 0.16 0.23 0.27 0.34 0.36 0.37 0.4  0.47 0.47 0.54 0.54
 0.59 0.6  0.62 0.69 0.69 0.69 0.7  0.72 0.72 0.74 0.75 0.79 0.82 0.85
 0.86 0.9  0.94 0.99 1.   1.   1.01 1.02 1.05 1.13 1.13 1.28 1.29 1.3
 1.31 1.39 1.41 1.42 1.43 1.46 1.46 1.46 1.49 1.57 1.58 1.59 1.61 1.62
 1.81 1.88 2.56 2.74]
var: 0.31102788888888916
| [0m8        [0m | [0m0.9857   [0m | [0m0.2999   [0m | [0m25.19    [0m | [0m1.415    [0m |
[0.01 0.03 0.04 0.1  0.21 0.22 0.23 0.26 0.3  0.32 0.33 0.36 0.37 0.37
 0.41 0.47 0.49 0.5  0.55 0.58 0.61 0.62 0.63 0.64 0.64 0.64 0.68 0.68
 0.69 0.69 0.7  0.7  0.73 0.77 0.78 0.79 0.81 0.82 0.83 0.88 0.93 1.05
 1.06 1.06 1.07 1.09 1.12 1.15 1.23 1.33 1.34 1.36 1.47 1.55 1.62 1.78
 1.84 2.14 2.29 2.47]
var: 0.29722363888888903
| [0m9        [0m | [0m0.8238   [0m | [0m0.07553  [0m | [0m41.45    [0m | [0m1.676    [0m |
[0.   0.08 0.13 0.14 0.15 0.16 0.2  0.3  0.31 0.41 0.42 0.43 0.45 0.47
 0.47 0.47 0.52 0.6  0.6  0.64 0.69 0.72 0.75 0.75 0.77 0.77 0.77 0.8
 0.82 0.87 0.87 0.9  0.91 0.93 0.94 0.95 0.95 0.98 1.09 1.11 1.16 1.16
 1.26 1.27 1.35 1.36 1.37 1.42 1.6  1.62 1.7  1.72 1.79 1.79 1.82 1.89
 2.03 2.1  2.17 2.22]
var: 0.333966083333333
| [0m10       [0m | [0m0.9515   [0m | [0m0.08571  [0m | [0m11.48    [0m | [0m2.65     [0m |
[0.05 0.07 0.1  0.12 0.13 0.19 0.2  0.26 0.28 0.29 0.33 0.33 0.36 0.38
 0.41 0.44 0.44 0.53 0.57 0.59 0.61 0.61 0.63 0.65 0.65 0.66 0.68 0.71
 0.71 0.75 0.76 0.82 0.83 0.85 0.86 0.87 0.9  0.94 0.94 0.97 1.02 1.1
 1.13 1.18 1.2  1.3  1.35 1.36 1.38 1.43 1.43 1.56 1.62 1.63 1.75 1.9
 2.   2.27 2.32 2.46]
var: 0.34345566666666677
| [0m11       [0m | [0m0.881    [0m | [0m0.2322   [0m | [0m24.16    [0m | [0m1.152    [0m |
[0.1  0.1  0.12 0.13 0.14 0.16 0.19 0.23 0.24 0.25 0.25 0.28 0.29 0.35
 0.36 0.36 0.42 0.46 0.5  0.5  0.55 0.58 0.58 0.59 0.61 0.65 0.65 0.65
 0.66 0.68 0.68 0.7  0.72 0.73 0.74 0.75 0.8  0.83 0.84 0.85 0.85 0.88
 0.89 0.92 0.95 1.11 1.17 1.17 1.19 1.37 1.39 1.4  1.46 1.58 1.61 1.69
 1.7  1.71 2.12 2.14]
var: 0.2590536388888885
| [0m12       [0m | [0m0.7762   [0m | [0m0.2549   [0m | [0m6.868    [0m | [0m0.9137   [0m |
[0.02 0.02 0.03 0.04 0.05 0.12 0.18 0.22 0.23 0.28 0.28 0.34 0.36 0.36
 0.42 0.46 0.47 0.5  0.51 0.51 0.53 0.53 0.55 0.55 0.59 0.61 0.62 0.62
 0.62 0.64 0.66 0.66 0.7  0.71 0.72 0.73 0.74 0.81 0.81 0.83 0.89 0.89
 0.93 0.96 0.96 0.96 0.98 0.99 1.13 1.19 1.19 1.2  1.26 1.29 1.29 1.37
 1.44 1.46 1.53 2.09]
var: 0.1850247499999998
| [0m13       [0m | [0m0.7105   [0m | [0m0.1115   [0m | [0m25.54    [0m | [0m2.295    [0m |
[0.04 0.07 0.08 0.1  0.11 0.14 0.16 0.16 0.16 0.16 0.29 0.3  0.32 0.32
 0.34 0.34 0.39 0.45 0.46 0.5  0.57 0.61 0.62 0.63 0.64 0.67 0.67 0.69
 0.73 0.74 0.79 0.8  0.85 0.88 0.92 0.94 0.94 0.95 0.97 1.04 1.12 1.18
 1.19 1.2  1.21 1.23 1.31 1.38 1.61 1.65 1.73 1.81 1.9  1.92 1.97 1.98
 2.02 2.03 2.04 2.46]
var: 0.39588155555555543
| [0m14       [0m | [0m0.8913   [0m | [0m0.04752  [0m | [0m5.359    [0m | [0m1.063    [0m |
[0.01 0.28 0.41 0.43 0.49 0.5  0.54 0.57 0.69 0.75 0.77 0.78 0.83 0.83
 0.83 1.   1.03 1.03 1.04 1.15 1.16 1.18 1.22 1.24 1.27 1.29 1.3  1.35
 1.37 1.53 1.59 1.65 1.66 1.67 1.69 1.7  1.89 1.95 1.97 2.03 2.14 2.19
 2.23 2.35 2.38 2.38 2.43 2.55 2.55 2.56 2.58 2.6  2.63 2.76 2.77 2.9
 3.04 3.52 3.83 3.93]
var: 0.8197583055555558
| [0m15       [0m | [0m1.65     [0m | [0m0.03232  [0m | [0m13.76    [0m | [0m0.6101   [0m |
[0.02 0.02 0.09 0.12 0.15 0.2  0.27 0.3  0.46 0.49 0.5  0.51 0.58 0.58
 0.6  0.61 0.68 0.69 0.69 0.7  0.71 0.73 0.73 0.78 0.81 0.82 0.88 0.89
 0.9  0.9  0.91 0.91 0.91 0.91 0.93 0.99 1.   1.01 1.04 1.11 1.12 1.12
 1.18 1.19 1.21 1.22 1.26 1.26 1.26 1.39 1.41 1.43 1.48 1.52 1.8  1.81
 1.89 2.16 2.2  2.3 ]
var: 0.2697256666666669
| [0m16       [0m | [0m0.939    [0m | [0m0.02505  [0m | [0m6.898    [0m | [0m2.927    [0m |
[0.04 0.07 0.11 0.2  0.22 0.22 0.27 0.27 0.35 0.39 0.4  0.45 0.47 0.48
 0.54 0.56 0.58 0.6  0.66 0.66 0.7  0.71 0.72 0.74 0.77 0.81 0.84 0.85
 0.86 0.87 0.9  0.91 0.92 0.97 1.   1.02 1.04 1.07 1.09 1.19 1.25 1.27
 1.34 1.34 1.35 1.37 1.55 1.56 1.63 1.7  1.74 1.74 1.85 1.85 1.97 2.15
 2.29 2.59 2.78 2.78]
var: 0.4411743333333335
| [0m17       [0m | [0m1.027    [0m | [0m0.01615  [0m | [0m4.836    [0m | [0m1.611    [0m |
[0.01 0.02 0.05 0.1  0.26 0.26 0.26 0.29 0.29 0.29 0.39 0.45 0.49 0.5
 0.56 0.56 0.61 0.61 0.72 0.75 0.81 0.81 0.88 0.9  0.93 0.93 0.96 0.96
 0.98 1.07 1.07 1.12 1.24 1.24 1.25 1.27 1.3  1.3  1.31 1.32 1.38 1.42
 1.5  1.63 1.64 1.64 1.74 1.86 2.02 2.1  2.2  2.21 2.23 2.25 2.33 2.53
 2.62 3.09 3.53 3.63]
var: 0.7106169722222228
| [0m18       [0m | [0m1.211    [0m | [0m0.01988  [0m | [0m6.654    [0m | [0m1.742    [0m |
[0.02 0.04 0.08 0.11 0.13 0.18 0.18 0.2  0.23 0.28 0.33 0.4  0.42 0.44
 0.48 0.48 0.5  0.55 0.55 0.55 0.58 0.6  0.6  0.64 0.65 0.66 0.67 0.75
 0.8  0.83 0.85 0.88 0.88 0.89 0.91 0.91 0.92 0.93 0.96 1.01 1.01 1.09
 1.11 1.16 1.17 1.21 1.29 1.38 1.41 1.42 1.58 1.67 1.69 1.84 1.89 1.91
 2.42 2.63 2.9  4.25]
var: 0.5735405555555554
| [0m19       [0m | [0m0.9517   [0m | [0m0.1225   [0m | [0m45.36    [0m | [0m0.9552   [0m |
[0.03 0.03 0.03 0.1  0.16 0.17 0.27 0.28 0.29 0.3  0.32 0.33 0.36 0.41
 0.49 0.5  0.52 0.52 0.57 0.62 0.62 0.64 0.65 0.68 0.69 0.7  0.76 0.79
 0.79 0.79 0.81 0.81 0.86 0.89 0.89 0.94 0.97 0.98 1.09 1.11 1.15 1.18
 1.19 1.21 1.21 1.28 1.34 1.35 1.37 1.38 1.41 1.42 1.44 1.49 1.63 1.7
 1.71 1.77 2.   2.49]
var: 0.28124155555555563
| [0m20       [0m | [0m0.8747   [0m | [0m0.04271  [0m | [0m8.44     [0m | [0m2.967    [0m |
[0.   0.   0.05 0.12 0.38 0.43 0.43 0.46 0.47 0.48 0.49 0.49 0.53 0.6
 0.64 0.71 0.72 0.75 0.75 0.79 0.82 0.83 0.83 0.86 0.9  0.93 0.96 0.98
 1.01 1.08 1.1  1.13 1.15 1.2  1.22 1.3  1.32 1.36 1.41 1.42 1.54 1.54
 1.6  1.67 1.69 1.73 1.77 1.81 1.86 1.92 2.01 2.02 2.23 2.23 2.52 2.71
 2.8  3.43 3.92 4.26]
var: 0.787479555555556
| [0m21       [0m | [0m1.273    [0m | [0m0.01113  [0m | [0m24.14    [0m | [0m1.671    [0m |
[0.   0.   0.03 0.06 0.06 0.1  0.13 0.15 0.24 0.25 0.3  0.36 0.39 0.44
 0.45 0.47 0.55 0.59 0.6  0.62 0.63 0.64 0.68 0.68 0.73 0.75 0.75 0.81
 0.82 0.82 0.84 0.89 0.94 0.97 0.97 0.99 1.01 1.02 1.03 1.03 1.08 1.15
 1.23 1.24 1.26 1.35 1.38 1.44 1.45 1.45 1.46 1.55 1.56 1.62 1.81 1.96
 2.15 2.24 2.72 2.92]
var: 0.4145249722222221
| [0m22       [0m | [0m0.9302   [0m | [0m0.182    [0m | [0m14.49    [0m | [0m2.184    [0m |
[0.06 0.06 0.1  0.11 0.12 0.14 0.15 0.18 0.2  0.3  0.31 0.37 0.38 0.44
 0.44 0.45 0.51 0.55 0.57 0.65 0.65 0.69 0.71 0.73 0.74 0.8  0.83 0.84
 0.86 0.87 0.87 0.91 0.92 0.93 0.94 0.95 1.01 1.09 1.18 1.19 1.23 1.23
 1.26 1.27 1.3  1.3  1.31 1.36 1.37 1.39 1.45 1.54 1.82 2.16 2.33 2.57
 2.64 3.06 3.39 3.61]
var: 0.6358449722222222
| [0m23       [0m | [0m1.023    [0m | [0m0.1246   [0m | [0m19.85    [0m | [0m1.387    [0m |
[0.03 0.06 0.09 0.09 0.1  0.11 0.11 0.13 0.16 0.27 0.4  0.42 0.43 0.49
 0.52 0.72 0.72 0.75 0.79 0.8  0.81 0.82 0.91 0.92 0.94 1.02 1.04 1.05
 1.07 1.13 1.14 1.15 1.19 1.22 1.24 1.27 1.34 1.36 1.39 1.39 1.43 1.5
 1.58 1.62 1.67 1.75 1.84 1.94 2.09 2.16 2.29 2.41 2.5  2.58 2.66 2.67
 2.88 2.89 2.98 3.31]
var: 0.7295623333333335
| [0m24       [0m | [0m1.239    [0m | [0m0.01146  [0m | [0m26.82    [0m | [0m1.757    [0m |
[0.14 0.22 0.34 0.39 0.41 0.5  0.52 0.52 0.56 0.58 0.61 0.62 0.67 0.67
 0.69 0.69 0.7  0.72 0.76 0.78 0.78 0.8  0.83 0.87 0.88 0.89 0.95 0.97
 0.97 1.03 1.06 1.11 1.15 1.15 1.15 1.2  1.25 1.27 1.37 1.38 1.4  1.4
 1.51 1.58 1.59 1.61 1.66 1.66 1.75 1.77 1.79 2.07 2.11 2.24 2.53 2.59
 3.01 3.19 3.43 4.33]
var: 0.6705836388888886
| [0m25       [0m | [0m1.256    [0m | [0m0.145    [0m | [0m5.547    [0m | [0m0.3305   [0m |
[0.   0.02 0.03 0.04 0.05 0.09 0.09 0.1  0.12 0.13 0.14 0.19 0.2  0.22
 0.24 0.3  0.33 0.37 0.39 0.41 0.44 0.44 0.46 0.52 0.55 0.61 0.62 0.63
 0.65 0.65 0.65 0.65 0.71 0.74 0.74 0.78 0.79 0.8  0.86 0.92 0.93 0.96
 1.05 1.2  1.22 1.23 1.24 1.29 1.32 1.33 1.49 1.5  1.72 1.72 1.76 1.82
 1.91 2.07 2.83 3.69]
var: 0.5076109722222216
| [0m26       [0m | [0m0.8158   [0m | [0m0.06654  [0m | [0m24.46    [0m | [0m1.943    [0m |
[0.04 0.09 0.11 0.11 0.17 0.19 0.19 0.21 0.27 0.28 0.33 0.33 0.37 0.4
 0.45 0.45 0.53 0.55 0.56 0.56 0.64 0.65 0.66 0.71 0.71 0.74 0.79 0.87
 0.87 0.88 0.88 0.91 0.94 0.94 0.99 1.01 1.01 1.11 1.14 1.15 1.16 1.22
 1.23 1.23 1.26 1.29 1.31 1.34 1.35 1.43 1.49 1.63 1.7  1.86 1.96 1.99
 2.04 2.2  3.03 3.23]
var: 0.4501645555555562
| [0m27       [0m | [0m0.9623   [0m | [0m0.07815  [0m | [0m7.139    [0m | [0m2.112    [0m |
[0.06 0.1  0.14 0.19 0.21 0.21 0.26 0.28 0.28 0.32 0.33 0.37 0.39 0.44
 0.46 0.47 0.47 0.51 0.52 0.55 0.55 0.61 0.65 0.66 0.69 0.7  0.7  0.73
 0.74 0.74 0.75 0.77 0.8  0.81 0.82 0.82 0.82 0.84 0.84 0.85 0.87 0.9
 0.94 1.09 1.12 1.13 1.14 1.16 1.2  1.24 1.3  1.32 1.32 1.32 1.46 1.52
 1.58 1.81 1.86 1.96]
var: 0.20169163888888914
| [0m28       [0m | [0m0.7948   [0m | [0m0.2841   [0m | [0m4.973    [0m | [0m2.684    [0m |
[0.03 0.03 0.05 0.11 0.15 0.17 0.19 0.2  0.21 0.23 0.31 0.31 0.32 0.35
 0.38 0.38 0.49 0.5  0.54 0.57 0.59 0.61 0.62 0.63 0.71 0.77 0.77 0.77
 0.78 0.81 0.82 0.88 0.88 0.93 0.98 0.98 0.98 1.01 1.07 1.1  1.12 1.16
 1.18 1.22 1.33 1.36 1.36 1.42 1.42 1.45 1.48 1.59 1.62 1.74 1.9  1.94
 2.04 2.06 2.08 2.58]
var: 0.3598612222222216
| [0m29       [0m | [0m0.9043   [0m | [0m0.0005871[0m | [0m29.4     [0m | [0m2.611    [0m |
[0.01 0.04 0.08 0.08 0.13 0.14 0.23 0.29 0.3  0.32 0.34 0.37 0.4  0.4
 0.42 0.43 0.44 0.46 0.48 0.51 0.52 0.57 0.57 0.58 0.6  0.6  0.62 0.62
 0.64 0.67 0.69 0.74 0.75 0.75 0.76 0.76 0.77 0.78 0.8  0.92 0.94 0.95
 0.96 0.96 0.97 0.97 0.97 0.98 1.   1.06 1.25 1.3  1.33 1.43 1.49 1.75
 1.82 1.85 1.88 1.97]
var: 0.22454497222222247
| [0m30       [0m | [0m0.7568   [0m | [0m0.2194   [0m | [0m30.58    [0m | [0m1.047    [0m |
[0.02 0.13 0.2  0.22 0.23 0.28 0.31 0.37 0.39 0.4  0.43 0.44 0.45 0.49
 0.53 0.58 0.58 0.59 0.59 0.65 0.69 0.7  0.74 0.78 0.81 0.83 0.83 0.86
 0.88 0.89 0.9  0.96 0.99 1.02 1.05 1.06 1.08 1.11 1.14 1.17 1.18 1.2
 1.2  1.22 1.22 1.29 1.3  1.35 1.39 1.47 1.48 1.56 1.67 1.74 1.83 1.83
 1.91 2.05 2.47 2.55]
var: 0.31141155555555583
| [0m31       [0m | [0m0.9713   [0m | [0m0.1549   [0m | [0m49.9     [0m | [0m0.4893   [0m |
[0.   0.01 0.02 0.03 0.07 0.09 0.1  0.1  0.11 0.12 0.12 0.14 0.15 0.15
 0.23 0.27 0.27 0.28 0.29 0.3  0.31 0.31 0.33 0.34 0.34 0.36 0.38 0.4
 0.4  0.47 0.47 0.6  0.61 0.61 0.65 0.66 0.66 0.66 0.67 0.7  0.71 0.75
 0.84 0.92 0.92 0.93 0.99 0.99 1.04 1.04 1.17 1.2  1.26 1.31 1.37 1.4
 1.46 1.73 1.74 2.66]
var: 0.27476163888888916
| [0m32       [0m | [0m0.6202   [0m | [0m0.1299   [0m | [0m42.77    [0m | [0m2.312    [0m |
[0.   0.   0.02 0.07 0.07 0.09 0.1  0.14 0.2  0.21 0.25 0.26 0.28 0.3
 0.32 0.36 0.41 0.45 0.46 0.49 0.49 0.5  0.59 0.61 0.61 0.63 0.63 0.65
 0.68 0.68 0.75 0.81 0.81 0.83 0.83 0.84 0.96 1.   1.06 1.07 1.09 1.17
 1.2  1.21 1.24 1.27 1.32 1.34 1.35 1.42 1.44 1.45 1.54 1.57 1.57 1.63
 1.75 1.85 2.24 2.7 ]
var: 0.34730566666666685
| [0m33       [0m | [0m0.831    [0m | [0m0.07328  [0m | [0m32.37    [0m | [0m1.652    [0m |
[0.   0.   0.04 0.06 0.1  0.1  0.11 0.11 0.14 0.16 0.19 0.23 0.25 0.27
 0.28 0.3  0.39 0.4  0.42 0.44 0.48 0.48 0.49 0.52 0.54 0.59 0.6  0.66
 0.68 0.69 0.72 0.77 0.78 0.8  0.81 0.86 0.88 0.88 0.92 0.94 0.94 0.95
 0.96 0.97 0.98 1.01 1.01 1.07 1.1  1.15 1.2  1.29 1.33 1.35 1.36 1.53
 1.67 1.68 1.77 1.91]
var: 0.23151830555555555
| [0m34       [0m | [0m0.7218   [0m | [0m0.07409  [0m | [0m14.52    [0m | [0m2.85     [0m |
[0.03 0.05 0.08 0.08 0.09 0.13 0.14 0.19 0.21 0.22 0.23 0.31 0.32 0.32
 0.42 0.45 0.46 0.46 0.49 0.51 0.53 0.54 0.56 0.64 0.66 0.69 0.73 0.75
 0.77 0.81 0.81 0.97 1.   1.03 1.07 1.1  1.11 1.16 1.16 1.2  1.22 1.27
 1.28 1.29 1.39 1.46 1.51 1.77 1.79 1.84 1.85 2.11 2.31 2.45 2.46 2.59
 2.68 2.69 3.22 3.27]
var: 0.6948869722222223
| [0m35       [0m | [0m1.049    [0m | [0m0.03939  [0m | [0m42.52    [0m | [0m0.8755   [0m |
[0.   0.01 0.01 0.02 0.04 0.06 0.06 0.06 0.07 0.08 0.14 0.16 0.19 0.33
 0.35 0.45 0.46 0.49 0.51 0.59 0.67 0.68 0.69 0.7  0.73 0.73 0.74 0.75
 0.76 0.81 0.81 0.82 0.84 0.84 0.88 0.88 0.89 0.89 0.89 0.9  0.96 1.03
 1.03 1.04 1.05 1.12 1.18 1.18 1.19 1.29 1.29 1.3  1.32 1.37 1.47 1.49
 1.51 1.54 2.14 2.27]
var: 0.26701097222222214
| [0m36       [0m | [0m0.7792   [0m | [0m0.2244   [0m | [0m32.93    [0m | [0m2.284    [0m |
[0.02 0.05 0.06 0.07 0.11 0.17 0.23 0.25 0.26 0.33 0.36 0.38 0.42 0.43
 0.44 0.48 0.49 0.51 0.59 0.62 0.63 0.65 0.68 0.68 0.73 0.77 0.77 0.82
 0.82 0.83 0.86 0.95 0.95 1.05 1.17 1.2  1.22 1.26 1.27 1.35 1.36 1.43
 1.55 1.57 1.64 1.66 1.76 1.8  1.85 1.95 1.96 2.11 2.12 2.23 2.27 2.34
 2.34 2.54 2.68 2.86]
var: 0.5706720833333335
| [0m37       [0m | [0m1.083    [0m | [0m0.1399   [0m | [0m9.985    [0m | [0m0.6325   [0m |
[0.   0.02 0.17 0.24 0.29 0.3  0.32 0.36 0.4  0.5  0.68 0.73 0.76 0.78
 0.81 0.87 0.91 0.94 0.97 0.99 1.06 1.21 1.22 1.26 1.32 1.34 1.35 1.38
 1.44 1.44 1.46 1.58 1.62 1.7  1.72 1.73 1.75 1.78 1.78 1.88 1.91 1.93
 1.96 1.98 2.09 2.14 2.26 2.27 2.32 2.33 2.36 2.37 2.38 2.4  2.66 2.7
 3.36 3.91 4.42 4.46]
var: 0.9563614166666669
| [0m38       [0m | [0m1.555    [0m | [0m0.03504  [0m | [0m31.53    [0m | [0m0.6267   [0m |
[0.03 0.11 0.11 0.12 0.12 0.15 0.38 0.38 0.39 0.39 0.49 0.57 0.58 0.59
 0.63 0.68 0.7  0.71 0.72 0.72 0.74 0.74 0.76 0.76 0.77 0.79 0.8  0.83
 0.86 0.86 0.88 0.89 0.93 1.02 1.04 1.07 1.11 1.11 1.14 1.15 1.16 1.18
 1.18 1.2  1.23 1.24 1.33 1.34 1.34 1.34 1.47 1.52 1.61 1.66 1.88 1.94
 2.27 2.33 2.54 2.89]
var: 0.3533936388888892
| [0m39       [0m | [0m0.9912   [0m | [0m0.1185   [0m | [0m13.71    [0m | [0m1.609    [0m |
[0.   0.01 0.03 0.04 0.07 0.08 0.08 0.15 0.16 0.19 0.2  0.2  0.2  0.3
 0.31 0.35 0.36 0.37 0.37 0.42 0.44 0.47 0.47 0.48 0.49 0.52 0.53 0.57
 0.62 0.62 0.64 0.65 0.68 0.73 0.74 0.77 0.77 0.81 0.83 0.83 0.84 0.85
 0.85 0.88 0.88 0.9  0.95 0.97 1.02 1.07 1.08 1.13 1.16 1.17 1.28 1.36
 1.36 2.   2.24 3.89]
var: 0.37727697222222234
| [0m40       [0m | [0m0.7072   [0m | [0m0.1295   [0m | [0m46.27    [0m | [0m2.582    [0m |
[0.1  0.47 0.51 0.55 0.6  0.67 0.68 0.72 0.77 0.98 1.   1.05 1.06 1.12
 1.17 1.19 1.21 1.27 1.31 1.32 1.34 1.39 1.4  1.41 1.42 1.45 1.52 1.53
 1.55 1.6  1.61 1.72 1.74 1.75 1.77 1.77 1.85 1.91 1.93 1.93 1.94 1.96
 2.02 2.04 2.07 2.11 2.19 2.45 2.5  2.51 2.58 2.69 2.7  2.96 3.35 3.44
 3.53 3.62 4.02 5.71]
var: 0.9530136388888885
| [95m41       [0m | [95m1.779    [0m | [95m0.0846   [0m | [95m30.2     [0m | [95m0.2763   [0m |
[0.03 0.08 0.1  0.21 0.22 0.22 0.27 0.32 0.33 0.33 0.34 0.34 0.36 0.37
 0.37 0.38 0.39 0.4  0.41 0.43 0.44 0.48 0.54 0.6  0.66 0.67 0.67 0.67
 0.7  0.73 0.73 0.75 0.78 0.87 0.91 1.01 1.02 1.04 1.05 1.17 1.17 1.18
 1.19 1.19 1.21 1.25 1.25 1.27 1.3  1.44 1.45 1.5  1.65 1.78 1.81 1.87
 1.9  2.15 2.23 3.74]
var: 0.4348482222222223
| [0m42       [0m | [0m0.8987   [0m | [0m0.1875   [0m | [0m12.19    [0m | [0m0.7902   [0m |
[0.06 0.11 0.11 0.13 0.14 0.15 0.19 0.26 0.29 0.3  0.33 0.37 0.4  0.43
 0.44 0.49 0.5  0.5  0.52 0.53 0.56 0.57 0.58 0.58 0.58 0.59 0.59 0.59
 0.61 0.61 0.62 0.63 0.64 0.65 0.65 0.65 0.66 0.66 0.66 0.68 0.7  0.71
 0.71 0.74 0.76 0.81 0.84 0.86 0.89 0.9  0.9  0.9  1.06 1.11 1.11 1.22
 1.24 1.31 1.41 1.44]
var: 0.101393638888889
| [0m43       [0m | [0m0.6372   [0m | [0m0.2983   [0m | [0m3.45     [0m | [0m2.825    [0m |
[0.   0.1  0.11 0.13 0.15 0.15 0.21 0.24 0.28 0.29 0.29 0.31 0.31 0.33
 0.38 0.38 0.39 0.41 0.43 0.43 0.43 0.44 0.46 0.47 0.48 0.53 0.54 0.54
 0.55 0.58 0.58 0.61 0.62 0.62 0.62 0.65 0.66 0.68 0.69 0.69 0.72 0.72
 0.72 0.73 0.74 0.76 0.76 0.79 0.8  0.82 0.87 0.88 0.95 0.99 0.99 1.15
 1.28 1.32 1.34 1.45]
var: 0.10103788888888902
| [0m44       [0m | [0m0.5923   [0m | [0m0.0786   [0m | [0m1.471    [0m | [0m1.92     [0m |
[0.   0.02 0.06 0.11 0.12 0.15 0.17 0.18 0.18 0.2  0.23 0.23 0.33 0.34
 0.34 0.36 0.4  0.41 0.46 0.49 0.55 0.56 0.56 0.57 0.58 0.59 0.63 0.64
 0.65 0.66 0.69 0.69 0.76 0.79 0.8  0.97 1.03 1.07 1.12 1.16 1.19 1.2
 1.23 1.23 1.26 1.32 1.34 1.36 1.38 1.63 1.79 1.94 1.97 2.12 2.2  2.39
 2.55 2.57 2.79 4.41]
var: 0.6968793333333333
| [0m45       [0m | [0m0.962    [0m | [0m0.05974  [0m | [0m41.11    [0m | [0m0.6866   [0m |
[0.   0.01 0.02 0.06 0.07 0.08 0.17 0.18 0.28 0.3  0.36 0.41 0.42 0.44
 0.52 0.55 0.63 0.64 0.64 0.66 0.74 0.74 0.75 0.77 0.77 0.77 0.8  0.83
 0.83 0.85 0.86 0.87 0.89 0.9  0.95 0.98 0.98 0.99 1.01 1.02 1.04 1.05
 1.06 1.11 1.21 1.23 1.25 1.25 1.26 1.28 1.4  1.4  1.43 1.48 1.75 1.91
 3.07 3.16 3.49 3.91]
var: 0.6148415555555561
| [0m46       [0m | [0m0.9747   [0m | [0m0.1067   [0m | [0m16.06    [0m | [0m2.022    [0m |
[0.4  0.5  0.52 0.54 0.56 0.56 0.57 0.63 0.64 0.65 0.66 0.69 0.69 0.69
 0.7  0.7  0.71 0.73 0.86 0.87 0.96 0.96 1.02 1.14 1.14 1.15 1.18 1.21
 1.22 1.24 1.24 1.26 1.27 1.28 1.4  1.4  1.54 1.54 1.59 1.6  1.64 1.65
 1.68 1.71 1.72 1.72 1.85 1.9  1.94 2.12 2.32 2.35 2.45 2.62 2.63 3.24
 3.24 3.44 3.53 3.63]
var: 0.6795527499999999
| [0m47       [0m | [0m1.427    [0m | [0m0.2249   [0m | [0m44.93    [0m | [0m0.1811   [0m |
[0.   0.02 0.04 0.06 0.06 0.07 0.08 0.13 0.15 0.16 0.22 0.24 0.24 0.25
 0.28 0.28 0.31 0.32 0.36 0.36 0.37 0.4  0.4  0.41 0.43 0.44 0.45 0.46
 0.46 0.47 0.47 0.49 0.49 0.5  0.5  0.5  0.51 0.52 0.55 0.57 0.57 0.58
 0.59 0.59 0.61 0.62 0.62 0.63 0.63 0.65 0.69 0.7  0.74 0.76 0.77 0.79
 0.88 0.92 0.96 1.18]
var: 0.062313888888888856
| [0m48       [0m | [0m0.4583   [0m | [0m0.17     [0m | [0m0.7468   [0m | [0m1.71     [0m |
[0.   0.   0.   0.02 0.02 0.04 0.05 0.11 0.13 0.17 0.2  0.25 0.28 0.37
 0.37 0.42 0.45 0.49 0.54 0.55 0.58 0.6  0.61 0.65 0.69 0.71 0.71 0.76
 0.79 0.83 0.9  0.95 1.02 1.03 1.18 1.18 1.19 1.25 1.33 1.41 1.42 1.44
 1.5  1.58 1.67 1.79 1.86 1.94 1.94 1.99 2.04 2.05 2.07 2.17 2.18 2.51
 2.85 3.09 3.15 3.84]
var: 0.8008994166666666
| [0m49       [0m | [0m1.099    [0m | [0m0.0003466[0m | [0m45.92    [0m | [0m2.094    [0m |
[0.14 0.44 0.62 0.63 0.65 0.67 1.   1.06 1.09 1.1  1.17 1.23 1.24 1.4
 1.4  1.41 1.41 1.51 1.54 1.63 1.65 1.65 1.67 1.7  1.82 1.88 1.9  2.08
 2.11 2.13 2.19 2.23 2.23 2.3  2.33 2.4  2.41 2.45 2.5  2.51 2.58 2.65
 2.71 2.75 2.77 2.79 2.79 2.8  2.96 2.99 3.22 3.53 3.53 3.7  3.88 4.09
 4.16 4.54 5.8  6.86]
var: 1.5229043333333339
| [95m50       [0m | [95m2.243    [0m | [95m0.02875  [0m | [95m30.3     [0m | [95m0.06825  [0m |
[0.49 0.57 0.77 0.77 0.77 0.78 0.8  0.84 0.91 1.07 1.07 1.21 1.21 1.24
 1.33 1.37 1.41 1.45 1.46 1.51 1.52 1.61 1.62 1.64 1.65 1.66 1.67 1.75
 1.79 1.79 1.79 1.8  1.84 1.87 1.88 1.95 1.95 1.99 2.05 2.07 2.14 2.26
 2.26 2.26 2.28 2.3  2.43 2.5  2.51 2.54 2.61 2.7  2.77 2.98 3.5  3.53
 3.56 3.69 3.72 3.88]
var: 0.6774023333333327
| [0m51       [0m | [0m1.889    [0m | [0m0.1377   [0m | [0m30.51    [0m | [0m0.1287   [0m |
[0.   0.   0.   0.03 0.04 0.05 0.06 0.1  0.1  0.1  0.12 0.18 0.19 0.19
 0.19 0.21 0.24 0.32 0.32 0.36 0.39 0.4  0.42 0.47 0.48 0.53 0.55 0.55
 0.56 0.57 0.57 0.58 0.65 0.67 0.69 0.71 0.72 0.74 0.76 0.77 0.78 0.79
 0.8  0.8  0.84 0.86 0.87 0.92 0.94 0.95 0.95 1.02 1.08 1.15 1.33 1.43
 1.44 1.45 1.83 2.61]
var: 0.24059322222222207
| [0m52       [0m | [0m0.6237   [0m | [0m0.2797   [0m | [0m45.77    [0m | [0m1.643    [0m |
[0.   0.06 0.07 0.17 0.23 0.24 0.31 0.31 0.32 0.36 0.39 0.41 0.43 0.44
 0.45 0.48 0.48 0.54 0.57 0.61 0.62 0.62 0.62 0.63 0.63 0.65 0.71 0.71
 0.72 0.74 0.75 0.76 0.77 0.77 0.82 0.84 0.97 1.01 1.06 1.07 1.09 1.1
 1.11 1.15 1.17 1.2  1.24 1.29 1.5  1.5  1.7  1.71 1.73 1.73 1.83 1.85
 2.39 2.5  2.61 2.62]
var: 0.3982362222222219
| [0m53       [0m | [0m0.9227   [0m | [0m0.1246   [0m | [0m28.13    [0m | [0m0.9384   [0m |
[0.01 0.01 0.02 0.03 0.03 0.03 0.03 0.04 0.06 0.06 0.08 0.1  0.12 0.13
 0.15 0.15 0.19 0.19 0.2  0.21 0.22 0.26 0.26 0.27 0.27 0.28 0.32 0.35
 0.37 0.4  0.41 0.44 0.44 0.45 0.5  0.52 0.53 0.64 0.65 0.66 0.67 0.71
 0.73 0.74 0.82 0.85 0.86 0.89 0.9  0.91 0.94 0.96 0.97 1.03 1.08 1.11
 1.31 1.43 1.71 2.26]
var: 0.21065733333333328
| [0m54       [0m | [0m0.516    [0m | [0m0.2149   [0m | [0m47.42    [0m | [0m2.505    [0m |
[0.   0.05 0.06 0.07 0.11 0.12 0.15 0.16 0.18 0.21 0.23 0.28 0.3  0.46
 0.61 0.64 0.66 0.69 0.7  0.73 0.78 0.8  0.84 0.88 0.9  0.92 0.92 0.98
 1.01 1.02 1.06 1.1  1.14 1.16 1.17 1.29 1.32 1.4  1.4  1.43 1.46 1.47
 1.47 1.52 1.54 1.58 1.67 1.7  1.72 1.76 1.77 1.78 1.81 1.89 1.92 2.17
 2.29 2.37 2.44 2.5 ]
var: 0.45601622222222155
| [0m55       [0m | [0m1.079    [0m | [0m0.007811 [0m | [0m14.87    [0m | [0m2.133    [0m |
[0.61 0.68 0.72 0.75 0.79 0.79 0.79 0.85 0.86 0.89 0.94 0.99 1.05 1.15
 1.21 1.25 1.27 1.3  1.33 1.33 1.34 1.34 1.35 1.39 1.43 1.46 1.48 1.49
 1.52 1.53 1.57 1.62 1.62 1.64 1.64 1.69 1.73 1.74 1.75 1.76 1.78 1.83
 1.87 1.91 2.   2.   2.02 2.08 2.2  2.37 2.38 2.46 2.65 2.7  2.72 2.88
 3.06 3.28 3.29 3.8 ]
var: 0.5024148888888894
| [0m56       [0m | [0m1.665    [0m | [0m0.0875   [0m | [0m30.2     [0m | [0m0.2837   [0m |
[0.33 0.58 0.63 0.64 0.65 0.7  0.9  1.01 1.14 1.25 1.28 1.33 1.51 1.57
 1.63 1.65 1.76 1.8  1.89 1.92 1.95 1.96 1.99 2.03 2.14 2.21 2.24 2.32
 2.33 2.4  2.42 2.45 2.5  2.56 2.62 2.64 2.67 2.7  2.71 2.73 2.75 2.76
 2.76 2.81 2.86 3.08 3.1  3.19 3.36 3.47 3.7  3.8  4.04 4.05 4.08 4.18
 4.22 4.49 4.92 6.35]
var: 1.3927394166666676
| [95m57       [0m | [95m2.429    [0m | [95m0.01992  [0m | [95m30.41    [0m | [95m0.1076   [0m |
[0.27 0.49 0.64 0.67 0.76 0.77 0.78 0.78 0.8  0.86 0.88 0.92 1.15 1.16
 1.22 1.23 1.23 1.26 1.28 1.29 1.31 1.35 1.37 1.48 1.5  1.5  1.5  1.54
 1.55 1.58 1.6  1.61 1.66 1.67 1.67 1.69 1.8  1.81 1.88 1.9  1.97 2.02
 2.02 2.12 2.36 2.43 2.45 2.48 2.5  2.52 3.06 3.08 3.41 3.43 3.45 3.75
 3.84 3.99 4.07 4.76]
var: 0.9835548888888888
| [0m58       [0m | [0m1.835    [0m | [0m0.05061  [0m | [0m30.33    [0m | [0m0.1776   [0m |
[0.   0.03 0.05 0.05 0.07 0.1  0.11 0.12 0.16 0.21 0.22 0.25 0.26 0.31
 0.33 0.36 0.42 0.44 0.45 0.53 0.56 0.56 0.57 0.59 0.62 0.67 0.68 0.68
 0.69 0.73 0.74 0.74 0.76 0.78 0.81 0.85 0.87 0.89 0.9  0.95 0.95 0.99
 0.99 1.04 1.06 1.09 1.12 1.13 1.2  1.25 1.26 1.3  1.31 1.33 1.5  1.51
 1.51 1.63 1.91 3.15]
var: 0.3045378888888888
| [0m59       [0m | [0m0.7723   [0m | [0m0.2985   [0m | [0m36.59    [0m | [0m2.396    [0m |
[0.48 0.6  0.61 0.61 0.73 0.78 0.92 1.19 1.3  1.38 1.52 1.57 1.58 1.67
 1.72 1.75 1.77 1.78 1.84 1.91 1.92 1.93 1.97 2.01 2.02 2.03 2.07 2.15
 2.17 2.22 2.22 2.33 2.34 2.35 2.35 2.38 2.42 2.47 2.47 2.49 2.5  2.58
 2.61 2.66 2.71 2.74 2.77 2.84 2.85 3.05 3.06 3.25 3.38 3.83 3.99 4.17
 4.21 4.47 4.8  4.91]
var: 1.0162166666666672
| [0m60       [0m | [0m2.29     [0m | [0m0.06317  [0m | [0m30.4     [0m | [0m0.04956  [0m |
[0.24 0.31 0.52 0.64 0.66 0.7  0.76 0.78 1.11 1.15 1.18 1.31 1.45 1.45
 1.49 1.52 1.53 1.61 1.65 1.68 1.7  1.71 1.77 1.85 1.85 1.94 1.99 2.07
 2.1  2.2  2.24 2.25 2.26 2.27 2.27 2.3  2.32 2.33 2.4  2.4  2.41 2.44
 2.55 2.59 2.67 2.68 2.73 2.8  2.86 3.07 3.08 3.19 3.28 3.5  3.72 3.83
 3.94 4.09 4.52 5.23]
var: 1.057151222222222
| [0m61       [0m | [0m2.152    [0m | [0m0.005694 [0m | [0m30.44    [0m | [0m0.04705  [0m |
[0.13 0.17 0.95 0.97 1.13 1.17 1.18 1.28 1.32 1.33 1.39 1.39 1.46 1.47
 1.47 1.48 1.49 1.53 1.53 1.54 1.55 1.59 1.61 1.61 1.66 1.72 1.74 1.76
 1.78 1.78 1.82 1.84 1.84 1.85 1.89 1.9  1.98 2.01 2.06 2.06 2.09 2.17
 2.22 2.24 2.37 2.37 2.39 2.43 2.46 2.47 2.5  2.79 2.81 2.83 2.94 2.94
 3.09 3.45 3.71 4.06]
var: 0.528976222222222
| [0m62       [0m | [0m1.913    [0m | [0m0.1574   [0m | [0m30.24    [0m | [0m0.03973  [0m |
[0.47 0.63 0.65 0.7  0.72 0.73 0.78 0.8  0.84 0.89 1.   1.04 1.17 1.23
 1.27 1.38 1.39 1.4  1.43 1.43 1.47 1.48 1.54 1.57 1.59 1.64 1.75 1.81
 1.81 1.82 1.83 1.89 1.89 1.92 1.94 1.96 1.98 2.04 2.09 2.16 2.22 2.23
 2.24 2.32 2.41 2.51 2.56 2.57 2.59 2.79 2.85 2.98 3.07 3.1  3.12 3.31
 3.37 3.41 3.42 4.15]
var: 0.7096443055555551
| [0m63       [0m | [0m1.889    [0m | [0m0.04624  [0m | [0m30.17    [0m | [0m0.1555   [0m |
[0.   0.   0.   0.   0.   0.   0.   0.   0.   0.   0.   0.   0.   0.01
 0.01 0.01 0.02 0.02 0.02 0.03 0.03 0.03 0.05 0.05 0.05 0.08 0.1  0.11
 0.12 0.13 0.15 0.16 0.18 0.23 0.27 0.29 0.32 0.36 0.38 0.41 0.43 0.48
 0.49 0.59 0.6  0.64 0.67 0.72 1.2  1.23 1.24 1.38 1.61 1.66 1.93 2.34
 2.56 2.9  4.07 4.08]
var: 0.8832706666666665
| [0m64       [0m | [0m0.574    [0m | [0m1e-08    [0m | [0m30.48    [0m | [0m0.1512   [0m |
[0.   0.   0.   0.02 0.04 0.13 0.16 0.28 0.28 0.28 0.31 0.32 0.41 0.43
 0.44 0.46 0.56 0.59 0.59 0.61 0.61 0.63 0.64 0.66 0.72 0.77 0.77 0.83
 0.9  0.91 0.93 0.97 1.07 1.07 1.08 1.1  1.11 1.13 1.16 1.2  1.2  1.25
 1.25 1.29 1.31 1.35 1.35 1.46 1.5  1.52 1.57 1.62 1.67 1.73 1.73 1.73
 1.85 1.85 1.96 1.97]
var: 0.3118903055555557
| [0m65       [0m | [0m0.9222   [0m | [0m0.0207   [0m | [0m45.47    [0m | [0m1.621    [0m |
[0.55 0.57 0.66 0.74 0.86 0.95 0.99 1.   1.01 1.13 1.19 1.19 1.26 1.28
 1.31 1.33 1.34 1.36 1.37 1.41 1.41 1.41 1.42 1.55 1.55 1.76 1.99 2.02
 2.09 2.09 2.11 2.11 2.12 2.21 2.22 2.26 2.34 2.34 2.4  2.42 2.45 2.48
 2.53 2.59 2.66 2.66 2.87 2.92 2.95 3.01 3.14 3.23 3.36 3.39 3.44 3.56
 3.6  3.94 4.87 7.28]
var: 1.3121054166666657
| [0m66       [0m | [0m2.138    [0m | [0m0.06197  [0m | [0m30.22    [0m | [0m0.08439  [0m |
[0.75 0.82 0.83 0.91 0.92 1.03 1.06 1.08 1.16 1.18 1.21 1.23 1.29 1.33
 1.33 1.34 1.34 1.35 1.38 1.38 1.38 1.39 1.42 1.46 1.47 1.52 1.62 1.74
 1.75 1.82 1.84 1.84 1.84 1.85 1.89 1.96 1.98 2.04 2.08 2.11 2.12 2.29
 2.47 2.49 2.5  2.51 2.51 2.54 2.55 2.62 2.63 2.66 3.01 3.28 3.34 3.37
 3.37 3.45 4.34 5.05]
var: 0.7637665555555558
| [0m67       [0m | [0m1.95     [0m | [0m0.08644  [0m | [0m30.4     [0m | [0m0.1012   [0m |
[0.02 0.05 0.05 0.06 0.07 0.15 0.17 0.22 0.23 0.26 0.28 0.3  0.37 0.39
 0.4  0.44 0.48 0.51 0.55 0.59 0.62 0.63 0.67 0.68 0.8  0.81 0.81 0.82
 0.82 0.88 0.88 0.89 0.9  0.91 0.96 0.97 1.01 1.04 1.04 1.06 1.07 1.09
 1.11 1.12 1.12 1.12 1.17 1.2  1.24 1.27 1.32 1.34 1.45 1.62 1.63 1.64
 1.74 1.75 1.98 2.66]
var: 0.2870903055555557
| [0m68       [0m | [0m0.8572   [0m | [0m0.07412  [0m | [0m27.62    [0m | [0m2.411    [0m |
[0.47 0.54 0.54 0.58 0.59 0.6  0.6  0.66 0.66 0.67 0.74 0.76 0.76 0.77
 0.77 0.79 0.83 0.86 1.   1.16 1.17 1.18 1.21 1.21 1.21 1.27 1.27 1.29
 1.3  1.34 1.36 1.39 1.4  1.41 1.43 1.43 1.49 1.6  1.61 1.63 1.66 1.68
 1.69 1.7  1.74 1.75 1.79 1.83 1.92 1.96 2.09 2.39 2.41 2.41 2.46 2.46
 2.55 2.59 2.73 4.59]
var: 0.5349387500000009
| [0m69       [0m | [0m1.433    [0m | [0m0.1909   [0m | [0m30.4     [0m | [0m0.1708   [0m |
[0.62 0.67 0.75 0.77 0.86 0.93 0.94 0.96 0.97 1.12 1.22 1.24 1.26 1.32
 1.33 1.4  1.42 1.43 1.43 1.43 1.45 1.46 1.47 1.55 1.61 1.63 1.67 1.67
 1.69 1.69 1.74 1.76 1.78 1.81 1.84 1.87 1.88 1.92 1.94 1.95 2.02 2.03
 2.05 2.11 2.12 2.13 2.15 2.19 2.35 2.43 2.52 2.55 2.56 2.8  2.83 3.08
 3.89 4.09 4.5  4.53]
var: 0.7125498888888895
| [0m70       [0m | [0m1.856    [0m | [0m0.09314  [0m | [0m30.28    [0m | [0m0.1044   [0m |
[0.   0.01 0.02 0.03 0.03 0.08 0.09 0.12 0.16 0.17 0.18 0.19 0.19 0.2
 0.21 0.22 0.22 0.23 0.23 0.23 0.24 0.24 0.24 0.24 0.24 0.24 0.24 0.25
 0.26 0.26 0.26 0.26 0.26 0.27 0.27 0.27 0.27 0.27 0.27 0.28 0.29 0.29
 0.3  0.3  0.31 0.32 0.33 0.33 0.33 0.36 0.36 0.39 0.42 0.45 0.49 0.49
 0.5  0.52 0.9  1.09]
var: 0.0309660833333334
| [0m71       [0m | [0m0.2785   [0m | [0m0.1462   [0m | [0m30.3     [0m | [0m0.007937 [0m |
[0.   0.01 0.06 0.07 0.09 0.25 0.27 0.3  0.37 0.4  0.47 0.5  0.53 0.56
 0.57 0.6  0.6  0.63 0.65 0.65 0.66 0.66 0.67 0.67 0.68 0.7  0.76 0.77
 0.78 0.84 0.88 0.88 0.88 0.95 0.98 1.   1.   1.03 1.07 1.07 1.09 1.12
 1.13 1.24 1.27 1.28 1.29 1.35 1.44 1.44 1.47 1.58 1.61 1.63 1.72 1.81
 1.84 1.86 2.73 3.41]
var: 0.38390766666666687
| [0m72       [0m | [0m0.947    [0m | [0m0.1964   [0m | [0m21.34    [0m | [0m1.459    [0m |
[0.08 0.17 0.24 0.24 0.27 0.28 0.29 0.3  0.31 0.32 0.33 0.34 0.34 0.38
 0.41 0.42 0.42 0.42 0.43 0.44 0.45 0.47 0.48 0.48 0.48 0.49 0.5  0.51
 0.53 0.54 0.56 0.57 0.57 0.57 0.57 0.57 0.58 0.58 0.59 0.6  0.61 0.61
 0.63 0.65 0.66 0.67 0.67 0.69 0.69 0.71 0.76 0.77 0.79 0.79 0.8  0.85
 0.94 1.04 1.08 1.17]
var: 0.046741666666666466
| [0m73       [0m | [0m0.545    [0m | [0m0.003829 [0m | [0m30.28    [0m | [0m0.01687  [0m |
[0.   0.02 0.22 0.25 0.32 0.32 0.33 0.36 0.47 0.48 0.49 0.49 0.5  0.52
 0.53 0.54 0.56 0.59 0.63 0.63 0.69 0.7  0.7  0.7  0.74 0.8  0.8  0.81
 0.87 0.88 0.91 0.95 0.97 0.98 0.99 1.02 1.03 1.04 1.06 1.06 1.07 1.08
 1.1  1.11 1.12 1.21 1.22 1.26 1.28 1.36 1.36 1.37 1.38 1.45 1.46 1.6
 1.74 1.77 2.02 3.67]
var: 0.3120465555555557
| [0m74       [0m | [0m0.9263   [0m | [0m0.2221   [0m | [0m19.65    [0m | [0m2.952    [0m |
[0.2  0.37 0.67 0.71 0.81 0.85 0.86 0.89 0.98 1.2  1.21 1.27 1.29 1.33
 1.35 1.44 1.49 1.54 1.54 1.58 1.62 1.64 1.84 1.87 1.93 1.94 1.97 2.01
 2.08 2.21 2.23 2.26 2.28 2.3  2.3  2.44 2.45 2.49 2.51 2.51 2.61 2.68
 2.76 2.78 2.78 2.81 2.9  3.01 3.04 3.3  3.39 3.39 3.47 3.52 3.55 3.6
 4.06 4.16 4.72 6.05]
var: 1.2159828888888897
| [0m75       [0m | [0m2.217    [0m | [0m0.02938  [0m | [0m30.44    [0m | [0m0.09275  [0m |
[0.33 0.35 0.91 0.97 1.08 1.42 1.43 1.52 1.69 1.77 1.9  1.97 2.13 2.21
 2.46 2.47 2.48 2.52 2.53 2.62 2.62 2.64 2.66 2.69 2.79 2.79 2.83 2.91
 2.98 3.   3.   3.02 3.3  3.31 3.36 3.53 3.56 3.57 3.62 3.72 3.74 3.88
 3.89 4.02 4.12 4.3  4.35 4.52 4.65 4.7  4.71 4.89 5.14 5.2  5.64 5.8
 5.87 6.24 6.34 6.53]
var: 2.1603783055555565
| [95m76       [0m | [95m3.253    [0m | [95m0.002    [0m | [95m30.18    [0m | [95m0.2148   [0m |
[0.62 0.71 0.74 0.77 0.8  0.8  0.83 0.84 0.89 0.93 0.96 1.02 1.04 1.06
 1.07 1.08 1.23 1.24 1.28 1.3  1.34 1.39 1.5  1.51 1.51 1.51 1.53 1.59
 1.71 1.73 1.74 1.75 1.77 1.86 1.95 1.96 2.   2.06 2.08 2.1  2.15 2.16
 2.17 2.19 2.19 2.26 2.27 2.35 2.41 2.43 2.56 2.56 2.57 2.7  3.23 3.32
 3.36 3.78 3.84 4.26]
var: 0.6953528888888887
| [0m77       [0m | [0m1.809    [0m | [0m0.04271  [0m | [0m30.27    [0m | [0m0.2754   [0m |
[1.13 1.13 1.33 1.34 1.38 1.4  1.54 1.59 1.81 1.83 1.89 1.93 1.93 1.97
 1.98 2.   2.13 2.16 2.16 2.18 2.21 2.25 2.28 2.38 2.41 2.46 2.51 2.52
 2.71 2.78 2.84 2.99 3.02 3.03 3.07 3.1  3.14 3.2  3.22 3.27 3.4  3.43
 3.48 3.49 3.6  3.62 3.66 3.7  3.83 4.15 4.17 4.18 4.21 4.23 4.46 4.81
 4.93 5.05 5.71 5.71]
var: 1.255139888888889
| [0m78       [0m | [0m2.9      [0m | [0m0.0034   [0m | [0m30.18    [0m | [0m0.1412   [0m |
[0.5  0.63 0.72 0.72 0.77 0.81 0.84 0.85 0.87 0.87 0.97 1.06 1.13 1.14
 1.16 1.18 1.2  1.23 1.25 1.25 1.28 1.29 1.29 1.34 1.37 1.38 1.53 1.55
 1.56 1.59 1.62 1.62 1.63 1.67 1.68 1.73 1.73 1.78 1.86 1.93 1.94 1.94
 1.94 1.95 2.13 2.19 2.25 2.29 2.31 2.31 2.46 2.59 2.62 2.63 2.64 2.65
 2.97 3.03 3.6  3.76]
var: 0.5199432222222219
| [0m79       [0m | [0m1.68     [0m | [0m0.09185  [0m | [0m30.29    [0m | [0m0.1693   [0m |
[0.7  0.78 0.82 0.87 0.9  0.91 0.98 0.99 1.03 1.07 1.21 1.22 1.29 1.33
 1.37 1.39 1.39 1.43 1.44 1.5  1.58 1.62 1.62 1.65 1.67 1.7  1.71 1.72
 1.73 1.86 1.91 1.92 1.94 1.95 1.97 1.98 2.   2.04 2.15 2.2  2.28 2.28
 2.29 2.32 2.36 2.38 2.44 2.5  2.5  2.52 2.54 2.59 2.61 2.81 2.85 2.98
 3.13 3.66 3.87 3.89]
var: 0.5492412222222226
| [0m80       [0m | [0m1.906    [0m | [0m0.01818  [0m | [0m30.35    [0m | [0m0.03651  [0m |
=============================================================
None
num_trials:  40  inits,  40  iters,  60  per
rho:  0.1
pthin:  0.98

Best VPT: 3.2531666666666674
Best result: {'a': 0.002000010174694902, 'g': 30.18088223238896, 's': 0.2147787400790475}

KERNEL: nu=1.5, lengthscale=2.0, alpha=0.0005
