|   iter    |  target   |     a     |     g     |     s     |
-------------------------------------------------------------
[0.1  0.11 0.25 0.28 0.36 0.38 0.39 0.41 0.54 0.57 0.58 0.59 0.62 0.67
 0.76 0.78 0.78 0.79 0.79 0.81 0.86 0.91 0.99 1.01 1.05 1.07 1.07 1.08
 1.14 1.18 1.2  1.24 1.28 1.3  1.31 1.34 1.35 1.35 1.55 1.56 1.6  1.65
 1.66 1.85 1.85 1.91 1.97 1.98 2.05 2.17 2.19 2.2  2.2  2.48 2.57 3.
 3.05 4.31 4.51 7.27]
var: 1.3746869722222235
| [0m1        [0m | [0m1.448    [0m | [0m0.2555   [0m | [0m17.16    [0m | [0m2.226    [0m |
[0.   0.   0.05 0.05 0.07 0.13 0.14 0.16 0.16 0.18 0.21 0.21 0.3  0.36
 0.36 0.42 0.44 0.45 0.46 0.49 0.52 0.52 0.58 0.58 0.68 0.69 0.71 0.75
 0.8  0.81 0.93 1.   1.03 1.08 1.1  1.13 1.15 1.24 1.3  1.31 1.34 1.4
 1.41 1.42 1.49 1.5  1.54 1.56 1.59 1.64 2.05 2.09 2.26 2.38 2.44 2.63
 2.9  2.98 3.11 3.7 ]
var: 0.7641065555555556
| [0m2        [0m | [0m1.066    [0m | [0m0.02308  [0m | [0m49.69    [0m | [0m1.826    [0m |
[0.01 0.03 0.04 0.05 0.08 0.09 0.1  0.11 0.12 0.14 0.2  0.27 0.28 0.32
 0.34 0.34 0.39 0.41 0.42 0.44 0.46 0.49 0.56 0.57 0.62 0.62 0.62 0.67
 0.72 0.73 0.76 0.79 0.82 0.83 0.83 0.88 0.89 0.95 0.96 1.   1.04 1.04
 1.06 1.12 1.16 1.26 1.28 1.35 1.42 1.46 1.47 1.51 1.56 1.63 1.83 1.96
 2.2  2.87 3.09 4.32]
var: 0.6320443333333332
| [0m3        [0m | [0m0.893    [0m | [0m0.0454   [0m | [0m41.06    [0m | [0m1.664    [0m |
[0.08 0.17 0.28 0.43 0.44 0.44 0.48 0.49 0.49 0.66 0.89 0.93 1.03 1.08
 1.12 1.14 1.22 1.32 1.35 1.36 1.42 1.43 1.46 1.47 1.48 1.49 1.54 1.56
 1.56 1.6  1.63 1.75 1.75 1.78 1.81 1.81 1.82 1.86 1.92 1.93 2.01 2.14
 2.17 2.24 2.25 2.28 2.42 2.55 2.56 2.68 2.69 2.83 2.98 3.02 3.37 3.42
 3.63 3.83 4.36 4.54]
var: 1.001094
| [95m4        [0m | [95m1.774    [0m | [95m0.2849   [0m | [95m10.22    [0m | [95m2.196    [0m |
[0.1  0.25 0.33 0.35 0.55 0.72 0.72 0.78 0.82 0.84 0.87 0.9  1.06 1.12
 1.14 1.24 1.26 1.34 1.35 1.49 1.55 1.6  1.73 1.79 1.81 1.85 1.9  1.91
 2.04 2.05 2.05 2.13 2.2  2.25 2.41 2.47 2.57 2.59 2.68 2.72 2.75 2.79
 2.95 2.95 2.97 3.1  3.16 3.23 3.33 3.36 3.41 3.48 3.51 3.57 3.61 3.8
 3.86 4.46 5.01 6.62]
var: 1.595804305555555
| [95m5        [0m | [95m2.191    [0m | [95m0.05008  [0m | [95m10.81    [0m | [95m1.722    [0m |
[0.05 0.16 0.24 0.28 0.32 0.34 0.34 0.36 0.46 0.49 0.54 0.55 0.64 0.68
 0.72 0.74 0.81 0.84 0.86 0.9  0.95 0.95 0.98 1.08 1.1  1.11 1.2  1.21
 1.32 1.33 1.39 1.4  1.57 1.59 1.73 1.74 1.78 1.88 1.94 1.98 2.04 2.06
 2.16 2.17 2.22 2.29 2.3  2.4  2.47 2.5  2.52 2.56 2.57 2.57 2.72 2.77
 3.13 3.38 3.78 3.83]
var: 0.888909416666666
| [0m6        [0m | [0m1.517    [0m | [0m0.2761   [0m | [0m2.384    [0m | [0m1.156    [0m |
[0.09 0.1  0.15 0.16 0.17 0.18 0.2  0.21 0.23 0.27 0.34 0.37 0.49 0.52
 0.52 0.54 0.55 0.65 0.72 0.77 0.8  0.86 0.9  0.91 0.98 1.06 1.12 1.12
 1.27 1.27 1.37 1.42 1.43 1.45 1.48 1.5  1.54 1.55 1.71 1.71 1.95 2.04
 2.16 2.2  2.23 2.47 2.49 2.55 2.55 2.62 2.69 2.75 2.8  2.81 2.84 2.94
 3.26 3.5  3.75 3.77]
var: 1.069220972222222
| [0m7        [0m | [0m1.451    [0m | [0m0.2399   [0m | [0m32.46    [0m | [0m0.3819   [0m |
[0.05 0.07 0.09 0.1  0.14 0.2  0.22 0.28 0.29 0.29 0.35 0.37 0.4  0.4
 0.46 0.68 0.74 0.76 0.84 0.85 0.9  0.91 0.91 0.94 0.97 0.97 0.97 1.
 1.03 1.06 1.07 1.08 1.21 1.21 1.22 1.22 1.25 1.25 1.26 1.28 1.28 1.33
 1.34 1.36 1.43 1.46 1.58 1.58 1.69 1.81 2.01 2.06 2.19 2.19 2.26 2.49
 2.55 2.74 3.56 3.87]
var: 0.6579869722222219
| [0m8        [0m | [0m1.168    [0m | [0m0.0583   [0m | [0m1.263    [0m | [0m2.252    [0m |
[0.   0.03 0.04 0.05 0.18 0.27 0.3  0.34 0.36 0.37 0.4  0.5  0.55 0.59
 0.59 0.7  0.76 0.82 0.84 0.84 0.9  0.99 1.09 1.11 1.15 1.22 1.23 1.35
 1.36 1.37 1.42 1.44 1.5  1.5  1.52 1.69 1.79 1.89 1.97 2.01 2.07 2.08
 2.09 2.2  2.21 2.23 2.28 2.36 2.38 2.39 2.39 2.72 2.79 2.79 2.84 2.88
 3.05 3.07 3.45 4.28]
var: 0.962401
| [0m9        [0m | [0m1.493    [0m | [0m0.2841   [0m | [0m16.1     [0m | [0m2.353    [0m |
[0.   0.03 0.04 0.04 0.04 0.05 0.06 0.06 0.07 0.07 0.08 0.15 0.15 0.2
 0.22 0.27 0.29 0.3  0.31 0.32 0.42 0.43 0.57 0.62 0.63 0.66 0.67 0.73
 0.75 0.86 0.87 0.88 0.89 0.91 0.93 1.   1.07 1.16 1.22 1.36 1.38 1.41
 1.43 1.54 1.56 1.65 1.76 1.83 1.87 1.96 1.98 2.01 2.05 2.15 2.18 2.35
 2.45 2.53 2.77 5.31]
var: 0.9180876388888893
| [0m10       [0m | [0m1.026    [0m | [0m0.2566   [0m | [0m31.36    [0m | [0m1.729    [0m |
[0.21 0.22 0.29 0.4  0.41 0.44 0.46 0.57 0.63 0.63 0.64 0.64 0.86 0.97
 0.99 0.99 1.01 1.04 1.09 1.3  1.31 1.35 1.49 1.58 1.59 1.62 1.76 1.77
 1.78 1.83 1.84 1.91 1.92 1.95 1.97 2.03 2.06 2.13 2.19 2.38 2.38 2.38
 2.44 2.44 2.52 2.59 2.61 2.68 2.9  3.03 3.19 3.33 3.36 3.55 3.64 3.77
 4.09 4.21 4.68 4.85]
var: 1.329508305555556
| [0m11       [0m | [0m1.915    [0m | [0m0.1364   [0m | [0m5.426    [0m | [0m2.162    [0m |
[0.18 0.18 0.18 0.26 0.28 0.3  0.33 0.4  0.45 0.47 0.54 0.56 0.59 0.63
 0.71 0.71 0.72 0.78 0.8  0.81 0.81 0.94 0.96 1.05 1.12 1.16 1.16 1.21
 1.31 1.31 1.33 1.33 1.54 1.57 1.6  1.67 1.67 1.71 1.77 1.9  1.95 1.97
 2.04 2.05 2.05 2.13 2.14 2.6  2.65 2.68 2.8  2.8  3.09 3.51 3.52 3.55
 3.57 4.29 4.42 4.43]
var: 1.2732795555555563
| [0m12       [0m | [0m1.587    [0m | [0m0.06585  [0m | [0m21.63    [0m | [0m2.174    [0m |
[0.04 0.04 0.04 0.14 0.17 0.23 0.27 0.34 0.38 0.4  0.45 0.48 0.48 0.52
 0.61 0.65 0.67 0.7  0.71 0.73 0.73 0.78 0.79 0.79 0.82 0.92 0.95 1.03
 1.09 1.1  1.16 1.18 1.37 1.43 1.43 1.47 1.48 1.48 1.49 1.51 1.56 1.61
 1.66 1.73 1.74 1.76 1.87 1.88 2.03 2.06 2.11 2.14 2.33 2.81 2.85 3.04
 3.37 3.71 3.73 4.57]
var: 0.9770883055555551
| [0m13       [0m | [0m1.327    [0m | [0m0.2642   [0m | [0m26.43    [0m | [0m2.238    [0m |
[0.02 0.03 0.24 0.45 0.58 0.59 0.59 0.68 0.7  0.78 0.8  0.91 0.95 0.95
 1.19 1.25 1.39 1.5  1.54 1.57 1.62 1.65 1.67 1.73 1.74 1.86 1.86 1.88
 1.88 1.97 1.98 1.99 2.04 2.06 2.08 2.09 2.11 2.11 2.15 2.15 2.18 2.18
 2.19 2.2  2.36 2.61 2.87 3.09 3.12 3.14 3.14 3.15 3.15 3.47 3.48 3.68
 3.85 4.11 4.35 4.5 ]
var: 1.130160972222221
| [0m14       [0m | [0m1.969    [0m | [0m0.1858   [0m | [0m9.175    [0m | [0m2.012    [0m |
[0.02 0.05 0.06 0.14 0.2  0.25 0.29 0.32 0.37 0.39 0.55 0.56 0.64 0.75
 0.76 0.8  0.81 0.83 0.85 0.87 0.92 0.93 0.96 1.03 1.06 1.06 1.12 1.16
 1.2  1.24 1.25 1.28 1.33 1.38 1.39 1.39 1.47 1.54 1.61 1.62 1.63 1.7
 1.71 1.76 1.79 1.88 1.99 2.02 2.04 2.06 2.08 2.14 2.26 2.54 2.58 2.65
 2.85 3.02 3.22 3.23]
var: 0.659645555555555
| [0m15       [0m | [0m1.327    [0m | [0m0.1305   [0m | [0m14.16    [0m | [0m2.912    [0m |
[0.39 0.63 0.74 0.75 0.78 0.87 0.9  0.94 0.96 0.96 0.98 1.   1.06 1.12
 1.14 1.21 1.26 1.35 1.53 1.56 1.58 1.64 1.74 1.75 1.77 1.79 1.8  1.81
 1.88 1.88 1.89 1.91 1.95 1.97 1.98 2.04 2.07 2.07 2.14 2.14 2.18 2.18
 2.23 2.28 2.31 2.34 2.44 2.45 2.67 2.86 2.88 2.88 2.91 3.01 3.08 3.16
 3.99 4.42 5.34 6.54]
var: 1.192091555555556
| [0m16       [0m | [0m2.001    [0m | [0m0.1262   [0m | [0m2.191    [0m | [0m0.08551  [0m |
[0.12 0.3  0.32 0.32 0.34 0.34 0.35 0.38 0.39 0.4  0.48 0.51 0.56 0.56
 0.59 0.6  0.61 0.62 0.65 0.69 0.72 0.81 0.83 0.86 1.01 1.15 1.15 1.19
 1.19 1.2  1.2  1.24 1.26 1.33 1.37 1.48 1.48 1.58 1.68 1.85 1.98 2.15
 2.17 2.19 2.2  2.29 2.31 2.33 2.35 2.52 2.54 2.87 2.9  2.96 3.28 3.46
 4.15 5.2  5.36 6.35]
var: 1.731256972222222
| [0m17       [0m | [0m1.588    [0m | [0m0.03174  [0m | [0m48.67    [0m | [0m0.3496   [0m |
[0.06 0.09 0.11 0.19 0.35 0.42 0.46 0.51 0.64 0.77 0.81 0.81 0.83 0.9
 0.92 1.02 1.06 1.06 1.09 1.09 1.12 1.12 1.2  1.21 1.24 1.24 1.27 1.37
 1.41 1.45 1.48 1.5  1.56 1.56 1.62 1.63 1.65 1.73 1.79 1.81 1.9  1.98
 2.11 2.19 2.27 2.51 2.51 2.55 2.7  2.78 2.8  2.8  2.82 2.85 3.12 3.21
 3.74 4.11 4.25 4.48]
var: 1.0794236388888891
| [0m18       [0m | [0m1.664    [0m | [0m0.2905   [0m | [0m14.77    [0m | [0m0.6807   [0m |
[ 0.38  0.6   0.78  0.89  0.91  1.03  1.11  1.12  1.19  1.25  1.38  1.63
  1.68  1.82  1.84  1.91  1.92  1.93  2.    2.04  2.05  2.06  2.07  2.09
  2.15  2.22  2.25  2.3   2.37  2.47  2.6   2.73  2.74  2.81  2.97  2.98
  3.11  3.15  3.2   3.24  3.32  3.45  3.47  3.52  3.67  3.89  4.11  4.12
  4.19  4.23  4.57  4.7   5.04  5.14  5.29  5.69 10.28]
var: 2.6142594644505994
| [95m19       [0m | [95m2.766    [0m | [95m0.2927   [0m | [95m46.41    [0m | [95m0.2293   [0m |
[0.17 1.15 1.26 1.4  1.51 1.68 1.78 1.78 1.93 2.1  2.12 2.18 2.36 2.53
 2.53 2.54 2.58 2.6  2.61 2.66 2.74 3.01 3.09 3.16 3.21 3.22 3.26 3.36
 3.39 3.45 3.52 3.52 3.58 3.65 3.65 3.67 3.71 3.72 3.91 3.94 4.01 4.05
 4.19 4.29 4.37 4.68 4.84 4.87 5.06 5.2  5.21 5.24 5.62 5.7  6.95 7.08
 7.2  7.56 7.9  8.13]
var: 2.973934333333334
| [95m20       [0m | [95m3.673    [0m | [95m0.07823  [0m | [95m34.39    [0m | [95m0.1674   [0m |
[0.02 0.04 0.1  0.11 0.12 0.14 0.15 0.23 0.28 0.29 0.32 0.32 0.34 0.41
 0.5  0.51 0.57 0.6  0.62 0.67 0.68 0.76 0.79 0.82 0.84 0.89 0.9  0.92
 1.01 1.01 1.11 1.11 1.12 1.12 1.12 1.13 1.18 1.19 1.26 1.26 1.29 1.31
 1.32 1.32 1.38 1.39 1.39 1.4  1.49 1.49 1.63 1.64 1.78 1.8  2.01 2.11
 2.18 2.71 3.21 3.38]
var: 0.5204627500000002
| [0m21       [0m | [0m1.047    [0m | [0m0.2266   [0m | [0m25.06    [0m | [0m2.892    [0m |
[0.1  0.15 0.2  0.22 0.24 0.38 0.4  0.75 0.76 0.87 0.94 1.01 1.03 1.05
 1.06 1.09 1.13 1.17 1.4  1.42 1.43 1.48 1.5  1.52 1.57 1.61 1.65 1.78
 1.84 1.85 1.88 1.88 1.92 1.97 1.97 1.98 2.   2.1  2.13 2.15 2.34 2.37
 2.55 2.67 2.72 2.73 2.79 2.86 2.93 2.97 2.97 3.02 3.12 3.15 3.3  3.45
 3.58 3.59 3.97 4.2 ]
var: 1.0348423333333332
| [0m22       [0m | [0m1.881    [0m | [0m0.1772   [0m | [0m17.7     [0m | [0m1.605    [0m |
[0.1  0.1  0.14 0.17 0.24 0.26 0.28 0.32 0.34 0.43 0.44 0.47 0.5  0.54
 0.57 0.72 0.87 0.96 1.15 1.18 1.19 1.26 1.28 1.39 1.41 1.42 1.43 1.61
 1.61 1.71 1.71 1.73 1.74 1.78 1.81 1.9  1.92 1.93 1.95 1.96 1.98 2.03
 2.03 2.03 2.23 2.52 2.62 2.74 2.83 2.89 2.91 2.95 3.11 3.42 3.42 3.46
 3.48 3.54 3.93 4.31]
var: 1.1835887500000009
| [0m23       [0m | [0m1.683    [0m | [0m0.214    [0m | [0m5.284    [0m | [0m0.9933   [0m |
[0.43 0.66 0.81 0.89 0.92 1.13 1.3  1.35 1.4  1.52 1.53 1.56 1.58 1.66
 1.7  1.77 1.84 1.93 2.   2.01 2.13 2.16 2.21 2.21 2.35 2.35 2.38 2.4
 2.41 2.52 2.56 2.57 2.59 2.76 2.76 2.85 2.88 2.94 2.94 2.94 3.06 3.1
 3.1  3.11 3.22 3.27 3.6  3.68 3.8  3.97 4.05 4.28 4.3  4.5  4.54 4.74
 4.83 4.88 5.16 5.54]
var: 1.442471416666666
| [0m24       [0m | [0m2.661    [0m | [0m0.2667   [0m | [0m14.13    [0m | [0m0.08364  [0m |
[0.42 0.62 0.68 0.87 0.89 1.01 1.05 1.17 1.3  1.65 1.81 1.85 1.94 2.04
 2.07 2.07 2.1  2.18 2.19 2.22 2.35 2.38 2.42 2.42 2.43 2.45 2.54 2.6
 2.67 2.71 2.78 2.8  2.86 2.87 2.93 3.07 3.08 3.19 3.24 3.43 3.43 3.48
 3.48 3.84 3.84 3.89 4.06 4.19 4.22 4.22 4.25 4.88 4.95 5.19 5.89 7.62]
var: 1.8638855867346937
| [0m25       [0m | [0m2.8      [0m | [0m0.2463   [0m | [0m18.63    [0m | [0m0.262    [0m |
[0.03 0.03 0.1  0.12 0.13 0.17 0.25 0.35 0.37 0.39 0.42 0.43 0.47 0.5
 0.51 0.55 0.55 0.72 0.74 0.75 0.75 0.84 0.86 0.91 0.94 0.94 0.95 1.02
 1.03 1.04 1.08 1.12 1.17 1.24 1.24 1.29 1.33 1.52 1.55 1.61 1.67 1.85
 1.92 1.98 1.99 2.05 2.14 2.16 2.2  2.2  2.24 2.26 2.83 2.84 2.84 2.87
 3.07 3.08 3.16 3.68]
var: 0.8648095555555558
| [0m26       [0m | [0m1.317    [0m | [0m0.1616   [0m | [0m35.12    [0m | [0m0.8075   [0m |
[0.41 0.74 0.8  0.83 0.89 0.91 0.93 1.16 1.16 1.27 1.29 1.3  1.33 1.35
 1.43 1.47 1.47 1.47 1.47 1.47 1.56 1.63 1.7  1.71 1.71 1.77 1.87 2.03
 2.07 2.12 2.17 2.18 2.39 2.4  2.42 2.46 2.49 2.5  2.52 2.76 2.79 2.92
 2.99 3.01 3.11 3.13 3.18 3.22 3.47 3.77 3.97 4.04 5.14 5.62 6.84]
var: 1.534722446280991
| [0m27       [0m | [0m2.233    [0m | [0m0.0397   [0m | [0m40.72    [0m | [0m0.04009  [0m |
[0.01 0.03 0.03 0.04 0.04 0.06 0.06 0.06 0.07 0.1  0.1  0.14 0.18 0.19
 0.19 0.21 0.21 0.24 0.26 0.28 0.29 0.32 0.37 0.41 0.46 0.46 0.49 0.5
 0.52 0.58 0.64 0.66 0.67 0.68 0.69 0.71 0.74 0.75 0.77 0.8  0.82 0.91
 0.93 0.93 0.94 0.99 1.01 1.03 1.07 1.14 1.19 1.2  1.21 1.23 1.38 1.66
 1.7  1.72 1.74 2.09]
var: 0.26141055555555603
| [0m28       [0m | [0m0.6483   [0m | [0m0.2769   [0m | [0m48.35    [0m | [0m2.862    [0m |
[0.02 0.1  0.13 0.17 0.18 0.35 0.35 0.44 0.46 0.61 0.65 0.69 0.75 0.78
 0.8  0.81 0.91 0.93 0.96 1.   1.08 1.08 1.1  1.18 1.23 1.24 1.28 1.29
 1.38 1.39 1.39 1.4  1.53 1.59 1.6  1.66 1.67 1.69 1.69 1.76 1.81 1.83
 1.9  1.95 1.99 2.02 2.17 2.25 2.58 2.62 2.93 2.97 3.   3.11 3.17 3.24
 3.37 3.54 3.77 3.99]
var: 0.985160305555555
| [0m29       [0m | [0m1.559    [0m | [0m0.1688   [0m | [0m21.42    [0m | [0m2.099    [0m |
[0.01 0.02 0.05 0.06 0.07 0.12 0.12 0.14 0.18 0.2  0.2  0.25 0.27 0.31
 0.33 0.37 0.41 0.42 0.47 0.47 0.52 0.52 0.54 0.56 0.59 0.6  0.64 0.65
 0.67 0.67 0.7  0.87 0.91 0.91 0.96 0.96 1.   1.02 1.02 1.11 1.18 1.33
 1.41 1.44 1.45 1.52 1.53 1.54 1.56 1.65 1.86 1.87 2.06 2.09 2.39 2.44
 2.68 3.46 3.47 3.63]
var: 0.7714320833333329
| [0m30       [0m | [0m1.008    [0m | [0m0.2427   [0m | [0m39.8     [0m | [0m1.976    [0m |
[0.   0.   0.   0.05 0.07 0.08 0.12 0.15 0.16 0.19 0.19 0.21 0.21 0.25
 0.26 0.3  0.36 0.37 0.37 0.38 0.38 0.41 0.41 0.42 0.46 0.48 0.49 0.5
 0.5  0.51 0.54 0.54 0.58 0.6  0.62 0.67 0.69 0.74 0.77 0.77 0.78 0.84
 0.85 0.88 0.93 0.95 0.97 1.01 1.03 1.03 1.07 1.08 1.24 1.34 1.64 1.65
 1.66 2.14 2.22 2.6 ]
var: 0.30909608333333355
| [0m31       [0m | [0m0.6785   [0m | [0m0.213    [0m | [0m0.3204   [0m | [0m2.283    [0m |
[0.   0.06 0.07 0.13 0.14 0.17 0.17 0.21 0.23 0.23 0.35 0.38 0.42 0.49
 0.56 0.56 0.58 0.62 0.65 0.66 0.67 0.68 0.68 0.78 0.79 0.8  0.86 0.91
 0.91 0.93 1.09 1.15 1.2  1.29 1.35 1.36 1.46 1.47 1.48 1.49 1.52 1.53
 1.53 1.54 1.63 1.63 1.73 1.86 1.88 2.01 2.06 2.15 2.22 2.25 2.25 2.56
 2.58 2.66 2.67 3.96]
var: 0.6851343055555553
| [0m32       [0m | [0m1.171    [0m | [0m0.02542  [0m | [0m30.92    [0m | [0m1.641    [0m |
[0.11 0.2  0.22 0.28 0.35 0.41 0.57 0.6  0.64 0.65 0.67 0.67 0.68 0.71
 0.76 0.76 0.82 0.85 0.87 0.99 1.   1.06 1.16 1.22 1.26 1.3  1.52 1.53
 1.55 1.62 1.64 1.76 1.82 1.86 1.87 1.94 2.01 2.16 2.16 2.17 2.24 2.26
 2.34 2.38 2.45 2.59 2.61 2.61 3.03 3.11 3.13 3.18 3.26 3.27 3.29 3.39
 3.41 3.67 4.36 4.68]
var: 1.2303582222222225
| [0m33       [0m | [0m1.761    [0m | [0m0.1373   [0m | [0m19.91    [0m | [0m1.825    [0m |
[0.13 0.13 0.13 0.18 0.2  0.2  0.2  0.22 0.24 0.25 0.27 0.31 0.33 0.33
 0.43 0.44 0.47 0.59 0.71 0.79 0.79 0.81 0.85 1.13 1.15 1.17 1.19 1.23
 1.24 1.27 1.28 1.3  1.41 1.43 1.44 1.44 1.46 1.72 1.73 1.83 1.86 1.88
 1.94 2.08 2.25 2.29 2.31 2.32 2.43 2.45 2.63 2.69 2.71 2.74 2.88 2.96
 3.06 3.23 3.55 4.08]
var: 1.0201662222222223
| [0m34       [0m | [0m1.413    [0m | [0m0.2129   [0m | [0m17.51    [0m | [0m2.985    [0m |
[0.   0.05 0.15 0.19 0.22 0.24 0.26 0.33 0.34 0.39 0.44 0.49 0.56 0.6
 0.64 0.71 0.81 0.81 0.84 0.91 0.95 1.   1.03 1.11 1.15 1.34 1.39 1.41
 1.43 1.45 1.47 1.55 1.62 1.63 1.67 1.71 1.8  1.81 1.85 1.87 1.87 1.89
 1.91 1.96 1.97 2.09 2.17 2.17 2.21 2.3  2.49 2.65 2.88 2.94 3.04 3.08
 3.16 3.53 3.68 3.99]
var: 0.9574855555555558
| [0m35       [0m | [0m1.503    [0m | [0m0.2183   [0m | [0m23.28    [0m | [0m1.752    [0m |
[0.06 0.06 0.09 0.11 0.13 0.15 0.21 0.21 0.22 0.23 0.26 0.27 0.3  0.34
 0.4  0.41 0.45 0.47 0.55 0.55 0.56 0.57 0.57 0.58 0.59 0.6  0.64 0.64
 0.67 0.7  0.71 0.73 0.79 0.81 0.85 0.89 0.91 0.94 0.95 0.96 0.97 1.03
 1.12 1.14 1.18 1.2  1.2  1.24 1.29 1.29 1.31 1.51 1.61 1.62 1.68 1.8
 1.92 2.25 3.35 5.69]
var: 0.7475069722222212
| [0m36       [0m | [0m0.9088   [0m | [0m0.2055   [0m | [0m35.53    [0m | [0m2.657    [0m |
[0.   0.01 0.02 0.04 0.04 0.04 0.05 0.06 0.06 0.07 0.09 0.09 0.09 0.1
 0.1  0.16 0.19 0.2  0.2  0.22 0.22 0.25 0.26 0.29 0.37 0.37 0.4  0.45
 0.5  0.53 0.57 0.58 0.59 0.59 0.62 0.63 0.67 0.7  0.74 0.75 0.87 0.96
 0.98 1.04 1.09 1.18 1.23 1.26 1.28 1.34 1.49 1.61 1.85 1.85 1.91 1.97
 2.47 3.1  3.18 3.38]
var: 0.6658543055555558
| [0m37       [0m | [0m0.7658   [0m | [0m0.002981 [0m | [0m47.48    [0m | [0m2.436    [0m |
[0.04 0.06 0.07 0.09 0.1  0.1  0.19 0.29 0.32 0.32 0.32 0.34 0.35 0.35
 0.37 0.5  0.53 0.54 0.61 0.66 0.69 0.72 0.77 0.78 0.78 0.81 0.81 0.86
 0.88 0.92 1.01 1.04 1.08 1.11 1.12 1.13 1.14 1.18 1.2  1.27 1.3  1.38
 1.43 1.44 1.45 1.48 1.49 1.64 1.65 1.76 1.78 1.8  1.87 1.88 1.97 2.05
 2.1  2.6  2.71]
var: 0.4264136167767885
| [0m38       [0m | [0m1.004    [0m | [0m0.2408   [0m | [0m25.3     [0m | [0m0.4599   [0m |
[0.   0.   0.02 0.08 0.1  0.12 0.2  0.21 0.26 0.28 0.29 0.31 0.38 0.43
 0.43 0.46 0.64 0.68 0.72 0.91 0.95 1.01 1.01 1.04 1.06 1.12 1.15 1.2
 1.27 1.43 1.43 1.44 1.54 1.6  1.64 1.69 1.69 1.69 1.7  1.71 1.72 1.8
 1.88 1.96 2.13 2.15 2.19 2.28 2.38 2.4  2.55 2.61 2.66 2.66 2.67 2.71
 2.74 2.83 2.88 4.33]
var: 0.9166698888888891
| [0m39       [0m | [0m1.39     [0m | [0m0.02696  [0m | [0m31.75    [0m | [0m2.211    [0m |
[0.02 0.05 0.05 0.11 0.14 0.15 0.17 0.18 0.22 0.23 0.29 0.29 0.29 0.34
 0.36 0.43 0.49 0.53 0.6  0.63 0.63 0.65 0.68 0.72 0.79 0.82 0.82 0.83
 0.83 0.98 0.98 1.02 1.04 1.12 1.16 1.21 1.22 1.27 1.29 1.29 1.31 1.33
 1.34 1.39 1.45 1.47 1.55 1.64 1.76 1.93 1.94 1.97 2.   2.11 2.12 2.14
 2.15 2.51 2.86 3.73]
var: 0.5997298888888883
| [0m40       [0m | [0m1.06     [0m | [0m0.07123  [0m | [0m28.61    [0m | [0m2.537    [0m |
[0.03 0.04 0.05 0.05 0.06 0.1  0.23 0.33 0.34 0.36 0.38 0.42 0.43 0.44
 0.49 0.5  0.52 0.59 0.64 0.65 0.69 0.7  0.74 0.75 0.76 0.77 0.79 0.83
 0.96 0.97 0.99 1.   1.   1.13 1.15 1.16 1.17 1.25 1.32 1.35 1.35 1.35
 1.47 1.48 1.59 1.7  1.79 1.82 2.08 2.1  2.12 2.17 2.32 2.55 2.61 2.68
 2.75 2.76 2.95 3.88]
var: 0.7457776388888886
| [0m41       [0m | [0m1.161    [0m | [0m0.2159   [0m | [0m42.61    [0m | [0m1.872    [0m |
[ 0.22  1.45  1.76  1.85  1.92  1.99  2.    2.    2.01  2.03  2.06  2.12
  2.15  2.16  2.29  2.39  2.44  2.48  2.51  2.51  2.55  2.6   2.64  2.7
  2.78  2.79  2.8   2.83  2.84  2.84  2.96  2.97  3.17  3.19  3.26  3.41
  3.41  3.45  3.46  3.51  3.59  3.88  3.9   4.12  4.12  4.19  4.23  4.43
  4.46  4.79  5.1   5.26  5.49  5.89  5.9   6.04  6.19  6.34  7.97 12.97]
var: 3.560069555555555
| [0m42       [0m | [0m3.489    [0m | [0m0.2078   [0m | [0m18.6     [0m | [0m0.2453   [0m |
[0.2  0.7  0.93 1.33 1.36 1.45 1.47 1.49 1.54 1.72 1.83 1.97 2.1  2.23
 2.31 2.32 2.42 2.47 2.48 2.57 2.64 2.68 2.76 2.78 2.79 2.93 2.94 3.04
 3.07 3.08 3.15 3.19 3.24 3.24 3.27 3.34 3.38 3.43 3.67 3.67 4.03 4.4
 4.4  4.59 4.67 4.79 4.79 4.9  4.91 4.95 4.98 4.98 5.   5.25 5.82 5.83
 6.03 6.46 6.98 7.31]
var: 2.4912143055555567
| [0m43       [0m | [0m3.371    [0m | [0m0.1976   [0m | [0m18.6     [0m | [0m0.2181   [0m |
[0.91 1.07 1.4  1.43 1.45 1.91 1.96 2.01 2.01 2.02 2.06 2.42 2.43 2.46
 2.51 2.51 2.76 2.8  2.81 2.88 2.88 2.89 2.93 2.94 3.   3.   3.05 3.06
 3.15 3.18 3.21 3.23 3.26 3.35 3.4  3.51 3.59 3.68 3.79 3.92 3.99 4.05
 4.09 4.23 4.25 4.36 4.37 4.46 4.71 4.71 4.89 4.9  4.98 5.14 5.37 5.51
 5.82 6.35]
var: 1.4630242865636143
| [0m44       [0m | [0m3.328    [0m | [0m0.1933   [0m | [0m18.51    [0m | [0m0.2185   [0m |
[0.46 0.55 0.68 0.83 0.97 0.97 1.09 1.2  1.21 1.22 1.31 1.45 1.46 1.58
 1.59 1.75 1.78 1.79 1.83 1.87 1.91 1.92 1.96 1.97 2.01 2.05 2.06 2.15
 2.17 2.2  2.46 2.48 2.71 2.74 2.82 2.86 2.93 2.95 2.99 3.03 3.05 3.05
 3.07 3.23 3.23 3.29 3.32 3.33 3.46 3.49 3.55 3.61 3.69 3.69 4.04 4.25
 4.45 5.07]
var: 1.088392063020214
| [0m45       [0m | [0m2.394    [0m | [0m0.07791  [0m | [0m34.38    [0m | [0m0.07894  [0m |
[0.61 0.92 1.13 1.2  1.32 1.38 1.58 1.64 1.84 1.85 1.9  1.91 1.98 2.01
 2.01 2.02 2.08 2.21 2.33 2.48 2.59 2.6  2.78 2.82 2.86 2.88 2.91 2.95
 2.99 3.1  3.15 3.27 3.27 3.43 3.49 3.58 3.61 3.63 3.66 3.78 3.79 3.8
 3.89 3.93 4.   4.05 4.06 4.1  4.15 4.18 4.19 4.69 4.86 5.09 5.41 5.45
 5.48 5.91 6.22 8.86]
var: 2.1769823333333336
| [0m46       [0m | [0m3.231    [0m | [0m0.1117   [0m | [0m34.3     [0m | [0m0.2295   [0m |
[0.04 0.07 0.17 0.27 0.34 0.4  0.53 0.57 0.62 0.63 0.69 0.77 0.78 0.78
 1.   1.2  1.25 1.28 1.35 1.44 1.48 1.62 1.62 1.64 1.77 1.78 1.88 1.89
 1.92 1.96 2.25 2.4  2.43 2.44 2.44 2.52 2.55 2.57 2.65 2.66 2.71 2.74
 2.78 2.8  2.8  2.91 2.93 2.93 2.98 3.06 3.14 3.46 3.73 3.85 3.89 4.72
 4.87 5.78 6.27]
var: 1.84026595805803
| [0m47       [0m | [0m2.119    [0m | [0m0.09589  [0m | [0m34.44    [0m | [0m0.3168   [0m |
[0.   0.01 0.08 0.09 0.09 0.12 0.14 0.16 0.2  0.26 0.26 0.29 0.29 0.44
 0.48 0.5  0.5  0.51 0.64 0.64 0.68 0.77 0.81 0.83 0.85 0.86 0.89 0.89
 0.9  0.94 1.01 1.04 1.04 1.06 1.06 1.07 1.07 1.07 1.1  1.18 1.18 1.2
 1.29 1.34 1.34 1.36 1.51 1.53 1.54 1.6  1.63 1.84 1.89 2.04 2.06 2.2
 2.71 3.07 4.44 4.88]
var: 0.8707469722222225
| [0m48       [0m | [0m1.091    [0m | [0m0.05005  [0m | [0m24.55    [0m | [0m2.973    [0m |
[0.91 1.27 1.31 1.66 1.95 1.99 2.03 2.06 2.07 2.11 2.26 2.42 2.44 2.49
 2.52 2.55 2.59 2.68 2.69 2.73 2.78 2.82 2.87 2.89 2.92 3.03 3.07 3.09
 3.16 3.21 3.22 3.23 3.26 3.26 3.32 3.35 3.4  3.42 3.5  3.72 3.83 3.84
 3.91 3.94 3.95 4.03 4.11 4.34 4.38 4.4  4.47 4.49 4.56 4.59 4.63 6.63
 6.91]
var: 1.2544249923053248
| [0m49       [0m | [0m3.215    [0m | [0m0.1503   [0m | [0m34.38    [0m | [0m0.1857   [0m |
[0.4  0.88 0.93 0.95 0.99 1.09 1.23 1.32 1.34 1.43 1.44 1.55 1.58 1.62
 1.62 1.64 1.67 1.82 1.82 1.88 1.93 2.05 2.1  2.12 2.34 2.42 2.52 2.53
 2.58 2.64 2.77 2.83 2.94 3.08 3.2  3.25 3.42 3.42 3.46 3.61 3.62 3.82
 3.85 3.89 3.9  3.93 4.06 4.12 4.13 4.14 4.22 4.3  4.32 4.35 4.56 4.83
 4.99 5.34 5.56 5.7 ]
var: 1.7711540000000003
| [0m50       [0m | [0m2.834    [0m | [0m0.06637  [0m | [0m18.65    [0m | [0m0.2733   [0m |
[0.08 0.11 0.2  0.21 0.27 0.32 0.35 0.36 0.5  0.67 0.81 0.93 1.02 1.09
 1.17 1.23 1.26 1.29 1.3  1.32 1.4  1.48 1.51 1.54 1.56 1.62 1.66 1.71
 1.73 1.75 1.89 1.89 1.9  2.08 2.1  2.12 2.21 2.22 2.28 2.38 2.42 2.51
 2.6  2.62 2.63 2.68 2.71 2.71 2.76 2.77 2.78 2.9  2.97 3.12 3.57 3.74
 3.93 3.99 4.2  4.65]
var: 1.1824598888888884
| [0m51       [0m | [0m1.896    [0m | [0m0.2416   [0m | [0m11.46    [0m | [0m1.437    [0m |
[0.06 0.11 0.16 0.23 0.39 0.44 0.67 0.88 0.94 1.05 1.14 1.22 1.25 1.32
 1.35 1.51 1.51 1.52 1.56 1.65 1.66 1.71 1.75 1.75 1.78 1.78 1.83 1.91
 2.06 2.11 2.19 2.19 2.26 2.26 2.26 2.34 2.55 2.57 2.57 2.61 2.64 2.76
 2.9  3.09 3.14 3.17 3.34 3.35 3.41 3.42 3.44 3.49 3.71 4.4  4.51 4.58
 4.77 5.84]
var: 1.5424271105826395
| [0m52       [0m | [0m2.191    [0m | [0m0.1092   [0m | [0m18.47    [0m | [0m0.3134   [0m |
[0.05 0.05 0.15 0.18 0.2  0.41 0.44 0.47 0.49 0.53 0.68 0.76 0.8  0.82
 0.92 0.94 1.05 1.24 1.25 1.27 1.32 1.33 1.38 1.39 1.4  1.41 1.49 1.5
 1.5  1.73 1.83 1.99 2.01 2.07 2.35 2.36 2.39 2.46 2.5  2.55 2.59 2.62
 2.63 2.63 2.65 2.73 2.95 2.98 3.03 3.48 3.59 3.63 3.97 4.01 4.08 4.12
 4.43 5.08 5.12 5.15]
var: 1.8210369722222208
| [0m53       [0m | [0m2.019    [0m | [0m0.2115   [0m | [0m13.4     [0m | [0m1.445    [0m |
[0.3  0.67 0.72 1.08 1.3  1.3  1.33 2.01 2.01 2.32 2.41 2.45 2.46 2.47
 2.63 2.66 2.69 2.75 2.89 2.94 2.96 3.05 3.08 3.09 3.14 3.17 3.18 3.25
 3.3  3.34 3.41 3.43 3.43 3.44 3.57 3.67 3.76 3.77 3.98 4.02 4.05 4.07
 4.1  4.26 4.36 4.56 4.57 4.71 4.73 4.74 4.91 5.04 5.29 5.29 5.5  5.68
 5.94 6.53 7.71 8.57]
var: 2.482690666666666
| [0m54       [0m | [0m3.534    [0m | [0m0.06922  [0m | [0m34.26    [0m | [0m0.1671   [0m |
[0.04 0.04 0.07 0.08 0.16 0.16 0.21 0.25 0.29 0.31 0.42 0.43 0.52 0.58
 0.61 0.61 0.62 0.63 0.66 0.66 0.66 0.71 0.72 0.74 0.75 0.81 0.86 0.87
 0.87 0.88 1.01 1.02 1.03 1.05 1.07 1.11 1.12 1.13 1.13 1.19 1.24 1.25
 1.26 1.3  1.36 1.47 1.52 1.66 1.71 1.75 1.87 1.88 1.89 1.89 1.93 2.13
 2.19 2.4  3.97 4.06]
var: 0.6411283055555554
| [0m55       [0m | [0m1.08     [0m | [0m0.2912   [0m | [0m36.16    [0m | [0m1.773    [0m |
[0.06 0.67 0.75 0.82 1.92 3.04 3.49 3.5  3.63 3.82 3.86 3.89 3.95 3.97
 4.07 4.1  4.14 4.33 4.35 4.53 4.55 4.64 4.73 4.93 5.01 5.02 5.15 5.23
 5.29 5.3  5.31 5.33 5.48 5.49 5.55 5.58 5.67 5.81 5.87 5.9  5.93 6.07
 6.2  6.26 6.48 6.51 6.55 6.74 6.82 6.86 6.88 6.98 7.15 8.07 8.11 8.32
 9.81]
var: 3.4999027393044018
| [95m56       [0m | [95m5.061    [0m | [95m7.757e-05[0m | [95m34.33    [0m | [95m0.1981   [0m |
[0.02 0.08 0.55 0.84 0.85 1.29 1.71 1.9  1.96 1.98 2.15 2.21 2.29 2.49
 2.61 2.63 2.67 2.76 2.79 2.82 2.94 2.95 3.03 3.05 3.06 3.11 3.13 3.15
 3.23 3.26 3.4  3.57 3.65 3.75 3.76 3.82 3.84 3.84 3.85 4.14 4.3  4.49
 4.5  4.54 4.65 4.67 4.7  4.72 4.78 5.23 5.26 5.49 5.67 5.86 6.21 6.72
 7.88]
var: 2.495913265620191
| [0m57       [0m | [0m3.418    [0m | [0m0.01238  [0m | [0m34.18    [0m | [0m0.2126   [0m |
[0.1  0.29 0.77 1.16 1.34 1.46 1.64 1.65 1.82 1.83 2.05 2.07 2.13 2.18
 2.35 2.47 2.48 2.48 2.53 2.73 2.89 2.91 2.93 2.97 2.97 3.1  3.15 3.2
 3.33 3.4  3.44 3.46 3.48 3.49 3.51 3.57 3.6  3.67 3.68 3.8  3.86 3.99
 4.03 4.06 4.08 4.09 4.19 4.27 4.42 4.45 4.61 4.64 4.81 4.98 5.01 5.03
 5.04 5.69 5.99 6.79]
var: 1.8095060833333325
| [0m58       [0m | [0m3.269    [0m | [0m0.043    [0m | [0m34.41    [0m | [0m0.2071   [0m |
[0.25 0.3  0.36 0.41 0.42 0.45 0.6  0.75 0.77 0.85 1.   1.14 1.18 1.21
 1.21 1.24 1.26 1.28 1.28 1.47 1.54 1.55 1.57 1.57 1.66 1.8  1.88 1.94
 2.02 2.02 2.16 2.17 2.22 2.22 2.28 2.36 2.38 2.41 2.41 2.45 2.47 2.52
 2.56 2.66 2.73 2.99 3.   3.05 3.05 3.07 3.09 3.26 3.67 3.72 3.72 3.76
 4.22 4.42 4.53 5.87]
var: 1.3948855555555546
| [0m59       [0m | [0m2.107    [0m | [0m0.1564   [0m | [0m7.48     [0m | [0m0.3013   [0m |
[0.   0.   0.   0.01 0.02 0.04 0.32 0.38 0.41 0.42 0.47 0.49 0.59 0.62
 0.67 0.7  0.71 0.73 0.84 0.87 1.   1.01 1.07 1.07 1.09 1.12 1.17 1.18
 1.19 1.29 1.29 1.36 1.39 1.42 1.42 1.45 1.47 1.49 1.55 1.57 1.58 1.61
 1.63 1.66 1.68 1.75 1.85 1.92 2.1  2.17 2.17 2.42 2.55 2.91 3.19 3.37
 4.18 4.89]
var: 0.967350178359096
| [0m60       [0m | [0m1.337    [0m | [0m1e-08    [0m | [0m34.29    [0m | [0m0.2344   [0m |
[0.13 0.21 0.5  0.55 0.74 1.01 1.66 1.68 1.78 1.83 1.86 2.04 2.1  2.19
 2.24 2.29 2.32 2.42 2.5  2.68 2.87 2.92 2.94 3.06 3.2  3.29 3.3  3.43
 3.51 3.54 3.64 3.69 3.7  3.71 3.82 3.85 3.88 3.99 4.03 4.08 4.1  4.16
 4.18 4.28 4.47 4.48 4.6  4.64 4.64 4.69 4.86 5.06 5.43 5.47 5.62 5.9
 5.95 6.02 6.04 6.85]
var: 2.423256555555555
| [0m61       [0m | [0m3.41     [0m | [0m0.04215  [0m | [0m34.3     [0m | [0m0.181    [0m |
[0.8  0.96 1.13 1.21 1.47 1.83 1.85 1.95 1.99 1.99 2.33 2.38 2.38 2.41
 2.45 2.46 2.47 2.68 2.74 2.8  3.07 3.13 3.17 3.19 3.19 3.24 3.26 3.45
 3.6  3.68 3.7  3.74 3.79 3.84 3.85 3.87 3.93 3.99 4.02 4.1  4.11 4.13
 4.13 4.14 4.16 4.3  4.56 4.57 4.83 4.88 5.17 5.44 5.52 5.58 6.61 9.01]
var: 2.0910872130102027
| [0m62       [0m | [0m3.451    [0m | [0m0.12     [0m | [0m34.36    [0m | [0m0.2243   [0m |
[0.03 0.05 0.05 0.11 0.14 0.17 0.2  0.21 0.22 0.25 0.27 0.28 0.33 0.38
 0.4  0.44 0.48 0.51 0.53 0.55 0.56 0.58 0.6  0.69 0.71 0.75 0.76 0.79
 0.87 0.88 0.9  0.92 0.93 1.   1.03 1.15 1.24 1.26 1.29 1.35 1.35 1.36
 1.36 1.45 1.47 1.61 1.62 1.64 1.64 1.64 1.68 1.7  1.71 1.79 1.84 1.91
 2.03 2.18 2.23 2.99]
var: 0.44153455555555554
| [0m63       [0m | [0m0.9843   [0m | [0m0.09897  [0m | [0m34.33    [0m | [0m2.486    [0m |
[0.07 0.09 0.1  0.12 0.13 0.16 0.22 0.24 0.26 0.27 0.29 0.32 0.38 0.39
 0.48 0.53 0.54 0.56 0.59 0.59 0.61 0.69 0.71 0.83 0.92 1.08 1.11 1.18
 1.18 1.22 1.22 1.24 1.34 1.5  1.53 1.54 1.59 1.71 1.72 1.73 1.79 1.81
 1.86 1.89 1.93 1.99 2.15 2.19 2.2  2.25 2.44 2.67 2.78 2.81 2.92 2.94
 3.05 3.24 3.77 4.45]
var: 1.0535327500000002
| [0m64       [0m | [0m1.369    [0m | [0m0.06453  [0m | [0m21.9     [0m | [0m1.813    [0m |
[0.21 0.24 0.84 1.06 1.34 1.54 1.6  1.62 1.77 1.88 1.92 1.92 2.05 2.07
 2.11 2.28 2.28 2.3  2.36 2.37 2.47 2.51 2.54 2.7  2.71 2.72 2.8  2.9
 2.93 3.03 3.12 3.16 3.2  3.27 3.27 3.29 3.44 3.44 3.49 3.5  3.53 3.68
 3.72 3.77 3.91 3.95 3.96 3.97 4.08 4.09 4.1  4.19 4.6  5.14 5.55 5.65
 5.98 6.27 7.2  8.31]
var: 2.3278716666666672
| [0m65       [0m | [0m3.165    [0m | [0m0.1666   [0m | [0m34.3     [0m | [0m0.2013   [0m |
[0.21 0.36 0.53 0.84 0.92 1.33 1.38 1.54 1.63 1.7  1.74 1.77 1.8  1.84
 1.85 1.9  1.93 2.01 2.18 2.33 2.37 2.41 2.63 2.66 2.7  2.7  2.71 2.76
 2.76 2.78 2.85 2.86 2.89 2.9  3.06 3.25 3.45 3.5  3.76 3.77 3.83 3.87
 3.89 3.93 3.94 3.94 3.94 4.17 4.21 4.28 4.36 4.37 4.45 4.5  4.8  4.91
 4.98 5.77 7.11 8.14]
var: 2.263925416666666
| [0m66       [0m | [0m3.033    [0m | [0m0.06748  [0m | [0m34.29    [0m | [0m0.1164   [0m |
[0.46 0.75 1.23 1.33 1.69 1.84 1.91 1.96 2.08 2.21 2.39 2.71 2.82 2.86
 2.92 3.03 3.15 3.22 3.38 3.38 3.54 3.57 3.57 3.6  3.61 3.67 3.68 3.69
 3.72 3.82 3.87 3.88 3.97 4.06 4.14 4.16 4.23 4.25 4.26 4.27 4.3  4.32
 4.34 4.35 4.35 4.45 4.48 4.59 4.67 4.81 4.91 5.21 5.42 5.67 5.88 6.13
 6.99 7.38 8.43 9.04]
var: 2.6367955555555564
| [0m67       [0m | [0m3.877    [0m | [0m0.2263   [0m | [0m18.51    [0m | [0m0.1954   [0m |
[0.43 0.99 1.56 1.63 1.79 1.81 1.87 1.93 2.02 2.2  2.23 2.34 2.62 2.68
 2.69 2.7  2.72 2.79 2.85 2.88 2.91 2.99 3.01 3.01 3.05 3.1  3.13 3.22
 3.28 3.32 3.38 3.46 3.5  3.56 3.71 3.73 3.77 3.87 3.98 4.13 4.16 4.17
 4.33 4.38 4.46 4.49 4.58 4.67 4.76 4.77 4.79 4.87 4.92 5.38 5.47 5.65
 5.75 5.8  6.17 7.23]
var: 1.7836562222222225
| [0m68       [0m | [0m3.527    [0m | [0m0.05506  [0m | [0m34.16    [0m | [0m0.1766   [0m |
[0.23 0.47 0.49 1.58 1.61 1.68 1.69 1.85 2.   2.   2.1  2.22 2.3  2.39
 2.4  2.45 2.47 2.52 2.53 2.53 2.58 2.58 2.65 2.69 2.75 2.78 2.8  3.14
 3.17 3.22 3.27 3.29 3.39 3.4  3.5  3.68 3.72 3.79 3.81 3.81 3.86 3.96
 4.02 4.12 4.14 4.2  4.27 4.32 4.4  4.72 5.19 5.33 5.63 5.66 5.76 5.76
 5.96 5.97 7.06 9.3 ]
var: 2.618042888888889
| [0m69       [0m | [0m3.419    [0m | [0m0.05973  [0m | [0m34.1     [0m | [0m0.2066   [0m |
[0.72 0.76 0.8  0.99 1.1  1.21 1.42 1.55 1.64 1.74 1.79 1.81 2.01 2.1
 2.12 2.16 2.35 2.35 2.41 2.42 2.54 2.64 2.67 2.69 2.89 2.96 3.01 3.11
 3.14 3.2  3.21 3.46 3.71 3.74 3.75 3.92 3.96 3.97 4.05 4.1  4.11 4.11
 4.22 4.34 4.43 4.49 4.62 4.71 4.9  5.04 5.35 5.38 5.53 5.68 6.25 6.32
 6.68 6.8  6.88 8.4 ]
var: 2.959702749999999
| [0m70       [0m | [0m3.474    [0m | [0m0.07916  [0m | [0m18.62    [0m | [0m0.272    [0m |
[0.39 0.98 1.28 1.5  1.5  1.58 1.73 1.75 1.78 1.97 1.97 2.   2.18 2.21
 2.22 2.26 2.45 2.47 2.52 2.53 2.58 2.74 2.82 2.87 2.9  3.   3.   3.05
 3.07 3.15 3.24 3.28 3.37 3.4  3.51 3.55 3.56 3.67 3.7  3.72 3.73 3.81
 3.86 3.95 4.   4.02 4.07 4.12 4.21 4.31 4.7  4.8  4.83 4.83 4.9  5.01
 5.24 5.42 7.18 7.46]
var: 1.8282183333333337
| [0m71       [0m | [0m3.265    [0m | [0m0.1084   [0m | [0m34.2     [0m | [0m0.1983   [0m |
[0.24 0.39 0.62 0.64 0.83 0.85 1.   1.05 1.09 1.13 1.15 1.26 1.37 1.37
 1.46 1.58 1.61 1.67 1.68 1.94 1.99 2.01 2.05 2.1  2.22 2.26 2.41 2.41
 2.46 2.47 2.49 2.5  2.51 2.53 2.57 2.71 2.77 2.89 3.13 3.32 3.5  3.67
 3.68 3.7  3.75 3.81 4.14 4.17 4.22 4.28 4.31 4.36 4.51 4.55 4.59 5.23
 5.26 6.63 7.03 7.53]
var: 2.6042009722222237
| [0m72       [0m | [0m2.761    [0m | [0m0.1202   [0m | [0m18.56    [0m | [0m0.2863   [0m |
[0.5  0.84 0.99 1.38 1.56 1.85 1.95 1.99 2.05 2.06 2.09 2.24 2.28 2.38
 2.5  2.55 2.58 2.62 2.65 2.72 2.73 2.74 2.75 2.75 2.78 2.79 2.8  2.92
 2.94 2.99 3.09 3.11 3.19 3.36 3.38 3.41 3.41 3.43 3.46 3.54 3.59 3.63
 3.71 3.76 3.76 3.84 4.02 4.14 4.18 4.23 4.32 4.37 4.37 4.61 4.78 4.84
 4.99 6.51 7.12]
var: 1.4368248204538907
| [0m73       [0m | [0m3.155    [0m | [0m0.08586  [0m | [0m34.21    [0m | [0m0.127    [0m |
[0.27 1.72 1.88 2.01 2.73 2.98 3.12 3.41 3.45 3.48 3.49 3.53 3.69 3.7
 3.72 3.82 3.92 3.97 4.1  4.3  4.34 4.37 4.44 4.46 4.5  4.57 4.65 4.71
 4.72 4.75 4.82 4.83 4.84 4.94 4.97 4.97 5.02 5.05 5.12 5.15 5.17 5.25
 5.4  5.43 5.47 5.54 5.6  5.66 5.77 5.99 6.35 6.6  6.6  7.07 7.07 7.34
 7.64 8.07 8.39 9.16]
var: 2.595021555555556
| [0m74       [0m | [0m4.801    [0m | [0m0.001525 [0m | [0m34.37    [0m | [0m0.1127   [0m |
[0.85 1.12 1.32 1.54 1.66 1.84 1.93 1.97 1.98 2.09 2.14 2.14 2.3  2.42
 2.63 2.66 2.72 3.   3.05 3.09 3.13 3.14 3.15 3.17 3.27 3.34 3.38 3.53
 3.68 3.69 3.72 3.75 3.83 3.85 3.86 3.88 3.89 3.98 4.09 4.17 4.24 4.3
 4.36 4.44 4.5  4.59 4.68 5.14 5.23 5.28 5.38 5.79 5.82 5.86 5.92 6.91
 7.42 7.54 7.54 8.25]
var: 2.758741222222221
| [0m75       [0m | [0m3.802    [0m | [0m0.01243  [0m | [0m34.38    [0m | [0m0.1509   [0m |
[0.34 0.59 0.68 0.77 0.77 0.87 0.88 0.91 1.12 1.21 1.37 1.51 1.69 1.75
 1.75 1.79 1.83 1.87 1.92 1.98 2.06 2.1  2.11 2.14 2.14 2.22 2.26 2.28
 2.31 2.44 2.49 2.51 2.59 2.63 2.63 2.74 2.82 2.88 3.03 3.05 3.18 3.23
 3.29 3.41 3.43 3.96 4.02 4.11 4.13 4.15 5.01 5.02 5.12 5.19 5.33 5.4
 5.66 6.   6.56 7.38]
var: 2.5426783055555555
| [0m76       [0m | [0m2.81     [0m | [0m0.01878  [0m | [0m34.31    [0m | [0m0.0646   [0m |
[0.47 0.53 0.54 0.86 0.92 0.94 1.13 1.15 1.15 1.19 1.23 1.24 1.29 1.42
 1.43 1.45 1.53 1.54 1.55 1.58 1.62 1.7  1.76 1.8  1.81 1.82 1.83 1.95
 1.95 2.01 2.02 2.04 2.17 2.18 2.29 2.32 2.35 2.4  2.43 2.44 2.6  2.9
 2.91 2.92 2.93 3.04 3.12 3.3  3.39 3.47 3.62 3.63 3.82 4.13 4.39 4.68
 4.79 5.05 5.15 5.23]
var: 1.4515238888888893
| [0m77       [0m | [0m2.318    [0m | [0m0.01298  [0m | [0m34.36    [0m | [0m0.03578  [0m |
[0.34 0.65 0.85 0.93 1.1  1.28 1.29 1.39 1.46 1.53 1.67 1.89 2.05 2.08
 2.09 2.24 2.33 2.34 2.52 2.52 2.55 2.56 2.72 2.87 2.88 2.91 2.92 3.16
 3.25 3.26 3.29 3.31 3.33 3.38 3.54 3.57 3.57 3.58 3.64 3.7  3.81 3.84
 3.84 4.12 4.13 4.16 4.22 4.28 4.41 4.46 4.78 4.83 4.88 5.3  5.5  5.92
 6.27 7.03 7.12 8.62]
var: 2.7045956666666675
| [0m78       [0m | [0m3.301    [0m | [0m0.194    [0m | [0m18.61    [0m | [0m0.2024   [0m |
[0.4  0.48 0.55 0.72 0.82 0.83 0.93 1.01 1.04 1.05 1.09 1.12 1.19 1.25
 1.26 1.59 1.59 1.62 1.64 1.68 1.79 1.92 2.03 2.08 2.34 2.4  2.45 2.49
 2.63 2.85 2.85 2.87 2.91 2.94 3.05 3.19 3.29 3.3  3.59 3.59 3.64 3.7
 3.71 3.77 3.84 3.85 3.94 4.06 4.13 4.21 4.5  4.55 4.59 4.6  4.67 4.71
 4.75 5.25 5.91 6.46]
var: 2.1858078888888905
| [0m79       [0m | [0m2.754    [0m | [0m0.1619   [0m | [0m34.23    [0m | [0m0.1612   [0m |
[1.04 1.47 1.61 1.72 1.93 1.97 2.03 2.05 2.43 2.45 2.56 2.56 2.63 2.66
 2.71 2.88 2.92 2.96 3.01 3.02 3.03 3.09 3.11 3.14 3.18 3.2  3.23 3.28
 3.32 3.36 3.37 3.38 3.41 3.44 3.45 3.57 3.59 3.61 3.62 3.64 3.67 3.69
 3.76 3.91 3.91 4.01 4.11 4.14 4.21 4.24 4.26 4.29 4.61 4.66 4.86 5.16
 5.24 5.52 6.07 7.31]
var: 1.225145666666667
| [0m80       [0m | [0m3.421    [0m | [0m0.02845  [0m | [0m34.27    [0m | [0m0.1472   [0m |
=============================================================
None
num_trials:  40  inits,  40  iters,  60  per
rho:  10
pthin:  0.92

Best VPT: 5.060877192982457
Best result: {'a': 7.75714863079516e-05, 'g': 34.32845588432838, 's': 0.1981131412935579}

KERNEL: nu=1.5, lengthscale=2.0, alpha=0.0005
