|   iter    |  target   |     a     |     g     |     s     |
-------------------------------------------------------------
[0.   0.   0.01 0.02 0.02 0.02 0.08 0.11 0.22 0.24 0.28 0.29 0.31 0.32
 0.37 0.43 0.43 0.55 0.57 0.58 0.58 0.61 0.62 0.63 0.64 0.72 0.72 0.73
 0.76 0.82 0.85 0.87 0.89 0.91 0.98 0.98 1.   1.   1.09 1.11 1.14 1.15
 1.2  1.2  1.21 1.25 1.28 1.3  1.35 1.48 1.55 1.6  1.61 1.64 1.75 1.87
 1.88 2.03 2.42 2.52]
var: 0.37010497222222283
| [0m1        [0m | [0m0.8798   [0m | [0m0.2451   [0m | [0m38.49    [0m | [0m2.458    [0m |
[0.   0.05 0.12 0.16 0.21 0.21 0.3  0.3  0.3  0.32 0.34 0.35 0.36 0.38
 0.38 0.39 0.4  0.41 0.43 0.44 0.45 0.47 0.5  0.51 0.53 0.57 0.58 0.58
 0.6  0.6  0.62 0.63 0.66 0.66 0.69 0.71 0.74 0.76 0.79 0.82 0.82 0.85
 0.93 1.02 1.1  1.14 1.17 1.27 1.39 1.43 1.48 1.53 1.68 1.88 1.98 2.11
 2.13 2.26 2.3  2.71]
var: 0.3912516666666669
| [0m2        [0m | [0m0.825    [0m | [0m0.1059   [0m | [0m1.259    [0m | [0m1.656    [0m |
[0.01 0.01 0.02 0.02 0.03 0.03 0.03 0.03 0.04 0.04 0.04 0.04 0.05 0.05
 0.05 0.05 0.05 0.05 0.05 0.05 0.05 0.05 0.05 0.06 0.06 0.06 0.06 0.06
 0.07 0.07 0.07 0.07 0.07 0.08 0.08 0.09 0.09 0.1  0.1  0.1  0.1  0.11
 0.12 0.12 0.12 0.12 0.12 0.12 0.12 0.12 0.13 0.14 0.15 0.17 0.19 0.25
 0.26 0.27 0.29 0.47]
var: 0.006224749999999877
| [0m3        [0m | [0m0.0945   [0m | [0m0.1121   [0m | [0m48.26    [0m | [0m0.002608 [0m |
[0.11 0.17 0.43 0.44 0.45 0.5  0.53 0.55 0.59 0.6  0.72 0.73 0.82 0.85
 0.86 0.91 0.93 0.96 1.07 1.09 1.18 1.19 1.33 1.33 1.35 1.36 1.45 1.47
 1.5  1.52 1.53 1.53 1.54 1.54 1.55 1.63 1.69 1.76 1.77 1.95 2.   2.1
 2.2  2.26 2.26 2.28 2.3  2.34 2.46 2.64 2.71 2.75 3.02 3.3  3.43 3.55
 3.95 4.29 4.57 4.58]
var: 1.1518936388888894
| [95m4        [0m | [95m1.708    [0m | [95m0.01031  [0m | [95m18.11    [0m | [95m1.386    [0m |
[0.   0.03 0.09 0.13 0.13 0.16 0.16 0.23 0.26 0.27 0.28 0.32 0.48 0.48
 0.51 0.54 0.56 0.56 0.58 0.6  0.68 0.76 0.79 0.84 0.87 0.94 0.96 0.97
 0.98 0.98 1.04 1.06 1.07 1.16 1.18 1.2  1.21 1.23 1.25 1.26 1.31 1.31
 1.33 1.36 1.38 1.41 1.46 1.48 1.59 1.63 1.66 1.7  1.83 1.87 1.88 2.2
 2.37 3.22 3.57 3.66]
var: 0.6205798888888886
| [0m5        [0m | [0m1.084    [0m | [0m0.02265  [0m | [0m26.51    [0m | [0m2.552    [0m |
[0.06 0.06 0.07 0.18 0.2  0.31 0.32 0.35 0.35 0.37 0.45 0.46 0.49 0.5
 0.52 0.54 0.54 0.54 0.55 0.61 0.61 0.63 0.63 0.64 0.64 0.65 0.68 0.71
 0.74 0.75 0.77 0.8  0.86 0.92 0.93 0.94 0.98 1.01 1.02 1.03 1.05 1.06
 1.06 1.1  1.18 1.24 1.28 1.32 1.39 1.4  1.42 1.47 1.51 1.52 1.54 1.71
 1.76 1.89 2.27 2.62]
var: 0.2810788888888885
| [0m6        [0m | [0m0.8867   [0m | [0m0.1645   [0m | [0m26.71    [0m | [0m2.577    [0m |
[0.   0.01 0.07 0.2  0.26 0.28 0.29 0.32 0.32 0.34 0.41 0.45 0.47 0.48
 0.49 0.54 0.59 0.65 0.66 0.69 0.7  0.71 0.72 0.78 0.85 0.87 0.89 0.91
 0.98 0.99 1.01 1.02 1.04 1.05 1.08 1.15 1.15 1.23 1.27 1.29 1.38 1.38
 1.42 1.47 1.49 1.49 1.49 1.55 1.58 1.62 1.67 1.67 1.8  1.89 1.94 2.09
 2.15 2.18 2.88 3.28]
var: 0.4546280833333335
| [0m7        [0m | [0m1.061    [0m | [0m0.1458   [0m | [0m43.98    [0m | [0m1.509    [0m |
[0.03 0.06 0.07 0.08 0.08 0.08 0.08 0.09 0.1  0.13 0.18 0.3  0.3  0.44
 0.46 0.46 0.49 0.49 0.5  0.51 0.52 0.6  0.68 0.72 0.73 0.73 0.82 0.84
 0.99 1.   1.02 1.06 1.12 1.12 1.12 1.13 1.14 1.27 1.28 1.38 1.52 1.53
 1.55 1.55 1.58 1.59 1.82 1.89 1.93 2.04 2.06 2.17 2.19 2.19 2.22 2.26
 2.59 2.63 2.76 2.9 ]
var: 0.6380603055555552
| [0m8        [0m | [0m1.086    [0m | [0m0.004659 [0m | [0m46.48    [0m | [0m2.036    [0m |
[0.05 0.05 0.06 0.08 0.09 0.16 0.2  0.22 0.22 0.23 0.33 0.38 0.39 0.39
 0.41 0.45 0.49 0.49 0.58 0.6  0.63 0.64 0.64 0.66 0.69 0.7  0.7  0.71
 0.72 0.73 0.76 0.83 0.87 0.97 0.98 1.05 1.05 1.08 1.09 1.1  1.31 1.42
 1.47 1.48 1.5  1.56 1.61 1.65 1.69 1.69 1.72 1.73 1.8  1.81 1.92 2.
 2.22 2.94 3.17 4.7 ]
var: 0.7096956666666663
| [0m9        [0m | [0m1.031    [0m | [0m0.2666   [0m | [0m26.9     [0m | [0m1.665    [0m |
[0.01 0.04 0.06 0.07 0.13 0.19 0.23 0.25 0.27 0.47 0.48 0.53 0.6  0.64
 0.73 0.76 0.77 0.78 0.8  0.85 0.86 0.91 0.91 0.94 0.94 0.97 0.99 1.
 1.06 1.07 1.09 1.12 1.14 1.17 1.19 1.2  1.22 1.23 1.36 1.4  1.4  1.42
 1.46 1.48 1.5  1.52 1.61 1.72 1.76 1.81 1.96 1.97 2.07 2.23 2.33 2.34
 2.36 2.41 3.13 5.52]
var: 0.773930305555556
| [0m10       [0m | [0m1.207    [0m | [0m0.1756   [0m | [0m37.75    [0m | [0m0.7428   [0m |
[0.01 0.01 0.06 0.09 0.13 0.15 0.19 0.2  0.23 0.24 0.43 0.44 0.51 0.59
 0.61 0.62 0.68 0.69 0.7  0.73 0.78 0.78 0.84 0.86 0.86 0.87 0.91 0.91
 0.92 0.97 1.05 1.12 1.12 1.14 1.15 1.2  1.22 1.31 1.32 1.34 1.34 1.35
 1.41 1.43 1.45 1.49 1.66 1.69 1.7  1.81 1.97 2.01 2.06 2.27 2.31 2.53
 2.66 2.83 2.99 3.4 ]
var: 0.6085290000000002
| [0m11       [0m | [0m1.139    [0m | [0m0.09447  [0m | [0m41.11    [0m | [0m0.8687   [0m |
[0.04 0.19 0.32 0.35 0.36 0.47 0.47 0.5  0.59 0.6  0.65 0.65 0.69 0.69
 0.75 0.86 0.87 0.88 0.96 1.02 1.06 1.08 1.11 1.12 1.18 1.18 1.21 1.23
 1.23 1.27 1.28 1.3  1.37 1.38 1.4  1.47 1.54 1.58 1.63 1.68 1.68 1.7
 1.74 1.74 1.74 1.81 1.84 1.86 1.89 1.95 1.98 1.99 2.11 2.26 2.49 2.85
 2.86 3.29 3.68 3.69]
var: 0.6337995555555558
| [0m12       [0m | [0m1.389    [0m | [0m0.01429  [0m | [0m43.9     [0m | [0m1.131    [0m |
[0.01 0.01 0.02 0.04 0.08 0.11 0.11 0.11 0.12 0.15 0.18 0.19 0.19 0.2
 0.2  0.2  0.21 0.22 0.23 0.23 0.24 0.3  0.32 0.37 0.41 0.41 0.44 0.45
 0.48 0.5  0.5  0.5  0.51 0.53 0.57 0.63 0.65 0.65 0.72 0.75 0.75 0.76
 0.77 0.79 0.86 0.89 0.89 0.95 0.96 0.97 1.03 1.04 1.08 1.23 1.35 1.43
 1.55 1.78 2.04 2.14]
var: 0.24400333333333352
| [0m13       [0m | [0m0.6      [0m | [0m0.1842   [0m | [0m48.15    [0m | [0m2.889    [0m |
[0.02 0.05 0.11 0.13 0.17 0.18 0.19 0.24 0.26 0.37 0.41 0.47 0.53 0.56
 0.63 0.63 0.64 0.7  0.73 0.75 0.75 0.76 0.81 0.86 0.86 0.88 0.99 0.99
 1.   1.09 1.09 1.16 1.2  1.23 1.23 1.23 1.27 1.27 1.28 1.3  1.32 1.32
 1.34 1.35 1.38 1.52 1.61 1.64 1.67 1.75 1.82 1.83 1.83 1.88 1.9  2.08
 2.1  2.22 3.01 3.31]
var: 0.4722438888888886
| [0m14       [0m | [0m1.098    [0m | [0m0.1261   [0m | [0m30.13    [0m | [0m1.302    [0m |
[0.08 0.11 0.17 0.17 0.24 0.5  0.51 0.58 0.6  0.62 0.63 0.65 0.66 0.8
 0.87 0.89 0.9  1.   1.05 1.14 1.14 1.25 1.29 1.3  1.3  1.32 1.42 1.42
 1.44 1.46 1.5  1.59 1.63 1.63 1.67 1.71 1.71 1.79 1.8  1.81 1.91 1.95
 1.96 1.96 1.97 2.09 2.15 2.16 2.19 2.21 2.23 2.57 2.57 3.01 3.05 3.58
 3.68 4.13 4.3  4.87]
var: 1.062908305555556
| [0m15       [0m | [0m1.615    [0m | [0m0.1054   [0m | [0m15.15    [0m | [0m0.6169   [0m |
[0.   0.01 0.02 0.04 0.05 0.05 0.13 0.17 0.19 0.21 0.23 0.24 0.27 0.28
 0.35 0.35 0.42 0.45 0.45 0.5  0.53 0.55 0.57 0.6  0.61 0.62 0.64 0.65
 0.66 0.7  0.74 0.76 0.81 0.82 0.85 0.85 0.87 0.87 0.88 0.89 0.94 1.01
 1.02 1.03 1.06 1.12 1.14 1.24 1.26 1.29 1.32 1.35 1.39 1.51 1.52 1.59
 1.7  1.75 1.88 2.3 ]
var: 0.27281722222222216
| [0m16       [0m | [0m0.7717   [0m | [0m0.2818   [0m | [0m32.44    [0m | [0m2.921    [0m |
[0.   0.   0.02 0.06 0.08 0.08 0.09 0.09 0.12 0.16 0.24 0.24 0.29 0.31
 0.35 0.36 0.43 0.46 0.47 0.48 0.5  0.5  0.54 0.55 0.58 0.64 0.66 0.67
 0.68 0.69 0.73 0.74 0.75 0.76 0.76 0.76 0.86 0.89 0.9  0.91 0.94 0.98
 1.01 1.02 1.07 1.09 1.11 1.13 1.14 1.21 1.29 1.43 1.47 1.48 1.53 1.69
 1.83 1.95 1.96 2.59]
var: 0.3064426666666667
| [0m17       [0m | [0m0.772    [0m | [0m0.1902   [0m | [0m44.42    [0m | [0m2.701    [0m |
[0.03 0.06 0.1  0.14 0.32 0.54 0.56 0.58 0.63 0.73 0.75 0.81 0.85 0.85
 0.87 0.97 0.97 0.99 1.01 1.03 1.05 1.06 1.09 1.14 1.18 1.23 1.28 1.31
 1.33 1.46 1.46 1.49 1.49 1.5  1.51 1.51 1.54 1.6  1.68 1.69 1.72 1.78
 1.82 1.87 1.9  1.97 2.04 2.05 2.13 2.15 2.2  2.27 2.27 2.28 2.54 2.61
 2.67 2.79 2.98 4.33]
var: 0.631387333333333
| [0m18       [0m | [0m1.446    [0m | [0m0.09064  [0m | [0m35.13    [0m | [0m0.6083   [0m |
[0.02 0.06 0.07 0.1  0.1  0.14 0.16 0.24 0.25 0.27 0.28 0.28 0.3  0.32
 0.32 0.36 0.4  0.41 0.42 0.43 0.44 0.45 0.46 0.46 0.5  0.51 0.57 0.63
 0.64 0.66 0.66 0.69 0.74 0.75 0.76 0.77 0.77 0.78 0.8  0.81 0.82 0.9
 0.94 0.99 1.03 1.06 1.17 1.19 1.26 1.49 1.54 1.55 1.7  1.74 1.89 1.99
 2.07 2.09 2.23 2.59]
var: 0.37288322222222253
| [0m19       [0m | [0m0.8003   [0m | [0m0.09833  [0m | [0m1.026    [0m | [0m1.916    [0m |
[0.07 0.07 0.09 0.16 0.27 0.32 0.37 0.39 0.41 0.41 0.41 0.46 0.47 0.53
 0.56 0.64 0.65 0.66 0.67 0.69 0.69 0.77 0.82 0.82 0.83 0.84 0.85 0.87
 0.88 0.96 0.96 1.   1.05 1.06 1.14 1.14 1.15 1.17 1.21 1.27 1.3  1.34
 1.37 1.41 1.41 1.42 1.44 1.46 1.49 1.49 1.52 1.52 1.55 1.59 1.61 1.63
 1.74 2.83 3.65 4.33]
var: 0.5604782222222215
| [0m20       [0m | [0m1.065    [0m | [0m0.1459   [0m | [0m31.1     [0m | [0m1.46     [0m |
[0.07 0.12 0.14 0.15 0.22 0.38 0.39 0.4  0.41 0.45 0.5  0.68 0.74 0.81
 0.87 0.89 1.   1.07 1.07 1.13 1.21 1.31 1.31 1.31 1.32 1.33 1.39 1.41
 1.53 1.56 1.58 1.58 1.62 1.63 1.66 1.68 1.71 1.73 1.78 1.89 1.89 1.91
 1.96 2.05 2.1  2.19 2.2  2.21 2.34 2.39 2.39 2.51 2.8  2.81 2.85 3.06
 3.27 3.47 4.01 5.2 ]
var: 1.0052840000000005
| [0m21       [0m | [0m1.594    [0m | [0m0.02701  [0m | [0m10.27    [0m | [0m1.338    [0m |
[0.17 0.3  0.35 0.42 0.47 0.48 0.48 0.56 0.73 0.75 0.77 0.79 0.8  0.87
 0.91 0.96 1.11 1.12 1.23 1.24 1.28 1.34 1.37 1.44 1.45 1.45 1.57 1.6
 1.65 1.67 1.77 1.81 1.86 1.9  1.95 2.   2.04 2.07 2.08 2.12 2.13 2.17
 2.21 2.42 2.56 2.57 2.57 2.7  2.7  2.75 2.76 3.08 3.12 3.53 3.57 3.89
 4.01 4.14 4.56 6.86]
var: 1.492346972222221
| [95m22       [0m | [95m1.887    [0m | [95m0.09196  [0m | [95m19.45    [0m | [95m0.4813   [0m |
[0.07 0.11 0.22 0.23 0.24 0.27 0.35 0.36 0.39 0.42 0.51 0.6  0.64 0.81
 0.83 0.89 0.91 0.92 0.95 0.98 0.99 1.01 1.04 1.04 1.05 1.09 1.13 1.2
 1.29 1.29 1.3  1.33 1.5  1.54 1.55 1.56 1.61 1.63 1.68 1.81 1.82 1.83
 1.86 1.86 1.87 1.93 1.94 1.95 1.96 2.08 2.2  2.22 2.34 2.45 2.63 2.7
 3.21 3.66 3.69 5.51]
var: 0.9611243055555551
| [0m23       [0m | [0m1.451    [0m | [0m0.2858   [0m | [0m5.064    [0m | [0m0.4028   [0m |
[0.   0.   0.11 0.15 0.2  0.2  0.21 0.26 0.27 0.31 0.31 0.36 0.36 0.36
 0.37 0.38 0.38 0.42 0.43 0.5  0.51 0.52 0.52 0.6  0.61 0.62 0.74 0.76
 0.81 0.85 0.89 1.   1.02 1.03 1.08 1.09 1.09 1.09 1.1  1.21 1.25 1.41
 1.56 1.65 1.68 1.72 1.74 1.8  1.81 1.85 2.01 2.08 2.19 2.61 2.82 2.84
 3.13 3.4  3.62 3.98]
var: 0.9102069722222221
| [0m24       [0m | [0m1.131    [0m | [0m0.2643   [0m | [0m3.663    [0m | [0m2.472    [0m |
[0.   0.02 0.05 0.09 0.1  0.14 0.17 0.18 0.19 0.2  0.29 0.31 0.33 0.35
 0.35 0.38 0.39 0.39 0.4  0.46 0.47 0.54 0.54 0.57 0.63 0.68 0.7  0.74
 0.8  0.81 0.81 0.82 0.83 0.83 0.84 0.86 0.95 0.97 0.98 1.04 1.13 1.14
 1.16 1.21 1.21 1.21 1.38 1.45 1.48 1.51 1.54 1.58 1.64 1.67 1.68 1.92
 1.94 2.06 2.17 2.38]
var: 0.3573256666666667
| [0m25       [0m | [0m0.861    [0m | [0m0.04788  [0m | [0m46.65    [0m | [0m2.342    [0m |
[0.   0.   0.   0.01 0.06 0.06 0.06 0.16 0.17 0.17 0.31 0.31 0.35 0.37
 0.37 0.42 0.43 0.45 0.47 0.49 0.51 0.51 0.51 0.55 0.58 0.58 0.6  0.62
 0.62 0.63 0.63 0.65 0.72 0.74 0.77 0.8  0.91 0.93 1.05 1.12 1.12 1.14
 1.17 1.17 1.17 1.35 1.4  1.44 1.45 1.49 1.53 1.65 1.68 1.79 1.79 1.98
 2.21 2.42 2.63 2.66]
var: 0.44997475000000026
| [0m26       [0m | [0m0.8655   [0m | [0m0.05778  [0m | [0m48.33    [0m | [0m2.087    [0m |
[0.03 0.04 0.06 0.08 0.12 0.13 0.19 0.19 0.32 0.36 0.41 0.56 0.57 0.6
 0.62 0.65 0.72 0.73 0.76 0.82 0.82 0.84 0.84 0.95 0.97 0.98 1.   1.01
 1.02 1.06 1.07 1.09 1.1  1.13 1.19 1.2  1.21 1.29 1.3  1.33 1.34 1.36
 1.37 1.46 1.62 1.62 1.63 1.74 1.78 1.83 1.83 1.83 1.85 1.9  1.98 2.82
 2.9  3.45 3.61 4.21]
var: 0.7425527500000002
| [0m27       [0m | [0m1.192    [0m | [0m0.02435  [0m | [0m24.65    [0m | [0m2.135    [0m |
[0.   0.02 0.03 0.03 0.06 0.06 0.07 0.11 0.2  0.22 0.23 0.23 0.24 0.29
 0.31 0.36 0.4  0.42 0.43 0.44 0.44 0.46 0.46 0.47 0.49 0.52 0.53 0.53
 0.54 0.61 0.63 0.64 0.66 0.67 0.68 0.69 0.7  0.71 0.72 0.74 0.75 0.78
 0.9  1.03 1.05 1.05 1.1  1.1  1.13 1.17 1.22 1.27 1.3  1.37 1.51 1.6
 1.74 1.79 3.97 4.03]
var: 0.5584516666666663
| [0m28       [0m | [0m0.765    [0m | [0m0.1133   [0m | [0m43.62    [0m | [0m2.844    [0m |
[0.04 0.07 0.08 0.12 0.15 0.17 0.17 0.26 0.27 0.29 0.31 0.43 0.43 0.53
 0.58 0.61 0.68 0.71 0.74 0.74 0.76 0.77 0.83 0.9  0.9  0.93 0.95 0.98
 1.01 1.01 1.06 1.09 1.2  1.2  1.24 1.25 1.28 1.32 1.32 1.36 1.44 1.46
 1.55 1.6  1.61 1.68 1.69 1.71 1.77 1.85 1.87 1.92 2.11 2.15 2.38 2.5
 2.65 3.74 3.94 5.  ]
var: 0.9048362222222223
| [0m29       [0m | [0m1.223    [0m | [0m0.1285   [0m | [0m18.54    [0m | [0m2.178    [0m |
[0.01 0.01 0.03 0.12 0.13 0.13 0.15 0.15 0.18 0.18 0.18 0.2  0.21 0.29
 0.35 0.39 0.47 0.49 0.5  0.56 0.57 0.58 0.62 0.62 0.64 0.65 0.74 0.79
 0.82 0.83 0.89 0.9  0.9  0.96 1.   1.02 1.04 1.05 1.05 1.05 1.12 1.12
 1.17 1.19 1.25 1.29 1.32 1.4  1.42 1.5  1.54 1.55 1.56 1.56 1.58 1.68
 1.76 1.99 2.05 2.95]
var: 0.36298763888888946
| [0m30       [0m | [0m0.8742   [0m | [0m0.07636  [0m | [0m39.5     [0m | [0m2.846    [0m |
[0.01 0.05 0.09 0.1  0.1  0.1  0.18 0.19 0.21 0.29 0.37 0.37 0.39 0.4
 0.41 0.41 0.53 0.53 0.56 0.62 0.66 0.66 0.68 0.71 0.72 0.73 0.75 0.76
 0.77 0.79 0.79 0.81 0.84 0.86 0.88 0.89 1.01 1.01 1.04 1.05 1.1  1.1
 1.14 1.14 1.21 1.23 1.39 1.43 1.52 1.66 1.78 1.82 1.89 1.91 2.15 2.3
 3.02 3.27 3.36 4.82]
var: 0.8001506666666671
| [0m31       [0m | [0m1.026    [0m | [0m0.07745  [0m | [0m33.97    [0m | [0m2.659    [0m |
[0.01 0.02 0.08 0.1  0.14 0.15 0.2  0.21 0.22 0.23 0.25 0.32 0.37 0.39
 0.41 0.41 0.49 0.51 0.54 0.54 0.6  0.61 0.67 0.69 0.73 0.74 0.81 0.81
 0.84 0.85 0.92 0.96 0.97 0.97 0.98 0.99 1.02 1.03 1.04 1.13 1.13 1.14
 1.16 1.19 1.26 1.26 1.29 1.29 1.3  1.33 1.44 1.53 1.57 1.65 1.67 1.69
 1.8  1.99 2.4  2.96]
var: 0.35524999999999984
| [0m32       [0m | [0m0.9      [0m | [0m0.03347  [0m | [0m42.12    [0m | [0m2.249    [0m |
[0.01 0.08 0.09 0.09 0.14 0.15 0.17 0.2  0.22 0.22 0.22 0.26 0.3  0.38
 0.38 0.42 0.46 0.53 0.53 0.53 0.54 0.54 0.56 0.56 0.6  0.61 0.64 0.71
 0.74 0.74 0.76 0.85 0.94 0.96 0.97 0.99 0.99 1.   1.02 1.04 1.06 1.07
 1.08 1.1  1.14 1.15 1.24 1.25 1.25 1.36 1.42 1.47 1.47 1.53 1.81 1.87
 2.   2.66 3.01 4.59]
var: 0.5942903055555555
| [0m33       [0m | [0m0.9112   [0m | [0m0.06337  [0m | [0m23.48    [0m | [0m2.697    [0m |
[0.01 0.06 0.08 0.11 0.12 0.14 0.18 0.2  0.21 0.22 0.34 0.43 0.46 0.48
 0.5  0.54 0.59 0.6  0.64 0.69 0.69 0.77 0.82 0.92 0.93 0.95 0.99 1.02
 1.08 1.14 1.16 1.16 1.18 1.2  1.21 1.25 1.28 1.29 1.32 1.4  1.42 1.42
 1.53 1.55 1.6  1.69 1.71 1.75 1.88 1.92 1.96 2.02 2.32 2.33 2.49 2.56
 2.8  2.85 3.29 3.65]
var: 0.7039683333333336
| [0m34       [0m | [0m1.185    [0m | [0m0.03854  [0m | [0m25.58    [0m | [0m1.868    [0m |
[0.   0.02 0.03 0.08 0.18 0.22 0.22 0.22 0.25 0.28 0.32 0.34 0.4  0.41
 0.46 0.49 0.53 0.54 0.59 0.61 0.65 0.66 0.68 0.71 0.75 0.78 0.86 0.89
 0.93 0.99 1.   1.01 1.03 1.04 1.06 1.13 1.13 1.14 1.17 1.17 1.18 1.18
 1.21 1.26 1.29 1.32 1.35 1.36 1.36 1.4  1.5  1.55 1.58 1.62 1.63 1.94
 2.07 2.37 2.43 2.92]
var: 0.3838816388888887
| [0m35       [0m | [0m0.9582   [0m | [0m0.2773   [0m | [0m20.99    [0m | [0m2.658    [0m |
[0.   0.01 0.02 0.05 0.06 0.06 0.16 0.19 0.22 0.23 0.24 0.25 0.25 0.28
 0.29 0.29 0.29 0.3  0.33 0.35 0.37 0.39 0.41 0.44 0.45 0.46 0.46 0.55
 0.58 0.58 0.6  0.64 0.64 0.72 0.74 0.75 0.77 0.79 0.84 0.93 0.98 1.02
 1.07 1.17 1.31 1.4  1.42 1.43 1.44 1.45 1.46 1.5  1.51 1.68 1.68 2.03
 2.42 2.42 2.54 4.77]
var: 0.6636648888888891
| [0m36       [0m | [0m0.8447   [0m | [0m0.1115   [0m | [0m47.52    [0m | [0m2.478    [0m |
[0.06 0.1  0.19 0.21 0.21 0.26 0.3  0.3  0.31 0.41 0.46 0.52 0.57 0.6
 0.68 0.69 0.77 0.8  0.8  0.83 0.91 1.05 1.07 1.08 1.11 1.13 1.17 1.18
 1.21 1.25 1.31 1.36 1.42 1.44 1.45 1.6  1.6  1.61 1.77 1.88 1.88 1.91
 1.93 2.05 2.06 2.09 2.15 2.16 2.22 2.27 2.47 2.49 2.52 2.63 3.04 3.31
 3.64 3.96 4.12 4.2 ]
var: 1.0510114166666666
| [0m37       [0m | [0m1.48     [0m | [0m0.1472   [0m | [0m9.899    [0m | [0m1.739    [0m |
[0.04 0.09 0.14 0.17 0.25 0.25 0.26 0.26 0.29 0.31 0.32 0.32 0.34 0.44
 0.47 0.49 0.5  0.52 0.52 0.53 0.53 0.53 0.55 0.56 0.6  0.61 0.63 0.66
 0.68 0.73 0.77 0.78 0.79 0.8  0.81 0.82 0.89 0.89 0.91 0.93 0.94 0.95
 1.03 1.06 1.12 1.13 1.15 1.15 1.24 1.27 1.36 1.37 1.37 1.38 1.63 1.69
 2.   2.16 2.39 2.83]
var: 0.31763888888888864
| [0m38       [0m | [0m0.8367   [0m | [0m0.02707  [0m | [0m1.35     [0m | [0m0.01618  [0m |
[0.02 0.03 0.05 0.12 0.15 0.21 0.22 0.23 0.3  0.31 0.34 0.36 0.36 0.46
 0.47 0.64 0.65 0.67 0.68 0.68 0.78 0.79 0.81 0.89 0.91 0.91 0.93 0.95
 0.96 1.04 1.06 1.07 1.07 1.08 1.19 1.22 1.24 1.29 1.32 1.33 1.43 1.5
 1.51 1.55 1.57 1.61 1.62 1.68 1.77 1.77 1.78 1.92 1.93 1.97 2.06 2.26
 2.36 2.41 2.75 2.99]
var: 0.5003736388888887
| [0m39       [0m | [0m1.104    [0m | [0m0.1476   [0m | [0m6.858    [0m | [0m1.821    [0m |
[0.23 0.31 0.43 0.44 0.55 0.57 0.67 0.72 0.76 0.79 0.8  0.81 0.82 0.84
 0.85 0.86 0.98 1.   1.06 1.08 1.11 1.14 1.18 1.22 1.31 1.33 1.42 1.43
 1.45 1.59 1.6  1.61 1.62 1.66 1.66 1.72 1.79 1.8  1.81 1.89 1.98 1.99
 2.   2.07 2.4  2.52 2.57 2.69 2.71 2.72 2.86 2.92 2.93 2.99 3.24 3.38
 3.41 3.58 4.3  5.56]
var: 1.106113638888889
| [0m40       [0m | [0m1.729    [0m | [0m0.164    [0m | [0m22.73    [0m | [0m0.3951   [0m |
[0.16 0.23 0.26 0.36 0.75 0.86 0.87 1.03 1.09 1.1  1.32 1.4  1.42 1.5
 1.59 1.71 1.85 1.88 1.91 2.08 2.11 2.17 2.19 2.32 2.38 2.42 2.48 2.61
 2.71 2.73 2.8  2.88 2.89 2.9  2.93 3.12 3.17 3.18 3.21 3.26 3.33 3.37
 3.5  3.56 3.73 3.75 3.87 4.04 4.19 4.27 4.29 4.87 4.92 5.09 5.16 5.23
 5.33 5.51 5.97 7.53]
var: 2.4482978888888884
| [95m41       [0m | [95m2.822    [0m | [95m0.01198  [0m | [95m18.44    [0m | [95m0.1647   [0m |
[0.   0.   0.   0.   0.   0.   0.   0.   0.01 0.01 0.01 0.01 0.02 0.02
 0.02 0.02 0.02 0.02 0.03 0.03 0.03 0.03 0.03 0.04 0.04 0.04 0.04 0.05
 0.05 0.05 0.05 0.06 0.06 0.06 0.06 0.06 0.06 0.07 0.07 0.08 0.08 0.08
 0.08 0.1  0.1  0.11 0.12 0.12 0.12 0.13 0.14 0.14 0.15 0.15 0.16 0.17
 0.21 0.23 0.31 0.43]
var: 0.006164333333333338
| [0m42       [0m | [0m0.073    [0m | [0m0.2291   [0m | [0m17.91    [0m | [0m0.001    [0m |
[0.07 0.07 0.12 0.16 0.19 0.19 0.22 0.23 0.3  0.43 0.45 0.49 0.5  0.51
 0.52 0.52 0.54 0.59 0.6  0.68 0.76 0.77 0.78 0.81 0.9  0.93 0.96 0.97
 0.99 1.01 1.03 1.06 1.08 1.1  1.11 1.14 1.21 1.24 1.26 1.28 1.29 1.29
 1.32 1.46 1.48 1.52 1.55 1.64 1.66 1.98 1.99 2.   2.01 2.07 2.12 2.13
 2.87 2.9  3.35 3.51]
var: 0.6143483055555553
| [0m43       [0m | [0m1.132    [0m | [0m0.2006   [0m | [0m14.9     [0m | [0m1.633    [0m |
[0.45 0.74 0.83 1.08 1.42 1.6  1.69 1.86 1.92 1.95 2.02 2.06 2.11 2.24
 2.29 2.34 2.34 2.36 2.41 2.43 2.44 2.44 2.49 2.5  2.53 2.56 2.65 2.7
 2.74 2.75 2.77 2.8  2.82 2.84 2.84 2.91 3.03 3.06 3.09 3.1  3.24 3.26
 3.29 3.3  3.3  3.34 3.35 3.61 3.71 3.83 4.16 4.18 4.37 4.38 4.47 4.7
 4.85 5.62 5.91 6.32]
var: 1.34225275
| [95m44       [0m | [95m2.907    [0m | [95m0.07018  [0m | [95m18.58    [0m | [95m0.1536   [0m |
[0.   0.06 0.06 0.13 0.28 0.37 0.44 0.45 0.47 0.51 0.57 0.61 0.63 0.64
 0.71 0.73 0.75 0.78 0.79 0.79 0.8  0.85 0.85 0.85 0.87 0.88 0.97 1.08
 1.08 1.09 1.1  1.12 1.12 1.14 1.16 1.23 1.24 1.27 1.29 1.31 1.34 1.45
 1.55 1.55 1.62 1.71 1.71 1.8  1.81 1.82 1.83 1.87 1.91 1.93 2.   2.17
 2.23 2.5  2.64 3.77]
var: 0.48833822222222273
| [0m45       [0m | [0m1.171    [0m | [0m0.289    [0m | [0m32.58    [0m | [0m0.9755   [0m |
[0.   0.   0.   0.   0.   0.   0.   0.   0.   0.   0.   0.01 0.01 0.01
 0.01 0.01 0.01 0.02 0.02 0.02 0.02 0.04 0.04 0.05 0.05 0.06 0.06 0.06
 0.06 0.07 0.07 0.07 0.08 0.08 0.09 0.1  0.11 0.11 0.11 0.12 0.13 0.16
 0.17 0.19 0.2  0.2  0.23 0.23 0.23 0.26 0.29 0.29 0.31 0.31 0.33 0.34
 0.42 0.65 0.85 1.48]
var: 0.05548622222222245
| [0m46       [0m | [0m0.1473   [0m | [0m1e-08    [0m | [0m18.58    [0m | [0m0.3302   [0m |
[0.   0.02 0.04 0.05 0.07 0.1  0.11 0.16 0.35 0.41 0.48 0.51 0.6  0.62
 0.66 0.71 0.75 0.77 0.81 0.84 0.89 0.9  0.9  0.97 0.98 0.99 1.   1.01
 1.05 1.06 1.11 1.13 1.2  1.24 1.27 1.33 1.33 1.34 1.4  1.44 1.45 1.64
 1.73 1.75 1.89 1.98 2.05 2.07 2.16 2.19 2.33 2.37 2.47 2.52 2.59 2.62
 2.65 2.65 3.12 3.15]
var: 0.6981698888888879
| [0m47       [0m | [0m1.266    [0m | [0m0.007718 [0m | [0m48.92    [0m | [0m1.274    [0m |
[0.03 0.04 0.05 0.07 0.08 0.09 0.15 0.15 0.25 0.33 0.35 0.36 0.4  0.42
 0.42 0.42 0.47 0.47 0.47 0.51 0.52 0.54 0.55 0.57 0.57 0.59 0.62 0.62
 0.65 0.7  0.74 0.75 0.75 0.77 0.84 0.85 0.85 0.86 0.86 0.87 0.92 0.93
 0.95 1.09 1.13 1.15 1.15 1.16 1.18 1.21 1.22 1.24 1.25 1.3  1.37 1.56
 1.63 1.84 1.92 2.61]
var: 0.2576427500000003
| [0m48       [0m | [0m0.7735   [0m | [0m0.2044   [0m | [0m37.02    [0m | [0m2.278    [0m |
[0.01 0.15 0.22 0.22 0.28 0.36 0.4  0.41 0.52 0.53 0.54 0.58 0.59 0.61
 0.68 0.69 0.69 0.7  0.71 0.73 0.76 0.77 0.77 0.8  0.81 0.81 0.82 0.82
 0.85 0.85 0.89 0.9  0.95 0.96 1.   1.06 1.08 1.12 1.13 1.17 1.19 1.21
 1.27 1.41 1.47 1.51 1.54 1.6  1.67 1.68 1.7  1.81 2.15 2.15 2.34 2.78
 3.   3.01 3.07 3.81]
var: 0.6154794166666667
| [0m49       [0m | [0m1.139    [0m | [0m0.09609  [0m | [0m9.849    [0m | [0m2.677    [0m |
[0.44 0.44 0.57 0.76 0.82 0.95 1.03 1.03 1.07 1.12 1.15 1.18 1.3  1.43
 1.46 1.56 1.59 1.65 1.72 1.75 1.8  1.82 1.84 1.89 1.96 1.96 2.   2.04
 2.06 2.09 2.13 2.2  2.2  2.23 2.23 2.23 2.34 2.38 2.4  2.46 2.5  2.52
 2.52 2.56 2.61 2.62 2.65 2.73 2.76 2.83 3.01 3.06 3.07 3.09 3.23 3.24
 3.49 3.84 4.77 5.27]
var: 0.8868687500000012
| [0m50       [0m | [0m2.128    [0m | [0m0.1835   [0m | [0m18.49    [0m | [0m0.157    [0m |
[0.   0.03 0.12 0.13 0.2  0.21 0.22 0.23 0.28 0.34 0.44 0.46 0.54 0.56
 0.57 0.58 0.59 0.61 0.64 0.66 0.68 0.68 0.69 0.75 0.77 0.81 0.85 0.91
 0.91 0.95 1.03 1.15 1.15 1.17 1.17 1.19 1.22 1.22 1.24 1.25 1.25 1.28
 1.3  1.34 1.37 1.41 1.62 1.75 1.76 1.82 1.85 1.92 1.93 1.93 1.94 1.99
 2.52 3.08 3.16 3.69]
var: 0.5934349722222217
| [0m51       [0m | [0m1.102    [0m | [0m0.1204   [0m | [0m40.21    [0m | [0m2.143    [0m |
[0.62 1.11 1.32 1.39 1.45 1.53 1.59 1.61 1.66 1.9  1.98 1.98 2.02 2.2
 2.21 2.24 2.27 2.3  2.39 2.42 2.55 2.55 2.55 2.59 2.69 2.77 2.8  2.81
 2.82 2.88 2.98 3.1  3.13 3.13 3.21 3.24 3.28 3.28 3.46 3.54 3.6  3.61
 3.62 3.69 3.94 4.01 4.07 4.13 4.17 4.25 4.28 4.35 4.51 4.66 5.17 5.23
 5.37 5.4  5.82 6.16]
var: 1.5071649722222216
| [95m52       [0m | [95m3.093    [0m | [95m0.04668  [0m | [95m18.56    [0m | [95m0.1049   [0m |
[0.1  0.11 0.12 0.2  0.2  0.3  0.34 0.41 0.52 0.62 0.64 0.65 0.74 0.8
 0.9  0.96 1.01 1.03 1.04 1.04 1.04 1.06 1.13 1.17 1.17 1.23 1.23 1.23
 1.3  1.33 1.39 1.41 1.41 1.42 1.59 1.69 1.75 1.77 1.8  1.96 2.   2.03
 2.05 2.06 2.06 2.13 2.18 2.19 2.27 2.42 2.45 2.46 2.56 2.59 2.88 3.1
 3.45 3.5  3.87 3.87]
var: 0.872060305555555
| [0m53       [0m | [0m1.532    [0m | [0m0.06313  [0m | [0m3.631    [0m | [0m0.5575   [0m |
[0.1  0.15 0.18 0.28 0.35 0.51 0.58 0.59 0.59 0.61 0.64 0.66 0.69 0.71
 0.74 0.77 0.78 0.78 0.8  0.86 0.89 0.92 0.98 1.   1.01 1.05 1.11 1.14
 1.14 1.16 1.16 1.17 1.24 1.35 1.45 1.51 1.57 1.58 1.58 1.59 1.67 1.73
 1.75 1.9  1.95 1.97 2.08 2.15 2.2  2.22 2.43 2.54 2.62 2.67 2.73 2.77
 2.89 3.   3.1  3.81]
var: 0.7103787500000001
| [0m54       [0m | [0m1.403    [0m | [0m0.04642  [0m | [0m24.62    [0m | [0m2.173    [0m |
[0.08 0.19 0.21 0.22 0.22 0.22 0.24 0.26 0.29 0.37 0.41 0.48 0.5  0.57
 0.6  0.64 0.67 0.7  0.71 0.71 0.72 0.73 0.75 0.76 0.77 0.77 0.81 0.81
 0.83 0.85 0.86 0.88 0.89 0.91 0.91 0.92 0.96 0.97 1.   1.04 1.07 1.08
 1.13 1.21 1.23 1.32 1.4  1.4  1.4  1.49 1.49 1.81 1.85 1.88 1.93 1.95
 1.97 2.   3.03 3.84]
var: 0.4582860833333339
| [0m55       [0m | [0m0.9985   [0m | [0m0.08862  [0m | [0m18.58    [0m | [0m0.01173  [0m |
[0.02 0.09 0.36 0.38 0.4  0.41 0.45 0.49 0.54 0.58 0.59 0.61 0.62 0.63
 0.65 0.66 0.67 0.69 0.75 0.75 0.75 0.78 0.8  0.81 0.9  0.91 0.92 0.93
 0.98 1.04 1.12 1.13 1.16 1.17 1.24 1.25 1.27 1.3  1.39 1.4  1.4  1.45
 1.45 1.59 1.6  1.6  1.6  1.64 1.67 1.77 1.78 1.92 1.93 2.02 2.08 2.22
 2.37 2.51 2.81 3.05]
var: 0.42869541666666655
| [0m56       [0m | [0m1.168    [0m | [0m0.2259   [0m | [0m24.97    [0m | [0m0.9364   [0m |
[0.03 0.33 0.39 0.45 0.55 0.88 0.95 0.96 0.97 1.   1.01 1.05 1.09 1.17
 1.23 1.23 1.32 1.34 1.34 1.35 1.43 1.45 1.48 1.5  1.54 1.69 1.79 1.84
 1.86 1.89 2.08 2.17 2.21 2.21 2.25 2.3  2.32 2.41 2.43 2.52 2.53 2.57
 2.83 2.83 3.06 3.09 3.18 3.21 3.3  3.51 3.56 3.62 3.7  3.74 4.03 4.08
 4.12 4.44 4.56 5.23]
var: 1.4122522222222218
| [0m57       [0m | [0m2.153    [0m | [0m0.1609   [0m | [0m18.45    [0m | [0m0.2445   [0m |
[0.16 0.32 0.36 0.5  1.03 1.14 1.16 1.19 1.56 1.64 1.65 1.68 1.74 1.75
 1.8  1.85 2.   2.   2.02 2.1  2.17 2.21 2.22 2.32 2.37 2.41 2.42 2.44
 2.48 2.49 2.53 2.53 2.72 2.74 2.96 3.01 3.03 3.03 3.07 3.17 3.18 3.29
 3.38 3.49 3.59 3.59 3.6  3.77 4.02 4.09 4.21 4.76 5.24 5.27 5.34 5.41
 5.52 5.54 6.78 7.04]
var: 2.2842615555555565
| [0m58       [0m | [0m2.851    [0m | [0m0.04823  [0m | [0m18.61    [0m | [0m0.127    [0m |
[0.1  0.65 1.05 1.24 1.26 1.34 1.56 1.77 1.78 1.81 1.82 1.92 1.96 1.99
 2.09 2.12 2.21 2.27 2.3  2.34 2.52 2.56 2.58 2.6  2.66 2.79 2.81 2.81
 2.87 2.94 2.97 2.98 3.02 3.04 3.1  3.31 3.36 3.39 3.46 3.51 3.55 3.6
 3.62 3.89 3.93 4.01 4.09 4.11 4.28 4.36 4.39 4.53 4.64 4.78 4.79 4.9
 5.07 5.29 5.65 6.71]
var: 1.6677643055555542
| [0m59       [0m | [0m3.051    [0m | [0m0.0296   [0m | [0m18.46    [0m | [0m0.1864   [0m |
[0.06 0.56 0.57 0.91 0.99 1.05 1.09 1.22 1.33 1.34 1.46 1.48 1.5  1.5
 1.55 1.57 1.61 1.75 1.84 1.86 1.87 1.91 1.97 1.98 1.99 1.99 2.03 2.08
 2.1  2.12 2.26 2.3  2.39 2.43 2.51 2.54 2.56 2.56 2.61 2.61 2.64 2.7
 2.85 2.9  2.95 3.05 3.33 3.4  3.46 3.49 3.51 3.54 3.62 3.63 3.84 4.08
 4.46 4.78 4.87 7.13]
var: 1.4361682222222214
| [0m60       [0m | [0m2.405    [0m | [0m0.1414   [0m | [0m18.33    [0m | [0m0.2059   [0m |
[0.   0.   0.01 0.03 0.04 0.08 0.18 0.24 0.26 0.27 0.29 0.3  0.32 0.41
 0.5  0.51 0.52 0.52 0.58 0.59 0.61 0.64 0.66 0.7  0.71 0.73 0.74 0.78
 0.79 0.79 0.86 0.93 0.99 1.   1.01 1.02 1.03 1.03 1.04 1.04 1.12 1.12
 1.13 1.15 1.18 1.24 1.33 1.34 1.37 1.4  1.53 1.76 1.84 1.86 1.88 2.22
 2.24 2.32 3.07 3.28]
var: 0.4978369722222222
| [0m61       [0m | [0m0.9522   [0m | [0m0.2836   [0m | [0m33.08    [0m | [0m1.761    [0m |
[0.15 0.26 0.32 0.59 0.69 0.72 0.84 0.85 0.96 1.03 1.04 1.08 1.25 1.32
 1.35 1.35 1.35 1.43 1.44 1.54 1.55 1.6  1.6  1.71 1.77 1.85 1.86 1.97
 2.01 2.13 2.17 2.2  2.28 2.33 2.4  2.41 2.47 2.47 2.58 2.62 2.67 2.67
 2.7  2.7  2.84 2.86 2.97 3.05 3.18 3.27 3.33 3.48 3.58 3.64 3.68 4.05
 4.11 4.33 4.61 5.38]
var: 1.2909195555555562
| [0m62       [0m | [0m2.177    [0m | [0m0.1674   [0m | [0m18.38    [0m | [0m0.1569   [0m |
[0.04 0.08 0.11 0.18 0.19 0.23 0.25 0.26 0.34 0.37 0.42 0.45 0.48 0.56
 0.58 0.66 0.69 0.73 0.76 0.78 0.79 0.8  0.84 0.84 0.85 0.88 0.9  0.91
 0.91 0.93 0.97 0.97 1.   1.02 1.05 1.14 1.24 1.29 1.33 1.37 1.45 1.64
 1.73 1.73 1.76 1.79 1.81 1.91 2.   2.01 2.17 2.19 2.25 2.55 2.66 2.82
 2.98 3.35 4.13 4.9 ]
var: 0.968057666666667
| [0m63       [0m | [0m1.267    [0m | [0m0.203    [0m | [0m3.309    [0m | [0m0.6598   [0m |
[0.34 0.41 0.99 1.08 1.33 1.53 1.76 1.87 1.97 2.   2.03 2.07 2.08 2.15
 2.21 2.24 2.27 2.31 2.37 2.4  2.43 2.54 2.55 2.64 2.7  2.87 2.9  2.9
 2.92 2.93 2.97 3.23 3.26 3.3  3.34 3.36 3.43 3.5  3.61 3.67 3.67 3.8
 4.17 4.39 4.42 4.49 4.53 4.63 4.77 4.85 4.88 4.89 5.18 5.37 5.48 5.71
 5.83 6.75 6.99 8.32]
var: 2.5241865555555565
| [95m64       [0m | [95m3.326    [0m | [95m0.00955  [0m | [95m18.62    [0m | [95m0.09979  [0m |
[0.13 0.39 0.51 0.92 1.06 1.09 1.15 1.28 1.39 1.44 1.45 1.52 1.54 1.57
 1.63 1.66 1.78 1.79 1.83 1.83 2.   2.01 2.08 2.13 2.23 2.28 2.32 2.32
 2.36 2.39 2.42 2.49 2.54 2.73 2.78 2.89 3.   3.11 3.23 3.32 3.36 3.37
 3.49 3.64 3.69 3.76 4.08 4.12 4.14 4.34 4.43 4.45 4.64 4.68 5.01 5.08
 5.49 5.55 5.57 8.44]
var: 2.366948222222222
| [0m65       [0m | [0m2.799    [0m | [0m0.1221   [0m | [0m18.48    [0m | [0m0.1227   [0m |
[0.06 0.57 0.58 0.65 1.06 1.15 1.36 1.4  1.48 1.55 1.57 1.67 1.7  1.86
 1.88 2.01 2.04 2.04 2.06 2.09 2.19 2.28 2.28 2.36 2.4  2.43 2.46 2.54
 2.56 2.62 2.64 2.66 2.74 2.77 2.77 2.79 2.8  2.82 2.83 2.86 2.89 2.94
 2.97 3.28 3.39 3.47 3.51 3.61 3.65 3.67 3.72 3.72 3.83 4.08 4.09 4.27
 4.44 5.01 5.58 6.18]
var: 1.3782326666666658
| [0m66       [0m | [0m2.648    [0m | [0m0.09408  [0m | [0m18.46    [0m | [0m0.2101   [0m |
[0.15 0.88 1.1  1.36 1.47 1.59 1.74 1.79 1.84 2.   2.14 2.21 2.26 2.29
 2.34 2.39 2.42 2.49 2.5  2.61 2.66 2.7  2.73 2.74 2.83 2.88 2.91 2.97
 3.01 3.16 3.17 3.21 3.22 3.23 3.46 3.55 3.72 3.72 3.85 3.88 3.99 3.99
 4.   4.03 4.12 4.14 4.15 4.17 4.28 4.36 4.41 4.53 4.6  4.98 5.28 5.34
 5.59 6.07 6.41 6.95]
var: 1.8256940000000017
| [0m67       [0m | [0m3.276    [0m | [0m0.02665  [0m | [0m18.66    [0m | [0m0.1323   [0m |
[ 0.59  1.06  1.11  1.16  1.42  1.43  1.52  1.57  1.61  1.68  1.76  1.81
  1.86  1.95  2.09  2.27  2.33  2.33  2.34  2.47  2.49  2.57  2.67  2.8
  2.85  2.9   2.93  2.96  3.04  3.04  3.04  3.05  3.13  3.14  3.21  3.32
  3.37  3.43  3.43  3.52  3.59  3.6   3.66  3.75  3.82  3.84  3.88  4.02
  4.59  4.64  4.8   4.91  5.4   5.49  5.52  5.7   6.46  6.77  9.91 10.6 ]
var: 3.4471522222222233
| [95m68       [0m | [95m3.337    [0m | [95m0.005184 [0m | [95m18.5     [0m | [95m0.1857   [0m |
[0.16 0.2  0.27 0.29 0.29 0.5  1.05 1.12 1.58 1.65 1.66 1.72 1.72 1.75
 1.81 1.85 2.13 2.23 2.26 2.36 2.48 2.53 2.56 2.62 2.64 2.66 2.72 2.73
 2.85 2.98 3.   3.14 3.23 3.23 3.23 3.26 3.27 3.3  3.42 3.48 3.51 3.52
 3.59 3.61 3.63 3.8  3.85 3.85 4.01 4.07 4.09 4.17 4.18 4.44 4.56 5.7
 5.93 6.72 6.77 7.75]
var: 2.4995082222222225
| [0m69       [0m | [0m2.961    [0m | [0m0.02497  [0m | [0m18.56    [0m | [0m0.1948   [0m |
[0.09 0.22 0.45 0.48 0.63 0.64 0.71 0.72 0.75 1.04 1.05 1.24 1.27 1.27
 1.4  1.54 1.54 1.71 1.79 1.82 1.85 1.86 1.89 1.9  1.94 1.99 1.99 1.99
 2.07 2.09 2.15 2.19 2.4  2.4  2.46 2.47 2.47 2.51 2.53 2.59 2.72 3.01
 3.01 3.05 3.07 3.1  3.14 3.23 3.47 3.52 3.59 3.64 3.73 3.99 4.09 4.54
 4.55 5.19 6.07 8.27]
var: 2.108381555555556
| [0m70       [0m | [0m2.385    [0m | [0m0.09315  [0m | [0m18.25    [0m | [0m0.2992   [0m |
[0.2  0.42 0.43 0.9  1.03 1.09 1.61 1.61 1.7  1.74 1.79 1.87 1.91 2.08
 2.12 2.24 2.26 2.29 2.33 2.33 2.35 2.43 2.52 2.6  2.61 2.68 2.72 2.88
 2.92 3.02 3.02 3.04 3.11 3.15 3.16 3.19 3.22 3.36 3.36 3.39 3.57 3.61
 3.62 3.62 3.65 3.73 3.9  3.99 4.02 4.23 4.37 4.56 4.81 4.91 4.99 5.1
 5.13 5.51 5.53 7.04]
var: 1.8372080833333333
| [0m71       [0m | [0m3.01     [0m | [0m0.03528  [0m | [0m18.74    [0m | [0m0.1092   [0m |
[0.31 0.34 0.37 0.46 0.49 0.56 0.57 0.57 0.61 0.64 0.7  0.71 0.72 0.76
 0.77 0.79 0.79 1.05 1.05 1.12 1.15 1.18 1.19 1.43 1.43 1.44 1.45 1.49
 1.59 1.7  1.7  1.73 1.75 1.83 1.85 2.06 2.27 2.28 2.32 2.33 2.33 2.34
 2.35 2.47 2.54 2.61 2.63 2.75 2.88 2.9  3.   3.03 3.1  3.1  3.64 3.76
 3.97 4.29 4.89 6.28]
var: 1.4962160833333324
| [0m72       [0m | [0m1.874    [0m | [0m0.0002756[0m | [0m12.1     [0m | [0m2.269    [0m |
[0.16 0.25 0.27 0.29 0.29 0.32 0.33 0.42 0.48 0.53 0.53 0.54 0.61 0.62
 0.63 0.65 0.66 0.67 0.71 0.72 0.74 0.77 0.78 0.78 0.79 0.8  0.8  0.8
 0.83 0.85 0.86 0.87 0.87 0.88 0.91 0.92 0.94 0.94 0.96 1.02 1.03 1.06
 1.07 1.08 1.11 1.14 1.15 1.18 1.18 1.24 1.24 1.27 1.37 1.43 1.45 1.49
 1.49 1.51 1.59 1.63]
var: 0.13071500000000003
| [0m73       [0m | [0m0.875    [0m | [0m0.008847 [0m | [0m18.9     [0m | [0m0.02286  [0m |
[0.51 0.58 0.75 0.76 1.21 1.24 1.26 1.34 1.73 1.79 1.79 1.8  1.99 2.05
 2.09 2.11 2.11 2.16 2.22 2.32 2.42 2.55 2.56 2.59 2.62 2.81 2.86 2.98
 3.01 3.18 3.35 3.41 3.41 3.45 3.48 3.64 3.64 3.71 3.8  3.93 3.94 4.
 4.02 4.05 4.05 4.07 4.1  4.14 4.18 4.23 4.38 4.45 4.77 4.8  4.87 4.93
 4.95 5.26 6.8  7.61]
var: 2.0627716388888895
| [0m74       [0m | [0m3.147    [0m | [0m0.01888  [0m | [0m18.65    [0m | [0m0.05839  [0m |
[0.01 0.05 0.09 0.12 0.15 0.22 0.26 0.3  0.4  0.4  0.42 0.47 0.5  0.51
 0.51 0.52 0.62 0.72 0.75 0.79 0.85 0.86 0.94 0.97 1.   1.   1.01 1.14
 1.21 1.27 1.3  1.36 1.37 1.39 1.53 1.58 1.58 1.58 1.59 1.6  1.65 1.72
 1.77 1.78 1.8  1.82 1.87 1.87 1.93 1.94 1.96 2.04 2.06 2.46 2.59 2.62
 2.74 2.79 3.08 3.29]
var: 0.6573615555555555
| [0m75       [0m | [0m1.279    [0m | [0m0.05282  [0m | [0m13.25    [0m | [0m2.298    [0m |
[0.27 0.35 0.45 0.47 0.56 0.58 0.63 0.86 0.88 0.92 1.01 1.02 1.03 1.05
 1.11 1.2  1.21 1.25 1.26 1.29 1.3  1.31 1.32 1.34 1.35 1.39 1.4  1.43
 1.52 1.54 1.55 1.62 1.69 1.71 1.76 1.76 1.77 1.78 1.8  1.87 1.94 1.96
 1.98 1.98 2.09 2.3  2.33 2.37 2.44 2.5  2.65 2.84 2.99 3.07 3.38 3.66
 4.   4.92 5.32 5.66]
var: 1.2636194166666674
| [0m76       [0m | [0m1.817    [0m | [0m0.2388   [0m | [0m18.15    [0m | [0m0.2975   [0m |
[0.12 0.24 0.28 0.36 0.36 0.36 0.44 0.54 0.64 0.77 0.77 0.8  0.81 0.84
 0.9  0.92 0.97 0.97 1.15 1.34 1.41 1.47 1.48 1.52 1.69 1.71 1.72 1.73
 1.74 1.79 1.81 1.81 1.82 1.84 1.89 1.99 2.02 2.06 2.12 2.26 2.3  2.37
 2.39 2.41 2.44 2.48 2.58 2.69 2.7  2.77 2.8  2.91 2.96 3.02 3.04 3.1
 3.15 3.46 4.2  4.26]
var: 0.9690127500000003
| [0m77       [0m | [0m1.792    [0m | [0m0.03152  [0m | [0m14.24    [0m | [0m1.184    [0m |
[0.5  0.67 0.8  0.81 0.81 0.93 0.94 0.98 1.18 1.25 1.31 1.31 1.42 1.45
 1.63 1.67 1.68 1.82 1.82 1.84 1.9  1.91 1.97 1.97 2.01 2.02 2.04 2.05
 2.1  2.27 2.28 2.34 2.35 2.35 2.36 2.42 2.45 2.5  2.5  2.54 2.55 2.56
 2.56 2.57 2.73 2.74 2.78 2.89 3.2  3.25 3.45 3.49 3.69 3.79 3.97 4.05
 4.51 4.57 4.74 6.35]
var: 1.2475727499999998
| [0m78       [0m | [0m2.327    [0m | [0m0.06024  [0m | [0m18.08    [0m | [0m0.3847   [0m |
[0.08 0.31 0.33 0.41 0.52 0.54 0.58 0.92 1.   1.45 1.46 1.57 1.68 1.75
 1.83 1.92 2.04 2.07 2.11 2.2  2.27 2.3  2.35 2.4  2.44 2.47 2.52 2.55
 2.68 2.79 2.92 2.95 3.04 3.06 3.21 3.24 3.25 3.41 3.45 3.48 3.6  3.69
 3.7  3.74 3.86 3.94 4.08 4.16 4.19 4.36 4.44 4.5  4.6  4.66 4.81 5.17
 5.21 5.7  6.71 8.64]
var: 2.66501163888889
| [0m79       [0m | [0m2.922    [0m | [0m0.03853  [0m | [0m18.54    [0m | [0m0.1295   [0m |
[0.04 0.09 0.12 0.15 0.26 0.32 0.37 0.37 0.39 0.54 0.57 0.62 0.64 0.64
 0.68 0.69 0.7  0.71 0.78 0.78 0.8  0.81 0.87 0.89 1.02 1.19 1.21 1.25
 1.27 1.27 1.27 1.31 1.34 1.37 1.41 1.42 1.44 1.46 1.47 1.47 1.48 1.51
 1.59 1.6  1.67 1.88 1.95 1.96 2.   2.22 2.31 2.33 2.51 2.56 2.61 2.76
 2.96 3.68 4.32 5.05]
var: 0.9832054166666674
| [0m80       [0m | [0m1.383    [0m | [0m0.0939   [0m | [0m13.16    [0m | [0m1.406    [0m |
=============================================================
None
num_trials:  40  inits,  40  iters,  60  per
rho:  1.1
pthin:  0.40

Best VPT: 3.336666666666668
Best result: {'a': 0.005184313954555775, 'g': 18.50115453064782, 's': 0.18570050212376654}

KERNEL: nu=1.5, lengthscale=2.0, alpha=0.0005
