|   iter    |  target   |     a     |     g     |     s     |
-------------------------------------------------------------
[0.04 0.04 0.08 0.09 0.15 0.18 0.23 0.31 0.32 0.46 0.46 0.57 0.58 0.6
 0.66 0.7  0.7  0.81 0.84 0.87 0.91 0.93 0.94 1.01 1.02 1.1  1.24 1.34
 1.35 1.37 1.41 1.44 1.5  1.54 1.58 1.58 1.62 1.64 1.64 1.68 1.69 1.71
 1.72 1.8  1.84 1.85 1.86 1.95 1.97 1.99 2.01 2.23 2.35 2.56 2.62 2.63
 2.89 2.93 3.85 5.22]
var: 0.9180322222222219
| [0m1        [0m | [0m1.387    [0m | [0m0.02273  [0m | [0m49.18    [0m | [0m0.744    [0m |
[0.   0.05 0.15 0.17 0.2  0.21 0.24 0.26 0.35 0.4  0.4  0.44 0.46 0.52
 0.52 0.52 0.53 0.66 0.69 0.7  0.7  0.7  0.71 0.73 0.75 0.75 0.76 0.77
 0.78 0.78 0.8  0.82 0.83 0.87 0.89 0.91 0.94 0.95 0.99 1.01 1.05 1.05
 1.05 1.06 1.13 1.14 1.14 1.16 1.17 1.28 1.31 1.34 1.37 1.42 1.44 1.65
 1.68 1.83 1.86 1.89]
var: 0.20219697222222202
| [0m2        [0m | [0m0.8488   [0m | [0m0.2948   [0m | [0m20.75    [0m | [0m2.401    [0m |
[0.04 0.09 0.14 0.14 0.17 0.19 0.26 0.32 0.34 0.36 0.42 0.46 0.49 0.51
 0.55 0.61 0.63 0.65 0.66 0.66 0.67 0.68 0.68 0.68 0.72 0.73 0.74 0.77
 0.77 0.77 0.77 0.81 0.83 0.86 0.89 0.89 0.9  0.9  0.97 1.   1.08 1.08
 1.09 1.12 1.15 1.16 1.16 1.2  1.28 1.32 1.33 1.38 1.4  1.66 1.69 1.71
 1.86 1.87 1.94 2.06]
var: 0.23404899999999976
| [0m3        [0m | [0m0.871    [0m | [0m0.1428   [0m | [0m9.337    [0m | [0m2.53     [0m |
[0.   0.   0.02 0.02 0.04 0.06 0.07 0.13 0.19 0.26 0.27 0.34 0.34 0.36
 0.4  0.42 0.42 0.44 0.44 0.46 0.46 0.48 0.48 0.49 0.51 0.55 0.6  0.62
 0.63 0.68 0.7  0.72 0.74 0.75 0.75 0.76 0.78 0.79 0.8  0.8  0.81 0.85
 0.85 0.85 0.88 0.89 0.89 0.9  0.92 0.93 0.94 0.98 0.99 1.03 1.04 1.07
 1.23 1.36 1.93 2.31]
var: 0.1811043333333334
| [0m4        [0m | [0m0.657    [0m | [0m0.08838  [0m | [0m39.5     [0m | [0m2.234    [0m |
[0.59 0.59 0.59 0.6  0.63 0.82 0.88 1.14 1.37 1.4  1.42 1.46 1.47 1.47
 1.51 1.55 1.64 1.66 1.69 1.75 1.84 1.88 1.91 2.02 2.03 2.04 2.05 2.09
 2.09 2.1  2.12 2.18 2.26 2.39 2.39 2.41 2.42 2.46 2.47 2.48 2.49 2.49
 2.51 2.52 2.82 2.86 2.87 2.92 2.98 3.14 3.28 3.33 3.36 3.57 3.75 3.82
 4.03 4.37 4.56 4.82]
var: 0.9780143055555546
| [95m5        [0m | [95m2.239    [0m | [95m0.06087  [0m | [95m12.09    [0m | [95m0.07835  [0m |
[0.04 0.07 0.14 0.28 0.3  0.35 0.35 0.35 0.39 0.46 0.47 0.48 0.48 0.49
 0.49 0.56 0.58 0.62 0.64 0.68 0.69 0.74 0.75 0.77 0.78 0.78 0.78 0.8
 0.81 0.82 0.83 0.84 0.85 0.9  0.91 0.91 0.92 0.95 0.98 1.02 1.03 1.05
 1.06 1.06 1.06 1.08 1.12 1.13 1.14 1.17 1.18 1.18 1.27 1.32 1.48 1.52
 1.53 1.68 1.92 3.36]
var: 0.25391830555555556
| [0m6        [0m | [0m0.8732   [0m | [0m0.03561  [0m | [0m3.413    [0m | [0m1.654    [0m |
[0.36 0.39 0.55 0.65 0.73 0.79 0.94 0.99 1.01 1.04 1.05 1.06 1.08 1.2
 1.21 1.21 1.23 1.24 1.27 1.33 1.34 1.35 1.4  1.41 1.43 1.44 1.49 1.52
 1.56 1.6  1.63 1.63 1.66 1.73 1.74 1.77 1.77 1.8  1.83 1.87 1.88 1.92
 1.98 2.08 2.1  2.1  2.16 2.24 2.46 2.68 2.73 2.77 2.84 2.87 2.88 2.93
 3.3  3.42 3.42 4.96]
var: 0.7091532222222227
| [0m7        [0m | [0m1.75     [0m | [0m0.08394  [0m | [0m11.98    [0m | [0m0.3622   [0m |
[0.   0.01 0.02 0.07 0.09 0.21 0.22 0.24 0.24 0.25 0.27 0.28 0.28 0.3
 0.3  0.3  0.3  0.32 0.34 0.34 0.37 0.38 0.38 0.39 0.4  0.4  0.42 0.42
 0.49 0.51 0.52 0.52 0.55 0.56 0.57 0.58 0.58 0.6  0.6  0.61 0.64 0.69
 0.7  0.72 0.73 0.73 0.74 0.78 0.78 0.79 0.89 0.9  0.9  0.9  0.97 1.02
 1.07 1.21 1.27 1.72]
var: 0.107703222222222
| [0m8        [0m | [0m0.5397   [0m | [0m0.2563   [0m | [0m1.939    [0m | [0m2.675    [0m |
[0.02 0.07 0.09 0.12 0.13 0.15 0.15 0.16 0.18 0.19 0.2  0.2  0.21 0.22
 0.23 0.23 0.24 0.24 0.27 0.28 0.28 0.3  0.31 0.33 0.35 0.36 0.4  0.43
 0.44 0.5  0.54 0.56 0.58 0.61 0.65 0.65 0.69 0.7  0.71 0.72 0.79 0.81
 0.87 0.91 0.93 0.94 0.96 0.97 0.99 1.19 1.19 1.2  1.21 1.27 1.29 1.29
 1.36 1.53 1.56 1.88]
var: 0.199576972222222
| [0m9        [0m | [0m0.6138   [0m | [0m0.1986   [0m | [0m39.3     [0m | [0m2.949    [0m |
[0.   0.01 0.02 0.02 0.04 0.05 0.07 0.07 0.08 0.08 0.09 0.13 0.13 0.15
 0.27 0.28 0.28 0.33 0.34 0.34 0.36 0.42 0.46 0.46 0.46 0.47 0.5  0.51
 0.58 0.62 0.62 0.65 0.74 0.75 0.8  0.82 0.83 0.95 1.03 1.08 1.1  1.15
 1.16 1.2  1.23 1.24 1.24 1.26 1.34 1.4  1.4  1.56 1.59 1.66 1.68 1.72
 1.77 2.16 2.17 2.7 ]
var: 0.40639433333333386
| [0m10       [0m | [0m0.777    [0m | [0m0.02663  [0m | [0m46.79    [0m | [0m2.433    [0m |
[0.05 0.07 0.11 0.18 0.18 0.29 0.48 0.48 0.51 0.52 0.56 0.57 0.58 0.59
 0.64 0.81 0.82 0.85 0.88 0.93 0.95 0.99 0.99 1.02 1.02 1.04 1.05 1.07
 1.07 1.09 1.11 1.14 1.18 1.21 1.23 1.25 1.25 1.32 1.35 1.36 1.4  1.4
 1.4  1.42 1.44 1.48 1.49 1.53 1.57 1.59 1.67 1.73 1.75 1.75 1.82 1.85
 2.   2.14 2.39 2.71]
var: 0.31812599999999985
| [0m11       [0m | [0m1.122    [0m | [0m0.2245   [0m | [0m25.89    [0m | [0m0.427    [0m |
[0.   0.04 0.09 0.11 0.11 0.12 0.13 0.13 0.16 0.19 0.23 0.23 0.24 0.25
 0.28 0.3  0.31 0.32 0.36 0.45 0.46 0.49 0.52 0.55 0.56 0.56 0.56 0.58
 0.59 0.66 0.66 0.67 0.71 0.73 0.76 0.76 0.77 0.86 0.86 0.87 0.92 0.92
 0.93 0.97 1.12 1.14 1.15 1.17 1.18 1.18 1.25 1.35 1.4  1.41 1.42 1.86
 2.   2.15 2.16 2.41]
var: 0.32103822222222195
| [0m12       [0m | [0m0.7553   [0m | [0m0.04092  [0m | [0m3.516    [0m | [0m2.375    [0m |
[0.03 0.08 0.37 0.65 0.68 0.71 0.76 0.78 0.78 0.78 0.8  0.93 0.96 1.02
 1.04 1.16 1.22 1.23 1.27 1.31 1.32 1.33 1.35 1.38 1.42 1.44 1.57 1.59
 1.68 1.69 1.71 1.76 1.85 1.86 2.02 2.11 2.14 2.15 2.17 2.26 2.29 2.32
 2.36 2.43 2.46 2.48 2.56 2.63 2.83 2.83 3.27 3.31 3.39 3.42 3.53 3.7
 3.84 4.6  5.1  7.07]
var: 1.568217666666667
| [0m13       [0m | [0m1.963    [0m | [0m0.005187 [0m | [0m5.156    [0m | [0m0.5807   [0m |
[0.01 0.03 0.06 0.07 0.1  0.11 0.14 0.16 0.16 0.26 0.45 0.47 0.49 0.51
 0.52 0.57 0.6  0.63 0.7  0.71 0.71 0.73 0.9  0.93 0.96 0.97 1.02 1.05
 1.11 1.13 1.14 1.19 1.21 1.23 1.27 1.33 1.34 1.42 1.45 1.48 1.67 1.71
 1.71 1.72 1.73 1.75 1.77 1.78 1.8  1.89 1.93 1.94 1.97 2.1  2.13 2.15
 2.34 2.36 2.37 2.81]
var: 0.5145309722222221
| [0m14       [0m | [0m1.149    [0m | [0m0.02996  [0m | [0m43.49    [0m | [0m1.094    [0m |
[0.06 0.09 0.19 0.23 0.25 0.26 0.3  0.34 0.34 0.35 0.36 0.38 0.39 0.43
 0.47 0.48 0.49 0.51 0.56 0.62 0.64 0.64 0.65 0.65 0.68 0.68 0.69 0.7
 0.7  0.71 0.8  0.8  0.8  0.81 0.82 0.87 0.87 0.88 0.91 0.97 1.04 1.12
 1.18 1.26 1.27 1.27 1.36 1.49 1.49 1.53 1.53 1.66 1.72 1.83 1.93 1.94
 1.99 2.39 3.04 3.06]
var: 0.43307363888888856
| [0m15       [0m | [0m0.9412   [0m | [0m0.2156   [0m | [0m5.794    [0m | [0m1.355    [0m |
[0.02 0.03 0.06 0.11 0.12 0.15 0.16 0.26 0.31 0.32 0.37 0.4  0.45 0.48
 0.5  0.61 0.62 0.65 0.65 0.67 0.68 0.68 0.69 0.69 0.76 0.77 0.8  0.81
 0.94 0.98 1.02 1.04 1.08 1.09 1.09 1.11 1.21 1.22 1.25 1.27 1.27 1.34
 1.35 1.39 1.41 1.59 1.6  1.61 1.67 1.81 1.83 1.85 1.88 1.97 2.02 2.04
 2.05 2.3  2.5  2.62]
var: 0.43329766666666714
| [0m16       [0m | [0m1.037    [0m | [0m0.1679   [0m | [0m21.25    [0m | [0m1.132    [0m |
[0.01 0.03 0.03 0.04 0.04 0.09 0.25 0.26 0.29 0.29 0.37 0.39 0.39 0.4
 0.41 0.42 0.48 0.48 0.52 0.52 0.55 0.55 0.57 0.59 0.6  0.61 0.62 0.64
 0.67 0.7  0.71 0.72 0.73 0.74 0.74 0.76 0.77 0.78 0.8  0.82 0.83 0.92
 1.01 1.01 1.07 1.08 1.25 1.27 1.31 1.34 1.47 1.69 1.69 1.88 1.89 1.91
 1.93 1.98 2.38 2.42]
var: 0.3487760833333337
| [0m17       [0m | [0m0.8285   [0m | [0m0.1745   [0m | [0m28.3     [0m | [0m2.78     [0m |
[0.06 0.06 0.09 0.09 0.11 0.12 0.21 0.33 0.35 0.43 0.47 0.56 0.57 0.59
 0.6  0.61 0.66 0.67 0.69 0.69 0.69 0.69 0.7  0.72 0.74 0.75 0.76 0.82
 0.82 0.82 0.82 0.83 0.85 0.88 0.92 0.94 0.97 1.05 1.05 1.05 1.06 1.06
 1.08 1.08 1.09 1.11 1.16 1.24 1.26 1.27 1.28 1.38 1.39 1.42 1.72 1.72
 1.79 1.83 1.87 3.05]
var: 0.27649163888888884
| [0m18       [0m | [0m0.8948   [0m | [0m0.07672  [0m | [0m23.8     [0m | [0m2.864    [0m |
[0.   0.01 0.01 0.03 0.05 0.08 0.1  0.11 0.11 0.13 0.15 0.18 0.29 0.33
 0.39 0.4  0.43 0.44 0.44 0.47 0.56 0.62 0.63 0.65 0.67 0.69 0.71 0.74
 0.79 0.84 0.84 0.86 0.86 0.87 0.89 0.91 0.91 0.91 0.94 0.95 0.96 1.
 1.   1.   1.01 1.03 1.06 1.08 1.11 1.11 1.15 1.22 1.27 1.29 1.4  1.56
 1.78 1.79 1.88 2.82]
var: 0.28811163888888924
| [0m19       [0m | [0m0.7752   [0m | [0m0.293    [0m | [0m36.93    [0m | [0m2.186    [0m |
[0.04 0.16 0.21 0.23 0.26 0.26 0.28 0.33 0.55 0.61 0.63 0.65 0.65 0.7
 0.7  0.71 0.74 0.74 0.75 0.79 0.8  0.96 1.04 1.05 1.06 1.09 1.1  1.1
 1.16 1.16 1.18 1.32 1.33 1.35 1.39 1.42 1.44 1.47 1.54 1.61 1.66 1.73
 1.78 1.86 1.89 1.9  1.99 2.02 2.09 2.17 2.3  2.32 2.35 2.46 2.58 2.6
 2.72 3.06 4.56 4.64]
var: 0.8852195555555558
| [0m20       [0m | [0m1.387    [0m | [0m0.02909  [0m | [0m8.782    [0m | [0m1.189    [0m |
[0.01 0.06 0.06 0.12 0.12 0.22 0.27 0.3  0.37 0.37 0.44 0.48 0.49 0.5
 0.54 0.59 0.62 0.63 0.64 0.65 0.67 0.69 0.74 0.74 0.81 0.82 0.83 0.84
 0.9  0.91 0.91 0.96 0.99 1.   1.03 1.05 1.06 1.08 1.09 1.11 1.12 1.15
 1.18 1.18 1.2  1.21 1.3  1.32 1.36 1.39 1.72 1.74 1.84 1.89 1.98 2.01
 2.09 2.19 2.21 2.25]
var: 0.3337328888888892
| [0m21       [0m | [0m0.9673   [0m | [0m0.1979   [0m | [0m16.09    [0m | [0m1.396    [0m |
[0.04 0.06 0.06 0.11 0.13 0.14 0.15 0.2  0.21 0.31 0.38 0.41 0.45 0.49
 0.52 0.52 0.53 0.54 0.55 0.57 0.58 0.59 0.61 0.62 0.65 0.67 0.68 0.69
 0.76 0.77 0.77 0.79 0.81 0.81 0.84 0.84 0.85 0.86 0.87 0.92 0.93 0.93
 0.96 0.98 1.02 1.13 1.16 1.25 1.26 1.27 1.39 1.43 1.49 1.54 1.56 1.78
 1.98 2.12 2.27 2.29]
var: 0.28977497222222215
| [0m22       [0m | [0m0.8348   [0m | [0m0.2482   [0m | [0m16.14    [0m | [0m2.746    [0m |
[0.   0.   0.02 0.07 0.1  0.15 0.16 0.2  0.21 0.28 0.29 0.3  0.32 0.35
 0.36 0.39 0.39 0.4  0.4  0.44 0.48 0.53 0.53 0.54 0.57 0.6  0.62 0.64
 0.64 0.67 0.67 0.68 0.71 0.72 0.75 0.79 0.79 0.8  0.8  0.82 0.83 0.9
 0.91 0.93 0.94 0.99 1.   1.13 1.13 1.14 1.19 1.22 1.23 1.23 1.26 1.28
 1.37 1.39 1.5  1.63]
var: 0.16555322222222216
| [0m23       [0m | [0m0.6897   [0m | [0m0.2927   [0m | [0m42.26    [0m | [0m1.248    [0m |
[0.04 0.06 0.07 0.11 0.14 0.15 0.15 0.17 0.19 0.2  0.25 0.27 0.28 0.32
 0.33 0.34 0.4  0.48 0.5  0.52 0.57 0.58 0.69 0.72 0.74 0.75 0.77 0.79
 0.79 0.8  0.81 0.82 0.83 0.84 0.88 0.89 0.92 0.98 1.   1.02 1.04 1.05
 1.05 1.07 1.11 1.13 1.14 1.23 1.27 1.35 1.68 1.77 1.91 2.   2.   2.38
 2.4  2.42 2.51 2.71]
var: 0.4576232222222224
| [0m24       [0m | [0m0.9063   [0m | [0m0.1504   [0m | [0m22.12    [0m | [0m1.653    [0m |
[0.   0.01 0.03 0.03 0.04 0.05 0.06 0.06 0.09 0.11 0.11 0.15 0.16 0.18
 0.18 0.23 0.24 0.27 0.28 0.33 0.34 0.38 0.39 0.4  0.4  0.43 0.44 0.47
 0.49 0.52 0.52 0.53 0.55 0.59 0.6  0.66 0.66 0.68 0.68 0.69 0.7  0.7
 0.71 0.72 0.8  0.81 0.84 0.85 0.86 0.91 0.97 1.03 1.05 1.2  1.25 1.49
 1.6  1.81 2.24 2.4 ]
var: 0.26460141666666676
| [0m25       [0m | [0m0.5995   [0m | [0m0.1217   [0m | [0m49.27    [0m | [0m2.221    [0m |
[0.37 0.56 0.58 0.63 0.64 0.7  0.71 0.76 0.81 0.85 0.86 0.86 0.9  0.92
 1.03 1.04 1.1  1.11 1.14 1.19 1.2  1.2  1.22 1.25 1.26 1.3  1.35 1.35
 1.37 1.38 1.38 1.38 1.39 1.4  1.41 1.44 1.48 1.49 1.5  1.59 1.6  1.65
 1.7  1.71 1.75 1.76 1.84 1.89 1.95 1.98 1.99 2.   2.18 2.2  2.22 2.42
 2.46 2.51 3.01 3.27]
var: 0.3522160833333335
| [0m26       [0m | [0m1.437    [0m | [0m0.2074   [0m | [0m17.04    [0m | [0m0.2456   [0m |
[0.14 0.5  0.52 0.54 0.66 0.68 0.68 0.68 0.7  0.72 0.75 0.77 0.83 0.84
 0.86 0.89 0.9  0.91 0.98 0.98 0.98 1.   1.02 1.04 1.04 1.08 1.08 1.17
 1.19 1.2  1.26 1.33 1.36 1.42 1.44 1.45 1.49 1.57 1.59 1.62 1.78 1.8
 1.89 1.89 2.   2.01 2.12 2.14 2.17 2.27 2.29 2.38 2.41 2.47 2.54 2.65
 2.68 2.7  2.74 2.75]
var: 0.4778712222222221
| [0m27       [0m | [0m1.426    [0m | [0m0.0224   [0m | [0m45.74    [0m | [0m0.4253   [0m |
[0.   0.   0.   0.   0.02 0.09 0.09 0.1  0.14 0.15 0.16 0.19 0.19 0.21
 0.28 0.3  0.3  0.31 0.38 0.41 0.41 0.42 0.43 0.45 0.46 0.47 0.48 0.5
 0.51 0.55 0.58 0.63 0.64 0.69 0.71 0.72 0.74 0.8  0.8  0.82 0.84 0.86
 0.87 0.87 0.92 0.92 0.92 0.94 0.99 1.05 1.06 1.1  1.15 1.18 1.21 1.25
 1.27 1.34 1.66 4.23]
var: 0.37458955555555595
| [0m28       [0m | [0m0.6627   [0m | [0m0.1066   [0m | [0m41.66    [0m | [0m2.58     [0m |
[0.   0.03 0.06 0.13 0.17 0.2  0.25 0.33 0.4  0.46 0.51 0.55 0.59 0.6
 0.64 0.66 0.66 0.68 0.69 0.69 0.7  0.72 0.72 0.73 0.73 0.77 0.78 0.78
 0.84 0.84 0.85 0.87 0.89 0.9  0.98 1.   1.02 1.08 1.11 1.14 1.16 1.16
 1.19 1.21 1.27 1.27 1.27 1.29 1.31 1.33 1.39 1.47 1.51 1.54 1.79 1.85
 1.88 2.07 2.12 3.57]
var: 0.35449555555555523
| [0m29       [0m | [0m0.9567   [0m | [0m0.09314  [0m | [0m7.845    [0m | [0m1.936    [0m |
[0.   0.03 0.04 0.05 0.05 0.1  0.1  0.11 0.12 0.14 0.24 0.24 0.25 0.28
 0.29 0.3  0.32 0.32 0.32 0.32 0.33 0.33 0.34 0.35 0.36 0.36 0.38 0.39
 0.44 0.49 0.51 0.53 0.56 0.57 0.61 0.64 0.66 0.71 0.73 0.77 0.82 0.85
 0.86 0.91 0.92 0.94 0.94 0.94 0.96 1.04 1.05 1.1  1.13 1.19 1.35 1.41
 1.68 1.72 1.74 1.95]
var: 0.2206032222222223
| [0m30       [0m | [0m0.6197   [0m | [0m0.2656   [0m | [0m43.55    [0m | [0m2.128    [0m |
[0.   0.   0.   0.   0.05 0.05 0.09 0.12 0.15 0.26 0.27 0.3  0.37 0.4
 0.43 0.44 0.46 0.47 0.49 0.52 0.54 0.57 0.57 0.58 0.59 0.6  0.62 0.63
 0.65 0.74 0.77 0.79 0.79 0.79 0.8  0.83 0.83 0.84 0.85 0.88 0.88 0.88
 0.91 0.93 0.94 0.95 0.95 0.96 1.02 1.09 1.1  1.12 1.12 1.16 1.43 1.46
 1.46 1.87 2.49 2.9 ]
var: 0.29176097222222214
| [0m31       [0m | [0m0.7458   [0m | [0m0.2378   [0m | [0m22.76    [0m | [0m2.627    [0m |
[0.06 0.08 0.1  0.11 0.15 0.16 0.18 0.19 0.19 0.22 0.26 0.3  0.38 0.45
 0.47 0.47 0.49 0.5  0.53 0.55 0.57 0.57 0.58 0.6  0.61 0.62 0.62 0.65
 0.7  0.73 0.76 0.79 0.82 0.83 0.85 0.87 0.92 0.92 0.95 0.96 0.98 1.07
 1.08 1.08 1.1  1.1  1.14 1.16 1.23 1.26 1.27 1.34 1.37 1.41 1.45 1.51
 1.71 1.96 2.   2.4 ]
var: 0.25866655555555573
| [0m32       [0m | [0m0.8063   [0m | [0m0.2022   [0m | [0m15.21    [0m | [0m2.971    [0m |
[0.11 0.75 0.87 0.95 0.95 1.14 1.18 1.2  1.24 1.27 1.34 1.41 1.42 1.43
 1.48 1.54 1.56 1.59 1.6  1.61 1.63 1.63 1.65 1.67 1.67 1.7  1.74 1.75
 1.75 1.77 1.84 1.84 1.89 1.91 1.92 1.94 1.97 2.08 2.1  2.11 2.23 2.32
 2.38 2.39 2.45 2.52 2.55 2.64 2.65 2.7  2.72 2.74 2.94 2.99 3.45 3.53
 3.53 3.67 3.9  3.97]
var: 0.6329769722222218
| [0m33       [0m | [0m1.991    [0m | [0m0.03497  [0m | [0m7.849    [0m | [0m0.3176   [0m |
[0.   0.   0.   0.   0.03 0.03 0.04 0.04 0.05 0.05 0.07 0.07 0.08 0.08
 0.09 0.09 0.09 0.1  0.11 0.12 0.13 0.16 0.16 0.17 0.18 0.21 0.31 0.34
 0.35 0.37 0.43 0.47 0.52 0.57 0.58 0.61 0.63 0.64 0.64 0.67 0.7  0.7
 0.73 0.75 0.82 0.84 0.87 1.08 1.08 1.12 1.13 1.21 1.25 1.25 1.27 1.31
 1.35 1.37 2.01 2.03]
var: 0.2623076388888886
| [0m34       [0m | [0m0.5358   [0m | [0m0.1952   [0m | [0m46.35    [0m | [0m2.403    [0m |
[0.   0.01 0.02 0.06 0.1  0.11 0.14 0.15 0.18 0.19 0.19 0.2  0.21 0.24
 0.25 0.25 0.31 0.32 0.32 0.37 0.38 0.4  0.42 0.42 0.44 0.5  0.52 0.61
 0.65 0.69 0.79 0.89 0.93 0.94 0.94 0.97 1.04 1.06 1.06 1.07 1.08 1.08
 1.13 1.15 1.3  1.33 1.33 1.35 1.37 1.4  1.48 1.58 1.78 1.9  2.14 2.3
 2.31 2.58 2.73 4.29]
var: 0.6579309722222224
| [0m35       [0m | [0m0.8992   [0m | [0m0.0579   [0m | [0m35.22    [0m | [0m1.211    [0m |
[0.   0.   0.02 0.02 0.08 0.11 0.13 0.15 0.18 0.18 0.23 0.27 0.29 0.31
 0.31 0.33 0.38 0.38 0.45 0.48 0.48 0.49 0.51 0.55 0.58 0.58 0.6  0.63
 0.63 0.64 0.65 0.66 0.67 0.68 0.73 0.74 0.74 0.78 0.8  0.81 0.82 0.91
 0.92 0.93 0.95 1.02 1.06 1.07 1.1  1.11 1.13 1.14 1.17 1.32 1.4  1.43
 1.5  1.71 2.52 2.64]
var: 0.2836572222222223
| [0m36       [0m | [0m0.7183   [0m | [0m0.1492   [0m | [0m38.0     [0m | [0m1.446    [0m |
[0.   0.   0.03 0.04 0.04 0.07 0.07 0.09 0.1  0.1  0.11 0.13 0.13 0.13
 0.16 0.17 0.18 0.19 0.2  0.21 0.21 0.22 0.22 0.22 0.22 0.23 0.25 0.26
 0.27 0.27 0.27 0.28 0.31 0.32 0.32 0.35 0.35 0.36 0.37 0.38 0.4  0.4
 0.44 0.45 0.47 0.48 0.51 0.53 0.6  0.61 0.62 0.69 0.74 0.77 0.81 0.82
 0.83 0.87 0.88 1.32]
var: 0.07200030555555545
| [0m37       [0m | [0m0.3512   [0m | [0m0.1303   [0m | [0m0.2255   [0m | [0m2.223    [0m |
[0.   0.01 0.05 0.06 0.08 0.11 0.14 0.23 0.23 0.26 0.28 0.34 0.37 0.46
 0.55 0.56 0.56 0.58 0.61 0.62 0.64 0.65 0.68 0.74 0.75 0.77 0.79 0.8
 0.81 0.83 0.83 0.85 0.91 0.91 0.94 1.02 1.05 1.09 1.11 1.13 1.17 1.18
 1.23 1.23 1.24 1.27 1.28 1.3  1.32 1.33 1.49 1.5  1.63 1.65 1.68 1.69
 1.96 2.08 2.24 3.83]
var: 0.42720388888888855
| [0m38       [0m | [0m0.9283   [0m | [0m0.009398 [0m | [0m38.49    [0m | [0m1.884    [0m |
[0.01 0.01 0.01 0.16 0.18 0.21 0.24 0.3  0.33 0.33 0.35 0.36 0.45 0.49
 0.5  0.51 0.56 0.57 0.58 0.68 0.68 0.71 0.74 0.78 0.79 0.79 0.88 1.
 1.01 1.11 1.11 1.12 1.13 1.18 1.19 1.2  1.2  1.21 1.21 1.22 1.24 1.27
 1.28 1.28 1.34 1.34 1.35 1.35 1.42 1.54 1.55 1.57 1.62 1.78 1.86 2.11
 2.36 2.65 2.81 3.49]
var: 0.4829872222222225
| [0m39       [0m | [0m1.038    [0m | [0m0.05523  [0m | [0m35.54    [0m | [0m0.7691   [0m |
[0.06 0.08 0.14 0.14 0.16 0.16 0.19 0.19 0.2  0.25 0.25 0.27 0.27 0.29
 0.32 0.36 0.42 0.5  0.55 0.6  0.6  0.61 0.65 0.65 0.66 0.68 0.7  0.72
 0.75 0.75 0.76 0.77 0.77 0.77 0.78 0.78 0.8  0.83 0.83 0.85 0.94 0.96
 1.   1.05 1.1  1.2  1.21 1.24 1.25 1.32 1.43 1.44 1.48 1.51 1.65 1.65
 1.93 1.95 1.99 3.28]
var: 0.34671497222222214
| [0m40       [0m | [0m0.8282   [0m | [0m0.2248   [0m | [0m8.602    [0m | [0m0.803    [0m |
[0.08 0.1  0.13 0.13 0.22 0.27 0.36 0.39 0.39 0.44 0.46 0.47 0.48 0.48
 0.48 0.49 0.49 0.51 0.55 0.6  0.62 0.63 0.64 0.65 0.69 0.69 0.71 0.71
 0.74 0.75 0.78 0.79 0.82 0.83 0.84 0.86 0.87 0.87 0.93 0.96 0.97 0.97
 1.   1.13 1.13 1.17 1.22 1.31 1.51 1.56 1.59 1.64 1.7  1.83 1.92 1.92
 1.99 2.28 2.37 2.96]
var: 0.3648769722222222
| [0m41       [0m | [0m0.9178   [0m | [0m0.1908   [0m | [0m40.08    [0m | [0m0.9598   [0m |
[0.39 0.44 0.5  0.61 0.67 0.69 0.75 0.79 0.8  0.81 0.82 0.88 0.91 0.93
 0.95 0.95 0.98 0.98 0.99 1.03 1.04 1.06 1.12 1.13 1.16 1.2  1.22 1.23
 1.26 1.3  1.32 1.34 1.4  1.4  1.4  1.4  1.43 1.45 1.46 1.51 1.53 1.53
 1.58 1.63 1.64 1.65 1.66 1.68 1.78 1.79 1.8  1.89 1.9  1.96 1.98 2.03
 2.06 2.09 3.19 3.32]
var: 0.3103983055555554
| [0m42       [0m | [0m1.34     [0m | [0m0.2088   [0m | [0m12.26    [0m | [0m0.04441  [0m |
[0.66 0.79 0.79 0.83 0.85 0.85 0.87 0.97 1.02 1.08 1.1  1.12 1.13 1.21
 1.22 1.29 1.3  1.35 1.36 1.38 1.4  1.41 1.44 1.44 1.46 1.48 1.52 1.52
 1.52 1.56 1.57 1.57 1.63 1.64 1.65 1.65 1.72 1.81 1.86 1.91 1.94 1.98
 1.99 2.08 2.1  2.13 2.19 2.25 2.35 2.35 2.39 2.41 2.45 2.63 2.93 3.44
 3.44 3.52 3.67 4.23]
var: 0.5884088888888893
| [0m43       [0m | [0m1.757    [0m | [0m0.05498  [0m | [0m7.874    [0m | [0m0.3236   [0m |
[0.6  0.63 0.69 0.72 0.82 0.96 0.98 1.   1.01 1.05 1.14 1.24 1.26 1.27
 1.33 1.34 1.34 1.36 1.37 1.37 1.42 1.48 1.51 1.56 1.59 1.59 1.59 1.66
 1.7  1.71 1.71 1.73 1.75 1.75 1.8  1.84 1.88 1.93 1.95 1.98 2.02 2.03
 2.27 2.43 2.44 2.44 2.5  2.55 2.58 2.64 2.81 2.84 2.86 2.87 3.05 3.07
 3.35 3.4  3.52 4.  ]
var: 0.6098315555555555
| [0m44       [0m | [0m1.855    [0m | [0m0.06912  [0m | [0m12.06    [0m | [0m0.1723   [0m |
[0.   0.01 0.02 0.07 0.15 0.16 0.16 0.23 0.25 0.26 0.28 0.37 0.37 0.43
 0.44 0.44 0.45 0.45 0.47 0.53 0.54 0.54 0.55 0.57 0.63 0.63 0.66 0.66
 0.68 0.68 0.71 0.92 1.03 1.15 1.21 1.22 1.36 1.36 1.43 1.43 1.58 1.64
 1.66 1.7  2.1  2.21 2.27 2.29 2.35 2.45 2.48 2.52 2.55 2.62 2.89 2.94
 2.96 3.05 3.19 3.24]
var: 0.9526883055555561
| [0m45       [0m | [0m1.203    [0m | [0m1e-08    [0m | [0m12.15    [0m | [0m0.08429  [0m |
[0.12 0.2  0.35 0.73 0.83 0.84 0.86 0.9  0.91 0.91 0.91 0.95 0.98 0.99
 1.   1.04 1.07 1.09 1.09 1.1  1.18 1.22 1.26 1.26 1.28 1.29 1.38 1.38
 1.39 1.42 1.42 1.45 1.48 1.52 1.54 1.55 1.55 1.56 1.59 1.65 1.75 1.78
 1.78 1.79 1.8  1.8  1.9  1.93 1.97 2.52 2.62 2.85 2.88 2.89 2.93 3.21
 3.3  3.38 3.65 3.94]
var: 0.6901760833333329
| [0m46       [0m | [0m1.599    [0m | [0m0.07003  [0m | [0m7.802    [0m | [0m0.3646   [0m |
[0.   0.09 0.14 0.18 0.2  0.22 0.26 0.37 0.38 0.45 0.61 0.69 0.72 0.75
 0.78 0.81 0.81 0.86 0.88 0.89 0.95 0.97 0.99 1.04 1.04 1.06 1.09 1.1
 1.12 1.14 1.14 1.16 1.17 1.18 1.22 1.27 1.27 1.32 1.32 1.33 1.36 1.37
 1.41 1.41 1.41 1.44 1.45 1.46 1.47 1.49 1.73 1.75 1.78 1.78 1.85 1.88
 1.88 1.93 1.96 2.17]
var: 0.2723476388888892
| [0m47       [0m | [0m1.099    [0m | [0m0.1511   [0m | [0m12.09    [0m | [0m0.02477  [0m |
[0.62 0.85 1.08 1.15 1.33 1.45 1.46 1.5  1.52 1.63 1.69 1.7  1.7  1.76
 1.76 1.77 1.82 1.83 1.88 1.93 2.01 2.04 2.05 2.11 2.15 2.19 2.21 2.25
 2.28 2.28 2.31 2.38 2.38 2.6  2.61 2.71 2.75 2.76 2.99 3.09 3.13 3.24
 3.27 3.3  3.37 3.4  3.43 3.67 3.89 3.98 4.03 4.11 4.45 4.79 4.94 5.
 5.35 5.93 6.34 6.47]
var: 1.7793247500000005
| [95m48       [0m | [95m2.745    [0m | [95m0.01091  [0m | [95m12.08    [0m | [95m0.1071   [0m |
[0.   0.01 0.03 0.04 0.1  0.15 0.22 0.29 0.34 0.37 0.4  0.42 0.46 0.46
 0.47 0.5  0.53 0.58 0.62 0.66 0.68 0.68 0.7  0.75 0.76 0.78 0.79 0.79
 0.8  0.83 0.83 0.84 0.88 0.89 0.91 0.92 0.94 0.95 0.95 0.99 1.06 1.07
 1.12 1.17 1.17 1.18 1.32 1.39 1.4  1.4  1.45 1.59 1.63 1.66 1.72 1.88
 1.9  1.9  2.21 2.46]
var: 0.30816163888888926
| [0m49       [0m | [0m0.8998   [0m | [0m0.05586  [0m | [0m7.48     [0m | [0m2.201    [0m |
[0.64 1.01 1.26 1.29 1.34 1.35 1.35 1.35 1.37 1.52 1.56 1.61 1.61 1.62
 1.63 1.67 1.69 1.78 1.84 1.9  1.9  1.93 1.96 1.97 1.98 1.99 2.   2.02
 2.03 2.09 2.19 2.25 2.25 2.32 2.41 2.44 2.45 2.57 2.62 2.68 2.7  2.73
 2.74 2.75 2.78 2.78 2.79 2.8  2.96 3.   3.02 3.07 3.21 3.29 3.97 4.02
 4.75 5.16 5.57 8.16]
var: 1.4392649722222233
| [0m50       [0m | [0m2.428    [0m | [0m0.04108  [0m | [0m11.97    [0m | [0m0.08352  [0m |
[0.01 0.03 0.04 0.08 0.11 0.17 0.23 0.24 0.27 0.37 0.41 0.41 0.45 0.48
 0.49 0.49 0.5  0.5  0.52 0.56 0.57 0.62 0.74 0.75 0.75 0.76 0.81 0.84
 0.91 0.98 0.98 1.08 1.09 1.09 1.1  1.19 1.21 1.28 1.31 1.31 1.34 1.34
 1.4  1.41 1.59 1.61 1.66 1.75 2.   2.01 2.06 2.07 2.16 2.4  2.59 2.73
 2.75 3.04 3.13 5.38]
var: 0.927304305555556
| [0m51       [0m | [0m1.169    [0m | [0m0.01825  [0m | [0m49.18    [0m | [0m0.7936   [0m |
[0.55 0.72 0.82 0.82 0.98 0.99 1.06 1.18 1.2  1.22 1.35 1.36 1.51 1.53
 1.58 1.61 1.65 1.66 1.73 1.82 1.86 1.87 1.95 1.97 2.01 2.07 2.1  2.11
 2.14 2.26 2.31 2.32 2.4  2.44 2.48 2.49 2.49 2.53 2.54 2.55 2.56 2.56
 2.58 2.59 2.59 2.63 2.64 2.67 2.76 2.77 2.78 2.93 2.98 3.38 3.69 3.87
 3.99 4.01 4.17 4.76]
var: 0.7978889999999996
| [0m52       [0m | [0m2.219    [0m | [0m0.01455  [0m | [0m7.875    [0m | [0m0.2899   [0m |
[0.   0.   0.04 0.05 0.06 0.07 0.11 0.18 0.18 0.22 0.24 0.28 0.28 0.3
 0.35 0.4  0.48 0.49 0.49 0.49 0.49 0.51 0.52 0.54 0.6  0.6  0.62 0.62
 0.65 0.65 0.68 0.69 0.7  0.73 0.77 0.79 0.82 0.83 0.83 0.84 0.87 0.87
 0.87 0.89 0.92 0.95 0.99 1.13 1.15 1.25 1.28 1.31 1.34 1.4  1.46 1.65
 1.72 1.73 2.1  2.5 ]
var: 0.2737803055555555
| [0m53       [0m | [0m0.7428   [0m | [0m0.06674  [0m | [0m37.77    [0m | [0m2.65     [0m |
[0.41 0.45 0.53 0.57 0.64 0.92 0.92 0.93 0.93 0.98 1.05 1.05 1.22 1.27
 1.4  1.4  1.51 1.61 1.65 1.65 1.66 1.68 1.71 1.75 1.75 1.78 1.78 1.79
 1.86 1.88 1.89 1.96 2.04 2.12 2.14 2.18 2.19 2.22 2.23 2.31 2.32 2.33
 2.34 2.49 2.52 2.55 2.56 2.59 2.79 2.81 2.81 2.93 2.98 3.02 3.07 3.17
 3.3  3.51 4.15 4.89]
var: 0.7986578888888887
| [0m54       [0m | [0m1.986    [0m | [0m0.03487  [0m | [0m7.877    [0m | [0m0.2317   [0m |
[0.06 0.06 0.07 0.07 0.08 0.11 0.12 0.14 0.14 0.14 0.14 0.22 0.26 0.27
 0.33 0.33 0.37 0.39 0.39 0.4  0.42 0.47 0.47 0.56 0.6  0.62 0.65 0.67
 0.68 0.73 0.76 0.84 0.84 0.84 0.92 0.92 0.93 1.03 1.08 1.12 1.13 1.18
 1.19 1.2  1.26 1.29 1.29 1.29 1.32 1.33 1.36 1.41 1.55 1.55 1.56 1.59
 1.88 1.9  2.02 2.07]
var: 0.3126883055555561
| [0m55       [0m | [0m0.8102   [0m | [0m0.2294   [0m | [0m14.32    [0m | [0m0.8286   [0m |
[0.05 0.08 0.12 0.15 0.17 0.27 0.27 0.37 0.41 0.42 0.45 0.54 0.64 0.66
 0.67 0.68 0.71 0.72 0.74 0.76 0.78 0.82 0.84 0.85 0.89 0.95 1.02 1.07
 1.15 1.15 1.19 1.2  1.2  1.22 1.24 1.29 1.3  1.32 1.32 1.41 1.41 1.47
 1.52 1.54 1.57 1.6  1.63 1.86 1.87 2.08 2.08 2.21 2.38 2.54 2.6  3.24
 3.29 3.62 4.81 4.84]
var: 1.0446176388888888
| [0m56       [0m | [0m1.321    [0m | [0m0.02878  [0m | [0m5.232    [0m | [0m0.5331   [0m |
[0.67 0.69 0.71 0.82 0.98 1.1  1.1  1.13 1.15 1.27 1.35 1.36 1.37 1.39
 1.5  1.51 1.61 1.63 1.69 1.71 1.73 1.74 1.92 1.99 2.   2.13 2.16 2.2
 2.21 2.24 2.24 2.3  2.31 2.32 2.33 2.38 2.4  2.41 2.42 2.46 2.52 2.62
 2.64 2.77 2.81 3.02 3.13 3.23 3.27 3.35 3.38 3.45 3.61 3.62 3.77 3.89
 4.02 4.66 4.89 7.  ]
var: 1.3097026666666673
| [0m57       [0m | [0m2.338    [0m | [0m0.007405 [0m | [0m12.03    [0m | [0m0.09613  [0m |
[0.38 0.39 0.43 0.49 0.5  0.54 0.56 0.56 0.71 0.73 0.77 0.82 0.82 0.82
 0.84 0.87 0.88 0.89 0.94 0.98 0.99 0.99 1.03 1.03 1.04 1.09 1.1  1.11
 1.13 1.13 1.18 1.18 1.19 1.21 1.22 1.23 1.23 1.24 1.33 1.37 1.37 1.39
 1.39 1.42 1.44 1.47 1.5  1.55 1.56 1.59 1.6  1.62 1.63 1.66 1.73 1.8
 1.82 1.87 2.71 3.2 ]
var: 0.2552812222222223
| [0m58       [0m | [0m1.188    [0m | [0m0.1295   [0m | [0m11.93    [0m | [0m0.03454  [0m |
[0.12 0.46 0.65 0.67 0.73 0.78 0.89 1.13 1.14 1.17 1.27 1.33 1.44 1.44
 1.49 1.52 1.53 1.56 1.57 1.58 1.64 1.64 1.67 1.76 1.77 1.86 1.87 1.89
 1.96 2.03 2.11 2.11 2.13 2.14 2.16 2.21 2.24 2.28 2.28 2.36 2.36 2.4
 2.47 2.5  2.54 2.56 2.62 2.64 2.65 2.69 2.69 2.77 2.79 2.94 3.19 3.21
 3.24 3.7  4.04 5.6 ]
var: 0.8313465555555551
| [0m59       [0m | [0m2.036    [0m | [0m0.05335  [0m | [0m11.94    [0m | [0m0.1808   [0m |
[0.04 0.15 0.15 0.18 0.19 0.2  0.2  0.2  0.23 0.24 0.24 0.25 0.26 0.27
 0.28 0.29 0.29 0.33 0.33 0.33 0.34 0.34 0.34 0.36 0.4  0.45 0.45 0.46
 0.47 0.47 0.47 0.47 0.48 0.49 0.5  0.5  0.5  0.51 0.51 0.53 0.56 0.61
 0.63 0.65 0.71 0.71 0.72 0.73 0.75 0.75 0.86 0.93 0.99 1.01 1.01 1.04
 1.25 1.25 1.29 1.31]
var: 0.09589763888888878
| [0m60       [0m | [0m0.5242   [0m | [0m0.1125   [0m | [0m0.9054   [0m | [0m1.717    [0m |
[0.7  0.76 0.82 0.85 0.92 0.99 1.04 1.05 1.08 1.16 1.16 1.26 1.29 1.34
 1.38 1.41 1.42 1.47 1.52 1.52 1.55 1.57 1.6  1.64 1.67 1.7  1.73 1.74
 1.82 1.82 1.88 1.89 1.9  1.9  1.94 1.99 2.06 2.09 2.1  2.14 2.16 2.21
 2.23 2.33 2.42 2.43 2.43 2.48 2.52 2.54 2.55 2.6  2.7  2.78 2.86 2.91
 2.96 3.25 3.35 3.72]
var: 0.46828055555555537
| [0m61       [0m | [0m1.888    [0m | [0m0.06334  [0m | [0m11.94    [0m | [0m0.2596   [0m |
[0.   0.   0.02 0.1  0.13 0.18 0.22 0.24 0.26 0.27 0.28 0.3  0.46 0.54
 0.55 0.56 0.57 0.57 0.59 0.62 0.63 0.63 0.65 0.66 0.67 0.67 0.68 0.68
 0.73 0.74 0.76 0.76 0.77 0.78 0.78 0.79 0.83 0.94 1.06 1.07 1.07 1.09
 1.09 1.09 1.1  1.13 1.13 1.14 1.18 1.2  1.28 1.4  1.4  1.55 1.6  1.66
 1.74 1.8  1.89 2.75]
var: 0.2754703055555557
| [0m62       [0m | [0m0.8338   [0m | [0m0.0009808[0m | [0m12.07    [0m | [0m0.006422 [0m |
[0.   0.02 0.07 0.12 0.14 0.14 0.15 0.2  0.28 0.28 0.3  0.32 0.36 0.39
 0.4  0.4  0.41 0.43 0.47 0.56 0.56 0.61 0.72 0.72 0.72 0.73 0.76 0.87
 0.87 0.88 0.88 1.06 1.11 1.12 1.13 1.14 1.16 1.16 1.23 1.25 1.29 1.37
 1.45 1.46 1.46 1.51 1.56 1.64 1.71 1.77 1.79 1.81 1.91 2.   2.05 2.19
 2.54 2.79 2.92 5.35]
var: 0.807648305555556
| [0m63       [0m | [0m1.078    [0m | [0m0.02678  [0m | [0m8.791    [0m | [0m1.163    [0m |
[0.02 0.05 0.07 0.08 0.2  0.24 0.29 0.3  0.35 0.36 0.39 0.42 0.43 0.48
 0.48 0.5  0.59 0.6  0.61 0.71 0.74 0.75 0.84 0.95 0.97 1.04 1.14 1.15
 1.2  1.2  1.24 1.27 1.34 1.49 1.58 1.61 1.62 1.63 1.67 1.67 1.72 1.73
 1.74 1.77 1.84 1.86 1.89 1.9  1.91 1.92 1.99 2.02 2.09 2.19 2.3  2.51
 2.6  2.69 2.73 3.19]
var: 0.6199378888888885
| [0m64       [0m | [0m1.248    [0m | [0m0.02194  [0m | [0m49.16    [0m | [0m0.8058   [0m |
[0.21 0.57 0.59 0.65 0.68 0.72 0.72 0.76 0.78 0.8  0.86 0.89 0.91 0.91
 0.92 0.94 1.07 1.09 1.11 1.11 1.15 1.18 1.2  1.24 1.31 1.31 1.32 1.32
 1.33 1.33 1.35 1.38 1.41 1.41 1.49 1.49 1.51 1.53 1.55 1.57 1.57 1.58
 1.59 1.59 1.59 1.61 1.68 1.74 1.78 1.95 1.96 1.98 2.05 2.07 2.33 2.55
 2.58 2.58 4.11 4.55]
var: 0.5422749722222224
| [0m65       [0m | [0m1.452    [0m | [0m0.2888   [0m | [0m19.31    [0m | [0m0.3134   [0m |
[0.33 0.43 0.57 0.71 0.71 0.75 0.8  0.83 0.91 0.96 0.98 1.06 1.07 1.09
 1.17 1.32 1.37 1.38 1.4  1.43 1.48 1.48 1.49 1.51 1.53 1.54 1.54 1.62
 1.63 1.68 1.68 1.73 1.86 1.91 1.96 1.96 2.   2.04 2.05 2.07 2.13 2.14
 2.14 2.16 2.26 2.27 2.35 2.35 2.46 2.52 2.74 2.76 2.85 3.08 3.09 3.13
 3.43 3.76 3.77 4.28]
var: 0.7320072222222223
| [0m66       [0m | [0m1.828    [0m | [0m0.08009  [0m | [0m12.07    [0m | [0m0.1084   [0m |
[0.25 0.32 0.5  0.55 0.64 0.72 0.82 0.89 0.92 0.94 0.97 0.98 1.   1.11
 1.18 1.33 1.43 1.46 1.5  1.61 1.63 1.66 1.67 1.67 1.71 1.73 1.75 1.81
 1.88 1.9  1.9  1.93 1.93 1.97 2.   2.03 2.04 2.05 2.07 2.13 2.13 2.19
 2.2  2.23 2.24 2.36 2.38 2.4  2.42 2.5  2.56 2.62 2.87 2.93 3.01 3.23
 3.54 3.68 4.5  4.91]
var: 0.8431882222222224
| [0m67       [0m | [0m1.891    [0m | [0m0.05731  [0m | [0m7.8      [0m | [0m0.2341   [0m |
[0.   0.   0.   0.01 0.01 0.01 0.01 0.03 0.03 0.1  0.1  0.11 0.14 0.14
 0.16 0.16 0.17 0.21 0.26 0.28 0.3  0.31 0.31 0.34 0.36 0.37 0.39 0.4
 0.41 0.43 0.46 0.48 0.48 0.5  0.54 0.55 0.56 0.6  0.63 0.64 0.65 0.66
 0.69 0.7  0.7  0.78 0.79 0.79 0.81 0.85 0.9  0.92 0.95 1.01 1.01 1.01
 1.05 1.19 1.24 2.28]
var: 0.16871475000000005
| [0m68       [0m | [0m0.4995   [0m | [0m0.1834   [0m | [0m47.16    [0m | [0m2.85     [0m |
[0.   0.   0.09 0.09 0.11 0.11 0.16 0.18 0.21 0.25 0.29 0.36 0.41 0.42
 0.43 0.56 0.57 0.58 0.59 0.61 0.64 0.65 0.65 0.71 0.77 0.79 0.8  0.81
 0.83 0.84 0.85 0.86 0.87 0.88 0.89 0.92 0.98 0.98 1.07 1.13 1.22 1.34
 1.37 1.43 1.45 1.49 1.54 1.55 1.56 1.62 1.67 1.77 1.84 1.85 1.88 1.91
 2.09 2.1  2.55 3.15]
var: 0.4512160000000004
| [0m69       [0m | [0m0.972    [0m | [0m0.09352  [0m | [0m40.61    [0m | [0m0.9854   [0m |
[0.72 0.79 0.81 0.87 0.91 1.03 1.06 1.06 1.29 1.32 1.35 1.38 1.4  1.41
 1.49 1.52 1.52 1.57 1.58 1.64 1.66 1.66 1.76 1.85 1.88 1.89 1.9  1.94
 1.95 1.98 2.02 2.04 2.05 2.06 2.1  2.12 2.14 2.16 2.19 2.2  2.22 2.22
 2.26 2.3  2.3  2.34 2.42 2.45 2.49 2.61 2.81 2.87 3.03 3.17 3.23 3.27
 3.64 3.86 4.11 5.5 ]
var: 0.7495803055555554
| [0m70       [0m | [0m2.056    [0m | [0m0.05143  [0m | [0m12.0     [0m | [0m0.2533   [0m |
[0.   0.02 0.09 0.1  0.14 0.15 0.15 0.16 0.16 0.17 0.18 0.23 0.24 0.33
 0.33 0.34 0.35 0.36 0.38 0.41 0.42 0.53 0.54 0.6  0.63 0.66 0.66 0.66
 0.67 0.69 0.71 0.72 0.72 0.73 0.74 0.74 0.8  0.81 0.84 0.85 0.89 0.9
 0.91 0.93 0.93 0.94 0.96 0.96 1.06 1.07 1.13 1.14 1.21 1.27 1.34 1.47
 1.88 1.93 2.01 3.07]
var: 0.30071941666666635
| [0m71       [0m | [0m0.7335   [0m | [0m0.05541  [0m | [0m30.53    [0m | [0m2.918    [0m |
[0.45 0.48 0.51 0.93 0.96 1.06 1.11 1.18 1.19 1.3  1.35 1.46 1.57 1.59
 1.6  1.69 1.78 1.8  1.87 1.87 1.98 1.99 2.06 2.09 2.12 2.13 2.14 2.15
 2.15 2.17 2.19 2.21 2.27 2.28 2.31 2.33 2.36 2.53 2.6  2.79 2.8  2.84
 2.85 2.86 3.03 3.11 3.18 3.2  3.37 3.44 3.45 3.45 3.61 3.62 4.35 4.42
 4.64 4.78 5.71 7.42]
var: 1.5780247500000002
| [0m72       [0m | [0m2.446    [0m | [0m0.02251  [0m | [0m11.9     [0m | [0m0.1186   [0m |
[0.   0.04 0.04 0.04 0.09 0.12 0.15 0.22 0.29 0.31 0.36 0.36 0.42 0.47
 0.49 0.51 0.52 0.54 0.55 0.55 0.61 0.62 0.63 0.66 0.67 0.68 0.73 0.75
 0.75 0.77 0.77 0.79 0.8  0.81 0.81 0.85 0.9  0.95 1.02 1.02 1.09 1.1
 1.1  1.14 1.18 1.26 1.29 1.36 1.38 1.41 1.46 1.5  1.64 1.74 1.76 1.77
 1.78 1.9  1.9  2.41]
var: 0.3014236388888892
| [0m73       [0m | [0m0.8638   [0m | [0m0.06091  [0m | [0m4.78     [0m | [0m2.593    [0m |
[0.41 0.57 0.62 0.64 0.65 0.65 0.66 0.74 0.76 0.81 0.81 0.82 0.87 0.93
 0.97 0.99 1.01 1.01 1.04 1.08 1.16 1.17 1.26 1.28 1.28 1.3  1.31 1.32
 1.33 1.33 1.35 1.36 1.4  1.53 1.53 1.53 1.55 1.58 1.67 1.74 1.75 1.79
 1.82 1.83 1.99 2.   2.01 2.01 2.03 2.22 2.22 2.23 2.33 2.4  2.51 2.57
 2.72 3.08 3.37 3.56]
var: 0.4948045555555552
| [0m74       [0m | [0m1.508    [0m | [0m0.1081   [0m | [0m29.85    [0m | [0m0.2284   [0m |
[0.3  0.48 0.48 0.5  0.52 0.52 0.54 0.6  0.69 0.72 0.79 0.83 0.85 0.87
 0.88 0.88 0.89 0.93 0.98 0.99 1.02 1.04 1.09 1.19 1.2  1.28 1.29 1.3
 1.31 1.44 1.44 1.48 1.48 1.56 1.59 1.6  1.63 1.64 1.71 1.71 1.72 1.79
 1.86 1.9  1.96 2.05 2.35 2.37 2.5  2.63 2.65 2.68 2.7  2.78 2.83 2.85
 2.93 3.32 3.32 3.89]
var: 0.7100148888888883
| [0m75       [0m | [0m1.555    [0m | [0m0.2909   [0m | [0m37.51    [0m | [0m0.3368   [0m |
[0.46 0.65 0.89 0.96 1.07 1.41 1.48 1.52 1.54 1.58 1.64 1.68 1.69 1.73
 1.73 1.81 1.96 1.98 2.01 2.03 2.06 2.08 2.1  2.12 2.15 2.16 2.17 2.22
 2.26 2.37 2.38 2.42 2.44 2.45 2.47 2.51 2.52 2.68 2.69 2.72 2.77 2.77
 2.79 2.82 2.82 2.92 3.08 3.18 3.19 3.22 3.29 3.47 3.52 3.63 3.66 3.68
 4.27 4.42 4.63 5.81]
var: 0.9463480833333338
| [0m76       [0m | [0m2.446    [0m | [0m0.01598  [0m | [0m7.931    [0m | [0m0.268    [0m |
[0.52 0.58 0.88 0.89 0.91 0.92 0.95 0.96 1.02 1.04 1.09 1.11 1.12 1.17
 1.23 1.23 1.38 1.42 1.51 1.52 1.55 1.56 1.61 1.62 1.63 1.63 1.64 1.7
 1.78 1.82 1.88 1.9  1.93 2.02 2.14 2.17 2.36 2.41 2.42 2.45 2.51 2.53
 2.69 2.72 2.73 2.91 3.01 3.02 3.02 3.09 3.15 3.16 3.41 3.43 3.58 3.63
 4.1  4.14 4.9  7.38]
var: 1.4115865555555553
| [0m77       [0m | [0m2.146    [0m | [0m0.05981  [0m | [0m11.96    [0m | [0m0.1243   [0m |
[0.55 0.64 0.76 1.04 1.08 1.11 1.21 1.28 1.41 1.43 1.45 1.55 1.64 1.72
 1.8  1.81 1.85 1.86 1.97 2.   2.02 2.12 2.13 2.13 2.15 2.19 2.33 2.35
 2.39 2.49 2.5  2.52 2.55 2.57 2.59 2.66 2.74 2.74 2.78 2.82 2.88 2.95
 3.   3.14 3.15 3.17 3.18 3.23 3.27 3.53 3.56 3.63 3.79 3.84 3.94 3.95
 4.07 4.15 4.25 5.89]
var: 1.0517805555555557
| [0m78       [0m | [0m2.492    [0m | [0m0.009393 [0m | [0m11.81    [0m | [0m0.07596  [0m |
[0.03 0.08 0.08 0.11 0.13 0.15 0.19 0.19 0.19 0.3  0.31 0.31 0.37 0.37
 0.46 0.47 0.52 0.54 0.55 0.56 0.57 0.58 0.58 0.67 0.67 0.68 0.69 0.76
 0.82 0.82 0.82 0.85 0.85 0.87 0.95 0.96 0.96 0.97 0.99 1.07 1.1  1.12
 1.14 1.15 1.16 1.21 1.26 1.31 1.33 1.38 1.44 1.62 1.76 1.95 1.95 2.19
 2.21 2.35 3.29 3.36]
var: 0.5084482222222223
| [0m79       [0m | [0m0.9387   [0m | [0m0.1217   [0m | [0m42.59    [0m | [0m1.401    [0m |
[0.   0.   0.01 0.02 0.1  0.12 0.18 0.2  0.22 0.27 0.31 0.36 0.39 0.4
 0.45 0.51 0.52 0.59 0.62 0.62 0.71 0.73 0.75 0.78 0.82 0.84 0.85 0.91
 0.94 0.97 0.99 0.99 1.06 1.09 1.09 1.1  1.11 1.17 1.19 1.22 1.23 1.23
 1.26 1.29 1.3  1.4  1.4  1.41 1.48 1.54 1.57 1.63 1.83 1.84 1.98 2.1
 2.11 2.12 2.2  2.62]
var: 0.391859
| [0m80       [0m | [0m0.979    [0m | [0m0.01448  [0m | [0m45.2     [0m | [0m1.232    [0m |
=============================================================
None
num_trials:  40  inits,  40  iters,  60  per
rho:  1.1
pthin:  0.92

Best VPT: 2.744500000000001
Best result: {'a': 0.01091162342393408, 'g': 12.081925450696444, 's': 0.10706664307085677}

KERNEL: nu=1.5, lengthscale=2.0, alpha=0.0005
