|   iter    |  target   |     a     |     g     |     s     |
-------------------------------------------------------------
[0.08 0.12 0.14 0.16 0.22 0.24 0.26 0.27 0.27 0.29 0.29 0.32 0.34 0.35
 0.37 0.39 0.41 0.41 0.42 0.43 0.44 0.44 0.48 0.49 0.5  0.57 0.6  0.63
 0.7  0.72 0.73 0.73 0.74 0.76 0.79 0.8  0.81 0.82 0.82 0.83 0.85 0.86
 0.89 0.93 0.95 0.98 1.   1.02 1.04 1.17 1.18 1.22 1.33 1.34 1.4  2.54
 2.89]
var: 0.25866703601108026
| [0m1        [0m | [0m0.7153   [0m | [0m0.3      [0m | [0m1.887    [0m | [0m2.245    [0m |
[0.15 0.19 0.31 0.37 0.44 0.45 0.47 0.49 0.56 0.59 0.62 0.67 0.73 0.74
 0.75 0.75 0.77 0.81 0.85 0.85 0.86 0.92 0.93 0.94 1.03 1.12 1.13 1.14
 1.18 1.18 1.18 1.2  1.27 1.34 1.38 1.43 1.43 1.53 1.57 1.58 1.58 1.6
 1.63 1.75 1.92 1.98 2.03 2.25 2.37 2.47 2.57 2.6  2.72 2.76 2.87 2.98
 3.04 3.21]
var: 0.6362623365041614
| [95m2        [0m | [95m1.349    [0m | [95m0.01886  [0m | [95m11.32    [0m | [95m0.5284   [0m |
[0.04 0.13 0.13 0.2  0.23 0.26 0.28 0.29 0.32 0.32 0.38 0.41 0.42 0.43
 0.46 0.47 0.48 0.53 0.64 0.68 0.69 0.69 0.7  0.7  0.7  0.71 0.75 0.76
 0.77 0.79 0.8  0.82 0.89 1.08 1.16 1.2  1.31 1.33 1.38 1.39 1.4  1.5
 1.54 1.54 1.55 1.57 1.58 1.6  1.68 1.97 2.   2.17 2.34 2.46 2.48 2.59
 2.79 2.81 2.95 3.94]
var: 0.7136698888888887
| [0m3        [0m | [0m1.136    [0m | [0m0.1597   [0m | [0m18.56    [0m | [0m1.83     [0m |
[0.16 0.44 0.49 0.5  0.52 0.73 0.74 0.74 0.77 0.8  0.81 0.84 0.85 0.87
 0.9  0.91 0.97 1.03 1.04 1.04 1.06 1.09 1.12 1.21 1.31 1.33 1.39 1.4
 1.41 1.45 1.47 1.48 1.49 1.49 1.61 1.62 1.66 1.66 1.86 1.93 2.03 2.04
 2.08 2.14 2.17 2.24 2.28 2.29 2.42 2.67 2.79 2.85 2.87 3.06 3.54]
var: 0.5604576528925612
| [95m4        [0m | [95m1.485    [0m | [95m0.04759  [0m | [95m3.629    [0m | [95m0.431    [0m |
[0.01 0.04 0.1  0.12 0.12 0.14 0.19 0.23 0.23 0.26 0.27 0.28 0.29 0.3
 0.33 0.33 0.35 0.37 0.37 0.37 0.39 0.41 0.42 0.43 0.47 0.47 0.48 0.54
 0.61 0.64 0.73 0.73 0.74 0.79 0.81 0.83 0.83 0.83 0.84 0.88 0.89 0.93
 1.   1.02 1.04 1.08 1.11 1.15 1.24 1.25 1.34 1.34 1.44 1.48 1.66 1.66
 1.74 1.88 2.02 3.05]
var: 0.3337749722222233
| [0m5        [0m | [0m0.7648   [0m | [0m0.004063 [0m | [0m34.6     [0m | [0m1.168    [0m |
[0.05 0.11 0.11 0.16 0.17 0.19 0.25 0.25 0.26 0.3  0.33 0.35 0.44 0.46
 0.48 0.49 0.5  0.5  0.55 0.56 0.59 0.65 0.67 0.67 0.68 0.68 0.69 0.7
 0.71 0.73 0.74 0.81 0.82 0.84 0.87 0.9  0.93 0.96 0.98 1.   1.02 1.08
 1.08 1.11 1.11 1.13 1.16 1.23 1.25 1.39 1.41 1.68 1.78 1.87 2.01 2.03
 2.03 2.21 3.42 3.76]
var: 0.5166094166666663
| [0m6        [0m | [0m0.9315   [0m | [0m0.1036   [0m | [0m26.53    [0m | [0m0.3845   [0m |
[0.14 0.16 0.17 0.22 0.23 0.25 0.3  0.33 0.33 0.34 0.36 0.4  0.43 0.47
 0.5  0.63 0.72 0.74 0.77 0.78 0.82 0.83 0.85 0.94 0.95 0.98 0.98 1.04
 1.05 1.09 1.11 1.17 1.17 1.19 1.25 1.26 1.27 1.32 1.34 1.34 1.38 1.45
 1.47 1.47 1.48 1.61 1.74 1.76 1.76 1.81 1.92 2.02 2.2  2.3  2.35 2.39
 2.55 2.68 2.91 2.99]
var: 0.5334578888888896
| [0m7        [0m | [0m1.174    [0m | [0m0.1945   [0m | [0m7.125    [0m | [0m2.815    [0m |
[0.06 0.07 0.07 0.08 0.13 0.13 0.14 0.16 0.2  0.22 0.24 0.27 0.28 0.29
 0.3  0.31 0.31 0.33 0.39 0.42 0.42 0.45 0.56 0.57 0.58 0.62 0.65 0.68
 0.72 0.77 0.79 0.8  0.88 0.97 0.99 1.04 1.1  1.13 1.14 1.19 1.27 1.32
 1.4  1.43 1.45 1.58 1.75 1.75 1.81 1.95 2.09 2.17 2.17 2.23 2.34 2.86
 2.87 3.32]
var: 0.6472182223543399
| [0m8        [0m | [0m0.9691   [0m | [0m0.2363   [0m | [0m45.18    [0m | [0m1.501    [0m |
[0.01 0.06 0.06 0.07 0.08 0.11 0.11 0.11 0.15 0.2  0.21 0.22 0.25 0.26
 0.26 0.29 0.3  0.32 0.33 0.38 0.44 0.45 0.45 0.47 0.49 0.55 0.57 0.58
 0.58 0.61 0.63 0.68 0.68 0.71 0.72 0.74 0.75 0.8  0.84 0.87 0.87 0.93
 0.96 1.   1.   1.09 1.14 1.14 1.15 1.16 1.18 1.19 1.23 1.24 1.41 1.64
 2.03 3.52]
var: 0.33298314506539894
| [0m9        [0m | [0m0.6943   [0m | [0m0.2684   [0m | [0m29.8     [0m | [0m0.5046   [0m |
[0.01 0.11 0.12 0.14 0.15 0.23 0.24 0.27 0.27 0.29 0.29 0.31 0.33 0.33
 0.41 0.46 0.49 0.52 0.55 0.57 0.61 0.62 0.65 0.66 0.66 0.66 0.68 0.7
 0.72 0.74 0.74 0.76 0.77 0.78 0.84 0.91 0.93 0.94 0.99 0.99 1.01 1.02
 1.04 1.09 1.23 1.31 1.42 1.5  1.51 1.56 1.85 1.94 2.35 2.94 3.26 3.26
 3.89]
var: 0.6708100338565706
| [0m10       [0m | [0m0.9407   [0m | [0m0.2637   [0m | [0m25.83    [0m | [0m0.6847   [0m |
[0.3  0.34 0.4  0.44 0.46 0.49 0.54 0.55 0.6  0.63 0.65 0.93 0.94 0.94
 0.95 0.96 0.98 1.16 1.17 1.17 1.24 1.28 1.31 1.43 1.45 1.48 1.51 1.59
 1.64 1.67 1.68 1.79 1.82 1.82 1.95 1.97 1.99 2.05 2.06 2.07 2.08 2.09
 2.31 2.38 2.46 2.52 2.56 2.57 2.62 2.81 2.9  2.96 2.96 3.48 4.04 4.12
 4.21]
var: 0.9339087719298241
| [95m11       [0m | [95m1.71     [0m | [95m0.1924   [0m | [95m12.98    [0m | [95m0.7709   [0m |
[0.1  0.17 0.2  0.38 0.39 0.48 0.5  0.5  0.52 0.52 0.53 0.54 0.57 0.6
 0.67 0.74 0.77 0.81 0.83 0.84 0.9  0.94 1.02 1.03 1.07 1.08 1.09 1.15
 1.16 1.21 1.27 1.29 1.29 1.36 1.41 1.51 1.52 1.54 1.57 1.58 1.67 1.68
 1.7  1.8  1.83 1.92 1.95 1.96 1.98 2.11 2.16 2.33 2.52 2.81 2.99 3.21
 3.71 3.82 3.96 5.37]
var: 1.0566469722222218
| [0m12       [0m | [0m1.452    [0m | [0m0.1741   [0m | [0m17.78    [0m | [0m1.449    [0m |
[0.03 0.22 0.3  0.37 0.38 0.53 0.53 0.63 0.63 0.69 0.74 0.8  0.8  0.84
 0.87 0.9  0.92 0.93 0.94 0.94 0.97 1.01 1.02 1.04 1.07 1.11 1.13 1.14
 1.16 1.27 1.31 1.35 1.41 1.42 1.46 1.49 1.65 1.7  1.7  1.73 1.78 1.8
 1.83 1.87 1.9  1.95 1.95 1.97 2.02 2.06 2.1  2.13 2.14 2.46 2.52 2.58
 2.73 3.86 4.17 8.26]
var: 1.3964949722222217
| [0m13       [0m | [0m1.52     [0m | [0m0.2337   [0m | [0m7.51     [0m | [0m1.416    [0m |
[0.01 0.01 0.03 0.03 0.03 0.06 0.09 0.11 0.12 0.12 0.13 0.15 0.15 0.16
 0.17 0.17 0.19 0.2  0.22 0.23 0.24 0.25 0.26 0.27 0.29 0.3  0.32 0.35
 0.35 0.36 0.36 0.36 0.38 0.38 0.39 0.4  0.4  0.42 0.44 0.49 0.49 0.51
 0.53 0.53 0.58 0.64 0.68 0.68 0.68 0.81 0.94 1.04 1.26 1.51 1.66 1.94
 2.05 2.1 ]
var: 0.24481795481569563
| [0m14       [0m | [0m0.4831   [0m | [0m0.0389   [0m | [0m41.86    [0m | [0m2.438    [0m |
[0.   0.01 0.03 0.06 0.06 0.06 0.11 0.11 0.11 0.13 0.13 0.13 0.14 0.14
 0.14 0.15 0.19 0.19 0.23 0.28 0.31 0.31 0.34 0.34 0.35 0.36 0.38 0.4
 0.42 0.42 0.44 0.52 0.53 0.56 0.56 0.58 0.59 0.63 0.64 0.64 0.68 0.72
 0.72 0.73 0.75 0.78 0.83 0.93 0.96 1.16 1.18 1.26 1.41 1.51 1.54 1.96
 2.15 2.36 2.45 3.05]
var: 0.43026875000000003
| [0m15       [0m | [0m0.6475   [0m | [0m0.1055   [0m | [0m40.5     [0m | [0m2.85     [0m |
[0.13 0.14 0.15 0.16 0.27 0.32 0.33 0.34 0.36 0.37 0.4  0.42 0.43 0.47
 0.48 0.53 0.55 0.56 0.6  0.61 0.62 0.64 0.64 0.66 0.67 0.7  0.71 0.74
 0.77 0.78 0.78 0.79 0.94 0.97 1.01 1.03 1.03 1.07 1.1  1.11 1.17 1.2
 1.21 1.23 1.24 1.25 1.33 1.41 1.46 1.54 1.56 1.59 1.64 1.72 1.75 1.83
 1.92 2.14 3.22]
var: 0.3371337546681985
| [0m16       [0m | [0m0.9286   [0m | [0m0.2395   [0m | [0m16.24    [0m | [0m1.813    [0m |
[0.1  0.13 0.17 0.19 0.19 0.21 0.25 0.3  0.3  0.34 0.34 0.36 0.37 0.4
 0.41 0.44 0.49 0.52 0.55 0.56 0.56 0.58 0.6  0.6  0.61 0.62 0.63 0.65
 0.66 0.7  0.71 0.72 0.76 0.77 0.83 0.84 0.89 0.94 0.94 0.97 0.98 1.02
 1.06 1.12 1.16 1.17 1.17 1.23 1.23 1.23 1.29 1.5  1.56 1.63 1.68 2.65
 2.78 3.64]
var: 0.42143448275862067
| [0m17       [0m | [0m0.85     [0m | [0m0.2612   [0m | [0m14.53    [0m | [0m0.1269   [0m |
[0.01 0.11 0.11 0.14 0.16 0.21 0.26 0.28 0.29 0.29 0.3  0.35 0.37 0.46
 0.49 0.49 0.5  0.56 0.56 0.57 0.59 0.62 0.66 0.71 0.73 0.77 0.78 0.79
 0.81 0.84 0.88 0.93 0.99 1.02 1.05 1.06 1.07 1.1  1.13 1.14 1.17 1.23
 1.23 1.35 1.4  1.72 1.75 1.81 1.82 1.86 2.08 2.19 2.29 2.36 2.37 2.51
 2.84 2.99 2.99 5.69]
var: 0.9436680833333326
| [0m18       [0m | [0m1.131    [0m | [0m0.2278   [0m | [0m22.68    [0m | [0m1.797    [0m |
[0.03 0.07 0.08 0.14 0.14 0.17 0.19 0.2  0.22 0.22 0.23 0.26 0.26 0.27
 0.27 0.3  0.32 0.32 0.32 0.34 0.38 0.38 0.4  0.46 0.46 0.47 0.48 0.49
 0.51 0.54 0.54 0.55 0.56 0.56 0.58 0.64 0.65 0.69 0.7  0.71 0.74 0.75
 0.77 0.79 0.85 0.89 0.98 1.01 1.05 1.11 1.15 1.15 1.22 1.24 1.27 1.34
 1.36 1.45 1.83 2.59]
var: 0.22393733333333352
| [0m19       [0m | [0m0.644    [0m | [0m0.2603   [0m | [0m6.147    [0m | [0m2.131    [0m |
[0.11 0.16 0.16 0.17 0.28 0.29 0.29 0.3  0.31 0.31 0.32 0.35 0.36 0.4
 0.4  0.42 0.44 0.44 0.45 0.5  0.51 0.53 0.53 0.56 0.57 0.57 0.58 0.6
 0.6  0.66 0.67 0.74 0.75 0.76 0.77 0.79 0.79 0.8  0.85 0.86 0.91 0.92
 0.93 0.95 0.97 1.09 1.09 1.18 1.23 1.47 1.56 1.62 1.72 3.   3.2  3.53]
var: 0.4738280612244899
| [0m20       [0m | [0m0.8093   [0m | [0m0.02131  [0m | [0m22.05    [0m | [0m1.78     [0m |
[0.02 0.03 0.04 0.04 0.05 0.06 0.07 0.08 0.13 0.13 0.17 0.18 0.2  0.23
 0.24 0.25 0.28 0.28 0.28 0.3  0.33 0.35 0.42 0.44 0.51 0.52 0.52 0.53
 0.54 0.56 0.56 0.56 0.57 0.61 0.61 0.63 0.67 0.68 0.73 0.74 0.75 0.81
 0.84 0.86 0.93 1.04 1.04 1.05 1.08 1.1  1.14 1.24 1.45 1.47 1.52 1.57
 1.75 1.83 2.36 2.67]
var: 0.3276395555555553
| [0m21       [0m | [0m0.6773   [0m | [0m0.06163  [0m | [0m42.4     [0m | [0m1.88     [0m |
[0.04 0.09 0.11 0.11 0.11 0.15 0.15 0.17 0.19 0.22 0.22 0.23 0.24 0.25
 0.27 0.28 0.28 0.33 0.35 0.4  0.4  0.41 0.42 0.42 0.43 0.46 0.48 0.51
 0.56 0.56 0.56 0.62 0.66 0.67 0.68 0.72 0.75 0.78 0.87 0.9  0.93 1.
 1.07 1.07 1.15 1.24 1.27 1.4  1.41 1.43 1.49 1.56 1.61 1.61 1.81 2.02
 2.48 2.5  2.6  2.74]
var: 0.46531622222222263
| [0m22       [0m | [0m0.8073   [0m | [0m0.02103  [0m | [0m34.37    [0m | [0m1.045    [0m |
[0.   0.01 0.02 0.04 0.06 0.07 0.07 0.08 0.08 0.09 0.11 0.12 0.13 0.14
 0.16 0.16 0.17 0.18 0.18 0.19 0.19 0.21 0.24 0.25 0.26 0.27 0.3  0.3
 0.31 0.34 0.34 0.37 0.38 0.38 0.39 0.4  0.42 0.43 0.44 0.45 0.45 0.54
 0.55 0.64 0.66 0.68 0.69 0.72 0.73 0.84 0.84 0.85 1.02 1.03 1.2  1.21
 1.24 1.54 1.69 2.06]
var: 0.19034163888888905
| [0m23       [0m | [0m0.4652   [0m | [0m0.01425  [0m | [0m44.01    [0m | [0m2.504    [0m |
[0.14 0.14 0.14 0.15 0.15 0.17 0.18 0.21 0.23 0.23 0.24 0.25 0.28 0.29
 0.29 0.29 0.3  0.31 0.33 0.34 0.35 0.36 0.37 0.37 0.38 0.4  0.41 0.42
 0.43 0.43 0.46 0.49 0.53 0.56 0.59 0.61 0.61 0.64 0.68 0.7  0.71 0.74
 0.75 0.79 0.81 0.82 0.83 0.88 0.98 1.09 1.2  1.21 1.4  1.5  1.56 1.84
 2.07]
var: 0.18906315789473707
| [0m24       [0m | [0m0.59     [0m | [0m0.02598  [0m | [0m2.118    [0m | [0m2.055    [0m |
[0.1  0.11 0.11 0.12 0.16 0.16 0.19 0.26 0.27 0.3  0.31 0.32 0.33 0.4
 0.41 0.54 0.55 0.56 0.6  0.62 0.62 0.63 0.63 0.7  0.72 0.73 0.75 0.79
 0.79 0.81 0.85 0.86 0.94 0.95 1.   1.02 1.06 1.06 1.19 1.2  1.26 1.33
 1.35 1.42 1.5  1.54 1.54 1.65 1.65 1.78 1.9  1.9  2.01 2.26 2.28 2.42
 2.62 3.11 4.21 4.39]
var: 0.8290162222222215
| [0m25       [0m | [0m1.097    [0m | [0m0.1602   [0m | [0m15.65    [0m | [0m2.42     [0m |
[0.01 0.1  0.11 0.12 0.14 0.18 0.19 0.25 0.26 0.27 0.28 0.32 0.35 0.35
 0.37 0.38 0.39 0.45 0.46 0.5  0.51 0.51 0.52 0.56 0.6  0.63 0.65 0.73
 0.73 0.76 0.77 0.78 0.86 0.88 0.9  0.91 0.94 0.97 0.98 0.99 0.99 1.06
 1.19 1.19 1.23 1.23 1.25 1.25 1.49 1.51 1.57 1.57 1.58 1.6  1.61 1.7
 1.73 1.75 2.51 3.61]
var: 0.41309822222222226
| [0m26       [0m | [0m0.8713   [0m | [0m0.2861   [0m | [0m0.4894   [0m | [0m0.9641   [0m |
[0.   0.01 0.06 0.08 0.12 0.14 0.2  0.21 0.23 0.23 0.24 0.24 0.24 0.25
 0.27 0.28 0.29 0.32 0.35 0.37 0.39 0.39 0.44 0.45 0.46 0.48 0.49 0.5
 0.51 0.51 0.57 0.57 0.58 0.63 0.63 0.63 0.67 0.69 0.84 0.95 1.02 1.05
 1.07 1.3  1.32 1.37 1.45 1.51 1.58 1.63 1.69 1.76 1.85 1.85 1.97 2.14
 2.32 2.34 2.5  2.87]
var: 0.513878333333333
| [0m27       [0m | [0m0.835    [0m | [0m0.08695  [0m | [0m44.27    [0m | [0m1.686    [0m |
[0.09 0.09 0.11 0.15 0.15 0.18 0.2  0.23 0.25 0.26 0.28 0.28 0.31 0.33
 0.34 0.37 0.39 0.4  0.43 0.43 0.44 0.44 0.45 0.52 0.52 0.54 0.55 0.55
 0.56 0.57 0.59 0.61 0.62 0.64 0.64 0.65 0.66 0.72 0.74 0.76 0.76 0.77
 0.8  0.81 0.82 0.84 0.87 0.92 0.95 0.96 0.97 0.98 1.02 1.17 1.41 1.49
 1.68 1.88 1.92 2.07]
var: 0.19991030555555583
| [0m28       [0m | [0m0.6688   [0m | [0m0.2704   [0m | [0m3.803    [0m | [0m1.844    [0m |
[0.05 0.14 0.2  0.27 0.27 0.27 0.31 0.35 0.38 0.39 0.44 0.46 0.55 0.58
 0.61 0.64 0.73 0.77 0.8  0.82 0.83 0.83 0.85 0.91 0.97 0.97 1.02 1.03
 1.05 1.1  1.13 1.16 1.17 1.18 1.3  1.35 1.37 1.41 1.42 1.46 1.5  1.53
 1.54 1.55 1.58 1.61 1.67 1.71 1.89 2.   2.03 2.21 2.29 2.41 2.47 2.53
 2.65 2.66 2.82 3.05]
var: 0.557369555555555
| [0m29       [0m | [0m1.221    [0m | [0m0.2272   [0m | [0m14.94    [0m | [0m0.4571   [0m |
[0.07 0.1  0.15 0.16 0.21 0.22 0.22 0.24 0.25 0.25 0.29 0.3  0.32 0.32
 0.32 0.35 0.48 0.53 0.62 0.65 0.68 0.7  0.75 0.75 0.77 0.78 0.84 0.84
 0.89 0.94 0.99 1.02 1.07 1.1  1.1  1.14 1.18 1.18 1.19 1.29 1.33 1.34
 1.38 1.44 1.47 1.62 1.63 1.65 1.7  1.72 1.74 1.75 1.82 1.87 1.96 2.07
 2.3  2.42 2.49 3.48]
var: 0.5084014166666669
| [0m30       [0m | [0m1.041    [0m | [0m0.2556   [0m | [0m40.47    [0m | [0m1.398    [0m |
[0.01 0.02 0.03 0.05 0.05 0.05 0.09 0.09 0.12 0.14 0.14 0.15 0.15 0.2
 0.21 0.23 0.24 0.26 0.27 0.27 0.27 0.28 0.29 0.3  0.32 0.33 0.4  0.44
 0.45 0.47 0.49 0.51 0.51 0.52 0.52 0.63 0.68 0.69 0.73 0.73 0.85 0.89
 1.02 1.02 1.05 1.12 1.24 1.25 1.25 1.28 1.29 1.29 1.33 1.51 1.88 1.95
 2.12 2.12 4.05 4.55]
var: 0.7378560833333334
| [0m31       [0m | [0m0.7565   [0m | [0m0.2393   [0m | [0m32.02    [0m | [0m2.107    [0m |
[0.05 0.08 0.09 0.09 0.09 0.1  0.13 0.15 0.16 0.18 0.19 0.2  0.22 0.24
 0.24 0.26 0.27 0.36 0.39 0.42 0.42 0.43 0.44 0.44 0.44 0.44 0.45 0.45
 0.46 0.46 0.47 0.5  0.53 0.57 0.58 0.59 0.6  0.62 0.65 0.66 0.67 0.67
 0.68 0.69 0.7  0.73 0.73 0.76 0.79 0.84 0.89 0.98 1.   1.1  1.15 1.71
 1.76 2.19 3.01 3.26]
var: 0.37991322222222146
| [0m32       [0m | [0m0.6403   [0m | [0m0.2438   [0m | [0m31.94    [0m | [0m2.255    [0m |
[0.08 0.12 0.14 0.17 0.18 0.2  0.21 0.22 0.23 0.25 0.27 0.28 0.31 0.31
 0.33 0.33 0.33 0.38 0.39 0.41 0.43 0.47 0.47 0.49 0.51 0.52 0.61 0.65
 0.66 0.67 0.7  0.71 0.72 0.75 0.79 0.85 0.89 0.91 0.96 0.96 0.98 0.99
 1.04 1.05 1.07 1.15 1.2  1.21 1.27 1.29 1.34 1.38 1.46 1.63 1.7  1.96
 2.28 2.6  3.06 3.72]
var: 0.5140073333333336
| [0m33       [0m | [0m0.854    [0m | [0m0.1364   [0m | [0m29.47    [0m | [0m0.9317   [0m |
[0.04 0.06 0.06 0.07 0.11 0.14 0.15 0.18 0.19 0.2  0.21 0.22 0.27 0.32
 0.33 0.35 0.35 0.38 0.45 0.52 0.53 0.56 0.56 0.58 0.59 0.6  0.61 0.64
 0.67 0.68 0.69 0.69 0.71 0.71 0.78 0.8  0.82 0.87 0.92 1.   1.02 1.04
 1.04 1.06 1.07 1.14 1.17 1.18 1.26 1.28 1.39 1.4  1.56 1.59 1.67 1.86
 1.99 2.04 2.44 2.77]
var: 0.3636898888888889
| [0m34       [0m | [0m0.8097   [0m | [0m0.2547   [0m | [0m31.22    [0m | [0m2.999    [0m |
[0.03 0.05 0.08 0.09 0.11 0.12 0.13 0.14 0.14 0.15 0.16 0.2  0.2  0.28
 0.3  0.31 0.31 0.34 0.34 0.36 0.37 0.38 0.38 0.4  0.4  0.41 0.41 0.43
 0.46 0.46 0.47 0.48 0.49 0.49 0.49 0.51 0.51 0.54 0.55 0.55 0.55 0.56
 0.56 0.57 0.59 0.61 0.61 0.62 0.66 0.73 0.83 0.97 1.04 1.06 1.37 1.38
 1.42 1.54 1.8  2.97]
var: 0.23889788888888855
| [0m35       [0m | [0m0.5577   [0m | [0m0.2483   [0m | [0m42.6     [0m | [0m2.938    [0m |
[0.03 0.04 0.05 0.05 0.1  0.12 0.14 0.17 0.17 0.18 0.2  0.2  0.21 0.23
 0.24 0.24 0.26 0.26 0.27 0.28 0.28 0.33 0.33 0.34 0.34 0.35 0.35 0.35
 0.36 0.37 0.37 0.38 0.39 0.4  0.43 0.43 0.45 0.48 0.49 0.49 0.51 0.54
 0.54 0.55 0.55 0.59 0.6  0.66 0.7  0.71 0.75 0.79 0.81 0.84 0.86 0.88
 0.9  0.98 0.98]
var: 0.06164567652973296
| [0m36       [0m | [0m0.4219   [0m | [0m0.05496  [0m | [0m46.91    [0m | [0m2.17     [0m |
[0.16 0.2  0.27 0.29 0.31 0.34 0.35 0.38 0.38 0.38 0.41 0.42 0.43 0.46
 0.49 0.5  0.52 0.58 0.58 0.6  0.61 0.67 0.74 0.78 0.78 0.86 0.9  0.91
 0.98 1.02 1.07 1.08 1.1  1.14 1.15 1.23 1.24 1.26 1.33 1.4  1.51 1.57
 1.58 1.59 1.72 1.75 1.78 1.81 1.82 2.02 2.07 2.32 2.57 2.62 2.64 3.06
 3.51 3.58 4.75]
var: 0.8904067796610159
| [0m37       [0m | [0m1.23     [0m | [0m0.1234   [0m | [0m11.45    [0m | [0m2.999    [0m |
[0.04 0.12 0.12 0.12 0.14 0.15 0.15 0.17 0.18 0.22 0.24 0.3  0.33 0.38
 0.39 0.4  0.42 0.46 0.53 0.53 0.53 0.56 0.59 0.62 0.69 0.73 0.73 0.74
 0.79 0.8  0.82 0.83 0.83 0.86 0.95 1.   1.05 1.12 1.17 1.18 1.26 1.34
 1.4  1.43 1.45 1.53 1.54 1.59 1.68 1.71 1.71 1.76 1.84 1.97 1.98 2.09
 2.73 4.05 4.53 5.1 ]
var: 1.0185036388888902
| [0m38       [0m | [0m1.078    [0m | [0m0.002586 [0m | [0m13.71    [0m | [0m3.0      [0m |
[0.   0.01 0.04 0.1  0.1  0.11 0.18 0.18 0.23 0.24 0.29 0.31 0.33 0.33
 0.34 0.38 0.38 0.4  0.42 0.52 0.53 0.54 0.58 0.61 0.71 0.72 0.77 0.83
 0.99 1.04 1.07 1.09 1.13 1.15 1.17 1.31 1.37 1.4  1.44 1.53 1.58 1.6
 1.62 1.73 1.76 1.88 1.94 1.98 2.18 2.2  2.31 2.45 2.76 2.85 2.92 3.24
 3.46 3.7  3.71 4.1 ]
var: 1.1184028888888895
| [0m39       [0m | [0m1.247    [0m | [0m0.04443  [0m | [0m30.01    [0m | [0m1.446    [0m |
[0.09 0.12 0.15 0.23 0.23 0.24 0.25 0.26 0.29 0.29 0.29 0.3  0.32 0.36
 0.49 0.55 0.55 0.57 0.62 0.63 0.64 0.72 0.75 0.79 0.86 0.9  0.91 0.99
 1.01 1.01 1.04 1.08 1.12 1.15 1.22 1.26 1.3  1.3  1.31 1.34 1.37 1.38
 1.55 1.59 1.59 1.79 1.86 1.88 1.92 1.93 1.97 1.98 2.04 2.17 2.26 2.77
 2.88 3.07 3.63]
var: 0.6426886526860102
| [0m40       [0m | [0m1.138    [0m | [0m0.2342   [0m | [0m13.7     [0m | [0m2.874    [0m |
[0.28 0.4  0.4  0.59 0.82 0.87 0.88 0.94 1.08 1.09 1.28 1.35 1.37 1.47
 1.56 1.56 1.63 1.71 1.74 1.77 1.8  1.81 1.81 1.84 1.87 1.88 1.89 1.92
 1.93 1.98 1.99 2.03 2.04 2.08 2.15 2.19 2.22 2.37 2.39 2.48 2.57 2.61
 2.65 2.67 2.67 2.79 2.83 2.98 3.05 3.11 3.12 3.21 3.53 3.76 3.89 3.97
 4.1  4.13 4.61 6.7 ]
var: 1.2913583055555558
| [95m41       [0m | [95m2.207    [0m | [95m0.1585   [0m | [95m12.45    [0m | [95m1.133    [0m |
[0.09 0.11 0.16 0.29 0.3  0.34 0.35 0.36 0.39 0.4  0.42 0.43 0.46 0.52
 0.6  0.63 0.67 0.71 0.77 0.77 0.82 0.97 0.97 1.   1.04 1.07 1.15 1.18
 1.2  1.22 1.23 1.3  1.3  1.32 1.32 1.42 1.42 1.43 1.46 1.47 1.52 1.6
 1.6  1.6  1.68 1.72 1.74 1.76 1.79 1.83 2.02 2.03 2.08 2.16 2.18 2.48
 2.9  3.32 3.35 4.15]
var: 0.6919569722222216
| [0m42       [0m | [0m1.276    [0m | [0m0.1835   [0m | [0m12.23    [0m | [0m1.649    [0m |
[0.09 0.12 0.18 0.2  0.32 0.43 0.48 0.55 0.55 0.68 0.68 0.72 0.75 0.76
 0.83 0.86 0.92 0.93 0.95 0.98 1.06 1.15 1.15 1.15 1.18 1.24 1.29 1.41
 1.51 1.58 1.62 1.62 1.63 1.63 1.68 1.71 1.71 1.72 1.77 1.8  2.01 2.09
 2.13 2.13 2.23 2.25 2.34 2.38 2.4  2.49 2.52 2.59 2.7  3.02 3.39 3.61
 4.13 4.29 4.31 4.51]
var: 1.151541638888889
| [0m43       [0m | [0m1.652    [0m | [0m0.08629  [0m | [0m12.34    [0m | [0m0.8081   [0m |
[0.1  0.27 0.29 0.42 0.43 0.5  0.51 0.67 0.78 0.89 0.9  0.93 0.97 1.
 1.   1.01 1.06 1.2  1.26 1.26 1.26 1.3  1.3  1.39 1.41 1.43 1.45 1.47
 1.47 1.53 1.73 1.75 1.77 1.81 1.82 1.87 1.89 1.91 2.01 2.16 2.21 2.21
 2.22 2.42 2.42 2.48 2.56 2.69 2.71 2.73 2.76 2.92 3.09 3.1  3.12 3.21
 3.31 3.41 3.62 4.12]
var: 0.8806849722222222
| [0m44       [0m | [0m1.758    [0m | [0m0.3      [0m | [0m12.7     [0m | [0m1.192    [0m |
[0.28 0.31 0.32 0.32 0.4  0.44 0.47 0.48 0.54 0.55 0.56 0.61 0.61 0.67
 0.7  0.7  0.9  0.98 0.99 1.03 1.04 1.09 1.12 1.13 1.19 1.19 1.25 1.31
 1.35 1.4  1.43 1.43 1.44 1.49 1.52 1.58 1.61 1.62 1.63 1.64 1.66 1.66
 1.69 1.75 1.76 1.76 1.76 1.8  2.03 2.09 2.1  2.13 2.2  2.2  2.32 2.57
 2.78 3.31 4.94 5.  ]
var: 0.8670069722222219
| [0m45       [0m | [0m1.447    [0m | [0m0.2113   [0m | [0m1.888    [0m | [0m1.103    [0m |
[0.   0.   0.   0.   0.   0.01 0.02 0.08 0.2  0.21 0.23 0.33 0.35 0.48
 0.52 0.53 0.54 0.59 0.59 0.6  0.61 0.66 0.67 0.76 0.77 0.78 0.79 0.81
 0.99 1.02 1.02 1.08 1.11 1.22 1.23 1.24 1.27 1.33 1.44 1.51 1.54 1.58
 1.6  1.65 1.65 1.73 1.82 1.84 1.92 2.04 2.1  2.33 2.56 2.59 2.64 2.7
 2.96 3.12 3.82 5.55]
var: 1.1099303055555556
| [0m46       [0m | [0m1.222    [0m | [0m1e-08    [0m | [0m12.57    [0m | [0m1.145    [0m |
[0.17 0.3  0.46 0.63 0.71 0.73 0.77 0.78 0.8  0.83 0.83 0.9  0.94 1.02
 1.02 1.02 1.09 1.11 1.2  1.25 1.28 1.43 1.44 1.52 1.54 1.66 1.68 1.7
 1.7  1.71 1.72 1.74 1.87 1.88 1.9  1.97 2.   2.07 2.07 2.09 2.09 2.13
 2.17 2.24 2.26 2.32 2.39 2.4  2.43 2.61 2.71 2.92 2.97 3.07 3.11 3.31
 3.53 3.58 4.9  4.99]
var: 0.9868112222222212
| [0m47       [0m | [0m1.828    [0m | [0m0.08294  [0m | [0m3.665    [0m | [0m0.9609   [0m |
[0.17 0.25 0.38 0.41 0.54 0.65 0.7  0.81 0.86 0.87 0.88 0.88 0.92 1.08
 1.08 1.11 1.12 1.12 1.12 1.26 1.31 1.32 1.46 1.55 1.59 1.65 1.71 1.75
 1.81 1.86 1.92 1.94 1.94 1.98 1.98 1.99 2.05 2.1  2.17 2.23 2.32 2.34
 2.58 2.61 2.62 2.64 2.67 2.73 2.82 2.83 3.02 3.07 3.08 3.31 3.37 3.99
 4.14 4.36]
var: 0.9653973840665874
| [0m48       [0m | [0m1.845    [0m | [0m0.3      [0m | [0m12.38    [0m | [0m1.085    [0m |
[0.   0.1  0.13 0.18 0.19 0.19 0.28 0.36 0.4  0.4  0.45 0.46 0.46 0.47
 0.5  0.54 0.58 0.58 0.6  0.63 0.64 0.65 0.65 0.66 0.67 0.69 0.71 0.72
 0.75 0.75 0.79 0.85 0.85 0.94 0.97 0.97 0.99 1.03 1.05 1.09 1.19 1.19
 1.2  1.23 1.33 1.5  1.53 1.66 1.69 1.7  1.72 2.12 2.15 2.47 2.6  2.81
 3.03 3.35]
var: 0.5604461652794295
| [0m49       [0m | [0m1.007    [0m | [0m0.2818   [0m | [0m17.44    [0m | [0m2.261    [0m |
[0.09 0.3  0.39 0.4  0.43 0.46 0.57 0.62 0.62 1.   1.04 1.05 1.09 1.1
 1.12 1.18 1.18 1.23 1.35 1.36 1.37 1.41 1.48 1.51 1.52 1.54 1.58 1.69
 1.71 1.73 1.83 2.04 2.24 2.25 2.29 2.32 2.33 2.35 2.41 2.51 2.53 2.6
 2.68 2.79 2.81 2.83 2.91 3.04 3.07 3.11 3.13 3.3  3.49 3.83 3.9  4.04
 4.16 4.74 5.17 5.33]
var: 1.5033509722222225
| [0m50       [0m | [0m2.069    [0m | [0m0.2249   [0m | [0m12.44    [0m | [0m1.257    [0m |
[0.01 0.02 0.04 0.09 0.14 0.16 0.18 0.2  0.2  0.23 0.25 0.27 0.29 0.29
 0.31 0.33 0.36 0.37 0.38 0.38 0.38 0.39 0.44 0.47 0.49 0.52 0.53 0.53
 0.55 0.59 0.6  0.61 0.66 0.68 0.7  0.74 0.81 0.9  0.99 0.99 1.01 1.04
 1.05 1.09 1.1  1.16 1.36 1.43 1.44 1.5  1.5  1.53 1.54 1.71 1.96 2.42
 2.52 2.62 2.75 3.34]
var: 0.5484612222222222
| [0m51       [0m | [0m0.8523   [0m | [0m0.02967  [0m | [0m7.546    [0m | [0m1.87     [0m |
[0.13 0.18 0.25 0.33 0.39 0.51 0.54 0.56 0.68 0.74 0.75 0.86 0.9  0.93
 0.96 1.11 1.14 1.15 1.3  1.32 1.38 1.39 1.4  1.45 1.52 1.67 1.75 1.78
 1.81 1.81 1.81 1.97 2.08 2.22 2.25 2.3  2.33 2.35 2.37 2.51 2.53 2.59
 2.6  2.61 2.67 2.77 2.8  2.82 3.04 3.12 3.18 3.43 3.65 4.06 4.44 4.54
 4.64 4.66]
var: 1.3806968192627826
| [0m52       [0m | [0m1.949    [0m | [0m0.2422   [0m | [0m12.56    [0m | [0m0.9915   [0m |
[0.17 0.18 0.32 0.47 0.48 0.68 0.76 0.77 0.83 0.83 0.87 0.9  0.92 0.97
 1.06 1.19 1.23 1.27 1.28 1.32 1.47 1.48 1.67 1.68 1.78 1.78 1.8  1.82
 1.85 1.91 1.93 1.94 2.02 2.05 2.07 2.12 2.12 2.17 2.17 2.2  2.22 2.45
 2.59 2.67 2.68 2.69 2.76 2.8  2.86 2.87 2.93 2.97 3.12 3.2  3.27 3.42
 3.53 3.91 3.97 4.13]
var: 0.9673536388888891
| [0m53       [0m | [0m1.926    [0m | [0m0.06943  [0m | [0m12.26    [0m | [0m1.216    [0m |
[0.05 0.05 0.1  0.11 0.12 0.14 0.15 0.17 0.19 0.22 0.22 0.24 0.26 0.29
 0.31 0.33 0.36 0.39 0.4  0.43 0.43 0.44 0.46 0.5  0.53 0.54 0.56 0.57
 0.61 0.63 0.65 0.66 0.69 0.76 0.78 0.82 0.84 0.86 0.89 0.9  0.9  0.91
 0.96 0.98 0.98 1.01 1.01 1.02 1.03 1.03 1.11 1.11 1.13 1.2  1.22 1.3
 1.31 1.4  1.48 1.49]
var: 0.15835141666666702
| [0m54       [0m | [0m0.6705   [0m | [0m0.08501  [0m | [0m18.25    [0m | [0m0.1876   [0m |
[0.11 0.12 0.14 0.23 0.27 0.27 0.27 0.32 0.34 0.35 0.36 0.37 0.38 0.43
 0.43 0.45 0.46 0.49 0.49 0.51 0.61 0.65 0.72 0.72 0.74 0.82 0.86 0.87
 0.91 0.91 0.93 0.94 0.94 0.98 1.04 1.05 1.13 1.14 1.2  1.39 1.43 1.43
 1.44 1.49 1.5  1.53 1.62 1.62 1.64 1.68 1.7  1.72 1.72 1.92 1.94 1.96
 2.25 2.54 2.55 2.93]
var: 0.4499054166666664
| [0m55       [0m | [0m1.033    [0m | [0m0.02298  [0m | [0m1.037    [0m | [0m1.18     [0m |
[0.11 0.25 0.28 0.32 0.37 0.39 0.42 0.43 0.57 0.59 0.66 0.72 0.72 0.76
 0.82 0.82 0.82 0.89 0.91 0.97 1.01 1.01 1.12 1.12 1.16 1.16 1.22 1.3
 1.3  1.37 1.44 1.45 1.57 1.63 1.77 1.8  1.85 1.86 1.92 1.95 2.   2.03
 2.22 2.53 2.55 2.61 2.71 2.76 2.79 2.81 2.88 3.03 3.05 3.2  3.31 3.54
 3.77 4.01]
var: 1.0086724435196202
| [0m56       [0m | [0m1.597    [0m | [0m0.2635   [0m | [0m3.82     [0m | [0m0.7402   [0m |
[0.31 0.34 0.34 0.34 0.53 0.58 0.6  0.65 0.72 0.72 0.77 0.92 0.92 0.93
 1.   1.06 1.07 1.1  1.18 1.19 1.2  1.21 1.22 1.22 1.23 1.24 1.27 1.46
 1.51 1.6  1.62 1.62 1.64 1.64 1.75 1.79 1.8  1.81 1.87 1.89 2.02 2.03
 2.12 2.12 2.16 2.42 2.42 2.43 2.44 2.48 2.51 2.64 2.67 2.69 2.76 2.83
 3.14 3.57 3.62 3.67]
var: 0.7216088888888882
| [0m57       [0m | [0m1.643    [0m | [0m0.1887   [0m | [0m3.396    [0m | [0m0.8901   [0m |
[0.03 0.04 0.05 0.08 0.09 0.11 0.13 0.14 0.15 0.16 0.18 0.18 0.19 0.21
 0.22 0.22 0.23 0.24 0.24 0.24 0.26 0.27 0.29 0.3  0.34 0.37 0.37 0.38
 0.4  0.42 0.43 0.46 0.46 0.47 0.49 0.51 0.53 0.53 0.53 0.53 0.55 0.55
 0.58 0.59 0.6  0.61 0.7  0.73 0.74 0.79 0.81 0.83 0.97 1.   1.15 2.62]
var: 0.15159205994897926
| [0m58       [0m | [0m0.4516   [0m | [0m0.2026   [0m | [0m49.47    [0m | [0m1.855    [0m |
[0.07 0.28 0.31 0.35 0.45 0.47 0.55 0.58 0.59 0.6  0.63 0.66 0.68 0.7
 0.75 0.79 0.79 0.82 0.83 0.89 0.96 1.   1.01 1.01 1.02 1.04 1.05 1.14
 1.15 1.16 1.19 1.24 1.34 1.46 1.61 1.71 1.71 1.72 1.74 1.75 1.8  1.91
 1.96 1.98 2.04 2.09 2.12 2.28 2.38 2.49 2.51 2.55 2.61 2.73 2.79 2.85
 2.91 3.19 3.21 3.97]
var: 0.7699947499999998
| [0m59       [0m | [0m1.47     [0m | [0m0.2142   [0m | [0m12.71    [0m | [0m0.6965   [0m |
[0.24 0.41 0.68 0.76 0.78 0.85 0.86 0.87 0.91 0.91 0.92 0.93 0.93 1.01
 1.01 1.22 1.37 1.39 1.39 1.42 1.49 1.5  1.55 1.55 1.58 1.7  1.82 1.83
 1.93 2.01 2.01 2.02 2.03 2.04 2.04 2.06 2.11 2.13 2.15 2.21 2.29 2.29
 2.37 2.41 2.47 2.6  2.61 2.66 2.73 2.92 2.98 3.21 3.44 3.78 3.97 5.08
 5.34]
var: 1.0638559556786706
| [0m60       [0m | [0m1.926    [0m | [0m0.1051   [0m | [0m12.01    [0m | [0m1.029    [0m |
[0.22 0.29 0.42 0.43 0.44 0.49 0.59 0.66 0.72 0.73 0.82 0.84 0.9  0.93
 0.97 0.98 1.05 1.05 1.07 1.12 1.12 1.12 1.13 1.24 1.27 1.31 1.33 1.35
 1.53 1.56 1.68 1.68 1.68 1.69 1.73 1.74 1.78 1.8  1.83 1.93 1.98 2.15
 2.19 2.22 2.23 2.29 2.36 2.61 2.66 2.7  2.79 2.92 3.11 3.17 3.25 3.59
 3.76 3.87 4.48 5.46]
var: 1.168174972222222
| [0m61       [0m | [0m1.75     [0m | [0m0.2774   [0m | [0m3.824    [0m | [0m0.772    [0m |
[0.14 0.37 0.38 0.43 0.47 0.74 0.78 0.85 0.86 0.88 0.98 0.98 0.99 1.03
 1.03 1.08 1.08 1.09 1.15 1.16 1.17 1.17 1.31 1.38 1.4  1.54 1.54 1.59
 1.61 1.63 1.66 1.67 1.68 1.8  1.88 1.93 1.94 2.06 2.07 2.09 2.12 2.17
 2.18 2.29 2.37 2.37 2.44 2.46 2.67 2.75 2.82 2.89 3.15 3.36 3.54 3.68
 4.02 4.54 4.82 6.05]
var: 1.3148382222222221
| [0m62       [0m | [0m1.871    [0m | [0m0.2748   [0m | [0m3.657    [0m | [0m1.069    [0m |
[0.17 0.27 0.27 0.4  0.54 0.55 0.61 0.69 0.73 0.78 0.95 1.04 1.08 1.11
 1.12 1.24 1.27 1.29 1.3  1.32 1.34 1.34 1.35 1.35 1.35 1.47 1.7  1.78
 1.78 1.89 1.93 1.96 1.96 1.98 2.04 2.05 2.05 2.09 2.17 2.18 2.23 2.3
 2.35 2.4  2.45 2.45 2.46 2.75 2.79 3.04 3.05 3.09 3.31 3.68 3.91 4.09
 4.24 4.39]
var: 1.038206926278241
| [0m63       [0m | [0m1.853    [0m | [0m0.3      [0m | [0m3.972    [0m | [0m1.032    [0m |
[0.   0.   0.   0.   0.01 0.02 0.03 0.13 0.17 0.19 0.19 0.23 0.3  0.3
 0.35 0.37 0.39 0.41 0.42 0.44 0.48 0.65 0.72 0.85 0.9  0.9  0.98 1.01
 1.02 1.05 1.17 1.18 1.19 1.19 1.23 1.24 1.29 1.34 1.36 1.36 1.43 1.46
 1.5  1.59 1.62 1.71 1.81 1.83 1.85 1.89 1.95 1.97 1.98 2.03 2.18 2.54
 2.7  2.71 3.05 3.66]
var: 0.722951555555556
| [0m64       [0m | [0m1.109    [0m | [0m1e-08    [0m | [0m11.77    [0m | [0m1.204    [0m |
[0.1  0.29 0.34 0.42 0.44 0.47 0.52 0.53 0.61 0.69 0.7  0.75 0.76 0.79
 0.79 0.85 0.9  0.93 0.95 0.96 0.96 0.99 1.19 1.22 1.25 1.39 1.41 1.54
 1.57 1.58 1.61 1.62 1.62 1.64 1.75 1.83 1.84 1.88 1.91 1.93 2.11 2.15
 2.17 2.21 2.25 2.26 2.26 2.34 2.39 2.39 2.45 2.51 2.67 2.71 2.81 2.87
 2.99 3.   3.4 ]
var: 0.6717270899166906
| [0m65       [0m | [0m1.55     [0m | [0m0.1351   [0m | [0m12.02    [0m | [0m0.7704   [0m |
[0.   0.   0.   0.02 0.06 0.18 0.2  0.21 0.27 0.31 0.41 0.58 0.59 0.65
 0.67 0.68 0.7  0.73 0.76 0.85 0.88 0.88 0.94 0.95 1.01 1.04 1.07 1.07
 1.22 1.27 1.34 1.37 1.4  1.56 1.6  1.61 1.68 1.74 1.77 1.82 1.91 1.94
 1.98 2.11 2.12 2.24 2.38 2.39 2.47 2.63 2.69 2.85 2.86 2.91 2.94 3.16
 3.39 3.46 3.82 3.98]
var: 1.0892593333333334
| [0m66       [0m | [0m1.472    [0m | [0m1e-08    [0m | [0m3.979    [0m | [0m1.027    [0m |
[0.1  0.34 0.55 0.75 0.76 0.93 1.1  1.18 1.3  1.46 1.48 1.57 1.6  1.63
 1.66 1.71 1.78 1.8  1.93 1.94 1.96 2.03 2.15 2.15 2.16 2.24 2.24 2.26
 2.28 2.31 2.31 2.33 2.39 2.41 2.51 2.57 2.62 2.67 2.7  2.73 2.75 2.79
 2.82 2.84 2.84 3.03 3.04 3.05 3.15 3.32 3.51 3.66 3.7  3.72 3.75 3.88
 4.2  4.43 6.69]
var: 1.206769778799195
| [95m67       [0m | [95m2.369    [0m | [95m0.0801   [0m | [95m12.3     [0m | [95m1.011    [0m |
[0.33 0.35 0.36 0.46 0.59 0.63 0.73 0.77 0.83 0.84 0.9  0.9  0.91 0.91
 0.92 1.   1.04 1.04 1.05 1.17 1.26 1.37 1.4  1.44 1.47 1.54 1.62 1.67
 1.71 1.72 1.74 1.82 1.83 1.92 2.05 2.05 2.1  2.1  2.13 2.14 2.19 2.24
 2.25 2.35 2.43 2.61 2.61 2.62 2.75 2.78 3.05 3.08 3.14 3.17 3.18 3.2
 4.48 4.91]
var: 0.965594560047563
| [0m68       [0m | [0m1.791    [0m | [0m0.2149   [0m | [0m12.26    [0m | [0m0.9722   [0m |
[0.11 0.25 0.32 0.39 0.51 0.57 0.58 0.66 0.87 0.92 0.93 1.04 1.1  1.14
 1.18 1.29 1.33 1.37 1.44 1.5  1.51 1.52 1.54 1.6  1.64 1.7  1.81 1.85
 1.92 1.96 2.02 2.12 2.21 2.25 2.41 2.46 2.48 2.48 2.59 2.6  2.81 2.82
 2.84 2.93 3.   3.12 3.19 3.21 3.25 3.43 3.56 3.57 3.75 4.37 4.51 4.7
 4.84 5.98 6.23 6.4 ]
var: 2.1150093333333344
| [0m69       [0m | [0m2.278    [0m | [0m0.008493 [0m | [0m12.11    [0m | [0m1.064    [0m |
[0.09 0.13 0.13 0.17 0.19 0.23 0.23 0.24 0.28 0.31 0.34 0.39 0.4  0.44
 0.47 0.47 0.52 0.53 0.58 0.6  0.66 0.69 0.73 0.75 0.77 0.79 0.8  0.85
 0.87 0.89 0.9  1.06 1.16 1.19 1.19 1.24 1.25 1.36 1.39 1.4  1.52 1.52
 1.52 1.54 1.57 1.59 1.71 1.78 2.12 2.15 2.27 2.35 2.4  2.49 2.59 2.61
 3.39 3.45 3.81 4.09]
var: 0.9160343055555559
| [0m70       [0m | [0m1.219    [0m | [0m0.2137   [0m | [0m25.77    [0m | [0m0.9805   [0m |
[0.2  0.28 0.37 0.39 0.4  0.51 0.53 0.67 0.72 0.76 0.8  0.81 0.92 0.97
 1.   1.   1.07 1.21 1.25 1.27 1.3  1.3  1.3  1.38 1.42 1.47 1.5  1.52
 1.61 1.66 1.7  1.71 1.72 1.74 1.78 1.81 1.81 1.92 1.93 1.96 2.04 2.14
 2.17 2.23 2.3  2.56 2.58 2.65 2.91 2.94 3.03 3.08 3.09 3.33 3.42 5.16
 5.81]
var: 1.1835862111418904
| [0m71       [0m | [0m1.739    [0m | [0m0.1109   [0m | [0m12.34    [0m | [0m1.062    [0m |
[0.   0.   0.02 0.02 0.16 0.17 0.19 0.32 0.34 0.35 0.35 0.38 0.4  0.43
 0.43 0.46 0.47 0.51 0.54 0.65 0.7  0.8  0.81 0.87 0.96 0.97 0.99 1.05
 1.08 1.1  1.12 1.14 1.15 1.19 1.45 1.47 1.48 1.51 1.52 1.55 1.57 1.59
 1.69 1.75 1.86 1.86 1.89 1.95 1.98 2.   2.06 2.22 2.31 2.66 2.76 2.91
 3.18 3.32 3.45 4.  ]
var: 0.8921027500000002
| [0m72       [0m | [0m1.269    [0m | [0m1e-08    [0m | [0m12.22    [0m | [0m0.9641   [0m |
[0.17 0.26 0.34 0.38 0.51 0.55 0.57 0.6  0.71 0.73 0.73 0.73 0.79 0.8
 0.87 0.88 0.93 0.97 0.99 1.03 1.09 1.1  1.12 1.14 1.27 1.33 1.42 1.44
 1.56 1.6  1.64 1.83 1.88 1.91 1.91 1.95 1.96 2.   2.1  2.11 2.16 2.23
 2.23 2.48 2.51 2.52 2.69 2.77 2.84 2.85 2.89 2.9  3.05 3.47 3.62 3.71
 3.96 4.56 4.61 5.94]
var: 1.439542749999999
| [0m73       [0m | [0m1.832    [0m | [0m0.1872   [0m | [0m12.12    [0m | [0m1.085    [0m |
[0.15 0.18 0.19 0.21 0.29 0.3  0.52 0.55 0.61 0.65 0.74 0.79 0.79 0.81
 0.84 0.86 0.88 0.92 0.92 0.93 0.94 0.99 1.02 1.03 1.06 1.07 1.1  1.17
 1.19 1.21 1.24 1.24 1.31 1.45 1.46 1.51 1.52 1.55 1.6  1.64 1.78 1.82
 1.91 1.95 1.99 2.01 2.02 2.09 2.1  2.15 2.21 2.31 2.33 2.57 2.58 2.6
 2.69 2.84 3.57 3.98]
var: 0.6769680833333337
| [0m74       [0m | [0m1.416    [0m | [0m0.05282  [0m | [0m4.549    [0m | [0m0.4537   [0m |
[0.05 0.19 0.26 0.35 0.39 0.42 0.48 0.52 0.56 0.63 0.71 0.78 0.97 1.
 1.05 1.14 1.16 1.23 1.27 1.3  1.3  1.31 1.43 1.43 1.53 1.56 1.57 1.66
 1.68 1.69 1.71 1.87 1.88 1.91 1.98 2.06 2.13 2.21 2.31 2.36 2.38 2.41
 2.41 2.47 2.52 2.57 2.81 2.84 2.88 2.98 3.02 3.21 3.25 3.33 3.46 3.46
 3.47 3.58 3.7  5.1 ]
var: 1.1507083055555551
| [0m75       [0m | [0m1.865    [0m | [0m0.2306   [0m | [0m12.55    [0m | [0m1.176    [0m |
[0.27 0.32 0.52 0.53 0.67 0.82 0.82 0.86 0.87 0.89 0.89 0.99 1.01 1.03
 1.06 1.19 1.27 1.4  1.41 1.41 1.43 1.49 1.62 1.67 1.71 1.81 1.82 1.89
 1.93 2.04 2.06 2.09 2.11 2.12 2.21 2.24 2.29 2.35 2.41 2.47 2.5  2.55
 2.61 2.68 2.72 2.88 2.98 3.   3.03 3.07 3.1  3.11 3.14 3.23 4.15 4.43]
var: 0.8890591517857142
| [0m76       [0m | [0m1.914    [0m | [0m0.1342   [0m | [0m12.23    [0m | [0m1.048    [0m |
[0.09 0.14 0.26 0.35 0.42 0.48 0.56 0.69 0.71 0.75 0.79 0.86 1.06 1.08
 1.09 1.11 1.12 1.14 1.22 1.24 1.24 1.25 1.36 1.45 1.48 1.49 1.52 1.54
 1.57 1.64 1.68 1.69 1.7  1.79 1.81 1.85 1.86 1.96 1.97 1.99 2.1  2.27
 2.3  2.35 2.39 2.41 2.49 2.57 2.57 2.72 2.74 2.94 3.53 3.83 4.02 4.19
 4.65 6.42 6.44]
var: 1.703289801781097
| [0m77       [0m | [0m1.88     [0m | [0m0.04799  [0m | [0m12.02    [0m | [0m1.157    [0m |
[0.19 0.21 0.29 0.3  0.34 0.39 0.56 0.61 0.62 0.66 0.72 0.77 0.77 0.81
 0.82 0.83 0.83 0.84 0.89 0.97 1.1  1.11 1.19 1.28 1.36 1.38 1.4  1.41
 1.44 1.46 1.47 1.48 1.53 1.53 1.57 1.6  1.63 1.66 1.71 1.72 1.75 1.77
 1.78 1.85 2.1  2.49 2.5  2.55 2.58 2.87 2.87 2.96 3.06 3.58 3.6  3.78
 4.46 5.   5.46 5.82]
var: 1.607329333333333
| [0m78       [0m | [0m1.738    [0m | [0m0.2019   [0m | [0m21.28    [0m | [0m1.345    [0m |
[0.09 0.12 0.12 0.19 0.23 0.24 0.27 0.3  0.3  0.34 0.35 0.37 0.37 0.48
 0.49 0.5  0.51 0.54 0.55 0.58 0.6  0.62 0.62 0.63 0.68 0.71 0.72 0.73
 0.75 0.77 0.77 0.8  0.8  0.8  0.8  0.82 0.82 0.87 0.97 1.07 1.11 1.2
 1.21 1.21 1.27 1.29 1.3  1.31 1.42 1.46 1.46 1.48 1.48 1.49 1.5  1.62
 1.69 1.86 2.01]
var: 0.22871577133007742
| [0m79       [0m | [0m0.8417   [0m | [0m0.1589   [0m | [0m6.105    [0m | [0m0.3029   [0m |
[0.01 0.02 0.06 0.08 0.11 0.15 0.25 0.27 0.27 0.35 0.37 0.37 0.39 0.39
 0.42 0.44 0.45 0.47 0.48 0.49 0.5  0.54 0.63 0.63 0.65 0.66 0.68 0.76
 0.78 0.8  0.81 0.85 0.86 0.89 0.91 0.92 0.93 0.96 0.97 1.03 1.04 1.16
 1.24 1.3  1.38 1.41 1.42 1.43 1.53 1.55 1.57 1.61 1.63 1.66 2.08 2.18
 2.46 2.49 3.12]
var: 0.43714254524561924
| [0m80       [0m | [0m0.9129   [0m | [0m0.1267   [0m | [0m20.89    [0m | [0m0.5436   [0m |
=============================================================
None
num_trials:  40  inits,  40  iters,  60  per
rho:  25
pthin:  0.80

Best VPT: 2.368813559322035
Best result: {'a': 0.08010185749125415, 'g': 12.30285177783223, 's': 1.0111639641056254}

KERNEL: nu=1.5, lengthscale=2.0, alpha=0.0005
