|   iter    |  target   |     a     |     g     |     s     |
-------------------------------------------------------------
[0.41 0.6  0.67 0.77 0.84 0.93 1.04 1.05 1.12 1.32 1.48 1.48 1.54 1.55
 1.63 1.71 1.72 1.73 1.96 1.97 2.02 2.02 2.15 2.23 2.26 2.27 2.31 2.37
 2.38 2.39 2.39 2.43 2.5  2.51 2.55 2.63 2.63 2.77 2.78 2.79 2.84 3.
 3.21 3.3  3.38 3.46 3.48 4.09 4.18 4.2  4.22 4.23 4.3  4.58 4.76 4.96
 5.23 5.37 5.73 5.76]
var: 1.7997432222222216
| [0m1        [0m | [0m2.636    [0m | [0m0.00767  [0m | [0m38.11    [0m | [0m0.03343  [0m |
[0.28 0.31 0.61 0.7  0.76 0.8  0.86 0.94 1.15 1.22 1.24 1.28 1.31 1.34
 1.49 1.5  1.54 1.59 1.61 1.64 1.67 1.68 1.68 1.75 1.76 1.81 1.85 1.92
 2.06 2.11 2.11 2.13 2.18 2.18 2.19 2.31 2.34 2.35 2.37 2.4  2.43 2.44
 2.44 2.46 2.59 2.66 2.8  2.88 3.02 3.04 3.1  3.1  3.53 3.64 3.9  3.96
 4.98 5.22 5.29 5.46]
var: 1.3381562222222223
| [0m2        [0m | [0m2.199    [0m | [0m0.2306   [0m | [0m44.66    [0m | [0m0.07036  [0m |
[0.   0.01 0.02 0.02 0.02 0.03 0.03 0.03 0.03 0.03 0.04 0.05 0.05 0.05
 0.06 0.06 0.07 0.08 0.11 0.12 0.12 0.14 0.14 0.15 0.16 0.16 0.18 0.19
 0.22 0.23 0.24 0.26 0.26 0.28 0.29 0.3  0.31 0.33 0.33 0.35 0.35 0.37
 0.37 0.37 0.44 0.44 0.45 0.45 0.48 0.54 0.55 0.55 0.56 0.56 0.56 0.68
 0.76 0.85 1.1  1.16]
var: 0.06756122222222229
| [0m3        [0m | [0m0.2857   [0m | [0m0.2507   [0m | [0m47.53    [0m | [0m2.056    [0m |
[0.   0.02 0.05 0.06 0.07 0.11 0.13 0.14 0.17 0.17 0.17 0.28 0.28 0.28
 0.29 0.32 0.35 0.36 0.38 0.39 0.41 0.47 0.48 0.48 0.5  0.5  0.51 0.52
 0.53 0.54 0.57 0.57 0.59 0.65 0.65 0.67 0.69 0.74 0.77 0.79 0.89 0.9
 0.94 0.94 0.94 0.95 1.14 1.27 1.29 1.38 1.41 1.42 1.58 1.61 1.69 1.7
 1.84 2.16 2.5  2.82]
var: 0.38418988888888883
| [0m4        [0m | [0m0.7503   [0m | [0m0.2119   [0m | [0m17.04    [0m | [0m1.827    [0m |
[0.04 0.12 0.13 0.2  0.2  0.27 0.31 0.31 0.32 0.32 0.43 0.43 0.43 0.47
 0.48 0.48 0.6  0.69 0.71 0.71 0.72 0.72 0.75 0.76 0.79 0.8  0.81 0.82
 0.86 0.87 0.9  0.92 0.92 0.92 0.92 0.96 0.97 1.   1.01 1.08 1.11 1.24
 1.26 1.28 1.34 1.34 1.36 1.36 1.4  1.43 1.44 1.47 1.51 1.52 1.56 1.82
 1.9  2.01 2.16 2.56]
var: 0.28712099999999985
| [0m5        [0m | [0m0.937    [0m | [0m0.2014   [0m | [0m1.585    [0m | [0m0.8532   [0m |
[ 0.05  0.08  0.1   0.19  0.24  0.29  0.34  0.45  0.69  0.71  0.72  0.78
  0.99  1.07  1.18  1.22  1.24  1.38  1.39  1.68  1.73  1.76  1.88  2.07
  2.09  2.13  2.17  2.21  2.24  2.25  2.29  2.3   2.32  2.35  2.37  2.39
  2.45  2.51  2.59  2.62  2.64  2.8   3.14  3.19  3.35  3.53  3.62  3.65
  3.72  3.81  3.88  3.98  4.25  4.38  4.56  5.32  5.49  6.59  7.32 10.44]
var: 3.546426972222222
| [0m6        [0m | [0m2.486    [0m | [0m0.02244  [0m | [0m30.09    [0m | [0m0.181    [0m |
[0.03 0.03 0.04 0.06 0.1  0.13 0.2  0.23 0.24 0.24 0.25 0.25 0.27 0.28
 0.29 0.34 0.39 0.58 0.65 0.67 0.71 0.75 0.78 0.82 0.87 0.93 0.94 0.96
 0.98 1.05 1.06 1.09 1.14 1.16 1.24 1.35 1.38 1.38 1.39 1.42 1.44 1.45
 1.5  1.52 1.54 1.65 1.73 1.77 1.9  2.25 2.27 2.32 2.44 2.45 2.56 2.66
 2.73 2.86 4.03 4.06]
var: 0.8862555555555558
| [0m7        [0m | [0m1.197    [0m | [0m0.1792   [0m | [0m29.89    [0m | [0m0.3899   [0m |
[0.   0.   0.   0.01 0.01 0.01 0.01 0.02 0.02 0.02 0.03 0.05 0.05 0.06
 0.06 0.06 0.07 0.1  0.11 0.11 0.12 0.12 0.13 0.13 0.16 0.17 0.17 0.19
 0.2  0.2  0.2  0.21 0.24 0.26 0.28 0.29 0.29 0.31 0.31 0.37 0.39 0.4
 0.42 0.44 0.47 0.49 0.5  0.5  0.51 0.52 0.52 0.53 0.55 0.56 0.57 0.64
 0.74 1.01 1.11 1.95]
var: 0.10667141666666667
| [0m8        [0m | [0m0.2995   [0m | [0m0.02347  [0m | [0m32.59    [0m | [0m2.425    [0m |
[0.   0.01 0.01 0.01 0.02 0.03 0.04 0.04 0.05 0.05 0.07 0.07 0.08 0.08
 0.08 0.08 0.09 0.09 0.09 0.1  0.1  0.1  0.11 0.11 0.13 0.14 0.14 0.16
 0.17 0.19 0.19 0.21 0.21 0.22 0.23 0.23 0.24 0.24 0.25 0.33 0.33 0.34
 0.38 0.38 0.39 0.41 0.41 0.42 0.43 0.43 0.43 0.45 0.48 0.48 0.49 0.49
 0.53 0.55 0.57 1.26]
var: 0.045539555555555646
| [0m9        [0m | [0m0.2407   [0m | [0m0.2323   [0m | [0m37.15    [0m | [0m2.861    [0m |
[0.03 0.14 0.15 0.16 0.16 0.18 0.19 0.22 0.22 0.22 0.25 0.26 0.26 0.27
 0.32 0.37 0.38 0.39 0.4  0.41 0.53 0.54 0.62 0.65 0.65 0.81 0.87 0.88
 1.   1.   1.2  1.23 1.25 1.28 1.34 1.35 1.37 1.38 1.48 1.48 1.51 1.57
 1.64 1.68 1.69 1.74 1.75 1.84 2.06 2.17 2.2  2.22 2.32 2.42 2.61 2.62
 2.66 3.11 3.41 3.45]
var: 0.8148406666666675
| [0m10       [0m | [0m1.176    [0m | [0m0.2658   [0m | [0m22.0     [0m | [0m0.744    [0m |
[0.04 0.08 0.09 0.09 0.1  0.1  0.11 0.13 0.15 0.18 0.19 0.2  0.21 0.29
 0.3  0.33 0.36 0.39 0.52 0.53 0.68 0.71 0.71 0.72 0.72 0.72 0.73 0.79
 0.82 0.87 0.95 0.97 1.03 1.23 1.26 1.26 1.31 1.32 1.34 1.44 1.59 1.67
 1.69 1.72 1.73 1.78 1.8  1.83 1.84 1.92 1.93 1.93 1.97 1.99 2.09 2.31
 2.79 2.87 2.91 3.53]
var: 0.7083812222222223
| [0m11       [0m | [0m1.098    [0m | [0m0.06345  [0m | [0m24.09    [0m | [0m0.9121   [0m |
[0.02 0.03 0.05 0.09 0.14 0.14 0.14 0.15 0.15 0.16 0.16 0.18 0.18 0.18
 0.19 0.19 0.2  0.25 0.25 0.25 0.26 0.27 0.27 0.27 0.29 0.33 0.35 0.36
 0.37 0.43 0.43 0.43 0.43 0.44 0.44 0.47 0.48 0.53 0.54 0.54 0.54 0.55
 0.58 0.59 0.65 0.68 0.69 0.73 0.76 0.77 0.86 1.2  1.28 1.32 1.37 1.4
 1.41 1.44 1.49 3.72]
var: 0.325312333333333
| [0m12       [0m | [0m0.551    [0m | [0m0.1581   [0m | [0m36.72    [0m | [0m1.376    [0m |
[0.   0.04 0.09 0.09 0.13 0.16 0.17 0.17 0.2  0.23 0.24 0.25 0.26 0.28
 0.3  0.3  0.32 0.34 0.37 0.39 0.42 0.43 0.45 0.45 0.46 0.5  0.51 0.53
 0.55 0.56 0.57 0.58 0.63 0.63 0.64 0.64 0.66 0.67 0.71 0.93 0.95 0.96
 1.04 1.09 1.09 1.11 1.17 1.21 1.28 1.3  1.32 1.73 1.82 1.95 1.96 2.06
 2.18 2.42 2.43 3.52]
var: 0.5080762222222223
| [0m13       [0m | [0m0.8073   [0m | [0m0.2067   [0m | [0m19.52    [0m | [0m1.527    [0m |
[0.   0.   0.   0.   0.01 0.03 0.04 0.05 0.08 0.09 0.09 0.09 0.09 0.1
 0.13 0.14 0.15 0.15 0.15 0.16 0.16 0.16 0.17 0.18 0.18 0.18 0.21 0.22
 0.23 0.23 0.23 0.26 0.27 0.28 0.28 0.29 0.31 0.32 0.33 0.33 0.34 0.34
 0.35 0.36 0.37 0.38 0.4  0.44 0.47 0.5  0.52 0.65 0.73 0.76 0.77 0.83
 0.84 1.07 1.33 1.34]
var: 0.08967622222222217
| [0m14       [0m | [0m0.3193   [0m | [0m0.07629  [0m | [0m0.211    [0m | [0m2.688    [0m |
[0.   0.06 0.08 0.08 0.08 0.12 0.12 0.13 0.18 0.21 0.23 0.24 0.28 0.3
 0.32 0.34 0.35 0.35 0.36 0.37 0.37 0.38 0.4  0.41 0.41 0.47 0.48 0.48
 0.56 0.6  0.6  0.6  0.6  0.68 0.68 0.71 0.77 0.77 0.81 0.83 0.86 0.86
 0.94 0.97 1.   1.06 1.12 1.22 1.25 1.26 1.31 1.36 1.41 1.54 1.6  1.66
 1.88 2.2  2.53 3.8 ]
var: 0.4564262222222228
| [0m15       [0m | [0m0.7607   [0m | [0m0.2953   [0m | [0m27.95    [0m | [0m1.159    [0m |
[0.   0.01 0.02 0.02 0.03 0.03 0.03 0.05 0.05 0.1  0.1  0.1  0.11 0.12
 0.13 0.15 0.18 0.18 0.19 0.21 0.21 0.23 0.23 0.24 0.24 0.25 0.25 0.29
 0.29 0.3  0.3  0.35 0.37 0.37 0.37 0.4  0.41 0.43 0.43 0.47 0.47 0.47
 0.47 0.47 0.49 0.5  0.51 0.57 0.58 0.58 0.63 0.64 0.67 0.73 0.77 0.85
 1.   1.01 1.28 1.34]
var: 0.08938697222222218
| [0m16       [0m | [0m0.3712   [0m | [0m0.262    [0m | [0m27.75    [0m | [0m2.836    [0m |
[0.   0.   0.   0.01 0.01 0.02 0.02 0.03 0.05 0.08 0.09 0.1  0.1  0.11
 0.11 0.14 0.14 0.14 0.15 0.15 0.17 0.18 0.2  0.21 0.23 0.24 0.24 0.26
 0.27 0.29 0.3  0.3  0.31 0.31 0.33 0.33 0.34 0.34 0.36 0.36 0.36 0.38
 0.39 0.4  0.44 0.45 0.45 0.46 0.46 0.47 0.48 0.51 0.52 0.53 0.56 0.65
 0.68 0.69 0.74 0.76]
var: 0.04016333333333326
| [0m17       [0m | [0m0.29     [0m | [0m0.0831   [0m | [0m44.35    [0m | [0m2.598    [0m |
[0.24 0.25 0.25 0.32 0.34 0.38 0.43 0.46 0.48 0.55 0.57 0.6  0.62 0.64
 0.66 0.67 0.72 0.87 0.93 0.96 1.   1.03 1.08 1.09 1.1  1.18 1.26 1.27
 1.29 1.29 1.33 1.34 1.37 1.44 1.44 1.51 1.56 1.58 1.61 1.63 1.64 1.64
 1.69 1.69 1.78 1.8  1.85 2.   2.03 2.09 2.1  2.16 2.18 2.24 2.34 2.58
 2.87 3.19 3.21 3.89]
var: 0.6302716388888886
| [0m18       [0m | [0m1.372    [0m | [0m0.179    [0m | [0m7.358    [0m | [0m1.064    [0m |
[0.   0.   0.   0.   0.   0.01 0.01 0.02 0.03 0.03 0.05 0.06 0.07 0.07
 0.08 0.09 0.09 0.09 0.12 0.13 0.13 0.2  0.2  0.21 0.21 0.21 0.23 0.25
 0.26 0.27 0.29 0.32 0.34 0.35 0.39 0.4  0.4  0.4  0.43 0.44 0.45 0.45
 0.47 0.49 0.5  0.52 0.53 0.54 0.54 0.54 0.54 0.57 0.58 0.59 0.6  0.71
 0.74 0.76 0.83 1.08]
var: 0.06214163888888869
| [0m19       [0m | [0m0.3152   [0m | [0m0.2208   [0m | [0m48.36    [0m | [0m1.935    [0m |
[0.   0.01 0.03 0.05 0.06 0.07 0.08 0.1  0.11 0.15 0.15 0.16 0.17 0.18
 0.2  0.22 0.22 0.25 0.26 0.3  0.31 0.31 0.32 0.33 0.35 0.35 0.36 0.4
 0.4  0.42 0.42 0.42 0.43 0.43 0.43 0.45 0.47 0.47 0.49 0.5  0.53 0.59
 0.62 0.64 0.69 0.7  0.7  0.71 0.72 0.73 0.76 0.78 0.83 0.86 0.87 0.92
 0.92 0.95 1.04 1.47]
var: 0.09108455555555547
| [0m20       [0m | [0m0.4477   [0m | [0m0.2292   [0m | [0m0.9074   [0m | [0m2.818    [0m |
[0.   0.   0.01 0.05 0.05 0.08 0.09 0.09 0.1  0.11 0.11 0.12 0.16 0.16
 0.18 0.19 0.21 0.21 0.24 0.25 0.26 0.27 0.28 0.28 0.29 0.3  0.31 0.32
 0.32 0.35 0.35 0.35 0.36 0.37 0.38 0.39 0.39 0.39 0.43 0.43 0.43 0.44
 0.44 0.44 0.47 0.52 0.56 0.56 0.57 0.61 0.61 0.67 0.74 0.77 0.79 0.92
 0.97 1.   1.33 1.5 ]
var: 0.09158363888888872
| [0m21       [0m | [0m0.3928   [0m | [0m0.07006  [0m | [0m42.47    [0m | [0m1.492    [0m |
[0.06 0.15 0.17 0.19 0.19 0.2  0.2  0.28 0.31 0.33 0.44 0.47 0.52 0.66
 0.73 0.82 0.85 0.88 0.94 0.95 0.98 0.98 1.01 1.07 1.15 1.15 1.16 1.18
 1.2  1.25 1.3  1.3  1.35 1.38 1.4  1.42 1.44 1.49 1.56 1.64 1.67 1.69
 1.7  1.74 1.85 1.89 1.92 1.96 2.12 2.18 2.2  2.31 2.35 2.44 2.54 2.8
 2.98 3.91 3.98 4.63]
var: 0.9213660833333344
| [0m22       [0m | [0m1.394    [0m | [0m0.1925   [0m | [0m2.604    [0m | [0m0.6506   [0m |
[0.   0.03 0.04 0.04 0.08 0.09 0.09 0.1  0.16 0.17 0.17 0.22 0.22 0.28
 0.29 0.31 0.32 0.32 0.32 0.33 0.34 0.36 0.37 0.37 0.38 0.4  0.41 0.42
 0.43 0.43 0.43 0.51 0.51 0.53 0.54 0.54 0.55 0.55 0.56 0.56 0.57 0.62
 0.66 0.66 0.72 0.79 0.83 0.85 0.86 0.94 1.   1.05 1.12 1.16 1.18 1.19
 1.19 1.2  1.41 1.61]
var: 0.14101988888888883
| [0m23       [0m | [0m0.5397   [0m | [0m0.1913   [0m | [0m38.3     [0m | [0m1.333    [0m |
[0.   0.   0.   0.   0.01 0.01 0.02 0.03 0.03 0.05 0.06 0.07 0.07 0.07
 0.08 0.08 0.09 0.1  0.11 0.11 0.13 0.14 0.15 0.16 0.2  0.21 0.22 0.23
 0.27 0.27 0.29 0.3  0.31 0.33 0.33 0.34 0.34 0.34 0.34 0.36 0.36 0.4
 0.4  0.43 0.43 0.46 0.48 0.51 0.52 0.54 0.58 0.59 0.6  0.62 0.67 0.71
 0.77 0.84 1.08 1.52]
var: 0.08248622222222236
| [0m24       [0m | [0m0.3127   [0m | [0m0.2971   [0m | [0m36.71    [0m | [0m2.975    [0m |
[0.   0.03 0.15 0.15 0.18 0.28 0.29 0.31 0.31 0.34 0.36 0.41 0.46 0.47
 0.48 0.49 0.5  0.53 0.54 0.55 0.58 0.61 0.61 0.65 0.66 0.69 0.72 0.72
 0.81 0.85 0.92 0.95 0.96 0.98 1.   1.05 1.09 1.16 1.16 1.18 1.21 1.22
 1.31 1.45 1.52 1.54 1.69 1.69 1.74 1.78 1.86 1.93 1.93 2.1  2.11 2.2
 2.2  2.32 2.63 3.02]
var: 0.4939636388888892
| [0m25       [0m | [0m1.027    [0m | [0m0.2487   [0m | [0m20.77    [0m | [0m1.139    [0m |
[0.11 0.19 0.32 0.39 0.39 0.64 0.65 0.69 0.7  0.76 0.85 0.9  0.91 0.92
 1.   1.02 1.03 1.06 1.24 1.26 1.28 1.29 1.29 1.33 1.38 1.4  1.45 1.45
 1.45 1.47 1.52 1.55 1.61 1.61 1.69 1.75 1.75 1.8  1.85 1.86 1.88 1.91
 1.93 2.   2.   2.11 2.24 2.3  2.34 2.35 2.55 2.6  2.62 2.64 2.72 2.8
 3.14 3.63 4.07 4.94]
var: 0.8415743333333336
| [0m26       [0m | [0m1.643    [0m | [0m0.2818   [0m | [0m13.6     [0m | [0m0.2577   [0m |
[0.01 0.01 0.02 0.02 0.06 0.07 0.08 0.09 0.11 0.12 0.13 0.14 0.14 0.15
 0.23 0.23 0.25 0.27 0.29 0.29 0.29 0.31 0.32 0.33 0.35 0.36 0.39 0.42
 0.43 0.47 0.48 0.5  0.5  0.51 0.52 0.52 0.54 0.56 0.56 0.57 0.6  0.65
 0.65 0.7  0.73 0.74 0.75 0.76 0.76 0.77 0.79 0.88 0.93 0.96 1.03 1.07
 1.1  1.13 1.43 1.45]
var: 0.12131266666666676
| [0m27       [0m | [0m0.492    [0m | [0m0.1329   [0m | [0m20.19    [0m | [0m2.634    [0m |
[0.01 0.02 0.02 0.02 0.04 0.06 0.06 0.08 0.09 0.09 0.15 0.15 0.15 0.17
 0.18 0.19 0.21 0.31 0.33 0.38 0.48 0.49 0.53 0.58 0.59 0.63 0.63 0.66
 0.69 0.7  0.71 0.78 0.79 0.87 0.93 1.04 1.05 1.05 1.13 1.17 1.19 1.29
 1.3  1.35 1.41 1.51 1.54 1.6  1.66 1.76 1.86 1.88 1.89 2.17 2.65 2.84
 2.9  3.09 3.96 6.06]
var: 1.1928415555555558
| [0m28       [0m | [0m1.035    [0m | [0m0.1666   [0m | [0m24.87    [0m | [0m0.8747   [0m |
[0.04 0.05 0.08 0.12 0.21 0.24 0.3  0.3  0.31 0.34 0.42 0.47 0.56 0.6
 0.65 0.67 0.7  0.76 0.8  0.81 0.81 0.82 0.85 0.92 0.99 1.04 1.04 1.05
 1.05 1.07 1.15 1.25 1.31 1.34 1.36 1.37 1.37 1.38 1.49 1.49 1.51 1.52
 1.52 1.55 1.59 1.65 1.71 1.81 1.92 2.16 2.18 2.22 2.27 2.28 2.51 2.52
 2.65 2.79 3.22]
var: 0.5711390405056013
| [0m29       [0m | [0m1.206    [0m | [0m0.2302   [0m | [0m42.17    [0m | [0m0.265    [0m |
[0.   0.06 0.06 0.1  0.11 0.12 0.13 0.13 0.14 0.14 0.17 0.2  0.25 0.28
 0.28 0.33 0.36 0.44 0.5  0.51 0.52 0.55 0.55 0.56 0.57 0.59 0.6  0.61
 0.63 0.67 0.71 0.76 0.88 0.91 0.94 0.95 0.96 0.98 0.98 1.05 1.07 1.15
 1.15 1.23 1.23 1.24 1.32 1.36 1.4  1.4  1.4  1.68 1.9  2.02 2.04 2.12
 2.69 2.91 2.93 2.98]
var: 0.5643605555555555
| [0m30       [0m | [0m0.9083   [0m | [0m0.2251   [0m | [0m13.92    [0m | [0m1.417    [0m |
[0.75 1.26 1.3  1.55 1.61 1.62 1.79 1.85 1.97 2.04 2.05 2.06 2.09 2.14
 2.22 2.29 2.46 2.46 2.53 2.64 2.75 2.77 2.8  2.82 2.92 3.05 3.06 3.09
 3.1  3.16 3.17 3.22 3.33 3.45 3.46 3.49 3.49 3.53 3.54 3.63 3.63 3.7
 3.81 3.85 3.93 3.97 3.99 4.2  4.2  4.22 4.34 4.37 4.41 4.55 4.87 4.87
 4.98 5.41 5.46 6.52]
var: 1.3285427500000007
| [95m31       [0m | [95m3.197    [0m | [95m0.01952  [0m | [95m18.4     [0m | [95m0.05905  [0m |
[0.   0.   0.   0.   0.   0.   0.   0.   0.   0.   0.   0.   0.01 0.01
 0.01 0.01 0.02 0.02 0.02 0.02 0.02 0.02 0.02 0.02 0.02 0.03 0.03 0.03
 0.03 0.03 0.04 0.04 0.05 0.05 0.05 0.05 0.05 0.05 0.06 0.06 0.06 0.06
 0.06 0.07 0.07 0.08 0.08 0.08 0.08 0.09 0.11 0.12 0.12 0.13 0.15 0.17
 0.21 0.22 0.23 0.23]
var: 0.0035883055555555672
| [0m32       [0m | [0m0.05483  [0m | [0m0.2976   [0m | [0m12.09    [0m | [0m0.008126 [0m |
[0.05 0.06 0.2  0.22 0.22 0.28 0.37 0.5  0.51 0.53 0.58 0.59 0.59 0.6
 0.69 0.72 0.73 0.76 0.79 0.8  0.86 0.98 1.02 1.05 1.22 1.24 1.29 1.3
 1.36 1.4  1.43 1.46 1.47 1.5  1.52 1.76 1.79 1.82 1.83 1.89 2.   2.03
 2.03 2.12 2.13 2.15 2.16 2.2  2.27 2.27 2.31 2.31 2.33 2.68 3.45 3.95
 4.04 4.23 4.43 4.99]
var: 1.252611222222223
| [0m33       [0m | [0m1.568    [0m | [0m0.1399   [0m | [0m22.18    [0m | [0m0.3065   [0m |
[0.   0.03 0.04 0.04 0.05 0.07 0.09 0.11 0.12 0.13 0.14 0.14 0.14 0.14
 0.14 0.16 0.2  0.2  0.23 0.23 0.26 0.26 0.27 0.29 0.29 0.3  0.31 0.31
 0.32 0.35 0.37 0.38 0.39 0.39 0.43 0.49 0.5  0.51 0.52 0.57 0.58 0.59
 0.64 0.65 0.66 0.67 0.68 0.69 0.72 0.74 0.74 0.8  0.83 0.93 1.08 1.22
 1.28 1.7  2.16 2.43]
var: 0.22618166666666661
| [0m34       [0m | [0m0.495    [0m | [0m0.2199   [0m | [0m35.18    [0m | [0m1.434    [0m |
[0.   0.03 0.03 0.04 0.08 0.08 0.11 0.21 0.21 0.23 0.25 0.26 0.3  0.31
 0.31 0.32 0.33 0.34 0.39 0.41 0.42 0.43 0.44 0.46 0.46 0.5  0.5  0.54
 0.56 0.57 0.58 0.6  0.62 0.62 0.63 0.64 0.65 0.69 0.71 0.71 0.72 0.72
 0.78 0.79 0.89 0.92 0.93 1.02 1.25 1.35 1.43 1.45 1.53 1.6  1.65 1.66
 2.26 2.27 2.33 2.92]
var: 0.3905073333333335
| [0m35       [0m | [0m0.734    [0m | [0m0.1833   [0m | [0m38.05    [0m | [0m0.9852   [0m |
[0.02 0.02 0.03 0.04 0.04 0.05 0.08 0.09 0.11 0.12 0.13 0.16 0.18 0.19
 0.21 0.23 0.24 0.27 0.27 0.3  0.31 0.32 0.36 0.37 0.4  0.42 0.46 0.47
 0.48 0.48 0.49 0.5  0.5  0.5  0.51 0.53 0.53 0.57 0.62 0.65 0.7  0.77
 0.79 0.84 0.85 0.88 0.99 1.03 1.04 1.06 1.11 1.16 1.2  1.22 1.25 1.31
 1.32 1.35 1.92 2.82]
var: 0.26500122222222217
| [0m36       [0m | [0m0.5977   [0m | [0m0.1943   [0m | [0m39.86    [0m | [0m1.009    [0m |
[0.   0.04 0.07 0.08 0.17 0.19 0.25 0.26 0.29 0.29 0.31 0.35 0.37 0.42
 0.44 0.44 0.48 0.5  0.53 0.56 0.59 0.6  0.63 0.63 0.64 0.65 0.66 0.66
 0.67 0.7  0.7  0.7  0.71 0.78 0.78 0.86 0.86 0.92 1.01 1.03 1.07 1.1
 1.13 1.19 1.19 1.21 1.23 1.27 1.4  1.43 1.49 1.49 1.66 1.83 2.03 2.05
 2.12 2.16 2.35 4.14]
var: 0.502010666666667
| [0m37       [0m | [0m0.906    [0m | [0m0.2691   [0m | [0m29.59    [0m | [0m0.8167   [0m |
[0.06 0.1  0.1  0.13 0.15 0.17 0.17 0.27 0.28 0.29 0.34 0.38 0.41 0.43
 0.49 0.53 0.55 0.59 0.6  0.62 0.76 0.79 0.8  0.82 0.84 0.86 0.89 0.91
 0.98 0.98 1.   1.01 1.11 1.17 1.2  1.25 1.27 1.55 1.58 1.6  1.64 1.66
 1.66 1.68 1.71 1.71 1.8  2.08 2.09 2.13 2.15 2.23 2.35 2.48 2.73 3.14
 3.71 3.78 4.09 4.37]
var: 1.0583309999999997
| [0m38       [0m | [0m1.287    [0m | [0m0.1703   [0m | [0m12.32    [0m | [0m1.029    [0m |
[0.   0.   0.07 0.08 0.09 0.11 0.11 0.12 0.12 0.12 0.17 0.17 0.18 0.18
 0.2  0.23 0.24 0.25 0.26 0.26 0.27 0.31 0.31 0.33 0.34 0.35 0.36 0.37
 0.38 0.38 0.43 0.45 0.46 0.48 0.51 0.51 0.52 0.52 0.52 0.53 0.53 0.57
 0.57 0.6  0.61 0.67 0.67 0.72 0.73 0.74 0.78 0.89 0.89 0.93 0.96 1.19
 1.27 1.29 1.51 2.19]
var: 0.15786555555555537
| [0m39       [0m | [0m0.4933   [0m | [0m0.1156   [0m | [0m9.075    [0m | [0m2.846    [0m |
[0.03 0.04 0.06 0.06 0.06 0.08 0.09 0.12 0.12 0.14 0.14 0.16 0.19 0.19
 0.2  0.21 0.25 0.25 0.26 0.26 0.28 0.29 0.29 0.3  0.32 0.33 0.37 0.37
 0.38 0.39 0.39 0.39 0.4  0.41 0.43 0.43 0.44 0.45 0.46 0.48 0.48 0.49
 0.49 0.5  0.5  0.57 0.63 0.67 0.68 0.72 0.8  0.84 0.92 0.96 1.   1.11
 1.14 1.14 1.58 4.18]
var: 0.33103274999999993
| [0m40       [0m | [0m0.4985   [0m | [0m0.05988  [0m | [0m42.62    [0m | [0m1.623    [0m |
[0.14 0.23 0.25 0.48 0.48 0.51 0.53 0.56 0.58 0.62 0.69 0.82 0.86 0.94
 1.03 1.03 1.13 1.26 1.29 1.35 1.39 1.43 1.44 1.46 1.52 1.52 1.53 1.54
 1.57 1.58 1.61 1.63 1.71 1.73 1.74 1.77 1.78 1.8  1.91 1.99 2.13 2.16
 2.25 2.26 2.33 2.4  2.52 2.58 2.62 2.67 2.74 2.77 2.86 3.08 3.1  3.38
 3.4  3.43 3.45 3.99]
var: 0.851927638888889
| [0m41       [0m | [0m1.726    [0m | [0m0.1312   [0m | [0m22.19    [0m | [0m0.2728   [0m |
[0.01 0.01 0.03 0.04 0.05 0.07 0.08 0.11 0.11 0.13 0.14 0.14 0.2  0.26
 0.26 0.26 0.27 0.3  0.31 0.31 0.33 0.34 0.34 0.35 0.35 0.39 0.42 0.42
 0.42 0.46 0.5  0.53 0.53 0.55 0.57 0.57 0.59 0.59 0.64 0.64 0.66 0.7
 0.71 0.71 0.72 0.87 0.93 0.94 1.01 1.05 1.08 1.09 1.11 1.11 1.16 1.2
 1.39 1.42 1.9  2.41]
var: 0.22218163888888906
| [0m42       [0m | [0m0.5798   [0m | [0m0.02457  [0m | [0m17.7     [0m | [0m2.075    [0m |
[0.   0.01 0.02 0.03 0.03 0.04 0.04 0.05 0.05 0.05 0.06 0.06 0.06 0.06
 0.07 0.07 0.08 0.08 0.08 0.08 0.09 0.09 0.1  0.11 0.11 0.11 0.12 0.12
 0.12 0.13 0.13 0.14 0.14 0.14 0.15 0.15 0.16 0.18 0.19 0.19 0.2  0.2
 0.2  0.2  0.22 0.25 0.25 0.27 0.29 0.3  0.31 0.32 0.33 0.33 0.37 0.42
 0.58 0.61 0.73 0.81]
var: 0.027848222222222226
| [0m43       [0m | [0m0.1813   [0m | [0m0.1027   [0m | [0m18.19    [0m | [0m0.009202 [0m |
[1.18 1.46 1.55 1.66 1.74 1.88 2.07 2.13 2.17 2.23 2.27 2.27 2.29 2.44
 2.48 2.52 2.56 2.63 2.7  2.75 2.78 2.8  2.83 2.85 2.85 3.07 3.1  3.15
 3.23 3.25 3.26 3.31 3.43 3.47 3.47 3.53 3.59 3.59 3.6  3.62 3.68 3.71
 3.79 3.81 3.84 3.84 3.95 4.06 4.12 4.15 4.23 4.25 4.79 4.87 5.07 5.48
 6.53 6.64 6.92 8.05]
var: 1.7806412222222219
| [95m44       [0m | [95m3.392    [0m | [95m0.0304   [0m | [95m18.44    [0m | [95m0.1178   [0m |
[0.   0.   0.01 0.01 0.01 0.01 0.02 0.02 0.03 0.03 0.03 0.04 0.04 0.05
 0.06 0.08 0.08 0.1  0.14 0.16 0.18 0.18 0.18 0.2  0.2  0.25 0.26 0.28
 0.32 0.34 0.34 0.35 0.37 0.38 0.4  0.44 0.5  0.53 0.53 0.54 0.6  0.6
 0.61 0.62 0.62 0.7  0.79 0.81 0.97 1.01 1.04 1.15 1.22 1.36 1.63 1.98
 2.04 2.74 3.43 5.29]
var: 0.8216249999999997
| [0m45       [0m | [0m0.615    [0m | [0m1e-08    [0m | [0m18.49    [0m | [0m0.0617   [0m |
[0.32 0.35 0.4  0.46 0.5  0.58 0.67 0.69 0.71 0.76 0.79 0.86 0.9  0.91
 0.91 0.95 1.06 1.1  1.12 1.13 1.21 1.25 1.27 1.28 1.29 1.34 1.4  1.44
 1.49 1.59 1.69 1.78 1.79 1.81 1.85 1.93 1.93 1.95 1.96 2.05 2.07 2.12
 2.15 2.17 2.17 2.45 2.45 2.46 2.81 3.06 3.21 3.24 3.41 3.5  3.52 3.54
 3.71 4.4  4.47 4.98]
var: 1.2141028888888892
| [0m46       [0m | [0m1.823    [0m | [0m0.2321   [0m | [0m44.72    [0m | [0m0.06468  [0m |
[1.09 1.21 1.35 1.43 1.98 2.18 2.27 2.76 2.77 2.78 2.78 2.86 2.86 2.98
 3.22 3.24 3.24 3.27 3.28 3.34 3.38 3.38 3.39 3.4  3.46 3.58 3.64 3.66
 3.76 3.89 3.89 3.99 4.   4.03 4.15 4.2  4.2  4.22 4.32 4.43 4.43 4.45
 4.54 4.67 4.87 5.19 5.2  5.28 5.33 5.34 5.38 5.41 5.44 5.45 5.52 5.54
 5.78 6.09 6.26 7.76]
var: 1.7516416388888882
| [95m47       [0m | [95m3.93     [0m | [95m0.02719  [0m | [95m18.4     [0m | [95m0.1084   [0m |
[0.   0.   0.   0.01 0.01 0.01 0.01 0.02 0.02 0.02 0.03 0.04 0.06 0.09
 0.09 0.09 0.11 0.15 0.15 0.17 0.18 0.19 0.21 0.21 0.22 0.27 0.27 0.3
 0.3  0.32 0.35 0.35 0.36 0.36 0.36 0.36 0.37 0.38 0.4  0.42 0.44 0.45
 0.46 0.49 0.5  0.53 0.54 0.55 0.56 0.6  0.6  0.61 0.69 0.7  0.8  0.86
 1.01 1.01 1.21 1.41]
var: 0.09669488888888897
| [0m48       [0m | [0m0.3547   [0m | [0m0.1158   [0m | [0m43.02    [0m | [0m1.872    [0m |
[0.09 0.13 0.22 0.34 0.34 0.46 0.48 0.58 0.68 0.72 0.72 0.77 0.94 1.02
 1.06 1.09 1.17 1.21 1.25 1.3  1.32 1.33 1.37 1.41 1.42 1.46 1.51 1.55
 1.57 1.65 1.68 1.77 1.78 1.95 1.95 2.01 2.03 2.15 2.22 2.26 2.27 2.4
 2.46 2.56 2.72 2.82 2.83 3.08 3.12 3.13 3.17 3.18 3.2  3.54 3.61 3.89
 4.02 4.1  4.45 4.65]
var: 1.3103062222222215
| [0m49       [0m | [0m1.903    [0m | [0m0.01908  [0m | [0m18.35    [0m | [0m0.2398   [0m |
[0.59 0.97 1.   1.18 1.22 1.23 1.56 1.69 1.82 1.94 1.96 1.96 2.06 2.07
 2.08 2.1  2.16 2.18 2.27 2.28 2.31 2.41 2.45 2.48 2.53 2.58 2.63 2.68
 2.71 2.88 2.89 2.91 2.95 3.01 3.02 3.07 3.17 3.18 3.22 3.32 3.34 3.42
 3.5  3.56 3.56 3.66 3.87 3.98 4.01 4.02 4.08 4.35 4.56 4.82 4.84 4.86
 5.03 5.52 5.71 7.63]
var: 1.6736306666666674
| [0m50       [0m | [0m2.984    [0m | [0m0.08464  [0m | [0m18.42    [0m | [0m0.1032   [0m |
[0.06 0.11 0.64 1.06 1.16 1.17 1.25 1.31 1.47 1.52 1.58 1.67 1.79 1.85
 1.99 2.15 2.15 2.16 2.22 2.35 2.47 2.49 2.49 2.54 2.59 2.61 2.62 2.89
 2.92 2.93 2.93 3.03 3.09 3.19 3.2  3.52 3.52 3.57 3.63 3.67 3.73 3.82
 3.89 3.9  3.9  3.93 4.06 4.08 4.11 4.18 4.24 4.48 4.54 4.95 5.03 5.46
 5.47 5.83 6.78 6.82]
var: 2.1654006666666663
| [0m51       [0m | [0m3.046    [0m | [0m0.08917  [0m | [0m18.34    [0m | [0m0.1401   [0m |
[0.33 0.42 0.62 0.73 0.76 0.8  0.86 0.88 0.98 0.99 0.99 1.01 1.03 1.06
 1.08 1.09 1.1  1.12 1.17 1.19 1.22 1.24 1.25 1.29 1.29 1.31 1.33 1.33
 1.33 1.38 1.38 1.55 1.61 1.65 1.7  1.75 1.77 1.81 1.86 1.89 1.95 2.03
 2.06 2.11 2.15 2.16 2.16 2.2  2.22 2.23 2.24 2.31 2.41 2.43 2.45 2.58
 3.23 3.49 3.52 3.55]
var: 0.53845363888889
| [0m52       [0m | [0m1.627    [0m | [0m0.06698  [0m | [0m38.13    [0m | [0m0.02379  [0m |
[0.1  0.12 0.13 0.19 0.31 0.32 0.48 0.51 0.54 0.58 0.63 0.74 0.87 0.92
 0.95 0.99 1.01 1.03 1.06 1.09 1.18 1.24 1.31 1.37 1.37 1.41 1.45 1.47
 1.58 1.72 1.79 1.8  1.84 1.88 1.89 1.91 1.94 1.95 1.95 2.04 2.08 2.12
 2.15 2.24 2.4  2.46 2.5  2.53 2.55 2.77 2.78 2.79 2.89 2.92 3.14 3.32
 3.33 3.64 3.75 4.35]
var: 0.9912203055555556
| [0m53       [0m | [0m1.706    [0m | [0m0.2027   [0m | [0m15.8     [0m | [0m0.5327   [0m |
[0.   0.   0.   0.   0.   0.   0.   0.   0.   0.01 0.01 0.01 0.01 0.01
 0.01 0.01 0.01 0.01 0.02 0.02 0.02 0.02 0.02 0.02 0.02 0.02 0.02 0.03
 0.03 0.03 0.03 0.03 0.03 0.03 0.03 0.03 0.03 0.04 0.04 0.04 0.04 0.04
 0.04 0.04 0.05 0.05 0.05 0.05 0.06 0.06 0.06 0.07 0.07 0.07 0.08 0.09
 0.1  0.12 0.13 0.16]
var: 0.001111555555555591
| [0m54       [0m | [0m0.03533  [0m | [0m0.1164   [0m | [0m22.11    [0m | [0m0.003221 [0m |
[0.03 0.05 0.06 0.06 0.07 0.09 0.1  0.11 0.12 0.15 0.16 0.18 0.19 0.23
 0.24 0.24 0.24 0.26 0.28 0.29 0.3  0.31 0.32 0.32 0.33 0.36 0.36 0.4
 0.41 0.42 0.43 0.44 0.44 0.45 0.45 0.45 0.46 0.47 0.47 0.47 0.5  0.5
 0.54 0.57 0.57 0.63 0.67 0.69 0.72 0.77 0.85 0.96 1.24 1.45 1.47 1.53
 1.58 1.73 2.06 2.1 ]
var: 0.2387023333333335
| [0m55       [0m | [0m0.539    [0m | [0m0.1957   [0m | [0m12.71    [0m | [0m2.944    [0m |
[0.34 0.6  0.6  0.68 0.71 0.72 0.76 0.83 0.84 0.91 0.92 0.93 1.   1.01
 1.05 1.08 1.16 1.21 1.3  1.33 1.36 1.47 1.52 1.57 1.59 1.62 1.72 1.76
 1.79 1.81 1.86 1.91 2.17 2.2  2.21 2.24 2.33 2.38 2.41 2.43 2.58 2.6
 2.64 2.66 2.67 2.93 3.12 3.18 3.24 3.33 3.35 3.4  3.58 3.78 3.85 3.93
 4.   4.01 4.45 5.73]
var: 1.3464795555555555
| [0m56       [0m | [0m2.089    [0m | [0m0.1116   [0m | [0m30.13    [0m | [0m0.1883   [0m |
[0.03 0.25 0.29 0.32 0.37 0.39 0.48 0.49 0.63 0.67 0.72 0.72 0.79 0.85
 0.86 0.9  0.92 0.98 1.   1.03 1.06 1.07 1.15 1.16 1.2  1.28 1.42 1.42
 1.43 1.48 1.53 1.54 1.56 1.64 1.8  1.8  1.8  1.87 1.88 1.91 1.92 1.92
 1.96 2.03 2.06 2.13 2.17 2.25 2.43 2.45 2.55 2.56 2.74 3.25 3.43 3.71
 4.26 4.9  6.1  9.06]
var: 2.179816972222222
| [0m57       [0m | [0m1.776    [0m | [0m0.06344  [0m | [0m30.02    [0m | [0m0.2097   [0m |
[0.43 0.8  1.03 1.12 1.17 1.24 1.55 1.6  1.7  1.87 1.9  1.95 2.11 2.22
 2.24 2.26 2.34 2.46 2.51 2.51 2.56 2.56 2.61 2.63 2.64 2.68 2.74 2.86
 2.89 3.04 3.15 3.19 3.19 3.2  3.36 3.37 3.4  3.61 3.7  3.75 3.85 3.93
 4.2  4.21 4.26 4.28 4.33 4.36 4.42 4.53 4.98 5.   5.05 5.19 5.2  5.21
 5.72 5.77 5.85 6.3 ]
var: 1.9179110000000008
| [0m58       [0m | [0m3.213    [0m | [0m0.03345  [0m | [0m18.46    [0m | [0m0.1068   [0m |
[0.83 1.12 1.61 1.66 1.67 1.71 1.9  1.93 1.94 1.95 2.18 2.23 2.31 2.35
 2.42 2.49 2.53 2.6  2.68 2.69 2.7  2.73 2.77 2.86 2.86 2.94 2.96 3.04
 3.19 3.22 3.25 3.5  3.52 3.58 3.62 3.65 3.68 3.73 3.79 3.83 3.85 3.88
 3.96 4.03 4.12 4.14 4.34 4.37 4.38 4.4  4.43 4.69 4.7  4.78 4.83 5.06
 6.1  6.41 6.51 6.83]
var: 1.6661036388888886
| [0m59       [0m | [0m3.367    [0m | [0m0.05854  [0m | [0m18.4     [0m | [0m0.1252   [0m |
[0.6  0.87 0.88 1.02 1.19 1.21 1.57 1.61 1.63 1.67 1.71 1.73 1.89 2.09
 2.24 2.24 2.28 2.31 2.33 2.37 2.38 2.41 2.51 2.54 2.6  2.61 2.64 2.68
 2.7  2.74 2.78 2.9  2.96 3.08 3.14 3.2  3.28 3.47 3.48 3.48 3.7  3.87
 3.88 4.01 4.08 4.12 4.15 4.18 4.19 4.19 4.29 4.29 4.49 4.57 4.57 4.63
 4.82 5.15 5.92 6.33]
var: 1.5935087499999987
| [0m60       [0m | [0m3.008    [0m | [0m0.1639   [0m | [0m18.4     [0m | [0m0.125    [0m |
[0.55 1.09 1.41 1.42 1.43 1.5  1.55 1.58 1.72 1.73 1.79 1.86 1.94 2.03
 2.08 2.08 2.18 2.19 2.22 2.23 2.4  2.41 2.46 2.47 2.56 2.59 2.59 2.64
 2.66 2.68 2.71 2.73 2.84 2.85 2.89 2.99 3.02 3.14 3.18 3.21 3.25 3.26
 3.44 3.46 3.5  3.55 3.64 3.84 3.95 3.99 4.16 4.22 4.23 4.41 4.67 5.07
 5.45 5.97 7.11 7.53]
var: 1.7994238888888887
| [0m61       [0m | [0m2.972    [0m | [0m0.149    [0m | [0m18.31    [0m | [0m0.102    [0m |
[0.23 0.28 0.38 0.41 0.42 0.5  0.55 0.58 0.75 0.8  0.82 0.86 0.88 0.92
 1.02 1.03 1.05 1.06 1.07 1.08 1.08 1.12 1.17 1.27 1.29 1.33 1.37 1.38
 1.38 1.39 1.43 1.44 1.45 1.45 1.47 1.47 1.52 1.55 1.58 1.59 1.66 1.66
 1.66 1.67 1.67 1.7  1.77 1.86 1.99 2.16 2.21 2.22 2.31 2.47 2.6  2.77
 2.95 3.25 3.27 6.08]
var: 0.8287776388888886
| [0m62       [0m | [0m1.506    [0m | [0m0.2339   [0m | [0m30.27    [0m | [0m0.03454  [0m |
[0.   0.   0.01 0.02 0.03 0.06 0.07 0.09 0.09 0.12 0.15 0.15 0.21 0.22
 0.23 0.23 0.23 0.25 0.28 0.3  0.3  0.3  0.3  0.3  0.31 0.31 0.32 0.34
 0.35 0.35 0.35 0.36 0.39 0.42 0.43 0.5  0.52 0.52 0.54 0.56 0.6  0.61
 0.68 0.7  0.72 0.73 0.73 0.74 0.86 0.9  0.93 0.97 1.12 1.39 1.45 1.56
 1.75 2.   2.2  2.82]
var: 0.32101363888888856
| [0m63       [0m | [0m0.5662   [0m | [0m0.03966  [0m | [0m32.12    [0m | [0m1.567    [0m |
[0.55 0.76 1.2  1.23 1.23 1.3  1.33 1.66 1.71 1.82 1.92 1.98 2.1  2.11
 2.14 2.29 2.3  2.31 2.34 2.35 2.36 2.36 2.39 2.43 2.5  2.57 2.6  2.62
 2.64 2.65 2.68 2.68 2.9  2.98 3.01 3.04 3.07 3.08 3.15 3.18 3.34 3.38
 3.4  3.42 3.46 3.47 3.8  3.85 3.92 4.1  4.19 4.24 4.57 4.71 4.86 5.1
 5.12 5.42 5.49 5.68]
var: 1.4117962222222211
| [0m64       [0m | [0m2.917    [0m | [0m0.2804   [0m | [0m18.35    [0m | [0m0.09987  [0m |
[0.7  0.95 1.07 1.1  1.21 1.34 1.61 1.61 1.76 1.76 1.86 1.88 1.89 1.92
 1.94 1.97 2.02 2.04 2.07 2.09 2.12 2.17 2.19 2.23 2.26 2.41 2.44 2.51
 2.52 2.54 2.57 2.58 2.6  2.68 2.71 2.71 2.88 2.93 2.94 2.94 2.97 3.09
 3.23 3.32 3.34 3.36 3.4  3.41 3.53 3.54 3.55 3.63 3.92 4.16 4.67 5.1
 6.28 6.53 6.8  7.  ]
var: 1.8122543055555562
| [0m65       [0m | [0m2.809    [0m | [0m0.1103   [0m | [0m18.35    [0m | [0m0.07458  [0m |
[0.04 0.22 0.24 0.28 0.31 0.32 0.44 0.47 0.52 0.63 0.81 0.85 0.86 0.96
 1.06 1.09 1.09 1.13 1.14 1.16 1.22 1.25 1.28 1.31 1.33 1.33 1.34 1.35
 1.36 1.39 1.49 1.55 1.56 1.63 1.81 1.84 1.86 1.86 1.92 1.96 1.98 2.
 2.18 2.25 2.28 2.38 2.55 2.55 2.77 2.8  3.07 3.27 3.3  3.64 4.08 4.46
 4.57 4.74 4.79 5.51]
var: 1.5846503055555552
| [0m66       [0m | [0m1.824    [0m | [0m0.2844   [0m | [0m18.35    [0m | [0m0.2912   [0m |
[0.03 0.06 0.07 0.07 0.07 0.1  0.14 0.15 0.17 0.17 0.21 0.24 0.24 0.25
 0.26 0.26 0.27 0.31 0.35 0.37 0.37 0.39 0.39 0.41 0.43 0.46 0.47 0.47
 0.47 0.48 0.5  0.5  0.54 0.54 0.58 0.58 0.59 0.6  0.6  0.62 0.64 0.69
 0.69 0.7  0.76 0.84 0.95 1.05 1.08 1.08 1.32 1.47 1.65 1.79 1.81 1.84
 2.01 2.3  2.96 3.  ]
var: 0.45168497222222226
| [0m67       [0m | [0m0.7068   [0m | [0m0.0745   [0m | [0m19.35    [0m | [0m1.692    [0m |
[0.43 0.45 0.51 0.55 0.69 0.88 0.98 0.99 0.99 0.99 1.05 1.06 1.06 1.2
 1.23 1.25 1.25 1.27 1.27 1.51 1.56 1.56 1.56 1.58 1.6  1.63 1.64 1.66
 1.67 1.7  1.77 1.78 1.78 1.87 1.93 1.95 1.96 1.96 1.97 1.98 1.98 1.98
 2.03 2.05 2.06 2.11 2.14 2.26 2.29 2.38 2.56 2.6  2.62 2.66 2.8  2.89
 2.94 2.96 3.3  3.89]
var: 0.5159865555555553
| [0m68       [0m | [0m1.754    [0m | [0m0.2111   [0m | [0m18.4     [0m | [0m0.04891  [0m |
[0.03 0.07 0.07 0.08 0.09 0.09 0.26 0.28 0.29 0.31 0.32 0.33 0.35 0.38
 0.44 0.57 0.63 0.63 0.64 0.64 0.64 0.65 0.68 0.69 0.76 0.78 0.78 0.89
 0.91 0.91 0.91 0.96 0.97 1.03 1.04 1.14 1.23 1.3  1.3  1.3  1.31 1.32
 1.41 1.42 1.42 1.45 1.52 1.58 1.71 1.75 1.75 1.76 1.76 1.93 2.43 2.61
 2.75 3.06 3.27 3.31]
var: 0.636159416666667
| [0m69       [0m | [0m1.082    [0m | [0m0.1053   [0m | [0m17.56    [0m | [0m1.208    [0m |
[0.79 0.92 1.03 1.06 1.12 1.12 1.33 1.38 1.48 1.49 1.55 1.63 1.71 1.83
 1.85 1.87 1.89 2.   2.06 2.09 2.15 2.25 2.26 2.31 2.37 2.52 2.58 2.61
 2.62 2.63 2.68 2.74 2.77 2.77 2.82 2.84 2.89 2.92 3.1  3.28 3.31 3.35
 3.5  3.54 3.77 3.79 3.83 3.94 3.95 4.07 4.11 4.31 4.34 4.44 4.64 4.77
 5.14 5.39 5.86 5.94]
var: 1.5818905555555554
| [0m70       [0m | [0m2.822    [0m | [0m0.2684   [0m | [0m18.26    [0m | [0m0.09876  [0m |
[0.42 0.57 0.62 0.67 0.67 0.71 0.76 0.89 0.91 0.93 0.95 0.97 0.99 1.
 1.03 1.08 1.15 1.17 1.19 1.2  1.24 1.28 1.28 1.3  1.3  1.34 1.37 1.45
 1.61 1.62 1.63 1.63 1.69 1.76 1.86 1.86 1.94 1.99 2.   2.07 2.18 2.22
 2.5  2.5  2.51 2.55 2.58 2.6  2.68 2.77 2.83 2.95 2.96 3.08 3.17 3.76
 4.03 4.04 4.33 5.88]
var: 1.1454632222222219
| [0m71       [0m | [0m1.87     [0m | [0m0.08019  [0m | [0m18.5     [0m | [0m0.2357   [0m |
[0.12 0.26 0.42 0.45 0.52 0.78 0.78 0.8  0.82 0.83 0.9  0.93 1.   1.
 1.12 1.15 1.2  1.2  1.21 1.22 1.39 1.46 1.46 1.47 1.48 1.54 1.55 1.56
 1.56 1.57 1.73 1.88 1.92 1.93 1.96 1.97 2.02 2.15 2.2  2.21 2.24 2.4
 2.4  2.42 2.53 2.59 2.64 2.66 2.96 3.14 3.26 3.37 3.38 3.38 3.53 3.77
 3.83 4.25 4.35 5.19]
var: 1.2122627499999998
| [0m72       [0m | [0m1.934    [0m | [0m0.1886   [0m | [0m18.36    [0m | [0m0.1908   [0m |
[0.   0.   0.   0.   0.   0.   0.   0.01 0.01 0.01 0.03 0.03 0.05 0.07
 0.08 0.1  0.11 0.11 0.12 0.13 0.16 0.16 0.19 0.2  0.23 0.24 0.25 0.27
 0.27 0.28 0.31 0.31 0.32 0.36 0.36 0.38 0.39 0.43 0.48 0.5  0.54 0.57
 0.61 0.64 0.65 0.68 0.69 0.77 0.79 1.51 1.63 1.81 1.99 2.17 2.41 2.59
 2.83 2.93 3.59 6.13]
var: 1.2079826666666675
| [0m73       [0m | [0m0.708    [0m | [0m1e-08    [0m | [0m38.04    [0m | [0m0.09536  [0m |
[0.49 0.68 0.7  0.73 1.16 1.24 1.28 1.51 1.53 1.57 1.69 1.72 1.74 1.76
 1.88 1.95 1.97 1.98 1.99 1.99 2.08 2.18 2.19 2.26 2.45 2.49 2.49 2.55
 2.77 2.8  2.84 2.91 2.93 2.99 3.01 3.04 3.08 3.13 3.17 3.3  3.41 3.47
 3.52 3.55 3.56 3.65 3.66 3.91 4.01 4.02 4.02 4.05 4.23 4.35 4.63 4.67
 4.81 5.37 5.75 6.78]
var: 1.6649262222222228
| [0m74       [0m | [0m2.827    [0m | [0m0.0539   [0m | [0m18.36    [0m | [0m0.07207  [0m |
[0.07 0.16 0.4  0.52 1.04 1.07 1.16 1.29 1.35 1.57 1.71 1.8  1.91 1.96
 1.97 2.07 2.12 2.19 2.24 2.25 2.29 2.47 2.57 2.75 2.92 2.95 3.13 3.13
 3.19 3.24 3.36 3.4  3.42 3.51 3.57 3.63 3.67 3.84 3.87 3.92 3.92 3.93
 3.95 3.97 4.   4.05 4.18 4.43 4.45 4.57 4.69 4.69 4.73 4.77 5.34 5.37
 6.23 7.   8.36]
var: 2.6056781959207123
| [0m75       [0m | [0m3.158    [0m | [0m0.02204  [0m | [0m18.39    [0m | [0m0.158    [0m |
[0.1  0.22 0.43 0.46 0.51 0.75 0.78 0.8  0.86 0.92 0.97 1.06 1.1  1.12
 1.12 1.13 1.16 1.18 1.19 1.21 1.23 1.34 1.39 1.43 1.51 1.55 1.55 1.56
 1.6  1.63 1.64 1.66 1.67 1.77 1.78 1.79 1.8  1.81 1.87 1.97 2.01 2.09
 2.17 2.31 2.36 2.41 2.52 2.58 3.03 3.09 3.28 3.3  3.59 3.63 3.99 4.02
 4.32 4.37 4.99 5.49]
var: 1.392268083333334
| [0m76       [0m | [0m1.92     [0m | [0m0.2461   [0m | [0m18.5     [0m | [0m0.1866   [0m |
[0.01 0.01 0.02 0.04 0.05 0.05 0.05 0.05 0.06 0.07 0.09 0.1  0.11 0.12
 0.13 0.13 0.14 0.15 0.16 0.17 0.17 0.17 0.19 0.19 0.2  0.2  0.21 0.22
 0.23 0.23 0.27 0.28 0.28 0.3  0.3  0.34 0.34 0.35 0.36 0.37 0.37 0.37
 0.4  0.44 0.45 0.49 0.5  0.51 0.53 0.53 0.53 0.55 0.57 0.57 0.58 0.6
 0.74 0.74 0.75 1.01]
var: 0.04831455555555537
| [0m77       [0m | [0m0.3023   [0m | [0m0.2528   [0m | [0m31.88    [0m | [0m2.571    [0m |
[0.   0.01 0.01 0.01 0.05 0.05 0.07 0.08 0.08 0.08 0.13 0.15 0.15 0.16
 0.18 0.2  0.21 0.22 0.23 0.28 0.3  0.31 0.32 0.35 0.36 0.42 0.44 0.44
 0.45 0.45 0.47 0.5  0.52 0.52 0.52 0.54 0.55 0.55 0.56 0.57 0.58 0.58
 0.59 0.61 0.66 0.68 0.69 0.71 0.71 0.71 0.75 0.84 0.86 0.87 1.   1.04
 1.11 1.46 1.64 1.75]
var: 0.1440569722222222
| [0m78       [0m | [0m0.4888   [0m | [0m0.2352   [0m | [0m35.24    [0m | [0m1.584    [0m |
[0.51 0.81 0.89 1.01 1.14 1.26 1.32 1.34 1.37 1.37 1.55 1.66 1.68 1.68
 1.7  1.72 1.75 1.83 1.88 1.94 2.01 2.15 2.16 2.29 2.33 2.35 2.38 2.42
 2.43 2.46 2.48 2.56 2.57 2.62 2.64 2.65 2.77 2.79 2.84 3.05 3.06 3.21
 3.25 3.3  3.36 3.39 3.57 3.63 3.65 3.88 3.89 3.9  4.13 4.61 5.03 5.3
 5.81 6.19 6.38 6.84]
var: 1.9457212222222233
| [0m79       [0m | [0m2.746    [0m | [0m0.2384   [0m | [0m18.3     [0m | [0m0.09335  [0m |
[0.05 0.2  0.49 0.5  0.54 0.54 0.55 0.55 0.71 0.71 0.87 0.92 0.97 1.
 1.03 1.03 1.12 1.14 1.17 1.18 1.22 1.22 1.24 1.27 1.32 1.33 1.35 1.44
 1.63 1.74 1.76 1.78 1.92 1.95 1.99 2.   2.1  2.15 2.15 2.28 2.37 2.57
 2.73 2.78 2.92 3.02 3.15 3.18 3.25 3.28 3.3  3.92 3.98 4.   4.25 4.56
 4.88 5.09 5.71]
var: 1.7454755530020116
| [0m80       [0m | [0m2.001    [0m | [0m0.01449  [0m | [0m30.19    [0m | [0m0.234    [0m |
=============================================================
None
num_trials:  40  inits,  40  iters,  60  per
rho:  5
pthin:  0.92

Best VPT: 3.929833333333335
Best result: {'a': 0.02718849220510768, 'g': 18.39829222832986, 's': 0.10839036857364681}

KERNEL: nu=1.5, lengthscale=2.0, alpha=0.0005
