|   iter    |  target   |     a     |     g     |     s     |
-------------------------------------------------------------
[0.   0.   0.01 0.05 0.06 0.06 0.08 0.09 0.09 0.11 0.12 0.15 0.16 0.16
 0.17 0.2  0.22 0.24 0.24 0.27 0.34 0.34 0.35 0.35 0.37 0.37 0.39 0.42
 0.45 0.46 0.5  0.5  0.51 0.54 0.54 0.55 0.56 0.56 0.58 0.58 0.59 0.6
 0.6  0.63 0.65 0.67 0.73 0.76 0.8  0.83 0.89 0.93 1.08 1.23 1.24 1.48
 1.5 ]
var: 0.12674299784549098
| [0m1        [0m | [0m0.4728   [0m | [0m0.2163   [0m | [0m30.49    [0m | [0m1.45     [0m |
[0.   0.   0.01 0.01 0.01 0.03 0.03 0.04 0.04 0.04 0.05 0.05 0.05 0.05
 0.06 0.07 0.07 0.08 0.08 0.09 0.09 0.1  0.1  0.1  0.1  0.12 0.12 0.13
 0.15 0.15 0.17 0.22 0.23 0.23 0.24 0.27 0.28 0.28 0.28 0.3  0.33 0.33
 0.35 0.35 0.36 0.36 0.37 0.37 0.39 0.4  0.42 0.43 0.44 0.49 0.5  0.53
 0.56 0.59 0.68]
var: 0.030894110887675953
| [0m2        [0m | [0m0.2164   [0m | [0m0.2818   [0m | [0m45.8     [0m | [0m2.587    [0m |
[0.   0.1  0.18 0.27 0.51 0.51 0.53 0.54 0.54 0.59 0.6  0.61 0.7  0.7
 0.73 0.75 0.76 0.79 0.8  0.82 0.85 0.88 0.95 0.96 0.96 0.99 1.01 1.03
 1.07 1.13 1.14 1.14 1.17 1.18 1.18 1.24 1.31 1.38 1.38 1.49 1.49 1.52
 1.57 1.58 1.64 1.65 1.66 1.66 1.76 1.86 1.96 2.04 2.12 2.23 2.39 2.65
 2.81]
var: 0.3762059095106186
| [95m3        [0m | [95m1.159    [0m | [95m0.2858   [0m | [95m17.0     [0m | [95m0.2149   [0m |
[0.   0.01 0.02 0.03 0.05 0.07 0.08 0.08 0.14 0.15 0.16 0.2  0.23 0.29
 0.32 0.32 0.34 0.36 0.42 0.43 0.43 0.43 0.44 0.46 0.46 0.5  0.5  0.51
 0.53 0.54 0.55 0.55 0.55 0.56 0.61 0.65 0.65 0.65 0.66 0.68 0.68 0.72
 0.73 0.77 0.78 0.78 0.79 0.8  0.86 0.89 0.95 1.02 1.04 1.14 1.14 1.2
 1.4  1.56 2.85]
var: 0.21075305946567094
| [0m4        [0m | [0m0.5883   [0m | [0m0.1611   [0m | [0m17.67    [0m | [0m1.575    [0m |
[0.04 0.05 0.05 0.06 0.06 0.06 0.07 0.08 0.1  0.1  0.11 0.12 0.12 0.14
 0.16 0.17 0.19 0.22 0.25 0.25 0.28 0.28 0.28 0.29 0.32 0.33 0.38 0.41
 0.42 0.45 0.47 0.47 0.48 0.48 0.51 0.56 0.56 0.57 0.6  0.6  0.64 0.66
 0.71 0.72 0.74 0.76 0.77 0.98 1.01 1.1  1.16 1.26 1.33 1.51 2.08]
var: 0.1759849917355369
| [0m5        [0m | [0m0.4831   [0m | [0m0.05944  [0m | [0m40.02    [0m | [0m0.804    [0m |
[0.02 0.04 0.1  0.11 0.12 0.14 0.16 0.21 0.24 0.26 0.27 0.29 0.33 0.35
 0.39 0.39 0.4  0.43 0.44 0.45 0.46 0.47 0.47 0.52 0.54 0.55 0.56 0.61
 0.61 0.62 0.64 0.67 0.69 0.7  0.71 0.71 0.72 0.72 0.76 0.77 0.78 0.8
 0.8  0.8  0.84 0.86 0.87 0.88 0.97 0.97 0.98 1.01 1.05 1.06 1.13 1.2
 1.36 1.5  1.55 1.83]
var: 0.1442293333333335
| [0m6        [0m | [0m0.648    [0m | [0m0.00118  [0m | [0m20.89    [0m | [0m1.409    [0m |
[0.   0.   0.01 0.02 0.03 0.03 0.04 0.05 0.05 0.06 0.06 0.06 0.07 0.08
 0.09 0.1  0.1  0.1  0.12 0.12 0.12 0.13 0.14 0.14 0.14 0.14 0.14 0.14
 0.16 0.16 0.16 0.17 0.17 0.2  0.2  0.21 0.22 0.23 0.26 0.29 0.32 0.33
 0.33 0.35 0.35 0.36 0.36 0.39 0.39 0.39 0.49 0.56 0.56 0.58 0.65 0.66
 0.71 0.77 0.87]
var: 0.043574317724791645
| [0m7        [0m | [0m0.2395   [0m | [0m0.007626 [0m | [0m43.25    [0m | [0m2.731    [0m |
[0.01 0.02 0.02 0.04 0.05 0.05 0.06 0.06 0.08 0.08 0.09 0.17 0.17 0.19
 0.21 0.21 0.22 0.27 0.3  0.31 0.31 0.31 0.33 0.33 0.34 0.35 0.36 0.36
 0.36 0.38 0.42 0.42 0.46 0.47 0.49 0.49 0.5  0.5  0.53 0.54 0.55 0.55
 0.56 0.57 0.58 0.61 0.61 0.76 0.77 0.77 0.87 0.92 0.94 0.94 1.08 1.09
 1.17 1.69 2.54 2.76]
var: 0.2656249722222216
| [0m8        [0m | [0m0.5198   [0m | [0m0.1387   [0m | [0m48.88    [0m | [0m0.5338   [0m |
[0.   0.   0.   0.   0.   0.   0.01 0.02 0.03 0.04 0.05 0.06 0.06 0.07
 0.07 0.08 0.09 0.09 0.09 0.14 0.19 0.2  0.21 0.21 0.21 0.23 0.24 0.26
 0.26 0.3  0.3  0.32 0.33 0.33 0.33 0.34 0.35 0.37 0.37 0.38 0.38 0.41
 0.42 0.44 0.45 0.46 0.47 0.48 0.49 0.49 0.51 0.52 0.55 0.6  0.6  0.61
 0.66 0.7  1.23]
var: 0.054710140764148436
| [0m9        [0m | [0m0.2898   [0m | [0m0.1409   [0m | [0m42.22    [0m | [0m1.586    [0m |
[0.   0.01 0.04 0.05 0.05 0.06 0.08 0.09 0.09 0.1  0.14 0.15 0.17 0.2
 0.24 0.26 0.26 0.27 0.29 0.29 0.3  0.31 0.33 0.34 0.36 0.4  0.43 0.44
 0.44 0.44 0.45 0.47 0.5  0.55 0.55 0.57 0.58 0.61 0.64 0.64 0.67 0.7
 0.7  0.71 0.76 0.8  0.98 1.01 1.03 1.04 1.18 1.36 1.6  1.72 1.98 2.13]
var: 0.2321244897959185
| [0m10       [0m | [0m0.5457   [0m | [0m0.09494  [0m | [0m39.51    [0m | [0m1.163    [0m |
[0.   0.   0.   0.   0.   0.02 0.02 0.03 0.04 0.04 0.05 0.06 0.08 0.08
 0.1  0.11 0.12 0.13 0.13 0.14 0.26 0.36 0.37 0.37 0.42 0.44 0.45 0.45
 0.46 0.47 0.5  0.51 0.51 0.52 0.54 0.57 0.57 0.58 0.64 0.66 0.72 0.74
 0.75 0.77 0.81 0.84 0.89 0.98 1.03 1.1  1.15 1.18 1.22 1.3  1.31 1.8
 1.99 3.01]
var: 0.3162717300832345
| [0m11       [0m | [0m0.5584   [0m | [0m0.08455  [0m | [0m46.18    [0m | [0m0.8051   [0m |
[0.   0.   0.01 0.01 0.02 0.04 0.04 0.04 0.04 0.05 0.05 0.06 0.07 0.08
 0.11 0.11 0.13 0.16 0.19 0.2  0.21 0.22 0.25 0.26 0.27 0.28 0.28 0.35
 0.37 0.38 0.4  0.41 0.42 0.44 0.44 0.46 0.5  0.51 0.51 0.53 0.54 0.54
 0.56 0.56 0.56 0.57 0.59 0.67 0.67 0.71 0.73 0.77 0.82 1.09 1.09 1.29
 1.53]
var: 0.11087670052323818
| [0m12       [0m | [0m0.3893   [0m | [0m0.2844   [0m | [0m28.26    [0m | [0m2.133    [0m |
[0.01 0.01 0.04 0.04 0.05 0.06 0.06 0.08 0.08 0.11 0.14 0.14 0.15 0.21
 0.25 0.25 0.26 0.28 0.29 0.3  0.31 0.37 0.38 0.43 0.45 0.47 0.47 0.48
 0.49 0.51 0.52 0.52 0.53 0.53 0.55 0.56 0.56 0.6  0.62 0.62 0.7  0.78
 0.79 0.81 0.82 0.85 0.93 0.93 0.94 1.02 1.03 1.11 1.23 1.26 1.33 1.36
 1.64]
var: 0.15260744844567567
| [0m13       [0m | [0m0.5318   [0m | [0m0.2732   [0m | [0m17.88    [0m | [0m2.51     [0m |
[0.46 0.49 0.56 0.6  0.61 0.62 0.63 0.82 0.83 0.84 0.91 0.92 0.93 0.93
 0.97 1.01 1.03 1.11 1.12 1.19 1.2  1.23 1.25 1.25 1.25 1.29 1.32 1.33
 1.33 1.35 1.4  1.42 1.46 1.47 1.5  1.51 1.56 1.57 1.59 1.63 1.7  1.72
 1.8  1.82 1.94 1.97 1.99 2.07 2.09 2.1  2.19 2.22 2.23 2.38 2.57 2.59
 2.75 2.82 3.18]
var: 0.39262194771617365
| [95m14       [0m | [95m1.468    [0m | [95m0.1709   [0m | [95m34.86    [0m | [95m0.06347  [0m |
[0.   0.16 0.43 0.53 0.57 0.66 0.69 0.73 0.76 0.78 0.81 0.82 0.91 0.98
 1.   1.02 1.03 1.07 1.1  1.16 1.17 1.27 1.27 1.28 1.33 1.33 1.38 1.42
 1.43 1.43 1.48 1.48 1.48 1.5  1.58 1.59 1.66 1.67 1.68 1.72 1.73 1.76
 1.77 1.8  1.84 1.87 2.09 2.1  2.13 2.24 2.28 2.39 2.41 2.5  2.82 2.89
 3.44 3.76 4.7 ]
var: 0.7007625969548977
| [95m15       [0m | [95m1.54     [0m | [95m0.299    [0m | [95m11.59    [0m | [95m0.08502  [0m |
[0.   0.   0.01 0.02 0.03 0.03 0.03 0.05 0.07 0.08 0.11 0.11 0.11 0.15
 0.15 0.15 0.16 0.16 0.18 0.19 0.2  0.21 0.26 0.31 0.34 0.36 0.36 0.38
 0.4  0.4  0.4  0.42 0.44 0.44 0.44 0.45 0.49 0.5  0.5  0.51 0.52 0.53
 0.53 0.56 0.59 0.6  0.61 0.71 0.72 0.73 0.73 0.75 0.93 0.94 1.01 1.27
 1.32 1.58]
var: 0.11762428656361469
| [0m16       [0m | [0m0.4178   [0m | [0m0.2885   [0m | [0m47.55    [0m | [0m1.144    [0m |
[0.   0.04 0.06 0.06 0.09 0.11 0.16 0.18 0.25 0.25 0.31 0.34 0.39 0.43
 0.43 0.46 0.48 0.54 0.56 0.58 0.59 0.65 0.67 0.67 0.67 0.67 0.7  0.7
 0.74 0.75 0.77 0.77 0.8  0.8  0.84 0.85 0.93 0.93 0.96 0.97 0.98 1.03
 1.07 1.07 1.11 1.14 1.16 1.17 1.25 1.25 1.35 1.43 1.47 1.58 1.82 1.94
 2.38]
var: 0.24406469682979348
| [0m17       [0m | [0m0.7781   [0m | [0m0.009281 [0m | [0m11.32    [0m | [0m1.974    [0m |
[0.   0.   0.   0.01 0.02 0.02 0.02 0.03 0.04 0.05 0.06 0.08 0.09 0.09
 0.1  0.11 0.14 0.15 0.22 0.27 0.27 0.34 0.35 0.35 0.36 0.39 0.4  0.42
 0.43 0.47 0.48 0.49 0.51 0.52 0.52 0.53 0.53 0.55 0.56 0.56 0.58 0.59
 0.74 0.79 0.87 0.88 0.91 0.91 1.01 1.03 1.06 1.15 1.2  1.22 1.25 1.26
 1.27 1.27]
var: 0.16016254458977397
| [0m18       [0m | [0m0.4917   [0m | [0m0.06687  [0m | [0m40.39    [0m | [0m1.11     [0m |
[0.05 0.08 0.09 0.15 0.27 0.29 0.32 0.39 0.4  0.44 0.45 0.45 0.56 0.62
 0.67 0.68 0.71 0.71 0.72 0.75 0.75 0.83 0.88 0.9  0.99 1.05 1.12 1.13
 1.16 1.16 1.17 1.2  1.24 1.28 1.28 1.31 1.36 1.4  1.51 1.69 1.71 1.77
 1.84 1.84 1.84 1.9  1.9  1.97 2.07 2.16 2.19 2.22 2.34 2.36 2.59 2.65
 2.84 4.13 4.34]
var: 0.8119527147371451
| [0m19       [0m | [0m1.303    [0m | [0m0.001975 [0m | [0m48.95    [0m | [0m0.4958   [0m |
[0.   0.   0.   0.   0.   0.01 0.01 0.02 0.03 0.03 0.03 0.03 0.05 0.06
 0.07 0.07 0.12 0.14 0.15 0.16 0.17 0.18 0.21 0.21 0.21 0.23 0.23 0.25
 0.25 0.26 0.27 0.27 0.28 0.31 0.35 0.36 0.37 0.37 0.38 0.39 0.39 0.39
 0.4  0.41 0.42 0.43 0.44 0.47 0.47 0.49 0.5  0.56 0.56 0.71 0.77 0.88
 1.27]
var: 0.060098307171437534
| [0m20       [0m | [0m0.2823   [0m | [0m0.2024   [0m | [0m44.34    [0m | [0m2.457    [0m |
[0.01 0.04 0.05 0.06 0.09 0.11 0.14 0.15 0.15 0.15 0.18 0.2  0.2  0.21
 0.21 0.21 0.21 0.22 0.24 0.25 0.25 0.25 0.26 0.26 0.34 0.34 0.37 0.37
 0.37 0.38 0.43 0.46 0.46 0.46 0.51 0.54 0.55 0.55 0.55 0.56 0.58 0.58
 0.6  0.62 0.63 0.65 0.65 0.67 0.75 0.79 0.83 0.84 0.85 0.91 1.13 1.15
 1.19 1.26]
var: 0.09277740784780017
| [0m21       [0m | [0m0.4486   [0m | [0m0.2717   [0m | [0m2.002    [0m | [0m1.667    [0m |
[0.05 0.07 0.09 0.11 0.12 0.14 0.16 0.17 0.17 0.21 0.22 0.24 0.27 0.29
 0.33 0.35 0.35 0.37 0.41 0.41 0.41 0.44 0.44 0.46 0.48 0.49 0.5  0.51
 0.51 0.57 0.61 0.63 0.65 0.65 0.66 0.71 0.72 0.72 0.76 0.8  0.86 0.86
 0.86 0.88 0.92 0.98 1.05 1.07 1.07 1.17 1.28 1.31 1.41 1.46 1.64 2.
 2.24 2.31 4.43]
var: 0.4955105429474289
| [0m22       [0m | [0m0.7466   [0m | [0m0.1491   [0m | [0m3.639    [0m | [0m1.295    [0m |
[0.   0.01 0.01 0.01 0.03 0.05 0.07 0.07 0.12 0.13 0.14 0.14 0.16 0.18
 0.19 0.19 0.21 0.24 0.24 0.26 0.29 0.3  0.31 0.32 0.33 0.34 0.36 0.37
 0.38 0.38 0.41 0.41 0.42 0.44 0.45 0.46 0.47 0.49 0.49 0.49 0.51 0.51
 0.58 0.66 0.7  0.71 0.8  0.81 0.9  0.92 0.93 1.02 1.08 1.14 1.15 1.26
 1.31 1.32]
var: 0.12707065992865643
| [0m23       [0m | [0m0.4598   [0m | [0m0.0823   [0m | [0m32.82    [0m | [0m1.338    [0m |
[0.01 0.01 0.05 0.12 0.13 0.14 0.15 0.18 0.26 0.32 0.35 0.36 0.37 0.38
 0.39 0.39 0.45 0.45 0.48 0.53 0.57 0.59 0.6  0.63 0.66 0.69 0.69 0.71
 0.72 0.75 0.75 0.76 0.82 0.82 0.82 0.85 0.88 0.91 0.92 0.93 0.94 0.96
 0.96 1.01 1.02 1.05 1.06 1.12 1.24 1.28 1.33 1.37 1.46 1.61 1.69 1.91
 2.06 2.24 2.33 2.56]
var: 0.33120830555555575
| [0m24       [0m | [0m0.8298   [0m | [0m0.1005   [0m | [0m8.347    [0m | [0m1.993    [0m |
[0.01 0.01 0.01 0.01 0.05 0.05 0.06 0.06 0.08 0.1  0.14 0.14 0.14 0.15
 0.18 0.2  0.22 0.25 0.27 0.29 0.3  0.31 0.31 0.36 0.42 0.43 0.44 0.46
 0.53 0.59 0.59 0.62 0.63 0.65 0.66 0.69 0.7  0.7  0.7  0.81 0.86 0.89
 0.91 0.92 0.93 0.93 0.93 1.02 1.02 1.02 1.16 1.22 1.3  1.39 1.49 1.63
 1.65 1.7 ]
var: 0.2145313020214035
| [0m25       [0m | [0m0.5912   [0m | [0m0.1186   [0m | [0m20.18    [0m | [0m1.759    [0m |
[0.   0.07 0.1  0.32 0.37 0.46 0.46 0.48 0.5  0.54 0.54 0.54 0.55 0.56
 0.61 0.63 0.64 0.65 0.67 0.67 0.68 0.73 0.75 0.76 0.76 0.76 0.81 0.85
 0.88 0.89 0.93 0.93 0.95 0.98 0.99 1.06 1.06 1.11 1.21 1.23 1.24 1.25
 1.3  1.31 1.44 1.55 1.62 1.64 1.65 1.66 1.81 1.95 1.99 2.02 2.26 2.5
 2.59 4.8 ]
var: 0.578943281807373
| [0m26       [0m | [0m1.073    [0m | [0m0.1885   [0m | [0m47.32    [0m | [0m0.1518   [0m |
[0.   0.   0.01 0.02 0.02 0.03 0.03 0.05 0.05 0.06 0.08 0.08 0.08 0.09
 0.11 0.11 0.12 0.13 0.13 0.17 0.17 0.18 0.19 0.2  0.22 0.22 0.25 0.25
 0.28 0.29 0.31 0.32 0.32 0.35 0.35 0.36 0.37 0.41 0.44 0.45 0.45 0.45
 0.46 0.47 0.47 0.47 0.49 0.54 0.55 0.58 0.61 0.66 0.68 0.86 1.04 1.08
 1.18]
var: 0.07433727300707893
| [0m27       [0m | [0m0.3218   [0m | [0m0.2274   [0m | [0m31.78    [0m | [0m2.376    [0m |
[0.   0.01 0.03 0.03 0.04 0.05 0.05 0.09 0.09 0.1  0.12 0.12 0.13 0.14
 0.14 0.16 0.16 0.17 0.18 0.19 0.19 0.19 0.22 0.23 0.24 0.28 0.29 0.3
 0.36 0.38 0.39 0.41 0.43 0.44 0.47 0.48 0.5  0.51 0.51 0.51 0.52 0.52
 0.52 0.53 0.54 0.55 0.58 0.58 0.65 0.66 0.66 0.68 0.69 0.73 1.03 1.11
 1.25 1.3  1.55]
var: 0.11070767020971
| [0m28       [0m | [0m0.4064   [0m | [0m0.0209   [0m | [0m16.8     [0m | [0m2.964    [0m |
[0.   0.   0.   0.   0.   0.01 0.04 0.05 0.05 0.05 0.06 0.06 0.07 0.08
 0.1  0.11 0.12 0.13 0.16 0.21 0.24 0.26 0.26 0.29 0.29 0.3  0.31 0.31
 0.34 0.35 0.37 0.37 0.37 0.37 0.38 0.39 0.39 0.39 0.4  0.4  0.42 0.44
 0.45 0.46 0.47 0.51 0.54 0.55 0.61 0.68 0.71 0.71 0.73 0.79 0.97 1.63]
var: 0.08355711096938775
| [0m29       [0m | [0m0.3348   [0m | [0m0.234    [0m | [0m31.44    [0m | [0m2.064    [0m |
[0.01 0.13 0.16 0.18 0.21 0.38 0.39 0.5  0.54 0.59 0.63 0.66 0.69 0.71
 0.72 0.74 0.75 0.79 0.8  0.82 0.91 1.02 1.06 1.09 1.13 1.14 1.15 1.15
 1.16 1.16 1.17 1.21 1.26 1.36 1.37 1.39 1.4  1.46 1.49 1.5  1.52 1.56
 1.57 1.58 1.64 1.75 1.81 2.03 2.08 2.3  2.35 2.45 2.66 2.73 2.9 ]
var: 0.4612173223140498
| [0m30       [0m | [0m1.198    [0m | [0m0.02599  [0m | [0m33.68    [0m | [0m0.4093   [0m |
[0.01 0.02 0.09 0.1  0.12 0.12 0.18 0.18 0.19 0.2  0.2  0.23 0.23 0.27
 0.27 0.28 0.29 0.33 0.37 0.39 0.41 0.5  0.51 0.51 0.55 0.55 0.55 0.55
 0.55 0.61 0.7  0.78 0.78 0.78 0.82 0.88 0.88 0.88 0.88 0.91 0.92 0.97
 0.99 1.03 1.05 1.08 1.1  1.12 1.27 1.28 1.29 1.46 1.51 1.8  1.82 2.01
 2.87]
var: 0.31028125577100607
| [0m31       [0m | [0m0.7232   [0m | [0m0.1618   [0m | [0m5.614    [0m | [0m2.997    [0m |
[0.   0.   0.04 0.31 0.4  0.45 0.45 0.49 0.52 0.53 0.54 0.59 0.62 0.66
 0.79 0.8  0.81 0.81 0.87 0.87 0.88 0.91 0.92 0.95 0.97 1.   1.03 1.11
 1.23 1.25 1.3  1.3  1.31 1.32 1.35 1.35 1.36 1.37 1.39 1.43 1.5  1.51
 1.54 1.58 1.59 1.59 1.67 1.69 1.78 1.8  2.01 2.09 2.11 2.15 2.21 2.42
 2.89 3.24]
var: 0.4446940844233055
| [0m32       [0m | [0m1.201    [0m | [0m0.2718   [0m | [0m6.867    [0m | [0m0.2296   [0m |
[0.   0.   0.   0.   0.   0.   0.   0.   0.01 0.01 0.02 0.03 0.04 0.05
 0.06 0.06 0.06 0.1  0.12 0.12 0.13 0.14 0.15 0.15 0.16 0.16 0.17 0.17
 0.17 0.19 0.2  0.21 0.22 0.23 0.24 0.25 0.25 0.28 0.28 0.32 0.32 0.34
 0.36 0.36 0.36 0.36 0.37 0.38 0.4  0.4  0.4  0.42 0.44 0.46 0.47 0.47
 0.51 0.6  0.73]
var: 0.030364263142775034
| [0m33       [0m | [0m0.2186   [0m | [0m0.1188   [0m | [0m43.59    [0m | [0m2.218    [0m |
[0.01 0.06 0.11 0.16 0.16 0.18 0.2  0.26 0.27 0.35 0.38 0.39 0.39 0.4
 0.52 0.56 0.59 0.64 0.68 0.68 0.69 0.72 0.79 0.8  0.81 0.86 0.87 0.92
 0.94 0.95 0.98 1.   1.01 1.07 1.09 1.1  1.12 1.13 1.18 1.19 1.19 1.22
 1.33 1.34 1.39 1.41 1.51 1.85 1.9  1.9  2.11 2.14 2.16 2.21 2.26 2.41
 2.78 4.  ]
var: 0.5843406658739594
| [0m34       [0m | [0m1.057    [0m | [0m0.002178 [0m | [0m17.5     [0m | [0m1.185    [0m |
[0.   0.   0.   0.01 0.01 0.02 0.02 0.03 0.04 0.05 0.05 0.07 0.07 0.1
 0.1  0.11 0.11 0.13 0.13 0.15 0.15 0.18 0.18 0.18 0.19 0.2  0.21 0.22
 0.23 0.24 0.24 0.24 0.24 0.25 0.25 0.26 0.26 0.27 0.27 0.32 0.35 0.36
 0.37 0.38 0.39 0.39 0.43 0.44 0.44 0.5  0.51 0.52 0.52 0.54 0.6  0.6
 0.74 0.94 1.07 3.07]
var: 0.17822122222222211
| [0m35       [0m | [0m0.3157   [0m | [0m0.2409   [0m | [0m49.23    [0m | [0m2.057    [0m |
[0.01 0.03 0.05 0.07 0.07 0.15 0.17 0.18 0.19 0.22 0.23 0.26 0.27 0.27
 0.28 0.28 0.31 0.32 0.35 0.36 0.37 0.39 0.4  0.41 0.41 0.42 0.43 0.44
 0.45 0.49 0.51 0.52 0.54 0.57 0.58 0.62 0.63 0.64 0.65 0.68 0.7  0.74
 0.75 0.76 0.79 0.83 0.88 0.93 0.94 0.97 1.12 1.14 1.17 1.22 1.23 1.26
 1.35 1.38 1.4 ]
var: 0.1391511634587761
| [0m36       [0m | [0m0.5725   [0m | [0m0.167    [0m | [0m18.31    [0m | [0m2.12     [0m |
[0.   0.01 0.05 0.05 0.06 0.06 0.19 0.23 0.27 0.3  0.31 0.31 0.37 0.43
 0.44 0.44 0.44 0.44 0.46 0.49 0.56 0.56 0.57 0.58 0.59 0.61 0.62 0.64
 0.67 0.68 0.68 0.68 0.72 0.73 0.74 0.75 0.81 0.81 0.88 0.92 0.93 0.96
 0.97 1.01 1.02 1.1  1.13 1.14 1.18 1.19 1.28 1.32 1.35 1.58 1.68 2.25
 2.34]
var: 0.24296638965835635
| [0m37       [0m | [0m0.7295   [0m | [0m0.04743  [0m | [0m14.58    [0m | [0m1.0      [0m |
[0.02 0.02 0.05 0.06 0.06 0.08 0.13 0.13 0.18 0.18 0.22 0.23 0.23 0.32
 0.33 0.34 0.35 0.39 0.4  0.4  0.41 0.41 0.42 0.43 0.51 0.52 0.55 0.56
 0.57 0.58 0.65 0.67 0.69 0.69 0.71 0.71 0.73 0.73 0.73 0.73 0.74 0.8
 0.81 0.81 0.86 0.88 0.91 0.99 1.04 1.07 1.09 1.1  1.32 1.48 1.71 1.81
 2.08 2.11]
var: 0.23231180142687252
| [0m38       [0m | [0m0.6505   [0m | [0m0.0336   [0m | [0m9.077    [0m | [0m2.951    [0m |
[0.   0.02 0.03 0.05 0.12 0.14 0.17 0.24 0.24 0.25 0.27 0.28 0.3  0.33
 0.34 0.34 0.38 0.39 0.39 0.39 0.39 0.4  0.41 0.47 0.48 0.51 0.53 0.54
 0.54 0.56 0.57 0.58 0.61 0.62 0.63 0.66 0.67 0.71 0.72 0.78 0.79 0.79
 0.8  0.81 0.83 0.88 0.95 1.   1.05 1.12 1.16 1.18 1.2  1.26 1.35 1.39
 1.47 2.65]
var: 0.20407375148632542
| [0m39       [0m | [0m0.6333   [0m | [0m0.2543   [0m | [0m2.618    [0m | [0m2.086    [0m |
[0.03 0.06 0.13 0.18 0.21 0.22 0.22 0.26 0.27 0.29 0.34 0.34 0.36 0.37
 0.43 0.43 0.47 0.47 0.48 0.48 0.51 0.52 0.52 0.53 0.55 0.56 0.59 0.61
 0.62 0.64 0.65 0.65 0.69 0.69 0.7  0.72 0.73 0.73 0.75 0.79 0.82 0.83
 0.9  0.94 0.94 0.96 1.06 1.12 1.13 1.18 1.24 1.29 1.48 2.44 2.81 2.9
 3.15]
var: 0.4211782086795933
| [0m40       [0m | [0m0.7716   [0m | [0m0.1627   [0m | [0m18.77    [0m | [0m0.4665   [0m |
[0.   0.   0.   0.   0.04 0.05 0.07 0.09 0.1  0.13 0.13 0.13 0.23 0.23
 0.26 0.29 0.36 0.37 0.43 0.52 0.55 0.55 0.6  0.64 0.65 0.65 0.66 0.74
 0.76 0.8  0.81 0.82 0.83 0.84 0.91 0.94 0.94 0.99 1.   1.01 1.04 1.06
 1.15 1.16 1.19 1.22 1.24 1.24 1.24 1.27 1.28 1.37 1.39 1.5  2.08 2.08
 2.55 3.04]
var: 0.39760760998810896
| [0m41       [0m | [0m0.7969   [0m | [0m0.2328   [0m | [0m11.41    [0m | [0m1.447    [0m |
[0.31 0.43 0.59 0.63 0.63 0.7  0.78 1.12 1.17 1.2  1.21 1.36 1.36 1.4
 1.4  1.52 1.53 1.61 1.62 1.65 1.67 1.79 1.8  1.81 1.84 1.9  1.95 2.04
 2.04 2.07 2.11 2.12 2.12 2.14 2.15 2.16 2.19 2.19 2.23 2.28 2.29 2.3
 2.31 2.37 2.37 2.48 2.75 2.76 2.86 3.2  3.38 3.54 3.8  3.92 4.04 4.25
 5.27]
var: 0.9657939673745768
| [95m42       [0m | [95m2.048    [0m | [95m0.09546  [0m | [95m11.65    [0m | [95m0.04097  [0m |
[0.12 0.58 0.8  0.82 0.84 0.87 0.91 0.97 1.04 1.09 1.21 1.25 1.32 1.34
 1.42 1.48 1.52 1.55 1.55 1.56 1.56 1.61 1.65 1.69 1.7  1.74 1.76 1.78
 1.83 1.87 1.88 1.9  1.96 1.99 1.99 2.02 2.12 2.17 2.33 2.39 2.44 2.46
 2.49 2.56 2.58 2.64 2.65 2.67 2.72 2.72 3.01 3.04 3.16 3.17 3.22 3.29
 3.39 3.73 4.65 5.17]
var: 0.8874145555555554
| [0m43       [0m | [0m2.032    [0m | [0m0.09443  [0m | [0m11.56    [0m | [0m0.1349   [0m |
[0.   0.44 0.54 0.63 0.67 0.69 0.76 0.76 0.77 0.87 0.93 0.93 0.98 1.06
 1.1  1.15 1.16 1.16 1.2  1.22 1.26 1.26 1.26 1.27 1.29 1.3  1.31 1.44
 1.51 1.51 1.6  1.6  1.64 1.65 1.65 1.66 1.71 1.74 1.8  1.93 1.93 1.97
 2.01 2.03 2.1  2.18 2.29 2.37 2.39 2.39 2.41 2.42 2.5  2.67 2.78 3.06
 3.26]
var: 0.4715233610341646
| [0m44       [0m | [0m1.547    [0m | [0m0.1049   [0m | [0m11.75    [0m | [0m0.1076   [0m |
[0.   0.   0.   0.   0.   0.   0.   0.   0.   0.   0.   0.   0.   0.
 0.02 0.07 0.08 0.09 0.11 0.18 0.22 0.24 0.26 0.3  0.34 0.34 0.35 0.35
 0.35 0.38 0.4  0.42 0.49 0.5  0.53 0.53 0.55 0.56 0.57 0.57 0.58 0.58
 0.6  0.64 0.64 0.71 0.75 0.76 0.82 0.84 0.96 0.99 1.04 1.11 1.16 1.29
 1.89]
var: 0.16063422591566645
| [0m45       [0m | [0m0.4239   [0m | [0m0.2593   [0m | [0m36.93    [0m | [0m0.8366   [0m |
[0.   0.   0.   0.   0.   0.   0.   0.   0.   0.   0.   0.   0.   0.
 0.   0.   0.   0.   0.   0.   0.02 0.04 0.16 0.16 0.17 0.18 0.2  0.23
 0.28 0.35 0.42 0.44 0.44 0.44 0.45 0.46 0.48 0.51 0.58 0.64 0.66 0.67
 0.68 0.71 0.75 0.9  0.93 0.96 1.   1.03 1.13 1.2  1.28 1.49 1.53 1.89
 2.38]
var: 0.28641520467836296
| [0m46       [0m | [0m0.4533   [0m | [0m0.1969   [0m | [0m18.26    [0m | [0m1.593    [0m |
[0.   0.   0.   0.   0.   0.   0.   0.   0.   0.   0.   0.   0.49 0.57
 0.62 0.64 0.67 0.68 0.69 0.7  0.77 0.8  0.88 0.88 1.   1.03 1.08 1.15
 1.19 1.28 1.39 1.56 1.58 1.63 1.65 1.65 1.69 1.76 1.79 1.83 1.84 1.88
 1.89 1.94 1.97 2.11 2.11 2.28 2.3  2.3  2.51 2.72 3.23 3.26 3.35 3.7
 4.21 5.69]
var: 1.3919109393579072
| [0m47       [0m | [0m1.396    [0m | [0m0.1672   [0m | [0m11.49    [0m | [0m0.06699  [0m |
[0.   0.   0.   0.   0.   0.   0.   0.   0.   0.   0.   0.   0.   0.
 0.   0.   0.   0.   0.   0.   0.   0.   0.   0.   0.   0.   0.   0.
 0.   0.01 0.01 0.02 0.02 0.05 0.06 0.08 0.09 0.1  0.11 0.14 0.17 0.17
 0.17 0.17 0.22 0.22 0.31 0.31 0.33 0.34 0.36 0.41 0.41 0.42 0.43 0.47
 0.54]
var: 0.02404567559249009
| [0m48       [0m | [0m0.1077   [0m | [0m0.1804   [0m | [0m42.51    [0m | [0m2.548    [0m |
[0.   0.   0.51 0.66 0.7  0.88 0.91 0.92 0.99 1.04 1.15 1.18 1.27 1.29
 1.32 1.33 1.38 1.5  1.53 1.55 1.61 1.63 1.63 1.73 1.83 1.84 1.85 1.89
 2.01 2.04 2.08 2.15 2.18 2.2  2.35 2.38 2.4  2.43 2.58 2.59 2.61 2.72
 2.77 2.8  2.86 2.96 2.98 3.03 3.16 3.36 3.4  3.44 3.72 5.52 5.6  5.68]
var: 1.426099489795918
| [95m49       [0m | [95m2.109    [0m | [95m0.01312  [0m | [95m11.62    [0m | [95m0.1013   [0m |
[0.04 0.24 0.53 0.57 0.64 0.65 0.75 0.78 0.88 0.93 0.95 1.22 1.24 1.29
 1.35 1.37 1.39 1.41 1.45 1.46 1.6  1.62 1.64 1.65 1.66 1.68 1.73 1.8
 1.82 1.82 1.91 1.97 2.07 2.09 2.09 2.09 2.21 2.3  2.37 2.4  2.41 2.62
 2.62 2.64 2.66 2.67 2.72 2.73 3.06 3.34 3.41 3.71 3.99 4.29 5.8  6.43
 6.68]
var: 1.7961581409664513
| [0m50       [0m | [0m2.095    [0m | [0m0.01341  [0m | [0m11.6     [0m | [0m0.2362   [0m |
[0.   0.   0.   0.   0.   0.   0.   0.01 0.01 0.03 0.03 0.03 0.05 0.06
 0.07 0.07 0.08 0.08 0.13 0.14 0.14 0.17 0.18 0.18 0.18 0.23 0.25 0.26
 0.3  0.32 0.33 0.33 0.34 0.38 0.39 0.41 0.41 0.43 0.49 0.51 0.52 0.52
 0.52 0.53 0.62 0.66 0.67 0.68 0.7  0.79 0.81 0.84 0.86 1.   1.01 1.69
 2.4  2.96]
var: 0.2943596908442329
| [0m51       [0m | [0m0.4276   [0m | [0m0.04017  [0m | [0m49.69    [0m | [0m1.218    [0m |
[0.06 0.15 0.2  0.35 0.37 0.42 0.43 0.43 0.6  0.69 0.71 0.72 0.74 0.75
 0.81 0.81 0.88 0.88 0.9  0.92 0.97 0.99 1.05 1.05 1.07 1.07 1.09 1.2
 1.24 1.29 1.32 1.38 1.38 1.38 1.46 1.64 1.66 1.67 1.68 1.7  1.71 1.73
 1.76 1.81 1.81 1.87 1.88 1.92 1.94 2.   2.   2.11 2.42 2.44 2.5  3.15
 3.35 4.03]
var: 0.6160208085612361
| [0m52       [0m | [0m1.354    [0m | [0m0.1455   [0m | [0m11.59    [0m | [0m0.3152   [0m |
[0.   0.   0.   0.   0.   0.   0.   0.   0.   0.   0.   0.01 0.05 0.06
 0.07 0.07 0.07 0.08 0.09 0.14 0.17 0.17 0.17 0.24 0.24 0.26 0.3  0.3
 0.33 0.34 0.37 0.41 0.45 0.48 0.48 0.49 0.5  0.5  0.51 0.53 0.53 0.58
 0.58 0.62 0.63 0.64 0.65 0.68 0.71 0.79 0.81 0.84 0.93 1.   1.11 1.48]
var: 0.11267844387755113
| [0m53       [0m | [0m0.3654   [0m | [0m0.1957   [0m | [0m25.53    [0m | [0m1.553    [0m |
[0.   0.   0.   0.   0.02 0.02 0.19 0.31 0.42 0.46 0.5  0.53 0.53 0.55
 0.58 0.67 0.68 0.76 0.78 0.78 0.85 0.88 0.95 0.97 1.08 1.13 1.31 1.35
 1.41 1.42 1.56 1.61 1.61 1.84 1.84 1.95 1.98 2.04 2.18 2.27 2.31 2.34
 2.42 2.49 2.53 2.66 2.78 2.86 2.99 3.06 3.1  3.29 3.36 3.9  4.04 4.5
 4.62 6.77 7.87]
var: 2.4962249928181564
| [0m54       [0m | [0m1.795    [0m | [0m1e-08    [0m | [0m11.5     [0m | [0m0.182    [0m |
[0.18 0.24 0.26 0.28 0.32 0.32 0.33 0.41 0.46 0.48 0.5  0.57 0.59 0.63
 0.69 0.69 0.7  0.72 0.73 0.74 0.74 0.8  0.82 0.85 0.86 0.86 0.89 0.9
 0.94 0.96 1.02 1.07 1.15 1.18 1.24 1.25 1.28 1.29 1.31 1.44 1.54 1.54
 1.69 1.76 1.82 1.94 2.   2.03 2.07 2.15 2.24 2.28 2.33 2.61 3.02]
var: 0.45858690909090866
| [0m55       [0m | [0m1.122    [0m | [0m1e-08    [0m | [0m11.59    [0m | [0m0.001    [0m |
[0.   0.   0.   0.   0.   0.   0.   0.   0.   0.02 0.02 0.03 0.04 0.04
 0.04 0.05 0.06 0.06 0.06 0.09 0.1  0.1  0.13 0.14 0.15 0.15 0.18 0.21
 0.22 0.24 0.26 0.27 0.27 0.28 0.3  0.33 0.36 0.36 0.39 0.41 0.42 0.44
 0.45 0.45 0.45 0.47 0.53 0.55 0.58 0.62 0.67 0.74 0.81 0.83 0.84]
var: 0.05927914049586782
| [0m56       [0m | [0m0.2584   [0m | [0m0.2147   [0m | [0m36.17    [0m | [0m2.171    [0m |
[0.   0.   0.   0.   0.   0.   0.   0.   0.   0.   0.   0.   0.   0.
 0.   0.   0.   0.   0.   0.   0.   0.   0.   0.03 0.05 0.15 0.16 0.17
 0.19 0.24 0.25 0.28 0.29 0.31 0.32 0.33 0.34 0.38 0.4  0.41 0.43 0.45
 0.46 0.47 0.6  0.6  0.65 0.65 0.73 0.73 0.77 0.82 0.91 0.93 0.98 1.01
 1.45 1.55]
var: 0.14301061236623122
| [0m57       [0m | [0m0.3188   [0m | [0m0.06922  [0m | [0m28.7     [0m | [0m1.575    [0m |
[0.   0.   0.   0.   0.   0.   0.   0.3  0.46 0.52 0.56 0.64 0.66 0.69
 0.89 0.89 0.92 0.98 1.02 1.06 1.12 1.14 1.24 1.28 1.28 1.33 1.33 1.37
 1.37 1.39 1.43 1.47 1.51 1.51 1.58 1.62 1.65 1.67 1.75 1.78 1.82 1.82
 1.84 1.85 1.87 1.9  2.11 2.14 2.4  2.48 2.54 2.55 2.64 2.95 3.06 3.08
 3.51 5.16]
var: 0.963015249702735
| [0m58       [0m | [0m1.451    [0m | [0m0.1738   [0m | [0m11.63    [0m | [0m0.1141   [0m |
[0.   0.   0.   0.   0.   0.   0.   0.   0.   0.   0.   0.09 0.67 0.71
 0.73 0.87 1.03 1.08 1.17 1.17 1.18 1.19 1.26 1.32 1.44 1.47 1.48 1.48
 1.57 1.65 1.69 1.7  1.72 1.8  2.   2.09 2.19 2.23 2.24 2.24 2.33 2.54
 2.62 2.66 2.69 2.73 2.85 2.86 2.97 3.23 3.24 3.26 3.39 3.46 3.73 4.02
 4.24 4.55]
var: 1.5220480677764578
| [0m59       [0m | [0m1.704    [0m | [0m0.04184  [0m | [0m11.64    [0m | [0m0.1685   [0m |
[0.   0.   0.02 0.03 0.04 0.04 0.05 0.07 0.07 0.08 0.09 0.09 0.09 0.11
 0.12 0.12 0.15 0.16 0.17 0.17 0.18 0.2  0.2  0.2  0.22 0.23 0.25 0.26
 0.26 0.26 0.28 0.28 0.29 0.32 0.32 0.32 0.32 0.35 0.36 0.37 0.38 0.38
 0.39 0.47 0.51 0.52 0.52 0.55 0.61 0.61 0.62 0.62 0.62 0.64 0.68 0.72
 0.78 0.82]
var: 0.04755243757431614
| [0m60       [0m | [0m0.3031   [0m | [0m0.1615   [0m | [0m11.71    [0m | [0m0.001    [0m |
[0.   0.   0.   0.   0.   0.   0.   0.   0.   0.24 0.46 0.54 0.6  0.75
 1.2  1.25 1.37 1.37 1.48 1.55 1.65 1.75 1.82 1.98 2.04 2.05 2.1  2.23
 2.27 2.31 2.55 2.59 2.69 2.81 2.82 2.83 2.84 2.87 2.97 2.98 3.23 3.26
 3.32 3.35 3.41 3.46 3.6  3.63 3.69 3.93 3.97 4.08 4.29 4.29 5.02 5.41
 7.2 ]
var: 2.4935667590027717
| [95m61       [0m | [95m2.247    [0m | [95m0.0004751[0m | [95m11.58    [0m | [95m0.377    [0m |
[0.   0.   0.   0.32 0.36 0.36 0.61 0.64 0.69 0.73 0.81 0.81 0.82 0.88
 0.95 0.96 0.97 0.99 1.   1.06 1.17 1.2  1.2  1.22 1.23 1.23 1.25 1.31
 1.36 1.36 1.36 1.43 1.45 1.46 1.49 1.57 1.59 1.6  1.62 1.63 1.63 1.63
 1.65 1.69 1.69 1.74 1.77 1.88 1.91 1.92 2.1  2.16 2.19 2.34 2.51 2.53
 2.82 3.21]
var: 0.4435966706302023
| [0m62       [0m | [0m1.346    [0m | [0m0.2898   [0m | [0m6.859    [0m | [0m0.2035   [0m |
[0.   0.   0.   0.   0.   0.   0.   0.   0.12 0.15 0.17 0.23 0.26 0.34
 0.38 0.48 0.49 0.63 0.64 0.67 0.69 0.76 0.79 0.87 0.88 0.9  0.99 1.05
 1.09 1.14 1.14 1.14 1.16 1.18 1.21 1.23 1.27 1.32 1.37 1.37 1.42 1.43
 1.44 1.46 1.56 1.58 1.61 1.74 1.89 1.94 1.94 2.08 2.11 2.22 2.34 2.39
 2.54 2.68 3.01]
var: 0.5994475150818727
| [0m63       [0m | [0m1.076    [0m | [0m0.05536  [0m | [0m11.6     [0m | [0m0.4348   [0m |
[0.   0.   0.   0.   0.   0.   0.   0.   0.28 0.28 0.38 0.54 0.79 0.82
 0.83 0.96 1.03 1.04 1.04 1.06 1.07 1.11 1.13 1.15 1.17 1.22 1.28 1.28
 1.29 1.29 1.37 1.41 1.42 1.46 1.55 1.55 1.59 1.59 1.61 1.64 1.71 1.74
 1.86 1.86 1.96 2.02 2.03 2.09 2.18 2.4  2.53 2.6  2.76 2.86 3.03 3.21
 5.47]
var: 0.9715885503231765
| [0m64       [0m | [0m1.378    [0m | [0m0.1747   [0m | [0m11.51    [0m | [0m0.1714   [0m |
[0.   0.   0.   0.   0.   0.   0.   0.   0.   0.   0.   0.   0.   0.
 0.   0.   0.   0.   0.   0.   0.   0.   0.   0.   0.03 0.05 0.07 0.07
 0.08 0.09 0.12 0.12 0.14 0.15 0.17 0.23 0.26 0.27 0.29 0.34 0.36 0.41
 0.42 0.45 0.5  0.51 0.51 0.52 0.54 0.58 0.58 0.65 0.67 0.7  0.93 1.69]
var: 0.09811466836734686
| [0m65       [0m | [0m0.2232   [0m | [0m0.2922   [0m | [0m37.04    [0m | [0m1.228    [0m |
[0.   0.   0.   0.   0.   0.   0.   0.   0.2  0.29 0.45 0.51 0.51 0.55
 0.55 0.77 0.83 0.86 0.89 0.9  0.92 0.93 0.98 1.01 1.03 1.04 1.08 1.1
 1.11 1.16 1.17 1.2  1.25 1.34 1.4  1.44 1.46 1.48 1.52 1.56 1.66 1.66
 1.7  1.85 1.93 1.96 1.98 1.98 1.98 2.09 2.32 2.46 2.73 2.95 3.26 3.91
 4.15 4.61]
var: 1.0565464030915586
| [0m66       [0m | [0m1.322    [0m | [0m0.05738  [0m | [0m11.53    [0m | [0m0.2035   [0m |
[0.   0.   0.   0.54 0.55 0.61 0.75 0.85 0.88 1.02 1.03 1.21 1.23 1.3
 1.38 1.47 1.51 1.51 1.56 1.62 1.68 1.7  1.75 1.8  1.86 1.87 1.94 1.96
 1.97 1.97 1.99 2.02 2.02 2.03 2.04 2.12 2.2  2.21 2.21 2.27 2.31 2.36
 2.57 2.64 2.65 2.68 2.75 2.9  2.96 3.16 3.17 3.24 3.31 3.5  3.55 3.58
 3.78 4.37 5.02]
var: 1.0694077563918414
| [0m67       [0m | [0m2.019    [0m | [0m0.05841  [0m | [0m11.57    [0m | [0m0.08395  [0m |
[0.   0.   0.   0.   0.   0.   0.   0.   0.   0.   0.   0.   0.   0.
 0.   0.   0.   0.   0.   0.   0.   0.   0.04 0.06 0.06 0.07 0.14 0.15
 0.16 0.26 0.32 0.35 0.41 0.45 0.47 0.5  0.59 0.65 0.67 0.68 0.69 0.79
 0.95 0.96 0.97 0.98 0.99 1.02 1.06 1.09 1.22 1.35 1.37 1.53 1.65 1.78]
var: 0.2645912946428574
| [0m68       [0m | [0m0.4363   [0m | [0m0.02051  [0m | [0m17.52    [0m | [0m1.179    [0m |
[0.   0.   0.   0.   0.   0.   0.   0.   0.   0.   0.   0.   0.   0.
 0.   0.   0.   0.   0.   0.   0.   0.   0.   0.   0.   0.   0.   0.01
 0.02 0.05 0.06 0.07 0.07 0.08 0.08 0.08 0.08 0.11 0.16 0.17 0.21 0.23
 0.25 0.26 0.3  0.37 0.38 0.39 0.4  0.41 0.41 0.43 0.45 0.64 0.64 0.66
 0.87 1.51]
var: 0.075201694411415
| [0m69       [0m | [0m0.1698   [0m | [0m0.07634  [0m | [0m36.07    [0m | [0m1.838    [0m |
[0.   0.   0.   0.   0.   0.   0.   0.   0.   0.   0.09 0.13 0.54 0.56
 0.57 0.6  0.6  0.62 0.63 0.71 0.71 0.73 0.8  0.89 0.93 0.94 0.95 1.04
 1.05 1.17 1.18 1.2  1.22 1.3  1.35 1.43 1.47 1.55 1.58 1.6  1.6  1.63
 1.65 1.72 2.03 2.08 2.13 2.36 2.5  2.56 2.57 2.7  2.82 3.04 3.21 3.23
 3.35 3.58]
var: 0.9935145065398338
| [0m70       [0m | [0m1.257    [0m | [0m0.02988  [0m | [0m11.69    [0m | [0m0.3602   [0m |
[0.   0.   0.   0.   0.   0.   0.48 0.58 0.78 0.82 0.84 0.92 0.93 0.95
 0.96 0.97 1.02 1.11 1.19 1.21 1.29 1.31 1.39 1.43 1.44 1.57 1.6  1.62
 1.68 1.72 1.73 1.85 1.96 1.99 2.03 2.03 2.09 2.12 2.28 2.3  2.38 2.38
 2.4  2.44 2.61 2.67 2.8  3.04 3.1  3.21 3.22 3.41 3.59 3.67 3.9  4.25
 4.31]
var: 1.2288331178824259
| [0m71       [0m | [0m1.782    [0m | [0m0.03596  [0m | [0m11.65    [0m | [0m0.2992   [0m |
[0.   0.   0.   0.   0.57 0.58 0.66 0.72 0.73 0.93 0.94 1.14 1.14 1.15
 1.24 1.24 1.25 1.28 1.28 1.38 1.44 1.47 1.51 1.53 1.55 1.6  1.71 1.8
 1.82 1.84 1.9  1.91 1.95 2.02 2.07 2.08 2.17 2.21 2.22 2.29 2.41 2.45
 2.48 2.5  2.53 2.86 2.91 3.02 3.18 3.72 3.74 4.14 4.26 4.34 4.64 5.22]
var: 1.3901301020408163
| [0m72       [0m | [0m1.924    [0m | [0m0.02795  [0m | [0m11.71    [0m | [0m0.06797  [0m |
[0.06 0.12 0.21 0.39 0.41 0.43 0.69 0.69 0.7  0.7  0.73 0.74 0.74 0.77
 0.77 0.8  0.81 0.81 0.81 0.82 0.84 0.86 0.93 0.97 1.02 1.05 1.1  1.12
 1.13 1.16 1.21 1.24 1.28 1.28 1.36 1.36 1.37 1.41 1.41 1.43 1.54 1.66
 1.68 1.7  1.75 1.8  1.82 2.   2.   2.13 2.14 2.29 2.32 2.37 2.41 2.46
 2.59 2.64 3.14]
var: 0.4716125251364549
| [0m73       [0m | [0m1.291    [0m | [0m0.04399  [0m | [0m11.59    [0m | [0m0.3155   [0m |
[0.   0.   0.   0.   0.   0.05 0.09 0.1  0.11 0.14 0.17 0.24 0.26 0.28
 0.38 0.39 0.39 0.4  0.41 0.41 0.44 0.51 0.51 0.52 0.54 0.55 0.59 0.72
 0.72 0.75 0.76 0.78 0.78 0.8  0.82 0.82 1.   1.   1.02 1.02 1.02 1.03
 1.05 1.08 1.12 1.15 1.22 1.29 1.52 1.56 1.72 1.76 1.78 2.13 2.23 3.41]
var: 0.428015178571429
| [0m74       [0m | [0m0.7775   [0m | [0m0.2829   [0m | [0m18.55    [0m | [0m0.3561   [0m |
[0.   0.   0.   0.35 0.41 0.42 0.66 0.68 0.86 0.96 0.97 1.03 1.07 1.1
 1.13 1.14 1.17 1.23 1.33 1.37 1.39 1.47 1.49 1.54 1.55 1.61 1.62 1.7
 1.72 1.76 1.78 1.87 1.9  1.98 1.99 2.   2.   2.11 2.15 2.16 2.19 2.23
 2.32 2.33 2.36 2.36 2.46 2.6  2.6  2.62 2.78 3.2  4.02 4.3  4.38 4.45]
var: 1.014917570153062
| [0m75       [0m | [0m1.766    [0m | [0m0.04944  [0m | [0m11.53    [0m | [0m0.108    [0m |
[0.   0.   0.   0.   0.   0.   0.   0.   0.   0.   0.   0.   0.   0.
 0.   0.   0.   0.   0.03 0.04 0.06 0.07 0.11 0.12 0.13 0.14 0.15 0.15
 0.16 0.18 0.21 0.23 0.26 0.29 0.32 0.39 0.4  0.43 0.44 0.44 0.46 0.47
 0.48 0.51 0.54 0.58 0.63 0.65 0.67 0.7  0.72 1.02 1.05 1.11 1.65 1.81]
var: 0.15992397959183696
| [0m76       [0m | [0m0.3179   [0m | [0m0.2013   [0m | [0m20.58    [0m | [0m2.045    [0m |
[0.   0.   0.   0.   0.   0.   0.   0.   0.   0.   0.   0.01 0.02 0.02
 0.03 0.03 0.1  0.11 0.12 0.12 0.14 0.15 0.17 0.18 0.19 0.19 0.19 0.2
 0.24 0.25 0.27 0.27 0.28 0.3  0.3  0.36 0.36 0.38 0.4  0.41 0.41 0.41
 0.42 0.42 0.44 0.47 0.48 0.5  0.52 0.58 0.62 0.63 0.74 0.74 0.83 0.88
 0.93 2.05]
var: 0.1148198573127233
| [0m77       [0m | [0m0.3079   [0m | [0m0.2925   [0m | [0m28.52    [0m | [0m2.007    [0m |
[0.   0.   0.   0.   0.   0.   0.   0.   0.   0.   0.   0.   0.   0.
 0.   0.   0.   0.   0.02 0.02 0.03 0.04 0.05 0.09 0.13 0.14 0.16 0.16
 0.18 0.18 0.2  0.24 0.26 0.32 0.32 0.35 0.35 0.36 0.39 0.4  0.4  0.41
 0.46 0.47 0.49 0.5  0.5  0.6  0.61 0.62 0.66 0.72 0.73 0.85 0.89]
var: 0.06592033057851242
| [0m78       [0m | [0m0.2418   [0m | [0m0.2858   [0m | [0m34.74    [0m | [0m1.984    [0m |
[0.   0.   0.   0.   0.   0.   0.   0.   0.   0.   0.   0.   0.   0.
 0.   0.   0.   0.   0.   0.   0.   0.09 0.09 0.1  0.11 0.13 0.13 0.16
 0.17 0.17 0.2  0.24 0.24 0.25 0.25 0.28 0.32 0.37 0.37 0.38 0.44 0.46
 0.53 0.57 0.58 0.6  0.6  0.65 0.68 0.69 0.74 0.78 0.78 0.82 0.9  0.92
 0.95 1.58 1.8 ]
var: 0.1525258259120943
| [0m79       [0m | [0m0.3241   [0m | [0m0.05893  [0m | [0m35.14    [0m | [0m0.8466   [0m |
[0.   0.   0.   0.   0.   0.   0.   0.   0.   0.   0.   0.   0.1  0.11
 0.22 0.37 0.38 0.6  0.6  0.7  0.7  0.79 0.84 0.9  0.9  1.01 1.04 1.06
 1.1  1.15 1.15 1.16 1.18 1.2  1.22 1.27 1.28 1.3  1.31 1.38 1.48 1.51
 1.55 1.57 1.67 1.9  2.02 2.16 2.25 2.32 2.57 3.04 3.12 3.38]
var: 0.7607024691358026
| [0m80       [0m | [0m1.029    [0m | [0m0.02272  [0m | [0m30.4     [0m | [0m0.4294   [0m |
=============================================================
None
num_trials:  40  inits,  40  iters,  60  per
rho:  0.1
pthin:  0.60

Best VPT: 2.2473684210526326
Best result: {'a': 0.0004750988954939488, 'g': 11.582657966599106, 's': 0.37695881613662935}

KERNEL: nu=1.5, lengthscale=2.0, alpha=0.0005
