|   iter    |  target   |     a     |     g     |     s     |
-------------------------------------------------------------
[0.25 0.71 0.8  0.83 0.95 0.99 1.11 1.12 1.13 1.3  1.45 1.56 1.63 1.64
 1.69 1.72 1.75 1.77 1.81 1.96 1.97 1.98 2.   2.02 2.08 2.11 2.16 2.18
 2.18 2.18 2.29 2.34 2.39 2.4  2.45 2.67 2.73 2.74 2.76 2.78 2.78 2.78
 2.78 2.79 2.82 2.88 2.98 3.11 3.22 3.3  3.42 4.05 4.16 4.22 4.41 4.69
 4.74]
var: 1.0046240689442907
| [0m1        [0m | [0m2.311    [0m | [0m0.05873  [0m | [0m30.86    [0m | [0m0.05748  [0m |
[0.   0.   0.01 0.01 0.02 0.02 0.02 0.02 0.02 0.03 0.03 0.03 0.06 0.06
 0.07 0.08 0.09 0.11 0.11 0.11 0.12 0.12 0.14 0.15 0.18 0.19 0.21 0.23
 0.25 0.27 0.27 0.28 0.29 0.29 0.32 0.33 0.34 0.36 0.4  0.4  0.43 0.44
 0.45 0.46 0.5  0.51 0.51 0.51 0.54 0.54 0.59 0.64 0.65 0.68 0.71 0.87
 1.13 1.14]
var: 0.07306444708680128
| [0m2        [0m | [0m0.299    [0m | [0m0.2287   [0m | [0m43.38    [0m | [0m2.408    [0m |
[0.01 0.02 0.03 0.04 0.04 0.04 0.05 0.06 0.06 0.06 0.09 0.09 0.09 0.1
 0.12 0.13 0.13 0.14 0.15 0.15 0.16 0.18 0.19 0.19 0.23 0.24 0.24 0.27
 0.28 0.3  0.3  0.3  0.34 0.35 0.36 0.36 0.37 0.39 0.39 0.39 0.4  0.41
 0.42 0.42 0.44 0.46 0.47 0.49 0.56 0.57 0.58 0.6  0.63 0.89 1.14]
var: 0.049908561983471
| [0m3        [0m | [0m0.2893   [0m | [0m0.04646  [0m | [0m38.05    [0m | [0m2.859    [0m |
[0.16 0.22 0.44 0.53 0.55 0.56 0.58 0.68 0.7  0.71 0.72 0.77 0.79 0.81
 0.89 0.89 0.98 1.   1.02 1.03 1.09 1.15 1.16 1.17 1.21 1.24 1.26 1.34
 1.38 1.42 1.43 1.44 1.47 1.5  1.51 1.54 1.62 1.63 1.66 1.7  1.83 1.88
 1.89 1.91 2.03 2.08 2.1  2.36 2.44 2.45 2.45 2.47 2.91 3.36]
var: 0.4680034636488338
| [0m4        [0m | [0m1.372    [0m | [0m0.1587   [0m | [0m27.37    [0m | [0m0.2415   [0m |
[0.03 0.04 0.04 0.04 0.05 0.05 0.07 0.08 0.09 0.1  0.12 0.13 0.14 0.15
 0.17 0.17 0.19 0.21 0.25 0.29 0.31 0.32 0.32 0.34 0.36 0.37 0.37 0.38
 0.39 0.43 0.43 0.44 0.46 0.48 0.48 0.52 0.58 0.62 0.72 0.73 0.74 0.76
 0.78 0.78 0.82 0.97 1.05 1.09 1.2  1.37 1.44 1.47 1.86]
var: 0.1792488430046278
| [0m5        [0m | [0m0.4866   [0m | [0m0.06694  [0m | [0m40.59    [0m | [0m1.153    [0m |
[0.   0.   0.   0.   0.01 0.01 0.05 0.05 0.06 0.06 0.06 0.07 0.07 0.08
 0.09 0.11 0.11 0.12 0.13 0.13 0.13 0.17 0.17 0.22 0.26 0.26 0.27 0.27
 0.27 0.29 0.3  0.31 0.32 0.32 0.36 0.37 0.39 0.44 0.44 0.44 0.49 0.49
 0.5  0.52 0.56 0.57 0.6  0.64 0.68 0.68 0.69 0.83 1.  ]
var: 0.05760277678889268
| [0m6        [0m | [0m0.2917   [0m | [0m0.1862   [0m | [0m39.86    [0m | [0m2.618    [0m |
[0.04 0.06 0.09 0.1  0.11 0.12 0.17 0.26 0.3  0.31 0.33 0.36 0.37 0.39
 0.4  0.41 0.48 0.54 0.55 0.56 0.58 0.58 0.59 0.6  0.61 0.66 0.68 0.73
 0.76 0.81 0.82 0.83 0.85 0.91 1.   1.07 1.11 1.15 1.2  1.22 1.23 1.24
 1.27 1.27 1.46 1.48 1.54 1.66 1.79 1.95 2.04 2.05 2.11 2.31 2.59 2.71
 4.29]
var: 0.6349921206525087
| [0m7        [0m | [0m0.9772   [0m | [0m0.1177   [0m | [0m4.63     [0m | [0m0.4816   [0m |
[0.55 0.59 0.6  0.63 0.67 0.67 0.72 0.74 0.74 0.79 0.82 0.9  0.99 1.
 1.   1.03 1.05 1.05 1.13 1.18 1.23 1.28 1.33 1.35 1.41 1.45 1.46 1.47
 1.5  1.5  1.6  1.62 1.66 1.69 1.96 2.   2.11 2.15 2.23 2.28 2.31 2.35
 2.52 2.62 2.62 2.64 2.65 2.67 2.69 2.93 3.02 3.28 3.59 3.7  4.04 4.31]
var: 0.8917752232142854
| [0m8        [0m | [0m1.751    [0m | [0m0.1895   [0m | [0m28.38    [0m | [0m0.1263   [0m |
[0.   0.06 0.1  0.11 0.12 0.16 0.2  0.26 0.27 0.31 0.33 0.38 0.41 0.42
 0.47 0.49 0.5  0.5  0.53 0.53 0.55 0.59 0.6  0.65 0.67 0.68 0.68 0.7
 0.7  0.71 0.74 0.76 0.77 0.79 0.79 0.85 0.87 0.89 0.89 0.93 0.93 1.09
 1.15 1.16 1.24 1.24 1.26 1.26 1.3  1.33 1.34 1.4  1.51 1.67 1.69 1.74
 2.64 3.01]
var: 0.33146837098691984
| [0m9        [0m | [0m0.8262   [0m | [0m0.1154   [0m | [0m11.19    [0m | [0m1.187    [0m |
[0.08 0.09 0.1  0.11 0.14 0.15 0.21 0.23 0.24 0.27 0.27 0.29 0.36 0.36
 0.4  0.41 0.41 0.41 0.43 0.43 0.46 0.48 0.52 0.58 0.6  0.63 0.64 0.65
 0.65 0.66 0.68 0.73 0.74 0.76 0.79 0.82 0.84 0.86 0.88 1.02 1.16 1.28
 1.36 1.39 1.59 3.3 ]
var: 0.2879563327032142
| [0m10       [0m | [0m0.6404   [0m | [0m0.1657   [0m | [0m8.761    [0m | [0m2.178    [0m |
[0.   0.03 0.05 0.07 0.07 0.11 0.11 0.13 0.14 0.15 0.17 0.17 0.18 0.18
 0.2  0.26 0.26 0.29 0.29 0.34 0.35 0.35 0.36 0.4  0.41 0.42 0.42 0.44
 0.44 0.44 0.45 0.46 0.47 0.48 0.48 0.5  0.51 0.63 0.63 0.66 0.67 0.71
 0.72 0.72 0.74 0.78 0.89 0.92 0.96 1.11 1.26 1.33]
var: 0.0960566198224851
| [0m11       [0m | [0m0.4483   [0m | [0m0.09236  [0m | [0m10.72    [0m | [0m2.828    [0m |
[0.   0.   0.04 0.04 0.05 0.06 0.07 0.08 0.08 0.08 0.08 0.09 0.1  0.14
 0.15 0.17 0.17 0.18 0.18 0.19 0.19 0.23 0.24 0.24 0.25 0.26 0.31 0.33
 0.35 0.37 0.38 0.39 0.39 0.43 0.43 0.44 0.44 0.46 0.46 0.5  0.52 0.52
 0.54 0.6  0.64 0.65 0.69 0.96 1.19 1.21 1.27 1.28 1.49]
var: 0.1264756140975437
| [0m12       [0m | [0m0.3887   [0m | [0m0.2968   [0m | [0m30.72    [0m | [0m1.762    [0m |
[0.02 0.05 0.21 0.21 0.25 0.27 0.3  0.3  0.34 0.34 0.36 0.37 0.39 0.42
 0.44 0.47 0.52 0.53 0.54 0.58 0.59 0.61 0.66 0.75 0.8  0.86 0.86 0.9
 1.05 1.06 1.08 1.08 1.16 1.18 1.24 1.26 1.27 1.33 1.39 1.46 1.5  1.53
 1.53 1.56 1.57 1.57 1.79 2.28 2.49 2.51 2.63 2.8  3.31 3.94 6.26]
var: 1.176148958677685
| [0m13       [0m | [0m1.178    [0m | [0m0.0329   [0m | [0m28.97    [0m | [0m0.5682   [0m |
[0.   0.   0.02 0.03 0.03 0.04 0.04 0.06 0.09 0.09 0.14 0.14 0.15 0.17
 0.17 0.19 0.19 0.22 0.22 0.25 0.25 0.28 0.28 0.29 0.3  0.31 0.32 0.32
 0.32 0.34 0.37 0.38 0.4  0.41 0.45 0.45 0.47 0.47 0.48 0.48 0.49 0.49
 0.49 0.56 0.56 0.59 0.59 0.61 0.64 0.7  0.75 0.94 1.12]
var: 0.05684393022427907
| [0m14       [0m | [0m0.3423   [0m | [0m0.05499  [0m | [0m28.27    [0m | [0m2.647    [0m |
[0.01 0.01 0.02 0.03 0.07 0.08 0.09 0.11 0.14 0.14 0.2  0.2  0.24 0.25
 0.25 0.28 0.31 0.36 0.37 0.37 0.41 0.43 0.45 0.46 0.47 0.53 0.53 0.54
 0.55 0.58 0.6  0.64 0.69 0.69 0.79 0.83 0.85 0.97 1.02 1.05 1.13 1.21
 1.23 1.26 1.34 1.39 1.4  1.43 1.49 1.57 1.59 1.85 1.96 3.83]
var: 0.4512442043895748
| [0m15       [0m | [0m0.7276   [0m | [0m0.2176   [0m | [0m30.14    [0m | [0m0.6659   [0m |
[0.   0.01 0.01 0.02 0.05 0.06 0.06 0.1  0.13 0.14 0.15 0.16 0.17 0.23
 0.23 0.24 0.29 0.33 0.33 0.33 0.37 0.38 0.42 0.43 0.43 0.45 0.47 0.47
 0.47 0.48 0.48 0.49 0.52 0.53 0.55 0.6  0.63 0.63 0.67 0.72 0.72 0.82
 0.93 0.97 1.09 1.15 1.15 1.69]
var: 0.12305898437499962
| [0m16       [0m | [0m0.4531   [0m | [0m0.03549  [0m | [0m32.61    [0m | [0m1.82     [0m |
[0.   0.01 0.01 0.06 0.11 0.12 0.17 0.18 0.18 0.27 0.32 0.39 0.42 0.43
 0.45 0.47 0.51 0.55 0.56 0.56 0.57 0.58 0.62 0.64 0.65 0.66 0.67 0.71
 0.76 0.76 0.85 0.86 0.88 0.94 0.98 1.   1.09 1.09 1.16 1.19 1.2  1.2
 1.32 1.32 1.47 1.64 1.67 1.71 1.73 1.74 1.75 2.09 2.28]
var: 0.3180895692417237
| [0m17       [0m | [0m0.8217   [0m | [0m0.2356   [0m | [0m14.3     [0m | [0m1.263    [0m |
[0.   0.   0.01 0.05 0.06 0.07 0.08 0.08 0.15 0.19 0.19 0.2  0.2  0.2
 0.2  0.21 0.22 0.22 0.23 0.23 0.24 0.26 0.27 0.28 0.31 0.31 0.31 0.32
 0.34 0.35 0.41 0.41 0.42 0.42 0.45 0.47 0.48 0.53 0.54 0.55 0.55 0.56
 0.56 0.57 0.69 0.77 0.86 0.97 1.11 1.11 1.12 1.2  1.41 1.53 2.06]
var: 0.17332978512396705
| [0m18       [0m | [0m0.4642   [0m | [0m0.1668   [0m | [0m24.79    [0m | [0m2.746    [0m |
[0.03 0.03 0.04 0.04 0.04 0.1  0.1  0.11 0.15 0.21 0.23 0.26 0.28 0.29
 0.29 0.31 0.33 0.34 0.35 0.36 0.4  0.41 0.43 0.46 0.47 0.47 0.48 0.49
 0.5  0.51 0.56 0.57 0.58 0.6  0.61 0.61 0.66 0.66 0.68 0.68 0.75 0.81
 0.87 0.94 1.11 1.18 1.25 1.26 1.31 1.44 1.51 1.56 1.82 1.93]
var: 0.21721358024691337
| [0m19       [0m | [0m0.6011   [0m | [0m0.2135   [0m | [0m4.981    [0m | [0m2.389    [0m |
[0.02 0.04 0.05 0.05 0.11 0.11 0.14 0.17 0.17 0.17 0.18 0.19 0.19 0.23
 0.23 0.32 0.33 0.34 0.35 0.35 0.42 0.42 0.45 0.47 0.48 0.51 0.53 0.58
 0.59 0.65 0.66 0.67 0.69 0.72 0.74 0.74 0.78 0.79 0.84 0.84 0.88 0.88
 1.1  1.1  1.13 1.14 1.16 1.27 1.33 1.37 1.47 1.48 1.89 1.89 2.52 2.75
 2.79]
var: 0.41939341335795605
| [0m20       [0m | [0m0.7449   [0m | [0m0.276    [0m | [0m30.07    [0m | [0m0.5694   [0m |
[0.   0.   0.01 0.03 0.04 0.04 0.07 0.07 0.08 0.11 0.11 0.11 0.14 0.14
 0.15 0.16 0.19 0.2  0.21 0.22 0.23 0.23 0.24 0.25 0.26 0.26 0.26 0.26
 0.31 0.32 0.33 0.34 0.35 0.38 0.38 0.4  0.41 0.41 0.51 0.54 0.54 0.54
 0.62 0.64 0.64 0.67 0.72 0.8  0.85 0.9  0.91 0.93 1.26 1.27]
var: 0.09396543209876558
| [0m21       [0m | [0m0.3711   [0m | [0m0.2038   [0m | [0m21.48    [0m | [0m2.746    [0m |
[0.   0.   0.02 0.05 0.08 0.11 0.11 0.24 0.24 0.25 0.3  0.35 0.35 0.37
 0.37 0.38 0.45 0.48 0.48 0.49 0.5  0.52 0.53 0.61 0.65 0.65 0.69 0.84
 0.86 0.91 0.92 1.03 1.15 1.22 1.25 1.39 1.43 1.44 1.47 1.48 1.52 1.53
 1.55 1.69 1.77 1.83 1.99 2.01 2.13 2.25 2.28 2.63]
var: 0.48869230769230765
| [0m22       [0m | [0m0.92     [0m | [0m0.08384  [0m | [0m18.69    [0m | [0m1.08     [0m |
[0.12 0.19 0.23 0.26 0.27 0.3  0.37 0.4  0.42 0.47 0.55 0.63 0.63 0.65
 0.7  0.7  0.73 0.74 0.78 0.81 0.86 0.87 1.13 1.14 1.14 1.22 1.29 1.37
 1.42 1.47 1.48 1.51 1.59 1.66 1.68 1.79 1.98 2.03 2.06 2.12 2.15 2.17
 2.24 2.32 2.68 2.78 2.81 2.85 2.87 2.93 3.1  3.23 4.25 4.41]
var: 1.072102777777778
| [0m23       [0m | [0m1.492    [0m | [0m0.09229  [0m | [0m4.238    [0m | [0m0.3016   [0m |
[0.   0.01 0.02 0.02 0.03 0.03 0.03 0.04 0.04 0.07 0.08 0.11 0.11 0.13
 0.15 0.15 0.15 0.16 0.16 0.16 0.17 0.18 0.19 0.2  0.21 0.24 0.26 0.27
 0.27 0.28 0.32 0.33 0.36 0.36 0.37 0.4  0.4  0.42 0.43 0.43 0.44 0.45
 0.45 0.45 0.46 0.46 0.48 0.5  0.56 0.61 0.62 0.7  0.72 1.05 1.07 1.66]
var: 0.08813099489795939
| [0m24       [0m | [0m0.3289   [0m | [0m0.08507  [0m | [0m42.29    [0m | [0m2.64     [0m |
[0.03 0.06 0.1  0.1  0.15 0.17 0.17 0.2  0.22 0.22 0.25 0.25 0.27 0.34
 0.35 0.37 0.38 0.38 0.4  0.42 0.42 0.5  0.51 0.53 0.55 0.58 0.6  0.67
 0.75 0.78 0.79 0.8  0.81 0.81 0.88 0.89 0.89 0.9  0.92 0.96 0.98 0.99
 1.04 1.12 1.14 1.25 1.3  1.31 1.35 1.48 1.51 1.58 1.6  1.68 1.85 2.82
 3.12]
var: 0.3870225915666355
| [0m25       [0m | [0m0.7981   [0m | [0m0.188    [0m | [0m18.31    [0m | [0m1.259    [0m |
[0.01 0.02 0.03 0.03 0.03 0.06 0.1  0.11 0.14 0.15 0.15 0.17 0.18 0.19
 0.19 0.21 0.22 0.25 0.26 0.27 0.28 0.29 0.32 0.32 0.34 0.36 0.36 0.37
 0.4  0.42 0.43 0.45 0.46 0.49 0.5  0.5  0.51 0.51 0.51 0.52 0.53 0.53
 0.55 0.6  0.63 0.63 0.66 0.67 0.68 0.82 0.84 1.   1.09 1.76 1.89 2.9 ]
var: 0.2361874681122448
| [0m26       [0m | [0m0.4802   [0m | [0m0.1938   [0m | [0m35.53    [0m | [0m1.596    [0m |
[0.   0.   0.   0.01 0.02 0.02 0.03 0.04 0.1  0.11 0.12 0.13 0.15 0.15
 0.16 0.17 0.17 0.19 0.2  0.2  0.21 0.21 0.26 0.27 0.28 0.28 0.3  0.31
 0.32 0.33 0.34 0.35 0.35 0.36 0.4  0.41 0.44 0.45 0.46 0.47 0.48 0.51
 0.52 0.56 0.63 0.63 0.66 0.76 0.77 0.87 1.05 1.13 1.27 1.39]
var: 0.10147023319615937
| [0m27       [0m | [0m0.3704   [0m | [0m0.05182  [0m | [0m28.81    [0m | [0m2.682    [0m |
[0.   0.   0.   0.   0.   0.01 0.02 0.02 0.03 0.04 0.05 0.06 0.07 0.08
 0.08 0.09 0.1  0.11 0.11 0.13 0.13 0.13 0.18 0.18 0.19 0.19 0.2  0.22
 0.24 0.24 0.27 0.27 0.33 0.35 0.37 0.37 0.37 0.38 0.38 0.39 0.41 0.43
 0.45 0.45 0.46 0.48 0.48 0.5  0.52 0.53 0.56 0.61 0.65 0.65]
var: 0.03790617283950621
| [0m28       [0m | [0m0.2511   [0m | [0m0.06199  [0m | [0m42.22    [0m | [0m2.234    [0m |
[0.02 0.05 0.06 0.08 0.1  0.11 0.12 0.14 0.15 0.17 0.23 0.24 0.25 0.32
 0.32 0.36 0.44 0.47 0.52 0.53 0.53 0.54 0.54 0.55 0.57 0.6  0.65 0.68
 0.7  0.97 1.02 1.03 1.09 1.14 1.2  1.21 1.23 1.36 1.4  1.4  1.4  1.44
 1.59 1.64 1.64 1.73 1.79 1.8  1.82 1.9  1.96 2.01 2.01 2.05 2.12 2.35]
var: 0.4653355867346937
| [0m29       [0m | [0m0.9346   [0m | [0m0.0955   [0m | [0m35.06    [0m | [0m0.3753   [0m |
[0.   0.02 0.03 0.03 0.04 0.05 0.06 0.06 0.14 0.16 0.16 0.19 0.19 0.2
 0.22 0.23 0.23 0.23 0.24 0.25 0.25 0.25 0.25 0.29 0.3  0.34 0.34 0.35
 0.35 0.36 0.43 0.44 0.45 0.45 0.49 0.51 0.54 0.54 0.54 0.6  0.61 0.65
 0.71 0.72 0.89 0.9  0.92 0.95 0.98 0.98 1.08 1.09 1.18 1.26 1.53 1.65
 2.08 3.8 ]
var: 0.37476634958382865
| [0m30       [0m | [0m0.5652   [0m | [0m0.2459   [0m | [0m32.86    [0m | [0m1.063    [0m |
[0.03 0.04 0.05 0.05 0.07 0.08 0.09 0.09 0.1  0.11 0.12 0.12 0.15 0.17
 0.18 0.18 0.19 0.2  0.22 0.23 0.27 0.28 0.28 0.29 0.31 0.32 0.33 0.34
 0.34 0.34 0.37 0.37 0.37 0.38 0.4  0.41 0.42 0.44 0.44 0.48 0.49 0.53
 0.58 0.58 0.6  0.6  0.67 0.7  0.78 0.84 0.9  1.05 1.1  1.13 1.23]
var: 0.08643259504132259
| [0m31       [0m | [0m0.3896   [0m | [0m0.1335   [0m | [0m16.1     [0m | [0m2.703    [0m |
[0.   0.01 0.02 0.05 0.05 0.06 0.08 0.11 0.11 0.14 0.19 0.2  0.2  0.23
 0.27 0.27 0.28 0.28 0.29 0.29 0.3  0.33 0.34 0.35 0.35 0.36 0.38 0.39
 0.4  0.41 0.42 0.43 0.44 0.49 0.51 0.55 0.56 0.58 0.59 0.6  0.6  0.66
 0.67 0.68 0.69 0.7  0.83 0.86 0.86 0.95 1.06 1.06 1.14 1.25 1.31 1.63
 2.35 2.57]
var: 0.25290606420927464
| [0m32       [0m | [0m0.5479   [0m | [0m0.101    [0m | [0m26.04    [0m | [0m1.561    [0m |
[0.   0.   0.   0.02 0.03 0.03 0.03 0.04 0.05 0.05 0.07 0.08 0.08 0.08
 0.09 0.09 0.09 0.1  0.11 0.13 0.14 0.19 0.19 0.21 0.22 0.24 0.26 0.28
 0.28 0.3  0.3  0.31 0.33 0.35 0.36 0.37 0.39 0.42 0.42 0.43 0.43 0.45
 0.48 0.48 0.51 0.51 0.56 0.6  0.63 0.67 0.67 0.69 0.84 1.16]
var: 0.060088888888889025
| [0m33       [0m | [0m0.2933   [0m | [0m0.1937   [0m | [0m38.64    [0m | [0m2.121    [0m |
[0.   0.05 0.05 0.09 0.1  0.14 0.15 0.17 0.17 0.26 0.28 0.3  0.3  0.32
 0.32 0.33 0.33 0.34 0.36 0.37 0.37 0.4  0.42 0.42 0.43 0.46 0.47 0.48
 0.49 0.49 0.5  0.5  0.51 0.52 0.53 0.56 0.57 0.58 0.61 0.63 0.63 0.63
 0.78 0.8  0.81 0.97 1.07 1.13 1.21 1.31 1.32 1.5  1.53 1.54 1.85]
var: 0.17584760330578503
| [0m34       [0m | [0m0.5718   [0m | [0m0.04164  [0m | [0m5.406    [0m | [0m1.974    [0m |
[0.41 0.5  0.57 0.62 0.71 0.72 0.76 0.78 0.87 0.89 0.93 1.11 1.11 1.2
 1.22 1.22 1.24 1.26 1.3  1.33 1.36 1.36 1.42 1.47 1.48 1.49 1.52 1.57
 1.63 1.64 1.67 1.69 1.76 1.77 2.08 2.1  2.1  2.15 2.26 2.35 2.36 2.48
 2.68 2.85 2.97 3.03 3.38 3.47 3.57 3.65 3.85 4.62 4.63 4.7  4.94]
var: 1.3303421487603309
| [0m35       [0m | [0m1.942    [0m | [0m0.02025  [0m | [0m31.67    [0m | [0m0.2516   [0m |
[0.02 0.02 0.03 0.03 0.09 0.09 0.1  0.14 0.14 0.2  0.28 0.34 0.36 0.4
 0.41 0.43 0.44 0.44 0.46 0.48 0.49 0.5  0.53 0.55 0.56 0.58 0.59 0.6
 0.6  0.61 0.62 0.63 0.65 0.66 0.66 0.7  0.73 0.77 0.81 0.82 0.92 1.02
 1.04 1.06 1.12 1.12 1.21 1.25 1.28 1.58 1.89 2.07 2.13 2.35]
var: 0.2861973936899859
| [0m36       [0m | [0m0.6963   [0m | [0m0.2758   [0m | [0m33.51    [0m | [0m0.4798   [0m |
[0.   0.01 0.03 0.03 0.07 0.11 0.11 0.12 0.15 0.15 0.21 0.24 0.31 0.35
 0.36 0.37 0.41 0.44 0.46 0.47 0.54 0.54 0.54 0.55 0.56 0.57 0.58 0.59
 0.61 0.63 0.67 0.67 0.73 0.75 0.75 0.76 0.81 0.83 0.83 0.87 0.96 0.99
 0.99 1.02 1.03 1.04 1.1  1.12 1.19 1.23 1.29 1.42 1.45 1.49 1.83 2.07
 2.33]
var: 0.2570781779008926
| [0m37       [0m | [0m0.7075   [0m | [0m0.1258   [0m | [0m24.08    [0m | [0m1.378    [0m |
[0.02 0.05 0.05 0.07 0.07 0.09 0.15 0.16 0.18 0.3  0.3  0.31 0.33 0.36
 0.36 0.37 0.38 0.39 0.39 0.41 0.42 0.42 0.43 0.45 0.47 0.47 0.49 0.51
 0.52 0.53 0.53 0.54 0.54 0.55 0.58 0.59 0.59 0.63 0.63 0.64 0.68 0.72
 0.74 0.75 0.77 0.79 0.81 0.86 0.88 1.   1.06 1.22]
var: 0.07065011094674535
| [0m38       [0m | [0m0.4913   [0m | [0m0.143    [0m | [0m36.75    [0m | [0m1.305    [0m |
[0.   0.02 0.02 0.04 0.04 0.04 0.05 0.06 0.06 0.11 0.12 0.15 0.16 0.19
 0.2  0.2  0.23 0.25 0.25 0.27 0.28 0.31 0.31 0.34 0.34 0.34 0.35 0.35
 0.36 0.38 0.41 0.43 0.44 0.45 0.46 0.46 0.47 0.48 0.49 0.5  0.5  0.53
 0.55 0.56 0.57 0.66 0.66 0.67 0.67 0.76 0.85 0.98 1.08]
var: 0.06107390530437883
| [0m39       [0m | [0m0.367    [0m | [0m0.2389   [0m | [0m21.87    [0m | [0m2.339    [0m |
[0.02 0.02 0.03 0.03 0.04 0.05 0.07 0.1  0.12 0.16 0.17 0.17 0.18 0.2
 0.26 0.27 0.27 0.31 0.33 0.37 0.41 0.45 0.46 0.47 0.47 0.47 0.54 0.54
 0.56 0.6  0.62 0.64 0.65 0.68 0.72 0.73 0.75 0.75 0.79 0.81 0.85 0.86
 0.92 0.95 1.04 1.2  1.36 1.42 1.43 2.12 2.22 2.51 3.05 3.09]
var: 0.5080846364883401
| [0m40       [0m | [0m0.7093   [0m | [0m0.06635  [0m | [0m11.14    [0m | [0m1.605    [0m |
[0.   0.   0.07 0.1  0.1  0.1  0.1  0.11 0.11 0.11 0.12 0.12 0.12 0.12
 0.12 0.13 0.14 0.14 0.15 0.16 0.16 0.16 0.16 0.16 0.17 0.17 0.17 0.18
 0.18 0.19 0.19 0.2  0.21 0.21 0.21 0.22 0.22 0.23 0.24 0.24 0.25 0.25
 0.26 0.26 0.28 0.28 0.28 0.28 0.29 0.31 0.34 0.36 0.4  0.44 0.46]
var: 0.00894135537190083
| [0m41       [0m | [0m0.1951   [0m | [0m1e-08    [0m | [0m31.2     [0m | [0m0.001    [0m |
[0.07 0.3  0.51 0.52 0.6  0.72 0.74 0.76 0.83 0.84 0.85 0.9  0.91 0.97
 0.98 0.98 1.05 1.11 1.14 1.19 1.19 1.24 1.24 1.26 1.31 1.36 1.37 1.41
 1.48 1.51 1.53 1.58 1.59 1.61 1.71 1.75 1.78 1.79 1.8  1.81 1.82 1.84
 1.92 1.96 2.06 2.07 2.16 2.19 2.35 2.39 2.42 2.52 2.62 2.63 3.06 3.94]
var: 0.5127494897959183
| [0m42       [0m | [0m1.504    [0m | [0m0.07913  [0m | [0m30.89    [0m | [0m0.1376   [0m |
[0.03 0.07 0.1  0.13 0.13 0.14 0.15 0.16 0.19 0.24 0.27 0.28 0.32 0.38
 0.39 0.41 0.41 0.47 0.47 0.48 0.48 0.52 0.52 0.53 0.54 0.59 0.6  0.6
 0.61 0.62 0.7  0.71 0.83 0.86 0.96 1.   1.   1.05 1.07 1.18 1.28 1.36
 1.37 1.47 1.53 1.54 1.61 1.63 1.78 1.82 1.89 2.3  2.93 2.97]
var: 0.4728318587105619
| [0m43       [0m | [0m0.8457   [0m | [0m0.08384  [0m | [0m47.66    [0m | [0m0.6847   [0m |
[0.03 0.06 0.07 0.19 0.24 0.39 0.5  0.52 0.57 0.58 0.68 0.74 0.8  0.82
 0.82 0.86 0.88 1.01 1.09 1.11 1.14 1.17 1.19 1.2  1.2  1.23 1.26 1.34
 1.35 1.39 1.53 1.54 1.71 1.73 1.8  1.83 1.9  1.94 1.97 1.97 1.98 2.02
 2.05 2.09 2.12 2.18 2.53 2.56 2.57 2.6  2.73 2.74 2.77 2.84 2.97 4.2 ]
var: 0.7632830357142864
| [0m44       [0m | [0m1.488    [0m | [0m0.03177  [0m | [0m31.64    [0m | [0m0.3108   [0m |
[0.   0.   0.03 0.04 0.05 0.1  0.15 0.15 0.15 0.22 0.23 0.23 0.24 0.27
 0.27 0.27 0.3  0.33 0.35 0.35 0.35 0.36 0.36 0.42 0.46 0.51 0.52 0.53
 0.54 0.57 0.57 0.6  0.62 0.65 0.65 0.67 0.69 0.8  0.8  0.85 0.94 0.97
 1.05 1.09 1.17 1.22 1.25 1.28 1.28 1.35 1.46 1.52 1.59 1.71 1.76 1.79
 1.8  1.92]
var: 0.28641569560047586
| [0m45       [0m | [0m0.6966   [0m | [0m0.2233   [0m | [0m13.2     [0m | [0m1.845    [0m |
[0.1  0.12 0.15 0.23 0.32 0.43 0.44 0.51 0.51 0.63 0.69 0.72 0.72 0.73
 0.74 0.78 0.8  0.91 0.93 0.97 0.97 1.02 1.15 1.16 1.2  1.2  1.26 1.27
 1.27 1.27 1.34 1.42 1.47 1.57 1.66 1.68 1.73 1.74 1.84 1.86 1.93 2.26
 2.35 2.37 2.37 2.54 2.68 2.78 2.94 3.24 3.47 4.13 5.29 5.34]
var: 1.3390920438957477
| [0m46       [0m | [0m1.541    [0m | [0m0.03744  [0m | [0m30.86    [0m | [0m0.0146   [0m |
[0.21 0.42 0.65 0.66 0.68 0.79 0.87 0.92 0.96 1.1  1.23 1.27 1.32 1.38
 1.42 1.42 1.44 1.45 1.49 1.52 1.59 1.64 1.72 1.73 1.78 1.81 1.82 1.82
 2.   2.03 2.08 2.25 2.28 2.3  2.3  2.33 2.33 2.36 2.43 2.45 2.47 2.58
 2.61 2.72 2.82 2.87 2.88 2.99 3.01 3.11 3.19 3.51 4.19 4.27 4.39 5.32]
var: 1.059932525510203
| [0m47       [0m | [0m2.057    [0m | [0m0.09808  [0m | [0m30.9     [0m | [0m0.05856  [0m |
[0.02 0.1  0.11 0.13 0.21 0.22 0.22 0.28 0.36 0.38 0.43 0.45 0.46 0.46
 0.55 0.58 0.65 0.65 0.7  0.83 0.85 0.85 0.85 0.87 0.95 0.96 0.96 0.97
 1.01 1.02 1.03 1.05 1.06 1.11 1.11 1.12 1.13 1.15 1.19 1.27 1.28 1.28
 1.31 1.34 1.41 1.45 1.65 1.67 1.75 1.78 1.79 1.86 2.08 2.38 2.4  3.09]
var: 0.3972070153061225
| [0m48       [0m | [0m1.015    [0m | [0m0.252    [0m | [0m11.43    [0m | [0m0.6828   [0m |
[0.   0.01 0.02 0.02 0.06 0.06 0.07 0.08 0.13 0.18 0.2  0.23 0.24 0.26
 0.3  0.32 0.37 0.38 0.39 0.4  0.44 0.44 0.44 0.45 0.47 0.48 0.48 0.49
 0.49 0.5  0.5  0.51 0.52 0.52 0.53 0.55 0.56 0.57 0.58 0.59 0.6  0.6
 0.61 0.62 0.63 0.64 0.71 0.71 0.84 0.89 0.9  0.9  1.27 1.31 1.52 1.75
 2.73]
var: 0.2081372730070794
| [0m49       [0m | [0m0.5449   [0m | [0m0.2043   [0m | [0m25.38    [0m | [0m2.594    [0m |
[0.11 0.3  0.32 0.32 0.33 0.34 0.39 0.39 0.39 0.39 0.42 0.43 0.44 0.49
 0.51 0.52 0.54 0.54 0.58 0.61 0.65 0.67 0.69 0.71 0.75 0.75 0.8  0.8
 0.89 0.9  0.96 1.02 1.09 1.1  1.11 1.15 1.18 1.19 1.19 1.4  1.59 1.65
 1.65 1.68 1.83 1.85 1.88 1.94 2.05 2.22 2.33 2.65 3.31 4.05]
var: 0.6321953360768181
| [0m50       [0m | [0m1.075    [0m | [0m0.1464   [0m | [0m30.88    [0m | [0m0.01259  [0m |
[0.55 0.59 0.6  0.7  0.71 0.77 0.81 0.89 0.91 0.92 0.97 0.97 0.98 1.02
 1.19 1.21 1.23 1.28 1.34 1.41 1.42 1.45 1.46 1.5  1.56 1.58 1.6  1.63
 1.65 1.66 1.69 1.7  1.73 1.74 1.78 1.8  1.83 1.93 2.06 2.18 2.2  2.2
 2.25 2.39 2.42 2.51 2.6  2.63 2.65 3.21 3.22 3.31 4.93 6.22]
var: 1.0366171467764045
| [0m51       [0m | [0m1.773    [0m | [0m0.08825  [0m | [0m30.84    [0m | [0m0.07776  [0m |
[0.39 0.52 0.54 0.57 0.57 0.63 0.68 0.68 0.72 0.73 0.76 0.8  0.88 0.88
 0.9  0.92 1.07 1.15 1.18 1.19 1.19 1.2  1.22 1.23 1.23 1.24 1.32 1.42
 1.47 1.54 1.55 1.62 1.65 1.7  1.71 1.76 1.78 1.88 1.9  1.95 1.98 2.02
 2.03 2.08 2.13 2.35 2.39 2.4  2.52 2.71 3.23 3.37 3.39 3.52 3.55 3.67
 4.76]
var: 0.8961526008002464
| [0m52       [0m | [0m1.656    [0m | [0m0.07597  [0m | [0m31.69    [0m | [0m0.1928   [0m |
[0.38 0.56 0.56 0.57 0.59 0.59 0.6  0.68 0.84 0.86 0.93 0.97 1.02 1.03
 1.06 1.16 1.16 1.16 1.21 1.21 1.22 1.22 1.23 1.23 1.24 1.27 1.3  1.3
 1.3  1.48 1.53 1.57 1.64 1.67 1.7  1.73 1.73 1.73 1.84 1.95 1.98 2.14
 2.23 2.37 2.47 2.47 2.65 2.69 2.88 3.24 3.3  3.78 4.11 4.43]
var: 0.8374434842249648
| [0m53       [0m | [0m1.625    [0m | [0m0.1184   [0m | [0m30.9     [0m | [0m0.08027  [0m |
[0.19 0.35 0.47 0.61 0.72 0.83 0.86 0.97 0.98 0.98 1.17 1.18 1.19 1.22
 1.25 1.3  1.32 1.4  1.54 1.58 1.59 1.62 1.65 1.66 1.75 1.77 1.78 1.81
 1.84 1.89 1.97 2.03 2.05 2.05 2.06 2.07 2.08 2.25 2.29 2.29 2.3  2.34
 2.43 2.47 2.6  2.61 2.78 2.83 3.02 3.08 3.23 3.43 3.5  3.55 3.82 4.01
 4.07 6.73]
var: 1.2186796967895375
| [0m54       [0m | [0m2.024    [0m | [0m0.01279  [0m | [0m12.44    [0m | [0m0.3494   [0m |
[0.01 0.02 0.1  0.1  0.14 0.14 0.15 0.16 0.16 0.18 0.18 0.21 0.25 0.25
 0.33 0.35 0.4  0.46 0.47 0.49 0.5  0.54 0.54 0.56 0.6  0.68 0.68 0.71
 0.74 0.76 0.77 0.83 0.86 0.96 1.03 1.11 1.13 1.13 1.15 1.18 1.24 1.32
 1.35 1.41 1.42 1.54 1.59 1.61 2.2  2.56 2.81 2.93 3.01 3.65]
var: 0.6889348765432098
| [0m55       [0m | [0m0.9194   [0m | [0m0.1001   [0m | [0m18.68    [0m | [0m1.067    [0m |
[0.15 0.32 0.38 0.6  0.62 0.65 0.67 0.67 0.7  0.85 0.88 0.9  0.93 1.02
 1.03 1.06 1.07 1.1  1.1  1.18 1.18 1.19 1.22 1.23 1.29 1.32 1.37 1.39
 1.43 1.47 1.52 1.6  1.63 1.69 1.71 1.76 1.77 1.78 1.89 2.05 2.15 2.19
 2.42 2.45 2.59 2.66 2.85 3.14 3.36 3.49 3.6  3.66 3.94 4.41 5.89]
var: 1.2680689586776865
| [0m56       [0m | [0m1.73     [0m | [0m0.07638  [0m | [0m12.53    [0m | [0m0.3544   [0m |
[0.06 0.12 0.13 0.15 0.16 0.22 0.24 0.43 0.5  0.6  0.69 0.71 0.79 0.83
 0.89 0.91 0.93 0.95 0.97 0.98 1.   1.03 1.05 1.11 1.19 1.2  1.24 1.38
 1.41 1.43 1.46 1.53 1.53 1.54 1.54 1.57 1.63 1.64 1.65 1.83 1.84 1.99
 1.99 1.99 2.31 2.5  2.61 2.63 2.66 2.8  3.87 8.77]
var: 1.6812590236686402
| [0m57       [0m | [0m1.446    [0m | [0m0.1051   [0m | [0m12.44    [0m | [0m0.3679   [0m |
[0.2  0.29 0.62 0.7  0.71 0.73 0.74 0.81 0.82 0.84 0.9  0.91 0.92 0.93
 0.99 1.12 1.19 1.22 1.28 1.33 1.37 1.42 1.45 1.5  1.51 1.52 1.53 1.57
 1.61 1.65 1.74 1.75 1.78 1.78 1.83 1.89 1.91 1.99 1.99 2.03 2.05 2.15
 2.25 2.27 2.36 2.56 2.67 2.79 2.82 3.15 3.34 3.45 3.48 4.04]
var: 0.7119361111111112
| [0m58       [0m | [0m1.675    [0m | [0m0.1128   [0m | [0m31.61    [0m | [0m0.21     [0m |
[0.08 0.27 0.46 0.58 0.84 0.86 0.91 0.93 0.99 1.   1.01 1.02 1.22 1.24
 1.27 1.29 1.41 1.43 1.5  1.57 1.62 1.64 1.65 1.67 1.67 1.81 1.82 1.95
 1.98 2.01 2.15 2.17 2.28 2.31 2.35 2.35 2.38 2.54 2.61 2.64 2.65 2.72
 2.92 2.92 3.03 3.26 3.56 3.6  3.81 3.94 4.04 4.05 4.39]
var: 1.0773682449270203
| [0m59       [0m | [0m2.007    [0m | [0m0.03663  [0m | [0m30.9     [0m | [0m0.07473  [0m |
[0.41 0.41 0.44 0.51 0.52 0.58 0.75 0.85 0.91 0.94 1.01 1.05 1.07 1.11
 1.13 1.2  1.21 1.22 1.25 1.26 1.26 1.3  1.3  1.35 1.6  1.6  1.61 1.64
 1.67 1.68 1.7  1.8  1.83 1.87 1.88 1.88 1.9  1.91 1.99 2.09 2.11 2.19
 2.28 2.49 2.51 2.63 2.63 2.77 2.85 2.86 2.91 2.99 3.21 3.43 5.09]
var: 0.7897776528925625
| [0m60       [0m | [0m1.721    [0m | [0m0.1972   [0m | [0m28.49    [0m | [0m0.07042  [0m |
[0.12 0.33 0.34 0.5  0.56 0.64 0.66 0.71 0.75 0.9  0.98 1.02 1.2  1.34
 1.45 1.56 1.63 1.7  1.71 1.74 1.84 1.85 1.85 1.93 1.95 2.14 2.15 2.16
 2.18 2.19 2.21 2.22 2.23 2.27 2.37 2.57 2.58 2.64 2.7  2.74 2.78 2.82
 2.82 2.92 2.93 2.93 3.11 3.11 3.42 3.49 3.5  3.88 4.24 4.29 4.65 5.19]
var: 1.2721356823979584
| [0m61       [0m | [0m2.155    [0m | [0m0.00225  [0m | [0m31.56    [0m | [0m0.2532   [0m |
[0.13 0.29 0.52 0.53 0.54 0.55 0.56 0.6  0.63 0.67 0.74 0.76 0.88 0.91
 0.91 0.93 1.02 1.14 1.16 1.17 1.19 1.21 1.22 1.24 1.27 1.27 1.27 1.28
 1.31 1.34 1.43 1.43 1.43 1.45 1.52 1.54 1.77 1.8  1.81 1.84 1.87 1.9
 1.93 2.01 2.06 2.07 2.12 2.14 2.16 2.25 2.37 2.54 2.55 2.79 2.87 3.51
 4.22]
var: 0.6208634041243447
| [0m62       [0m | [0m1.485    [0m | [0m0.08008  [0m | [0m31.49    [0m | [0m0.2644   [0m |
[0.38 0.56 0.82 0.93 1.01 1.07 1.11 1.24 1.25 1.37 1.4  1.69 1.73 1.89
 1.91 1.93 1.97 2.   2.03 2.04 2.08 2.11 2.15 2.41 2.62 2.66 2.7  2.73
 2.75 2.78 2.79 2.91 3.01 3.07 3.21 3.25 3.25 3.38 3.38 3.44 3.51 3.54
 3.71 3.9  4.52 4.52 4.63 4.91 5.51 6.06 6.42 6.6  6.87]
var: 2.372051334994661
| [95m63       [0m | [95m2.825    [0m | [95m0.01193  [0m | [95m12.54    [0m | [95m0.2119   [0m |
[0.05 0.05 0.08 0.09 0.1  0.11 0.13 0.15 0.16 0.18 0.19 0.21 0.24 0.3
 0.53 0.53 0.55 0.56 0.58 0.59 0.65 0.65 0.65 0.65 0.7  0.7  0.75 0.85
 0.86 1.   1.14 1.15 1.36 1.41 1.55 1.66 1.67 1.8  1.9  1.99 2.01 2.27
 2.38 2.4  2.4  2.42 2.48 2.48 2.58 2.91 3.25 3.4  4.02 4.24]
var: 1.1881385802469138
| [0m64       [0m | [0m1.254    [0m | [0m0.06464  [0m | [0m12.59    [0m | [0m0.637    [0m |
[0.   0.   0.01 0.03 0.04 0.05 0.05 0.05 0.06 0.06 0.1  0.1  0.12 0.15
 0.16 0.17 0.19 0.19 0.19 0.22 0.22 0.23 0.25 0.25 0.28 0.3  0.31 0.32
 0.32 0.33 0.34 0.35 0.38 0.4  0.43 0.43 0.44 0.46 0.51 0.52 0.52 0.54
 0.58 0.62 0.63 0.74 0.76 0.77 0.79 0.82 0.86 1.01 1.31]
var: 0.08160996796012801
| [0m65       [0m | [0m0.3577   [0m | [0m0.2233   [0m | [0m26.43    [0m | [0m2.627    [0m |
[0.   0.   0.05 0.06 0.07 0.08 0.09 0.09 0.09 0.12 0.13 0.14 0.15 0.15
 0.18 0.25 0.29 0.29 0.29 0.29 0.3  0.32 0.32 0.32 0.36 0.37 0.38 0.38
 0.4  0.4  0.41 0.47 0.47 0.47 0.49 0.49 0.51 0.52 0.53 0.55 0.57 0.6
 0.65 0.66 0.67 0.71 0.71 0.73 0.78 0.79 0.87 0.88 0.92 1.2  1.41 2.34]
var: 0.15113571428571465
| [0m66       [0m | [0m0.46     [0m | [0m0.0859   [0m | [0m15.74    [0m | [0m2.462    [0m |
[0.36 0.4  0.44 0.59 0.6  0.69 0.7  0.7  0.75 0.77 0.85 0.85 0.9  0.9
 0.9  0.98 1.   1.04 1.1  1.17 1.19 1.24 1.25 1.32 1.35 1.36 1.44 1.54
 1.59 1.64 1.65 1.71 1.71 1.72 1.89 2.03 2.06 2.12 2.14 2.17 2.33 2.36
 2.39 2.45 2.47 2.47 2.48 2.5  2.52 3.03 3.05 3.09 3.41 3.74 4.   4.48
 4.78]
var: 1.046817051400432
| [0m67       [0m | [0m1.761    [0m | [0m0.1242   [0m | [0m30.88    [0m | [0m0.01887  [0m |
[0.07 0.3  0.44 0.81 0.83 1.02 1.23 1.23 1.25 1.29 1.31 1.4  1.43 1.44
 1.44 1.51 1.62 1.67 1.68 1.83 1.87 1.88 1.91 1.98 2.   2.01 2.01 2.04
 2.08 2.12 2.22 2.24 2.24 2.25 2.27 2.3  2.37 2.47 2.48 2.48 2.51 2.56
 2.69 2.7  2.75 2.76 2.86 2.87 2.99 3.02 3.38 3.43 4.3 ]
var: 0.6446210751156999
| [0m68       [0m | [0m1.997    [0m | [0m0.103    [0m | [0m30.9     [0m | [0m0.04003  [0m |
[0.12 0.22 0.23 0.5  0.55 0.59 0.61 0.63 0.66 0.72 0.78 0.87 0.88 0.9
 0.93 0.95 1.1  1.21 1.36 1.39 1.44 1.45 1.46 1.47 1.49 1.55 1.61 1.63
 1.63 1.7  1.7  1.71 1.8  1.93 1.97 2.01 2.16 2.22 2.23 2.24 2.27 2.3
 2.34 2.34 2.59 2.93 2.99 3.23 3.48 3.93 4.41 5.25]
var: 1.1066250000000006
| [0m69       [0m | [0m1.705    [0m | [0m0.06661  [0m | [0m12.44    [0m | [0m0.293    [0m |
[0.49 0.54 0.77 0.8  1.01 1.03 1.09 1.13 1.3  1.32 1.35 1.37 1.39 1.39
 1.4  1.46 1.46 1.47 1.49 1.51 1.58 1.76 1.83 1.83 1.84 2.16 2.17 2.21
 2.25 2.28 2.31 2.41 2.46 2.49 2.49 2.52 2.57 2.58 2.61 2.66 2.74 2.75
 2.89 2.98 3.22 3.37 3.46 3.87 3.97 4.2  4.45 5.03 5.45 5.85]
var: 1.4199384430727027
| [0m70       [0m | [0m2.278    [0m | [0m0.009446 [0m | [0m12.59    [0m | [0m0.2738   [0m |
[0.   0.01 0.01 0.02 0.04 0.06 0.08 0.09 0.09 0.09 0.1  0.18 0.18 0.19
 0.2  0.2  0.25 0.27 0.28 0.3  0.36 0.37 0.41 0.42 0.47 0.49 0.5  0.51
 0.55 0.62 0.68 0.91 0.97 1.01 1.06 1.2  1.25 1.28 1.5  1.52 1.57 1.59
 1.91 2.05 2.17 2.2  2.24 2.33 2.61 2.96 4.05 5.66 6.51]
var: 1.7967364186543258
| [0m71       [0m | [0m1.067    [0m | [0m1e-08    [0m | [0m12.51    [0m | [0m0.2535   [0m |
[0.   0.01 0.01 0.01 0.01 0.01 0.02 0.04 0.04 0.06 0.06 0.1  0.11 0.11
 0.11 0.12 0.13 0.13 0.14 0.15 0.15 0.18 0.19 0.22 0.23 0.23 0.26 0.26
 0.27 0.33 0.34 0.34 0.34 0.35 0.35 0.36 0.36 0.39 0.39 0.4  0.43 0.46
 0.51 0.52 0.63 0.63 0.64 0.64 0.68 0.7  0.73 0.78 0.87 0.93 1.38 1.63
 2.04]
var: 0.15590360110803353
| [0m72       [0m | [0m0.3774   [0m | [0m0.1486   [0m | [0m36.26    [0m | [0m2.211    [0m |
[0.6  0.79 0.79 0.8  0.82 1.02 1.04 1.06 1.12 1.24 1.26 1.3  1.3  1.33
 1.35 1.35 1.58 1.6  1.69 1.74 1.75 1.76 1.78 1.8  1.82 1.86 1.86 1.93
 2.   2.04 2.06 2.12 2.13 2.13 2.14 2.25 2.25 2.36 2.72 2.93 2.94 3.12
 3.19 3.44 3.45 3.48 3.53 3.81 4.06 4.26 4.61 4.99 5.37 5.53 6.  ]
var: 1.6764413223140493
| [0m73       [0m | [0m2.314    [0m | [0m0.02686  [0m | [0m12.58    [0m | [0m0.1979   [0m |
[0.   0.   0.01 0.01 0.01 0.01 0.02 0.04 0.04 0.05 0.05 0.06 0.07 0.07
 0.09 0.09 0.11 0.11 0.12 0.13 0.14 0.15 0.15 0.15 0.17 0.17 0.18 0.19
 0.19 0.19 0.2  0.25 0.26 0.26 0.27 0.28 0.28 0.3  0.3  0.31 0.32 0.33
 0.37 0.39 0.4  0.4  0.41 0.43 0.44 0.47 0.47 0.53 0.53 0.59 0.59]
var: 0.027379173553719077
| [0m74       [0m | [0m0.2209   [0m | [0m0.07954  [0m | [0m46.49    [0m | [0m2.481    [0m |
[0.   0.04 0.05 0.05 0.07 0.09 0.09 0.12 0.13 0.13 0.14 0.16 0.19 0.2
 0.21 0.24 0.25 0.27 0.29 0.31 0.33 0.33 0.34 0.34 0.35 0.36 0.36 0.37
 0.37 0.39 0.39 0.41 0.47 0.5  0.53 0.53 0.53 0.54 0.56 0.59 0.6  0.61
 0.65 0.74 0.81 0.84 0.84 0.87 0.92 1.   1.11 1.2  1.26 1.3  1.34 1.43
 1.52]
var: 0.14949387503847342
| [0m75       [0m | [0m0.5028   [0m | [0m0.1805   [0m | [0m24.22    [0m | [0m1.651    [0m |
[0.04 0.12 0.13 0.27 0.37 0.44 0.56 0.57 0.62 0.63 0.72 0.72 0.82 0.93
 0.94 0.96 0.98 1.   1.02 1.07 1.12 1.18 1.28 1.28 1.35 1.36 1.38 1.43
 1.44 1.5  1.5  1.53 1.61 1.64 1.73 1.85 1.86 1.87 1.94 1.95 2.05 2.11
 2.25 2.29 2.31 2.35 2.36 2.68 2.69 2.75 2.87 3.07 3.11 3.3  3.46 3.58
 3.81]
var: 0.8679850415512467
| [0m76       [0m | [0m1.592    [0m | [0m0.07189  [0m | [0m12.57    [0m | [0m0.3031   [0m |
[0.03 0.04 0.08 0.15 0.16 0.25 0.26 0.3  0.31 0.31 0.33 0.38 0.44 0.45
 0.46 0.48 0.48 0.53 0.54 0.56 0.56 0.58 0.59 0.61 0.66 0.66 0.67 0.71
 0.74 0.74 0.77 0.8  0.8  0.84 0.93 0.96 1.03 1.07 1.11 1.2  1.26 1.41
 1.42 1.49 1.55 1.58 1.72 1.97 2.05 2.14 2.16 2.37 2.48 2.99 3.09]
var: 0.542287272727273
| [0m77       [0m | [0m0.95     [0m | [0m0.2716   [0m | [0m7.72     [0m | [0m0.6041   [0m |
[0.03 0.07 0.08 0.09 0.1  0.11 0.11 0.16 0.16 0.18 0.18 0.21 0.24 0.3
 0.32 0.34 0.36 0.38 0.4  0.46 0.49 0.51 0.57 0.62 0.62 0.62 0.62 0.63
 0.63 0.67 0.67 0.68 0.68 0.69 0.69 0.75 0.77 0.78 0.8  0.83 0.87 0.92
 0.98 0.98 1.02 1.2  1.2  1.23 1.37 1.43 1.53 1.53 1.63 1.71 1.79 2.36
 2.54 3.76]
var: 0.46250002972651566
| [0m78       [0m | [0m0.7871   [0m | [0m0.1597   [0m | [0m9.716    [0m | [0m1.332    [0m |
[0.   0.   0.   0.01 0.02 0.09 0.11 0.11 0.11 0.12 0.12 0.13 0.13 0.16
 0.18 0.25 0.25 0.27 0.3  0.31 0.33 0.34 0.35 0.36 0.39 0.41 0.42 0.43
 0.44 0.45 0.46 0.47 0.47 0.48 0.49 0.52 0.55 0.55 0.55 0.57 0.6  0.6
 0.61 0.61 0.63 0.64 0.65 0.66 0.77 0.8  0.87 1.08 1.16]
var: 0.07049789960840173
| [0m79       [0m | [0m0.4034   [0m | [0m0.2221   [0m | [0m17.97    [0m | [0m2.849    [0m |
[0.14 0.24 0.56 0.56 0.57 0.59 0.73 0.74 0.87 1.12 1.12 1.13 1.16 1.2
 1.22 1.26 1.28 1.3  1.35 1.37 1.37 1.44 1.47 1.62 1.65 1.74 1.76 1.77
 1.77 1.79 1.83 1.84 1.9  1.92 1.94 2.02 2.22 2.23 2.3  2.36 2.43 2.44
 2.47 2.53 2.55 2.7  2.72 3.   3.03 3.05 3.8  3.94 4.24]
var: 0.8036622285510858
| [0m80       [0m | [0m1.78     [0m | [0m0.2675   [0m | [0m28.37    [0m | [0m0.05986  [0m |
=============================================================
None
num_trials:  40  inits,  40  iters,  60  per
rho:  0.1
pthin:  0.0

Best VPT: 2.824716981132076
Best result: {'a': 0.011927582796702226, 'g': 12.540952845180481, 's': 0.2119441401041456}

KERNEL: nu=1.5, lengthscale=2.0, alpha=0.0005
