|   iter    |  target   |     a     |     g     |     s     |
-------------------------------------------------------------
[0.   0.   0.   0.02 0.04 0.05 0.06 0.06 0.08 0.09 0.09 0.1  0.12 0.13
 0.13 0.13 0.13 0.14 0.15 0.17 0.17 0.18 0.19 0.21 0.21 0.23 0.24 0.24
 0.25 0.27 0.28 0.29 0.32 0.32 0.32 0.33 0.33 0.37 0.37 0.37 0.38 0.4
 0.4  0.41 0.42 0.42 0.44 0.47 0.48 0.52 0.56 0.6  0.72 0.79 0.8  0.82
 0.86 0.95 0.99 1.25]
var: 0.07374566666666661
| [0m1        [0m | [0m0.331    [0m | [0m0.2617   [0m | [0m43.03    [0m | [0m1.419    [0m |
[0.   0.03 0.05 0.07 0.12 0.17 0.18 0.2  0.21 0.21 0.22 0.22 0.22 0.22
 0.25 0.26 0.28 0.3  0.34 0.34 0.35 0.37 0.38 0.41 0.42 0.47 0.53 0.53
 0.54 0.56 0.58 0.61 0.62 0.62 0.64 0.65 0.65 0.67 0.67 0.69 0.69 0.74
 0.74 0.76 0.77 0.91 1.03 1.04 1.05 1.11 1.26 1.27 1.32 1.34 1.45 1.51
 1.71 1.89 2.59 2.62]
var: 0.31456541666666665
| [95m2        [0m | [95m0.6775   [0m | [95m0.1809   [0m | [95m11.1     [0m | [95m0.8377   [0m |
[0.   0.   0.   0.01 0.01 0.02 0.02 0.02 0.02 0.02 0.07 0.08 0.08 0.09
 0.11 0.12 0.15 0.16 0.16 0.17 0.17 0.17 0.19 0.21 0.22 0.23 0.28 0.29
 0.31 0.32 0.34 0.35 0.36 0.36 0.37 0.38 0.38 0.39 0.4  0.42 0.43 0.43
 0.44 0.44 0.46 0.48 0.49 0.6  0.61 0.61 0.61 0.7  0.72 0.77 0.81 0.81
 0.85 0.99 1.19 1.84]
var: 0.11053697222222232
| [0m3        [0m | [0m0.3622   [0m | [0m0.2344   [0m | [0m38.82    [0m | [0m2.083    [0m |
[0.2  0.39 0.39 0.46 0.51 0.54 0.59 0.6  0.62 0.64 0.68 0.69 0.72 0.73
 0.75 0.75 0.75 0.84 0.85 0.86 0.87 0.89 0.95 0.97 1.09 1.12 1.14 1.15
 1.15 1.23 1.23 1.29 1.3  1.31 1.31 1.36 1.37 1.42 1.43 1.5  1.51 1.57
 1.58 1.58 1.62 1.7  1.72 1.74 1.75 1.76 1.81 1.82 1.84 1.84 1.87 1.91
 2.08 2.54 2.78 2.97]
var: 0.3414503055555554
| [95m4        [0m | [95m1.244    [0m | [95m0.1126   [0m | [95m25.24    [0m | [95m0.2661   [0m |
[0.   0.01 0.01 0.01 0.01 0.02 0.03 0.05 0.07 0.07 0.08 0.09 0.1  0.11
 0.13 0.14 0.15 0.18 0.19 0.21 0.21 0.23 0.24 0.26 0.27 0.33 0.34 0.36
 0.36 0.45 0.45 0.47 0.48 0.51 0.51 0.55 0.58 0.59 0.59 0.61 0.62 0.63
 0.68 0.7  0.71 0.74 0.78 0.84 0.84 0.85 0.88 0.94 1.   1.06 1.07 1.09
 1.13 1.19 1.28 1.39]
var: 0.14135475000000022
| [0m5        [0m | [0m0.4745   [0m | [0m0.243    [0m | [0m28.14    [0m | [0m0.7454   [0m |
[0.   0.   0.   0.01 0.02 0.03 0.04 0.05 0.06 0.06 0.08 0.08 0.08 0.09
 0.1  0.12 0.14 0.15 0.17 0.17 0.18 0.19 0.21 0.24 0.24 0.26 0.27 0.27
 0.28 0.3  0.31 0.32 0.32 0.35 0.35 0.39 0.39 0.39 0.42 0.43 0.45 0.49
 0.49 0.51 0.52 0.54 0.55 0.56 0.57 0.63 0.65 0.66 0.67 0.75 0.77 0.84
 0.88 0.98 1.   1.01]
var: 0.07494822222222244
| [0m6        [0m | [0m0.3513   [0m | [0m0.1361   [0m | [0m29.54    [0m | [0m1.99     [0m |
[0.01 0.03 0.04 0.05 0.06 0.07 0.07 0.07 0.08 0.11 0.12 0.13 0.2  0.22
 0.23 0.25 0.26 0.29 0.32 0.33 0.36 0.37 0.38 0.4  0.49 0.5  0.52 0.52
 0.53 0.59 0.59 0.61 0.63 0.65 0.67 0.68 0.72 0.72 0.76 0.78 0.79 0.85
 0.98 1.14 1.17 1.18 1.28 1.31 1.35 1.38 1.51 1.61 1.65 1.65 1.76 2.11
 2.25 2.38 2.49 3.01]
var: 0.48635566666666646
| [0m7        [0m | [0m0.771    [0m | [0m0.1378   [0m | [0m19.94    [0m | [0m0.5537   [0m |
[0.   0.   0.   0.02 0.02 0.03 0.05 0.05 0.07 0.07 0.08 0.1  0.1  0.12
 0.19 0.23 0.24 0.25 0.25 0.26 0.28 0.29 0.3  0.3  0.33 0.34 0.35 0.36
 0.38 0.39 0.4  0.4  0.41 0.42 0.42 0.42 0.42 0.44 0.46 0.46 0.46 0.47
 0.49 0.52 0.57 0.58 0.61 0.62 0.64 0.68 0.68 0.69 0.75 0.77 0.87 1.03
 1.11 1.18 1.39 2.2 ]
var: 0.14313941666666652
| [0m8        [0m | [0m0.4335   [0m | [0m0.206    [0m | [0m16.62    [0m | [0m2.969    [0m |
[0.   0.   0.   0.02 0.02 0.02 0.02 0.02 0.03 0.04 0.04 0.04 0.05 0.06
 0.09 0.1  0.12 0.13 0.15 0.16 0.17 0.17 0.27 0.33 0.33 0.36 0.36 0.36
 0.39 0.39 0.41 0.43 0.43 0.44 0.45 0.45 0.47 0.47 0.48 0.49 0.53 0.53
 0.54 0.54 0.55 0.56 0.58 0.6  0.65 0.68 0.71 0.75 0.77 0.79 0.8  0.81
 1.09 1.24 1.46 1.88]
var: 0.13746988888888895
| [0m9        [0m | [0m0.4137   [0m | [0m5.1e-05  [0m | [0m28.54    [0m | [0m2.086    [0m |
[0.   0.   0.   0.01 0.02 0.02 0.03 0.03 0.03 0.03 0.05 0.05 0.05 0.05
 0.06 0.06 0.06 0.07 0.08 0.09 0.09 0.1  0.1  0.11 0.17 0.17 0.18 0.19
 0.19 0.19 0.23 0.23 0.23 0.25 0.25 0.27 0.28 0.3  0.31 0.32 0.35 0.35
 0.39 0.43 0.44 0.44 0.47 0.48 0.48 0.48 0.49 0.49 0.49 0.56 0.56 0.6
 0.68 0.73 0.9  1.48]
var: 0.0699295555555556
| [0m10       [0m | [0m0.2707   [0m | [0m0.1456   [0m | [0m40.86    [0m | [0m2.641    [0m |
[0.03 0.06 0.1  0.27 0.3  0.31 0.31 0.38 0.38 0.41 0.56 0.57 0.58 0.6
 0.6  0.62 0.66 0.66 0.67 0.67 0.67 0.75 0.75 0.76 0.76 0.78 0.78 0.84
 0.84 0.85 0.85 0.86 0.9  0.9  0.92 0.94 0.94 0.95 0.95 0.96 0.97 0.99
 0.99 1.01 1.09 1.13 1.16 1.18 1.2  1.22 1.23 1.27 1.28 1.4  1.42 1.65
 1.74 1.79 1.8  2.03]
var: 0.1800228888888887
| [0m11       [0m | [0m0.8707   [0m | [0m0.2267   [0m | [0m3.039    [0m | [0m0.03649  [0m |
[0.   0.   0.   0.   0.01 0.02 0.04 0.04 0.07 0.07 0.08 0.08 0.08 0.11
 0.14 0.15 0.17 0.17 0.19 0.2  0.2  0.21 0.23 0.23 0.25 0.26 0.26 0.28
 0.29 0.29 0.29 0.31 0.33 0.35 0.4  0.4  0.41 0.41 0.44 0.44 0.44 0.48
 0.49 0.53 0.54 0.55 0.56 0.59 0.59 0.63 0.66 0.67 0.7  0.75 0.79 0.84
 1.29 1.48 1.55 3.33]
var: 0.2524928888888892
| [0m12       [0m | [0m0.4227   [0m | [0m0.292    [0m | [0m27.64    [0m | [0m2.338    [0m |
[0.01 0.01 0.02 0.02 0.06 0.07 0.08 0.08 0.09 0.09 0.09 0.14 0.16 0.19
 0.19 0.19 0.24 0.26 0.26 0.29 0.31 0.32 0.34 0.36 0.38 0.4  0.4  0.41
 0.41 0.42 0.44 0.5  0.51 0.52 0.53 0.53 0.54 0.54 0.55 0.56 0.57 0.57
 0.62 0.64 0.66 0.67 0.67 0.72 0.74 0.75 0.77 0.78 0.87 0.92 1.07 1.07
 1.17 1.27 1.31 1.67]
var: 0.12639655555555576
| [0m13       [0m | [0m0.4837   [0m | [0m0.02363  [0m | [0m12.32    [0m | [0m2.757    [0m |
[0.   0.   0.01 0.03 0.05 0.05 0.06 0.07 0.09 0.09 0.1  0.1  0.13 0.13
 0.13 0.16 0.16 0.17 0.17 0.2  0.21 0.22 0.22 0.24 0.25 0.27 0.29 0.3
 0.32 0.34 0.35 0.35 0.38 0.38 0.4  0.41 0.42 0.45 0.47 0.5  0.51 0.52
 0.61 0.64 0.66 0.66 0.73 0.75 0.75 0.79 0.84 0.85 0.87 0.94 1.07 1.18
 1.18 1.19 1.24 1.41]
var: 0.1295812222222219
| [0m14       [0m | [0m0.4343   [0m | [0m0.04327  [0m | [0m16.1     [0m | [0m2.628    [0m |
[0.01 0.02 0.02 0.03 0.04 0.08 0.1  0.1  0.11 0.12 0.16 0.16 0.19 0.21
 0.22 0.24 0.24 0.29 0.31 0.32 0.33 0.36 0.36 0.38 0.4  0.41 0.42 0.44
 0.44 0.46 0.46 0.52 0.52 0.52 0.53 0.55 0.57 0.57 0.59 0.59 0.6  0.62
 0.66 0.66 0.68 0.71 0.76 0.77 0.8  0.81 0.85 0.89 0.92 0.92 0.95 0.97
 1.07 1.09 1.17 1.57]
var: 0.11013122222222244
| [0m15       [0m | [0m0.4977   [0m | [0m0.1293   [0m | [0m12.98    [0m | [0m2.551    [0m |
[0.01 0.04 0.07 0.15 0.15 0.15 0.18 0.19 0.19 0.21 0.21 0.22 0.24 0.24
 0.25 0.26 0.29 0.3  0.3  0.31 0.31 0.32 0.32 0.36 0.39 0.4  0.4  0.4
 0.41 0.41 0.41 0.42 0.44 0.47 0.47 0.49 0.5  0.5  0.5  0.5  0.53 0.54
 0.54 0.54 0.55 0.57 0.57 0.58 0.59 0.59 0.64 0.85 0.89 1.03 1.12 1.14
 1.29 1.48 1.51 2.22]
var: 0.15219875
| [0m16       [0m | [0m0.5025   [0m | [0m0.04963  [0m | [0m4.041    [0m | [0m2.581    [0m |
[0.   0.01 0.01 0.02 0.04 0.05 0.06 0.07 0.08 0.12 0.13 0.13 0.15 0.17
 0.18 0.19 0.19 0.21 0.22 0.23 0.27 0.28 0.28 0.29 0.31 0.31 0.32 0.35
 0.41 0.41 0.44 0.45 0.47 0.47 0.49 0.51 0.53 0.54 0.55 0.55 0.57 0.59
 0.59 0.61 0.63 0.65 0.7  0.71 0.81 0.84 0.89 1.   1.06 1.13 1.22 1.38
 1.4  1.51 1.52 2.03]
var: 0.19075475000000014
| [0m17       [0m | [0m0.5055   [0m | [0m0.2983   [0m | [0m19.29    [0m | [0m0.6485   [0m |
[0.   0.   0.01 0.02 0.02 0.02 0.02 0.04 0.06 0.07 0.07 0.08 0.11 0.12
 0.15 0.15 0.18 0.2  0.2  0.21 0.22 0.22 0.23 0.23 0.24 0.24 0.26 0.29
 0.29 0.3  0.32 0.35 0.35 0.36 0.37 0.37 0.38 0.38 0.41 0.42 0.43 0.44
 0.45 0.46 0.48 0.5  0.51 0.51 0.52 0.55 0.56 0.57 0.59 0.59 0.6  0.68
 0.83 0.92 0.97 1.21]
var: 0.06423030555555558
| [0m18       [0m | [0m0.3388   [0m | [0m0.1855   [0m | [0m19.46    [0m | [0m2.841    [0m |
[0.06 0.29 0.49 0.54 0.57 0.61 0.62 0.66 0.67 0.73 0.77 0.78 0.79 0.83
 0.84 0.85 0.86 0.9  0.9  0.93 0.97 1.   1.   1.02 1.02 1.05 1.06 1.11
 1.15 1.17 1.18 1.24 1.25 1.26 1.26 1.29 1.3  1.3  1.34 1.35 1.36 1.36
 1.38 1.38 1.45 1.47 1.5  1.52 1.53 1.7  1.72 2.13 2.45 2.6  2.69 2.77
 2.96 3.13 3.51 3.93]
var: 0.5894876388888888
| [95m19       [0m | [95m1.326    [0m | [95m0.03712  [0m | [95m26.46    [0m | [95m0.3086   [0m |
[0.09 0.2  0.27 0.28 0.32 0.38 0.41 0.41 0.43 0.47 0.49 0.57 0.57 0.59
 0.68 0.68 0.68 0.72 0.78 0.82 0.83 0.83 0.84 0.85 0.88 0.89 0.91 0.94
 0.95 1.   1.02 1.05 1.1  1.15 1.27 1.29 1.3  1.34 1.42 1.42 1.44 1.49
 1.51 1.52 1.54 1.55 1.56 1.57 1.67 1.71 1.77 1.83 1.89 2.03 2.62 3.
 3.14 3.14 3.18 3.87]
var: 0.6500909722222212
| [0m20       [0m | [0m1.219    [0m | [0m0.001486 [0m | [0m42.4     [0m | [0m0.7236   [0m |
[0.08 0.09 0.11 0.13 0.15 0.17 0.19 0.22 0.22 0.23 0.27 0.29 0.3  0.3
 0.31 0.33 0.35 0.36 0.39 0.39 0.4  0.4  0.41 0.42 0.43 0.43 0.45 0.45
 0.45 0.46 0.46 0.47 0.48 0.51 0.51 0.52 0.53 0.56 0.56 0.61 0.62 0.63
 0.64 0.66 0.69 0.72 0.73 0.81 0.83 0.84 0.88 0.91 1.02 1.03 1.05 1.06
 1.09 1.26 1.29 1.71]
var: 0.10780122222222235
| [0m21       [0m | [0m0.5477   [0m | [0m0.1524   [0m | [0m4.58     [0m | [0m2.222    [0m |
[0.   0.03 0.03 0.06 0.06 0.06 0.07 0.09 0.12 0.16 0.17 0.18 0.22 0.23
 0.23 0.28 0.3  0.31 0.33 0.34 0.34 0.36 0.37 0.37 0.37 0.38 0.4  0.42
 0.42 0.43 0.45 0.45 0.46 0.47 0.5  0.53 0.54 0.56 0.59 0.6  0.6  0.61
 0.64 0.66 0.69 0.7  0.71 0.71 0.74 0.75 0.76 0.8  1.02 1.24 1.24 1.25
 1.25 1.67 1.71 1.77]
var: 0.1676933333333334
| [0m22       [0m | [0m0.53     [0m | [0m0.2737   [0m | [0m4.02     [0m | [0m0.5156   [0m |
[0.01 0.02 0.03 0.03 0.03 0.05 0.06 0.06 0.06 0.07 0.08 0.08 0.08 0.09
 0.1  0.11 0.11 0.12 0.14 0.15 0.17 0.18 0.19 0.22 0.22 0.22 0.23 0.23
 0.24 0.25 0.25 0.28 0.31 0.32 0.35 0.37 0.39 0.39 0.4  0.4  0.41 0.42
 0.45 0.45 0.46 0.48 0.6  0.6  0.61 0.61 0.63 0.65 0.68 0.79 0.96 0.99
 1.21 1.23 1.34 1.5 ]
var: 0.11887288888888906
| [0m23       [0m | [0m0.3693   [0m | [0m0.2502   [0m | [0m37.43    [0m | [0m1.805    [0m |
[0.03 0.04 0.06 0.08 0.11 0.11 0.12 0.13 0.14 0.16 0.16 0.18 0.18 0.19
 0.22 0.24 0.24 0.3  0.3  0.32 0.32 0.34 0.38 0.39 0.43 0.43 0.44 0.45
 0.47 0.48 0.51 0.52 0.52 0.53 0.55 0.57 0.57 0.59 0.6  0.61 0.61 0.63
 0.64 0.69 0.69 0.72 0.73 0.77 0.78 0.79 0.82 0.86 0.88 0.95 1.12 1.14
 1.15 1.19 1.24 1.26]
var: 0.10614030555555538
| [0m24       [0m | [0m0.5112   [0m | [0m0.05811  [0m | [0m5.106    [0m | [0m2.046    [0m |
[0.   0.   0.03 0.04 0.04 0.05 0.05 0.06 0.08 0.09 0.1  0.1  0.11 0.13
 0.13 0.15 0.15 0.16 0.16 0.16 0.18 0.18 0.22 0.23 0.24 0.25 0.25 0.26
 0.26 0.26 0.28 0.29 0.31 0.31 0.37 0.37 0.37 0.4  0.4  0.43 0.44 0.44
 0.44 0.45 0.47 0.56 0.56 0.57 0.57 0.61 0.61 0.62 0.67 0.69 0.81 0.98
 0.98 1.02 1.07 1.09]
var: 0.07933833333333343
| [0m25       [0m | [0m0.355    [0m | [0m0.2762   [0m | [0m1.862    [0m | [0m2.52     [0m |
[0.   0.01 0.02 0.03 0.03 0.04 0.05 0.05 0.06 0.08 0.08 0.08 0.09 0.09
 0.1  0.12 0.18 0.2  0.23 0.24 0.24 0.27 0.29 0.3  0.3  0.31 0.31 0.33
 0.34 0.36 0.37 0.37 0.41 0.42 0.44 0.46 0.47 0.48 0.48 0.5  0.5  0.51
 0.51 0.51 0.52 0.56 0.56 0.62 0.69 0.74 0.75 0.75 0.85 0.92 0.92 1.
 1.19 1.19 1.29 1.32]
var: 0.11235030555555522
| [0m26       [0m | [0m0.4188   [0m | [0m0.2674   [0m | [0m25.98    [0m | [0m2.03     [0m |
[0.03 0.05 0.07 0.09 0.12 0.13 0.14 0.22 0.23 0.23 0.23 0.24 0.26 0.27
 0.28 0.3  0.31 0.32 0.32 0.41 0.45 0.46 0.47 0.47 0.47 0.53 0.54 0.55
 0.56 0.57 0.61 0.62 0.64 0.66 0.67 0.7  0.72 0.72 0.73 0.73 0.75 0.78
 0.81 0.83 0.86 0.87 0.92 0.92 0.98 1.03 1.05 1.07 1.1  1.11 1.14 1.19
 1.19 1.65 1.88 2.03]
var: 0.1807726666666664
| [0m27       [0m | [0m0.638    [0m | [0m0.05425  [0m | [0m11.71    [0m | [0m0.7292   [0m |
[0.01 0.02 0.05 0.06 0.09 0.12 0.17 0.17 0.21 0.21 0.22 0.26 0.27 0.27
 0.28 0.32 0.35 0.35 0.35 0.36 0.36 0.37 0.38 0.39 0.42 0.42 0.43 0.43
 0.44 0.45 0.46 0.51 0.55 0.55 0.56 0.57 0.57 0.66 0.69 0.69 0.69 0.71
 0.72 0.72 0.72 0.73 0.73 0.74 0.76 0.77 0.77 0.87 0.97 0.98 1.   1.14
 1.17 1.39 1.73 2.5 ]
var: 0.1756876388888889
| [0m28       [0m | [0m0.5642   [0m | [0m0.2611   [0m | [0m9.749    [0m | [0m0.8858   [0m |
[0.   0.02 0.02 0.04 0.05 0.11 0.16 0.21 0.22 0.23 0.24 0.25 0.25 0.27
 0.28 0.28 0.28 0.3  0.32 0.33 0.35 0.35 0.36 0.38 0.38 0.43 0.46 0.46
 0.47 0.47 0.48 0.49 0.5  0.53 0.55 0.57 0.59 0.6  0.63 0.63 0.63 0.63
 0.66 0.67 0.69 0.71 0.72 0.75 0.75 0.76 0.91 0.91 0.92 0.98 1.01 1.1
 1.16 1.24 1.25 1.45]
var: 0.10783733333333338
| [0m29       [0m | [0m0.524    [0m | [0m0.2276   [0m | [0m11.93    [0m | [0m1.858    [0m |
[0.02 0.02 0.06 0.06 0.07 0.09 0.12 0.14 0.17 0.22 0.24 0.26 0.28 0.28
 0.29 0.29 0.32 0.35 0.37 0.37 0.38 0.4  0.41 0.41 0.42 0.44 0.46 0.46
 0.48 0.48 0.48 0.5  0.57 0.58 0.61 0.67 0.67 0.69 0.69 0.74 0.76 0.77
 0.77 0.79 0.79 0.8  0.82 0.83 0.84 0.92 0.95 1.02 1.03 1.03 1.04 1.07
 1.22 1.26 1.56 1.96]
var: 0.1487016388888888
| [0m30       [0m | [0m0.5798   [0m | [0m0.1431   [0m | [0m7.825    [0m | [0m2.31     [0m |
[0.   0.03 0.06 0.09 0.11 0.15 0.15 0.16 0.19 0.2  0.2  0.21 0.23 0.23
 0.25 0.29 0.3  0.32 0.33 0.33 0.38 0.43 0.43 0.45 0.46 0.46 0.46 0.47
 0.48 0.52 0.52 0.55 0.55 0.55 0.55 0.57 0.57 0.6  0.6  0.6  0.6  0.63
 0.66 0.67 0.67 0.69 0.7  0.72 0.73 0.82 0.82 0.84 0.95 0.98 1.09 1.2
 1.27 1.28 1.88 2.66]
var: 0.192828305555556
| [0m31       [0m | [0m0.5648   [0m | [0m0.2399   [0m | [0m7.161    [0m | [0m0.6559   [0m |
[0.11 0.27 0.32 0.38 0.43 0.46 0.48 0.48 0.5  0.51 0.51 0.53 0.54 0.56
 0.58 0.59 0.62 0.63 0.64 0.64 0.68 0.73 0.74 0.75 0.75 0.75 0.77 0.8
 0.8  0.82 0.85 0.86 0.9  0.91 0.96 0.97 1.02 1.02 1.04 1.05 1.09 1.1
 1.15 1.21 1.26 1.27 1.27 1.27 1.28 1.31 1.56 1.58 1.65 1.69 1.78 1.85
 1.9  1.96 2.12 2.66]
var: 0.25545830555555543
| [0m32       [0m | [0m0.9652   [0m | [0m0.2626   [0m | [0m21.67    [0m | [0m0.2903   [0m |
[0.03 0.03 0.06 0.08 0.08 0.08 0.11 0.13 0.14 0.15 0.16 0.25 0.27 0.29
 0.3  0.33 0.34 0.36 0.36 0.39 0.39 0.39 0.41 0.41 0.42 0.42 0.43 0.44
 0.45 0.47 0.48 0.48 0.48 0.53 0.54 0.55 0.56 0.56 0.58 0.59 0.61 0.66
 0.66 0.67 0.69 0.73 0.74 0.76 0.77 0.83 0.86 0.89 1.02 1.05 1.06 1.27
 1.38 1.5  1.63 1.71]
var: 0.14722163888888914
| [0m33       [0m | [0m0.5502   [0m | [0m0.04891  [0m | [0m24.9     [0m | [0m1.478    [0m |
[0.   0.   0.   0.   0.02 0.02 0.04 0.05 0.05 0.07 0.07 0.08 0.09 0.09
 0.09 0.11 0.11 0.11 0.12 0.12 0.13 0.13 0.13 0.16 0.17 0.18 0.18 0.2
 0.21 0.23 0.23 0.26 0.26 0.3  0.3  0.32 0.32 0.32 0.34 0.34 0.35 0.36
 0.39 0.39 0.4  0.42 0.42 0.46 0.48 0.48 0.5  0.5  0.52 0.6  0.62 0.64
 0.66 0.71 1.15 1.21]
var: 0.06303830555555548
| [0m34       [0m | [0m0.2868   [0m | [0m0.08995  [0m | [0m23.88    [0m | [0m2.98     [0m |
[0.   0.02 0.02 0.04 0.06 0.06 0.07 0.09 0.1  0.11 0.18 0.2  0.21 0.24
 0.32 0.33 0.34 0.34 0.35 0.37 0.37 0.39 0.39 0.4  0.41 0.42 0.43 0.43
 0.43 0.46 0.47 0.49 0.5  0.5  0.51 0.53 0.55 0.56 0.56 0.62 0.62 0.62
 0.64 0.65 0.69 0.71 0.74 0.84 0.91 0.94 1.02 1.04 1.09 1.11 1.13 1.25
 1.35 1.42 1.66 1.92]
var: 0.17107322222222235
| [0m35       [0m | [0m0.5537   [0m | [0m0.2516   [0m | [0m10.27    [0m | [0m1.249    [0m |
[0.   0.   0.01 0.02 0.02 0.04 0.05 0.05 0.05 0.08 0.08 0.08 0.09 0.09
 0.11 0.11 0.12 0.15 0.15 0.15 0.16 0.19 0.2  0.21 0.22 0.22 0.23 0.24
 0.24 0.27 0.3  0.32 0.33 0.36 0.36 0.37 0.42 0.42 0.44 0.44 0.45 0.45
 0.46 0.49 0.5  0.5  0.52 0.52 0.53 0.54 0.55 0.55 0.59 0.6  0.63 0.67
 0.74 0.79 1.2  1.29]
var: 0.07228622222222235
| [0m36       [0m | [0m0.3327   [0m | [0m0.2952   [0m | [0m40.68    [0m | [0m2.056    [0m |
[0.   0.01 0.03 0.04 0.05 0.06 0.06 0.06 0.07 0.12 0.13 0.14 0.16 0.16
 0.16 0.19 0.22 0.23 0.24 0.24 0.24 0.31 0.34 0.37 0.41 0.42 0.42 0.43
 0.43 0.47 0.49 0.5  0.51 0.51 0.51 0.53 0.56 0.57 0.57 0.6  0.62 0.65
 0.66 0.66 0.69 0.69 0.69 0.72 0.72 0.73 0.75 0.76 0.78 0.79 0.8  0.84
 0.85 1.04 1.15 1.16]
var: 0.08715830555555538
| [0m37       [0m | [0m0.4552   [0m | [0m0.2492   [0m | [0m10.98    [0m | [0m2.749    [0m |
[0.01 0.02 0.07 0.08 0.08 0.09 0.12 0.13 0.16 0.17 0.17 0.18 0.26 0.31
 0.32 0.33 0.33 0.37 0.41 0.44 0.45 0.45 0.54 0.56 0.57 0.58 0.59 0.59
 0.59 0.6  0.64 0.65 0.65 0.66 0.67 0.68 0.69 0.69 0.69 0.72 0.77 0.79
 0.79 0.8  0.84 0.85 0.87 0.91 0.95 0.96 0.97 1.09 1.09 1.12 1.2  1.31
 1.41 1.44 1.73 2.6 ]
var: 0.20916222222222258
| [0m38       [0m | [0m0.6467   [0m | [0m0.1416   [0m | [0m14.47    [0m | [0m1.765    [0m |
[0.   0.01 0.02 0.05 0.05 0.08 0.08 0.1  0.1  0.1  0.11 0.12 0.16 0.17
 0.18 0.22 0.23 0.27 0.32 0.33 0.33 0.34 0.35 0.37 0.37 0.37 0.4  0.43
 0.44 0.46 0.46 0.49 0.5  0.51 0.52 0.52 0.55 0.61 0.62 0.66 0.66 0.66
 0.69 0.69 0.71 0.82 0.83 0.83 0.85 0.88 0.88 0.89 0.9  0.95 1.14 1.18
 1.23 1.25 1.32 2.24]
var: 0.16817555555555572
| [0m39       [0m | [0m0.5267   [0m | [0m0.2032   [0m | [0m19.56    [0m | [0m1.392    [0m |
[0.01 0.07 0.07 0.11 0.12 0.17 0.23 0.25 0.25 0.26 0.26 0.26 0.31 0.31
 0.37 0.38 0.39 0.45 0.48 0.51 0.53 0.53 0.54 0.58 0.59 0.59 0.6  0.6
 0.6  0.62 0.63 0.7  0.71 0.74 0.79 0.79 0.82 0.82 0.84 0.85 0.86 0.86
 0.89 0.9  0.95 1.01 1.04 1.04 1.08 1.12 1.13 1.2  1.23 1.32 1.37 1.39
 1.45 1.48 1.58 1.79]
var: 0.17410433333333344
| [0m40       [0m | [0m0.707    [0m | [0m0.1878   [0m | [0m25.65    [0m | [0m0.4027   [0m |
[0.25 0.45 0.45 0.47 0.55 0.62 0.63 0.68 0.8  0.81 0.84 0.89 1.01 1.02
 1.02 1.04 1.04 1.07 1.13 1.17 1.2  1.21 1.21 1.27 1.31 1.33 1.34 1.39
 1.4  1.44 1.53 1.56 1.61 1.62 1.71 1.81 1.82 1.89 1.9  1.91 1.91 1.94
 1.99 1.99 2.   2.03 2.05 2.07 2.1  2.13 2.14 2.14 2.39 2.46 2.46 2.47
 2.62 2.92 3.13 3.26]
var: 0.4751588888888885
| [95m41       [0m | [95m1.543    [0m | [95m0.01864  [0m | [95m26.47    [0m | [95m0.3638   [0m |
[0.03 0.07 0.08 0.09 0.23 0.37 0.4  0.44 0.45 0.49 0.51 0.52 0.53 0.53
 0.53 0.54 0.55 0.56 0.58 0.6  0.62 0.62 0.63 0.64 0.7  0.73 0.74 0.76
 0.76 0.78 0.8  0.82 0.83 0.92 0.97 0.97 1.06 1.07 1.1  1.11 1.14 1.16
 1.16 1.18 1.22 1.24 1.31 1.34 1.35 1.4  1.41 1.48 1.51 1.57 1.58 1.84
 1.99 2.62 2.83 3.41]
var: 0.40428030555555555
| [0m42       [0m | [0m0.9578   [0m | [0m0.08014  [0m | [0m26.49    [0m | [0m0.4507   [0m |
[0.06 0.07 0.12 0.21 0.23 0.49 0.58 0.62 0.65 0.68 0.68 0.69 0.71 0.71
 0.72 0.76 0.77 0.83 0.84 0.9  0.92 0.93 0.94 0.94 0.95 1.   1.01 1.01
 1.09 1.12 1.15 1.17 1.18 1.21 1.21 1.23 1.25 1.26 1.27 1.29 1.29 1.3
 1.32 1.35 1.4  1.42 1.5  1.67 1.72 1.87 1.94 1.98 2.02 2.03 2.03 2.08
 2.09 2.46 3.28 3.66]
var: 0.4642178888888895
| [0m43       [0m | [0m1.198    [0m | [0m0.07865  [0m | [0m26.36    [0m | [0m0.3412   [0m |
[0.   0.01 0.02 0.03 0.05 0.05 0.06 0.07 0.08 0.09 0.09 0.1  0.1  0.11
 0.11 0.12 0.12 0.14 0.14 0.14 0.15 0.23 0.23 0.25 0.27 0.27 0.29 0.32
 0.33 0.36 0.39 0.4  0.4  0.41 0.42 0.44 0.46 0.48 0.49 0.5  0.51 0.51
 0.53 0.54 0.6  0.62 0.64 0.65 0.69 0.71 0.76 0.76 0.84 0.98 1.1  1.12
 1.16 1.87 1.92 2.03]
var: 0.20121455555555537
| [0m44       [0m | [0m0.4543   [0m | [0m0.1094   [0m | [0m21.02    [0m | [0m2.209    [0m |
[0.   0.05 0.1  0.11 0.26 0.35 0.4  0.43 0.44 0.45 0.46 0.47 0.48 0.64
 0.69 0.71 0.73 0.77 0.77 0.8  0.86 0.88 0.88 0.91 0.96 0.97 1.07 1.11
 1.13 1.13 1.19 1.2  1.45 1.47 1.62 1.63 1.68 1.71 1.76 1.8  1.87 1.96
 1.97 2.06 2.21 2.22 2.42 2.42 2.48 2.67 2.73 2.76 2.98 3.01 3.57 3.66
 4.34 4.54 5.4  5.71]
var: 1.6398005555555553
| [95m45       [0m | [95m1.592    [0m | [95m1e-08    [0m | [95m26.42    [0m | [95m0.3743   [0m |
[0.01 0.01 0.04 0.04 0.06 0.07 0.07 0.07 0.08 0.09 0.11 0.11 0.12 0.13
 0.15 0.17 0.17 0.18 0.2  0.26 0.26 0.26 0.28 0.28 0.28 0.29 0.29 0.3
 0.3  0.31 0.34 0.35 0.36 0.37 0.39 0.41 0.51 0.53 0.54 0.55 0.56 0.56
 0.56 0.57 0.59 0.61 0.62 0.64 0.65 0.68 0.68 0.71 0.72 0.89 0.91 0.91
 0.96 1.   1.   1.29]
var: 0.08844875000000015
| [0m46       [0m | [0m0.4075   [0m | [0m0.1288   [0m | [0m27.09    [0m | [0m2.048    [0m |
[0.03 0.12 0.17 0.19 0.25 0.29 0.4  0.43 0.46 0.49 0.56 0.57 0.61 0.63
 0.65 0.66 0.77 0.82 0.84 0.85 0.89 1.04 1.1  1.11 1.14 1.14 1.21 1.43
 1.46 1.48 1.54 1.6  1.61 1.64 1.66 1.71 1.81 2.03 2.03 2.04 2.16 2.17
 2.17 2.19 2.27 2.27 2.34 2.35 2.39 2.62 2.68 2.83 2.83 2.92 2.97 3.37
 3.64 4.93 4.94 5.08]
var: 1.379380999999999
| [95m47       [0m | [95m1.643    [0m | [95m1e-08    [0m | [95m26.38    [0m | [95m0.4325   [0m |
[0.   0.04 0.07 0.09 0.13 0.14 0.17 0.21 0.24 0.28 0.28 0.28 0.29 0.3
 0.3  0.36 0.37 0.4  0.48 0.49 0.52 0.52 0.53 0.55 0.56 0.6  0.71 0.77
 0.88 0.94 0.94 0.96 1.01 1.02 1.04 1.04 1.08 1.1  1.14 1.15 1.16 1.21
 1.29 1.37 1.39 1.39 1.45 1.46 1.53 1.62 1.81 1.88 1.88 1.89 1.92 2.17
 2.21 2.24 2.59 4.56]
var: 0.6378588888888891
| [0m48       [0m | [0m0.9833   [0m | [0m0.05833  [0m | [0m26.37    [0m | [0m0.5084   [0m |
[0.02 0.05 0.12 0.13 0.15 0.19 0.21 0.34 0.36 0.4  0.4  0.41 0.45 0.46
 0.53 0.53 0.54 0.55 0.55 0.55 0.57 0.57 0.6  0.62 0.63 0.65 0.67 0.71
 0.73 0.73 0.74 0.74 0.74 0.76 0.84 0.84 0.93 0.94 0.94 0.94 0.96 0.97
 1.02 1.08 1.12 1.15 1.17 1.23 1.23 1.27 1.35 1.35 1.41 1.42 1.43 1.51
 1.65 1.75 1.79 2.08]
var: 0.2121136388888886
| [0m49       [0m | [0m0.8128   [0m | [0m0.203    [0m | [0m25.23    [0m | [0m0.3612   [0m |
[0.   0.02 0.04 0.06 0.07 0.08 0.11 0.15 0.15 0.22 0.23 0.28 0.29 0.29
 0.3  0.31 0.33 0.33 0.33 0.34 0.4  0.41 0.43 0.44 0.44 0.46 0.47 0.47
 0.47 0.48 0.48 0.48 0.5  0.53 0.56 0.56 0.57 0.57 0.57 0.63 0.63 0.64
 0.64 0.65 0.7  0.71 0.73 0.77 0.8  0.84 0.92 0.93 0.99 0.99 1.05 1.19
 1.24 1.3  1.35 2.1 ]
var: 0.14379988888888928
| [0m50       [0m | [0m0.5503   [0m | [0m0.01313  [0m | [0m2.733    [0m | [0m1.914    [0m |
[0.04 0.04 0.09 0.09 0.1  0.12 0.12 0.17 0.18 0.18 0.2  0.2  0.27 0.29
 0.31 0.32 0.35 0.38 0.4  0.43 0.43 0.44 0.45 0.45 0.46 0.46 0.46 0.48
 0.49 0.49 0.5  0.51 0.53 0.53 0.54 0.54 0.55 0.57 0.58 0.59 0.6  0.61
 0.63 0.64 0.64 0.65 0.67 0.69 0.71 0.72 0.75 0.78 0.83 0.84 0.85 0.89
 1.01 1.09 1.32 1.36]
var: 0.0812883055555555
| [0m51       [0m | [0m0.5102   [0m | [0m0.114    [0m | [0m2.895    [0m | [0m1.193    [0m |
[0.02 0.33 0.46 0.5  0.51 0.55 0.6  0.7  0.73 0.94 0.97 1.09 1.12 1.15
 1.16 1.17 1.19 1.21 1.22 1.23 1.3  1.34 1.37 1.37 1.42 1.52 1.56 1.61
 1.62 1.69 1.71 1.74 1.77 1.8  1.83 1.84 1.86 1.87 1.95 1.98 2.05 2.11
 2.16 2.19 2.19 2.45 2.47 2.73 2.77 2.9  2.91 2.93 3.14 3.28 3.29 3.63
 3.79 4.07 4.55 5.9 ]
var: 1.1989427499999998
| [95m52       [0m | [95m1.859    [0m | [95m0.009909 [0m | [95m26.53    [0m | [95m0.3204   [0m |
[0.   0.03 0.03 0.04 0.05 0.05 0.05 0.07 0.09 0.1  0.12 0.14 0.16 0.17
 0.17 0.19 0.19 0.19 0.2  0.21 0.22 0.22 0.23 0.25 0.25 0.26 0.26 0.29
 0.32 0.34 0.35 0.37 0.39 0.39 0.42 0.48 0.54 0.55 0.56 0.57 0.59 0.61
 0.62 0.64 0.66 0.67 0.67 0.67 0.68 0.73 0.77 0.78 0.83 0.84 0.87 0.92
 1.12 1.25 1.31 1.97]
var: 0.13788497222222207
| [0m53       [0m | [0m0.4452   [0m | [0m0.2972   [0m | [0m2.636    [0m | [0m0.7891   [0m |
[0.05 0.25 0.3  0.32 0.35 0.43 0.46 0.47 0.48 0.52 0.54 0.57 0.6  0.6
 0.61 0.65 0.65 0.65 0.66 0.68 0.69 0.7  0.7  0.72 0.76 0.81 0.85 0.86
 0.88 0.89 0.91 0.93 0.95 0.96 0.96 0.97 0.99 1.   1.07 1.14 1.19 1.23
 1.23 1.26 1.27 1.28 1.29 1.31 1.31 1.4  1.43 1.53 1.67 1.69 1.79 1.85
 1.93 1.94 2.44 2.58]
var: 0.2682588888888882
| [0m54       [0m | [0m0.9867   [0m | [0m0.1622   [0m | [0m26.65    [0m | [0m0.3226   [0m |
[0.02 0.04 0.09 0.1  0.11 0.12 0.18 0.19 0.19 0.23 0.23 0.23 0.25 0.26
 0.26 0.27 0.27 0.29 0.3  0.3  0.31 0.32 0.35 0.35 0.35 0.36 0.36 0.37
 0.38 0.39 0.39 0.4  0.41 0.42 0.45 0.48 0.48 0.48 0.49 0.5  0.5  0.52
 0.52 0.52 0.55 0.55 0.57 0.58 0.6  0.6  0.62 0.64 0.64 0.66 0.68 0.74
 0.77 0.78 1.07 1.39]
var: 0.05632475000000006
| [0m55       [0m | [0m0.4245   [0m | [0m0.06775  [0m | [0m16.5     [0m | [0m2.597    [0m |
[0.   0.03 0.06 0.06 0.06 0.11 0.11 0.13 0.13 0.14 0.18 0.2  0.23 0.23
 0.26 0.27 0.3  0.31 0.32 0.4  0.43 0.47 0.48 0.51 0.52 0.52 0.54 0.57
 0.59 0.61 0.62 0.66 0.73 0.73 0.73 0.78 0.8  0.82 0.85 0.95 0.95 0.97
 0.98 1.01 1.12 1.18 1.19 1.28 1.32 1.52 1.55 1.55 1.6  1.65 1.83 1.87
 1.91 2.1  2.48 3.07]
var: 0.4337403055555555
| [0m56       [0m | [0m0.7928   [0m | [0m0.007275 [0m | [0m37.67    [0m | [0m0.8678   [0m |
[0.   0.05 0.06 0.06 0.06 0.11 0.15 0.15 0.16 0.17 0.18 0.2  0.24 0.25
 0.26 0.28 0.3  0.33 0.34 0.37 0.4  0.41 0.41 0.42 0.43 0.44 0.48 0.49
 0.53 0.54 0.55 0.56 0.57 0.57 0.58 0.59 0.59 0.6  0.63 0.65 0.72 0.75
 0.79 0.8  0.91 0.92 1.08 1.18 1.2  1.28 1.37 1.59 1.66 1.7  1.81 1.9
 2.35 2.54 3.14 4.46]
var: 0.6510316388888887
| [0m57       [0m | [0m0.7718   [0m | [0m0.003781 [0m | [0m46.39    [0m | [0m1.008    [0m |
[0.   0.   0.   0.   0.02 0.02 0.02 0.03 0.03 0.04 0.05 0.05 0.08 0.09
 0.09 0.1  0.12 0.13 0.14 0.16 0.17 0.19 0.2  0.24 0.25 0.25 0.26 0.3
 0.31 0.31 0.31 0.34 0.35 0.36 0.37 0.37 0.38 0.38 0.39 0.4  0.4  0.4
 0.41 0.46 0.49 0.49 0.51 0.53 0.57 0.57 0.6  0.6  0.63 0.67 0.71 0.89
 0.92 0.97 1.04 3.26]
var: 0.20743655555555512
| [0m58       [0m | [0m0.3737   [0m | [0m0.08984  [0m | [0m33.04    [0m | [0m1.903    [0m |
[0.   0.   0.   0.   0.   0.01 0.02 0.03 0.05 0.05 0.05 0.06 0.06 0.07
 0.07 0.07 0.1  0.11 0.11 0.11 0.11 0.12 0.13 0.13 0.18 0.18 0.21 0.21
 0.22 0.23 0.24 0.25 0.27 0.29 0.31 0.31 0.31 0.31 0.32 0.35 0.35 0.35
 0.38 0.39 0.41 0.42 0.42 0.44 0.45 0.46 0.46 0.49 0.51 0.51 0.51 0.52
 0.65 0.78 0.98 1.43]
var: 0.06527066666666667
| [0m59       [0m | [0m0.276    [0m | [0m0.1054   [0m | [0m34.91    [0m | [0m2.395    [0m |
[0.   0.01 0.03 0.05 0.14 0.16 0.25 0.28 0.32 0.33 0.35 0.38 0.42 0.45
 0.45 0.46 0.52 0.52 0.53 0.54 0.59 0.61 0.62 0.66 0.67 0.68 0.68 0.78
 0.79 0.84 0.92 0.97 0.98 1.01 1.18 1.26 1.57 1.67 1.69 1.77 1.79 1.85
 1.86 1.88 1.88 1.93 1.93 1.95 1.95 1.96 2.43 2.44 2.57 2.67 3.07 3.08
 3.67 4.06 4.72 6.21]
var: 1.5003336388888884
| [0m60       [0m | [0m1.334    [0m | [0m1e-08    [0m | [0m26.59    [0m | [0m0.328    [0m |
[0.15 0.18 0.5  0.53 0.55 0.56 0.6  0.6  0.61 0.66 0.7  0.72 0.73 0.75
 0.77 0.78 0.78 0.79 0.8  0.82 0.82 0.97 1.   1.   1.06 1.07 1.1  1.13
 1.14 1.17 1.17 1.22 1.22 1.34 1.35 1.37 1.41 1.45 1.46 1.47 1.48 1.53
 1.61 1.64 1.68 1.72 1.81 1.82 1.83 1.84 1.89 1.9  1.91 1.97 1.97 2.01
 2.14 2.59 2.84 3.51]
var: 0.40523830555555523
| [0m61       [0m | [0m1.27     [0m | [0m0.1658   [0m | [0m25.31    [0m | [0m0.1842   [0m |
[0.49 0.49 0.49 0.51 0.52 0.53 0.53 0.54 0.54 0.55 0.56 0.57 0.57 0.59
 0.6  0.63 0.64 0.72 0.78 0.8  0.81 0.81 0.83 0.84 0.85 0.93 0.99 1.
 1.03 1.08 1.09 1.09 1.1  1.13 1.13 1.15 1.15 1.15 1.16 1.19 1.38 1.52
 1.53 1.55 1.68 1.69 1.79 1.81 1.85 1.85 1.85 1.86 1.95 1.96 1.96 1.97
 2.34 2.43 2.82 3.33]
var: 0.4044259999999996
| [0m62       [0m | [0m1.188    [0m | [0m0.2092   [0m | [0m25.23    [0m | [0m0.1316   [0m |
[0.   0.02 0.04 0.04 0.05 0.07 0.08 0.08 0.09 0.11 0.12 0.13 0.19 0.2
 0.23 0.28 0.29 0.32 0.37 0.37 0.37 0.39 0.41 0.45 0.45 0.46 0.46 0.47
 0.53 0.54 0.55 0.56 0.6  0.61 0.62 0.63 0.69 0.75 0.76 0.79 0.86 0.87
 0.89 0.93 0.95 0.96 1.12 1.23 1.23 1.24 1.27 1.3  1.31 1.32 1.34 1.4
 1.5  1.59 1.89 1.91]
var: 0.2464482222222227
| [0m63       [0m | [0m0.6547   [0m | [0m0.08095  [0m | [0m37.63    [0m | [0m0.6034   [0m |
[0.02 0.03 0.04 0.14 0.15 0.15 0.24 0.31 0.31 0.35 0.38 0.38 0.42 0.43
 0.48 0.53 0.54 0.55 0.58 0.62 0.62 0.71 0.73 0.74 0.8  0.85 0.92 0.93
 0.93 0.99 1.   1.02 1.05 1.07 1.16 1.19 1.22 1.29 1.33 1.34 1.37 1.49
 1.52 1.56 1.57 1.65 1.69 1.95 2.14 2.22 2.29 2.33 2.4  2.52 2.73 2.84
 3.57 4.22 4.53 7.47]
var: 1.5996066666666657
| [0m64       [0m | [0m1.31     [0m | [0m1e-08    [0m | [0m26.33    [0m | [0m0.3914   [0m |
[0.   0.   0.01 0.04 0.05 0.05 0.06 0.08 0.09 0.12 0.14 0.14 0.14 0.18
 0.19 0.2  0.21 0.21 0.22 0.22 0.22 0.23 0.24 0.25 0.27 0.28 0.3  0.3
 0.31 0.33 0.34 0.34 0.36 0.38 0.41 0.41 0.41 0.42 0.42 0.43 0.45 0.47
 0.51 0.53 0.57 0.59 0.61 0.64 0.69 0.7  0.77 0.81 0.82 0.89 1.02 1.02
 1.03 1.17 1.43 1.74]
var: 0.1262445555555557
| [0m65       [0m | [0m0.4243   [0m | [0m0.2981   [0m | [0m46.45    [0m | [0m0.9965   [0m |
[0.55 0.66 0.66 0.67 0.68 0.76 0.87 1.01 1.06 1.07 1.08 1.09 1.09 1.11
 1.17 1.17 1.2  1.21 1.22 1.27 1.28 1.28 1.3  1.39 1.41 1.41 1.43 1.45
 1.47 1.59 1.6  1.66 1.68 1.69 1.69 1.69 1.71 1.72 1.77 1.84 1.88 1.88
 1.94 2.07 2.28 2.3  2.33 2.33 2.34 2.36 2.4  2.44 2.52 2.58 2.61 2.79
 3.23 3.61 3.89 3.95]
var: 0.5890194166666662
| [0m66       [0m | [0m1.707    [0m | [0m0.06895  [0m | [0m25.21    [0m | [0m0.1601   [0m |
[0.02 0.05 0.05 0.06 0.11 0.12 0.15 0.16 0.17 0.2  0.2  0.27 0.33 0.33
 0.39 0.41 0.42 0.45 0.67 0.68 0.69 0.72 0.74 0.78 0.8  0.89 0.89 0.93
 1.   1.14 1.17 1.2  1.22 1.22 1.24 1.24 1.28 1.33 1.41 1.56 1.63 1.64
 1.67 1.79 1.94 1.97 2.01 2.04 2.28 2.38 2.39 2.59 2.64 2.72 3.12 4.52
 4.77 5.37 5.71 6.6 ]
var: 2.074340305555555
| [0m67       [0m | [0m1.441    [0m | [0m1e-08    [0m | [0m26.53    [0m | [0m0.267    [0m |
[0.27 0.36 0.51 0.55 0.59 0.61 0.61 0.62 0.62 0.68 0.68 0.71 0.85 0.93
 1.18 1.21 1.25 1.26 1.27 1.3  1.34 1.34 1.43 1.46 1.49 1.51 1.66 1.79
 1.92 1.93 1.95 2.01 2.02 2.06 2.07 2.09 2.11 2.2  2.21 2.23 2.28 2.33
 2.37 2.42 2.43 2.44 2.48 2.49 2.53 2.53 2.62 2.66 2.89 2.89 2.95 2.96
 2.98 4.36 4.48 5.03]
var: 0.994843333333334
| [0m68       [0m | [0m1.85     [0m | [0m0.08737  [0m | [0m25.14    [0m | [0m0.04858  [0m |
[0.14 0.44 0.44 0.54 0.61 0.64 0.65 0.67 0.72 0.75 0.83 0.9  0.9  1.03
 1.06 1.1  1.23 1.23 1.25 1.31 1.33 1.35 1.39 1.46 1.48 1.52 1.55 1.62
 1.7  1.76 1.77 1.84 1.85 1.86 1.87 2.02 2.02 2.04 2.09 2.12 2.25 2.26
 2.32 2.33 2.35 2.59 2.63 2.69 2.77 2.84 2.89 3.   3.03 3.12 3.72 3.94
 4.2  4.87 4.97 4.98]
var: 1.2753103055555557
| [95m69       [0m | [95m1.914    [0m | [95m0.03847  [0m | [95m25.24    [0m | [95m0.08167  [0m |
[0.05 0.14 0.43 0.45 0.51 0.54 0.59 0.61 0.63 0.66 0.67 0.69 0.72 0.72
 0.75 0.81 0.88 0.91 0.93 0.94 0.96 0.96 0.98 0.99 1.01 1.02 1.06 1.13
 1.18 1.2  1.24 1.26 1.27 1.28 1.32 1.32 1.33 1.33 1.33 1.33 1.34 1.42
 1.52 1.52 1.54 1.58 1.76 1.78 1.86 1.89 1.92 1.93 1.97 2.12 2.18 2.5
 2.62 2.64 2.87 3.05]
var: 0.419975666666666
| [0m70       [0m | [0m1.269    [0m | [0m0.02068  [0m | [0m25.08    [0m | [0m0.01742  [0m |
[0.49 0.5  0.51 0.54 0.56 0.59 0.63 0.64 0.64 0.65 0.7  0.72 0.83 0.87
 0.87 0.9  0.9  0.92 0.99 0.99 1.02 1.02 1.03 1.11 1.11 1.13 1.15 1.16
 1.18 1.19 1.21 1.3  1.31 1.35 1.36 1.41 1.47 1.51 1.51 1.54 1.6  1.62
 1.65 1.68 1.69 1.7  1.71 1.72 1.79 1.81 1.83 1.94 1.95 1.97 2.04 2.11
 2.35 2.36 2.76 3.07]
var: 0.3282712222222218
| [0m71       [0m | [0m1.314    [0m | [0m0.1512   [0m | [0m25.1     [0m | [0m0.1527   [0m |
[0.44 0.56 0.57 0.62 0.82 0.84 0.99 1.09 1.16 1.16 1.19 1.2  1.2  1.21
 1.21 1.22 1.24 1.31 1.36 1.38 1.39 1.42 1.49 1.5  1.58 1.6  1.64 1.68
 1.7  1.74 1.75 1.75 1.76 1.77 1.78 1.78 1.79 1.82 1.84 1.86 1.87 1.88
 1.9  1.91 1.92 1.99 2.05 2.13 2.14 2.14 2.33 2.43 2.53 2.61 2.62 2.73
 2.91 3.1  3.44 3.56]
var: 0.43284666666666666
| [0m72       [0m | [0m1.71     [0m | [0m0.08142  [0m | [0m25.3     [0m | [0m0.08775  [0m |
[0.03 0.08 0.1  0.1  0.1  0.14 0.15 0.2  0.21 0.24 0.25 0.25 0.29 0.29
 0.34 0.34 0.41 0.41 0.44 0.49 0.5  0.52 0.56 0.57 0.57 0.59 0.59 0.6
 0.67 0.69 0.71 0.71 0.87 0.9  0.9  0.91 0.95 0.97 0.97 0.97 0.98 0.99
 1.   1.03 1.04 1.04 1.06 1.08 1.08 1.15 1.17 1.18 1.24 1.29 1.3  1.42
 1.62 1.92 1.96 2.53]
var: 0.25562899999999983
| [0m73       [0m | [0m0.761    [0m | [0m0.2419   [0m | [0m15.26    [0m | [0m0.4127   [0m |
[0.08 0.17 0.18 0.39 0.4  0.66 0.69 0.74 0.77 0.79 0.79 0.8  0.82 0.86
 0.87 0.9  0.9  0.91 0.92 0.93 0.95 0.98 1.01 1.02 1.03 1.1  1.1  1.11
 1.12 1.16 1.19 1.21 1.23 1.24 1.24 1.24 1.25 1.27 1.28 1.29 1.29 1.3
 1.33 1.35 1.36 1.41 1.45 1.51 1.56 1.57 1.57 1.59 1.6  1.62 1.69 1.75
 1.81 2.   2.37 2.45]
var: 0.21138363888888898
| [0m74       [0m | [0m1.153    [0m | [0m0.2204   [0m | [0m25.09    [0m | [0m0.0296   [0m |
[0.18 0.24 0.27 0.39 0.41 0.51 0.56 0.57 0.63 0.71 0.74 0.74 0.74 0.8
 0.86 0.9  0.91 0.92 0.92 0.94 0.97 0.98 1.01 1.04 1.04 1.06 1.07 1.09
 1.15 1.16 1.17 1.17 1.19 1.2  1.23 1.28 1.3  1.31 1.34 1.35 1.36 1.39
 1.4  1.44 1.44 1.51 1.53 1.6  1.62 1.63 1.66 1.74 1.85 1.89 1.89 2.
 2.03 2.03 2.03 2.72]
var: 0.25654830555555524
| [0m75       [0m | [0m1.18     [0m | [0m0.03829  [0m | [0m25.23    [0m | [0m0.02383  [0m |
[0.09 0.13 0.13 0.14 0.14 0.14 0.16 0.24 0.25 0.27 0.27 0.32 0.32 0.38
 0.41 0.41 0.45 0.45 0.46 0.49 0.49 0.5  0.52 0.54 0.58 0.58 0.59 0.59
 0.6  0.6  0.61 0.64 0.66 0.7  0.7  0.75 0.75 0.78 0.83 1.06 1.1  1.12
 1.16 1.17 1.22 1.25 1.26 1.3  1.32 1.32 1.38 1.4  1.47 2.04 2.18 2.38
 2.41 2.5  3.05 3.08]
var: 0.5124114166666662
| [0m76       [0m | [0m0.8805   [0m | [0m0.04596  [0m | [0m28.12    [0m | [0m0.6932   [0m |
[0.53 0.56 0.6  0.61 0.62 0.63 0.63 0.7  0.72 0.73 0.86 0.86 0.9  0.9
 0.95 0.98 0.99 1.08 1.1  1.18 1.27 1.3  1.35 1.35 1.38 1.42 1.42 1.43
 1.44 1.47 1.47 1.48 1.5  1.68 1.69 1.72 1.78 1.78 1.81 1.82 1.85 1.87
 1.87 1.92 1.99 2.07 2.25 2.26 2.29 2.32 2.37 2.4  2.44 2.46 2.49 2.6
 2.7  2.72 2.91 3.36]
var: 0.47138697222222176
| [0m77       [0m | [0m1.564    [0m | [0m0.107    [0m | [0m25.15    [0m | [0m0.08358  [0m |
[0.   0.   0.   0.   0.   0.   0.02 0.03 0.03 0.04 0.05 0.05 0.05 0.05
 0.06 0.06 0.07 0.07 0.07 0.08 0.09 0.09 0.12 0.12 0.13 0.18 0.18 0.2
 0.2  0.21 0.21 0.22 0.24 0.25 0.25 0.25 0.26 0.26 0.27 0.28 0.3  0.31
 0.31 0.33 0.33 0.34 0.34 0.36 0.36 0.36 0.42 0.43 0.51 0.52 0.55 0.56
 0.58 0.71 0.71 0.79]
var: 0.03853233333333327
| [0m78       [0m | [0m0.231    [0m | [0m0.2419   [0m | [0m39.64    [0m | [0m2.717    [0m |
[0.6  0.62 0.64 0.65 0.76 0.89 0.94 0.95 1.01 1.01 1.02 1.04 1.05 1.18
 1.18 1.37 1.46 1.5  1.57 1.65 1.65 1.66 1.85 1.86 1.87 1.95 2.   2.03
 2.1  2.11 2.12 2.13 2.15 2.17 2.18 2.2  2.21 2.28 2.36 2.42 2.45 2.53
 2.63 2.63 2.65 2.67 2.81 2.84 2.97 2.98 2.98 3.   3.12 3.21 3.32 3.43
 3.51 3.63 3.79 5.92]
var: 0.9610390000000008
| [95m79       [0m | [95m2.091    [0m | [95m0.007417 [0m | [95m25.28    [0m | [95m0.1401   [0m |
[0.36 0.54 0.55 0.56 0.6  0.6  0.61 0.63 0.63 0.63 0.65 0.69 0.7  0.7
 0.71 0.73 0.76 0.86 0.87 0.87 0.87 0.9  0.9  0.91 1.02 1.03 1.07 1.12
 1.2  1.33 1.35 1.38 1.39 1.39 1.43 1.45 1.57 1.58 1.62 1.63 1.69 1.7
 1.72 1.72 1.73 1.8  1.88 1.93 2.   2.02 2.05 2.05 2.18 2.24 2.31 2.52
 2.54 2.77 3.27 3.42]
var: 0.4949614166666673
| [0m80       [0m | [0m1.366    [0m | [0m0.09456  [0m | [0m25.4     [0m | [0m0.1694   [0m |
=============================================================
None
num_trials:  40  inits,  40  iters,  60  per
rho:  10
pthin:  0.94

Best VPT: 2.091
Best result: {'a': 0.007417365015249071, 'g': 25.276255756229418, 's': 0.14012971751404474}

KERNEL: nu=1.5, lengthscale=2.0, alpha=0.0005
