|   iter    |  target   |     a     |     g     |     s     |
-------------------------------------------------------------
[0.   0.   0.02 0.02 0.02 0.04 0.05 0.05 0.06 0.06 0.06 0.06 0.06 0.07
 0.1  0.12 0.13 0.14 0.17 0.19 0.19 0.19 0.22 0.24 0.25 0.26 0.27 0.27
 0.28 0.28 0.28 0.3  0.31 0.32 0.33 0.34 0.34 0.39 0.4  0.41 0.42 0.42
 0.43 0.45 0.49 0.5  0.54 0.54 0.58 0.58 0.6  0.63 0.64 0.7  0.79 0.84
 0.92 0.92 1.06 2.71]
var: 0.15807208333333334
| [0m1        [0m | [0m0.3675   [0m | [0m0.276    [0m | [0m48.94    [0m | [0m1.922    [0m |
[0.05 0.22 0.33 0.35 0.36 0.36 0.48 0.52 0.64 0.65 0.77 0.81 0.83 0.92
 0.98 1.03 1.06 1.07 1.1  1.18 1.24 1.3  1.34 1.35 1.36 1.42 1.51 1.52
 1.61 1.62 1.63 1.65 1.7  1.77 1.79 1.98 1.98 2.   2.12 2.13 2.15 2.16
 2.34 2.47 2.51 2.56 2.72 2.87 2.89 2.96 3.16 3.2  3.25 3.26 3.31 3.74
 4.19 4.3  6.86 7.13]
var: 1.9136628888888887
| [95m2        [0m | [95m1.913    [0m | [95m0.2167   [0m | [95m36.57    [0m | [95m0.1698   [0m |
[0.03 0.05 0.05 0.05 0.07 0.08 0.09 0.09 0.11 0.13 0.15 0.16 0.16 0.18
 0.18 0.19 0.2  0.21 0.23 0.23 0.26 0.26 0.3  0.33 0.33 0.36 0.37 0.37
 0.37 0.38 0.4  0.4  0.44 0.45 0.45 0.47 0.5  0.52 0.52 0.56 0.59 0.6
 0.66 0.67 0.72 0.76 0.78 0.78 0.79 0.85 0.94 0.94 0.94 0.94 0.95 0.97
 1.04 1.18 1.2  1.91]
var: 0.13470608333333314
| [0m3        [0m | [0m0.4815   [0m | [0m0.1904   [0m | [0m33.05    [0m | [0m1.762    [0m |
[0.01 0.01 0.04 0.06 0.07 0.08 0.09 0.1  0.14 0.15 0.15 0.18 0.19 0.2
 0.21 0.21 0.3  0.34 0.35 0.39 0.4  0.41 0.43 0.45 0.45 0.46 0.46 0.47
 0.48 0.5  0.51 0.54 0.58 0.59 0.6  0.6  0.61 0.62 0.62 0.62 0.63 0.65
 0.67 0.73 0.74 0.8  0.82 0.95 0.99 1.04 1.06 1.18 1.52 1.54 1.59 1.65
 1.75 1.79 1.91 2.49]
var: 0.28677697222222254
| [0m4        [0m | [0m0.6362   [0m | [0m0.02381  [0m | [0m39.63    [0m | [0m1.102    [0m |
[0.06 0.07 0.13 0.15 0.16 0.2  0.33 0.38 0.42 0.47 0.67 0.69 0.71 0.8
 0.81 0.9  0.95 0.98 1.05 1.06 1.16 1.2  1.24 1.33 1.41 1.42 1.44 1.49
 1.6  1.7  1.72 1.74 1.75 1.82 1.87 1.88 1.99 2.11 2.16 2.24 2.24 2.31
 2.39 2.48 2.5  2.65 2.8  2.86 3.17 3.25 3.28 3.29 3.4  3.53 3.7  4.03
 4.03 4.15 4.21 4.78]
var: 1.4710249722222215
| [0m5        [0m | [0m1.822    [0m | [0m0.1213   [0m | [0m19.63    [0m | [0m0.269    [0m |
[0.   0.02 0.03 0.04 0.04 0.05 0.07 0.07 0.08 0.1  0.14 0.15 0.16 0.16
 0.21 0.21 0.25 0.29 0.31 0.32 0.32 0.32 0.33 0.34 0.34 0.36 0.36 0.37
 0.38 0.39 0.39 0.44 0.44 0.45 0.45 0.48 0.48 0.48 0.49 0.5  0.56 0.57
 0.57 0.58 0.6  0.6  0.63 0.67 0.71 0.74 0.85 0.86 0.98 1.   1.11 1.18
 1.2  1.29 1.33 1.43]
var: 0.1247536388888888
| [0m6        [0m | [0m0.4712   [0m | [0m0.115    [0m | [0m22.27    [0m | [0m2.676    [0m |
[0.06 0.06 0.1  0.3  0.37 0.38 0.39 0.43 0.54 0.62 0.64 0.64 0.69 0.73
 0.75 0.76 0.79 0.79 0.82 0.88 0.94 1.   1.09 1.19 1.32 1.37 1.37 1.38
 1.41 1.46 1.49 1.54 1.6  1.61 1.64 1.75 1.9  1.92 1.93 1.94 2.   2.08
 2.11 2.13 2.13 2.32 2.37 2.59 2.59 2.68 2.72 2.74 2.94 2.96 3.23 3.33
 3.35 3.52 3.69 4.44]
var: 1.03905275
| [0m7        [0m | [0m1.609    [0m | [0m0.1602   [0m | [0m9.414    [0m | [0m0.3955   [0m |
[0.39 0.58 0.61 0.64 0.77 1.09 1.15 1.24 1.37 1.39 1.51 1.52 1.69 1.74
 1.76 1.83 1.91 1.95 1.96 2.05 2.08 2.09 2.1  2.13 2.32 2.33 2.45 2.47
 2.48 2.5  2.54 2.63 2.79 2.95 2.95 3.05 3.06 3.12 3.26 3.28 3.32 3.39
 3.44 3.49 3.61 3.69 3.71 3.8  3.9  4.16 4.42 4.55 4.67 4.99 5.18 5.44
 5.59 5.87 5.91 6.49]
var: 2.0911520833333337
| [95m8        [0m | [95m2.823    [0m | [95m0.04857  [0m | [95m25.84    [0m | [95m0.0712   [0m |
[0.   0.   0.01 0.01 0.03 0.04 0.04 0.04 0.05 0.06 0.06 0.06 0.07 0.09
 0.09 0.1  0.11 0.11 0.12 0.14 0.16 0.16 0.17 0.18 0.19 0.2  0.2  0.21
 0.21 0.23 0.23 0.24 0.26 0.31 0.33 0.34 0.34 0.35 0.35 0.36 0.36 0.36
 0.38 0.38 0.41 0.41 0.43 0.43 0.43 0.46 0.47 0.5  0.53 0.54 0.56 0.56
 0.61 0.62 0.84 1.51]
var: 0.06151733333333324
| [0m9        [0m | [0m0.284    [0m | [0m0.05211  [0m | [0m46.92    [0m | [0m1.87     [0m |
[0.08 0.1  0.11 0.11 0.13 0.22 0.25 0.34 0.39 0.46 0.49 0.51 0.55 0.56
 0.66 0.76 0.76 0.79 0.8  0.82 0.82 0.87 0.88 0.94 1.05 1.06 1.07 1.18
 1.2  1.25 1.25 1.29 1.44 1.45 1.46 1.49 1.63 1.83 1.84 1.87 1.89 1.9
 1.9  1.92 2.12 2.12 2.13 2.15 2.2  2.46 2.68 2.71 2.89 3.12 3.2  3.21
 3.48 3.67 4.02 4.58]
var: 1.130591638888889
| [0m10       [0m | [0m1.485    [0m | [0m0.2525   [0m | [0m29.24    [0m | [0m0.3144   [0m |
[0.   0.01 0.02 0.03 0.05 0.07 0.08 0.08 0.09 0.1  0.11 0.12 0.13 0.15
 0.15 0.18 0.19 0.2  0.21 0.22 0.27 0.28 0.29 0.3  0.31 0.33 0.34 0.34
 0.34 0.37 0.39 0.4  0.42 0.42 0.42 0.43 0.43 0.44 0.46 0.52 0.53 0.54
 0.6  0.61 0.61 0.61 0.65 0.65 0.67 0.67 0.69 0.79 0.89 0.95 1.06 1.14
 1.2  1.26 1.78 2.31]
var: 0.17996833333333348
| [0m11       [0m | [0m0.465    [0m | [0m0.1908   [0m | [0m29.99    [0m | [0m1.747    [0m |
[0.   0.01 0.02 0.03 0.05 0.06 0.06 0.08 0.08 0.1  0.12 0.12 0.12 0.13
 0.15 0.17 0.18 0.2  0.21 0.25 0.29 0.3  0.37 0.37 0.38 0.4  0.46 0.47
 0.48 0.61 0.64 0.67 0.67 0.68 0.68 0.7  0.72 0.76 0.84 0.87 0.89 0.91
 0.92 0.93 0.99 1.02 1.07 1.09 1.15 1.18 1.24 1.29 1.38 1.43 1.46 1.52
 1.71 1.93 2.22 4.07]
var: 0.47112388888888895
| [0m12       [0m | [0m0.6983   [0m | [0m0.2002   [0m | [0m14.57    [0m | [0m1.869    [0m |
[0.1  0.14 0.16 0.21 0.24 0.25 0.29 0.29 0.29 0.34 0.38 0.39 0.42 0.46
 0.53 0.56 0.57 0.67 0.7  0.73 0.74 0.76 0.78 0.84 0.87 0.9  0.91 0.92
 0.92 0.94 0.98 1.16 1.16 1.2  1.26 1.29 1.32 1.32 1.34 1.38 1.39 1.44
 1.54 1.55 1.76 1.89 1.95 2.   2.02 2.14 2.15 2.21 2.24 2.26 2.33 2.4
 2.47 2.58 3.18 3.74]
var: 0.665194305555555
| [0m13       [0m | [0m1.199    [0m | [0m0.09309  [0m | [0m10.68    [0m | [0m1.049    [0m |
[0.42 0.75 0.84 0.95 0.96 0.98 1.09 1.18 1.27 1.38 1.59 1.65 1.67 1.74
 1.91 1.94 2.   2.08 2.09 2.23 2.25 2.28 2.35 2.43 2.49 2.62 2.68 2.77
 2.78 2.79 2.86 2.89 2.94 3.02 3.09 3.15 3.23 3.24 3.32 3.35 3.37 3.39
 3.57 3.64 3.74 3.83 3.85 3.88 3.9  4.09 4.12 4.15 4.22 4.58 4.6  4.8
 4.92 5.23 5.6  8.45]
var: 1.9916432222222218
| [95m14       [0m | [95m2.886    [0m | [95m0.06793  [0m | [95m38.98    [0m | [95m0.08759  [0m |
[0.   0.   0.   0.   0.01 0.02 0.02 0.02 0.02 0.02 0.03 0.03 0.03 0.03
 0.03 0.03 0.04 0.06 0.07 0.08 0.09 0.11 0.13 0.13 0.14 0.14 0.14 0.15
 0.15 0.18 0.2  0.22 0.22 0.23 0.24 0.24 0.25 0.25 0.26 0.29 0.34 0.35
 0.35 0.36 0.38 0.46 0.48 0.5  0.51 0.54 0.54 0.56 0.58 0.59 0.6  0.68
 0.78 0.9  1.1  1.43]
var: 0.08358363888888877
| [0m15       [0m | [0m0.2722   [0m | [0m0.2301   [0m | [0m46.35    [0m | [0m2.115    [0m |
[0.02 0.13 0.15 0.18 0.2  0.36 0.49 0.55 0.63 0.77 0.77 0.79 0.79 0.81
 0.85 0.85 0.91 0.92 0.98 0.99 1.02 1.02 1.02 1.02 1.03 1.08 1.1  1.25
 1.25 1.29 1.29 1.36 1.37 1.43 1.43 1.44 1.49 1.54 1.56 1.73 1.75 1.76
 1.79 1.79 1.88 1.89 1.96 1.98 1.99 2.16 2.2  2.31 2.65 2.77 2.78 2.92
 2.94 3.8  3.98 5.07]
var: 0.9227847499999999
| [0m16       [0m | [0m1.471    [0m | [0m0.2324   [0m | [0m23.48    [0m | [0m0.3519   [0m |
[0.03 0.04 0.16 0.21 0.22 0.23 0.25 0.28 0.29 0.37 0.37 0.41 0.42 0.45
 0.46 0.53 0.56 0.56 0.58 0.58 0.6  0.69 0.72 0.74 0.75 0.75 0.76 0.9
 0.95 1.   1.   1.02 1.05 1.07 1.1  1.1  1.15 1.23 1.29 1.3  1.35 1.4
 1.46 1.49 1.54 1.57 1.61 1.8  1.85 2.04 2.07 2.14 2.14 2.72 2.73 2.86
 2.88 3.06 3.5  3.68]
var: 0.7788645555555559
| [0m17       [0m | [0m1.168    [0m | [0m0.203    [0m | [0m48.61    [0m | [0m0.3297   [0m |
[0.   0.01 0.03 0.04 0.07 0.09 0.14 0.19 0.19 0.22 0.3  0.37 0.41 0.42
 0.62 0.62 0.63 0.66 0.66 0.67 0.67 0.67 0.71 0.72 0.74 0.76 0.77 0.78
 0.79 0.81 0.82 0.84 0.84 0.86 0.91 0.93 0.93 0.98 1.02 1.07 1.12 1.18
 1.28 1.29 1.3  1.33 1.39 1.52 1.67 1.7  1.76 1.86 1.87 1.91 2.04 2.1
 2.18 2.34 3.4  5.01]
var: 0.7218983055555552
| [0m18       [0m | [0m1.02     [0m | [0m0.1801   [0m | [0m29.0     [0m | [0m0.8727   [0m |
[0.05 0.06 0.09 0.11 0.15 0.18 0.19 0.22 0.22 0.22 0.24 0.24 0.25 0.25
 0.26 0.29 0.3  0.3  0.33 0.36 0.38 0.39 0.41 0.42 0.43 0.44 0.45 0.46
 0.46 0.49 0.52 0.52 0.53 0.53 0.54 0.55 0.55 0.56 0.58 0.64 0.66 0.68
 0.71 0.74 0.74 0.74 0.75 0.82 0.97 1.02 1.1  1.12 1.16 1.18 1.25 1.27
 1.5  1.63 1.8  2.42]
var: 0.2092043333333336
| [0m19       [0m | [0m0.607    [0m | [0m0.2934   [0m | [0m3.618    [0m | [0m2.441    [0m |
[0.1  0.25 0.25 0.3  0.46 0.55 0.58 0.68 0.73 0.76 0.8  0.82 0.86 0.88
 0.92 0.97 0.99 1.17 1.24 1.27 1.3  1.33 1.41 1.43 1.48 1.48 1.52 1.52
 1.56 1.59 1.63 1.72 1.72 1.78 2.09 2.12 2.13 2.17 2.17 2.2  2.38 2.41
 2.42 2.42 2.43 2.56 2.6  2.65 2.66 2.71 2.79 2.81 2.93 3.29 3.46 3.47
 3.48 3.74 4.47 4.7 ]
var: 1.0931349722222223
| [0m20       [0m | [0m1.822    [0m | [0m0.08979  [0m | [0m16.26    [0m | [0m0.3527   [0m |
[0.31 0.34 0.38 0.47 0.49 0.62 0.68 0.69 0.71 0.72 0.77 0.81 0.92 0.97
 0.97 1.01 1.07 1.1  1.26 1.26 1.28 1.32 1.41 1.42 1.44 1.5  1.63 1.69
 1.74 1.79 2.09 2.09 2.2  2.24 2.24 2.26 2.27 2.3  2.37 2.38 2.42 2.53
 2.57 2.58 2.59 2.78 2.8  2.9  3.   3.16 3.19 3.38 3.68 3.94 4.   4.1
 4.33 5.17 5.23 5.48]
var: 1.6133495555555564
| [0m21       [0m | [0m2.051    [0m | [0m0.1279   [0m | [0m14.46    [0m | [0m0.2303   [0m |
[0.02 0.02 0.03 0.05 0.08 0.09 0.09 0.09 0.1  0.11 0.13 0.15 0.16 0.19
 0.21 0.23 0.24 0.25 0.28 0.3  0.3  0.33 0.35 0.37 0.37 0.37 0.4  0.41
 0.43 0.44 0.46 0.47 0.51 0.53 0.53 0.54 0.57 0.58 0.61 0.65 0.66 0.69
 0.71 0.74 0.78 0.79 0.82 0.83 0.86 0.97 1.1  1.25 1.33 1.35 1.44 1.48
 1.53 1.57 2.08 2.21]
var: 0.25300363888888844
| [0m22       [0m | [0m0.5872   [0m | [0m0.03163  [0m | [0m19.81    [0m | [0m1.956    [0m |
[0.02 0.03 0.03 0.04 0.1  0.12 0.18 0.19 0.2  0.21 0.26 0.26 0.26 0.27
 0.27 0.27 0.29 0.35 0.37 0.38 0.38 0.39 0.41 0.42 0.42 0.47 0.48 0.5
 0.6  0.65 0.69 0.7  0.73 0.77 0.83 0.84 0.89 0.89 0.93 0.94 0.95 0.97
 1.01 1.02 1.02 1.08 1.17 1.22 1.38 1.38 1.45 1.56 1.56 1.69 1.7  1.76
 1.83 1.9  2.54 2.82]
var: 0.3880706666666664
| [0m23       [0m | [0m0.784    [0m | [0m0.2379   [0m | [0m39.86    [0m | [0m0.8797   [0m |
[0.04 0.1  0.16 0.19 0.21 0.33 0.39 0.52 0.63 0.71 0.73 0.76 0.84 0.86
 0.89 0.94 0.97 0.98 0.99 1.06 1.06 1.09 1.09 1.14 1.23 1.26 1.29 1.3
 1.38 1.53 1.56 1.58 1.6  1.61 1.66 1.66 1.71 1.79 2.02 2.04 2.11 2.17
 2.19 2.23 2.25 2.3  2.38 2.57 2.68 2.76 2.81 2.85 2.85 2.86 3.5  3.51
 3.57 3.81 5.62 6.94]
var: 1.5953156666666655
| [0m24       [0m | [0m1.731    [0m | [0m0.07278  [0m | [0m19.62    [0m | [0m0.2791   [0m |
[0.02 0.03 0.07 0.1  0.12 0.13 0.13 0.2  0.2  0.21 0.23 0.25 0.28 0.29
 0.31 0.31 0.31 0.32 0.37 0.39 0.42 0.44 0.46 0.47 0.48 0.5  0.51 0.51
 0.56 0.57 0.59 0.6  0.63 0.66 0.68 0.69 0.71 0.72 0.73 0.74 0.75 0.76
 0.77 0.77 0.79 0.8  0.84 0.9  0.94 1.2  1.2  1.25 1.28 1.35 1.36 1.41
 1.54 1.99 2.15 2.2 ]
var: 0.24622830555555555
| [0m25       [0m | [0m0.6698   [0m | [0m0.2907   [0m | [0m21.28    [0m | [0m2.091    [0m |
[0.   0.   0.   0.   0.02 0.02 0.03 0.03 0.03 0.04 0.04 0.04 0.05 0.05
 0.05 0.05 0.06 0.07 0.08 0.08 0.08 0.1  0.1  0.1  0.11 0.12 0.12 0.13
 0.14 0.15 0.16 0.17 0.18 0.18 0.19 0.2  0.2  0.24 0.25 0.26 0.28 0.29
 0.29 0.31 0.33 0.34 0.34 0.36 0.36 0.37 0.4  0.4  0.43 0.44 0.47 0.48
 0.5  0.53 0.54 0.61]
var: 0.02710497222222208
| [0m26       [0m | [0m0.1998   [0m | [0m0.08615  [0m | [0m45.27    [0m | [0m2.976    [0m |
[0.   0.   0.01 0.02 0.03 0.08 0.09 0.1  0.1  0.13 0.14 0.14 0.15 0.17
 0.19 0.2  0.22 0.24 0.24 0.25 0.26 0.28 0.31 0.32 0.32 0.33 0.34 0.34
 0.36 0.38 0.4  0.41 0.42 0.43 0.43 0.45 0.48 0.5  0.5  0.5  0.53 0.55
 0.56 0.58 0.58 0.61 0.62 0.62 0.64 0.66 0.7  0.73 0.74 0.76 0.77 0.79
 0.99 1.5  2.23 3.69]
var: 0.30301163888888877
| [0m27       [0m | [0m0.4852   [0m | [0m0.1801   [0m | [0m29.48    [0m | [0m2.181    [0m |
[0.02 0.05 0.05 0.06 0.07 0.07 0.07 0.09 0.12 0.13 0.16 0.16 0.17 0.18
 0.2  0.2  0.2  0.21 0.24 0.24 0.29 0.31 0.32 0.34 0.35 0.38 0.38 0.42
 0.43 0.44 0.45 0.46 0.48 0.49 0.53 0.55 0.56 0.57 0.58 0.6  0.6  0.61
 0.61 0.64 0.64 0.65 0.68 0.71 0.73 0.74 0.74 0.77 0.79 0.84 0.84 0.86
 0.92 1.25 1.28 1.56]
var: 0.10449933333333318
| [0m28       [0m | [0m0.468    [0m | [0m0.1974   [0m | [0m12.64    [0m | [0m2.899    [0m |
[0.01 0.02 0.18 0.18 0.27 0.32 0.35 0.45 0.5  0.6  0.67 0.76 0.76 0.77
 0.8  0.8  0.81 0.87 0.87 0.89 0.89 0.91 0.91 0.97 1.   1.01 1.06 1.14
 1.24 1.28 1.29 1.31 1.32 1.33 1.36 1.49 1.51 1.54 1.65 1.65 1.66 1.72
 1.75 1.88 1.94 1.97 2.02 2.15 2.33 2.33 2.42 2.43 2.56 2.64 2.85 2.92
 2.96 3.26 3.49 3.68]
var: 0.777900555555555
| [0m29       [0m | [0m1.412    [0m | [0m0.01672  [0m | [0m9.376    [0m | [0m1.135    [0m |
[0.03 0.1  0.1  0.11 0.13 0.14 0.16 0.18 0.25 0.26 0.26 0.29 0.33 0.36
 0.36 0.37 0.44 0.51 0.53 0.58 0.59 0.65 0.66 0.67 0.67 0.68 0.68 0.7
 0.71 0.73 0.73 0.74 0.77 0.79 0.92 0.95 1.   1.09 1.1  1.1  1.17 1.26
 1.27 1.31 1.46 1.58 1.58 1.61 1.79 1.82 1.83 1.84 1.87 1.95 1.96 2.24
 2.32 2.36 2.77 2.81]
var: 0.5105898888888892
| [0m30       [0m | [0m0.9703   [0m | [0m0.2947   [0m | [0m30.74    [0m | [0m0.6358   [0m |
[0.1  0.14 0.18 0.19 0.3  0.39 0.4  0.42 0.61 0.7  0.7  0.79 0.8  0.85
 0.88 0.91 1.01 1.01 1.04 1.04 1.06 1.11 1.23 1.26 1.27 1.29 1.3  1.31
 1.34 1.34 1.4  1.44 1.56 1.58 1.58 1.59 1.61 1.81 1.83 1.94 1.96 2.
 2.01 2.06 2.1  2.14 2.17 2.21 2.32 2.46 2.54 2.61 2.86 2.92 3.26 3.46
 3.66 4.   4.02 4.23]
var: 1.0019783333333334
| [0m31       [0m | [0m1.605    [0m | [0m0.1471   [0m | [0m17.48    [0m | [0m0.5273   [0m |
[0.06 0.08 0.11 0.15 0.2  0.22 0.23 0.24 0.26 0.32 0.34 0.35 0.37 0.37
 0.39 0.4  0.41 0.41 0.43 0.43 0.43 0.44 0.46 0.47 0.49 0.51 0.53 0.54
 0.57 0.57 0.57 0.64 0.64 0.66 0.67 0.69 0.73 0.74 0.77 0.77 0.78 0.79
 0.79 0.81 0.92 0.92 0.99 1.   1.07 1.08 1.08 1.13 1.2  1.39 1.4  1.48
 1.49 2.24 2.33 2.44]
var: 0.2588094166666666
| [0m32       [0m | [0m0.7165   [0m | [0m0.2657   [0m | [0m9.673    [0m | [0m2.592    [0m |
[0.1  0.11 0.13 0.14 0.18 0.23 0.24 0.31 0.32 0.32 0.32 0.37 0.44 0.47
 0.49 0.49 0.5  0.52 0.52 0.53 0.55 0.58 0.61 0.63 0.67 0.67 0.69 0.69
 0.69 0.7  0.76 0.77 0.83 0.88 0.9  0.91 0.92 0.95 0.97 0.99 1.04 1.06
 1.08 1.1  1.14 1.16 1.19 1.23 1.31 1.34 1.37 1.51 1.56 1.66 1.66 1.71
 1.72 1.77 2.75 3.21]
var: 0.35512122222222237
| [0m33       [0m | [0m0.8777   [0m | [0m0.1895   [0m | [0m11.62    [0m | [0m1.709    [0m |
[0.05 0.08 0.1  0.12 0.17 0.23 0.24 0.24 0.25 0.28 0.29 0.29 0.3  0.3
 0.3  0.46 0.47 0.47 0.48 0.53 0.54 0.61 0.63 0.65 0.66 0.69 0.7  0.72
 0.73 0.75 0.76 0.77 0.81 0.87 0.93 0.97 1.01 1.02 1.08 1.11 1.2  1.29
 1.39 1.39 1.4  1.41 1.44 1.5  1.51 1.57 1.76 1.77 1.8  2.   2.25 2.3
 2.34 2.6  2.61 2.66]
var: 0.49125430555555566
| [0m34       [0m | [0m0.9642   [0m | [0m0.05094  [0m | [0m12.52    [0m | [0m1.686    [0m |
[0.   0.   0.   0.   0.01 0.01 0.03 0.03 0.04 0.04 0.05 0.07 0.07 0.08
 0.08 0.1  0.13 0.13 0.14 0.15 0.15 0.18 0.2  0.21 0.21 0.22 0.23 0.24
 0.24 0.26 0.26 0.28 0.28 0.29 0.29 0.29 0.32 0.32 0.32 0.33 0.35 0.35
 0.36 0.37 0.37 0.43 0.44 0.48 0.54 0.57 0.58 0.6  0.61 0.63 0.64 0.77
 0.83 0.85 0.87 1.81]
var: 0.09025697222222233
| [0m35       [0m | [0m0.3122   [0m | [0m0.04726  [0m | [0m40.43    [0m | [0m2.545    [0m |
[0.01 0.07 0.09 0.09 0.1  0.11 0.12 0.21 0.22 0.25 0.26 0.27 0.29 0.3
 0.31 0.35 0.35 0.36 0.38 0.38 0.39 0.43 0.46 0.46 0.47 0.51 0.54 0.59
 0.6  0.6  0.65 0.65 0.65 0.66 0.66 0.69 0.7  0.72 0.75 0.79 0.8  0.88
 0.9  0.99 1.02 1.03 1.04 1.14 1.17 1.2  1.24 1.33 1.35 1.35 1.4  1.61
 1.79 2.16 2.44 3.25]
var: 0.3659976666666666
| [0m36       [0m | [0m0.743    [0m | [0m0.2873   [0m | [0m2.177    [0m | [0m1.439    [0m |
[0.04 0.07 0.14 0.15 0.19 0.2  0.3  0.47 0.54 0.55 0.6  0.71 0.72 0.82
 0.84 0.98 1.01 1.09 1.1  1.15 1.18 1.2  1.22 1.33 1.34 1.34 1.39 1.4
 1.64 1.66 1.66 1.68 1.72 1.73 1.79 1.8  2.03 2.08 2.11 2.12 2.12 2.18
 2.19 2.34 2.38 2.38 2.41 2.66 2.67 2.77 2.78 2.83 3.07 3.25 3.27 3.29
 3.38 3.68 4.69 5.51]
var: 1.281924555555555
| [0m37       [0m | [0m1.732    [0m | [0m0.1725   [0m | [0m14.97    [0m | [0m0.3343   [0m |
[0.01 0.03 0.04 0.07 0.09 0.09 0.09 0.1  0.12 0.12 0.12 0.13 0.15 0.17
 0.17 0.2  0.21 0.21 0.23 0.23 0.25 0.28 0.28 0.29 0.3  0.31 0.35 0.35
 0.41 0.42 0.45 0.49 0.49 0.5  0.52 0.57 0.75 0.77 0.78 0.81 0.93 0.93
 0.95 1.12 1.16 1.17 1.17 1.2  1.23 1.24 1.27 1.3  1.3  1.59 1.76 1.83
 1.96 2.41 2.71 2.96]
var: 0.4671712222222225
| [0m38       [0m | [0m0.7023   [0m | [0m0.009726 [0m | [0m38.86    [0m | [0m1.029    [0m |
[0.   0.04 0.05 0.05 0.08 0.14 0.18 0.19 0.23 0.26 0.28 0.38 0.39 0.4
 0.4  0.47 0.48 0.5  0.51 0.52 0.56 0.58 0.59 0.66 0.7  0.72 0.77 0.8
 0.84 0.86 0.92 0.95 1.03 1.06 1.07 1.07 1.08 1.08 1.15 1.15 1.22 1.24
 1.25 1.26 1.29 1.31 1.31 1.44 1.47 1.63 1.65 1.73 1.77 1.91 1.97 2.08
 2.67 3.14 3.29 4.36]
var: 0.6962665555555552
| [0m39       [0m | [0m1.02     [0m | [0m0.2957   [0m | [0m20.33    [0m | [0m1.095    [0m |
[0.18 0.18 0.19 0.2  0.29 0.31 0.32 0.32 0.34 0.46 0.47 0.5  0.57 0.62
 0.67 0.7  0.74 0.76 0.78 0.79 0.81 0.83 0.89 0.91 0.95 0.96 0.98 0.99
 1.07 1.08 1.09 1.11 1.12 1.19 1.29 1.32 1.35 1.36 1.52 1.55 1.56 1.57
 1.67 1.7  1.73 1.96 2.04 2.08 2.09 2.14 2.23 2.28 2.38 2.4  2.94 2.98
 3.09 3.1  3.31 3.45]
var: 0.743961222222223
| [0m40       [0m | [0m1.308    [0m | [0m0.1832   [0m | [0m23.69    [0m | [0m0.5142   [0m |
[0.   0.   0.   0.   0.   0.   0.   0.   0.   0.   0.   0.   0.   0.
 0.   0.   0.   0.   0.   0.01 0.01 0.01 0.01 0.01 0.01 0.01 0.01 0.01
 0.01 0.02 0.02 0.02 0.02 0.02 0.02 0.02 0.02 0.02 0.03 0.03 0.03 0.03
 0.03 0.03 0.03 0.03 0.03 0.03 0.03 0.03 0.04 0.04 0.05 0.06 0.07 0.08
 0.1  0.13 0.14 0.16]
var: 0.0011683055555555967
| [0m41       [0m | [0m0.02517  [0m | [0m0.3      [0m | [0m26.52    [0m | [0m0.001    [0m |
[0.   0.   0.   0.   0.   0.   0.   0.   0.   0.   0.   0.   0.   0.
 0.   0.   0.   0.   0.01 0.01 0.01 0.01 0.01 0.01 0.01 0.02 0.02 0.02
 0.02 0.02 0.02 0.02 0.03 0.03 0.03 0.03 0.03 0.03 0.03 0.03 0.03 0.03
 0.03 0.04 0.04 0.04 0.04 0.04 0.04 0.04 0.04 0.04 0.05 0.05 0.05 0.05
 0.05 0.06 0.06 0.09]
var: 0.0004128888888889242
| [0m42       [0m | [0m0.02267  [0m | [0m0.2118   [0m | [0m38.78    [0m | [0m0.001    [0m |
[0.   0.   0.   0.   0.01 0.01 0.02 0.04 0.04 0.05 0.05 0.07 0.08 0.09
 0.1  0.11 0.11 0.12 0.13 0.13 0.14 0.14 0.14 0.14 0.15 0.17 0.18 0.19
 0.19 0.2  0.21 0.21 0.22 0.23 0.23 0.23 0.23 0.28 0.31 0.31 0.34 0.34
 0.35 0.36 0.36 0.38 0.4  0.41 0.41 0.42 0.47 0.47 0.49 0.55 0.65 0.71
 0.92 0.99 1.03 1.3 ]
var: 0.07206497222222247
| [0m43       [0m | [0m0.2768   [0m | [0m0.09201  [0m | [0m37.14    [0m | [0m2.698    [0m |
[0.33 0.33 0.35 0.36 0.41 0.42 0.47 0.49 0.5  0.51 0.67 0.67 0.69 0.71
 0.73 0.76 0.82 0.86 0.91 0.92 0.93 0.96 1.   1.02 1.04 1.07 1.09 1.09
 1.11 1.18 1.19 1.21 1.42 1.48 1.5  1.57 1.59 1.64 1.66 1.66 1.71 1.76
 1.79 1.8  1.8  1.81 1.82 1.95 2.01 2.03 2.05 2.15 2.21 2.67 2.73 2.84
 2.89 3.18 3.22 4.34]
var: 0.6984015555555563
| [0m44       [0m | [0m1.401    [0m | [0m0.2319   [0m | [0m41.17    [0m | [0m0.02839  [0m |
[0.39 0.64 0.77 0.85 1.16 1.25 1.31 1.33 1.53 1.64 1.66 1.91 1.91 2.01
 2.16 2.25 2.28 2.43 2.43 2.53 2.6  2.62 2.68 2.73 2.73 2.75 2.84 2.87
 3.07 3.12 3.15 3.2  3.2  3.23 3.26 3.28 3.28 3.35 3.36 3.49 3.5  3.57
 3.6  3.7  3.76 3.78 3.82 3.95 4.11 4.25 4.47 4.87 5.05 5.16 5.35 5.42
 5.53 6.02 8.15 8.66]
var: 2.5457769722222223
| [95m45       [0m | [95m3.166    [0m | [95m0.0382   [0m | [95m39.02    [0m | [95m0.1055   [0m |
[0.99 1.04 1.18 1.27 1.29 1.37 1.62 1.72 1.78 1.8  1.8  1.81 1.93 1.99
 2.04 2.04 2.04 2.1  2.2  2.22 2.24 2.28 2.36 2.38 2.44 2.47 2.57 2.64
 2.67 2.67 2.7  2.73 2.73 2.8  2.83 2.84 2.84 2.94 2.96 3.   3.03 3.07
 3.08 3.14 3.23 3.28 3.3  3.35 3.46 3.57 3.62 3.68 3.83 4.22 4.27 4.41
 5.08 5.29 5.38 5.77]
var: 1.1057332222222225
| [0m46       [0m | [0m2.756    [0m | [0m0.1273   [0m | [0m39.09    [0m | [0m0.06822  [0m |
[0.03 0.05 0.15 0.17 0.18 0.22 0.24 0.38 0.39 0.42 0.46 0.46 0.49 0.52
 0.59 0.61 0.61 0.65 0.69 0.72 0.73 0.75 0.77 0.8  0.85 0.91 0.93 1.1
 1.2  1.27 1.3  1.34 1.34 1.34 1.35 1.44 1.45 1.45 1.46 1.49 1.51 1.53
 1.65 1.72 1.74 1.74 1.93 1.93 1.95 1.96 2.14 2.5  2.57 2.81 2.93 3.2
 3.21 3.26 3.53 3.85]
var: 0.8759273333333332
| [0m47       [0m | [0m1.316    [0m | [0m0.007757 [0m | [0m38.99    [0m | [0m0.2277   [0m |
[0.48 0.95 1.33 1.39 1.59 1.64 1.71 1.79 1.84 1.89 1.91 1.91 1.95 2.06
 2.16 2.2  2.27 2.3  2.34 2.37 2.45 2.5  2.5  2.6  2.62 2.65 2.65 2.66
 2.66 2.75 2.77 2.8  2.8  2.87 2.99 2.99 3.06 3.11 3.15 3.16 3.19 3.21
 3.37 3.47 3.51 3.52 3.66 3.71 3.74 3.81 3.86 4.15 4.25 4.27 4.45 4.59
 4.61 4.82 5.13 6.53]
var: 1.1685780833333326
| [0m48       [0m | [0m2.895    [0m | [0m0.1326   [0m | [0m25.88    [0m | [0m0.06911  [0m |
[0.1  0.12 0.14 0.22 0.39 0.57 0.59 0.63 0.66 0.71 0.89 0.91 0.92 0.95
 1.04 1.09 1.21 1.22 1.22 1.22 1.24 1.26 1.29 1.46 1.48 1.54 1.56 1.58
 1.61 1.64 1.64 1.67 1.69 1.7  1.78 1.82 1.83 1.86 1.88 1.88 1.92 2.03
 2.24 2.34 2.34 2.39 2.51 2.65 2.78 2.96 3.12 3.25 3.51 3.62 3.67 4.12
 4.24 4.28 4.3  5.  ]
var: 1.315341555555555
| [0m49       [0m | [0m1.841    [0m | [0m0.1892   [0m | [0m5.371    [0m | [0m0.3321   [0m |
[0.38 0.46 0.47 0.48 0.49 0.55 0.63 0.63 0.66 0.69 0.69 0.72 0.72 0.76
 0.78 0.8  0.93 0.94 0.95 0.96 0.97 0.98 1.06 1.13 1.17 1.21 1.24 1.24
 1.25 1.32 1.34 1.34 1.43 1.44 1.49 1.54 1.57 1.61 1.64 1.75 1.8  1.81
 1.91 2.   2.01 2.02 2.03 2.05 2.07 2.12 2.14 2.32 2.46 2.48 2.81 2.89
 3.16 3.41 3.69 5.34]
var: 0.8388814166666667
| [0m50       [0m | [0m1.516    [0m | [0m0.1464   [0m | [0m25.76    [0m | [0m0.02809  [0m |
[0.11 0.14 0.15 0.43 0.5  0.57 0.77 0.86 0.86 0.87 0.98 0.98 1.08 1.09
 1.13 1.14 1.3  1.39 1.43 1.45 1.54 1.58 1.6  1.61 1.81 1.86 1.87 1.91
 1.91 2.03 2.06 2.1  2.24 2.34 2.37 2.39 2.41 2.43 2.51 2.53 2.57 2.69
 2.8  2.91 2.94 2.99 3.05 3.05 3.15 3.19 3.21 3.29 3.38 3.41 3.71 4.01
 4.1  4.54 4.63 4.94]
var: 1.336601638888889
| [0m51       [0m | [0m2.115    [0m | [0m0.06271  [0m | [0m25.89    [0m | [0m0.197    [0m |
[0.72 1.15 1.19 1.37 1.37 1.62 1.63 1.69 1.72 1.73 1.8  1.84 1.89 1.9
 2.02 2.03 2.04 2.12 2.24 2.26 2.32 2.33 2.4  2.52 2.64 2.71 2.74 2.89
 2.93 2.96 3.07 3.11 3.15 3.16 3.2  3.23 3.25 3.31 3.4  3.43 3.46 3.47
 3.5  3.63 3.73 3.8  3.8  3.82 3.94 3.98 4.03 4.13 4.25 4.26 4.78 4.83
 5.04 5.06 5.7  5.89]
var: 1.3296465555555568
| [0m52       [0m | [0m2.97     [0m | [0m0.002645 [0m | [0m25.9     [0m | [0m0.0424   [0m |
[0.06 0.08 0.15 0.3  0.3  0.33 0.43 0.47 0.8  0.87 0.96 0.97 1.02 1.04
 1.05 1.07 1.08 1.08 1.12 1.18 1.32 1.38 1.45 1.53 1.62 1.71 1.76 1.78
 2.24 2.3  2.32 2.37 2.38 2.42 2.54 2.61 2.65 2.71 2.76 2.77 2.8  2.92
 2.99 3.   3.11 3.16 3.26 3.38 3.5  3.63 4.11 4.19 4.24 4.35 4.45 4.53
 4.56 5.25 5.45 6.13]
var: 2.1586294166666677
| [0m53       [0m | [0m2.267    [0m | [0m0.05667  [0m | [0m30.86    [0m | [0m0.1639   [0m |
[0.37 0.38 0.38 0.43 0.53 0.59 0.62 0.63 0.68 0.78 1.06 1.09 1.11 1.16
 1.17 1.26 1.26 1.31 1.33 1.36 1.37 1.39 1.42 1.43 1.45 1.53 1.54 1.58
 1.59 1.59 1.63 1.69 1.8  1.84 1.91 2.03 2.06 2.08 2.14 2.2  2.21 2.21
 2.28 2.39 2.44 2.53 2.56 2.62 2.67 2.69 2.74 2.79 2.96 3.02 3.49 3.59
 3.77 4.05 4.36 4.65]
var: 1.0002849722222225
| [0m54       [0m | [0m1.863    [0m | [0m0.08726  [0m | [0m25.98    [0m | [0m0.02648  [0m |
[0.26 0.35 0.57 0.93 1.13 1.28 1.29 1.33 1.35 1.36 1.48 1.5  1.55 1.65
 1.66 1.82 1.83 1.85 1.89 1.9  1.97 2.04 2.06 2.26 2.27 2.27 2.32 2.37
 2.4  2.41 2.47 2.52 2.52 2.71 2.78 2.79 2.82 2.89 2.96 3.03 3.04 3.05
 3.36 3.41 3.46 3.54 3.57 3.81 3.84 4.04 4.32 4.43 4.48 4.56 5.03 5.06
 5.31 5.43 7.09 8.72]
var: 2.4011449722222227
| [0m55       [0m | [0m2.773    [0m | [0m0.1946   [0m | [0m39.16    [0m | [0m0.1146   [0m |
[0.05 0.12 0.15 0.19 0.2  0.22 0.32 0.36 0.4  0.5  0.68 0.7  0.74 0.74
 0.79 0.81 0.87 0.89 0.89 0.91 0.94 0.95 1.02 1.03 1.04 1.07 1.13 1.33
 1.54 1.55 1.72 1.75 1.86 1.87 1.9  1.91 1.92 1.96 1.97 1.99 1.99 2.03
 2.05 2.07 2.14 2.18 2.24 2.25 2.43 2.43 2.55 2.98 3.13 3.36 3.44 3.96
 4.27 4.32 4.76]
var: 1.2439693766159154
| [0m56       [0m | [0m1.62     [0m | [0m0.06424  [0m | [0m39.25    [0m | [0m0.2178   [0m |
[0.37 0.46 0.55 0.56 0.62 0.7  0.74 0.76 0.85 0.86 0.87 0.97 0.98 1.04
 1.05 1.07 1.13 1.18 1.24 1.31 1.32 1.34 1.35 1.36 1.4  1.47 1.55 1.56
 1.59 1.61 1.63 1.63 1.74 1.75 1.79 1.86 1.87 1.88 2.05 2.08 2.1  2.12
 2.14 2.16 2.26 2.39 2.42 2.58 2.61 2.61 2.71 2.79 2.99 3.01 3.2  3.25
 3.31 3.89 3.93 5.36]
var: 0.9376580833333329
| [0m57       [0m | [0m1.8      [0m | [0m0.07108  [0m | [0m39.03    [0m | [0m0.02863  [0m |
[0.06 0.07 0.14 0.17 0.19 0.19 0.22 0.28 0.28 0.31 0.34 0.46 0.56 0.57
 0.57 0.62 0.71 0.73 0.73 0.78 0.79 0.8  0.82 0.85 0.86 0.89 0.9  0.91
 0.92 0.94 0.96 0.97 1.   1.05 1.12 1.21 1.23 1.24 1.29 1.33 1.35 1.42
 1.42 1.47 1.52 1.54 1.62 1.65 1.69 1.77 1.78 1.79 1.91 2.04 2.07 2.33
 2.56 3.06 3.19 4.65]
var: 0.6926383055555551
| [0m58       [0m | [0m1.148    [0m | [0m0.2452   [0m | [0m18.19    [0m | [0m0.9326   [0m |
[0.02 0.02 0.03 0.03 0.05 0.07 0.09 0.13 0.13 0.14 0.15 0.18 0.21 0.22
 0.22 0.23 0.31 0.36 0.36 0.37 0.42 0.42 0.42 0.43 0.46 0.46 0.48 0.52
 0.53 0.55 0.55 0.55 0.56 0.57 0.57 0.58 0.59 0.59 0.61 0.66 0.66 0.66
 0.72 0.78 0.79 0.8  0.88 0.91 0.93 0.98 0.98 1.   1.02 1.11 1.21 1.22
 1.23 1.92 1.94 2.03]
var: 0.20445274999999988
| [0m59       [0m | [0m0.5935   [0m | [0m0.296    [0m | [0m18.83    [0m | [0m2.689    [0m |
[0.41 0.45 0.49 0.59 0.61 0.64 0.84 0.86 0.86 0.87 0.87 0.89 1.03 1.03
 1.06 1.06 1.2  1.2  1.22 1.23 1.26 1.27 1.31 1.37 1.4  1.44 1.46 1.56
 1.57 1.62 1.64 1.66 1.68 1.69 1.69 1.73 1.74 1.75 1.76 1.78 1.97 1.99
 2.02 2.15 2.18 2.23 2.25 2.26 2.31 2.36 2.36 2.55 2.58 2.62 2.64 2.88
 3.44 3.6  4.26 4.75]
var: 0.7658483055555549
| [0m60       [0m | [0m1.703    [0m | [0m0.2505   [0m | [0m39.18    [0m | [0m0.04006  [0m |
[0.08 0.37 0.42 0.47 0.53 0.54 0.57 0.59 0.65 0.74 0.77 0.84 0.86 0.87
 0.88 0.97 1.03 1.05 1.06 1.1  1.13 1.14 1.18 1.2  1.27 1.28 1.31 1.33
 1.36 1.36 1.57 1.62 1.69 1.77 1.86 1.99 2.06 2.08 2.1  2.17 2.2  2.21
 2.49 2.56 2.59 2.62 2.66 2.67 2.77 2.87 2.94 2.96 2.98 3.   3.01 3.25
 3.27 3.32 3.67 4.13]
var: 0.9456336388888894
| [0m61       [0m | [0m1.734    [0m | [0m0.1473   [0m | [0m39.15    [0m | [0m0.2049   [0m |
[0.   0.   0.02 0.03 0.06 0.1  0.11 0.14 0.17 0.18 0.19 0.19 0.21 0.21
 0.22 0.23 0.25 0.25 0.3  0.3  0.34 0.35 0.35 0.36 0.38 0.38 0.38 0.41
 0.42 0.43 0.46 0.46 0.5  0.5  0.5  0.5  0.57 0.62 0.63 0.63 0.7  0.73
 0.74 0.76 1.05 1.1  1.18 1.24 1.29 1.3  1.31 1.37 1.37 1.58 1.75 1.95
 2.02 2.15 2.45 3.19]
var: 0.44539955555555527
| [0m62       [0m | [0m0.6927   [0m | [0m0.1745   [0m | [0m44.95    [0m | [0m1.028    [0m |
[0.1  0.17 0.22 0.24 0.26 0.32 0.34 0.48 0.52 0.52 0.64 0.71 0.73 0.77
 0.78 0.79 0.79 0.79 0.8  0.84 0.87 0.92 1.05 1.15 1.17 1.22 1.3  1.31
 1.38 1.42 1.43 1.46 1.5  1.55 1.63 1.65 1.81 1.81 1.94 1.96 1.97 2.15
 2.17 2.19 2.19 2.33 2.42 2.46 2.54 2.55 2.58 2.6  2.64 3.08 3.14 3.31
 3.4  3.5  3.57 4.23]
var: 0.9913395555555548
| [0m63       [0m | [0m1.573    [0m | [0m0.05116  [0m | [0m39.23    [0m | [0m0.2254   [0m |
[0.   0.   0.01 0.01 0.01 0.01 0.01 0.02 0.02 0.03 0.03 0.04 0.04 0.05
 0.08 0.08 0.09 0.11 0.11 0.12 0.13 0.15 0.17 0.24 0.29 0.31 0.33 0.38
 0.39 0.45 0.47 0.48 0.52 0.53 0.59 0.6  0.63 0.63 0.68 0.72 0.77 0.79
 0.82 0.84 0.96 1.05 1.12 1.15 1.17 1.18 1.25 1.46 1.56 1.79 2.44 2.61
 2.69 3.34 3.87 4.54]
var: 0.946876222222222
| [0m64       [0m | [0m0.7493   [0m | [0m1e-08    [0m | [0m25.9     [0m | [0m0.1095   [0m |
[0.06 0.1  0.2  0.23 0.39 0.6  0.66 0.68 0.69 0.75 0.79 0.82 0.91 0.94
 1.05 1.07 1.27 1.31 1.54 1.56 1.64 1.66 1.71 1.75 1.78 1.98 2.02 2.04
 2.23 2.29 2.33 2.42 2.43 2.44 2.45 2.54 2.68 2.69 2.77 2.84 2.85 2.88
 2.92 3.41 3.52 3.55 3.56 3.72 3.83 3.98 4.03 4.3  4.45 4.47 4.65 4.66
 4.92 5.85 6.42 6.65]
var: 2.4817814166666667
| [0m65       [0m | [0m2.416    [0m | [0m0.06431  [0m | [0m39.01    [0m | [0m0.1643   [0m |
[0.68 0.78 0.78 0.86 1.04 1.09 1.29 1.35 1.49 1.58 2.18 2.2  2.33 2.38
 2.54 2.83 2.91 2.97 2.99 3.06 3.07 3.12 3.19 3.2  3.24 3.29 3.32 3.32
 3.37 3.43 3.53 3.73 3.79 3.93 3.98 3.99 4.03 4.04 4.04 4.1  4.12 4.19
 4.25 4.28 4.31 4.36 4.58 4.66 4.7  4.87 5.18 5.18 5.25 5.72 6.06 6.08
 6.42 6.87 7.04]
var: 2.3484884228669918
| [95m66       [0m | [95m3.511    [0m | [95m0.01009  [0m | [95m39.0     [0m | [95m0.1102   [0m |
[0.   0.   0.   0.01 0.01 0.01 0.03 0.04 0.05 0.05 0.05 0.07 0.07 0.11
 0.11 0.12 0.12 0.14 0.17 0.19 0.21 0.22 0.24 0.25 0.26 0.26 0.27 0.27
 0.28 0.32 0.32 0.35 0.36 0.36 0.36 0.36 0.36 0.37 0.37 0.38 0.38 0.41
 0.42 0.43 0.43 0.44 0.45 0.45 0.47 0.48 0.49 0.5  0.53 0.53 0.57 0.63
 0.63 0.91 1.05 1.47]
var: 0.06927163888888913
| [0m67       [0m | [0m0.3198   [0m | [0m0.1828   [0m | [0m48.9     [0m | [0m2.073    [0m |
[0.89 0.89 1.14 1.15 1.18 1.28 1.31 1.38 1.64 1.67 1.73 1.76 1.81 1.97
 2.04 2.06 2.09 2.28 2.3  2.33 2.35 2.35 2.36 2.4  2.47 2.49 2.53 2.66
 2.72 2.72 2.78 2.8  2.81 2.82 2.84 2.84 2.88 2.92 2.95 2.97 3.   3.07
 3.25 3.26 3.35 3.35 3.52 3.53 3.61 3.77 3.87 3.92 4.2  4.64 4.94 5.03
 5.9  6.08 6.77 9.46]
var: 2.2117759999999995
| [0m68       [0m | [0m2.918    [0m | [0m0.2067   [0m | [0m39.07    [0m | [0m0.1014   [0m |
[0.82 0.89 0.93 0.99 1.04 1.05 1.08 1.31 1.33 1.36 1.4  1.52 1.66 1.67
 1.68 1.79 1.81 1.87 2.07 2.07 2.07 2.07 2.29 2.32 2.37 2.4  2.42 2.47
 2.48 2.5  2.51 2.53 2.56 2.62 2.71 2.77 2.91 2.92 2.92 2.95 2.96 2.98
 3.02 3.02 3.04 3.06 3.12 3.21 3.28 3.34 3.53 3.56 3.69 3.81 3.88 4.29
 4.46 4.47 4.52 6.55]
var: 1.1683015555555565
| [0m69       [0m | [0m2.549    [0m | [0m0.2322   [0m | [0m39.0     [0m | [0m0.08644  [0m |
[0.07 0.1  0.16 0.25 0.26 0.34 0.38 0.38 0.4  0.42 0.45 0.46 0.49 0.66
 0.67 0.67 0.72 0.73 0.74 0.75 0.76 0.82 0.97 0.98 0.99 1.   1.03 1.06
 1.08 1.08 1.08 1.11 1.21 1.24 1.25 1.29 1.31 1.32 1.34 1.37 1.47 1.62
 1.8  1.85 1.88 1.97 2.01 2.09 2.13 2.34 2.4  2.41 2.45 2.45 2.81 2.87
 2.95 2.98 3.   3.47]
var: 0.7299112222222224
| [0m70       [0m | [0m1.306    [0m | [0m0.1543   [0m | [0m1.262    [0m | [0m0.5175   [0m |
[1.09 1.25 1.33 1.38 1.46 1.48 1.48 1.55 1.64 1.81 2.04 2.3  2.43 2.5
 2.51 2.53 2.59 2.71 2.84 2.87 3.01 3.03 3.12 3.15 3.21 3.21 3.24 3.32
 3.37 3.41 3.43 3.5  3.59 3.6  3.64 3.8  3.83 3.86 3.88 3.88 3.9  4.03
 4.1  4.13 4.29 4.3  4.34 4.49 4.49 4.71 4.89 5.09 5.26 5.72 5.91 5.96
 6.13 6.87 7.99 9.33]
var: 2.6182366666666663
| [95m71       [0m | [95m3.58     [0m | [95m0.02097  [0m | [95m38.94    [0m | [95m0.08942  [0m |
[0.68 1.   1.02 1.12 1.41 1.5  1.53 1.57 1.7  1.78 1.78 1.8  1.86 1.86
 1.98 2.   2.02 2.2  2.21 2.22 2.27 2.37 2.38 2.39 2.45 2.57 2.59 2.65
 2.69 2.72 2.77 2.82 2.83 2.83 2.84 2.85 2.85 2.9  2.92 2.93 2.97 3.
 3.03 3.08 3.09 3.22 3.35 3.63 3.63 3.69 3.84 3.95 4.09 4.2  4.26 4.39
 4.43 4.6  4.95 7.43]
var: 1.2684427499999997
| [0m72       [0m | [0m2.762    [0m | [0m0.205    [0m | [0m25.93    [0m | [0m0.09349  [0m |
[0.17 0.2  0.29 0.4  0.42 0.47 0.57 0.66 0.7  0.77 0.81 0.87 0.91 0.93
 0.96 0.97 1.07 1.08 1.08 1.09 1.11 1.15 1.15 1.21 1.26 1.27 1.29 1.3
 1.43 1.47 1.53 1.54 1.58 1.68 1.7  1.71 1.95 2.08 2.16 2.4  2.43 2.43
 2.54 2.57 2.61 2.82 2.92 2.97 3.05 3.2  3.22 3.27 3.28 3.31 3.32 3.44
 3.55 3.88 4.25 4.29]
var: 1.1982045555555556
| [0m73       [0m | [0m1.812    [0m | [0m0.1897   [0m | [0m25.87    [0m | [0m0.2438   [0m |
[0.   0.   0.   0.01 0.01 0.02 0.02 0.02 0.02 0.03 0.03 0.04 0.05 0.08
 0.09 0.09 0.09 0.1  0.1  0.11 0.12 0.13 0.14 0.15 0.17 0.19 0.21 0.21
 0.25 0.26 0.26 0.27 0.27 0.34 0.34 0.34 0.37 0.38 0.38 0.4  0.4  0.4
 0.43 0.43 0.51 0.53 0.53 0.54 0.55 0.57 0.61 0.64 0.65 0.68 0.7  0.71
 0.74 0.76 0.79 1.42]
var: 0.07690822222222211
| [0m74       [0m | [0m0.3113   [0m | [0m0.0698   [0m | [0m40.34    [0m | [0m2.396    [0m |
[0.14 0.14 0.14 0.15 0.18 0.2  0.21 0.23 0.24 0.25 0.26 0.27 0.28 0.28
 0.29 0.3  0.3  0.32 0.33 0.33 0.35 0.38 0.38 0.4  0.42 0.44 0.45 0.46
 0.47 0.47 0.49 0.55 0.56 0.57 0.58 0.6  0.62 0.64 0.72 0.72 0.74 0.77
 0.79 0.82 0.83 0.91 0.92 0.97 0.98 1.08 1.1  1.11 1.12 1.18 1.29 1.34
 1.46 1.6  1.91 3.58]
var: 0.30302497222222197
| [0m75       [0m | [0m0.6602   [0m | [0m0.1133   [0m | [0m25.88    [0m | [0m0.01253  [0m |
[0.03 0.04 0.05 0.06 0.09 0.09 0.1  0.1  0.11 0.11 0.12 0.13 0.15 0.15
 0.17 0.18 0.31 0.31 0.32 0.38 0.42 0.44 0.48 0.48 0.5  0.51 0.52 0.52
 0.55 0.56 0.58 0.61 0.62 0.64 0.64 0.66 0.67 0.72 0.73 0.74 0.75 0.76
 0.81 0.88 0.93 0.95 1.06 1.12 1.12 1.13 1.22 1.27 1.35 1.46 1.56 1.6
 1.91 1.96 1.97 3.76]
var: 0.41198288888888857
| [0m76       [0m | [0m0.7027   [0m | [0m0.1231   [0m | [0m5.53     [0m | [0m2.517    [0m |
[0.46 0.71 0.84 1.03 1.05 1.19 1.36 1.42 1.45 1.6  1.68 1.76 1.77 1.8
 1.82 1.85 1.95 2.02 2.04 2.09 2.1  2.12 2.16 2.23 2.35 2.46 2.46 2.55
 2.56 2.61 2.61 2.62 2.84 2.89 2.97 3.   3.01 3.13 3.13 3.27 3.28 3.34
 3.55 3.62 3.67 3.7  3.83 3.95 4.05 4.06 4.35 4.43 4.47 4.51 4.53 4.69
 4.74 4.82 5.23 7.12]
var: 1.6647483333333324
| [0m77       [0m | [0m2.815    [0m | [0m0.1532   [0m | [0m39.12    [0m | [0m0.09498  [0m |
[0.57 0.64 0.67 0.69 0.84 0.86 1.2  1.22 1.25 1.29 1.43 1.61 1.66 1.89
 1.9  1.91 2.02 2.02 2.22 2.22 2.23 2.23 2.28 2.35 2.44 2.45 2.48 2.64
 2.66 2.68 2.76 2.85 2.87 2.87 2.89 2.91 3.04 3.05 3.11 3.11 3.19 3.2
 3.26 3.29 3.3  3.44 3.47 3.58 3.67 3.69 3.77 3.86 4.02 4.06 4.07 4.15
 4.17 4.38 4.71 6.72]
var: 1.3616116388888884
| [0m78       [0m | [0m2.667    [0m | [0m0.1044   [0m | [0m38.88    [0m | [0m0.08926  [0m |
[0.3  0.56 0.61 0.78 0.82 0.97 1.02 1.21 1.27 1.32 1.41 1.51 1.53 1.6
 1.66 1.79 1.86 2.07 2.15 2.16 2.33 2.33 2.34 2.38 2.42 2.55 2.63 2.63
 2.63 2.7  2.83 2.9  2.96 2.98 3.07 3.32 3.32 3.34 3.38 3.4  3.45 3.52
 3.56 3.61 3.67 3.71 3.96 4.06 4.07 4.2  4.21 4.22 4.43 4.49 5.07 5.16
 5.46 5.47 5.51 7.24]
var: 2.0524827499999994
| [0m79       [0m | [0m2.869    [0m | [0m0.1661   [0m | [0m25.79    [0m | [0m0.1324   [0m |
[0.98 1.01 1.1  1.19 1.26 1.27 1.37 1.39 1.4  1.43 1.44 1.45 1.59 1.6
 1.64 1.72 1.72 1.76 1.82 1.96 1.98 2.   2.04 2.13 2.13 2.31 2.33 2.37
 2.39 2.6  2.64 2.67 2.76 2.84 2.85 2.94 3.05 3.25 3.29 3.3  3.32 3.35
 3.37 3.43 3.81 3.83 3.83 3.87 3.87 3.88 4.22 4.24 4.46 4.85 4.91 4.95
 5.57 5.89 7.31 8.67]
var: 2.3621455555555557
| [0m80       [0m | [0m2.877    [0m | [0m0.2248   [0m | [0m25.85    [0m | [0m0.09731  [0m |
=============================================================
None
num_trials:  40  inits,  40  iters,  60  per
rho:  5
pthin:  0.94

Best VPT: 3.580000000000001
Best result: {'a': 0.0209705493452029, 'g': 38.941627422001446, 's': 0.08941527836714237}

KERNEL: nu=1.5, lengthscale=2.0, alpha=0.0005
