|   iter    |  target   |     a     |     g     |     s     |
-------------------------------------------------------------
[0.   0.01 0.03 0.04 0.05 0.05 0.05 0.07 0.07 0.08 0.09 0.09 0.09 0.09
 0.09 0.09 0.09 0.1  0.1  0.1  0.1  0.11 0.11 0.11 0.11 0.11 0.12 0.12
 0.12 0.12 0.12 0.12 0.12 0.13 0.13 0.14 0.14 0.14 0.15 0.15 0.15 0.16
 0.16 0.16 0.17 0.19 0.2  0.2  0.21 0.21 0.22 0.23 0.23 0.25 0.26 0.28
 0.29 0.36 0.45 0.74]
var: 0.012331416666666687
| [0m1        [0m | [0m0.1495   [0m | [0m0.09717  [0m | [0m24.17    [0m | [0m0.008292 [0m |
[0.07 0.13 0.16 0.24 0.28 0.29 0.32 0.44 0.48 0.49 0.5  0.51 0.52 0.53
 0.53 0.53 0.56 0.6  0.6  0.63 0.64 0.66 0.68 0.69 0.7  0.77 0.79 0.8
 0.81 0.81 0.81 0.82 0.82 0.86 0.9  0.96 0.98 1.09 1.11 1.12 1.12 1.13
 1.21 1.24 1.25 1.26 1.38 1.53 1.59 1.68 1.79 1.8  1.89 1.91 1.92 1.97
 2.12 2.23 2.25 2.5 ]
var: 0.34852222222222207
| [95m2        [0m | [95m0.9833   [0m | [95m0.2692   [0m | [95m29.87    [0m | [95m0.312    [0m |
[0.   0.   0.   0.01 0.02 0.02 0.03 0.03 0.03 0.06 0.07 0.08 0.11 0.13
 0.13 0.14 0.15 0.15 0.15 0.16 0.16 0.17 0.17 0.17 0.18 0.18 0.18 0.19
 0.2  0.2  0.21 0.21 0.24 0.25 0.25 0.25 0.25 0.27 0.28 0.3  0.3  0.32
 0.33 0.34 0.4  0.4  0.41 0.42 0.42 0.42 0.44 0.45 0.46 0.46 0.51 0.51
 0.53 0.61 0.66 0.74]
var: 0.030742750000000027
| [0m3        [0m | [0m0.2485   [0m | [0m0.2013   [0m | [0m38.82    [0m | [0m2.538    [0m |
[0.   0.   0.01 0.03 0.04 0.04 0.05 0.07 0.07 0.07 0.07 0.08 0.09 0.12
 0.13 0.14 0.14 0.14 0.14 0.16 0.19 0.19 0.23 0.25 0.25 0.26 0.27 0.27
 0.27 0.28 0.3  0.3  0.31 0.31 0.33 0.36 0.39 0.4  0.42 0.43 0.45 0.45
 0.45 0.46 0.46 0.47 0.5  0.7  0.8  0.84 0.84 0.87 0.88 0.89 1.01 1.06
 1.18 1.26 1.3  1.32]
var: 0.12607608333333348
| [0m4        [0m | [0m0.3965   [0m | [0m0.2605   [0m | [0m17.28    [0m | [0m2.709    [0m |
[0.01 0.04 0.18 0.32 0.33 0.38 0.38 0.39 0.41 0.41 0.43 0.48 0.54 0.55
 0.64 0.65 0.66 0.7  0.72 0.75 0.77 0.79 0.81 0.81 0.83 0.9  0.91 0.92
 0.92 0.93 1.02 1.03 1.05 1.08 1.1  1.12 1.19 1.2  1.23 1.26 1.28 1.35
 1.41 1.49 1.51 1.53 1.55 1.56 1.66 1.98 2.03 2.47 2.54 2.56 2.58 2.68
 2.88 3.39 3.5  4.67]
var: 0.8308245555555556
| [95m5        [0m | [95m1.224    [0m | [95m0.2313   [0m | [95m3.505    [0m | [95m0.09366  [0m |
[0.   0.01 0.01 0.02 0.02 0.05 0.05 0.06 0.06 0.07 0.08 0.09 0.11 0.11
 0.14 0.15 0.19 0.24 0.26 0.3  0.3  0.32 0.33 0.34 0.34 0.38 0.4  0.41
 0.41 0.43 0.45 0.46 0.46 0.46 0.47 0.48 0.48 0.49 0.5  0.5  0.58 0.64
 0.66 0.66 0.66 0.75 0.8  0.81 0.84 0.93 1.   1.06 1.06 1.15 1.17 1.22
 1.34 1.45 2.1  3.24]
var: 0.3003920833333336
| [0m6        [0m | [0m0.5425   [0m | [0m0.1793   [0m | [0m39.39    [0m | [0m0.689    [0m |
[0.04 0.06 0.12 0.23 0.4  0.43 0.49 0.5  0.57 0.58 0.6  0.61 0.62 0.62
 0.64 0.65 0.67 0.71 0.73 0.73 0.75 0.81 0.84 0.94 1.02 1.06 1.15 1.18
 1.23 1.24 1.24 1.25 1.27 1.28 1.29 1.29 1.4  1.42 1.45 1.56 1.65 1.65
 1.69 1.71 1.73 1.75 1.76 1.77 1.78 1.81 1.87 1.92 2.06 2.18 2.26 2.36
 2.72 2.78 2.97 3.3 ]
var: 0.5295360833333334
| [95m7        [0m | [95m1.257    [0m | [95m0.04884  [0m | [95m16.65    [0m | [95m0.4387   [0m |
[0.   0.   0.01 0.01 0.01 0.03 0.04 0.04 0.04 0.04 0.05 0.05 0.05 0.07
 0.07 0.07 0.08 0.09 0.1  0.11 0.12 0.12 0.13 0.14 0.14 0.14 0.15 0.15
 0.16 0.18 0.18 0.19 0.2  0.2  0.21 0.22 0.23 0.23 0.24 0.25 0.26 0.3
 0.3  0.31 0.32 0.32 0.33 0.35 0.4  0.42 0.43 0.44 0.46 0.46 0.46 0.48
 0.48 0.5  0.55 0.63]
var: 0.02625788888888906
| [0m8        [0m | [0m0.2123   [0m | [0m0.1359   [0m | [0m46.53    [0m | [0m2.788    [0m |
[0.   0.   0.   0.   0.02 0.06 0.06 0.06 0.06 0.07 0.08 0.09 0.1  0.11
 0.14 0.14 0.15 0.16 0.18 0.19 0.21 0.22 0.24 0.26 0.27 0.28 0.28 0.28
 0.3  0.3  0.31 0.31 0.32 0.34 0.37 0.37 0.38 0.38 0.39 0.39 0.41 0.42
 0.45 0.46 0.5  0.51 0.58 0.58 0.63 0.64 0.69 0.71 0.72 0.75 0.79 0.81
 1.01 1.24 1.31 1.74]
var: 0.11510655555555552
| [0m9        [0m | [0m0.3803   [0m | [0m0.1571   [0m | [0m26.69    [0m | [0m2.684    [0m |
[0.   0.   0.   0.01 0.05 0.07 0.09 0.1  0.11 0.13 0.13 0.18 0.18 0.18
 0.18 0.23 0.23 0.24 0.25 0.27 0.28 0.29 0.3  0.32 0.32 0.33 0.34 0.35
 0.36 0.36 0.38 0.39 0.39 0.41 0.41 0.46 0.46 0.47 0.47 0.47 0.49 0.5
 0.53 0.58 0.59 0.6  0.64 0.64 0.66 0.66 0.75 0.75 0.87 0.91 1.   1.
 1.13 1.17 1.17 1.57]
var: 0.10856
| [0m10       [0m | [0m0.44     [0m | [0m0.09542  [0m | [0m4.397    [0m | [0m2.915    [0m |
[0.   0.   0.   0.   0.03 0.04 0.05 0.05 0.07 0.08 0.08 0.09 0.1  0.1
 0.11 0.11 0.14 0.14 0.15 0.16 0.16 0.17 0.18 0.18 0.21 0.21 0.23 0.23
 0.24 0.26 0.28 0.28 0.28 0.32 0.32 0.32 0.35 0.37 0.37 0.38 0.38 0.38
 0.39 0.39 0.4  0.4  0.41 0.44 0.44 0.45 0.45 0.46 0.49 0.63 0.73 0.74
 0.83 0.95 0.96 1.3 ]
var: 0.0668712222222224
| [0m11       [0m | [0m0.3077   [0m | [0m0.14     [0m | [0m38.39    [0m | [0m2.197    [0m |
[0.   0.   0.   0.03 0.03 0.04 0.05 0.05 0.05 0.06 0.07 0.08 0.09 0.09
 0.09 0.12 0.13 0.13 0.13 0.19 0.2  0.2  0.28 0.29 0.31 0.31 0.34 0.35
 0.36 0.38 0.38 0.39 0.4  0.42 0.43 0.47 0.47 0.49 0.5  0.51 0.51 0.51
 0.54 0.54 0.55 0.57 0.58 0.63 0.64 0.65 0.68 0.7  0.71 0.74 0.75 0.9
 0.93 1.07 1.19 2.01]
var: 0.12328497222222172
| [0m12       [0m | [0m0.4052   [0m | [0m0.2757   [0m | [0m17.56    [0m | [0m2.341    [0m |
[0.   0.01 0.01 0.02 0.03 0.04 0.04 0.05 0.06 0.06 0.07 0.07 0.09 0.09
 0.1  0.1  0.11 0.11 0.11 0.12 0.12 0.13 0.14 0.14 0.14 0.14 0.15 0.17
 0.18 0.19 0.2  0.22 0.23 0.28 0.29 0.34 0.35 0.35 0.37 0.38 0.4  0.43
 0.44 0.45 0.45 0.46 0.46 0.54 0.55 0.55 0.56 0.57 0.58 0.59 0.63 0.64
 0.66 0.72 0.73 1.01]
var: 0.05406766666666678
| [0m13       [0m | [0m0.287    [0m | [0m0.08645  [0m | [0m33.06    [0m | [0m2.873    [0m |
[0.   0.   0.01 0.02 0.03 0.06 0.08 0.08 0.1  0.13 0.14 0.14 0.15 0.15
 0.16 0.17 0.18 0.18 0.19 0.2  0.2  0.2  0.2  0.24 0.25 0.28 0.3  0.32
 0.33 0.34 0.37 0.37 0.38 0.38 0.39 0.39 0.39 0.39 0.41 0.43 0.45 0.45
 0.46 0.49 0.49 0.49 0.49 0.5  0.52 0.52 0.58 0.61 0.68 0.69 0.74 0.86
 0.9  1.63 1.63 4.08]
var: 0.32329830555555533
| [0m14       [0m | [0m0.4332   [0m | [0m0.25     [0m | [0m30.32    [0m | [0m1.65     [0m |
[0.   0.   0.01 0.01 0.02 0.03 0.03 0.04 0.04 0.05 0.07 0.08 0.08 0.08
 0.09 0.1  0.1  0.12 0.13 0.13 0.13 0.15 0.15 0.15 0.16 0.17 0.17 0.18
 0.18 0.19 0.2  0.21 0.22 0.22 0.22 0.23 0.23 0.24 0.24 0.24 0.25 0.25
 0.28 0.3  0.3  0.31 0.32 0.33 0.38 0.39 0.42 0.46 0.49 0.49 0.55 0.59
 0.61 0.68 0.69 1.32]
var: 0.04900055555555563
| [0m15       [0m | [0m0.2417   [0m | [0m0.07376  [0m | [0m49.59    [0m | [0m2.093    [0m |
[0.09 0.09 0.19 0.33 0.39 0.51 0.52 0.55 0.55 0.56 0.57 0.58 0.59 0.59
 0.59 0.61 0.61 0.61 0.65 0.68 0.84 0.88 0.93 0.94 0.95 0.96 1.05 1.07
 1.1  1.1  1.11 1.17 1.17 1.17 1.17 1.19 1.21 1.22 1.24 1.25 1.28 1.29
 1.33 1.34 1.35 1.43 1.51 1.52 1.52 1.54 1.58 1.76 1.82 1.89 1.96 2.14
 2.31 3.15 3.28 3.6 ]
var: 0.4914109999999996
| [0m16       [0m | [0m1.153    [0m | [0m0.1217   [0m | [0m8.04     [0m | [0m0.325    [0m |
[0.   0.   0.02 0.04 0.06 0.06 0.07 0.07 0.1  0.11 0.12 0.12 0.12 0.16
 0.16 0.16 0.18 0.19 0.2  0.22 0.23 0.23 0.23 0.23 0.25 0.26 0.26 0.27
 0.27 0.28 0.29 0.32 0.34 0.35 0.38 0.4  0.4  0.42 0.44 0.44 0.44 0.47
 0.47 0.51 0.57 0.57 0.62 0.62 0.66 0.68 0.68 0.7  0.71 0.77 0.8  0.91
 0.92 0.99 1.15 1.33]
var: 0.08699322222222218
| [0m17       [0m | [0m0.3837   [0m | [0m0.1876   [0m | [0m3.507    [0m | [0m2.828    [0m |
[0.07 0.09 0.09 0.11 0.11 0.14 0.15 0.17 0.18 0.18 0.19 0.19 0.22 0.25
 0.27 0.3  0.31 0.33 0.35 0.38 0.39 0.41 0.43 0.44 0.44 0.45 0.48 0.5
 0.51 0.52 0.54 0.54 0.59 0.6  0.62 0.64 0.68 0.68 0.68 0.68 0.71 0.71
 0.73 0.73 0.74 0.77 0.77 0.78 0.81 0.87 0.88 1.04 1.15 1.16 1.16 1.26
 1.3  1.31 1.31 1.32]
var: 0.12426941666666691
| [0m18       [0m | [0m0.5735   [0m | [0m0.2479   [0m | [0m4.82     [0m | [0m1.238    [0m |
[0.   0.   0.01 0.02 0.02 0.02 0.03 0.04 0.04 0.06 0.09 0.09 0.1  0.11
 0.13 0.14 0.15 0.21 0.24 0.3  0.31 0.31 0.31 0.31 0.32 0.32 0.33 0.34
 0.35 0.35 0.36 0.36 0.37 0.37 0.39 0.4  0.4  0.41 0.41 0.41 0.45 0.47
 0.48 0.48 0.49 0.5  0.53 0.55 0.55 0.56 0.58 0.58 0.61 0.62 0.62 0.63
 0.65 0.72 0.8  1.15]
var: 0.0539809722222221
| [0m19       [0m | [0m0.3492   [0m | [0m0.2191   [0m | [0m23.29    [0m | [0m2.297    [0m |
[0.46 0.49 0.51 0.55 0.55 0.56 0.56 0.57 0.58 0.59 0.6  0.62 0.62 0.62
 0.7  0.72 0.74 0.76 0.76 0.78 0.78 0.79 0.8  0.82 0.84 0.84 0.86 0.87
 0.89 0.89 0.92 0.93 0.93 0.95 0.95 0.97 1.01 1.05 1.06 1.08 1.12 1.13
 1.13 1.14 1.15 1.19 1.22 1.27 1.29 1.32 1.35 1.45 1.61 1.63 1.68 1.73
 1.73 1.74 1.9  2.02]
var: 0.14775808333333354
| [0m20       [0m | [0m0.9895   [0m | [0m0.2716   [0m | [0m44.75    [0m | [0m0.1477   [0m |
[0.   0.01 0.02 0.03 0.06 0.11 0.11 0.12 0.12 0.13 0.13 0.18 0.25 0.26
 0.28 0.29 0.29 0.32 0.35 0.38 0.39 0.39 0.41 0.43 0.43 0.47 0.47 0.51
 0.52 0.56 0.57 0.6  0.6  0.63 0.64 0.65 0.71 0.73 0.75 0.76 0.81 0.81
 0.94 0.99 1.   1.08 1.09 1.09 1.09 1.11 1.17 1.17 1.21 1.27 1.33 1.57
 1.9  2.01 2.64 2.92]
var: 0.35963788888888903
| [0m21       [0m | [0m0.6977   [0m | [0m0.0172   [0m | [0m26.18    [0m | [0m1.136    [0m |
[0.   0.02 0.03 0.04 0.06 0.07 0.11 0.11 0.13 0.15 0.16 0.18 0.18 0.18
 0.2  0.2  0.2  0.21 0.23 0.23 0.26 0.29 0.33 0.36 0.37 0.38 0.4  0.43
 0.43 0.44 0.44 0.45 0.46 0.47 0.49 0.5  0.51 0.56 0.56 0.56 0.57 0.57
 0.57 0.58 0.58 0.59 0.6  0.62 0.63 0.63 0.64 0.66 0.66 0.67 0.68 0.83
 0.87 0.87 0.89 1.22]
var: 0.06524497222222204
| [0m22       [0m | [0m0.4218   [0m | [0m0.07838  [0m | [0m20.29    [0m | [0m2.407    [0m |
[0.04 0.05 0.07 0.09 0.11 0.12 0.13 0.14 0.14 0.15 0.17 0.21 0.21 0.23
 0.23 0.25 0.28 0.3  0.31 0.33 0.33 0.37 0.38 0.38 0.43 0.47 0.49 0.51
 0.54 0.54 0.55 0.57 0.58 0.58 0.59 0.63 0.65 0.66 0.66 0.68 0.68 0.69
 0.72 0.72 0.75 0.77 0.77 0.79 0.81 0.94 1.05 1.15 1.18 1.22 1.23 1.26
 1.3  1.45 1.62 1.78]
var: 0.1672236388888888
| [0m23       [0m | [0m0.5838   [0m | [0m0.1315   [0m | [0m28.04    [0m | [0m0.5881   [0m |
[0.   0.   0.01 0.01 0.04 0.05 0.05 0.06 0.06 0.1  0.13 0.15 0.16 0.2
 0.2  0.21 0.22 0.23 0.25 0.25 0.26 0.27 0.3  0.3  0.31 0.32 0.36 0.38
 0.41 0.42 0.44 0.44 0.48 0.5  0.52 0.55 0.56 0.57 0.59 0.6  0.62 0.64
 0.64 0.66 0.67 0.68 0.71 0.74 0.79 0.82 0.85 0.93 0.94 0.95 1.11 1.13
 1.14 1.25 1.41 2.31]
var: 0.17302430555555556
| [0m24       [0m | [0m0.4992   [0m | [0m0.1797   [0m | [0m24.49    [0m | [0m1.888    [0m |
[0.   0.   0.   0.   0.   0.   0.01 0.02 0.03 0.03 0.03 0.03 0.04 0.05
 0.05 0.05 0.05 0.06 0.06 0.06 0.07 0.07 0.07 0.11 0.11 0.12 0.12 0.13
 0.14 0.14 0.15 0.16 0.17 0.17 0.18 0.22 0.22 0.24 0.24 0.24 0.27 0.27
 0.3  0.31 0.32 0.34 0.35 0.36 0.36 0.37 0.37 0.39 0.48 0.48 0.49 0.5
 0.54 0.54 0.67 0.7 ]
var: 0.03281097222222226
| [0m25       [0m | [0m0.2008   [0m | [0m0.2029   [0m | [0m43.48    [0m | [0m2.848    [0m |
[0.15 0.41 0.46 0.51 0.55 0.56 0.6  0.61 0.64 0.67 0.69 0.73 0.77 0.87
 0.95 1.04 1.05 1.09 1.11 1.15 1.15 1.15 1.18 1.2  1.2  1.22 1.23 1.23
 1.24 1.26 1.34 1.42 1.44 1.45 1.45 1.48 1.53 1.59 1.61 1.66 1.74 1.75
 1.76 1.76 1.83 1.84 1.85 1.9  1.9  2.19 2.28 2.45 2.56 2.65 2.67 2.76
 2.76 2.81 3.02 3.07]
var: 0.5075149722222219
| [95m26       [0m | [95m1.453    [0m | [95m0.2192   [0m | [95m16.02    [0m | [95m0.1169   [0m |
[0.   0.   0.   0.   0.02 0.02 0.03 0.04 0.05 0.06 0.06 0.06 0.07 0.08
 0.08 0.08 0.1  0.12 0.13 0.14 0.14 0.16 0.22 0.24 0.27 0.28 0.28 0.29
 0.3  0.32 0.33 0.37 0.38 0.42 0.42 0.42 0.44 0.44 0.44 0.45 0.46 0.48
 0.48 0.49 0.5  0.58 0.6  0.62 0.65 0.66 0.67 0.72 0.76 0.76 0.77 0.79
 0.96 1.03 1.11 1.81]
var: 0.11404874999999993
| [0m27       [0m | [0m0.3775   [0m | [0m0.2057   [0m | [0m37.63    [0m | [0m1.545    [0m |
[0.   0.02 0.05 0.06 0.06 0.07 0.09 0.11 0.13 0.15 0.17 0.17 0.18 0.18
 0.18 0.19 0.23 0.3  0.3  0.31 0.33 0.35 0.37 0.38 0.4  0.41 0.42 0.42
 0.45 0.46 0.47 0.48 0.48 0.49 0.5  0.54 0.55 0.57 0.6  0.62 0.63 0.66
 0.67 0.7  0.71 0.74 0.75 0.75 0.78 0.8  0.86 0.86 0.95 0.97 0.98 1.34
 1.42 1.65 1.8  1.84]
var: 0.1750616666666668
| [0m28       [0m | [0m0.535    [0m | [0m0.2696   [0m | [0m31.27    [0m | [0m0.6301   [0m |
[0.05 0.05 0.07 0.09 0.09 0.1  0.11 0.11 0.11 0.12 0.13 0.13 0.16 0.16
 0.17 0.18 0.19 0.2  0.2  0.21 0.23 0.24 0.26 0.26 0.27 0.28 0.28 0.28
 0.3  0.31 0.32 0.33 0.33 0.35 0.38 0.39 0.39 0.41 0.41 0.42 0.43 0.46
 0.49 0.49 0.5  0.51 0.53 0.57 0.57 0.61 0.61 0.64 0.65 0.65 0.69 0.7
 0.72 0.84 0.85 1.02]
var: 0.050506666666666526
| [0m29       [0m | [0m0.36     [0m | [0m0.1382   [0m | [0m1.315    [0m | [0m0.9495   [0m |
[0.26 0.56 0.57 0.61 0.65 0.68 0.69 0.75 0.77 0.78 0.83 0.83 0.87 0.91
 0.94 0.97 1.03 1.05 1.12 1.17 1.22 1.23 1.23 1.27 1.28 1.29 1.29 1.3
 1.34 1.37 1.39 1.45 1.45 1.49 1.51 1.51 1.55 1.57 1.62 1.64 1.65 1.66
 1.68 1.8  1.81 1.82 1.83 1.84 1.92 2.14 2.27 2.4  2.43 2.45 2.52 2.56
 2.59 3.16 3.39 4.75]
var: 0.5965949722222229
| [95m30       [0m | [95m1.512    [0m | [95m0.1706   [0m | [95m17.26    [0m | [95m0.1237   [0m |
[0.52 0.7  0.74 0.82 0.85 0.88 0.89 0.9  0.97 1.03 1.04 1.17 1.19 1.21
 1.27 1.29 1.34 1.34 1.41 1.45 1.45 1.46 1.46 1.54 1.59 1.63 1.64 1.66
 1.67 1.71 1.72 1.72 1.73 1.79 1.8  1.82 1.85 1.85 1.88 2.04 2.14 2.16
 2.17 2.2  2.22 2.24 2.32 2.39 2.46 2.51 2.51 2.64 2.69 2.93 3.2  3.64
 3.73 3.93 4.28 4.32]
var: 0.7469238888888886
| [95m31       [0m | [95m1.862    [0m | [95m0.02622  [0m | [95m12.86    [0m | [95m0.1764   [0m |
[0.   0.   0.01 0.01 0.02 0.02 0.04 0.04 0.05 0.05 0.05 0.06 0.06 0.06
 0.06 0.07 0.08 0.09 0.09 0.09 0.1  0.1  0.1  0.11 0.12 0.12 0.15 0.16
 0.17 0.19 0.2  0.2  0.2  0.2  0.21 0.21 0.22 0.22 0.24 0.25 0.29 0.29
 0.31 0.31 0.31 0.31 0.32 0.33 0.33 0.34 0.35 0.36 0.36 0.38 0.44 0.46
 0.51 0.53 0.72 0.94]
var: 0.03205497222222201
| [0m32       [0m | [0m0.2102   [0m | [0m0.06866  [0m | [0m40.49    [0m | [0m2.776    [0m |
[0.01 0.02 0.03 0.05 0.06 0.06 0.07 0.11 0.12 0.12 0.13 0.13 0.14 0.16
 0.18 0.19 0.23 0.24 0.27 0.33 0.35 0.36 0.38 0.43 0.45 0.52 0.52 0.54
 0.54 0.55 0.55 0.57 0.62 0.64 0.68 0.69 0.71 0.77 0.79 0.82 0.85 0.9
 0.93 0.99 1.01 1.03 1.04 1.05 1.13 1.14 1.2  1.23 1.23 1.27 1.38 1.59
 1.66 1.69 2.36 2.42]
var: 0.3042380833333335
| [0m33       [0m | [0m0.6705   [0m | [0m0.02771  [0m | [0m21.91    [0m | [0m1.559    [0m |
[0.   0.   0.   0.   0.   0.01 0.03 0.03 0.03 0.04 0.04 0.06 0.07 0.07
 0.07 0.08 0.08 0.1  0.11 0.11 0.13 0.14 0.15 0.16 0.17 0.17 0.18 0.19
 0.2  0.2  0.21 0.26 0.26 0.27 0.36 0.39 0.44 0.44 0.46 0.47 0.49 0.49
 0.5  0.5  0.54 0.61 0.65 0.76 0.79 0.87 0.88 0.91 0.95 1.   1.02 1.07
 1.27 1.32 1.74 1.87]
var: 0.1896683055555557
| [0m34       [0m | [0m0.4068   [0m | [0m0.1128   [0m | [0m47.96    [0m | [0m0.9141   [0m |
[0.01 0.02 0.05 0.05 0.05 0.09 0.1  0.1  0.11 0.14 0.15 0.15 0.16 0.18
 0.18 0.2  0.22 0.22 0.23 0.26 0.26 0.28 0.28 0.29 0.3  0.32 0.35 0.37
 0.37 0.37 0.38 0.4  0.4  0.42 0.42 0.49 0.49 0.49 0.5  0.51 0.56 0.62
 0.81 0.81 0.83 0.84 0.84 0.85 0.88 0.9  0.91 0.95 1.05 1.06 1.15 1.16
 1.17 1.47 1.55 1.8 ]
var: 0.16968475000000038
| [0m35       [0m | [0m0.5095   [0m | [0m0.2589   [0m | [0m8.104    [0m | [0m1.838    [0m |
[0.02 0.03 0.03 0.05 0.06 0.06 0.07 0.1  0.11 0.13 0.13 0.16 0.16 0.22
 0.27 0.27 0.29 0.3  0.32 0.34 0.34 0.39 0.4  0.43 0.44 0.44 0.45 0.45
 0.46 0.49 0.49 0.49 0.51 0.52 0.53 0.53 0.54 0.57 0.59 0.62 0.62 0.65
 0.65 0.7  0.76 0.77 0.77 0.77 0.79 0.83 0.85 0.9  1.02 1.06 1.14 1.18
 1.28 1.33 1.72 1.86]
var: 0.1590109722222217
| [0m36       [0m | [0m0.5408   [0m | [0m0.2974   [0m | [0m24.35    [0m | [0m1.157    [0m |
[0.   0.04 0.04 0.05 0.06 0.07 0.07 0.08 0.1  0.11 0.11 0.12 0.14 0.14
 0.15 0.16 0.18 0.21 0.21 0.22 0.22 0.22 0.31 0.33 0.33 0.34 0.34 0.35
 0.35 0.37 0.38 0.4  0.41 0.41 0.42 0.42 0.43 0.43 0.43 0.43 0.44 0.44
 0.46 0.49 0.5  0.55 0.55 0.58 0.59 0.6  0.6  0.63 0.66 0.68 0.68 0.7
 0.82 0.88 0.88 1.11]
var: 0.05847655555555576
| [0m37       [0m | [0m0.3737   [0m | [0m0.07701  [0m | [0m39.33    [0m | [0m1.54     [0m |
[0.48 0.52 0.54 0.55 0.59 0.62 0.63 0.69 0.83 0.84 0.87 0.91 0.92 0.97
 1.   1.01 1.06 1.13 1.19 1.21 1.26 1.36 1.39 1.4  1.42 1.44 1.45 1.48
 1.48 1.49 1.55 1.55 1.6  1.61 1.62 1.62 1.64 1.65 1.7  1.77 1.77 1.78
 1.82 1.98 1.98 2.06 2.09 2.28 2.28 2.35 2.46 2.46 2.56 2.69 2.69 3.38
 3.5  3.8  4.25 4.34]
var: 0.7742562222222225
| [0m38       [0m | [0m1.659    [0m | [0m0.1316   [0m | [0m26.97    [0m | [0m0.1014   [0m |
[0.   0.01 0.04 0.05 0.06 0.06 0.07 0.08 0.1  0.11 0.13 0.14 0.15 0.18
 0.18 0.21 0.21 0.22 0.24 0.26 0.27 0.27 0.28 0.29 0.32 0.32 0.34 0.37
 0.4  0.42 0.44 0.46 0.46 0.46 0.48 0.49 0.5  0.5  0.51 0.51 0.54 0.55
 0.55 0.57 0.58 0.58 0.6  0.6  0.62 0.68 0.7  0.72 0.83 0.87 0.89 0.97
 1.03 1.15 1.21 3.6 ]
var: 0.24727030555555557
| [0m39       [0m | [0m0.4738   [0m | [0m0.289    [0m | [0m4.685    [0m | [0m0.991    [0m |
[0.   0.01 0.03 0.05 0.05 0.08 0.1  0.11 0.12 0.12 0.15 0.15 0.16 0.16
 0.18 0.21 0.22 0.23 0.25 0.27 0.28 0.29 0.31 0.34 0.35 0.36 0.37 0.38
 0.39 0.42 0.43 0.45 0.47 0.48 0.48 0.49 0.5  0.52 0.53 0.54 0.61 0.63
 0.65 0.65 0.66 0.66 0.69 0.72 0.76 0.82 0.84 0.85 0.86 0.88 0.89 0.98
 1.02 1.1  1.3  1.33]
var: 0.10405141666666683
| [0m40       [0m | [0m0.4655   [0m | [0m0.05429  [0m | [0m10.95    [0m | [0m2.427    [0m |
[0.45 0.59 0.61 0.61 0.66 0.71 0.78 0.82 0.85 0.91 0.94 1.07 1.07 1.11
 1.19 1.2  1.2  1.23 1.23 1.34 1.48 1.55 1.57 1.61 1.61 1.64 1.67 1.72
 1.72 1.84 1.88 1.89 1.94 1.97 2.   2.03 2.04 2.09 2.14 2.17 2.22 2.23
 2.37 2.38 2.4  2.41 2.41 2.42 2.46 2.5  2.53 2.53 2.61 2.63 2.68 2.79
 3.17 3.29 4.41 4.83]
var: 0.7504999999999995
| [0m41       [0m | [0m1.84     [0m | [0m0.08691  [0m | [0m13.65    [0m | [0m0.06029  [0m |
[0.01 0.03 0.04 0.05 0.08 0.14 0.16 0.16 0.17 0.17 0.18 0.2  0.27 0.28
 0.29 0.3  0.32 0.33 0.33 0.36 0.37 0.38 0.42 0.43 0.44 0.44 0.46 0.46
 0.48 0.51 0.54 0.55 0.56 0.58 0.6  0.61 0.63 0.65 0.67 0.67 0.68 0.69
 0.71 0.8  0.81 0.83 0.87 0.92 0.93 0.96 0.97 0.99 1.03 1.12 1.18 1.24
 1.52 1.71 1.8  1.83]
var: 0.18232608333333336
| [0m42       [0m | [0m0.5985   [0m | [0m0.2323   [0m | [0m13.47    [0m | [0m0.9047   [0m |
[0.   0.01 0.03 0.03 0.1  0.11 0.13 0.16 0.18 0.22 0.23 0.3  0.31 0.34
 0.39 0.41 0.46 0.46 0.47 0.47 0.54 0.54 0.54 0.57 0.57 0.6  0.6  0.61
 0.62 0.62 0.65 0.65 0.67 0.7  0.7  0.7  0.74 0.77 0.81 0.83 0.84 0.84
 0.87 0.92 0.93 0.99 1.08 1.1  1.13 1.13 1.16 1.16 1.29 1.3  1.33 1.36
 1.42 1.45 1.5  2.1 ]
var: 0.19195455555555568
| [0m43       [0m | [0m0.6957   [0m | [0m0.0269   [0m | [0m16.95    [0m | [0m1.281    [0m |
[0.42 0.43 0.45 0.55 0.59 0.68 0.71 0.74 0.74 0.75 0.79 0.83 0.83 0.83
 0.84 0.87 0.87 0.88 0.89 0.92 0.94 1.   1.01 1.11 1.11 1.14 1.14 1.17
 1.19 1.19 1.23 1.24 1.24 1.27 1.3  1.35 1.37 1.41 1.42 1.44 1.45 1.46
 1.53 1.53 1.6  1.6  1.64 1.71 1.72 1.73 1.76 1.77 1.85 1.88 2.03 2.12
 2.22 2.44 3.17 3.21]
var: 0.3341472222222221
| [0m44       [0m | [0m1.288    [0m | [0m0.1077   [0m | [0m13.69    [0m | [0m0.04605  [0m |
[0.07 0.13 0.15 0.17 0.31 0.32 0.34 0.38 0.38 0.38 0.4  0.44 0.45 0.46
 0.49 0.52 0.52 0.53 0.59 0.78 0.8  0.85 0.89 0.9  0.9  0.9  0.9  0.9
 0.94 0.94 0.94 0.99 1.02 1.06 1.11 1.13 1.17 1.19 1.2  1.21 1.25 1.27
 1.34 1.37 1.41 1.43 1.49 1.51 1.57 1.63 1.67 1.72 1.82 1.86 2.1  2.19
 2.82 3.   3.11 4.43]
var: 0.6340778888888884
| [0m45       [0m | [0m1.112    [0m | [0m0.2141   [0m | [0m3.513    [0m | [0m0.1052   [0m |
[0.42 0.55 0.56 0.57 0.61 0.65 0.65 0.79 0.85 0.89 0.9  0.92 1.04 1.06
 1.07 1.08 1.08 1.1  1.1  1.11 1.11 1.11 1.17 1.19 1.2  1.21 1.23 1.24
 1.28 1.29 1.29 1.32 1.33 1.33 1.34 1.35 1.35 1.38 1.47 1.47 1.56 1.61
 1.63 1.68 1.7  1.71 1.73 1.8  1.81 1.82 1.89 1.94 1.99 2.01 2.03 2.05
 2.06 2.2  2.48 2.6 ]
var: 0.23556288888888935
| [0m46       [0m | [0m1.349    [0m | [0m0.2328   [0m | [0m16.46    [0m | [0m0.131    [0m |
[0.3  0.3  0.55 0.58 0.67 0.7  0.74 0.89 1.03 1.04 1.07 1.08 1.13 1.17
 1.22 1.24 1.25 1.29 1.29 1.32 1.34 1.39 1.4  1.43 1.51 1.52 1.53 1.55
 1.73 1.75 1.76 1.78 1.78 1.85 1.86 1.9  1.98 2.01 2.01 2.07 2.08 2.15
 2.16 2.27 2.3  2.38 2.4  2.4  2.43 2.47 2.47 2.5  2.51 2.87 2.89 2.99
 3.34 3.52 3.85 4.76]
var: 0.735714305555555
| [0m47       [0m | [0m1.796    [0m | [0m0.1946   [0m | [0m17.3     [0m | [0m0.07755  [0m |
[0.07 0.08 0.24 0.56 0.64 0.66 0.69 0.7  0.75 0.76 0.76 0.78 0.79 0.79
 0.8  0.81 0.81 0.83 0.85 0.88 0.88 0.9  0.92 0.99 1.01 1.01 1.03 1.07
 1.09 1.12 1.12 1.14 1.16 1.16 1.16 1.17 1.17 1.17 1.18 1.19 1.2  1.2
 1.21 1.23 1.27 1.33 1.34 1.37 1.37 1.45 1.45 1.58 1.67 1.76 1.78 1.81
 1.84 2.08 2.19 2.23]
var: 0.19436763888888897
| [0m48       [0m | [0m1.104    [0m | [0m0.1002   [0m | [0m13.61    [0m | [0m0.02882  [0m |
[0.25 0.35 0.47 0.57 0.6  0.62 0.62 0.65 0.72 0.76 0.77 0.78 0.81 0.87
 0.89 0.92 0.93 0.99 1.03 1.06 1.09 1.12 1.16 1.17 1.2  1.23 1.24 1.24
 1.25 1.32 1.34 1.46 1.47 1.47 1.5  1.5  1.56 1.57 1.57 1.71 1.72 1.74
 1.75 1.84 1.94 1.96 1.99 2.07 2.13 2.27 2.28 2.31 2.58 2.61 2.7  2.78
 2.84 3.   3.56 3.94]
var: 0.6154128888888891
| [0m49       [0m | [0m1.497    [0m | [0m0.05658  [0m | [0m12.91    [0m | [0m0.2477   [0m |
[0.03 0.03 0.03 0.05 0.11 0.11 0.12 0.13 0.13 0.15 0.15 0.16 0.17 0.21
 0.21 0.22 0.23 0.29 0.32 0.33 0.33 0.36 0.37 0.37 0.39 0.39 0.41 0.49
 0.49 0.51 0.53 0.53 0.57 0.59 0.6  0.63 0.64 0.68 0.71 0.72 0.73 0.75
 0.77 0.79 0.82 0.85 0.88 0.89 0.92 0.96 1.   1.15 1.16 1.21 1.28 1.44
 1.45 1.47 1.48 1.49]
var: 0.17399433333333347
| [0m50       [0m | [0m0.583    [0m | [0m0.2557   [0m | [0m8.756    [0m | [0m2.38     [0m |
[0.55 0.59 0.61 0.61 0.63 0.69 0.71 0.81 0.9  0.92 0.95 1.13 1.19 1.24
 1.3  1.35 1.38 1.38 1.39 1.39 1.4  1.42 1.43 1.48 1.65 1.67 1.68 1.68
 1.71 1.77 1.78 1.82 1.83 1.86 1.87 1.87 1.89 1.91 1.94 1.98 2.02 2.04
 2.04 2.06 2.1  2.19 2.24 2.27 2.3  2.5  2.57 2.71 2.72 2.76 2.86 3.43
 3.53 3.73 3.91 4.2 ]
var: 0.6906923333333335
| [0m51       [0m | [0m1.809    [0m | [0m0.02086  [0m | [0m12.89    [0m | [0m0.152    [0m |
[0.31 0.35 0.36 0.41 0.49 0.6  0.68 0.73 0.95 0.96 0.97 0.97 1.   1.01
 1.01 1.01 1.07 1.07 1.09 1.09 1.12 1.17 1.2  1.25 1.26 1.31 1.36 1.37
 1.4  1.43 1.44 1.53 1.58 1.61 1.65 1.69 1.8  1.88 1.92 1.93 1.93 1.97
 2.01 2.04 2.05 2.09 2.11 2.12 2.2  2.3  2.37 2.43 2.66 2.81 3.41 3.56
 3.62 3.66 3.67 4.02]
var: 0.7883856666666672
| [0m52       [0m | [0m1.651    [0m | [0m0.08151  [0m | [0m13.64    [0m | [0m0.1245   [0m |
[0.   0.04 0.2  0.29 0.37 0.41 0.41 0.42 0.42 0.43 0.45 0.48 0.49 0.49
 0.5  0.53 0.53 0.53 0.62 0.74 0.75 0.78 0.79 0.83 0.84 0.89 0.9  0.92
 0.98 0.99 1.06 1.07 1.13 1.13 1.2  1.21 1.23 1.23 1.29 1.3  1.31 1.34
 1.37 1.45 1.45 1.48 1.59 1.64 1.72 1.72 1.73 1.73 2.06 2.23 2.26 2.29
 2.35 2.38 2.84 3.09]
var: 0.47397833333333383
| [0m53       [0m | [0m1.115    [0m | [0m0.2092   [0m | [0m3.503    [0m | [0m0.1091   [0m |
[0.54 0.55 0.56 0.56 0.58 0.63 0.82 0.85 0.95 0.95 0.97 0.98 1.02 1.09
 1.1  1.15 1.2  1.21 1.24 1.25 1.44 1.47 1.55 1.59 1.6  1.66 1.67 1.73
 1.73 1.73 1.75 1.77 1.79 1.81 1.82 1.82 1.88 1.88 1.91 1.95 1.97 1.99
 1.99 2.01 2.01 2.05 2.05 2.1  2.2  2.21 2.25 2.52 2.54 2.54 2.68 2.91
 2.94 2.98 4.23 4.55]
var: 0.632691416666667
| [0m54       [0m | [0m1.725    [0m | [0m0.09412  [0m | [0m12.85    [0m | [0m0.1494   [0m |
[0.03 0.2  0.23 0.24 0.42 0.42 0.45 0.55 0.55 0.55 0.56 0.56 0.58 0.59
 0.7  0.74 0.76 0.77 0.79 0.88 0.9  0.98 1.   1.01 1.04 1.06 1.1  1.14
 1.17 1.21 1.22 1.22 1.22 1.23 1.24 1.25 1.25 1.27 1.29 1.31 1.33 1.34
 1.37 1.4  1.46 1.46 1.48 1.66 1.67 1.67 1.72 1.77 1.8  1.83 1.88 1.96
 2.   2.01 2.01 2.11]
var: 0.2682716388888883
| [0m55       [0m | [0m1.127    [0m | [0m0.1785   [0m | [0m17.22    [0m | [0m0.02497  [0m |
[0.61 0.71 0.97 0.98 1.   1.16 1.18 1.28 1.42 1.46 1.53 1.6  1.71 1.73
 1.76 1.78 1.79 1.88 1.89 1.89 1.93 1.94 1.98 2.05 2.06 2.11 2.13 2.25
 2.31 2.39 2.39 2.41 2.43 2.43 2.43 2.45 2.46 2.46 2.54 2.62 2.62 2.64
 2.87 2.88 2.9  2.96 3.03 3.11 3.13 3.13 3.21 3.27 3.29 3.39 3.4  3.61
 3.75 4.15 4.81 7.1 ]
var: 1.0852143055555554
| [95m56       [0m | [95m2.389    [0m | [95m0.01068  [0m | [95m12.82    [0m | [95m0.07293  [0m |
[0.81 0.86 0.9  1.12 1.16 1.2  1.21 1.3  1.34 1.37 1.38 1.41 1.42 1.43
 1.45 1.47 1.52 1.59 1.65 1.67 1.67 1.69 1.71 1.8  1.82 1.83 1.88 1.91
 1.94 1.96 1.97 1.98 2.   2.01 2.06 2.08 2.09 2.15 2.18 2.19 2.22 2.22
 2.33 2.35 2.46 2.48 2.58 2.76 2.79 2.87 2.91 3.06 3.08 3.12 3.26 3.28
 3.33 3.4  3.87 4.25]
var: 0.5639888888888879
| [0m57       [0m | [0m2.063    [0m | [0m0.02637  [0m | [0m12.84    [0m | [0m0.09599  [0m |
[0.27 0.37 0.39 0.4  0.45 0.62 0.7  0.74 0.74 0.75 0.75 0.75 0.76 0.77
 0.77 0.79 0.8  0.81 0.83 0.86 0.9  0.9  0.97 0.99 0.99 1.02 1.02 1.07
 1.08 1.09 1.11 1.12 1.15 1.16 1.17 1.22 1.26 1.26 1.27 1.28 1.3  1.31
 1.34 1.35 1.4  1.45 1.48 1.5  1.57 1.58 1.59 1.62 1.7  1.7  1.76 1.82
 1.83 2.11 2.67 3.55]
var: 0.2962765555555558
| [0m58       [0m | [0m1.166    [0m | [0m0.08596  [0m | [0m12.77    [0m | [0m0.03048  [0m |
[0.21 0.38 0.54 0.58 0.61 0.62 0.62 0.72 0.77 0.79 0.8  0.81 0.88 0.9
 0.92 0.95 0.99 1.02 1.05 1.06 1.11 1.11 1.12 1.13 1.16 1.19 1.2  1.25
 1.28 1.29 1.3  1.32 1.33 1.39 1.4  1.42 1.44 1.51 1.54 1.59 1.6  1.6
 1.62 1.67 1.71 1.72 1.84 1.85 1.86 2.06 2.48 2.52 2.56 2.58 2.63 2.64
 2.65 2.67 3.18 4.75]
var: 0.612831638888889
| [0m59       [0m | [0m1.458    [0m | [0m0.1094   [0m | [0m12.78    [0m | [0m0.234    [0m |
[0.   0.   0.   0.   0.01 0.01 0.01 0.01 0.01 0.02 0.02 0.02 0.03 0.05
 0.06 0.06 0.06 0.06 0.06 0.07 0.08 0.09 0.11 0.11 0.12 0.13 0.13 0.14
 0.15 0.15 0.16 0.17 0.18 0.19 0.19 0.2  0.2  0.2  0.22 0.23 0.25 0.29
 0.29 0.3  0.3  0.31 0.32 0.33 0.37 0.37 0.41 0.42 0.43 0.47 0.48 0.51
 0.54 0.56 0.6  1.56]
var: 0.05753655555555563
| [0m60       [0m | [0m0.2137   [0m | [0m0.1706   [0m | [0m46.31    [0m | [0m2.87     [0m |
[0.   0.   0.01 0.03 0.04 0.05 0.06 0.06 0.06 0.07 0.08 0.08 0.08 0.09
 0.1  0.11 0.12 0.12 0.13 0.13 0.15 0.15 0.18 0.2  0.2  0.21 0.21 0.22
 0.23 0.25 0.25 0.26 0.29 0.29 0.31 0.32 0.33 0.34 0.34 0.35 0.36 0.37
 0.39 0.39 0.39 0.39 0.4  0.41 0.42 0.42 0.51 0.51 0.51 0.52 0.54 0.64
 0.76 0.77 0.81 1.03]
var: 0.04762400000000004
| [0m61       [0m | [0m0.284    [0m | [0m0.1968   [0m | [0m42.73    [0m | [0m1.967    [0m |
[0.44 0.45 0.52 0.53 0.54 0.56 0.59 0.6  0.63 0.75 0.76 0.82 0.82 0.89
 0.95 1.01 1.05 1.09 1.13 1.14 1.17 1.18 1.19 1.24 1.25 1.25 1.26 1.26
 1.27 1.29 1.3  1.31 1.43 1.48 1.49 1.55 1.61 1.62 1.68 1.69 1.73 1.74
 1.74 1.77 1.84 1.84 1.84 1.85 1.89 1.99 1.99 2.12 2.2  2.22 2.43 2.43
 2.6  2.78 2.86 2.94]
var: 0.39530274999999976
| [0m62       [0m | [0m1.427    [0m | [0m0.1898   [0m | [0m26.92    [0m | [0m0.0739   [0m |
[0.29 0.31 0.41 0.41 0.49 0.5  0.51 0.53 0.53 0.59 0.66 0.73 0.76 0.78
 0.86 0.9  0.9  0.98 1.06 1.1  1.13 1.16 1.18 1.18 1.2  1.22 1.22 1.24
 1.28 1.28 1.31 1.31 1.32 1.35 1.41 1.42 1.42 1.45 1.53 1.56 1.58 1.58
 1.65 1.76 1.76 1.76 1.8  1.84 1.9  1.95 1.96 1.99 2.02 2.05 2.07 2.22
 2.63 3.08 3.11 3.22]
var: 0.44788888888888845
| [0m63       [0m | [0m1.357    [0m | [0m0.2188   [0m | [0m17.39    [0m | [0m0.1129   [0m |
[0.03 0.04 0.06 0.07 0.1  0.12 0.14 0.16 0.16 0.18 0.2  0.2  0.2  0.25
 0.27 0.28 0.3  0.31 0.31 0.33 0.33 0.33 0.36 0.38 0.38 0.39 0.39 0.4
 0.4  0.41 0.42 0.42 0.43 0.48 0.5  0.53 0.54 0.56 0.56 0.6  0.68 0.68
 0.69 0.7  0.72 0.73 0.75 0.75 0.84 0.91 0.98 1.04 1.06 1.08 1.1  1.1
 1.23 1.4  1.54 2.26]
var: 0.17146399999999978
| [0m64       [0m | [0m0.546    [0m | [0m0.1514   [0m | [0m25.78    [0m | [0m1.492    [0m |
[0.   0.   0.   0.01 0.01 0.01 0.01 0.02 0.02 0.03 0.04 0.04 0.04 0.04
 0.05 0.05 0.05 0.05 0.06 0.06 0.06 0.08 0.09 0.1  0.11 0.11 0.13 0.13
 0.14 0.14 0.15 0.16 0.18 0.19 0.21 0.22 0.22 0.23 0.25 0.28 0.29 0.32
 0.32 0.33 0.33 0.35 0.36 0.36 0.38 0.43 0.45 0.47 0.5  0.51 0.53 0.56
 0.65 0.8  0.8  1.09]
var: 0.05259888888888901
| [0m65       [0m | [0m0.2267   [0m | [0m0.01727  [0m | [0m45.92    [0m | [0m2.872    [0m |
[0.   0.09 0.09 0.16 0.17 0.22 0.25 0.26 0.3  0.34 0.35 0.42 0.47 0.48
 0.53 0.53 0.55 0.56 0.63 0.63 0.65 0.65 0.66 0.66 0.66 0.68 0.68 0.7
 0.71 0.88 0.91 0.92 0.96 0.98 1.01 1.02 1.04 1.06 1.12 1.21 1.26 1.3
 1.32 1.33 1.34 1.34 1.42 1.45 1.46 1.48 1.61 1.77 1.8  1.91 1.97 1.98
 2.   2.03 2.63 4.54]
var: 0.553116972222222
| [0m66       [0m | [0m1.002    [0m | [0m0.01547  [0m | [0m40.34    [0m | [0m0.568    [0m |
[0.05 0.06 0.11 0.11 0.12 0.28 0.3  0.33 0.33 0.35 0.39 0.39 0.42 0.46
 0.47 0.5  0.51 0.51 0.52 0.54 0.56 0.57 0.63 0.64 0.7  0.7  0.72 0.74
 0.74 0.76 0.78 0.81 0.81 0.84 0.96 1.15 1.17 1.4  1.43 1.47 1.54 1.55
 1.6  1.66 1.77 1.93 1.97 1.98 2.18 2.67 2.8  3.12 3.24 3.27 3.49 3.49
 3.89 5.47 5.71 5.94]
var: 1.9338855555555554
| [0m67       [0m | [0m1.393    [0m | [0m1e-08    [0m | [0m13.67    [0m | [0m0.07709  [0m |
[0.63 0.93 0.94 1.07 1.1  1.11 1.15 1.19 1.34 1.35 1.35 1.44 1.52 1.55
 1.55 1.62 1.66 1.67 1.71 1.71 1.74 1.77 1.82 1.83 1.83 1.88 1.89 1.95
 2.04 2.07 2.13 2.14 2.16 2.16 2.19 2.21 2.36 2.44 2.45 2.49 2.54 2.6
 2.66 2.7  2.71 2.71 2.81 3.04 3.11 3.11 3.21 3.27 3.32 3.38 3.43 3.49
 3.5  4.49 5.5  6.  ]
var: 1.0382526666666667
| [0m68       [0m | [0m2.262    [0m | [0m0.01819  [0m | [0m12.87    [0m | [0m0.06244  [0m |
[0.03 0.05 0.06 0.11 0.2  0.34 0.38 0.38 0.39 0.39 0.4  0.4  0.41 0.41
 0.45 0.45 0.55 0.56 0.68 0.71 0.72 0.76 0.76 0.85 0.87 0.89 0.9  0.92
 0.93 0.93 0.94 0.95 0.95 0.95 0.96 0.97 1.06 1.08 1.22 1.27 1.31 1.31
 1.34 1.35 1.4  1.42 1.47 1.55 1.67 1.73 1.74 1.81 1.84 1.85 1.92 2.08
 2.25 2.52 2.94 3.22]
var: 0.47440097222222183
| [0m69       [0m | [0m1.049    [0m | [0m0.09844  [0m | [0m27.01    [0m | [0m0.01976  [0m |
[0.24 0.51 0.52 0.53 0.53 0.54 0.6  0.6  0.62 0.64 0.66 0.66 0.7  0.71
 0.78 0.8  0.87 0.87 0.88 0.9  0.93 0.93 0.95 0.99 1.   1.03 1.08 1.13
 1.17 1.23 1.33 1.33 1.36 1.37 1.41 1.45 1.49 1.49 1.5  1.56 1.65 1.68
 1.7  1.71 1.77 1.8  2.04 2.07 2.14 2.21 2.36 2.48 2.81 2.9  2.95 2.97
 3.08 3.21 3.63 3.95]
var: 0.7376000000000001
| [0m70       [0m | [0m1.45     [0m | [0m0.1029   [0m | [0m21.44    [0m | [0m0.2238   [0m |
[0.   0.01 0.02 0.02 0.03 0.05 0.06 0.07 0.08 0.09 0.09 0.1  0.11 0.11
 0.12 0.13 0.14 0.14 0.15 0.17 0.18 0.19 0.2  0.2  0.21 0.21 0.22 0.22
 0.23 0.23 0.25 0.25 0.26 0.26 0.27 0.28 0.28 0.28 0.28 0.28 0.28 0.28
 0.29 0.31 0.32 0.37 0.37 0.38 0.38 0.39 0.39 0.4  0.42 0.48 0.51 0.51
 0.62 0.68 0.73 0.8 ]
var: 0.030439888888888874
| [0m71       [0m | [0m0.2563   [0m | [0m0.2952   [0m | [0m40.08    [0m | [0m2.501    [0m |
[0.45 0.58 0.61 0.66 0.67 0.77 0.8  0.97 0.97 1.04 1.15 1.18 1.26 1.35
 1.37 1.38 1.42 1.51 1.51 1.54 1.57 1.61 1.63 1.67 1.68 1.68 1.72 1.73
 1.73 1.74 1.82 2.06 2.11 2.18 2.18 2.24 2.24 2.36 2.43 2.46 2.6  2.62
 2.62 2.68 2.69 2.7  2.71 2.79 2.82 2.91 2.92 2.96 2.96 3.12 3.13 3.25
 3.43 3.72 4.1  4.85]
var: 0.856364972222222
| [0m72       [0m | [0m2.027    [0m | [0m0.03573  [0m | [0m13.04    [0m | [0m0.1248   [0m |
[0.48 0.61 0.71 0.75 0.76 0.86 0.91 0.94 0.95 0.97 0.99 1.01 1.07 1.07
 1.07 1.07 1.15 1.25 1.27 1.31 1.32 1.44 1.44 1.45 1.45 1.47 1.47 1.48
 1.48 1.49 1.5  1.54 1.54 1.55 1.6  1.64 1.65 1.66 1.76 1.95 1.97 2.04
 2.13 2.15 2.23 2.25 2.3  2.31 2.38 2.46 2.54 2.6  3.02 3.05 3.08 3.24
 3.43 3.73 4.24 4.28]
var: 0.7501394166666674
| [0m73       [0m | [0m1.759    [0m | [0m0.1232   [0m | [0m13.08    [0m | [0m0.1699   [0m |
[0.79 1.14 1.26 1.29 1.35 1.4  1.41 1.48 1.55 1.66 1.71 1.81 1.87 1.92
 1.93 1.93 1.97 2.01 2.02 2.04 2.06 2.14 2.17 2.2  2.25 2.29 2.29 2.31
 2.32 2.41 2.47 2.48 2.51 2.51 2.58 2.62 2.69 3.   3.14 3.31 3.43 3.52
 3.52 3.54 3.6  3.64 3.67 3.76 3.8  3.89 4.14 4.22 4.31 4.98 5.   5.01
 5.07 5.11 5.34 7.9 ]
var: 1.7433756666666662
| [95m74       [0m | [95m2.829    [0m | [95m0.003036 [0m | [95m13.15    [0m | [95m0.1953   [0m |
[0.09 0.51 0.54 0.69 0.71 0.89 0.97 0.97 0.99 1.01 1.11 1.17 1.2  1.21
 1.27 1.3  1.38 1.4  1.4  1.49 1.51 1.57 1.59 1.62 1.68 1.76 1.78 1.84
 1.85 1.85 1.85 1.95 2.09 2.11 2.12 2.15 2.16 2.16 2.31 2.32 2.33 2.33
 2.43 2.45 2.53 2.55 2.56 2.66 2.7  2.74 2.75 2.85 2.87 3.   3.15 3.31
 3.37 3.68 3.92 6.42]
var: 1.0030236388888891
| [0m75       [0m | [0m1.986    [0m | [0m0.004268 [0m | [0m13.1     [0m | [0m0.3107   [0m |
[0.16 0.52 0.65 0.66 0.7  0.71 0.76 0.79 0.8  0.83 0.83 0.84 0.84 0.85
 1.02 1.02 1.03 1.06 1.08 1.08 1.12 1.13 1.16 1.2  1.24 1.24 1.25 1.34
 1.39 1.43 1.47 1.53 1.55 1.55 1.56 1.57 1.59 1.61 1.61 1.63 1.64 1.65
 1.73 1.83 1.83 1.84 1.89 1.91 1.96 2.04 2.05 2.1  2.15 2.32 2.34 2.35
 2.98 3.24 3.47 4.82]
var: 0.5959156666666664
| [0m76       [0m | [0m1.509    [0m | [0m0.03577  [0m | [0m13.25    [0m | [0m0.2678   [0m |
[0.43 0.44 0.5  0.52 0.56 0.61 0.64 0.65 0.66 0.7  0.85 0.88 0.95 1.01
 1.03 1.06 1.14 1.24 1.25 1.26 1.26 1.31 1.35 1.37 1.38 1.42 1.43 1.45
 1.47 1.48 1.49 1.49 1.55 1.56 1.57 1.58 1.59 1.6  1.63 1.65 1.66 1.72
 1.74 1.83 1.86 1.95 1.96 2.   2.   2.1  2.14 2.4  2.41 2.59 2.75 3.18
 3.21 3.21 3.4  4.88]
var: 0.6793688888888888
| [0m77       [0m | [0m1.583    [0m | [0m0.08068  [0m | [0m13.16    [0m | [0m0.09901  [0m |
[0.   0.   0.   0.   0.   0.   0.   0.   0.   0.   0.   0.   0.   0.
 0.   0.   0.   0.   0.   0.   0.   0.   0.   0.   0.   0.   0.   0.
 0.   0.   0.   0.   0.   0.   0.   0.   0.   0.   0.   0.   0.   0.01
 0.01 0.01 0.01 0.01 0.01 0.02 0.02 0.02 0.02 0.02 0.03 0.03 0.04 0.05
 0.05 0.07 0.07 0.08]
var: 0.00035988888888890345
| [0m78       [0m | [0m0.009667 [0m | [0m0.0959   [0m | [0m12.96    [0m | [0m0.001179 [0m |
[0.16 0.39 0.45 0.47 0.48 0.49 0.52 0.53 0.55 0.55 0.55 0.57 0.57 0.57
 0.57 0.58 0.59 0.61 0.63 0.65 0.69 0.72 0.74 0.77 0.77 0.8  0.81 0.86
 0.87 0.87 0.96 0.97 1.   1.01 1.01 1.04 1.04 1.11 1.13 1.17 1.22 1.24
 1.27 1.32 1.35 1.36 1.38 1.42 1.5  1.8  1.82 1.86 1.88 1.88 1.97 1.99
 2.07 2.09 2.55 3.22]
var: 0.35515163888888884
| [0m79       [0m | [0m1.067    [0m | [0m0.1201   [0m | [0m27.03    [0m | [0m0.2493   [0m |
[0.   0.   0.   0.01 0.01 0.01 0.01 0.02 0.03 0.04 0.05 0.06 0.06 0.07
 0.07 0.09 0.09 0.09 0.09 0.09 0.1  0.13 0.13 0.13 0.14 0.14 0.15 0.15
 0.15 0.15 0.16 0.16 0.16 0.18 0.18 0.19 0.19 0.21 0.21 0.24 0.24 0.24
 0.24 0.25 0.25 0.29 0.29 0.29 0.29 0.29 0.3  0.32 0.37 0.38 0.39 0.41
 0.43 0.55 0.56 0.58]
var: 0.020148333333333348
| [0m80       [0m | [0m0.185    [0m | [0m0.00569  [0m | [0m38.46    [0m | [0m2.965    [0m |
=============================================================
None
num_trials:  40  inits,  40  iters,  60  per
rho:  50
pthin:  0.80

Best VPT: 2.829000000000001
Best result: {'a': 0.003035823666978354, 'g': 13.150104763187743, 's': 0.19526780993080176}

KERNEL: nu=1.5, lengthscale=2.0, alpha=0.0005
