|   iter    |  target   |     a     |     g     |     s     |
-------------------------------------------------------------
[0.   0.   0.   0.   0.02 0.03 0.04 0.04 0.05 0.07 0.08 0.09 0.1  0.11
 0.16 0.16 0.16 0.19 0.19 0.21 0.21 0.21 0.22 0.23 0.23 0.33 0.33 0.33
 0.34 0.35 0.35 0.35 0.36 0.37 0.4  0.41 0.43 0.43 0.47 0.5  0.5  0.51
 0.52 0.54 0.55 0.56 0.56 0.57 0.6  0.64 0.65 0.66 0.8  0.84 1.1  1.12
 1.43 1.43 1.73 1.95]
var: 0.17126830555555575
| [0m1        [0m | [0m0.4302   [0m | [0m0.1415   [0m | [0m37.8     [0m | [0m1.805    [0m |
[0.   0.01 0.05 0.06 0.07 0.08 0.09 0.1  0.11 0.14 0.14 0.15 0.17 0.17
 0.2  0.21 0.24 0.25 0.26 0.27 0.28 0.29 0.31 0.32 0.34 0.36 0.36 0.37
 0.38 0.39 0.41 0.43 0.44 0.44 0.45 0.45 0.46 0.47 0.48 0.5  0.5  0.51
 0.54 0.62 0.66 0.69 0.71 0.73 0.74 0.74 0.77 0.77 0.88 0.93 0.99 1.05
 1.09 1.18 1.19 1.64]
var: 0.11399141666666678
| [95m2        [0m | [95m0.4605   [0m | [95m0.04538  [0m | [95m2.887    [0m | [95m1.32     [0m |
[0.21 0.3  0.48 0.54 0.55 0.61 0.61 0.68 0.69 0.69 0.71 0.71 0.72 0.73
 0.73 0.8  0.85 0.87 0.93 0.94 0.95 1.01 1.04 1.05 1.06 1.11 1.14 1.19
 1.2  1.22 1.22 1.23 1.26 1.28 1.29 1.31 1.34 1.47 1.48 1.55 1.59 1.6
 1.65 1.69 1.7  1.77 1.79 1.79 1.85 1.91 1.94 1.95 1.96 2.05 2.08 2.28
 2.42 2.59 2.62 2.88]
var: 0.363857888888889
| [95m3        [0m | [95m1.298    [0m | [95m0.02661  [0m | [95m30.74    [0m | [95m0.2346   [0m |
[0.   0.01 0.03 0.06 0.07 0.08 0.09 0.1  0.1  0.11 0.14 0.18 0.19 0.21
 0.21 0.22 0.26 0.28 0.28 0.32 0.33 0.36 0.38 0.41 0.41 0.42 0.43 0.43
 0.43 0.43 0.45 0.45 0.48 0.48 0.48 0.5  0.53 0.53 0.54 0.58 0.59 0.59
 0.6  0.61 0.65 0.69 0.7  0.71 0.71 0.77 0.78 0.87 0.88 0.88 0.9  0.97
 0.98 0.98 1.2  1.59]
var: 0.10132955555555587
| [0m4        [0m | [0m0.4773   [0m | [0m0.2319   [0m | [0m11.21    [0m | [0m2.469    [0m |
[0.   0.   0.   0.01 0.02 0.02 0.05 0.05 0.08 0.08 0.08 0.09 0.09 0.09
 0.1  0.1  0.17 0.2  0.23 0.25 0.26 0.31 0.31 0.34 0.36 0.37 0.45 0.46
 0.49 0.49 0.5  0.53 0.55 0.57 0.58 0.58 0.59 0.59 0.6  0.61 0.64 0.65
 0.66 0.66 0.68 0.75 0.8  0.83 0.85 0.93 0.93 0.96 0.98 0.99 1.01 1.09
 1.13 1.15 1.34 1.37]
var: 0.13748097222222208
| [0m5        [0m | [0m0.4942   [0m | [0m0.0736   [0m | [0m14.68    [0m | [0m1.62     [0m |
[0.   0.02 0.02 0.04 0.05 0.06 0.07 0.08 0.1  0.14 0.15 0.18 0.18 0.19
 0.21 0.24 0.25 0.25 0.29 0.29 0.33 0.36 0.37 0.37 0.38 0.4  0.43 0.44
 0.44 0.46 0.48 0.49 0.55 0.55 0.57 0.58 0.59 0.6  0.61 0.62 0.63 0.65
 0.69 0.72 0.87 0.89 0.96 1.03 1.11 1.12 1.14 1.18 1.18 1.29 1.38 1.69
 1.75 1.78 2.27 2.73]
var: 0.3187016388888892
| [0m6        [0m | [0m0.6248   [0m | [0m0.0937   [0m | [0m27.79    [0m | [0m0.6569   [0m |
[0.   0.02 0.03 0.06 0.06 0.07 0.09 0.09 0.12 0.12 0.13 0.15 0.15 0.17
 0.19 0.2  0.21 0.21 0.24 0.24 0.25 0.26 0.27 0.28 0.28 0.35 0.36 0.36
 0.37 0.37 0.38 0.38 0.39 0.39 0.42 0.46 0.47 0.51 0.51 0.53 0.53 0.55
 0.56 0.59 0.59 0.6  0.61 0.65 0.69 0.7  0.74 0.77 0.79 0.82 0.83 0.9
 0.9  0.95 0.95 0.96]
var: 0.07276988888888884
| [0m7        [0m | [0m0.4137   [0m | [0m0.04385  [0m | [0m2.97     [0m | [0m2.316    [0m |
[0.06 0.08 0.09 0.12 0.14 0.15 0.17 0.19 0.21 0.22 0.25 0.28 0.31 0.31
 0.36 0.36 0.37 0.39 0.42 0.45 0.46 0.48 0.49 0.49 0.49 0.5  0.51 0.51
 0.53 0.54 0.55 0.56 0.56 0.56 0.57 0.6  0.64 0.64 0.7  0.7  0.71 0.75
 0.75 0.76 0.81 0.83 0.86 0.89 0.96 0.98 0.99 1.   1.17 1.23 1.25 1.26
 1.26 1.32 1.39 1.5 ]
var: 0.12984155555555557
| [0m8        [0m | [0m0.6113   [0m | [0m0.1334   [0m | [0m44.55    [0m | [0m0.5186   [0m |
[0.   0.03 0.04 0.06 0.06 0.07 0.09 0.09 0.14 0.15 0.15 0.16 0.18 0.18
 0.18 0.25 0.28 0.3  0.3  0.31 0.31 0.32 0.36 0.37 0.37 0.38 0.4  0.4
 0.4  0.41 0.41 0.44 0.45 0.47 0.48 0.52 0.54 0.55 0.55 0.57 0.57 0.58
 0.61 0.62 0.64 0.65 0.65 0.69 0.69 0.7  0.7  0.79 0.83 0.87 0.89 0.89
 0.99 1.1  1.1  1.93]
var: 0.11095497222222203
| [0m9        [0m | [0m0.4702   [0m | [0m0.1816   [0m | [0m20.51    [0m | [0m1.777    [0m |
[0.   0.01 0.01 0.02 0.03 0.04 0.06 0.07 0.07 0.11 0.12 0.16 0.19 0.2
 0.21 0.21 0.21 0.23 0.23 0.24 0.25 0.25 0.26 0.28 0.28 0.31 0.31 0.33
 0.33 0.34 0.36 0.41 0.41 0.43 0.44 0.46 0.47 0.47 0.49 0.49 0.49 0.5
 0.51 0.51 0.55 0.55 0.58 0.59 0.61 0.65 0.66 0.66 0.73 0.79 0.95 0.97
 1.05 1.16 1.23 1.25]
var: 0.09247766666666699
| [0m10       [0m | [0m0.413    [0m | [0m0.1622   [0m | [0m20.51    [0m | [0m2.86     [0m |
[0.   0.   0.01 0.02 0.02 0.06 0.07 0.1  0.16 0.18 0.19 0.2  0.2  0.2
 0.21 0.22 0.22 0.22 0.23 0.23 0.24 0.24 0.25 0.26 0.27 0.29 0.29 0.31
 0.32 0.33 0.34 0.36 0.37 0.38 0.39 0.41 0.43 0.43 0.44 0.47 0.47 0.49
 0.49 0.5  0.51 0.53 0.64 0.67 0.68 0.69 0.7  0.76 0.81 0.87 0.99 1.
 1.   1.07 1.11 1.16]
var: 0.08762722222222209
| [0m11       [0m | [0m0.4117   [0m | [0m0.1303   [0m | [0m13.67    [0m | [0m2.858    [0m |
[0.   0.   0.02 0.05 0.05 0.05 0.06 0.08 0.09 0.09 0.1  0.11 0.11 0.12
 0.16 0.17 0.17 0.19 0.21 0.23 0.24 0.28 0.29 0.3  0.3  0.31 0.32 0.33
 0.33 0.37 0.38 0.38 0.39 0.4  0.4  0.41 0.41 0.42 0.43 0.43 0.44 0.44
 0.45 0.45 0.45 0.46 0.47 0.49 0.5  0.52 0.55 0.63 0.63 0.64 0.68 0.69
 0.7  0.73 0.82 0.89]
var: 0.04662830555555549
| [0m12       [0m | [0m0.3468   [0m | [0m0.1007   [0m | [0m30.37    [0m | [0m2.675    [0m |
[0.09 0.12 0.17 0.24 0.36 0.38 0.39 0.43 0.47 0.49 0.49 0.5  0.55 0.57
 0.59 0.6  0.62 0.65 0.67 0.68 0.69 0.79 0.8  0.82 0.89 0.93 0.96 1.
 1.05 1.09 1.11 1.13 1.13 1.18 1.19 1.21 1.22 1.24 1.28 1.3  1.32 1.34
 1.37 1.39 1.45 1.48 1.53 1.53 1.68 1.68 1.93 2.04 2.12 2.35 2.48 2.82
 2.89 3.5  4.18 4.4 ]
var: 0.8111109722222217
| [0m13       [0m | [0m1.226    [0m | [0m0.09969  [0m | [0m5.477    [0m | [0m0.2744   [0m |
[0.   0.   0.   0.   0.01 0.01 0.04 0.05 0.07 0.08 0.09 0.1  0.11 0.13
 0.13 0.14 0.15 0.15 0.17 0.19 0.19 0.2  0.21 0.21 0.22 0.22 0.22 0.23
 0.25 0.26 0.26 0.27 0.28 0.28 0.28 0.29 0.3  0.31 0.33 0.33 0.33 0.33
 0.33 0.34 0.35 0.38 0.38 0.38 0.39 0.41 0.42 0.45 0.49 0.53 0.53 0.54
 0.57 0.64 0.94 1.03]
var: 0.04144155555555561
| [0m14       [0m | [0m0.2753   [0m | [0m0.04051  [0m | [0m0.1812   [0m | [0m2.121    [0m |
[0.   0.   0.   0.   0.01 0.01 0.02 0.02 0.02 0.03 0.03 0.03 0.03 0.04
 0.05 0.05 0.06 0.08 0.09 0.09 0.09 0.09 0.1  0.11 0.11 0.12 0.13 0.13
 0.15 0.15 0.15 0.16 0.18 0.18 0.19 0.2  0.23 0.25 0.26 0.27 0.29 0.29
 0.29 0.29 0.3  0.31 0.33 0.34 0.36 0.36 0.37 0.42 0.42 0.44 0.46 0.46
 0.61 0.63 0.84 1.11]
var: 0.04503697222222216
| [0m15       [0m | [0m0.2138   [0m | [0m0.2669   [0m | [0m49.28    [0m | [0m2.422    [0m |
[0.   0.   0.   0.02 0.02 0.03 0.03 0.03 0.03 0.05 0.06 0.06 0.06 0.07
 0.07 0.07 0.09 0.09 0.09 0.12 0.12 0.13 0.13 0.13 0.14 0.14 0.15 0.15
 0.16 0.17 0.18 0.18 0.2  0.2  0.22 0.23 0.23 0.23 0.26 0.26 0.28 0.29
 0.34 0.36 0.37 0.42 0.42 0.44 0.45 0.47 0.48 0.49 0.53 0.54 0.56 0.57
 0.59 0.7  0.74 0.99]
var: 0.04594030555555559
| [0m16       [0m | [0m0.2438   [0m | [0m0.08921  [0m | [0m42.89    [0m | [0m2.755    [0m |
[0.   0.01 0.02 0.03 0.03 0.05 0.05 0.08 0.09 0.1  0.12 0.13 0.13 0.14
 0.15 0.17 0.2  0.23 0.24 0.25 0.25 0.26 0.3  0.33 0.34 0.34 0.35 0.36
 0.37 0.39 0.39 0.4  0.4  0.41 0.41 0.43 0.43 0.48 0.49 0.5  0.52 0.52
 0.54 0.56 0.58 0.58 0.59 0.62 0.63 0.65 0.68 0.74 0.81 0.87 0.95 1.06
 1.07 1.12 1.3  1.89]
var: 0.12442474999999993
| [0m17       [0m | [0m0.4355   [0m | [0m0.1971   [0m | [0m42.65    [0m | [0m0.7534   [0m |
[0.   0.   0.01 0.02 0.07 0.08 0.09 0.12 0.19 0.23 0.25 0.25 0.25 0.26
 0.26 0.27 0.34 0.34 0.34 0.34 0.35 0.35 0.37 0.37 0.41 0.41 0.42 0.44
 0.44 0.45 0.46 0.47 0.47 0.49 0.49 0.5  0.5  0.51 0.51 0.51 0.55 0.58
 0.58 0.59 0.6  0.63 0.63 0.63 0.64 0.65 0.68 0.68 0.78 0.83 0.84 0.85
 0.86 0.89 1.   1.62]
var: 0.07839455555555547
| [0m18       [0m | [0m0.4623   [0m | [0m0.1033   [0m | [0m4.228    [0m | [0m2.96     [0m |
[0.01 0.01 0.04 0.06 0.08 0.09 0.1  0.13 0.14 0.16 0.17 0.21 0.22 0.24
 0.24 0.25 0.26 0.27 0.31 0.31 0.33 0.34 0.34 0.35 0.36 0.36 0.42 0.43
 0.43 0.44 0.45 0.46 0.49 0.49 0.53 0.54 0.55 0.56 0.56 0.58 0.58 0.62
 0.64 0.67 0.68 0.68 0.7  0.73 0.74 0.87 0.98 0.99 1.02 1.08 1.1  1.13
 1.13 1.27 1.32 2.07]
var: 0.14937497222222237
| [0m19       [0m | [0m0.5218   [0m | [0m0.2102   [0m | [0m16.8     [0m | [0m2.252    [0m |
[0.   0.   0.01 0.02 0.02 0.07 0.12 0.13 0.18 0.18 0.18 0.21 0.24 0.26
 0.31 0.33 0.35 0.36 0.39 0.41 0.45 0.45 0.48 0.48 0.48 0.5  0.52 0.53
 0.57 0.57 0.58 0.58 0.59 0.59 0.61 0.61 0.63 0.65 0.67 0.7  0.73 0.73
 0.74 0.76 0.78 0.82 0.82 0.82 0.84 1.03 1.05 1.06 1.13 1.14 1.26 1.4
 1.64 1.77 2.07 2.24]
var: 0.22822622222222233
| [0m20       [0m | [0m0.6307   [0m | [0m0.1766   [0m | [0m21.7     [0m | [0m1.405    [0m |
[0.01 0.03 0.03 0.04 0.04 0.05 0.07 0.08 0.08 0.11 0.12 0.12 0.16 0.17
 0.19 0.2  0.25 0.25 0.25 0.27 0.3  0.31 0.32 0.33 0.34 0.34 0.34 0.36
 0.36 0.36 0.37 0.39 0.4  0.4  0.4  0.42 0.43 0.43 0.48 0.52 0.53 0.61
 0.63 0.64 0.64 0.64 0.7  0.71 0.73 0.82 0.84 0.88 0.94 1.02 1.06 1.11
 1.3  1.47 1.48 2.03]
var: 0.16476722222222268
| [0m21       [0m | [0m0.4817   [0m | [0m0.07415  [0m | [0m37.98    [0m | [0m1.637    [0m |
[0.   0.01 0.03 0.03 0.04 0.04 0.04 0.05 0.07 0.07 0.08 0.09 0.1  0.14
 0.14 0.16 0.17 0.19 0.19 0.2  0.21 0.26 0.27 0.28 0.28 0.3  0.3  0.31
 0.31 0.35 0.35 0.36 0.38 0.39 0.41 0.42 0.42 0.42 0.46 0.46 0.47 0.5
 0.5  0.51 0.56 0.58 0.62 0.69 0.75 0.75 0.83 0.83 0.96 0.97 0.99 1.09
 1.11 1.16 1.41 1.53]
var: 0.12953608333333338
| [0m22       [0m | [0m0.4265   [0m | [0m0.2957   [0m | [0m19.16    [0m | [0m1.817    [0m |
[0.   0.   0.   0.01 0.02 0.02 0.05 0.05 0.06 0.07 0.07 0.07 0.08 0.08
 0.09 0.09 0.1  0.14 0.15 0.16 0.2  0.2  0.21 0.22 0.26 0.27 0.28 0.3
 0.31 0.31 0.32 0.32 0.33 0.36 0.36 0.37 0.38 0.42 0.43 0.43 0.5  0.5
 0.51 0.51 0.52 0.57 0.58 0.59 0.61 0.62 0.67 0.68 0.69 0.72 0.96 0.99
 1.01 1.07 1.14 1.26]
var: 0.0973394166666663
| [0m23       [0m | [0m0.3715   [0m | [0m0.2974   [0m | [0m31.67    [0m | [0m2.068    [0m |
[0.03 0.04 0.05 0.06 0.06 0.06 0.08 0.09 0.09 0.11 0.16 0.16 0.18 0.18
 0.2  0.21 0.22 0.23 0.23 0.23 0.23 0.25 0.27 0.29 0.29 0.36 0.36 0.36
 0.37 0.38 0.4  0.4  0.42 0.44 0.46 0.46 0.47 0.49 0.52 0.59 0.6  0.62
 0.64 0.64 0.65 0.65 0.67 0.68 0.7  0.71 0.73 0.79 0.8  0.82 0.91 0.91
 0.98 1.   1.07 1.11]
var: 0.08413733333333327
| [0m24       [0m | [0m0.436    [0m | [0m0.119    [0m | [0m2.603    [0m | [0m2.406    [0m |
[0.01 0.01 0.01 0.03 0.04 0.04 0.05 0.06 0.06 0.06 0.07 0.09 0.1  0.11
 0.13 0.14 0.15 0.15 0.17 0.18 0.2  0.25 0.32 0.39 0.4  0.43 0.43 0.44
 0.44 0.46 0.49 0.53 0.53 0.55 0.55 0.58 0.61 0.64 0.66 0.68 0.72 0.72
 0.83 0.87 0.87 0.88 0.94 0.96 1.   1.03 1.07 1.1  1.22 1.25 1.27 1.33
 1.47 1.52 1.55 1.77]
var: 0.21585497222222239
| [0m25       [0m | [0m0.5602   [0m | [0m0.127    [0m | [0m18.02    [0m | [0m1.495    [0m |
[0.   0.   0.   0.   0.01 0.02 0.02 0.03 0.03 0.03 0.05 0.06 0.06 0.07
 0.08 0.1  0.1  0.11 0.13 0.16 0.16 0.16 0.2  0.23 0.23 0.25 0.27 0.29
 0.33 0.34 0.35 0.36 0.36 0.36 0.37 0.38 0.38 0.38 0.38 0.39 0.39 0.4
 0.42 0.43 0.45 0.45 0.46 0.46 0.47 0.47 0.49 0.53 0.53 0.54 0.56 0.56
 0.58 0.78 0.89 1.91]
var: 0.0858422222222223
| [0m26       [0m | [0m0.3167   [0m | [0m0.00146  [0m | [0m33.46    [0m | [0m2.342    [0m |
[0.   0.   0.01 0.02 0.02 0.02 0.03 0.04 0.05 0.06 0.1  0.1  0.11 0.12
 0.13 0.15 0.16 0.16 0.17 0.18 0.21 0.22 0.23 0.26 0.26 0.28 0.32 0.35
 0.36 0.37 0.37 0.39 0.4  0.42 0.42 0.43 0.44 0.45 0.46 0.46 0.48 0.5
 0.51 0.53 0.53 0.57 0.58 0.62 0.64 0.73 0.73 0.74 0.74 0.8  0.86 0.94
 1.25 1.28 1.4  1.73]
var: 0.1312516388888889
| [0m27       [0m | [0m0.4148   [0m | [0m0.1722   [0m | [0m32.27    [0m | [0m0.8085   [0m |
[0.   0.   0.   0.   0.01 0.01 0.01 0.06 0.06 0.07 0.08 0.1  0.14 0.17
 0.17 0.17 0.18 0.18 0.23 0.26 0.28 0.28 0.29 0.29 0.3  0.32 0.32 0.33
 0.34 0.34 0.37 0.37 0.38 0.38 0.4  0.4  0.42 0.44 0.45 0.45 0.46 0.46
 0.49 0.49 0.5  0.52 0.54 0.55 0.57 0.61 0.62 0.64 0.64 0.7  0.82 0.82
 0.82 0.86 0.88 0.89]
var: 0.060904750000000105
| [0m28       [0m | [0m0.3655   [0m | [0m0.1196   [0m | [0m42.38    [0m | [0m2.098    [0m |
[0.   0.   0.   0.   0.   0.01 0.01 0.01 0.06 0.06 0.06 0.07 0.07 0.08
 0.1  0.1  0.12 0.13 0.15 0.18 0.2  0.2  0.21 0.22 0.23 0.25 0.26 0.28
 0.28 0.29 0.29 0.29 0.3  0.33 0.35 0.35 0.36 0.36 0.36 0.37 0.37 0.39
 0.39 0.4  0.4  0.43 0.43 0.45 0.46 0.47 0.48 0.52 0.54 0.54 0.55 0.55
 0.61 0.68 0.68 1.07]
var: 0.045306666666666745
| [0m29       [0m | [0m0.29     [0m | [0m0.2444   [0m | [0m29.79    [0m | [0m2.983    [0m |
[0.   0.   0.   0.01 0.02 0.02 0.03 0.03 0.03 0.05 0.06 0.06 0.08 0.08
 0.09 0.09 0.09 0.11 0.11 0.12 0.13 0.13 0.13 0.14 0.14 0.15 0.16 0.16
 0.17 0.17 0.18 0.19 0.19 0.2  0.2  0.21 0.21 0.22 0.22 0.23 0.26 0.27
 0.28 0.28 0.29 0.3  0.31 0.31 0.35 0.36 0.36 0.37 0.38 0.38 0.42 0.44
 0.47 0.48 0.48 1.11]
var: 0.031322749999999955
| [0m30       [0m | [0m0.2085   [0m | [0m0.1271   [0m | [0m48.05    [0m | [0m2.892    [0m |
[0.   0.   0.   0.01 0.03 0.03 0.04 0.06 0.07 0.07 0.07 0.08 0.11 0.11
 0.14 0.14 0.17 0.18 0.2  0.2  0.21 0.21 0.22 0.23 0.24 0.24 0.25 0.25
 0.26 0.26 0.31 0.33 0.34 0.35 0.36 0.38 0.38 0.39 0.4  0.41 0.43 0.46
 0.47 0.47 0.47 0.49 0.49 0.5  0.51 0.52 0.53 0.54 0.58 0.62 0.65 0.66
 0.71 0.89 0.9  2.34]
var: 0.11450955555555571
| [0m31       [0m | [0m0.3493   [0m | [0m0.02394  [0m | [0m34.98    [0m | [0m2.013    [0m |
[0.   0.   0.   0.01 0.02 0.02 0.02 0.04 0.07 0.07 0.07 0.11 0.11 0.13
 0.15 0.16 0.16 0.17 0.18 0.19 0.21 0.27 0.28 0.28 0.31 0.31 0.32 0.4
 0.4  0.45 0.45 0.45 0.46 0.5  0.52 0.53 0.55 0.56 0.57 0.58 0.63 0.63
 0.63 0.63 0.68 0.7  0.7  0.76 0.77 0.81 0.89 0.89 0.91 1.01 1.11 1.14
 1.23 1.35 1.35 1.4 ]
var: 0.14344055555555565
| [0m32       [0m | [0m0.4717   [0m | [0m0.1703   [0m | [0m43.7     [0m | [0m0.9822   [0m |
[0.   0.   0.01 0.01 0.01 0.02 0.03 0.03 0.05 0.06 0.06 0.07 0.07 0.08
 0.09 0.1  0.1  0.11 0.12 0.13 0.13 0.14 0.18 0.18 0.18 0.19 0.19 0.2
 0.23 0.25 0.27 0.28 0.3  0.3  0.31 0.32 0.32 0.35 0.36 0.37 0.38 0.38
 0.39 0.41 0.42 0.43 0.44 0.48 0.49 0.5  0.51 0.52 0.53 0.57 0.63 0.68
 0.69 0.76 0.79 0.96]
var: 0.050900666666666615
| [0m33       [0m | [0m0.286    [0m | [0m0.1139   [0m | [0m31.92    [0m | [0m2.64     [0m |
[0.   0.01 0.02 0.03 0.04 0.05 0.09 0.09 0.09 0.11 0.12 0.13 0.15 0.16
 0.18 0.2  0.2  0.21 0.21 0.25 0.26 0.29 0.29 0.29 0.3  0.32 0.32 0.33
 0.33 0.33 0.36 0.37 0.38 0.38 0.38 0.39 0.41 0.46 0.47 0.47 0.47 0.49
 0.52 0.54 0.56 0.59 0.62 0.64 0.65 0.67 0.67 0.68 0.68 0.68 0.76 0.81
 0.87 1.08 1.09 1.72]
var: 0.094661222222222
| [0m34       [0m | [0m0.4043   [0m | [0m0.07927  [0m | [0m24.4     [0m | [0m2.346    [0m |
[0.02 0.03 0.11 0.15 0.2  0.25 0.26 0.27 0.34 0.35 0.4  0.41 0.45 0.45
 0.5  0.53 0.55 0.56 0.56 0.57 0.59 0.61 0.64 0.65 0.68 0.71 0.74 0.75
 0.77 0.79 0.86 0.87 0.95 0.95 1.01 1.04 1.07 1.14 1.22 1.32 1.38 1.38
 1.39 1.42 1.52 1.65 1.73 1.78 1.81 1.86 1.87 1.91 1.92 2.   2.08 2.13
 2.22 2.59 2.6  3.37]
var: 0.5348703055555553
| [0m35       [0m | [0m1.049    [0m | [0m0.005879 [0m | [0m2.053    [0m | [0m0.4396   [0m |
[0.11 0.28 0.38 0.42 0.45 0.46 0.49 0.51 0.53 0.54 0.56 0.7  0.81 0.83
 0.85 0.87 0.9  0.92 0.94 0.94 0.97 0.99 0.99 1.01 1.04 1.14 1.14 1.21
 1.25 1.27 1.31 1.33 1.36 1.39 1.39 1.4  1.43 1.44 1.48 1.49 1.53 1.58
 1.59 1.61 1.62 1.65 1.65 1.68 1.76 1.77 1.83 1.85 1.89 2.24 2.24 2.31
 2.38 2.42 3.23 3.47]
var: 0.4455943333333335
| [0m36       [0m | [0m1.297    [0m | [0m0.259    [0m | [0m4.324    [0m | [0m0.09078  [0m |
[0.   0.   0.03 0.05 0.07 0.07 0.08 0.1  0.11 0.18 0.18 0.22 0.22 0.26
 0.28 0.28 0.29 0.31 0.36 0.37 0.37 0.41 0.41 0.42 0.42 0.49 0.49 0.51
 0.55 0.6  0.62 0.63 0.65 0.66 0.67 0.67 0.68 0.68 0.7  0.71 0.72 0.73
 0.8  0.81 0.81 0.82 0.88 0.91 1.04 1.04 1.04 1.12 1.3  1.41 1.47 1.57
 1.65 1.88 1.89 2.68]
var: 0.280313638888889
| [0m37       [0m | [0m0.6562   [0m | [0m0.08405  [0m | [0m14.7     [0m | [0m1.4      [0m |
[0.02 0.02 0.04 0.05 0.05 0.06 0.08 0.09 0.11 0.14 0.14 0.14 0.19 0.2
 0.2  0.21 0.21 0.21 0.24 0.3  0.32 0.35 0.35 0.36 0.37 0.37 0.39 0.4
 0.41 0.43 0.44 0.44 0.47 0.47 0.47 0.47 0.48 0.5  0.51 0.55 0.56 0.57
 0.58 0.6  0.63 0.64 0.68 0.7  0.71 0.79 0.81 0.89 0.96 0.97 0.97 0.99
 1.02 1.17 1.32 2.91]
var: 0.19290488888888901
| [0m38       [0m | [0m0.4953   [0m | [0m0.01954  [0m | [0m25.0     [0m | [0m2.022    [0m |
[0.   0.   0.   0.   0.   0.01 0.02 0.03 0.03 0.05 0.05 0.08 0.08 0.08
 0.09 0.09 0.1  0.11 0.12 0.12 0.15 0.15 0.18 0.18 0.2  0.2  0.21 0.25
 0.27 0.28 0.29 0.29 0.3  0.3  0.33 0.34 0.34 0.36 0.37 0.38 0.39 0.4
 0.4  0.4  0.44 0.44 0.47 0.47 0.52 0.52 0.53 0.53 0.55 0.56 0.58 0.69
 0.72 0.87 0.89 0.96]
var: 0.05608066666666657
| [0m39       [0m | [0m0.296    [0m | [0m0.194    [0m | [0m29.08    [0m | [0m2.498    [0m |
[0.03 0.04 0.23 0.23 0.26 0.28 0.31 0.33 0.34 0.35 0.36 0.36 0.45 0.51
 0.63 0.65 0.67 0.7  0.7  0.77 0.83 0.84 0.88 0.89 0.94 0.95 0.99 1.
 1.02 1.04 1.17 1.22 1.23 1.27 1.28 1.29 1.59 1.59 1.64 1.67 1.74 1.75
 1.79 1.81 1.81 1.86 1.86 1.87 1.91 1.93 1.94 1.99 2.03 2.04 2.16 2.24
 2.31 2.37 3.75 8.07]
var: 1.3168262222222218
| [95m40       [0m | [95m1.313    [0m | [95m0.01129  [0m | [95m13.1     [0m | [95m0.6651   [0m |
[0.   0.   0.   0.   0.   0.   0.   0.   0.   0.   0.   0.   0.   0.
 0.   0.   0.   0.   0.   0.   0.   0.   0.   0.   0.   0.   0.   0.
 0.   0.   0.   0.   0.   0.   0.   0.   0.01 0.01 0.01 0.01 0.01 0.01
 0.01 0.02 0.02 0.02 0.02 0.02 0.02 0.03 0.03 0.04 0.04 0.04 0.05 0.05
 0.06 0.07 0.11 0.22]
var: 0.0011547500000000086
| [0m41       [0m | [0m0.0155   [0m | [0m0.2221   [0m | [0m13.57    [0m | [0m0.001    [0m |
[0.   0.   0.   0.02 0.02 0.02 0.05 0.06 0.06 0.07 0.08 0.08 0.09 0.11
 0.12 0.12 0.12 0.13 0.15 0.15 0.16 0.18 0.18 0.23 0.24 0.24 0.27 0.27
 0.27 0.34 0.34 0.34 0.35 0.38 0.4  0.4  0.42 0.43 0.43 0.44 0.46 0.46
 0.47 0.49 0.51 0.53 0.53 0.54 0.57 0.66 0.7  0.79 0.91 0.94 1.05 1.18
 1.45 1.55 1.68 3.16]
var: 0.2681549722222226
| [0m42       [0m | [0m0.4398   [0m | [0m0.1413   [0m | [0m37.4     [0m | [0m1.156    [0m |
[0.22 0.23 0.25 0.34 0.36 0.37 0.45 0.46 0.5  0.52 0.58 0.59 0.62 0.64
 0.68 0.71 0.72 0.83 0.88 0.92 0.96 1.01 1.02 1.06 1.08 1.12 1.14 1.15
 1.17 1.19 1.19 1.21 1.21 1.25 1.38 1.39 1.41 1.44 1.47 1.52 1.52 1.52
 1.55 1.65 1.67 1.71 1.72 1.79 1.87 1.91 1.94 1.96 1.99 2.03 2.22 2.37
 2.6  2.69 2.79 3.26]
var: 0.4683722222222217
| [0m43       [0m | [0m1.267    [0m | [0m0.1847   [0m | [0m4.859    [0m | [0m0.1694   [0m |
[0.   0.02 0.11 0.28 0.29 0.37 0.45 0.5  0.51 0.51 0.51 0.53 0.53 0.54
 0.59 0.62 0.65 0.65 0.66 0.66 0.66 0.67 0.67 0.69 0.71 0.73 0.74 0.74
 0.77 0.85 0.87 0.9  0.9  0.91 0.93 0.95 0.96 1.06 1.21 1.22 1.22 1.22
 1.27 1.28 1.35 1.43 1.64 1.66 1.68 1.7  1.76 1.81 1.85 2.08 2.09 2.09
 2.1  2.11 2.22 2.32]
var: 0.3557022222222223
| [0m44       [0m | [0m1.017    [0m | [0m1e-08    [0m | [0m12.81    [0m | [0m1.038    [0m |
[0.13 0.17 0.27 0.31 0.32 0.35 0.48 0.53 0.57 0.62 0.7  0.77 0.77 0.77
 0.77 0.78 0.78 0.79 0.81 0.82 0.84 0.84 0.87 0.87 0.87 0.9  0.95 0.96
 0.99 1.   1.05 1.08 1.09 1.11 1.16 1.24 1.28 1.3  1.33 1.34 1.38 1.39
 1.42 1.44 1.51 1.58 1.63 1.67 1.71 1.75 1.78 1.99 2.06 2.2  2.36 2.69
 2.7  2.73 3.16 3.32]
var: 0.5069720833333334
| [0m45       [0m | [0m1.218    [0m | [0m0.05309  [0m | [0m13.09    [0m | [0m0.3558   [0m |
[0.   0.   0.   0.   0.01 0.01 0.02 0.02 0.02 0.03 0.03 0.04 0.05 0.05
 0.05 0.06 0.07 0.07 0.08 0.11 0.11 0.12 0.13 0.13 0.13 0.14 0.14 0.14
 0.18 0.18 0.2  0.2  0.21 0.22 0.22 0.23 0.23 0.24 0.24 0.25 0.29 0.32
 0.32 0.33 0.33 0.34 0.35 0.39 0.41 0.41 0.44 0.51 0.52 0.53 0.64 0.64
 0.65 0.66 0.72 1.44]
var: 0.0617355555555554
| [0m46       [0m | [0m0.2433   [0m | [0m0.07378  [0m | [0m46.31    [0m | [0m2.871    [0m |
[0.01 0.01 0.02 0.03 0.11 0.11 0.13 0.14 0.15 0.15 0.17 0.18 0.2  0.21
 0.21 0.21 0.24 0.28 0.3  0.3  0.32 0.36 0.38 0.38 0.42 0.42 0.45 0.46
 0.47 0.48 0.53 0.54 0.55 0.56 0.57 0.59 0.59 0.6  0.62 0.63 0.64 0.65
 0.67 0.72 0.72 0.75 0.81 0.81 0.82 0.87 0.91 0.98 1.09 1.1  1.37 1.38
 1.56 1.6  1.69 2.3 ]
var: 0.21026155555555578
| [0m47       [0m | [0m0.5753   [0m | [0m0.3      [0m | [0m4.598    [0m | [0m0.6472   [0m |
[0.02 0.1  0.15 0.15 0.16 0.18 0.21 0.32 0.33 0.35 0.35 0.36 0.44 0.46
 0.54 0.58 0.62 0.62 0.62 0.65 0.66 0.66 0.8  0.87 0.9  0.94 0.95 0.95
 1.   1.13 1.18 1.29 1.31 1.48 1.56 1.64 1.84 2.   2.   2.13 2.3  2.33
 2.35 2.43 2.61 2.77 3.1  3.11 3.14 3.29 3.31 3.35 3.47 3.56 3.75 3.88
 4.12 4.71 5.12 6.89]
var: 2.18584275
| [95m48       [0m | [95m1.702    [0m | [95m1e-08    [0m | [95m12.72    [0m | [95m0.493    [0m |
[0.04 0.05 0.19 0.28 0.28 0.52 0.53 0.63 0.66 0.72 0.73 0.76 0.86 0.9
 0.9  0.91 0.96 1.04 1.11 1.16 1.28 1.33 1.33 1.34 1.35 1.52 1.55 1.56
 1.64 1.64 1.66 1.7  1.71 1.79 1.84 1.91 1.92 1.99 2.11 2.35 2.38 2.43
 2.47 2.48 2.59 2.96 3.01 3.09 3.11 3.32 3.41 3.55 3.7  3.91 4.19 4.22
 4.23 4.98 5.07 6.94]
var: 1.9545083055555557
| [95m49       [0m | [95m1.98     [0m | [95m1e-08    [0m | [95m12.4     [0m | [95m0.3362   [0m |
[0.04 0.05 0.22 0.25 0.27 0.3  0.33 0.37 0.41 0.43 0.47 0.47 0.52 0.54
 0.61 0.64 0.64 0.65 0.76 0.8  0.94 0.97 0.98 1.12 1.15 1.18 1.21 1.37
 1.4  1.43 1.77 1.81 1.83 1.84 1.88 1.9  1.93 1.95 2.   2.05 2.11 2.14
 2.14 2.22 2.3  2.38 2.41 2.45 2.61 2.85 2.95 3.29 3.37 3.38 3.4  3.78
 4.21 4.47 4.72 4.98]
var: 1.5305173333333335
| [0m50       [0m | [0m1.694    [0m | [0m1e-08    [0m | [0m12.0     [0m | [0m0.213    [0m |
[0.04 0.05 0.1  0.1  0.11 0.14 0.19 0.26 0.26 0.28 0.29 0.3  0.37 0.39
 0.4  0.46 0.48 0.5  0.51 0.51 0.51 0.56 0.57 0.57 0.58 0.58 0.58 0.59
 0.6  0.61 0.64 0.64 0.67 0.67 0.67 0.68 0.69 0.71 0.73 0.74 0.75 0.79
 0.84 0.94 0.98 1.18 1.26 1.28 1.28 1.32 1.32 1.39 1.43 1.45 1.48 1.58
 1.58 1.75 2.21 2.47]
var: 0.27099163888888883
| [0m51       [0m | [0m0.7602   [0m | [0m0.2076   [0m | [0m39.34    [0m | [0m0.3883   [0m |
[0.02 0.04 0.05 0.05 0.05 0.05 0.13 0.17 0.19 0.19 0.2  0.22 0.23 0.24
 0.27 0.33 0.36 0.42 0.45 0.46 0.47 0.48 0.53 0.54 0.54 0.55 0.55 0.55
 0.56 0.57 0.57 0.63 0.64 0.67 0.67 0.68 0.76 0.81 0.82 0.84 0.87 0.88
 0.91 0.93 0.94 0.95 1.06 1.11 1.2  1.32 1.36 1.39 1.45 1.46 1.58 1.63
 1.65 1.67 2.29 3.26]
var: 0.3558556666666659
| [0m52       [0m | [0m0.741    [0m | [0m0.245    [0m | [0m12.42    [0m | [0m0.3785   [0m |
[0.53 0.66 0.67 0.68 0.87 0.98 1.01 1.03 1.03 1.17 1.28 1.39 1.6  1.68
 1.8  1.85 1.89 2.01 2.17 2.17 2.28 2.29 2.37 2.37 2.45 2.51 2.54 2.54
 2.55 2.6  2.6  2.61 2.66 2.74 2.79 2.89 2.89 3.04 3.08 3.09 3.1  3.14
 3.16 3.16 3.22 3.33 3.37 3.39 3.45 3.52 3.53 3.61 3.79 3.83 3.92 4.61
 4.63 4.74 4.98 5.45]
var: 1.2873516388888895
| [95m53       [0m | [95m2.588    [0m | [95m0.005101 [0m | [95m12.3     [0m | [95m0.06154  [0m |
[0.04 0.07 0.08 0.13 0.14 0.16 0.17 0.18 0.2  0.21 0.25 0.25 0.26 0.28
 0.3  0.31 0.33 0.33 0.33 0.35 0.35 0.36 0.39 0.42 0.42 0.43 0.45 0.45
 0.46 0.48 0.5  0.53 0.53 0.54 0.54 0.54 0.55 0.57 0.59 0.62 0.66 0.67
 0.67 0.69 0.72 0.74 0.74 0.76 0.77 0.97 1.   1.08 1.1  1.29 1.33 1.42
 1.46 1.84 2.27 2.37]
var: 0.2372428888888888
| [0m54       [0m | [0m0.6107   [0m | [0m0.2549   [0m | [0m3.574    [0m | [0m0.3608   [0m |
[0.   0.   0.   0.   0.01 0.01 0.01 0.01 0.01 0.02 0.02 0.03 0.03 0.03
 0.03 0.03 0.04 0.05 0.05 0.05 0.06 0.08 0.08 0.1  0.11 0.12 0.13 0.14
 0.15 0.16 0.18 0.2  0.22 0.22 0.23 0.27 0.3  0.33 0.35 0.37 0.38 0.39
 0.41 0.43 0.46 0.47 0.47 0.49 0.51 0.55 0.57 0.57 0.64 0.72 0.77 0.82
 0.86 0.94 1.03 1.17]
var: 0.08597488888888889
| [0m55       [0m | [0m0.2813   [0m | [0m0.2956   [0m | [0m43.3     [0m | [0m1.613    [0m |
[0.07 0.17 0.18 0.19 0.2  0.2  0.22 0.23 0.27 0.27 0.28 0.28 0.29 0.36
 0.42 0.46 0.5  0.6  0.65 0.65 0.68 0.68 0.75 0.81 0.83 0.83 0.83 0.85
 0.86 0.89 0.96 1.   1.04 1.06 1.21 1.21 1.22 1.28 1.29 1.3  1.31 1.33
 1.37 1.45 1.47 1.47 1.49 1.53 1.54 1.68 1.68 1.85 2.08 2.24 2.5  2.65
 2.97 3.45 4.62 4.81]
var: 0.9601062222222219
| [0m56       [0m | [0m1.159    [0m | [0m0.04379  [0m | [0m12.72    [0m | [0m0.4611   [0m |
[0.05 0.48 0.53 0.57 0.59 0.6  0.61 0.61 0.62 0.78 0.82 0.83 1.01 1.09
 1.09 1.14 1.2  1.21 1.23 1.24 1.25 1.25 1.27 1.27 1.35 1.37 1.39 1.4
 1.44 1.47 1.52 1.54 1.6  1.64 1.65 1.67 1.71 1.76 1.78 1.81 1.87 1.95
 1.97 2.09 2.09 2.11 2.26 2.26 2.3  2.39 2.4  2.48 2.72 2.77 3.03 3.25
 3.47 4.06 4.9  8.27]
var: 1.5098315555555557
| [0m57       [0m | [0m1.751    [0m | [0m0.01652  [0m | [0m30.75    [0m | [0m0.1862   [0m |
[0.39 0.4  0.41 0.46 0.58 0.6  0.71 0.77 0.84 0.95 1.   1.06 1.06 1.13
 1.21 1.23 1.23 1.23 1.29 1.3  1.3  1.47 1.48 1.49 1.54 1.56 1.66 1.68
 1.84 1.84 1.89 1.92 1.92 1.95 2.   2.07 2.09 2.1  2.18 2.34 2.36 2.38
 2.39 2.4  2.47 2.5  2.51 2.54 2.59 2.67 2.69 2.8  2.84 2.95 2.97 3.42
 3.54 4.04 4.11 4.63]
var: 0.8985703055555551
| [0m58       [0m | [0m1.883    [0m | [0m0.1056   [0m | [0m12.29    [0m | [0m0.07596  [0m |
[0.01 0.06 0.08 0.1  0.16 0.18 0.23 0.24 0.3  0.32 0.35 0.36 0.37 0.37
 0.4  0.43 0.47 0.48 0.52 0.52 0.56 0.58 0.58 0.62 0.65 0.67 0.67 0.68
 0.71 0.74 0.78 0.85 0.87 0.94 1.09 1.16 1.24 1.32 1.39 1.44 1.5  1.59
 1.67 1.71 1.73 1.75 2.   2.27 2.46 2.54 2.6  2.62 2.75 2.79 2.88 3.14
 3.56 4.68 5.97 6.38]
var: 1.810144888888889
| [0m59       [0m | [0m1.335    [0m | [0m1e-08    [0m | [0m12.29    [0m | [0m0.1612   [0m |
[0.01 0.01 0.02 0.02 0.03 0.04 0.06 0.07 0.08 0.09 0.12 0.12 0.15 0.16
 0.16 0.18 0.19 0.19 0.19 0.2  0.2  0.2  0.2  0.2  0.24 0.25 0.25 0.26
 0.27 0.28 0.29 0.32 0.33 0.45 0.45 0.46 0.47 0.49 0.51 0.53 0.55 0.59
 0.61 0.63 0.65 0.66 0.69 0.98 1.1  1.13 1.22 1.23 1.25 1.26 1.26 1.28
 1.51 1.7  1.95 2.13]
var: 0.2622048888888891
| [0m60       [0m | [0m0.5187   [0m | [0m0.13     [0m | [0m43.01    [0m | [0m0.8072   [0m |
[0.   0.03 0.04 0.05 0.06 0.06 0.09 0.1  0.1  0.11 0.12 0.15 0.19 0.22
 0.23 0.27 0.31 0.31 0.31 0.33 0.33 0.34 0.36 0.38 0.39 0.4  0.43 0.44
 0.44 0.44 0.45 0.46 0.49 0.5  0.5  0.51 0.52 0.52 0.55 0.6  0.62 0.64
 0.67 0.68 0.68 0.68 0.71 0.73 0.74 0.75 0.76 0.82 0.87 0.93 0.95 1.01
 1.1  1.15 1.24 1.48]
var: 0.10625899999999996
| [0m61       [0m | [0m0.489    [0m | [0m0.1921   [0m | [0m19.76    [0m | [0m1.901    [0m |
[0.1  0.26 0.26 0.36 0.36 0.44 0.45 0.49 0.52 0.54 0.55 0.59 0.59 0.66
 0.66 0.67 0.67 0.68 0.69 0.72 0.74 0.77 0.78 0.78 0.81 0.83 0.9  0.93
 1.   1.01 1.08 1.1  1.1  1.18 1.22 1.23 1.24 1.24 1.27 1.33 1.33 1.37
 1.42 1.47 1.51 1.64 1.73 1.76 1.78 1.79 1.82 2.17 2.43 2.48 2.54 2.66
 2.77 2.78 2.96 5.15]
var: 0.7508295555555555
| [0m62       [0m | [0m1.239    [0m | [0m0.08765  [0m | [0m13.06    [0m | [0m0.3597   [0m |
[0.   0.01 0.02 0.02 0.04 0.05 0.05 0.06 0.06 0.07 0.08 0.09 0.09 0.09
 0.1  0.11 0.12 0.12 0.13 0.14 0.14 0.14 0.15 0.15 0.15 0.16 0.17 0.18
 0.18 0.19 0.19 0.22 0.22 0.25 0.25 0.26 0.26 0.29 0.29 0.29 0.29 0.3
 0.31 0.32 0.33 0.33 0.34 0.35 0.36 0.37 0.37 0.37 0.37 0.37 0.39 0.42
 0.45 0.5  0.65 0.67]
var: 0.02216066666666653
| [0m63       [0m | [0m0.224    [0m | [0m0.2127   [0m | [0m45.91    [0m | [0m2.422    [0m |
[0.01 0.04 0.04 0.12 0.14 0.22 0.24 0.24 0.26 0.26 0.26 0.27 0.27 0.31
 0.32 0.32 0.36 0.37 0.37 0.37 0.38 0.48 0.51 0.51 0.53 0.54 0.57 0.59
 0.59 0.6  0.6  0.63 0.65 0.66 0.66 0.67 0.68 0.74 0.74 0.74 0.75 0.79
 0.79 0.8  0.86 0.89 0.9  0.93 0.94 1.07 1.08 1.16 1.21 1.26 1.28 1.29
 1.29 1.5  1.7  1.99]
var: 0.17277122222222246
| [0m64       [0m | [0m0.6557   [0m | [0m0.05519  [0m | [0m19.57    [0m | [0m0.9728   [0m |
[0.56 0.6  0.63 0.67 0.68 0.68 0.73 0.73 0.74 0.8  0.81 0.95 1.   1.03
 1.12 1.18 1.22 1.25 1.29 1.35 1.38 1.41 1.44 1.46 1.5  1.51 1.58 1.59
 1.64 1.64 1.65 1.69 1.69 1.74 1.79 1.79 1.8  1.81 1.82 1.84 1.85 1.88
 1.88 1.98 2.32 2.39 2.4  2.43 2.44 2.45 2.62 2.72 2.72 2.87 2.87 2.99
 3.28 3.46 3.7  4.63]
var: 0.7179980833333327
| [0m65       [0m | [0m1.745    [0m | [0m0.008044 [0m | [0m41.91    [0m | [0m0.1508   [0m |
[0.   0.02 0.02 0.05 0.06 0.06 0.06 0.07 0.1  0.11 0.12 0.12 0.14 0.14
 0.14 0.18 0.19 0.19 0.19 0.24 0.24 0.26 0.27 0.31 0.36 0.4  0.41 0.45
 0.47 0.47 0.49 0.5  0.52 0.52 0.52 0.53 0.58 0.58 0.59 0.59 0.6  0.6
 0.61 0.61 0.63 0.64 0.67 0.71 0.72 0.81 0.95 0.96 0.99 1.35 1.41 1.44
 1.56 1.65 1.68 1.78]
var: 0.20389363888888892
| [0m66       [0m | [0m0.5272   [0m | [0m0.2176   [0m | [0m38.63    [0m | [0m0.6593   [0m |
[0.03 0.03 0.08 0.1  0.13 0.15 0.17 0.17 0.17 0.18 0.18 0.18 0.19 0.19
 0.23 0.23 0.25 0.27 0.28 0.31 0.32 0.33 0.34 0.36 0.38 0.38 0.39 0.39
 0.39 0.4  0.42 0.42 0.44 0.45 0.49 0.52 0.52 0.55 0.57 0.59 0.59 0.62
 0.63 0.64 0.65 0.66 0.66 0.69 0.7  0.74 0.78 0.8  0.84 0.84 0.93 0.94
 0.98 1.23 1.3  1.37]
var: 0.09342288888888911
| [0m67       [0m | [0m0.4793   [0m | [0m0.246    [0m | [0m4.315    [0m | [0m1.626    [0m |
[0.   0.   0.   0.04 0.04 0.04 0.06 0.08 0.1  0.15 0.17 0.18 0.18 0.21
 0.26 0.28 0.31 0.32 0.32 0.33 0.33 0.37 0.37 0.41 0.44 0.44 0.47 0.47
 0.47 0.49 0.51 0.51 0.55 0.57 0.6  0.64 0.66 0.7  0.73 0.74 0.77 0.77
 0.84 0.85 0.87 0.94 0.94 0.96 1.04 1.05 1.09 1.13 1.14 1.17 1.2  1.24
 1.37 1.41 1.54 1.7 ]
var: 0.18185288888888942
| [0m68       [0m | [0m0.5927   [0m | [0m0.1009   [0m | [0m19.64    [0m | [0m1.261    [0m |
[0.02 0.03 0.66 0.74 0.78 0.93 1.07 1.13 1.18 1.18 1.24 1.33 1.4  1.42
 1.47 1.5  1.56 1.57 1.58 1.58 1.6  1.71 1.72 1.73 1.74 1.83 1.83 1.91
 1.92 1.94 1.96 2.13 2.22 2.23 2.28 2.37 2.4  2.44 2.51 2.58 2.63 2.71
 2.84 2.84 2.88 2.95 3.08 3.11 3.14 3.36 3.65 4.03 4.2  4.21 4.29 4.84
 4.85 5.35 5.47 5.98]
var: 1.6946680833333339
| [0m69       [0m | [0m2.331    [0m | [0m0.003403 [0m | [0m12.33    [0m | [0m0.3671   [0m |
[0.51 0.63 0.84 0.85 0.88 0.97 1.11 1.11 1.12 1.12 1.15 1.21 1.21 1.28
 1.39 1.44 1.47 1.47 1.51 1.55 1.63 1.65 1.65 1.65 1.68 1.73 1.86 1.86
 1.92 1.95 2.01 2.06 2.08 2.22 2.23 2.23 2.24 2.34 2.37 2.45 2.55 2.56
 2.58 2.66 2.7  2.8  2.8  2.82 2.98 3.16 3.22 3.26 3.34 3.43 3.53 3.6
 3.67 4.4  4.53 5.24]
var: 1.0000956666666676
| [0m70       [0m | [0m2.141    [0m | [0m0.01882  [0m | [0m12.4     [0m | [0m0.1036   [0m |
[0.1  0.13 0.16 0.17 0.27 0.34 0.48 0.53 0.58 0.58 0.61 0.75 0.75 0.77
 0.84 0.84 0.85 0.88 0.91 0.91 1.02 1.03 1.06 1.07 1.11 1.12 1.16 1.16
 1.17 1.18 1.23 1.29 1.52 1.55 1.6  1.65 1.65 1.66 1.68 1.69 1.73 1.75
 1.8  1.87 2.   2.05 2.14 2.15 2.24 2.5  2.58 2.83 2.97 3.06 3.19 3.75
 3.94 4.25 4.76 5.5 ]
var: 1.3171249722222205
| [0m71       [0m | [0m1.585    [0m | [0m1e-08    [0m | [0m12.36    [0m | [0m0.4357   [0m |
[0.07 0.09 0.13 0.3  0.3  0.32 0.33 0.34 0.35 0.36 0.41 0.51 0.59 0.62
 0.63 0.63 0.64 0.64 0.66 0.67 0.68 0.68 0.69 0.7  0.71 0.72 0.76 0.77
 0.78 0.8  0.97 1.03 1.04 1.06 1.1  1.13 1.14 1.2  1.2  1.21 1.24 1.24
 1.25 1.25 1.25 1.27 1.27 1.31 1.39 1.45 1.47 1.67 1.72 1.73 1.74 1.75
 1.88 2.01 2.01 2.67]
var: 0.2915814166666664
| [0m72       [0m | [0m0.9755   [0m | [0m0.008529 [0m | [0m12.31    [0m | [0m0.01348  [0m |
[0.63 0.64 0.76 0.83 0.85 0.85 0.89 0.9  0.92 1.1  1.11 1.22 1.27 1.27
 1.29 1.35 1.4  1.44 1.44 1.45 1.48 1.48 1.49 1.49 1.5  1.56 1.6  1.61
 1.76 1.82 1.82 1.83 1.86 1.86 1.89 1.91 1.94 1.97 2.02 2.03 2.05 2.16
 2.18 2.18 2.19 2.22 2.28 2.33 2.41 2.61 2.64 2.74 2.95 3.   3.01 3.02
 3.04 3.19 3.67 5.67]
var: 0.7324136388888891
| [0m73       [0m | [0m1.868    [0m | [0m0.02048  [0m | [0m12.45    [0m | [0m0.2162   [0m |
[0.   0.02 0.02 0.04 0.06 0.07 0.08 0.1  0.11 0.14 0.15 0.17 0.18 0.19
 0.19 0.2  0.2  0.23 0.23 0.24 0.28 0.3  0.33 0.33 0.36 0.39 0.4  0.41
 0.42 0.44 0.46 0.46 0.49 0.51 0.52 0.55 0.58 0.58 0.61 0.62 0.63 0.72
 0.72 0.77 0.8  1.02 1.03 1.09 1.2  1.23 1.36 1.39 1.46 1.48 1.53 1.57
 1.61 1.81 1.93 2.04]
var: 0.29074541666666687
| [0m74       [0m | [0m0.6175   [0m | [0m0.09672  [0m | [0m24.21    [0m | [0m0.8583   [0m |
[0.01 0.26 0.52 0.58 0.6  0.66 0.7  0.71 0.76 0.77 0.77 0.82 0.88 0.89
 0.94 0.96 1.02 1.06 1.07 1.13 1.13 1.14 1.14 1.18 1.22 1.25 1.25 1.27
 1.28 1.28 1.28 1.3  1.3  1.32 1.33 1.34 1.36 1.36 1.37 1.37 1.39 1.41
 1.43 1.45 1.46 1.6  1.72 1.72 1.76 1.78 1.78 1.81 1.84 1.87 1.94 1.97
 2.2  2.23 2.62 3.18]
var: 0.2897578888888887
| [0m75       [0m | [0m1.296    [0m | [0m0.06027  [0m | [0m12.43    [0m | [0m0.2843   [0m |
[0.03 0.07 0.08 0.08 0.09 0.11 0.14 0.15 0.15 0.15 0.18 0.21 0.22 0.22
 0.29 0.32 0.35 0.36 0.4  0.41 0.41 0.42 0.42 0.43 0.45 0.46 0.47 0.47
 0.48 0.51 0.58 0.6  0.61 0.63 0.65 0.69 0.71 0.75 0.75 0.8  0.92 0.92
 0.93 0.94 0.96 1.02 1.04 1.08 1.11 1.12 1.2  1.24 1.26 1.44 1.47 1.55
 1.83 1.96 2.46 2.61]
var: 0.3206540000000001
| [0m76       [0m | [0m0.706    [0m | [0m0.01765  [0m | [0m14.26    [0m | [0m0.9733   [0m |
[0.34 0.45 0.5  0.62 0.62 0.66 0.67 0.73 0.73 0.82 0.85 0.89 0.94 0.95
 1.05 1.15 1.17 1.22 1.23 1.25 1.26 1.27 1.31 1.31 1.32 1.35 1.35 1.38
 1.39 1.4  1.42 1.46 1.47 1.58 1.61 1.61 1.63 1.7  1.73 1.85 1.88 1.89
 1.94 1.97 2.03 2.03 2.09 2.18 2.22 2.29 2.37 2.37 2.4  2.56 2.57 2.87
 2.94 3.11 3.14 3.34]
var: 0.5129203055555548
| [0m77       [0m | [0m1.574    [0m | [0m0.03751  [0m | [0m12.32    [0m | [0m0.2783   [0m |
[0.   0.   0.02 0.03 0.04 0.04 0.05 0.06 0.09 0.09 0.13 0.14 0.16 0.17
 0.18 0.19 0.22 0.24 0.26 0.27 0.27 0.28 0.29 0.29 0.31 0.31 0.33 0.36
 0.39 0.4  0.41 0.41 0.41 0.41 0.41 0.42 0.43 0.43 0.43 0.44 0.51 0.52
 0.52 0.53 0.56 0.61 0.61 0.61 0.64 0.64 0.64 0.7  0.71 0.73 0.75 0.78
 0.8  0.83 0.85 1.74]
var: 0.08509275000000004
| [0m78       [0m | [0m0.4015   [0m | [0m0.2973   [0m | [0m49.97    [0m | [0m0.7573   [0m |
[0.33 0.55 0.59 0.62 0.7  0.75 0.75 0.79 0.87 0.91 0.92 1.02 1.11 1.22
 1.32 1.33 1.35 1.38 1.42 1.48 1.49 1.49 1.51 1.57 1.58 1.6  1.72 1.74
 1.79 1.81 1.82 1.91 1.91 1.94 2.05 2.08 2.11 2.19 2.23 2.23 2.37 2.37
 2.49 2.54 2.57 2.64 2.71 3.   3.16 3.25 3.32 3.51 3.72 3.8  3.86 4.43
 4.86 5.23 5.67 5.82]
var: 1.606285
| [0m79       [0m | [0m2.125    [0m | [0m0.00943  [0m | [0m12.07    [0m | [0m0.1827   [0m |
[0.33 0.49 0.53 0.54 0.57 0.59 0.74 0.79 0.93 0.94 0.98 1.02 1.03 1.03
 1.06 1.06 1.06 1.06 1.08 1.12 1.12 1.13 1.18 1.19 1.21 1.24 1.25 1.29
 1.42 1.45 1.47 1.5  1.56 1.58 1.61 1.63 1.7  1.79 1.87 1.92 1.92 1.95
 1.99 2.01 2.01 2.03 2.16 2.18 2.27 2.3  2.35 2.43 2.44 2.45 2.58 2.67
 2.95 3.08 3.61 6.95]
var: 0.966114972222223
| [0m80       [0m | [0m1.64     [0m | [0m0.06531  [0m | [0m12.32    [0m | [0m0.05285  [0m |
=============================================================
None
num_trials:  40  inits,  40  iters,  60  per
rho:  10
pthin:  0.98

Best VPT: 2.5881666666666665
Best result: {'a': 0.005101046738040777, 'g': 12.295261716137212, 's': 0.06153507099992591}

KERNEL: nu=1.5, lengthscale=2.0, alpha=0.0005
