|   iter    |  target   |     a     |     g     |     s     |
-------------------------------------------------------------
[0.   0.01 0.03 0.03 0.05 0.07 0.08 0.09 0.09 0.1  0.11 0.11 0.15 0.16
 0.16 0.17 0.17 0.18 0.19 0.19 0.2  0.23 0.24 0.29 0.35 0.35 0.36 0.4
 0.44 0.44 0.46 0.46 0.49 0.49 0.51 0.53 0.53 0.54 0.54 0.55 0.55 0.56
 0.65 0.67 0.7  0.71 0.93 0.97 1.03 1.05 1.08 1.08 1.13 1.17 1.17 1.26
 1.26 1.4  1.42 1.44]
var: 0.17188697222222196
| [0m1        [0m | [0m0.5128   [0m | [0m0.2271   [0m | [0m10.04    [0m | [0m0.862    [0m |
[0.02 0.03 0.05 0.06 0.09 0.11 0.14 0.16 0.17 0.18 0.21 0.23 0.27 0.28
 0.31 0.31 0.36 0.37 0.39 0.4  0.42 0.44 0.45 0.47 0.47 0.52 0.52 0.54
 0.55 0.56 0.58 0.59 0.72 0.77 0.79 0.79 0.8  0.84 0.9  0.9  0.94 0.96
 0.96 0.99 1.03 1.12 1.18 1.3  1.36 1.44 1.44 1.45 1.56 1.77 1.8  1.87
 1.94 2.16 2.23 3.39]
var: 0.43641763888888874
| [95m2        [0m | [95m0.7942   [0m | [95m0.02101  [0m | [95m15.46    [0m | [95m0.9367   [0m |
[0.03 0.08 0.12 0.12 0.16 0.16 0.2  0.21 0.28 0.29 0.29 0.3  0.3  0.32
 0.32 0.34 0.35 0.36 0.37 0.39 0.4  0.41 0.41 0.42 0.44 0.45 0.46 0.47
 0.47 0.47 0.48 0.48 0.51 0.52 0.54 0.57 0.58 0.59 0.6  0.6  0.66 0.66
 0.67 0.68 0.68 0.71 0.72 0.78 0.8  0.81 0.82 0.83 0.86 0.88 0.9  0.92
 1.1  1.12 1.62 1.92]
var: 0.11239333333333319
| [0m3        [0m | [0m0.55     [0m | [0m0.118    [0m | [0m7.895    [0m | [0m2.944    [0m |
[0.06 0.08 0.09 0.14 0.15 0.15 0.17 0.17 0.19 0.2  0.21 0.21 0.21 0.21
 0.24 0.26 0.26 0.28 0.31 0.32 0.35 0.37 0.37 0.38 0.4  0.4  0.41 0.41
 0.41 0.42 0.42 0.42 0.44 0.45 0.46 0.46 0.51 0.53 0.53 0.53 0.54 0.55
 0.6  0.63 0.64 0.69 0.69 0.74 0.85 0.88 0.88 0.93 0.94 0.95 1.02 1.03
 1.04 1.11 1.46 1.76]
var: 0.11652608333333327
| [0m4        [0m | [0m0.5085   [0m | [0m0.1718   [0m | [0m6.138    [0m | [0m2.753    [0m |
[0.   0.   0.01 0.05 0.06 0.06 0.06 0.06 0.08 0.11 0.14 0.15 0.15 0.17
 0.21 0.22 0.22 0.24 0.24 0.24 0.24 0.25 0.26 0.27 0.29 0.3  0.32 0.35
 0.35 0.38 0.41 0.42 0.42 0.42 0.44 0.46 0.47 0.47 0.52 0.56 0.58 0.58
 0.61 0.63 0.76 0.76 0.76 0.77 0.8  0.83 0.84 0.86 0.9  1.   1.01 1.01
 1.07 1.21 1.26 1.27]
var: 0.11701988888888869
| [0m5        [0m | [0m0.4597   [0m | [0m0.2496   [0m | [0m27.17    [0m | [0m1.478    [0m |
[0.   0.   0.01 0.02 0.02 0.02 0.03 0.05 0.05 0.05 0.05 0.06 0.07 0.07
 0.07 0.08 0.1  0.1  0.11 0.12 0.12 0.14 0.14 0.15 0.16 0.17 0.17 0.18
 0.19 0.19 0.2  0.2  0.22 0.23 0.24 0.24 0.24 0.24 0.26 0.27 0.27 0.28
 0.28 0.29 0.3  0.32 0.33 0.36 0.39 0.4  0.4  0.43 0.44 0.44 0.5  0.59
 0.62 0.63 0.66 0.77]
var: 0.03257697222222217
| [0m6        [0m | [0m0.2288   [0m | [0m0.2159   [0m | [0m43.03    [0m | [0m2.996    [0m |
[0.   0.03 0.03 0.03 0.04 0.06 0.06 0.06 0.09 0.1  0.12 0.14 0.14 0.16
 0.16 0.17 0.21 0.21 0.22 0.26 0.26 0.27 0.29 0.29 0.31 0.32 0.34 0.34
 0.35 0.37 0.37 0.37 0.38 0.39 0.41 0.42 0.43 0.44 0.45 0.47 0.49 0.57
 0.58 0.58 0.63 0.64 0.64 0.66 0.72 0.75 0.76 0.95 0.97 1.09 1.1  1.11
 1.28 1.38 1.52 1.65]
var: 0.14932141666666665
| [0m7        [0m | [0m0.4605   [0m | [0m0.06532  [0m | [0m16.75    [0m | [0m1.977    [0m |
[0.   0.   0.   0.04 0.05 0.05 0.06 0.06 0.06 0.08 0.09 0.1  0.13 0.13
 0.18 0.19 0.2  0.21 0.22 0.23 0.23 0.25 0.25 0.26 0.27 0.29 0.3  0.35
 0.38 0.38 0.39 0.41 0.43 0.44 0.44 0.47 0.47 0.48 0.48 0.52 0.56 0.56
 0.58 0.59 0.59 0.61 0.62 0.63 0.66 0.66 0.67 0.75 0.75 0.87 0.88 0.92
 0.94 0.95 0.98 1.43]
var: 0.09167030555555547
| [0m8        [0m | [0m0.4128   [0m | [0m0.2243   [0m | [0m15.56    [0m | [0m2.995    [0m |
[0.27 0.47 0.49 0.5  0.51 0.51 0.53 0.56 0.56 0.57 0.61 0.62 0.64 0.68
 0.69 0.71 0.72 0.76 0.78 0.83 0.83 0.84 0.91 0.93 0.94 1.06 1.09 1.12
 1.13 1.17 1.23 1.24 1.28 1.34 1.37 1.38 1.41 1.44 1.45 1.46 1.49 1.49
 1.51 1.52 1.56 1.58 1.65 1.67 1.68 1.72 1.75 1.75 1.81 1.84 1.89 2.33
 2.51 2.64 2.71 3.04]
var: 0.3746580833333334
| [95m9        [0m | [95m1.23     [0m | [95m0.2176   [0m | [95m35.53    [0m | [95m0.07049  [0m |
[0.01 0.01 0.03 0.04 0.05 0.06 0.14 0.14 0.14 0.15 0.17 0.19 0.22 0.22
 0.3  0.31 0.33 0.35 0.36 0.37 0.37 0.39 0.41 0.41 0.44 0.46 0.47 0.5
 0.51 0.53 0.53 0.57 0.58 0.58 0.59 0.59 0.59 0.63 0.65 0.67 0.67 0.71
 0.72 0.73 0.74 0.75 0.83 0.87 0.92 0.94 1.08 1.12 1.14 1.21 1.26 1.37
 1.44 1.77 1.98 3.47]
var: 0.3147932222222221
| [0m10       [0m | [0m0.6297   [0m | [0m0.2342   [0m | [0m13.06    [0m | [0m0.5961   [0m |
[0.   0.   0.   0.   0.01 0.01 0.02 0.02 0.02 0.03 0.03 0.03 0.04 0.05
 0.06 0.06 0.09 0.11 0.12 0.12 0.12 0.13 0.13 0.13 0.14 0.15 0.17 0.17
 0.17 0.18 0.18 0.18 0.23 0.23 0.25 0.26 0.3  0.32 0.34 0.34 0.34 0.34
 0.35 0.37 0.38 0.4  0.41 0.44 0.44 0.46 0.48 0.49 0.52 0.53 0.58 0.59
 0.71 1.05 1.06 1.22]
var: 0.069693888888889
| [0m11       [0m | [0m0.2683   [0m | [0m0.1128   [0m | [0m38.74    [0m | [0m2.461    [0m |
[0.   0.01 0.01 0.03 0.05 0.09 0.09 0.09 0.1  0.1  0.12 0.15 0.16 0.16
 0.18 0.2  0.2  0.21 0.24 0.24 0.34 0.35 0.35 0.4  0.4  0.42 0.44 0.44
 0.44 0.46 0.49 0.5  0.56 0.56 0.58 0.61 0.61 0.63 0.64 0.68 0.69 0.69
 0.79 0.81 0.87 0.93 0.95 0.98 1.08 1.1  1.11 1.13 1.14 1.2  1.22 1.25
 1.3  1.38 1.41 2.37]
var: 0.21689030555555538
| [0m12       [0m | [0m0.5788   [0m | [0m0.208    [0m | [0m11.23    [0m | [0m1.892    [0m |
[0.02 0.03 0.04 0.04 0.19 0.19 0.22 0.26 0.27 0.34 0.37 0.46 0.47 0.49
 0.5  0.52 0.54 0.54 0.6  0.6  0.61 0.62 0.63 0.67 0.68 0.68 0.69 0.69
 0.71 0.72 0.73 0.75 0.77 0.78 0.81 0.82 0.83 0.86 0.94 0.96 1.03 1.03
 1.03 1.05 1.05 1.08 1.08 1.11 1.11 1.23 1.23 1.32 1.43 1.43 1.46 1.59
 1.72 1.88 1.91 2.06]
var: 0.2217703055555561
| [0m13       [0m | [0m0.8078   [0m | [0m0.1127   [0m | [0m33.28    [0m | [0m0.4241   [0m |
[0.01 0.01 0.05 0.05 0.07 0.13 0.14 0.16 0.16 0.17 0.19 0.23 0.25 0.25
 0.26 0.27 0.28 0.29 0.29 0.3  0.31 0.31 0.32 0.36 0.37 0.4  0.45 0.46
 0.48 0.5  0.5  0.54 0.54 0.59 0.62 0.62 0.63 0.64 0.66 0.67 0.69 0.69
 0.7  0.74 0.77 0.8  0.87 0.88 0.89 0.9  0.91 0.94 0.96 0.96 0.97 1.11
 1.12 1.18 1.18 1.68]
var: 0.12414030555555523
| [0m14       [0m | [0m0.5412   [0m | [0m0.284    [0m | [0m16.96    [0m | [0m0.5487   [0m |
[0.   0.   0.   0.01 0.01 0.02 0.04 0.04 0.05 0.05 0.06 0.07 0.07 0.13
 0.14 0.17 0.21 0.21 0.22 0.23 0.27 0.28 0.29 0.3  0.3  0.32 0.32 0.34
 0.37 0.37 0.41 0.44 0.45 0.46 0.48 0.54 0.55 0.58 0.6  0.61 0.61 0.61
 0.61 0.62 0.63 0.65 0.67 0.74 0.76 0.81 0.83 0.88 0.92 0.96 1.03 1.04
 1.24 1.29 1.31 1.32]
var: 0.13164899999999993
| [0m15       [0m | [0m0.459    [0m | [0m0.1729   [0m | [0m25.83    [0m | [0m1.652    [0m |
[0.   0.   0.01 0.01 0.02 0.03 0.03 0.03 0.03 0.04 0.1  0.1  0.12 0.13
 0.14 0.18 0.23 0.23 0.25 0.26 0.27 0.28 0.28 0.3  0.32 0.38 0.38 0.4
 0.42 0.44 0.44 0.45 0.46 0.46 0.49 0.51 0.54 0.56 0.58 0.59 0.6  0.61
 0.63 0.68 0.68 0.7  0.71 0.73 0.74 0.74 0.76 0.95 1.03 1.06 1.07 1.08
 1.12 1.2  1.49 1.89]
var: 0.15592622222222233
| [0m16       [0m | [0m0.4827   [0m | [0m0.03043  [0m | [0m38.29    [0m | [0m1.261    [0m |
[0.   0.   0.   0.   0.   0.02 0.04 0.05 0.06 0.06 0.07 0.09 0.1  0.12
 0.13 0.14 0.14 0.14 0.14 0.15 0.17 0.17 0.19 0.19 0.19 0.24 0.24 0.26
 0.27 0.28 0.29 0.3  0.31 0.32 0.33 0.33 0.34 0.36 0.37 0.37 0.39 0.39
 0.39 0.42 0.43 0.43 0.43 0.47 0.47 0.49 0.49 0.49 0.5  0.52 0.52 0.55
 0.63 0.65 0.66 0.7 ]
var: 0.035888305555555645
| [0m17       [0m | [0m0.2832   [0m | [0m0.2663   [0m | [0m49.66    [0m | [0m1.645    [0m |
[0.01 0.02 0.05 0.06 0.06 0.12 0.13 0.13 0.15 0.15 0.16 0.17 0.21 0.23
 0.25 0.25 0.25 0.26 0.26 0.27 0.31 0.32 0.32 0.34 0.35 0.36 0.37 0.38
 0.39 0.4  0.41 0.41 0.41 0.42 0.42 0.42 0.43 0.45 0.45 0.47 0.5  0.5
 0.53 0.56 0.59 0.63 0.68 0.7  0.71 0.74 0.74 0.78 0.8  0.93 1.06 1.07
 1.12 1.16 1.35 1.41]
var: 0.10437988888888901
| [0m18       [0m | [0m0.4597   [0m | [0m0.204    [0m | [0m2.196    [0m | [0m0.7403   [0m |
[0.   0.   0.02 0.03 0.04 0.04 0.06 0.07 0.1  0.1  0.1  0.1  0.11 0.12
 0.12 0.13 0.13 0.13 0.14 0.14 0.15 0.15 0.16 0.19 0.19 0.2  0.2  0.21
 0.25 0.25 0.27 0.3  0.31 0.31 0.32 0.33 0.4  0.42 0.47 0.48 0.52 0.54
 0.55 0.56 0.57 0.58 0.58 0.59 0.62 0.63 0.71 0.76 0.76 0.77 0.83 0.85
 0.92 1.28 1.34 1.99]
var: 0.1362694166666668
| [0m19       [0m | [0m0.3865   [0m | [0m0.1024   [0m | [0m20.66    [0m | [0m2.668    [0m |
[0.08 0.46 0.46 0.47 0.48 0.48 0.53 0.53 0.54 0.57 0.58 0.58 0.59 0.59
 0.6  0.6  0.62 0.64 0.72 0.72 0.76 0.78 0.87 0.87 0.88 0.95 0.97 1.03
 1.03 1.04 1.04 1.1  1.13 1.16 1.23 1.23 1.24 1.24 1.27 1.28 1.32 1.34
 1.39 1.39 1.39 1.42 1.48 1.51 1.63 1.64 1.67 1.7  1.73 1.74 1.78 1.82
 1.92 1.94 1.97 2.3 ]
var: 0.24175988888888936
| [0m20       [0m | [0m1.084    [0m | [0m0.1349   [0m | [0m41.38    [0m | [0m0.2179   [0m |
[0.37 0.4  0.41 0.42 0.42 0.55 0.59 0.62 0.64 0.65 0.68 0.83 0.9  0.92
 0.96 0.98 0.98 0.98 0.99 1.01 1.03 1.04 1.1  1.1  1.21 1.23 1.26 1.26
 1.26 1.3  1.31 1.32 1.32 1.33 1.34 1.36 1.38 1.42 1.42 1.49 1.5  1.53
 1.58 1.61 1.63 1.66 1.71 1.77 1.79 1.83 1.83 1.86 1.91 2.15 2.17 2.25
 2.43 2.45 3.08 4.3 ]
var: 0.46053100000000025
| [95m21       [0m | [95m1.347    [0m | [95m0.1046   [0m | [95m10.08    [0m | [95m0.05448  [0m |
[0.   0.07 0.16 0.22 0.22 0.23 0.24 0.34 0.39 0.45 0.56 0.57 0.66 0.66
 0.68 0.71 0.72 0.72 0.8  0.83 0.84 0.92 0.97 1.03 1.07 1.08 1.1  1.22
 1.22 1.23 1.25 1.27 1.32 1.35 1.35 1.35 1.41 1.46 1.48 1.52 1.67 1.71
 1.71 1.73 1.83 1.83 1.84 1.89 1.9  1.93 2.05 2.09 2.17 2.47 2.53 2.63
 2.8  2.87 3.39 4.15]
var: 0.7097045555555552
| [0m22       [0m | [0m1.314    [0m | [0m0.03058  [0m | [0m28.43    [0m | [0m0.4415   [0m |
[0.11 0.11 0.12 0.27 0.47 0.55 0.68 0.68 0.69 0.7  0.71 0.75 0.75 0.76
 0.76 0.77 0.88 0.89 0.92 0.94 0.95 0.98 1.04 1.05 1.05 1.14 1.22 1.26
 1.29 1.33 1.36 1.38 1.39 1.4  1.41 1.48 1.64 1.64 1.66 1.72 1.8  1.96
 1.96 2.03 2.08 2.09 2.25 2.28 2.36 2.39 2.43 2.46 2.49 2.51 2.67 2.69
 2.9  2.96 3.38 5.38]
var: 0.8634780833333335
| [95m23       [0m | [95m1.5      [0m | [95m0.009332 [0m | [95m37.73    [0m | [95m0.3746   [0m |
[0.   0.   0.   0.01 0.02 0.02 0.02 0.02 0.03 0.04 0.04 0.05 0.05 0.06
 0.07 0.08 0.08 0.08 0.1  0.1  0.11 0.12 0.13 0.14 0.15 0.15 0.17 0.17
 0.18 0.19 0.22 0.24 0.25 0.28 0.29 0.33 0.34 0.35 0.38 0.38 0.38 0.4
 0.43 0.45 0.45 0.47 0.47 0.48 0.51 0.52 0.52 0.54 0.56 0.57 0.58 0.61
 0.74 0.94 1.19 1.36]
var: 0.07989941666666649
| [0m24       [0m | [0m0.2935   [0m | [0m0.1159   [0m | [0m49.01    [0m | [0m2.355    [0m |
[0.   0.01 0.02 0.03 0.03 0.04 0.05 0.06 0.08 0.09 0.1  0.11 0.11 0.12
 0.12 0.13 0.15 0.15 0.16 0.18 0.19 0.21 0.23 0.25 0.28 0.3  0.3  0.34
 0.37 0.39 0.39 0.41 0.41 0.41 0.47 0.5  0.53 0.56 0.56 0.59 0.61 0.67
 0.69 0.7  0.72 0.72 0.77 0.8  0.83 0.88 0.92 0.93 0.94 1.01 1.22 1.39
 1.49 1.5  1.56 1.57]
var: 0.18361097222222217
| [0m25       [0m | [0m0.4892   [0m | [0m0.1435   [0m | [0m37.58    [0m | [0m0.8714   [0m |
[0.01 0.02 0.03 0.05 0.07 0.12 0.12 0.14 0.15 0.17 0.19 0.19 0.2  0.2
 0.23 0.23 0.23 0.23 0.25 0.26 0.27 0.31 0.31 0.32 0.32 0.33 0.33 0.34
 0.36 0.36 0.38 0.39 0.39 0.4  0.46 0.46 0.48 0.49 0.5  0.53 0.55 0.55
 0.55 0.56 0.58 0.6  0.65 0.71 0.73 0.77 0.79 0.79 0.87 0.91 0.93 1.
 1.14 1.16 1.34 1.48]
var: 0.10685933333333358
| [0m26       [0m | [0m0.458    [0m | [0m0.2789   [0m | [0m23.97    [0m | [0m2.745    [0m |
[0.04 0.06 0.14 0.21 0.24 0.26 0.26 0.27 0.27 0.29 0.29 0.29 0.31 0.32
 0.33 0.34 0.34 0.35 0.35 0.35 0.39 0.41 0.46 0.48 0.48 0.49 0.5  0.56
 0.58 0.59 0.61 0.63 0.63 0.63 0.64 0.67 0.68 0.68 0.69 0.7  0.73 0.73
 0.73 0.74 0.74 0.75 0.76 0.8  0.88 0.91 0.97 1.02 1.12 1.16 1.17 1.32
 1.5  1.72 1.88 3.14]
var: 0.24367988888888886
| [0m27       [0m | [0m0.6597   [0m | [0m0.01121  [0m | [0m1.813    [0m | [0m1.542    [0m |
[0.   0.   0.   0.01 0.02 0.02 0.03 0.03 0.04 0.06 0.06 0.06 0.08 0.09
 0.11 0.11 0.12 0.13 0.14 0.16 0.19 0.2  0.22 0.22 0.25 0.25 0.26 0.28
 0.3  0.3  0.32 0.33 0.33 0.34 0.35 0.39 0.4  0.42 0.45 0.49 0.51 0.52
 0.53 0.54 0.54 0.56 0.58 0.59 0.62 0.62 0.65 0.7  0.71 0.83 0.88 0.9
 0.92 0.93 0.99 1.24]
var: 0.08859822222222219
| [0m28       [0m | [0m0.3653   [0m | [0m0.232    [0m | [0m37.47    [0m | [0m1.852    [0m |
[0.   0.   0.02 0.03 0.03 0.03 0.03 0.04 0.05 0.05 0.08 0.09 0.11 0.13
 0.14 0.15 0.15 0.17 0.17 0.17 0.18 0.19 0.2  0.2  0.21 0.23 0.24 0.25
 0.25 0.25 0.28 0.29 0.32 0.32 0.32 0.32 0.33 0.33 0.34 0.35 0.35 0.35
 0.36 0.36 0.38 0.39 0.4  0.4  0.42 0.53 0.53 0.55 0.56 0.6  0.6  0.62
 0.62 0.7  0.79 0.84]
var: 0.04112163888888887
| [0m29       [0m | [0m0.2898   [0m | [0m0.1606   [0m | [0m35.64    [0m | [0m2.611    [0m |
[0.   0.03 0.03 0.04 0.04 0.05 0.11 0.11 0.12 0.14 0.16 0.16 0.17 0.17
 0.18 0.21 0.24 0.26 0.26 0.27 0.29 0.29 0.3  0.3  0.3  0.33 0.34 0.34
 0.34 0.37 0.38 0.39 0.4  0.4  0.41 0.41 0.41 0.43 0.44 0.46 0.47 0.49
 0.52 0.54 0.54 0.59 0.59 0.62 0.63 0.64 0.67 0.7  0.76 0.88 0.95 0.97
 1.03 1.16 1.97 2.29]
var: 0.1649160833333332
| [0m30       [0m | [0m0.4515   [0m | [0m0.2235   [0m | [0m19.46    [0m | [0m2.933    [0m |
[0.03 0.03 0.06 0.08 0.09 0.11 0.12 0.12 0.13 0.14 0.14 0.14 0.15 0.15
 0.15 0.15 0.16 0.16 0.17 0.18 0.19 0.19 0.19 0.19 0.2  0.2  0.21 0.21
 0.21 0.21 0.21 0.22 0.23 0.23 0.25 0.26 0.26 0.27 0.28 0.28 0.29 0.31
 0.33 0.35 0.37 0.38 0.39 0.41 0.44 0.44 0.44 0.5  0.53 0.69 0.69 0.9
 0.95 1.   1.1  1.19]
var: 0.0664009722222221
| [0m31       [0m | [0m0.3108   [0m | [0m0.026    [0m | [0m10.56    [0m | [0m0.008109 [0m |
[0.02 0.02 0.03 0.03 0.03 0.05 0.1  0.12 0.14 0.14 0.22 0.24 0.26 0.27
 0.28 0.29 0.31 0.32 0.32 0.32 0.32 0.33 0.33 0.34 0.35 0.35 0.36 0.36
 0.37 0.37 0.38 0.38 0.45 0.46 0.48 0.5  0.51 0.51 0.53 0.53 0.54 0.55
 0.59 0.62 0.65 0.67 0.68 0.7  0.74 0.77 0.78 0.82 1.   1.07 1.09 1.35
 1.5  1.55 1.77 1.81]
var: 0.16940030555555585
| [0m32       [0m | [0m0.5162   [0m | [0m0.0941   [0m | [0m21.0     [0m | [0m2.195    [0m |
[0.43 0.51 0.55 0.62 0.63 0.66 0.73 0.74 0.81 0.82 0.88 1.   1.03 1.05
 1.06 1.1  1.11 1.17 1.19 1.21 1.21 1.24 1.3  1.33 1.35 1.37 1.43 1.44
 1.46 1.47 1.49 1.56 1.56 1.57 1.58 1.59 1.68 1.71 1.72 1.8  1.81 1.82
 1.86 1.89 1.89 1.99 2.06 2.06 2.07 2.08 2.27 2.39 2.68 2.76 2.88 3.3
 3.37 3.57 3.59 4.01]
var: 0.6486483055555553
| [95m33       [0m | [95m1.625    [0m | [95m0.1082   [0m | [95m10.36    [0m | [95m0.1859   [0m |
[0.03 0.06 0.06 0.06 0.07 0.08 0.1  0.1  0.11 0.12 0.15 0.16 0.17 0.17
 0.18 0.21 0.22 0.23 0.24 0.27 0.3  0.37 0.37 0.39 0.4  0.4  0.43 0.44
 0.45 0.46 0.47 0.48 0.51 0.51 0.52 0.6  0.6  0.61 0.62 0.64 0.65 0.65
 0.66 0.71 0.74 0.82 0.84 0.86 0.9  0.94 1.17 1.21 1.21 1.23 1.35 1.39
 1.49 1.57 1.86 2.21]
var: 0.22949655555555554
| [0m34       [0m | [0m0.5803   [0m | [0m0.2432   [0m | [0m7.941    [0m | [0m0.7366   [0m |
[0.02 0.04 0.05 0.08 0.1  0.1  0.12 0.13 0.13 0.16 0.16 0.19 0.22 0.22
 0.23 0.23 0.27 0.28 0.28 0.29 0.3  0.31 0.33 0.36 0.37 0.38 0.39 0.4
 0.4  0.46 0.46 0.48 0.49 0.53 0.58 0.58 0.6  0.61 0.62 0.62 0.66 0.67
 0.69 0.72 0.73 0.74 0.77 0.79 0.84 0.91 0.91 1.09 1.1  1.12 1.15 1.18
 1.23 1.36 1.48 1.97]
var: 0.16248155555555552
| [0m35       [0m | [0m0.5447   [0m | [0m0.1008   [0m | [0m5.737    [0m | [0m1.318    [0m |
[0.   0.02 0.03 0.04 0.08 0.09 0.09 0.11 0.12 0.13 0.15 0.18 0.19 0.19
 0.24 0.27 0.27 0.27 0.3  0.31 0.33 0.33 0.35 0.37 0.41 0.42 0.42 0.44
 0.45 0.46 0.49 0.52 0.52 0.57 0.59 0.62 0.63 0.67 0.68 0.68 0.68 0.71
 0.72 0.73 0.73 0.73 0.74 0.74 0.75 0.78 0.82 0.88 0.88 0.93 0.94 0.95
 0.95 1.02 1.38 1.6 ]
var: 0.11340608333333359
| [0m36       [0m | [0m0.5115   [0m | [0m0.1791   [0m | [0m8.559    [0m | [0m2.582    [0m |
[0.   0.02 0.04 0.06 0.12 0.13 0.14 0.15 0.15 0.17 0.19 0.21 0.22 0.24
 0.28 0.3  0.3  0.31 0.35 0.36 0.36 0.36 0.43 0.47 0.48 0.48 0.49 0.53
 0.55 0.61 0.62 0.63 0.63 0.65 0.67 0.68 0.69 0.7  0.72 0.72 0.72 0.73
 0.73 0.79 0.84 0.87 0.87 1.06 1.15 1.18 1.22 1.24 1.27 1.36 1.38 1.43
 1.68 1.86 2.21 2.74]
var: 0.2957612222222222
| [0m37       [0m | [0m0.6757   [0m | [0m0.01791  [0m | [0m9.408    [0m | [0m1.246    [0m |
[0.   0.   0.   0.01 0.01 0.01 0.01 0.02 0.02 0.02 0.03 0.05 0.06 0.07
 0.08 0.08 0.11 0.13 0.14 0.15 0.16 0.16 0.17 0.18 0.18 0.19 0.19 0.19
 0.19 0.19 0.19 0.2  0.2  0.21 0.21 0.22 0.22 0.23 0.25 0.26 0.29 0.3
 0.35 0.36 0.36 0.37 0.37 0.41 0.42 0.43 0.44 0.44 0.46 0.46 0.47 0.49
 0.5  0.56 0.61 0.87]
var: 0.033108749999999916
| [0m38       [0m | [0m0.2325   [0m | [0m0.1327   [0m | [0m40.2     [0m | [0m2.796    [0m |
[0.   0.   0.   0.   0.   0.02 0.02 0.02 0.03 0.04 0.05 0.06 0.06 0.07
 0.08 0.08 0.08 0.09 0.12 0.13 0.14 0.14 0.15 0.16 0.17 0.18 0.24 0.26
 0.26 0.27 0.28 0.29 0.29 0.3  0.31 0.33 0.34 0.34 0.34 0.35 0.37 0.38
 0.41 0.42 0.43 0.43 0.44 0.44 0.45 0.46 0.47 0.48 0.48 0.49 0.54 0.61
 0.63 0.67 0.77 0.81]
var: 0.042790305555555644
| [0m39       [0m | [0m0.2712   [0m | [0m0.1946   [0m | [0m42.23    [0m | [0m1.874    [0m |
[0.   0.   0.   0.   0.01 0.02 0.03 0.04 0.09 0.1  0.16 0.17 0.21 0.21
 0.22 0.23 0.24 0.25 0.27 0.27 0.3  0.31 0.33 0.33 0.33 0.34 0.35 0.4
 0.41 0.42 0.42 0.43 0.45 0.45 0.45 0.48 0.49 0.53 0.53 0.55 0.57 0.63
 0.71 0.71 0.72 0.73 0.78 0.81 0.84 0.88 0.92 0.94 1.02 1.12 1.16 1.22
 1.55 1.61 1.71 1.78]
var: 0.1884414166666667
| [0m40       [0m | [0m0.5205   [0m | [0m0.2452   [0m | [0m32.21    [0m | [0m1.099    [0m |
[0.   0.   0.01 0.03 0.04 0.06 0.07 0.07 0.07 0.08 0.11 0.12 0.14 0.21
 0.23 0.26 0.26 0.27 0.29 0.29 0.31 0.36 0.44 0.46 0.47 0.51 0.52 0.55
 0.56 0.58 0.58 0.67 0.68 0.7  0.71 0.73 0.76 0.77 0.77 0.8  0.81 0.84
 0.85 0.88 0.91 1.05 1.09 1.1  1.12 1.24 1.27 1.28 1.29 1.3  1.36 1.4
 1.48 1.54 1.69 1.98]
var: 0.24027322222222283
| [0m41       [0m | [0m0.6503   [0m | [0m0.0464   [0m | [0m29.07    [0m | [0m0.8923   [0m |
[0.25 0.34 0.41 0.48 0.56 0.58 0.63 0.8  0.9  0.97 1.01 1.05 1.05 1.05
 1.06 1.1  1.11 1.11 1.15 1.16 1.31 1.32 1.34 1.45 1.47 1.48 1.48 1.52
 1.53 1.55 1.56 1.59 1.61 1.63 1.71 1.73 1.75 1.75 1.89 1.93 1.95 2.01
 2.05 2.05 2.07 2.08 2.11 2.12 2.17 2.22 2.25 2.45 2.46 2.53 2.57 2.68
 2.74 3.22 3.43 5.37]
var: 0.7085805555555543
| [95m42       [0m | [95m1.648    [0m | [95m0.114    [0m | [95m10.25    [0m | [95m0.1586   [0m |
[0.06 0.21 0.34 0.43 0.45 0.61 0.62 0.64 0.66 0.7  0.7  0.72 0.72 0.75
 0.76 0.76 0.78 0.8  0.81 0.85 0.86 0.88 0.88 0.92 0.99 0.99 1.04 1.05
 1.05 1.06 1.08 1.1  1.16 1.19 1.19 1.2  1.27 1.32 1.35 1.37 1.41 1.42
 1.44 1.47 1.54 1.7  1.73 1.78 1.81 1.83 1.85 2.29 2.51 2.61 2.65 2.69
 3.02 3.12 3.25 4.03]
var: 0.640413638888888
| [0m43       [0m | [0m1.308    [0m | [0m0.1928   [0m | [0m10.28    [0m | [0m0.2695   [0m |
[0.02 0.05 0.06 0.07 0.11 0.12 0.13 0.14 0.15 0.18 0.18 0.22 0.25 0.26
 0.29 0.31 0.33 0.36 0.37 0.42 0.42 0.46 0.47 0.49 0.51 0.51 0.52 0.52
 0.54 0.54 0.54 0.55 0.55 0.55 0.56 0.56 0.59 0.61 0.63 0.66 0.66 0.68
 0.7  0.72 0.74 0.77 0.81 0.82 0.82 0.87 0.94 0.99 1.01 1.07 1.18 1.33
 1.42 1.52 1.57 2.67]
var: 0.20252608333333344
| [0m44       [0m | [0m0.6015   [0m | [0m0.1228   [0m | [0m10.59    [0m | [0m0.8886   [0m |
[0.6  0.87 0.9  0.97 1.02 1.05 1.08 1.26 1.33 1.38 1.38 1.42 1.46 1.53
 1.54 1.6  1.62 1.67 1.68 1.71 1.73 1.79 1.81 1.87 1.96 1.99 1.99 1.99
 2.03 2.08 2.1  2.14 2.16 2.18 2.19 2.2  2.33 2.33 2.39 2.4  2.54 2.58
 2.65 2.67 2.67 2.68 2.77 2.78 2.8  2.81 2.87 2.92 3.01 3.02 3.09 3.15
 3.3  3.62 4.26 5.19]
var: 0.6968816388888887
| [95m45       [0m | [95m2.152    [0m | [95m0.009019 [0m | [95m10.27    [0m | [95m0.2195   [0m |
[0.1  0.19 0.2  0.28 0.42 0.48 0.54 0.56 0.63 0.7  0.72 0.73 0.74 0.74
 0.75 0.78 0.79 0.8  0.82 0.82 0.95 0.99 1.   1.   1.01 1.08 1.17 1.17
 1.21 1.24 1.25 1.3  1.31 1.34 1.36 1.37 1.4  1.47 1.47 1.57 1.61 1.62
 1.63 1.64 1.72 1.75 1.8  1.93 1.93 1.97 1.99 2.   2.2  2.21 2.4  2.46
 2.69 2.78 2.93 3.4 ]
var: 0.5081494166666659
| [0m46       [0m | [0m1.319    [0m | [0m0.02542  [0m | [0m10.3     [0m | [0m0.3833   [0m |
[0.04 0.06 0.06 0.06 0.08 0.09 0.11 0.18 0.19 0.2  0.22 0.25 0.25 0.25
 0.25 0.29 0.32 0.34 0.35 0.42 0.43 0.43 0.44 0.44 0.45 0.49 0.49 0.52
 0.54 0.56 0.58 0.63 0.63 0.64 0.64 0.65 0.68 0.69 0.72 0.78 0.8  0.81
 0.86 0.86 0.88 0.9  0.92 1.12 1.14 1.24 1.26 1.39 1.43 1.6  1.63 1.66
 1.73 1.84 2.01 2.17]
var: 0.2799016388888892
| [0m47       [0m | [0m0.6948   [0m | [0m0.1498   [0m | [0m8.952    [0m | [0m0.4126   [0m |
[0.   0.   0.01 0.03 0.07 0.09 0.09 0.1  0.14 0.18 0.18 0.21 0.21 0.21
 0.21 0.22 0.24 0.25 0.25 0.3  0.35 0.35 0.35 0.35 0.37 0.37 0.37 0.41
 0.47 0.47 0.48 0.5  0.5  0.51 0.54 0.55 0.55 0.56 0.59 0.61 0.64 0.65
 0.66 0.67 0.7  0.7  0.72 0.76 0.9  0.96 1.07 1.15 1.19 1.27 1.31 1.4
 1.42 1.46 1.48 1.81]
var: 0.18383622222222235
| [0m48       [0m | [0m0.5527   [0m | [0m0.1875   [0m | [0m22.5     [0m | [0m1.007    [0m |
[0.   0.01 0.02 0.02 0.11 0.12 0.16 0.31 0.43 0.44 0.49 0.5  0.58 0.58
 0.62 0.62 0.62 0.66 0.66 0.71 0.75 0.78 0.86 0.9  1.04 1.05 1.08 1.14
 1.23 1.3  1.32 1.36 1.38 1.39 1.64 1.75 1.81 1.82 1.83 1.96 2.07 2.19
 2.22 2.27 2.28 2.35 2.42 2.46 2.49 2.63 2.77 2.87 3.29 3.66 3.8  3.92
 3.98 4.17 4.22 5.09]
var: 1.5415222222222233
| [0m49       [0m | [0m1.587    [0m | [0m1e-08    [0m | [0m10.18    [0m | [0m0.2189   [0m |
[0.   0.07 0.09 0.15 0.16 0.18 0.25 0.3  0.32 0.36 0.48 0.55 0.57 0.64
 0.74 0.78 0.83 0.93 0.98 1.02 1.02 1.23 1.23 1.28 1.28 1.32 1.35 1.36
 1.42 1.44 1.45 1.48 1.49 1.75 1.78 1.82 1.84 1.91 2.13 2.24 2.25 2.26
 2.39 2.4  2.41 2.69 2.69 2.7  2.76 2.81 3.   3.05 3.09 3.14 3.35 3.45
 3.64 4.19 4.37 6.05]
var: 1.5251116388888883
| [0m50       [0m | [0m1.715    [0m | [0m1e-08    [0m | [0m10.3     [0m | [0m0.161    [0m |
[0.4  0.46 0.6  0.61 0.63 0.7  0.72 0.73 0.73 0.79 0.8  0.83 0.87 0.87
 0.88 0.93 0.94 0.99 0.99 1.01 1.02 1.06 1.08 1.08 1.1  1.1  1.11 1.11
 1.12 1.21 1.24 1.28 1.31 1.34 1.34 1.38 1.39 1.41 1.41 1.58 1.62 1.63
 1.69 1.77 1.85 1.86 1.93 1.95 1.98 2.05 2.13 2.2  2.23 2.32 2.33 2.4
 2.47 2.51 3.08 3.25]
var: 0.4114066666666666
| [0m51       [0m | [0m1.39     [0m | [0m0.05637  [0m | [0m10.21    [0m | [0m0.2789   [0m |
[0.06 0.22 0.39 0.43 0.61 0.61 0.67 0.76 0.76 0.78 0.79 0.89 0.92 0.92
 0.95 0.99 0.99 1.   1.01 1.02 1.03 1.03 1.15 1.2  1.2  1.21 1.21 1.22
 1.23 1.24 1.3  1.35 1.37 1.4  1.41 1.41 1.46 1.46 1.49 1.52 1.56 1.57
 1.58 1.6  1.6  1.62 1.72 1.81 1.83 1.92 2.   2.01 2.01 2.02 2.16 2.21
 2.35 3.25 3.34 3.55]
var: 0.45284697222222275
| [0m52       [0m | [0m1.373    [0m | [0m0.03671  [0m | [0m10.31    [0m | [0m0.2907   [0m |
[0.   0.01 0.02 0.02 0.02 0.03 0.05 0.05 0.06 0.09 0.1  0.13 0.16 0.2
 0.2  0.21 0.22 0.23 0.25 0.25 0.25 0.26 0.27 0.28 0.28 0.3  0.31 0.35
 0.36 0.36 0.37 0.38 0.38 0.4  0.42 0.43 0.44 0.44 0.45 0.45 0.46 0.47
 0.48 0.48 0.51 0.52 0.52 0.52 0.55 0.55 0.57 0.58 0.58 0.59 0.62 0.67
 0.68 1.06 1.3  1.3 ]
var: 0.07288830555555557
| [0m53       [0m | [0m0.3748   [0m | [0m0.291    [0m | [0m41.18    [0m | [0m1.465    [0m |
[0.   0.   0.   0.   0.   0.   0.   0.01 0.01 0.02 0.02 0.03 0.03 0.04
 0.05 0.05 0.06 0.06 0.06 0.06 0.07 0.08 0.09 0.09 0.09 0.1  0.1  0.1
 0.11 0.12 0.13 0.14 0.14 0.15 0.15 0.18 0.19 0.2  0.2  0.2  0.22 0.23
 0.24 0.27 0.28 0.3  0.31 0.31 0.31 0.37 0.37 0.42 0.43 0.43 0.45 0.45
 0.48 0.53 0.6  0.92]
var: 0.033360972222222306
| [0m54       [0m | [0m0.1842   [0m | [0m0.1803   [0m | [0m43.15    [0m | [0m2.719    [0m |
[0.02 0.05 0.07 0.11 0.14 0.16 0.17 0.19 0.21 0.23 0.23 0.24 0.24 0.29
 0.3  0.31 0.31 0.33 0.34 0.36 0.36 0.36 0.39 0.4  0.42 0.45 0.49 0.49
 0.49 0.5  0.5  0.51 0.51 0.51 0.53 0.54 0.55 0.55 0.58 0.61 0.61 0.64
 0.68 0.7  0.71 0.74 0.76 0.79 0.82 0.86 0.89 0.99 1.02 1.11 1.15 1.21
 1.26 1.62 1.63 2.15]
var: 0.16624766666666618
| [0m55       [0m | [0m0.573    [0m | [0m0.06387  [0m | [0m10.06    [0m | [0m1.228    [0m |
[0.14 0.49 0.56 0.57 0.69 0.7  0.72 0.79 0.81 0.86 0.88 0.94 1.03 1.04
 1.05 1.16 1.17 1.27 1.28 1.32 1.35 1.36 1.41 1.45 1.5  1.56 1.57 1.59
 1.61 1.7  1.71 1.74 1.76 1.86 1.86 1.95 1.96 1.97 1.98 2.02 2.08 2.08
 2.24 2.32 2.32 2.41 2.42 2.51 2.61 2.76 3.09 3.16 3.52 3.6  3.7  3.76
 4.12 4.28 4.31 5.4 ]
var: 1.1855569722222221
| [0m56       [0m | [0m1.901    [0m | [0m0.01576  [0m | [0m10.21    [0m | [0m0.1739   [0m |
[0.26 0.3  0.31 0.55 0.64 0.65 0.69 0.76 0.78 0.81 0.85 0.88 0.94 0.98
 1.   1.   1.03 1.06 1.1  1.11 1.14 1.21 1.23 1.29 1.3  1.33 1.36 1.38
 1.38 1.42 1.42 1.44 1.46 1.48 1.5  1.52 1.53 1.55 1.56 1.57 1.61 1.62
 1.78 1.8  1.83 1.9  1.95 1.98 2.01 2.11 2.5  2.56 2.56 2.57 2.62 2.72
 2.77 3.43 3.57 3.68]
var: 0.5843612222222219
| [0m57       [0m | [0m1.522    [0m | [0m0.05217  [0m | [0m10.24    [0m | [0m0.3006   [0m |
[0.01 0.03 0.04 0.04 0.04 0.04 0.05 0.07 0.07 0.09 0.1  0.11 0.13 0.14
 0.16 0.19 0.2  0.22 0.24 0.24 0.27 0.28 0.29 0.3  0.3  0.32 0.33 0.36
 0.4  0.4  0.43 0.43 0.45 0.46 0.46 0.46 0.47 0.48 0.48 0.49 0.5  0.52
 0.53 0.55 0.56 0.56 0.57 0.57 0.59 0.6  0.64 0.66 0.71 0.74 0.75 0.77
 0.81 0.83 1.03 1.4 ]
var: 0.07493288888888895
| [0m58       [0m | [0m0.3993   [0m | [0m0.1759   [0m | [0m2.193    [0m | [0m0.4815   [0m |
[0.29 0.36 0.99 1.02 1.03 1.09 1.17 1.18 1.21 1.21 1.22 1.27 1.36 1.38
 1.41 1.42 1.48 1.59 1.61 1.63 1.63 1.67 1.69 1.74 1.77 1.79 1.82 1.86
 1.89 1.9  1.91 1.96 1.97 2.03 2.12 2.14 2.17 2.17 2.21 2.24 2.3  2.37
 2.45 2.46 2.49 2.5  2.6  2.62 2.63 2.63 2.71 2.89 3.16 3.5  3.57 3.62
 3.99 4.34 4.75 5.01]
var: 0.9060894166666661
| [0m59       [0m | [0m2.087    [0m | [0m0.0367   [0m | [0m10.2     [0m | [0m0.09994  [0m |
[0.04 0.08 0.09 0.26 0.38 0.38 0.44 0.45 0.46 0.5  0.58 0.62 0.64 0.68
 0.76 0.88 0.88 0.89 0.92 0.96 0.98 1.09 1.09 1.11 1.21 1.24 1.24 1.24
 1.27 1.29 1.38 1.4  1.57 1.61 1.63 1.75 1.76 1.79 1.8  1.83 1.85 1.85
 1.93 1.93 1.94 2.02 2.08 2.18 2.28 2.31 2.51 2.52 2.73 2.82 3.04 3.04
 3.23 3.43 3.95 4.64]
var: 0.9533243055555558
| [0m60       [0m | [0m1.524    [0m | [0m1e-08    [0m | [0m10.2     [0m | [0m0.02495  [0m |
[0.   0.   0.   0.02 0.04 0.05 0.06 0.07 0.09 0.1  0.1  0.13 0.15 0.15
 0.16 0.16 0.17 0.18 0.19 0.2  0.21 0.22 0.25 0.25 0.26 0.27 0.27 0.3
 0.32 0.37 0.37 0.38 0.38 0.39 0.42 0.42 0.42 0.43 0.43 0.45 0.46 0.57
 0.58 0.6  0.6  0.62 0.63 0.64 0.66 0.68 0.7  0.7  0.74 0.8  0.9  1.04
 1.15 1.28 1.29 1.3 ]
var: 0.10935363888888884
| [0m61       [0m | [0m0.4128   [0m | [0m0.2792   [0m | [0m17.17    [0m | [0m2.803    [0m |
[0.   0.   0.01 0.02 0.03 0.06 0.07 0.08 0.09 0.1  0.11 0.12 0.13 0.15
 0.15 0.19 0.19 0.19 0.19 0.21 0.22 0.22 0.25 0.26 0.32 0.32 0.33 0.34
 0.35 0.36 0.37 0.38 0.4  0.4  0.42 0.43 0.43 0.45 0.47 0.47 0.49 0.52
 0.52 0.56 0.57 0.57 0.6  0.6  0.61 0.67 0.72 0.74 0.76 0.76 0.79 0.84
 0.91 0.97 1.24 1.32]
var: 0.08774288888888908
| [0m62       [0m | [0m0.4007   [0m | [0m0.1317   [0m | [0m38.48    [0m | [0m1.842    [0m |
[0.36 0.36 0.64 0.66 0.67 0.7  0.84 0.95 1.06 1.12 1.2  1.21 1.38 1.39
 1.41 1.41 1.53 1.6  1.64 1.78 1.8  2.05 2.07 2.1  2.14 2.2  2.21 2.24
 2.27 2.29 2.29 2.3  2.36 2.39 2.51 2.57 2.58 2.59 2.6  2.63 2.67 2.72
 2.74 2.75 2.76 2.79 2.86 3.13 3.14 3.3  3.39 3.41 3.45 3.53 3.82 3.84
 4.03 5.21 5.32 6.46]
var: 1.4187198888888883
| [95m63       [0m | [95m2.324    [0m | [95m0.007775 [0m | [95m10.07    [0m | [95m0.1503   [0m |
[0.38 0.43 0.57 0.6  0.63 0.67 0.68 0.73 0.83 0.88 0.9  0.9  0.91 0.92
 0.94 1.   1.09 1.12 1.17 1.22 1.23 1.26 1.27 1.36 1.36 1.37 1.42 1.42
 1.44 1.49 1.49 1.5  1.52 1.57 1.58 1.6  1.6  1.63 1.65 1.7  1.73 1.79
 1.81 1.81 1.83 1.84 1.93 1.94 1.98 2.07 2.08 2.16 2.4  2.41 2.41 2.43
 2.44 2.59 2.62 4.85]
var: 0.5095143055555555
| [0m64       [0m | [0m1.519    [0m | [0m0.03001  [0m | [0m10.04    [0m | [0m0.2212   [0m |
[0.38 0.52 0.59 0.6  0.63 0.63 0.74 0.82 0.88 0.93 0.93 0.94 0.95 1.01
 1.02 1.05 1.07 1.19 1.21 1.24 1.27 1.34 1.42 1.43 1.46 1.48 1.52 1.52
 1.56 1.59 1.64 1.66 1.72 1.72 1.97 1.99 2.   2.01 2.02 2.03 2.15 2.15
 2.17 2.19 2.26 2.34 2.44 2.63 2.63 2.66 2.7  2.99 3.22 3.22 3.57 3.66
 3.9  4.34 4.67 4.82]
var: 1.0761060833333327
| [0m65       [0m | [0m1.857    [0m | [0m0.05695  [0m | [0m10.09    [0m | [0m0.1254   [0m |
[0.23 0.46 0.53 0.58 0.66 0.7  0.71 0.73 0.75 0.75 0.76 0.79 0.81 0.82
 0.83 0.85 0.85 0.89 1.   1.   1.06 1.06 1.07 1.21 1.22 1.29 1.39 1.41
 1.44 1.47 1.47 1.5  1.54 1.54 1.54 1.54 1.58 1.67 1.73 1.79 1.8  1.8
 1.8  1.93 1.96 1.97 2.29 2.54 2.61 2.62 2.74 2.83 2.86 2.94 3.07 3.3
 3.31 3.39 3.51 4.  ]
var: 0.7959849722222218
| [0m66       [0m | [0m1.608    [0m | [0m0.005455 [0m | [0m37.71    [0m | [0m0.3466   [0m |
[0.12 0.52 0.55 0.68 0.92 0.99 1.05 1.05 1.06 1.06 1.12 1.18 1.32 1.47
 1.47 1.58 1.59 1.68 1.68 1.7  1.75 1.77 1.77 1.79 1.84 1.84 1.88 1.98
 2.01 2.06 2.07 2.09 2.17 2.18 2.21 2.22 2.24 2.32 2.36 2.38 2.43 2.44
 2.5  2.52 2.58 2.64 2.66 2.67 2.75 2.77 2.88 3.06 3.17 3.27 3.29 3.35
 3.38 3.48 3.94 4.3 ]
var: 0.738008888888889
| [0m67       [0m | [0m2.063    [0m | [0m0.007757 [0m | [0m9.968    [0m | [0m0.1567   [0m |
[0.48 0.49 0.5  0.58 0.68 0.94 0.97 1.07 1.14 1.25 1.28 1.37 1.41 1.41
 1.45 1.48 1.51 1.56 1.59 1.59 1.6  1.76 1.79 1.83 1.85 1.9  1.99 1.99
 2.06 2.07 2.08 2.09 2.14 2.22 2.29 2.29 2.32 2.36 2.36 2.4  2.4  2.41
 2.48 2.55 2.56 2.58 2.62 2.67 2.85 2.88 2.93 2.99 3.05 3.07 3.09 3.1
 3.68 3.75 4.6  4.62]
var: 0.807169888888889
| [0m68       [0m | [0m2.084    [0m | [0m0.01963  [0m | [0m9.774    [0m | [0m0.1514   [0m |
[0.31 0.36 0.44 0.48 0.6  0.65 0.72 0.83 0.85 0.87 0.91 0.92 0.93 0.95
 0.95 0.96 0.97 0.99 1.01 1.02 1.05 1.15 1.16 1.16 1.19 1.2  1.22 1.24
 1.24 1.3  1.32 1.32 1.39 1.42 1.43 1.44 1.45 1.48 1.51 1.53 1.6  1.6
 1.61 1.63 1.72 1.74 1.79 1.8  1.81 1.84 1.84 1.92 1.97 2.13 2.29 2.41
 2.46 2.55 2.72 4.66]
var: 0.46834830555555623
| [0m69       [0m | [0m1.4      [0m | [0m0.2061   [0m | [0m9.81     [0m | [0m0.09942  [0m |
[0.   0.06 0.06 0.09 0.09 0.14 0.16 0.26 0.31 0.31 0.34 0.35 0.35 0.38
 0.39 0.41 0.42 0.46 0.49 0.51 0.55 0.6  0.63 0.67 0.7  0.76 0.77 0.84
 0.93 0.97 1.07 1.09 1.11 1.15 1.42 1.43 1.54 1.57 1.66 1.68 1.73 1.77
 1.81 1.87 1.88 1.88 2.05 2.52 2.73 2.76 3.11 3.41 3.49 3.59 3.63 4.01
 4.03 4.09 4.56 5.15]
var: 1.7174194166666663
| [0m70       [0m | [0m1.447    [0m | [0m1e-08    [0m | [0m9.867    [0m | [0m0.06055  [0m |
[0.47 0.48 0.54 0.87 0.93 0.96 1.   1.02 1.02 1.05 1.06 1.11 1.14 1.23
 1.24 1.33 1.38 1.44 1.57 1.69 1.69 1.8  1.83 1.87 1.9  1.93 2.05 2.05
 2.07 2.1  2.12 2.15 2.15 2.17 2.18 2.21 2.21 2.22 2.23 2.24 2.25 2.25
 2.3  2.56 2.61 2.67 2.73 2.75 2.85 2.86 2.91 3.14 3.43 3.6  3.62 3.68
 3.75 5.04 6.05 7.5 ]
var: 1.5440254166666665
| [0m71       [0m | [0m2.188    [0m | [0m0.006729 [0m | [0m9.687    [0m | [0m0.2277   [0m |
[0.03 0.11 0.5  0.5  0.51 0.52 0.78 0.79 0.86 0.86 0.95 0.96 1.08 1.14
 1.15 1.16 1.22 1.27 1.29 1.35 1.43 1.5  1.52 1.53 1.53 1.56 1.57 1.6
 1.62 1.63 1.63 1.66 1.71 1.73 1.77 1.8  1.81 1.89 1.92 1.92 1.95 2.02
 2.06 2.06 2.06 2.06 2.13 2.22 2.24 2.3  2.42 2.43 2.48 2.58 2.61 2.73
 2.78 2.99 3.09 3.47]
var: 0.5248395555555562
| [0m72       [0m | [0m1.651    [0m | [0m0.0476   [0m | [0m9.592    [0m | [0m0.1656   [0m |
[0.11 0.21 0.42 0.47 0.61 0.69 0.77 0.77 0.81 0.81 0.85 0.88 0.9  0.93
 0.93 0.95 0.96 0.97 0.98 0.98 1.01 1.07 1.07 1.15 1.17 1.19 1.29 1.29
 1.31 1.37 1.37 1.4  1.43 1.46 1.5  1.54 1.61 1.63 1.63 1.64 1.68 1.74
 1.77 1.77 1.81 1.83 1.92 1.95 2.02 2.03 2.34 2.5  2.53 2.58 2.68 2.77
 2.83 3.25 3.25 4.44]
var: 0.6424576666666666
| [0m73       [0m | [0m1.497    [0m | [0m0.06898  [0m | [0m9.828    [0m | [0m0.2608   [0m |
[0.27 0.49 0.57 0.59 0.67 0.69 1.05 1.13 1.18 1.19 1.23 1.26 1.27 1.27
 1.27 1.3  1.31 1.32 1.35 1.4  1.43 1.46 1.47 1.47 1.52 1.52 1.53 1.54
 1.54 1.61 1.62 1.66 1.66 1.71 1.72 1.74 1.74 1.83 1.85 1.85 1.87 1.87
 1.93 1.96 1.96 1.99 2.1  2.12 2.15 2.21 2.24 2.26 2.28 2.3  2.35 2.4
 2.55 2.6  3.   3.59]
var: 0.357804972222222
| [0m74       [0m | [0m1.65     [0m | [0m0.1002   [0m | [0m9.746    [0m | [0m0.1238   [0m |
[0.   0.   0.01 0.03 0.04 0.05 0.05 0.05 0.06 0.09 0.1  0.11 0.12 0.14
 0.15 0.19 0.19 0.22 0.23 0.26 0.27 0.27 0.29 0.3  0.36 0.37 0.39 0.4
 0.41 0.41 0.43 0.43 0.43 0.44 0.44 0.45 0.46 0.51 0.52 0.53 0.54 0.54
 0.57 0.59 0.6  0.61 0.66 0.67 0.68 0.71 0.71 0.72 0.73 0.76 0.76 0.77
 0.78 0.81 0.98 1.06]
var: 0.07119208333333343
| [0m75       [0m | [0m0.4075   [0m | [0m0.03483  [0m | [0m11.56    [0m | [0m2.649    [0m |
[0.03 0.08 0.14 0.16 0.16 0.19 0.21 0.25 0.25 0.26 0.3  0.37 0.43 0.64
 0.66 0.69 0.73 0.73 0.75 0.75 0.85 0.86 0.9  0.95 0.97 0.97 0.97 1.02
 1.03 1.05 1.05 1.24 1.35 1.38 1.4  1.56 1.56 1.59 1.59 1.7  1.79 1.82
 1.84 1.84 1.86 2.02 2.05 2.06 2.09 2.12 2.14 2.14 2.16 2.21 2.39 2.44
 2.51 2.71 2.85 3.23]
var: 0.6493128888888894
| [0m76       [0m | [0m1.267    [0m | [0m0.02256  [0m | [0m15.53    [0m | [0m0.5036   [0m |
[0.   0.03 0.04 0.04 0.05 0.05 0.06 0.07 0.07 0.08 0.08 0.09 0.09 0.11
 0.11 0.14 0.19 0.23 0.25 0.25 0.25 0.28 0.28 0.29 0.32 0.34 0.35 0.36
 0.36 0.38 0.38 0.39 0.4  0.42 0.44 0.44 0.48 0.5  0.51 0.54 0.54 0.55
 0.58 0.6  0.6  0.62 0.62 0.63 0.72 0.74 0.77 0.8  0.96 1.05 1.09 1.23
 1.27 1.31 1.47 3.15]
var: 0.2434373333333334
| [0m77       [0m | [0m0.484    [0m | [0m0.06576  [0m | [0m32.58    [0m | [0m1.602    [0m |
[0.07 0.49 0.49 0.51 0.51 0.53 0.54 0.54 0.55 0.6  0.62 0.63 0.64 0.66
 0.66 0.67 0.68 0.68 0.73 0.73 0.79 0.8  0.9  0.91 0.91 0.93 1.   1.02
 1.03 1.05 1.05 1.06 1.12 1.13 1.15 1.21 1.22 1.25 1.34 1.36 1.44 1.47
 1.49 1.5  1.54 1.57 1.59 1.67 1.69 1.73 1.76 1.77 1.83 1.83 1.89 1.99
 2.17 2.25 2.76 3.24]
var: 0.3600012222222218
| [0m78       [0m | [0m1.166    [0m | [0m0.1688   [0m | [0m21.58    [0m | [0m0.252    [0m |
[0.37 0.49 0.62 0.63 0.63 0.68 0.7  0.82 0.92 1.01 1.01 1.02 1.06 1.09
 1.1  1.21 1.28 1.28 1.29 1.31 1.32 1.36 1.4  1.49 1.5  1.52 1.55 1.6
 1.65 1.78 1.84 1.9  1.9  1.9  1.91 1.93 1.93 1.93 1.94 2.03 2.04 2.06
 2.1  2.12 2.14 2.2  2.34 2.37 2.37 2.54 2.55 2.95 3.07 3.54 3.59 3.75
 3.88 4.26 4.44 4.47]
var: 0.9647282222222217
| [0m79       [0m | [0m1.861    [0m | [0m0.008262 [0m | [0m10.22    [0m | [0m0.1881   [0m |
[0.04 0.13 0.16 0.24 0.26 0.41 0.48 0.53 0.58 0.63 0.66 0.67 0.71 0.72
 0.74 0.74 0.75 0.8  0.8  0.89 0.91 0.93 0.93 0.94 0.97 1.05 1.06 1.07
 1.08 1.17 1.22 1.23 1.25 1.27 1.37 1.39 1.4  1.4  1.42 1.49 1.53 1.57
 1.58 1.62 1.64 1.76 1.81 1.91 1.92 2.16 2.31 2.33 2.37 2.51 2.59 2.65
 2.75 2.76 3.58 5.16]
var: 0.805406666666666
| [0m80       [0m | [0m1.35     [0m | [0m0.02385  [0m | [0m9.587    [0m | [0m0.4222   [0m |
=============================================================
None
num_trials:  40  inits,  40  iters,  60  per
rho:  0.1
pthin:  0.98

Best VPT: 2.3236666666666674
Best result: {'a': 0.0077745644468242316, 'g': 10.072338211364283, 's': 0.15032270468613396}

KERNEL: nu=1.5, lengthscale=2.0, alpha=0.0005
