|   iter    |  target   |     a     |     g     |     s     |
-------------------------------------------------------------
[0.   0.12 0.22 0.27 0.33 0.34 0.36 0.4  0.54 0.62 0.62 0.63 0.64 0.67
 0.78 0.8  0.8  0.81 0.89 0.92 0.97 0.98 1.04 1.09 1.1  1.1  1.12 1.14
 1.15 1.25 1.25 1.28 1.33 1.36 1.42 1.48 1.58 1.6  1.73 1.77 1.79 1.93
 1.94 2.05 2.06 2.22 2.27 2.31 2.32 2.37 2.47 2.56 2.72 2.79 2.83 2.99
 3.07 3.11 3.12 3.46]
var: 0.7788193333333331
| [0m1        [0m | [0m1.448    [0m | [0m0.1602   [0m | [0m15.96    [0m | [0m0.8566   [0m |
[0.01 0.03 0.05 0.05 0.06 0.06 0.08 0.08 0.09 0.11 0.13 0.19 0.2  0.24
 0.28 0.3  0.3  0.3  0.32 0.36 0.39 0.41 0.41 0.43 0.45 0.45 0.49 0.49
 0.5  0.54 0.57 0.62 0.64 0.64 0.64 0.65 0.66 0.67 0.69 0.69 0.7  0.72
 0.77 0.81 0.92 0.94 0.96 1.01 1.1  1.13 1.2  1.21 1.5  1.5  1.91 1.92
 2.36 2.58 2.97 4.62]
var: 0.645337222222221
| [0m2        [0m | [0m0.7517   [0m | [0m0.1229   [0m | [0m18.53    [0m | [0m1.998    [0m |
[0.01 0.01 0.02 0.03 0.03 0.03 0.04 0.05 0.06 0.06 0.07 0.08 0.1  0.12
 0.12 0.12 0.13 0.14 0.14 0.14 0.15 0.15 0.17 0.17 0.17 0.23 0.24 0.24
 0.25 0.26 0.28 0.28 0.29 0.3  0.3  0.31 0.37 0.38 0.38 0.39 0.39 0.39
 0.4  0.42 0.44 0.46 0.5  0.5  0.52 0.53 0.54 0.54 0.7  0.71 0.75 0.88
 0.95 0.95 1.02 2.06]
var: 0.11338233333333364
| [0m3        [0m | [0m0.341    [0m | [0m0.09659  [0m | [0m24.48    [0m | [0m2.395    [0m |
[0.   0.01 0.03 0.04 0.05 0.06 0.07 0.09 0.1  0.18 0.23 0.23 0.24 0.25
 0.26 0.26 0.27 0.32 0.34 0.34 0.36 0.37 0.4  0.4  0.44 0.46 0.5  0.57
 0.57 0.6  0.62 0.62 0.63 0.65 0.65 0.67 0.68 0.69 0.71 0.72 0.73 0.74
 0.76 0.77 0.78 0.78 0.82 0.82 0.84 0.86 0.93 0.94 0.96 1.02 1.03 1.07
 1.17 1.22 1.29 1.42]
var: 0.12276808333333324
| [0m4        [0m | [0m0.5605   [0m | [0m0.2784   [0m | [0m2.377    [0m | [0m2.175    [0m |
[0.03 0.08 0.2  0.26 0.27 0.28 0.3  0.34 0.34 0.42 0.43 0.43 0.44 0.45
 0.45 0.48 0.51 0.54 0.54 0.55 0.56 0.72 0.72 0.75 0.78 0.79 0.79 0.8
 0.81 0.84 0.85 0.86 0.87 0.92 0.93 0.96 0.96 0.98 0.99 1.01 1.07 1.07
 1.08 1.28 1.35 1.36 1.42 1.52 1.56 1.71 1.76 1.89 2.06 2.13 2.3  2.49
 2.71 2.95 3.26 5.06]
var: 0.7743423333333335
| [0m5        [0m | [0m1.071    [0m | [0m0.1186   [0m | [0m13.38    [0m | [0m1.148    [0m |
[0.   0.   0.   0.01 0.01 0.01 0.02 0.03 0.03 0.07 0.07 0.1  0.12 0.12
 0.13 0.13 0.16 0.16 0.18 0.2  0.21 0.22 0.22 0.22 0.24 0.25 0.26 0.27
 0.28 0.28 0.31 0.32 0.34 0.34 0.35 0.38 0.4  0.4  0.41 0.42 0.42 0.44
 0.45 0.46 0.48 0.48 0.48 0.52 0.53 0.54 0.55 0.56 0.59 0.62 0.65 0.67
 0.77 0.84 0.85 1.08]
var: 0.05777541666666686
| [0m6        [0m | [0m0.3275   [0m | [0m0.1924   [0m | [0m33.37    [0m | [0m2.847    [0m |
[0.08 0.09 0.1  0.16 0.33 0.42 0.44 0.46 0.47 0.5  0.5  0.54 0.66 0.66
 0.69 0.75 0.77 0.78 0.8  0.81 0.82 0.84 0.84 0.93 0.93 0.98 1.1  1.12
 1.13 1.13 1.15 1.19 1.25 1.28 1.32 1.33 1.35 1.38 1.39 1.41 1.43 1.54
 1.58 1.73 1.79 1.79 1.88 2.02 2.05 2.05 2.08 2.36 2.37 2.38 2.39 2.4
 2.97 3.02 3.5  3.63]
var: 0.6736195555555554
| [0m7        [0m | [0m1.297    [0m | [0m0.2925   [0m | [0m35.48    [0m | [0m0.3039   [0m |
[0.03 0.07 0.08 0.08 0.09 0.1  0.1  0.1  0.11 0.12 0.12 0.16 0.21 0.22
 0.22 0.24 0.26 0.27 0.33 0.33 0.34 0.34 0.35 0.38 0.39 0.39 0.46 0.46
 0.5  0.5  0.58 0.59 0.62 0.62 0.65 0.67 0.68 0.68 0.7  0.72 0.72 0.73
 0.77 0.78 0.9  0.99 1.11 1.14 1.17 1.19 1.32 1.34 1.45 1.51 1.67 1.68
 1.72 2.22 2.41 2.62]
var: 0.3614305555555555
| [0m8        [0m | [0m0.6883   [0m | [0m0.2899   [0m | [0m15.65    [0m | [0m1.788    [0m |
[0.02 0.03 0.03 0.04 0.04 0.06 0.07 0.08 0.1  0.1  0.11 0.12 0.13 0.17
 0.19 0.19 0.21 0.21 0.22 0.22 0.24 0.24 0.26 0.31 0.31 0.32 0.32 0.32
 0.33 0.34 0.34 0.36 0.41 0.42 0.44 0.46 0.48 0.48 0.5  0.51 0.53 0.55
 0.56 0.59 0.59 0.6  0.6  0.63 0.66 0.66 0.68 0.73 0.76 0.77 0.85 0.99
 1.   1.05 1.63 2.17]
var: 0.143430305555556
| [0m9        [0m | [0m0.4388   [0m | [0m0.26     [0m | [0m27.93    [0m | [0m2.148    [0m |
[0.03 0.07 0.08 0.1  0.13 0.15 0.17 0.2  0.25 0.32 0.35 0.36 0.37 0.38
 0.42 0.48 0.49 0.5  0.56 0.58 0.58 0.58 0.63 0.63 0.64 0.67 0.67 0.69
 0.69 0.71 0.72 0.73 0.74 0.76 0.82 0.82 0.83 0.88 0.91 0.93 0.93 0.96
 0.98 1.01 1.11 1.17 1.17 1.25 1.37 1.41 1.51 1.59 1.63 1.77 1.92 1.97
 2.35 2.84 2.93 3.19]
var: 0.48227822222222216
| [0m10       [0m | [0m0.8947   [0m | [0m0.1025   [0m | [0m7.866    [0m | [0m1.576    [0m |
[0.03 0.07 0.1  0.22 0.22 0.32 0.32 0.33 0.37 0.42 0.49 0.69 0.73 0.79
 0.82 0.82 0.85 0.88 0.88 0.92 0.93 1.08 1.11 1.14 1.18 1.21 1.23 1.28
 1.38 1.53 1.55 1.57 1.68 1.69 1.71 1.71 1.72 1.73 1.79 1.8  1.83 1.95
 1.97 1.97 2.02 2.04 2.06 2.18 2.18 2.2  2.26 2.29 2.36 2.46 2.58 2.65
 2.94 2.99 3.17 4.06]
var: 0.7455687500000001
| [95m11       [0m | [95m1.458    [0m | [95m0.2184   [0m | [95m13.08    [0m | [95m0.7644   [0m |
[0.   0.   0.06 0.06 0.07 0.08 0.1  0.11 0.14 0.17 0.18 0.2  0.21 0.21
 0.24 0.27 0.31 0.31 0.34 0.35 0.38 0.4  0.43 0.43 0.49 0.52 0.55 0.57
 0.58 0.6  0.62 0.63 0.63 0.63 0.64 0.66 0.69 0.75 0.79 0.82 0.95 1.05
 1.1  1.18 1.24 1.4  1.41 1.44 1.46 1.47 1.59 1.75 1.84 1.85 1.95 2.12
 2.24 2.29 3.97 5.71]
var: 0.9438669722222219
| [0m12       [0m | [0m0.8872   [0m | [0m0.03808  [0m | [0m21.89    [0m | [0m1.499    [0m |
[0.   0.   0.01 0.01 0.02 0.03 0.04 0.04 0.04 0.04 0.07 0.07 0.11 0.13
 0.13 0.13 0.14 0.14 0.14 0.15 0.15 0.16 0.17 0.18 0.19 0.19 0.2  0.2
 0.2  0.2  0.21 0.21 0.22 0.23 0.27 0.28 0.28 0.3  0.3  0.32 0.33 0.37
 0.38 0.38 0.39 0.4  0.44 0.46 0.46 0.46 0.49 0.5  0.54 0.58 0.58 0.59
 0.63 0.76 0.79 0.85]
var: 0.04310822222222221
| [0m13       [0m | [0m0.2713   [0m | [0m0.03188  [0m | [0m47.82    [0m | [0m2.309    [0m |
[0.   0.   0.01 0.03 0.03 0.03 0.04 0.05 0.05 0.06 0.07 0.07 0.08 0.11
 0.13 0.14 0.15 0.16 0.18 0.2  0.2  0.21 0.22 0.24 0.27 0.28 0.28 0.29
 0.3  0.31 0.32 0.39 0.44 0.46 0.46 0.46 0.49 0.51 0.51 0.54 0.55 0.55
 0.57 0.57 0.58 0.59 0.61 0.67 0.78 0.81 0.82 0.84 0.85 0.87 1.06 1.09
 1.19 1.29 1.37 2.17]
var: 0.1681722222222221
| [0m14       [0m | [0m0.4433   [0m | [0m0.2374   [0m | [0m49.04    [0m | [0m1.317    [0m |
[0.09 0.14 0.15 0.15 0.18 0.26 0.29 0.29 0.39 0.39 0.45 0.48 0.49 0.53
 0.62 0.67 0.68 0.69 0.7  0.72 0.73 0.73 0.74 0.74 0.78 0.78 0.78 0.79
 0.8  0.85 0.86 0.88 0.88 0.91 0.92 0.96 0.98 0.99 1.01 1.05 1.06 1.11
 1.13 1.2  1.21 1.24 1.26 1.27 1.35 1.45 1.51 1.52 1.53 1.77 1.84 1.9
 2.07 2.2  2.36 3.14]
var: 0.3456762222222224
| [0m15       [0m | [0m0.9607   [0m | [0m0.1732   [0m | [0m44.49    [0m | [0m0.4042   [0m |
[0.02 0.03 0.07 0.07 0.07 0.08 0.09 0.1  0.1  0.12 0.14 0.16 0.17 0.19
 0.21 0.23 0.24 0.29 0.3  0.32 0.33 0.33 0.35 0.35 0.36 0.4  0.41 0.44
 0.46 0.46 0.48 0.49 0.52 0.52 0.56 0.58 0.59 0.6  0.67 0.68 0.7  0.7
 0.74 0.76 0.77 0.81 0.87 0.87 0.87 0.87 0.9  0.96 1.18 1.26 1.39 1.4
 1.72 1.84 2.16 2.21]
var: 0.25380288888888874
| [0m16       [0m | [0m0.5927   [0m | [0m0.1608   [0m | [0m33.58    [0m | [0m1.315    [0m |
[0.01 0.04 0.04 0.04 0.04 0.04 0.05 0.06 0.07 0.07 0.07 0.09 0.09 0.09
 0.1  0.1  0.12 0.14 0.15 0.16 0.17 0.17 0.19 0.21 0.21 0.22 0.23 0.23
 0.26 0.26 0.26 0.28 0.29 0.3  0.32 0.32 0.33 0.33 0.36 0.38 0.4  0.4
 0.4  0.4  0.41 0.45 0.47 0.5  0.53 0.53 0.54 0.57 0.57 0.59 0.6  0.61
 0.67 0.75 1.07 1.11]
var: 0.05695455555555551
| [0m17       [0m | [0m0.3077   [0m | [0m0.02286  [0m | [0m37.09    [0m | [0m2.404    [0m |
[0.03 0.05 0.09 0.09 0.09 0.11 0.11 0.18 0.18 0.19 0.21 0.22 0.23 0.23
 0.25 0.26 0.26 0.29 0.29 0.3  0.32 0.34 0.36 0.36 0.37 0.37 0.37 0.39
 0.4  0.4  0.4  0.41 0.42 0.43 0.43 0.44 0.45 0.48 0.5  0.52 0.53 0.53
 0.56 0.56 0.58 0.67 0.69 0.69 0.72 0.75 0.77 0.85 0.86 0.87 0.89 0.9
 0.99 0.99 1.36 1.49]
var: 0.09179030555555547
| [0m18       [0m | [0m0.4678   [0m | [0m0.138    [0m | [0m11.57    [0m | [0m2.701    [0m |
[0.   0.   0.   0.01 0.01 0.01 0.02 0.03 0.03 0.03 0.05 0.06 0.08 0.08
 0.08 0.09 0.14 0.18 0.19 0.19 0.21 0.24 0.24 0.26 0.27 0.28 0.28 0.29
 0.3  0.31 0.33 0.34 0.34 0.34 0.34 0.36 0.37 0.38 0.41 0.42 0.43 0.43
 0.44 0.45 0.45 0.45 0.49 0.54 0.56 0.6  0.64 0.7  0.75 0.81 0.85 0.87
 1.02 1.12 1.57 1.84]
var: 0.13034888888888907
| [0m19       [0m | [0m0.3767   [0m | [0m0.2855   [0m | [0m45.36    [0m | [0m1.597    [0m |
[0.   0.   0.01 0.02 0.02 0.03 0.03 0.04 0.04 0.04 0.04 0.06 0.06 0.06
 0.09 0.1  0.1  0.13 0.14 0.14 0.15 0.16 0.18 0.19 0.19 0.19 0.22 0.23
 0.24 0.25 0.27 0.27 0.28 0.3  0.31 0.31 0.31 0.34 0.35 0.38 0.39 0.39
 0.39 0.4  0.42 0.42 0.42 0.44 0.45 0.48 0.51 0.53 0.53 0.56 0.63 0.73
 0.8  0.88 0.89 1.17]
var: 0.06150833333333354
| [0m20       [0m | [0m0.295    [0m | [0m0.1705   [0m | [0m49.27    [0m | [0m1.777    [0m |
[0.08 0.12 0.15 0.16 0.18 0.21 0.21 0.22 0.22 0.23 0.23 0.26 0.26 0.27
 0.29 0.3  0.3  0.3  0.32 0.33 0.33 0.34 0.35 0.36 0.36 0.37 0.37 0.38
 0.39 0.48 0.49 0.54 0.57 0.6  0.6  0.64 0.64 0.68 0.68 0.69 0.69 0.73
 0.73 0.73 0.81 0.88 0.92 0.97 0.98 1.   1.02 1.03 1.13 1.14 1.14 1.23
 1.37 1.38 2.11 2.49]
var: 0.2125665555555558
| [0m21       [0m | [0m0.6163   [0m | [0m0.1267   [0m | [0m9.417    [0m | [0m2.748    [0m |
[0.02 0.03 0.06 0.06 0.08 0.13 0.15 0.17 0.19 0.21 0.22 0.23 0.24 0.29
 0.32 0.34 0.36 0.41 0.44 0.44 0.45 0.47 0.48 0.49 0.49 0.49 0.5  0.5
 0.5  0.51 0.51 0.53 0.55 0.58 0.59 0.59 0.6  0.64 0.66 0.67 0.67 0.7
 0.7  0.7  0.76 0.77 0.78 0.95 0.98 0.99 0.99 1.03 1.04 1.04 1.11 1.16
 1.19 1.22 1.57 1.87]
var: 0.14191497222222205
| [0m22       [0m | [0m0.5902   [0m | [0m0.03198  [0m | [0m11.76    [0m | [0m2.32     [0m |
[0.   0.01 0.02 0.03 0.03 0.05 0.07 0.07 0.09 0.09 0.09 0.12 0.15 0.18
 0.18 0.19 0.19 0.21 0.21 0.23 0.24 0.28 0.28 0.31 0.31 0.32 0.34 0.34
 0.36 0.37 0.38 0.41 0.42 0.43 0.43 0.45 0.45 0.46 0.46 0.49 0.5  0.51
 0.52 0.53 0.54 0.56 0.57 0.6  0.6  0.61 0.63 0.64 0.73 0.75 0.77 0.83
 0.85 1.02 1.03 1.36]
var: 0.07860163888888891
| [0m23       [0m | [0m0.3982   [0m | [0m0.08883  [0m | [0m14.11    [0m | [0m2.873    [0m |
[0.   0.01 0.02 0.02 0.02 0.02 0.03 0.04 0.04 0.05 0.07 0.12 0.14 0.15
 0.16 0.18 0.18 0.2  0.21 0.22 0.22 0.23 0.25 0.26 0.31 0.31 0.33 0.36
 0.36 0.37 0.39 0.43 0.44 0.47 0.47 0.48 0.48 0.48 0.49 0.54 0.55 0.58
 0.59 0.61 0.63 0.7  0.74 0.75 0.8  0.82 0.84 0.86 0.88 0.89 1.   1.02
 1.05 1.15 1.24 1.74]
var: 0.13310497222222245
| [0m24       [0m | [0m0.4498   [0m | [0m0.2895   [0m | [0m1.54     [0m | [0m2.966    [0m |
[0.01 0.04 0.06 0.08 0.08 0.08 0.1  0.1  0.11 0.11 0.12 0.16 0.18 0.18
 0.19 0.21 0.21 0.26 0.27 0.29 0.3  0.32 0.33 0.36 0.36 0.36 0.37 0.38
 0.38 0.39 0.39 0.43 0.43 0.43 0.45 0.48 0.48 0.5  0.56 0.58 0.58 0.59
 0.59 0.65 0.69 0.69 0.71 0.78 0.86 0.91 0.91 1.07 1.09 1.15 1.15 1.18
 1.3  1.47 1.62 2.07]
var: 0.1817232222222223
| [0m25       [0m | [0m0.5197   [0m | [0m0.1206   [0m | [0m3.106    [0m | [0m2.442    [0m |
[0.02 0.29 0.38 0.41 0.44 0.5  0.51 0.62 0.66 0.68 0.68 0.93 1.   1.02
 1.06 1.14 1.21 1.22 1.23 1.26 1.34 1.36 1.36 1.39 1.43 1.48 1.49 1.58
 1.59 1.62 1.65 1.66 1.68 1.73 1.75 1.89 1.89 1.91 1.93 2.01 2.02 2.12
 2.15 2.16 2.19 2.2  2.22 2.28 2.76 2.9  2.93 3.03 3.05 3.13 3.31 3.43
 3.65 3.69 3.86 4.14]
var: 0.9394665555555552
| [95m26       [0m | [95m1.754    [0m | [95m0.1759   [0m | [95m4.261    [0m | [95m0.5178   [0m |
[0.1  0.18 0.26 0.26 0.3  0.36 0.39 0.46 0.58 0.64 0.65 0.66 0.67 0.73
 0.77 0.83 0.83 0.84 0.89 0.91 0.92 1.   1.03 1.08 1.11 1.12 1.13 1.15
 1.22 1.32 1.36 1.41 1.64 1.66 1.74 1.75 1.76 1.77 1.83 1.89 1.9  1.93
 1.93 1.94 1.96 1.97 2.01 2.14 2.16 2.22 2.3  2.31 2.32 2.35 2.39 2.44
 2.54 3.21 3.28 4.57]
var: 0.7426736388888889
| [0m27       [0m | [0m1.451    [0m | [0m0.1812   [0m | [0m22.2     [0m | [0m0.5089   [0m |
[0.   0.   0.   0.01 0.01 0.04 0.04 0.04 0.06 0.06 0.07 0.11 0.11 0.12
 0.13 0.13 0.14 0.15 0.15 0.15 0.17 0.18 0.19 0.19 0.2  0.22 0.22 0.24
 0.25 0.26 0.27 0.28 0.29 0.29 0.29 0.31 0.31 0.33 0.34 0.35 0.35 0.35
 0.36 0.38 0.4  0.43 0.43 0.44 0.45 0.47 0.47 0.47 0.58 0.58 0.61 0.63
 0.64 0.65 0.68 0.87]
var: 0.03992455555555551
| [0m28       [0m | [0m0.2823   [0m | [0m0.2962   [0m | [0m45.09    [0m | [0m2.892    [0m |
[0.01 0.05 0.06 0.06 0.14 0.14 0.19 0.21 0.22 0.31 0.32 0.35 0.35 0.42
 0.44 0.44 0.45 0.45 0.46 0.47 0.49 0.54 0.54 0.56 0.59 0.6  0.62 0.62
 0.64 0.64 0.65 0.67 0.69 0.69 0.72 0.75 0.76 0.77 0.78 0.79 0.84 0.89
 0.9  1.01 1.02 1.06 1.12 1.16 1.16 1.33 1.73 1.75 1.8  1.87 1.92 2.04
 2.07 2.09 2.79 3.27]
var: 0.4547603055555559
| [0m29       [0m | [0m0.8412   [0m | [0m0.04602  [0m | [0m29.12    [0m | [0m1.032    [0m |
[0.   0.   0.04 0.05 0.05 0.06 0.08 0.1  0.1  0.11 0.13 0.13 0.16 0.23
 0.25 0.26 0.27 0.29 0.31 0.31 0.31 0.32 0.34 0.35 0.35 0.38 0.4  0.4
 0.42 0.43 0.44 0.45 0.46 0.48 0.52 0.52 0.55 0.55 0.59 0.59 0.62 0.64
 0.66 0.68 0.7  0.71 0.71 0.72 0.72 0.77 0.84 0.84 0.93 1.05 1.21 1.35
 1.42 1.58 1.63 1.72]
var: 0.16685155555555545
| [0m30       [0m | [0m0.5213   [0m | [0m0.2216   [0m | [0m12.33    [0m | [0m2.632    [0m |
[0.   0.   0.01 0.02 0.02 0.02 0.04 0.04 0.04 0.05 0.07 0.08 0.09 0.1
 0.13 0.13 0.13 0.17 0.17 0.18 0.18 0.2  0.21 0.22 0.22 0.24 0.25 0.26
 0.27 0.28 0.28 0.29 0.3  0.31 0.31 0.31 0.34 0.34 0.34 0.43 0.44 0.47
 0.47 0.51 0.53 0.54 0.55 0.6  0.62 0.67 0.68 0.71 0.73 0.8  0.83 0.93
 1.11 1.28 1.39 1.68]
var: 0.12609163888888872
| [0m31       [0m | [0m0.3768   [0m | [0m0.1975   [0m | [0m45.61    [0m | [0m1.55     [0m |
[0.   0.   0.   0.   0.   0.02 0.03 0.05 0.05 0.06 0.07 0.08 0.09 0.11
 0.11 0.12 0.12 0.13 0.13 0.13 0.15 0.16 0.16 0.18 0.19 0.21 0.22 0.25
 0.27 0.28 0.29 0.3  0.31 0.35 0.35 0.39 0.42 0.42 0.43 0.44 0.45 0.46
 0.5  0.5  0.51 0.53 0.54 0.56 0.59 0.64 0.64 0.69 0.71 0.74 0.76 0.77
 0.84 0.88 1.11 1.24]
var: 0.08322475000000003
| [0m32       [0m | [0m0.3455   [0m | [0m0.02483  [0m | [0m30.57    [0m | [0m2.394    [0m |
[0.01 0.02 0.03 0.04 0.11 0.13 0.15 0.16 0.18 0.19 0.26 0.29 0.32 0.32
 0.38 0.43 0.45 0.47 0.49 0.51 0.51 0.51 0.52 0.53 0.54 0.59 0.61 0.64
 0.64 0.66 0.66 0.68 0.69 0.7  0.74 0.75 0.79 0.82 0.86 0.88 0.89 0.89
 0.99 0.99 1.01 1.02 1.11 1.16 1.19 1.21 1.28 1.57 1.63 1.7  1.71 1.77
 1.9  2.49 3.45 4.5 ]
var: 0.6123015555555559
| [0m33       [0m | [0m0.8453   [0m | [0m0.02568  [0m | [0m40.92    [0m | [0m1.016    [0m |
[0.   0.   0.01 0.05 0.05 0.1  0.1  0.12 0.16 0.17 0.17 0.18 0.19 0.2
 0.23 0.24 0.26 0.26 0.27 0.33 0.33 0.33 0.34 0.35 0.35 0.36 0.41 0.41
 0.42 0.46 0.46 0.49 0.49 0.52 0.52 0.53 0.53 0.54 0.55 0.56 0.56 0.57
 0.6  0.62 0.63 0.69 0.69 0.7  0.7  0.77 0.86 0.87 0.88 0.91 1.05 1.15
 1.16 1.16 1.34 1.56]
var: 0.11714163888888912
| [0m34       [0m | [0m0.4918   [0m | [0m0.2769   [0m | [0m0.8829   [0m | [0m1.23     [0m |
[0.02 0.06 0.06 0.07 0.08 0.08 0.09 0.11 0.11 0.14 0.18 0.19 0.2  0.21
 0.21 0.24 0.24 0.24 0.27 0.28 0.29 0.3  0.31 0.32 0.33 0.33 0.33 0.34
 0.35 0.35 0.35 0.38 0.39 0.42 0.43 0.43 0.46 0.48 0.51 0.52 0.56 0.58
 0.6  0.61 0.63 0.63 0.68 0.71 0.72 0.72 0.77 0.78 0.82 0.88 0.94 1.02
 1.13 1.3  1.31 1.44]
var: 0.10786363888888895
| [0m35       [0m | [0m0.4588   [0m | [0m0.1382   [0m | [0m22.85    [0m | [0m2.099    [0m |
[0.   0.   0.   0.01 0.03 0.05 0.05 0.08 0.09 0.09 0.09 0.1  0.1  0.17
 0.19 0.2  0.21 0.23 0.25 0.26 0.31 0.32 0.32 0.33 0.34 0.35 0.36 0.43
 0.44 0.44 0.44 0.46 0.48 0.49 0.52 0.54 0.54 0.56 0.58 0.64 0.65 0.69
 0.7  0.71 0.82 0.88 0.9  0.91 0.93 0.97 1.   1.02 1.13 1.19 1.22 1.25
 1.26 1.39 1.47 1.9 ]
var: 0.18722488888888844
| [0m36       [0m | [0m0.5347   [0m | [0m0.133    [0m | [0m36.47    [0m | [0m1.342    [0m |
[0.   0.04 0.05 0.06 0.08 0.09 0.11 0.12 0.12 0.13 0.17 0.2  0.22 0.23
 0.23 0.24 0.25 0.28 0.33 0.35 0.37 0.39 0.39 0.4  0.4  0.41 0.41 0.41
 0.43 0.43 0.45 0.46 0.48 0.48 0.48 0.48 0.5  0.53 0.55 0.57 0.57 0.62
 0.63 0.69 0.7  0.7  0.72 0.79 0.79 0.81 0.9  1.02 1.06 1.06 1.07 1.12
 1.2  1.7  2.94 3.02]
var: 0.3113503055555556
| [0m37       [0m | [0m0.5738   [0m | [0m0.2077   [0m | [0m47.32    [0m | [0m1.3      [0m |
[0.   0.01 0.03 0.04 0.06 0.09 0.11 0.12 0.14 0.14 0.15 0.19 0.23 0.25
 0.29 0.32 0.34 0.34 0.36 0.37 0.38 0.38 0.39 0.44 0.44 0.46 0.49 0.49
 0.5  0.52 0.52 0.53 0.55 0.55 0.55 0.55 0.56 0.56 0.56 0.59 0.65 0.66
 0.67 0.67 0.68 0.7  0.72 0.78 0.79 0.8  0.85 0.92 0.92 0.96 1.01 1.19
 1.22 1.27 1.31 1.5 ]
var: 0.11751233333333347
| [0m38       [0m | [0m0.531    [0m | [0m0.1788   [0m | [0m15.38    [0m | [0m2.418    [0m |
[0.13 0.15 0.21 0.33 0.35 0.37 0.47 0.47 0.48 0.52 0.56 0.56 0.57 0.62
 0.63 0.7  0.75 0.78 0.79 0.8  0.81 0.81 0.84 0.84 0.92 0.93 0.95 1.01
 1.06 1.11 1.12 1.19 1.27 1.3  1.31 1.33 1.47 1.52 1.57 1.7  1.88 1.89
 2.02 2.09 2.2  2.24 2.25 2.26 2.77 2.79 2.88 3.32 3.8  3.84 3.99 4.03
 4.47 4.93 5.09 5.79]
var: 1.8326614166666668
| [0m39       [0m | [0m1.631    [0m | [0m0.1851   [0m | [0m3.01     [0m | [0m0.6431   [0m |
[0.59 0.85 0.88 0.89 0.89 1.06 1.06 1.09 1.1  1.12 1.13 1.14 1.18 1.26
 1.35 1.39 1.39 1.4  1.41 1.48 1.49 1.55 1.59 1.61 1.67 1.69 1.77 1.81
 1.82 1.83 1.87 1.9  1.99 2.02 2.1  2.1  2.11 2.12 2.13 2.16 2.17 2.25
 2.36 2.64 2.74 2.81 2.81 3.2  3.49 3.51 3.54 3.59 3.77 4.02 4.04 4.22
 4.29 4.37 4.53 5.85]
var: 1.2885416388888882
| [95m40       [0m | [95m2.17     [0m | [95m0.1465   [0m | [95m7.636    [0m | [95m0.4595   [0m |
[0.   0.   0.   0.   0.   0.   0.   0.   0.   0.   0.   0.   0.   0.
 0.   0.   0.   0.   0.   0.   0.   0.   0.   0.   0.   0.   0.01 0.01
 0.01 0.01 0.01 0.01 0.02 0.02 0.02 0.03 0.03 0.03 0.03 0.05 0.06 0.07
 0.07 0.09 0.09 0.12 0.12 0.12 0.13 0.13 0.13 0.14 0.14 0.18 0.18 0.2
 0.22 0.22 0.22 0.35]
var: 0.006081416666666689
| [0m41       [0m | [0m0.0545   [0m | [0m0.1922   [0m | [0m6.873    [0m | [0m0.001    [0m |
[0.26 0.31 0.34 0.36 0.39 0.53 0.69 0.78 0.78 0.86 0.91 0.97 0.99 1.01
 1.03 1.15 1.15 1.24 1.25 1.25 1.29 1.32 1.34 1.35 1.47 1.51 1.51 1.51
 1.54 1.7  1.7  1.71 1.76 1.8  1.81 1.83 1.89 1.93 1.98 2.01 2.05 2.05
 2.11 2.26 2.35 2.61 2.66 2.69 2.83 2.89 3.02 3.22 3.23 3.5  3.55 3.61
 3.72 3.9  4.33 4.85]
var: 1.1135273333333335
| [0m42       [0m | [0m1.844    [0m | [0m0.1323   [0m | [0m7.925    [0m | [0m0.5301   [0m |
[0.11 0.28 0.34 0.41 0.46 0.5  0.51 0.63 0.76 0.82 0.83 0.83 0.84 0.95
 1.07 1.08 1.15 1.2  1.25 1.28 1.29 1.48 1.49 1.64 1.7  1.7  1.72 1.79
 1.84 1.87 1.88 1.92 1.93 1.97 2.   2.04 2.09 2.14 2.19 2.33 2.38 2.4
 2.68 2.68 2.74 2.77 2.79 2.84 2.88 2.93 3.1  3.1  3.22 3.26 3.45 3.61
 3.78 4.09 5.85 7.35]
var: 1.6837260833333336
| [0m43       [0m | [0m2.004    [0m | [0m0.1181   [0m | [0m7.577    [0m | [0m0.6716   [0m |
[0.07 0.1  0.12 0.14 0.35 0.51 0.51 0.54 0.6  0.7  0.77 0.77 0.77 0.79
 0.8  0.82 0.84 0.85 0.9  0.92 0.96 1.   1.07 1.19 1.22 1.3  1.33 1.44
 1.45 1.5  1.51 1.52 1.55 1.58 1.6  1.62 1.69 1.74 1.76 1.87 1.98 1.98
 2.08 2.1  2.11 2.21 2.25 2.38 2.59 2.62 2.65 2.87 2.94 3.33 3.5  3.64
 3.7  3.77 4.61 5.44]
var: 1.2670548888888882
| [0m44       [0m | [0m1.659    [0m | [0m0.1533   [0m | [0m7.527    [0m | [0m0.6812   [0m |
[0.03 0.11 0.12 0.16 0.21 0.36 0.38 0.47 0.55 0.58 0.59 0.67 0.67 0.75
 0.78 0.81 0.82 0.89 1.01 1.02 1.07 1.07 1.07 1.12 1.15 1.22 1.25 1.35
 1.4  1.45 1.46 1.5  1.63 1.69 1.71 1.72 1.74 1.77 1.8  1.82 1.83 1.83
 1.84 1.88 1.92 2.   2.03 2.03 2.31 2.46 2.59 2.61 2.66 2.85 3.15 3.24
 3.28 3.43 3.44 3.52]
var: 0.841051416666667
| [0m45       [0m | [0m1.515    [0m | [0m0.1576   [0m | [0m4.238    [0m | [0m0.5484   [0m |
[0.   0.01 0.02 0.02 0.05 0.06 0.06 0.08 0.08 0.11 0.14 0.14 0.16 0.21
 0.25 0.26 0.27 0.3  0.31 0.35 0.36 0.41 0.46 0.47 0.49 0.5  0.54 0.56
 0.56 0.58 0.58 0.62 0.63 0.66 0.76 0.76 0.79 0.82 0.84 0.85 0.9  0.93
 0.93 0.94 1.14 1.14 1.26 1.46 1.49 1.52 1.65 1.75 1.76 1.82 1.95 1.99
 2.13 2.31 2.75 2.86]
var: 0.505482222222222
| [0m46       [0m | [0m0.7967   [0m | [0m1e-08    [0m | [0m7.71     [0m | [0m0.5589   [0m |
[0.09 0.19 0.23 0.36 0.42 0.46 0.52 0.52 0.63 0.66 0.72 0.83 0.86 0.87
 0.9  0.98 1.02 1.05 1.06 1.15 1.21 1.22 1.23 1.32 1.52 1.57 1.57 1.67
 1.7  1.71 1.8  1.9  1.92 1.92 1.98 2.   2.08 2.17 2.17 2.21 2.24 2.31
 2.4  2.42 2.43 2.5  2.51 2.52 2.64 2.73 2.8  2.97 3.11 3.23 3.31 3.4
 3.66 4.21 4.36 5.13]
var: 1.1966836388888888
| [0m47       [0m | [0m1.821    [0m | [0m0.198    [0m | [0m7.642    [0m | [0m0.5591   [0m |
[0.14 0.15 0.24 0.31 0.36 0.42 0.47 0.55 0.58 0.59 0.64 0.65 0.66 0.67
 0.69 0.74 0.75 0.75 0.77 0.81 0.85 0.86 0.99 0.99 1.   1.02 1.03 1.06
 1.15 1.29 1.36 1.37 1.45 1.45 1.47 1.52 1.63 1.69 1.73 1.79 1.8  1.86
 1.91 1.94 2.03 2.13 2.13 2.27 2.34 2.37 2.45 2.69 2.8  2.82 2.94 2.95
 3.06 3.08 3.27 4.59]
var: 0.8806336388888892
| [0m48       [0m | [0m1.468    [0m | [0m0.009633 [0m | [0m4.144    [0m | [0m0.8596   [0m |
[0.21 0.27 0.27 0.32 0.6  0.75 0.95 0.96 0.97 1.   1.03 1.04 1.06 1.28
 1.28 1.29 1.32 1.36 1.37 1.38 1.48 1.56 1.57 1.58 1.62 1.63 1.75 1.76
 1.87 1.98 2.13 2.25 2.31 2.31 2.35 2.35 2.39 2.41 2.42 2.5  2.56 2.66
 2.73 2.75 2.76 2.83 2.84 3.09 3.11 3.13 3.26 3.28 3.3  3.32 3.4  3.5
 3.52 3.62 3.84 5.43]
var: 1.107441222222222
| [0m49       [0m | [0m2.064    [0m | [0m0.1118   [0m | [0m7.546    [0m | [0m0.3486   [0m |
[0.05 0.05 0.08 0.1  0.1  0.13 0.13 0.15 0.17 0.17 0.19 0.19 0.19 0.2
 0.22 0.24 0.25 0.3  0.3  0.3  0.31 0.31 0.32 0.33 0.34 0.34 0.34 0.35
 0.37 0.45 0.46 0.46 0.51 0.52 0.54 0.59 0.62 0.65 0.66 0.66 0.69 0.72
 0.73 0.75 0.77 0.78 0.86 0.87 0.89 0.9  0.97 0.99 1.03 1.05 1.14 1.24
 1.29 1.32 2.24 3.2 ]
var: 0.27821808333333337
| [0m50       [0m | [0m0.5845   [0m | [0m0.1615   [0m | [0m2.34     [0m | [0m1.303    [0m |
[0.19 0.24 0.3  0.31 0.43 0.58 0.76 0.81 0.83 0.9  0.9  0.91 0.99 1.11
 1.2  1.26 1.27 1.31 1.38 1.47 1.53 1.67 1.69 1.75 1.82 1.84 1.94 1.94
 2.03 2.04 2.04 2.17 2.23 2.26 2.31 2.39 2.46 2.56 2.58 2.68 2.74 2.75
 2.96 3.24 3.29 3.3  3.33 3.38 3.58 3.58 3.61 3.65 3.96 4.06 4.28 4.45
 5.26 5.38 5.68 6.18]
var: 1.9916178888888885
| [95m51       [0m | [95m2.296    [0m | [95m0.144    [0m | [95m7.535    [0m | [95m0.4209   [0m |
[0.16 0.39 0.54 0.56 0.65 0.85 1.   1.04 1.05 1.22 1.23 1.26 1.47 1.49
 1.53 1.58 1.6  1.6  1.64 1.65 1.67 1.71 1.79 1.81 1.93 1.93 1.94 1.96
 2.02 2.18 2.24 2.29 2.31 2.36 2.46 2.46 2.47 2.54 2.57 2.6  2.62 2.63
 2.66 2.72 2.81 2.85 2.89 2.97 3.15 3.37 3.64 3.64 3.78 3.87 3.96 4.23
 4.69 4.96 6.44 6.48]
var: 1.6611183055555547
| [95m52       [0m | [95m2.335    [0m | [95m0.2561   [0m | [95m7.474    [0m | [95m0.357    [0m |
[0.17 0.22 0.3  0.66 0.74 0.95 1.1  1.11 1.12 1.15 1.26 1.39 1.45 1.45
 1.47 1.49 1.54 1.59 1.63 1.68 1.78 1.8  1.8  1.8  1.86 1.91 1.92 1.96
 1.97 1.98 2.04 2.25 2.26 2.33 2.46 2.47 2.54 2.55 2.56 2.56 2.66 2.67
 2.71 2.96 3.   3.05 3.05 3.14 3.16 3.19 3.19 3.2  3.38 3.46 3.55 3.87
 4.03 4.49 4.7  5.66]
var: 1.1949983055555558
| [0m53       [0m | [0m2.24     [0m | [0m0.2686   [0m | [0m7.617    [0m | [0m0.3587   [0m |
[0.   0.02 0.07 0.08 0.12 0.13 0.19 0.24 0.26 0.29 0.29 0.36 0.43 0.45
 0.51 0.54 0.56 0.61 0.65 0.65 0.66 0.67 0.69 0.71 0.71 0.73 0.76 0.76
 0.77 0.8  0.83 0.88 0.92 0.94 1.03 1.07 1.08 1.09 1.1  1.11 1.14 1.3
 1.41 1.42 1.42 1.45 1.5  1.6  1.71 1.73 1.76 1.82 2.26 2.55 2.74 2.79
 2.86 3.07 3.55 3.91]
var: 0.7842209722222232
| [0m54       [0m | [0m1.096    [0m | [0m0.1263   [0m | [0m16.89    [0m | [0m1.173    [0m |
[0.2  0.42 0.46 0.48 0.88 0.91 0.94 0.94 0.99 1.22 1.35 1.36 1.38 1.5
 1.64 1.67 1.68 1.72 1.78 1.82 1.83 1.85 1.95 1.96 1.98 2.   2.01 2.05
 2.06 2.08 2.09 2.18 2.24 2.3  2.33 2.43 2.43 2.52 2.53 2.55 2.6  2.62
 2.68 2.7  2.74 2.77 2.84 2.87 2.96 2.98 3.06 3.13 3.28 3.43 3.55 4.19
 4.44 4.51 5.27 6.3 ]
var: 1.2853580833333333
| [0m55       [0m | [0m2.261    [0m | [0m0.2917   [0m | [0m7.525    [0m | [0m0.2001   [0m |
[0.21 0.39 0.69 0.71 0.95 0.98 1.1  1.2  1.21 1.43 1.5  1.52 1.58 1.71
 1.72 1.83 1.85 1.87 1.92 1.95 1.96 1.96 2.05 2.07 2.1  2.11 2.14 2.2
 2.27 2.28 2.29 2.35 2.45 2.55 2.55 2.58 2.65 2.77 2.78 2.79 2.8  2.82
 2.88 2.97 3.05 3.07 3.14 3.24 3.44 3.49 3.5  3.58 3.71 3.84 3.99 4.44
 4.49 4.73 5.28 7.64]
var: 1.562098222222222
| [95m56       [0m | [95m2.489    [0m | [95m0.22     [0m | [95m7.76     [0m | [95m0.1772   [0m |
[0.21 0.22 0.3  0.32 1.01 1.09 1.2  1.25 1.26 1.3  1.36 1.37 1.38 1.43
 1.46 1.48 1.52 1.54 1.56 1.72 1.72 1.77 1.79 1.84 2.03 2.15 2.2  2.22
 2.24 2.3  2.34 2.35 2.45 2.5  2.55 2.58 2.59 2.69 2.71 2.75 2.76 2.84
 2.89 3.05 3.05 3.09 3.21 3.39 3.43 3.61 3.68 3.75 3.78 4.03 4.38 4.66
 4.8  4.9  5.99 6.16]
var: 1.6676088888888896
| [0m57       [0m | [0m2.437    [0m | [0m0.2962   [0m | [0m7.876    [0m | [0m0.2925   [0m |
[0.3  0.31 0.55 0.62 0.68 0.75 0.8  0.84 0.87 1.02 1.16 1.17 1.29 1.33
 1.35 1.37 1.4  1.48 1.52 1.56 1.57 1.6  1.61 1.66 1.7  1.71 1.72 1.75
 1.78 1.8  1.83 1.87 1.87 1.87 1.9  1.92 2.01 2.02 2.08 2.09 2.17 2.22
 2.26 2.3  2.32 2.34 2.5  2.77 2.79 2.89 3.18 3.3  3.33 3.36 3.58 4.13
 4.21 4.4  4.48 6.14]
var: 1.229612222222222
| [0m58       [0m | [0m2.023    [0m | [0m0.2546   [0m | [0m7.927    [0m | [0m0.04069  [0m |
[0.01 0.02 0.02 0.02 0.05 0.05 0.08 0.08 0.15 0.17 0.18 0.21 0.24 0.25
 0.26 0.26 0.28 0.3  0.3  0.31 0.32 0.34 0.35 0.35 0.36 0.36 0.36 0.38
 0.39 0.4  0.41 0.43 0.43 0.43 0.45 0.47 0.47 0.47 0.47 0.57 0.58 0.58
 0.62 0.64 0.65 0.69 0.71 0.85 0.9  0.99 1.06 1.07 1.09 1.14 1.15 1.18
 1.84 1.86 1.87 2.03]
var: 0.22366763888888866
| [0m59       [0m | [0m0.5492   [0m | [0m0.2602   [0m | [0m11.18    [0m | [0m2.788    [0m |
[0.01 0.02 0.02 0.05 0.06 0.07 0.08 0.08 0.09 0.09 0.09 0.09 0.1  0.13
 0.15 0.17 0.18 0.19 0.19 0.2  0.2  0.22 0.25 0.27 0.28 0.36 0.4  0.41
 0.42 0.42 0.46 0.46 0.46 0.48 0.48 0.5  0.5  0.51 0.52 0.53 0.54 0.56
 0.6  0.61 0.68 0.71 0.74 0.76 0.93 0.93 1.17 1.22 1.26 1.36 1.5  1.52
 1.59 1.6  1.84 2.61]
var: 0.2839515555555554
| [0m60       [0m | [0m0.5487   [0m | [0m0.2442   [0m | [0m29.89    [0m | [0m1.899    [0m |
[0.24 0.26 0.27 0.32 0.4  0.42 0.67 0.73 0.88 0.9  0.92 0.98 0.99 1.21
 1.41 1.41 1.44 1.49 1.51 1.53 1.54 1.76 1.77 1.98 2.   2.09 2.13 2.16
 2.17 2.2  2.2  2.24 2.25 2.31 2.47 2.56 2.58 2.64 2.67 2.76 2.97 3.
 3.06 3.06 3.15 3.26 3.29 3.37 3.38 3.43 3.45 3.55 3.65 3.77 4.08 4.41
 4.52 5.25 5.59 6.29]
var: 1.8118060833333332
| [0m61       [0m | [0m2.317    [0m | [0m0.1303   [0m | [0m7.934    [0m | [0m0.2423   [0m |
[0.24 0.3  0.45 0.77 0.85 0.87 0.89 0.92 0.93 1.   1.   1.01 1.22 1.23
 1.26 1.43 1.56 1.59 1.59 1.63 1.65 1.69 1.7  1.74 1.74 1.79 1.86 1.9
 1.93 1.95 1.96 1.97 2.03 2.04 2.07 2.09 2.1  2.15 2.24 2.28 2.3  2.32
 2.34 2.34 2.42 2.47 2.64 2.72 2.77 2.93 2.97 3.15 3.46 3.79 3.94 3.95
 4.01 4.11 4.36 4.58]
var: 1.0233049722222212
| [0m62       [0m | [0m2.053    [0m | [0m0.263    [0m | [0m8.112    [0m | [0m0.4116   [0m |
[0.72 0.76 0.86 1.15 1.16 1.16 1.17 1.24 1.26 1.28 1.31 1.43 1.45 1.46
 1.49 1.55 1.72 1.93 1.94 2.09 2.1  2.24 2.3  2.32 2.33 2.35 2.36 2.4
 2.53 2.53 2.55 2.63 2.73 2.8  2.91 2.92 2.92 2.92 2.93 2.97 3.   3.02
 3.11 3.33 3.48 3.56 3.61 3.62 3.68 3.79 3.8  4.15 4.42 4.66 4.75 4.93
 5.13 5.19 5.21 7.35]
var: 1.7616889999999998
| [95m63       [0m | [95m2.711    [0m | [95m0.07073  [0m | [95m7.651    [0m | [95m0.07089  [0m |
[0.04 0.08 0.09 0.18 0.22 0.22 0.25 0.25 0.27 0.29 0.3  0.31 0.34 0.34
 0.37 0.38 0.4  0.42 0.48 0.52 0.53 0.53 0.54 0.57 0.58 0.58 0.61 0.61
 0.65 0.65 0.67 0.7  0.71 0.77 0.77 0.81 0.82 0.82 0.84 0.85 0.87 0.99
 1.04 1.06 1.09 1.12 1.14 1.18 1.35 1.41 1.42 1.46 1.46 1.48 1.51 1.6
 1.77 1.89 2.44 2.79]
var: 0.3168369722222221
| [0m64       [0m | [0m0.8072   [0m | [0m0.257    [0m | [0m16.52    [0m | [0m1.129    [0m |
[0.21 0.71 0.84 0.98 1.12 1.17 1.23 1.45 1.72 1.75 1.77 1.89 1.89 1.89
 1.91 1.95 2.13 2.19 2.2  2.21 2.25 2.26 2.28 2.52 2.54 2.54 2.55 2.58
 2.59 2.73 2.76 2.77 2.87 2.88 2.88 2.93 2.94 2.95 3.01 3.03 3.03 3.04
 3.04 3.07 3.08 3.21 3.23 3.36 3.38 3.42 3.52 3.52 3.84 3.94 4.11 4.32
 4.33 4.46 4.89 6.03]
var: 1.1036916388888884
| [0m65       [0m | [0m2.665    [0m | [0m0.05883  [0m | [0m7.453    [0m | [0m0.1216   [0m |
[0.01 0.01 0.02 0.02 0.03 0.05 0.05 0.05 0.08 0.08 0.12 0.14 0.15 0.2
 0.21 0.22 0.25 0.25 0.25 0.25 0.27 0.33 0.37 0.42 0.45 0.48 0.5  0.52
 0.53 0.54 0.6  0.62 0.62 0.63 0.66 0.67 0.69 0.69 0.7  0.7  0.71 0.71
 0.75 0.78 0.89 0.93 0.99 1.01 1.02 1.04 1.05 1.1  1.12 1.13 1.15 1.34
 1.42 2.57 3.68 3.95]
var: 0.54679475
| [0m66       [0m | [0m0.6795   [0m | [0m0.1326   [0m | [0m48.58    [0m | [0m0.6881   [0m |
[0.2  0.4  0.55 0.58 0.68 0.76 0.84 0.85 0.88 0.96 0.96 1.01 1.13 1.26
 1.38 1.4  1.41 1.42 1.43 1.53 1.53 1.57 1.58 1.61 1.63 1.64 1.75 1.85
 1.87 1.92 2.04 2.24 2.26 2.29 2.3  2.32 2.54 2.58 2.58 2.62 2.67 2.74
 2.74 2.82 3.08 3.08 3.25 3.31 3.43 3.43 3.46 3.48 3.66 4.01 4.25 4.38
 4.55 4.97 6.13 7.12]
var: 1.8999383055555552
| [0m67       [0m | [0m2.282    [0m | [0m0.1035   [0m | [0m7.628    [0m | [0m0.4124   [0m |
[0.02 0.27 0.34 0.35 0.39 0.42 0.47 0.51 0.53 0.54 0.54 0.55 0.59 0.6
 0.63 0.68 0.69 0.7  0.75 0.8  0.83 0.85 0.86 0.89 1.01 1.06 1.13 1.13
 1.2  1.27 1.3  1.33 1.34 1.38 1.41 1.42 1.48 1.49 1.6  1.61 1.63 1.63
 1.66 1.67 1.7  1.9  1.93 1.98 2.02 2.06 2.06 2.08 2.31 2.31 2.42 2.56
 2.56 2.67 4.05 4.76]
var: 0.7671882222222225
| [0m68       [0m | [0m1.349    [0m | [0m0.2732   [0m | [0m35.48    [0m | [0m0.2786   [0m |
[0.   0.   0.   0.   0.   0.   0.   0.   0.   0.   0.   0.   0.   0.
 0.   0.   0.   0.   0.   0.   0.   0.   0.   0.   0.   0.01 0.01 0.02
 0.02 0.02 0.03 0.03 0.03 0.03 0.04 0.04 0.04 0.04 0.04 0.04 0.05 0.06
 0.07 0.07 0.07 0.08 0.09 0.1  0.1  0.1  0.14 0.15 0.16 0.16 0.16 0.17
 0.23 0.26 0.27 0.35]
var: 0.006071555555555648
| [0m69       [0m | [0m0.05467  [0m | [0m0.1576   [0m | [0m7.519    [0m | [0m0.001    [0m |
[0.   0.02 0.06 0.08 0.09 0.11 0.14 0.16 0.17 0.19 0.19 0.19 0.21 0.22
 0.22 0.24 0.31 0.31 0.32 0.33 0.34 0.35 0.36 0.4  0.41 0.42 0.43 0.46
 0.47 0.48 0.48 0.48 0.51 0.51 0.54 0.55 0.57 0.58 0.61 0.66 0.67 0.67
 0.68 0.7  0.7  0.75 0.76 0.78 0.78 0.8  0.87 0.88 0.89 0.99 1.26 1.28
 1.41 1.47 1.76 2.01]
var: 0.17121822222222208
| [0m70       [0m | [0m0.5547   [0m | [0m0.2092   [0m | [0m23.62    [0m | [0m2.03     [0m |
[0.14 0.26 0.35 0.42 0.67 0.81 0.9  0.93 0.98 1.11 1.18 1.4  1.44 1.46
 1.5  1.6  1.69 1.77 1.81 1.85 1.99 2.   2.04 2.07 2.07 2.17 2.21 2.27
 2.42 2.45 2.47 2.47 2.56 2.63 2.67 2.71 2.73 2.77 2.91 2.92 2.94 3.11
 3.14 3.21 3.22 3.43 3.5  3.53 3.55 3.59 3.68 3.89 3.98 3.99 4.06 4.36
 4.45 5.22 5.38 5.82]
var: 1.6218943055555561
| [0m71       [0m | [0m2.481    [0m | [0m0.1052   [0m | [0m7.632    [0m | [0m0.1596   [0m |
[0.26 0.3  0.36 0.81 0.87 0.96 1.02 1.04 1.06 1.14 1.18 1.24 1.25 1.35
 1.37 1.37 1.4  1.44 1.68 1.72 1.75 1.9  2.25 2.25 2.4  2.41 2.41 2.44
 2.57 2.74 2.86 2.87 2.92 3.03 3.05 3.06 3.18 3.18 3.23 3.24 3.3  3.37
 3.58 3.59 3.61 3.63 3.82 3.91 3.94 3.95 4.02 4.14 4.72 4.97 5.27 5.3
 5.88 5.88 5.97 6.68]
var: 2.361856083333335
| [95m72       [0m | [95m2.752    [0m | [95m0.003085 [0m | [95m7.762    [0m | [95m0.2112   [0m |
[0.45 0.67 1.01 1.1  1.16 1.3  1.38 1.53 1.67 1.7  1.72 1.75 1.75 1.76
 1.95 1.99 2.   2.08 2.26 2.38 2.39 2.44 2.47 2.51 2.52 2.62 2.63 2.68
 2.68 2.71 2.75 2.76 2.77 2.81 2.81 2.82 2.87 2.9  2.98 3.28 3.36 3.41
 3.42 3.46 3.49 3.53 3.65 3.67 3.7  3.75 3.77 3.81 3.82 4.34 4.51 4.56
 4.58 4.6  4.72 5.43]
var: 1.1605683055555551
| [95m73       [0m | [95m2.76     [0m | [95m0.05404  [0m | [95m7.866    [0m | [95m0.1336   [0m |
[0.07 0.12 0.31 0.35 0.46 0.52 0.9  0.98 0.99 1.01 1.06 1.06 1.08 1.27
 1.28 1.35 1.37 1.39 1.45 1.46 1.46 1.57 1.63 1.7  1.73 1.77 1.8  1.8
 2.08 2.18 2.2  2.3  2.31 2.45 2.62 2.65 2.72 2.94 2.95 3.09 3.26 3.32
 3.35 3.38 3.45 3.48 3.66 3.75 3.95 4.02 4.14 4.21 4.22 4.51 4.64 4.92
 4.95 5.75 5.91 6.81]
var: 2.36726275
| [0m74       [0m | [0m2.469    [0m | [0m0.08065  [0m | [0m7.37     [0m | [0m0.2802   [0m |
[0.16 0.16 0.32 0.64 0.95 1.04 1.06 1.07 1.13 1.34 1.64 1.82 1.99 2.04
 2.04 2.05 2.11 2.17 2.28 2.49 2.49 2.49 2.56 2.57 2.58 2.63 2.65 2.67
 2.68 2.72 2.73 2.79 2.99 3.04 3.12 3.2  3.26 3.27 3.32 3.36 3.39 3.39
 3.44 3.44 3.72 3.75 3.75 3.83 3.83 3.87 3.87 3.97 4.07 4.13 5.   5.
 5.03 5.24 5.24 6.12]
var: 1.6802805555555536
| [95m75       [0m | [95m2.828    [0m | [95m0.09173  [0m | [95m7.758    [0m | [95m0.1248   [0m |
[0.09 0.13 0.32 0.5  0.58 0.61 0.62 0.71 0.78 0.84 0.87 0.88 0.96 0.98
 0.99 1.   1.01 1.06 1.17 1.18 1.24 1.31 1.32 1.39 1.44 1.48 1.52 1.54
 1.59 1.67 1.67 1.72 1.74 1.77 1.83 1.88 1.9  1.95 1.96 2.04 2.11 2.18
 2.2  2.23 2.24 2.34 2.39 2.39 2.46 2.53 2.53 2.6  2.69 2.86 2.91 3.05
 3.12 3.18 3.59 3.97]
var: 0.7410083055555555
| [0m76       [0m | [0m1.697    [0m | [0m0.2024   [0m | [0m6.031    [0m | [0m0.3764   [0m |
[0.25 0.4  0.44 0.45 0.64 0.89 0.96 1.08 1.12 1.12 1.37 1.41 1.46 1.46
 1.51 1.56 1.56 1.59 1.65 1.68 1.75 1.9  1.93 1.99 2.   2.08 2.09 2.11
 2.18 2.23 2.28 2.3  2.34 2.52 2.71 2.8  2.87 3.01 3.04 3.06 3.1  3.1
 3.15 3.19 3.2  3.27 3.3  3.36 3.47 3.49 3.54 3.65 3.8  3.96 4.01 4.69
 4.92 5.25 5.78 8.37]
var: 2.0563560833333345
| [0m77       [0m | [0m2.507    [0m | [0m0.06     [0m | [0m8.079    [0m | [0m0.0451   [0m |
[0.09 0.13 0.2  0.24 0.26 0.33 0.44 0.47 0.54 0.64 0.73 0.74 0.77 0.77
 0.83 0.95 0.95 1.02 1.03 1.16 1.19 1.24 1.26 1.28 1.31 1.33 1.33 1.34
 1.35 1.43 1.45 1.51 1.53 1.73 1.76 1.8  1.85 1.86 1.91 1.91 1.96 1.98
 1.98 2.03 2.09 2.41 2.53 2.58 2.59 2.69 2.7  2.71 3.33 3.44 3.51 3.75
 3.88 4.4  4.8  5.54]
var: 1.3878739999999996
| [0m78       [0m | [0m1.726    [0m | [0m0.1539   [0m | [0m7.942    [0m | [0m0.5136   [0m |
[0.18 0.34 0.39 0.56 0.95 0.99 1.1  1.11 1.21 1.32 1.44 1.53 1.54 1.68
 1.7  1.8  1.8  1.9  1.92 2.   2.04 2.04 2.08 2.09 2.14 2.14 2.26 2.43
 2.45 2.52 2.54 2.57 2.6  2.61 2.83 2.93 2.96 3.06 3.11 3.27 3.29 3.38
 3.38 3.4  3.44 3.5  3.69 3.75 3.86 3.87 3.89 4.27 4.51 4.56 4.6  4.65
 4.95 5.33 5.52 6.17]
var: 1.7977423333333327
| [0m79       [0m | [0m2.669    [0m | [0m0.2038   [0m | [0m8.206    [0m | [0m0.1579   [0m |
[0.09 0.54 0.91 0.93 1.26 1.29 1.36 1.41 1.49 1.66 1.67 1.69 1.79 1.81
 1.99 2.07 2.08 2.14 2.2  2.21 2.23 2.25 2.31 2.32 2.43 2.44 2.49 2.55
 2.58 2.59 2.6  2.62 2.85 2.88 2.95 2.98 3.08 3.15 3.17 3.18 3.3  3.31
 3.45 3.53 3.56 3.57 3.86 4.03 4.17 4.4  4.54 4.58 4.7  4.8  4.94 4.97
 5.31 5.52 6.55 6.94]
var: 1.96395475
| [95m80       [0m | [95m2.905    [0m | [95m0.04436  [0m | [95m8.263    [0m | [95m0.1768   [0m |
=============================================================
None
num_trials:  40  inits,  40  iters,  60  per
rho:  2
pthin:  0.40

Best VPT: 2.9045000000000005
Best result: {'a': 0.0443606196520339, 'g': 8.26331638649331, 's': 0.17676606128719102}

KERNEL: nu=1.5, lengthscale=2.0, alpha=0.0005
