|   iter    |  target   |     a     |     g     |     s     |
-------------------------------------------------------------
[0.   0.03 0.05 0.05 0.07 0.07 0.13 0.16 0.18 0.19 0.2  0.2  0.22 0.23
 0.27 0.29 0.3  0.31 0.32 0.34 0.35 0.35 0.37 0.38 0.39 0.39 0.47 0.5
 0.53 0.54 0.58 0.58 0.59 0.64 0.65 0.67 0.67 0.71 0.71 0.72 0.75 0.78
 0.85 0.86 0.88 0.91 1.02 1.02 1.06 1.14 1.22 1.26 1.29 1.33 1.51 1.53
 1.84 1.95 2.17 2.39]
var: 0.2936428888888888
| [0m1        [0m | [0m0.6693   [0m | [0m0.204    [0m | [0m17.74    [0m | [0m0.928    [0m |
[0.   0.01 0.01 0.01 0.02 0.03 0.03 0.04 0.04 0.06 0.07 0.07 0.07 0.1
 0.12 0.12 0.13 0.14 0.15 0.17 0.2  0.22 0.24 0.28 0.28 0.29 0.31 0.33
 0.33 0.34 0.36 0.37 0.4  0.4  0.41 0.41 0.41 0.43 0.43 0.44 0.44 0.46
 0.46 0.48 0.54 0.54 0.56 0.57 0.61 0.61 0.61 0.62 0.65 0.67 0.78 0.97
 1.05 1.1  1.17 1.84]
var: 0.11436555555555585
| [0m2        [0m | [0m0.3833   [0m | [0m0.1729   [0m | [0m37.47    [0m | [0m1.236    [0m |
[0.03 0.05 0.11 0.17 0.17 0.18 0.19 0.2  0.21 0.22 0.22 0.22 0.26 0.26
 0.27 0.28 0.3  0.3  0.31 0.31 0.31 0.33 0.34 0.34 0.35 0.37 0.41 0.41
 0.45 0.46 0.47 0.49 0.5  0.5  0.51 0.53 0.53 0.58 0.6  0.62 0.63 0.63
 0.63 0.64 0.64 0.66 0.75 0.76 0.78 0.8  0.85 0.88 1.01 1.04 1.1  1.11
 1.15 1.26 1.29 1.48]
var: 0.10822763888888874
| [0m3        [0m | [0m0.5242   [0m | [0m0.1631   [0m | [0m4.793    [0m | [0m2.266    [0m |
[0.   0.   0.   0.01 0.03 0.03 0.07 0.08 0.08 0.1  0.1  0.1  0.11 0.12
 0.13 0.15 0.15 0.16 0.18 0.2  0.24 0.25 0.25 0.26 0.3  0.35 0.36 0.38
 0.38 0.4  0.43 0.45 0.46 0.48 0.49 0.49 0.51 0.53 0.54 0.54 0.59 0.62
 0.63 0.68 0.69 0.76 0.81 0.84 0.89 0.97 1.09 1.16 1.17 1.3  1.4  1.42
 1.45 1.47 1.92 2.05]
var: 0.23864000000000055
| [0m4        [0m | [0m0.53     [0m | [0m0.04129  [0m | [0m17.89    [0m | [0m1.7      [0m |
[0.01 0.02 0.02 0.04 0.04 0.05 0.06 0.07 0.07 0.08 0.09 0.09 0.09 0.1
 0.11 0.12 0.15 0.16 0.16 0.18 0.21 0.23 0.25 0.27 0.28 0.3  0.31 0.31
 0.32 0.32 0.33 0.33 0.33 0.37 0.39 0.41 0.42 0.42 0.44 0.44 0.47 0.48
 0.49 0.54 0.56 0.58 0.58 0.6  0.6  0.61 0.62 0.65 0.66 0.68 0.68 0.75
 0.98 1.1  1.33 1.92]
var: 0.11511697222222209
| [0m5        [0m | [0m0.3878   [0m | [0m0.2688   [0m | [0m38.95    [0m | [0m1.417    [0m |
[0.   0.01 0.02 0.03 0.05 0.05 0.09 0.1  0.12 0.13 0.13 0.17 0.17 0.18
 0.2  0.23 0.24 0.27 0.28 0.28 0.29 0.33 0.34 0.34 0.36 0.37 0.4  0.42
 0.42 0.43 0.43 0.44 0.52 0.53 0.53 0.54 0.55 0.56 0.56 0.58 0.6  0.62
 0.64 0.64 0.67 0.72 0.73 0.75 0.76 0.81 0.82 0.85 0.91 0.99 1.08 1.11
 1.11 1.18 1.2  1.39]
var: 0.11465363888888866
| [0m6        [0m | [0m0.4878   [0m | [0m0.1815   [0m | [0m21.68    [0m | [0m1.56     [0m |
[0.   0.03 0.04 0.06 0.08 0.08 0.08 0.09 0.09 0.09 0.1  0.11 0.12 0.13
 0.14 0.17 0.21 0.23 0.24 0.26 0.26 0.26 0.29 0.33 0.36 0.38 0.39 0.41
 0.43 0.45 0.46 0.5  0.51 0.52 0.53 0.62 0.62 0.62 0.65 0.67 0.68 0.69
 0.71 0.72 0.81 0.81 0.87 0.91 0.91 0.91 0.95 0.95 0.95 1.11 1.21 1.65
 1.76 1.78 1.89 2.3 ]
var: 0.25464322222222235
| [0m7        [0m | [0m0.5697   [0m | [0m0.05929  [0m | [0m37.11    [0m | [0m1.025    [0m |
[0.52 0.57 0.58 0.59 0.61 0.76 0.77 0.82 0.87 0.94 0.98 1.05 1.05 1.11
 1.12 1.2  1.24 1.24 1.27 1.28 1.29 1.3  1.3  1.31 1.32 1.34 1.37 1.38
 1.38 1.43 1.44 1.45 1.53 1.61 1.61 1.64 1.64 1.69 1.72 1.73 1.73 1.76
 1.79 1.99 1.99 2.15 2.23 2.29 2.39 2.41 2.41 2.56 2.6  2.62 2.92 3.38
 3.44 3.44 3.8  3.84]
var: 0.6477849722222224
| [95m8        [0m | [95m1.663    [0m | [95m0.01493  [0m | [95m40.52    [0m | [95m0.238    [0m |
[0.   0.   0.   0.01 0.02 0.02 0.03 0.03 0.03 0.05 0.08 0.1  0.11 0.11
 0.12 0.14 0.17 0.2  0.25 0.26 0.32 0.38 0.39 0.41 0.44 0.44 0.45 0.49
 0.51 0.52 0.52 0.52 0.53 0.56 0.56 0.57 0.57 0.57 0.57 0.58 0.58 0.6
 0.6  0.62 0.65 0.8  1.14 1.14 1.15 1.16 1.17 1.57 1.63 1.69 1.71 1.74
 1.78 2.35 3.02 4.8 ]
var: 0.6744436388888898
| [0m9        [0m | [0m0.6922   [0m | [0m0.1526   [0m | [0m36.98    [0m | [0m0.6422   [0m |
[0.27 0.29 0.52 0.54 0.54 0.58 0.61 0.67 0.76 0.77 0.86 0.87 0.88 0.89
 1.09 1.15 1.36 1.36 1.36 1.45 1.49 1.55 1.58 1.59 1.62 1.62 1.63 1.72
 1.73 1.73 1.75 1.77 1.78 1.78 1.86 1.87 1.87 1.92 1.95 2.03 2.07 2.11
 2.14 2.15 2.3  2.34 2.39 2.4  2.43 2.44 2.53 2.59 2.68 2.68 2.78 2.8
 3.19 3.44 3.81 4.21]
var: 0.7123812222222224
| [95m10       [0m | [95m1.752    [0m | [95m0.2894   [0m | [95m37.65    [0m | [95m0.0453   [0m |
[0.   0.02 0.05 0.07 0.08 0.1  0.1  0.11 0.13 0.14 0.15 0.16 0.2  0.2
 0.23 0.23 0.26 0.26 0.26 0.27 0.29 0.29 0.33 0.34 0.34 0.35 0.36 0.37
 0.38 0.45 0.45 0.46 0.47 0.48 0.48 0.52 0.53 0.55 0.55 0.58 0.6  0.61
 0.62 0.62 0.65 0.73 0.75 0.8  0.86 0.93 0.94 0.97 1.07 1.08 1.08 1.1
 1.19 1.42 1.86 1.92]
var: 0.1726149722222219
| [0m11       [0m | [0m0.5232   [0m | [0m0.1813   [0m | [0m5.275    [0m | [0m1.212    [0m |
[0.33 0.33 0.35 0.36 0.39 0.47 0.47 0.47 0.5  0.51 0.52 0.67 0.69 0.77
 0.88 0.88 0.9  0.95 0.99 0.99 1.08 1.13 1.14 1.17 1.17 1.22 1.23 1.24
 1.29 1.31 1.32 1.39 1.41 1.44 1.47 1.5  1.52 1.54 1.62 1.63 1.65 1.68
 1.7  1.71 1.74 1.77 1.8  1.82 1.83 1.97 1.98 2.04 2.05 2.17 2.32 2.34
 2.57 2.86 2.91 3.88]
var: 0.510436972222223
| [0m12       [0m | [0m1.367    [0m | [0m0.2888   [0m | [0m6.135    [0m | [0m0.1026   [0m |
[0.   0.   0.   0.   0.02 0.03 0.04 0.04 0.04 0.04 0.05 0.06 0.07 0.12
 0.18 0.18 0.2  0.21 0.22 0.24 0.25 0.27 0.29 0.29 0.29 0.29 0.3  0.34
 0.35 0.35 0.38 0.41 0.41 0.41 0.41 0.41 0.41 0.42 0.43 0.44 0.44 0.44
 0.45 0.47 0.49 0.49 0.5  0.52 0.52 0.55 0.56 0.58 0.61 0.61 0.73 0.73
 0.73 0.9  1.2  2.63]
var: 0.14358066666666697
| [0m13       [0m | [0m0.384    [0m | [0m0.271    [0m | [0m30.29    [0m | [0m2.331    [0m |
[0.01 0.02 0.06 0.07 0.11 0.11 0.15 0.15 0.17 0.18 0.2  0.21 0.21 0.25
 0.25 0.26 0.26 0.28 0.29 0.37 0.38 0.41 0.42 0.43 0.44 0.44 0.45 0.45
 0.45 0.46 0.46 0.48 0.5  0.5  0.51 0.53 0.58 0.58 0.58 0.6  0.63 0.72
 0.75 0.77 0.77 0.88 0.89 0.94 0.95 0.95 1.   1.09 1.11 1.11 1.33 1.38
 1.48 1.66 1.81 2.95]
var: 0.26015697222222284
| [0m14       [0m | [0m0.6072   [0m | [0m0.02629  [0m | [0m23.26    [0m | [0m1.62     [0m |
[0.   0.   0.02 0.04 0.05 0.08 0.09 0.09 0.1  0.1  0.11 0.11 0.13 0.14
 0.16 0.2  0.2  0.22 0.25 0.26 0.27 0.27 0.28 0.29 0.32 0.33 0.35 0.36
 0.36 0.36 0.36 0.38 0.39 0.41 0.42 0.45 0.45 0.45 0.45 0.46 0.47 0.47
 0.5  0.5  0.55 0.57 0.57 0.6  0.62 0.68 0.77 0.78 0.87 0.93 1.   1.05
 1.2  1.31 1.55 1.71]
var: 0.1342556666666668
| [0m15       [0m | [0m0.441    [0m | [0m0.227    [0m | [0m26.55    [0m | [0m2.014    [0m |
[0.03 0.04 0.05 0.05 0.07 0.07 0.08 0.09 0.11 0.13 0.14 0.16 0.18 0.19
 0.2  0.21 0.22 0.22 0.23 0.24 0.25 0.25 0.27 0.28 0.28 0.29 0.29 0.3
 0.31 0.31 0.32 0.33 0.34 0.34 0.36 0.36 0.38 0.38 0.4  0.4  0.44 0.46
 0.47 0.47 0.48 0.51 0.52 0.53 0.53 0.53 0.54 0.55 0.64 0.65 0.69 0.75
 0.84 0.92 0.96 1.35]
var: 0.062349888888888844
| [0m16       [0m | [0m0.3663   [0m | [0m0.009938 [0m | [0m3.301    [0m | [0m2.996    [0m |
[0.   0.06 0.09 0.11 0.12 0.13 0.14 0.14 0.16 0.2  0.2  0.2  0.23 0.24
 0.25 0.29 0.3  0.3  0.32 0.32 0.33 0.35 0.35 0.35 0.36 0.37 0.38 0.41
 0.43 0.45 0.46 0.47 0.51 0.52 0.52 0.56 0.58 0.58 0.58 0.6  0.63 0.64
 0.64 0.64 0.65 0.67 0.67 0.68 0.69 0.69 0.69 0.7  0.71 0.71 0.78 0.79
 0.79 0.82 0.91 0.96]
var: 0.05539099999999981
| [0m17       [0m | [0m0.457    [0m | [0m0.2373   [0m | [0m4.372    [0m | [0m1.796    [0m |
[0.06 0.1  0.12 0.15 0.18 0.18 0.21 0.3  0.32 0.32 0.38 0.4  0.5  0.51
 0.54 0.55 0.55 0.56 0.56 0.57 0.6  0.64 0.66 0.71 0.72 0.75 0.76 0.76
 0.84 0.88 0.89 0.92 1.   1.02 1.02 1.1  1.16 1.16 1.17 1.21 1.22 1.26
 1.3  1.33 1.37 1.38 1.41 1.45 1.57 1.58 1.58 1.6  1.62 1.65 1.68 1.7
 1.78 1.82 1.95 2.39]
var: 0.29917808333333334
| [0m18       [0m | [0m0.9445   [0m | [0m0.04757  [0m | [0m21.21    [0m | [0m0.5187   [0m |
[0.   0.   0.   0.   0.01 0.01 0.01 0.01 0.01 0.01 0.02 0.03 0.03 0.03
 0.04 0.04 0.04 0.05 0.05 0.06 0.06 0.07 0.07 0.08 0.1  0.12 0.13 0.14
 0.14 0.15 0.15 0.15 0.16 0.18 0.19 0.2  0.2  0.21 0.21 0.21 0.26 0.26
 0.26 0.27 0.27 0.28 0.29 0.31 0.31 0.32 0.32 0.33 0.33 0.33 0.38 0.43
 0.46 0.48 0.48 0.52]
var: 0.020729000000000143
| [0m19       [0m | [0m0.171    [0m | [0m0.007252 [0m | [0m47.44    [0m | [0m2.783    [0m |
[0.   0.   0.   0.03 0.05 0.05 0.05 0.06 0.07 0.1  0.1  0.11 0.11 0.14
 0.15 0.16 0.17 0.17 0.17 0.19 0.21 0.22 0.28 0.28 0.29 0.29 0.29 0.32
 0.34 0.35 0.39 0.39 0.41 0.43 0.44 0.48 0.5  0.5  0.54 0.54 0.54 0.57
 0.59 0.6  0.61 0.63 0.66 0.67 0.67 0.68 0.68 0.71 0.77 0.82 0.86 0.9
 1.01 1.13 1.29 1.6 ]
var: 0.11218622222222212
| [0m20       [0m | [0m0.4227   [0m | [0m0.2867   [0m | [0m22.96    [0m | [0m1.896    [0m |
[0.   0.01 0.02 0.03 0.08 0.09 0.11 0.16 0.16 0.19 0.2  0.21 0.21 0.22
 0.22 0.22 0.24 0.24 0.25 0.25 0.26 0.29 0.3  0.31 0.34 0.34 0.37 0.38
 0.38 0.39 0.4  0.41 0.45 0.45 0.47 0.48 0.49 0.49 0.49 0.55 0.55 0.57
 0.58 0.59 0.65 0.65 0.66 0.67 0.68 0.68 0.69 0.7  0.72 0.73 0.79 0.95
 1.11 1.16 1.25 1.91]
var: 0.11220288888888907
| [0m21       [0m | [0m0.4573   [0m | [0m0.2187   [0m | [0m25.48    [0m | [0m1.694    [0m |
[0.   0.   0.04 0.04 0.04 0.07 0.08 0.08 0.08 0.11 0.12 0.12 0.13 0.14
 0.14 0.14 0.15 0.15 0.19 0.19 0.2  0.21 0.28 0.28 0.29 0.3  0.3  0.31
 0.38 0.4  0.41 0.45 0.46 0.53 0.56 0.58 0.58 0.6  0.6  0.6  0.61 0.61
 0.62 0.66 0.67 0.67 0.69 0.71 0.71 0.76 0.76 0.78 0.85 0.98 1.05 1.05
 1.14 1.17 1.3  1.31]
var: 0.12050030555555614
| [0m22       [0m | [0m0.4572   [0m | [0m0.1638   [0m | [0m17.63    [0m | [0m0.8218   [0m |
[0.03 0.04 0.05 0.07 0.09 0.1  0.11 0.15 0.22 0.23 0.25 0.25 0.26 0.27
 0.27 0.28 0.29 0.33 0.39 0.44 0.46 0.46 0.46 0.5  0.53 0.54 0.54 0.55
 0.55 0.6  0.61 0.63 0.63 0.64 0.64 0.65 0.67 0.68 0.69 0.71 0.74 0.75
 0.76 0.77 0.87 0.96 1.05 1.07 1.07 1.11 1.13 1.14 1.15 1.18 1.18 1.22
 1.31 1.89 2.48 2.68]
var: 0.27244697222222225
| [0m23       [0m | [0m0.6728   [0m | [0m0.1641   [0m | [0m19.92    [0m | [0m0.6748   [0m |
[0.   0.   0.   0.   0.   0.02 0.03 0.04 0.04 0.06 0.08 0.08 0.08 0.09
 0.09 0.1  0.1  0.1  0.11 0.11 0.13 0.17 0.17 0.18 0.19 0.21 0.22 0.24
 0.26 0.26 0.28 0.29 0.3  0.31 0.32 0.32 0.34 0.34 0.35 0.35 0.38 0.41
 0.43 0.43 0.44 0.45 0.47 0.48 0.48 0.51 0.51 0.52 0.52 0.54 0.54 0.63
 0.86 1.01 1.04 1.11]
var: 0.06596933333333324
| [0m24       [0m | [0m0.302    [0m | [0m0.1829   [0m | [0m35.99    [0m | [0m1.889    [0m |
[0.   0.   0.   0.   0.   0.   0.   0.01 0.04 0.06 0.06 0.06 0.07 0.08
 0.08 0.08 0.12 0.14 0.14 0.14 0.15 0.16 0.16 0.17 0.19 0.21 0.21 0.22
 0.23 0.24 0.24 0.25 0.26 0.28 0.28 0.3  0.3  0.32 0.34 0.34 0.36 0.37
 0.37 0.39 0.4  0.43 0.45 0.46 0.53 0.53 0.55 0.56 0.56 0.57 0.6  0.65
 0.69 0.69 0.9  1.32]
var: 0.06296275000000003
| [0m25       [0m | [0m0.2885   [0m | [0m0.1752   [0m | [0m26.5     [0m | [0m2.775    [0m |
[0.   0.01 0.02 0.02 0.03 0.07 0.08 0.09 0.09 0.1  0.17 0.19 0.19 0.19
 0.22 0.23 0.24 0.26 0.27 0.28 0.29 0.32 0.34 0.36 0.36 0.36 0.39 0.4
 0.4  0.4  0.41 0.44 0.51 0.55 0.6  0.63 0.64 0.64 0.66 0.67 0.67 0.7
 0.7  0.72 0.72 0.74 0.77 0.8  0.84 0.91 0.97 0.98 1.   1.07 1.1  1.18
 1.31 1.33 1.4  1.41]
var: 0.1441540000000002
| [0m26       [0m | [0m0.524    [0m | [0m0.274    [0m | [0m8.286    [0m | [0m0.9841   [0m |
[0.   0.   0.   0.   0.01 0.01 0.02 0.02 0.03 0.04 0.04 0.07 0.07 0.07
 0.07 0.07 0.09 0.1  0.1  0.12 0.12 0.13 0.13 0.13 0.15 0.17 0.19 0.2
 0.21 0.22 0.25 0.25 0.27 0.36 0.37 0.38 0.38 0.4  0.43 0.44 0.44 0.45
 0.45 0.47 0.49 0.5  0.51 0.51 0.51 0.52 0.55 0.59 0.6  0.63 0.63 0.64
 0.65 0.71 0.74 1.6 ]
var: 0.07793166666666679
| [0m27       [0m | [0m0.305    [0m | [0m0.2874   [0m | [0m39.79    [0m | [0m2.144    [0m |
[0.   0.01 0.01 0.02 0.03 0.04 0.04 0.05 0.06 0.08 0.1  0.11 0.13 0.15
 0.15 0.19 0.2  0.21 0.24 0.25 0.27 0.28 0.3  0.3  0.31 0.32 0.34 0.34
 0.35 0.35 0.38 0.39 0.4  0.42 0.42 0.42 0.43 0.45 0.46 0.47 0.48 0.48
 0.49 0.49 0.49 0.5  0.53 0.53 0.53 0.54 0.57 0.61 0.61 0.62 0.62 0.73
 0.73 0.75 0.92 0.92]
var: 0.051571638888888986
| [0m28       [0m | [0m0.3602   [0m | [0m0.2348   [0m | [0m48.77    [0m | [0m1.553    [0m |
[0.   0.   0.   0.   0.01 0.01 0.01 0.01 0.01 0.02 0.03 0.04 0.04 0.05
 0.07 0.07 0.08 0.09 0.1  0.13 0.17 0.19 0.21 0.21 0.22 0.25 0.26 0.28
 0.29 0.31 0.31 0.31 0.32 0.34 0.35 0.35 0.35 0.36 0.36 0.39 0.39 0.43
 0.44 0.5  0.51 0.51 0.54 0.55 0.61 0.62 0.62 0.67 0.67 0.68 0.7  0.73
 0.83 0.9  1.02 1.68]
var: 0.09696555555555562
| [0m29       [0m | [0m0.3367   [0m | [0m0.08584  [0m | [0m38.31    [0m | [0m2.084    [0m |
[0.13 0.3  0.35 0.43 0.47 0.49 0.5  0.53 0.53 0.59 0.6  0.6  0.63 0.67
 0.68 0.7  0.72 0.75 0.77 0.78 0.8  0.83 0.83 0.87 0.88 0.92 0.97 1.
 1.01 1.04 1.08 1.11 1.15 1.15 1.15 1.18 1.19 1.2  1.21 1.23 1.25 1.27
 1.28 1.31 1.32 1.38 1.41 1.65 1.74 1.76 1.77 1.87 1.92 1.97 2.03 2.03
 2.15 2.34 2.67 2.75]
var: 0.33814274999999977
| [0m30       [0m | [0m1.132    [0m | [0m0.1188   [0m | [0m35.3     [0m | [0m0.2815   [0m |
[0.   0.01 0.03 0.1  0.13 0.13 0.14 0.15 0.15 0.17 0.18 0.19 0.27 0.28
 0.28 0.31 0.31 0.31 0.32 0.32 0.34 0.36 0.37 0.37 0.42 0.44 0.45 0.45
 0.48 0.52 0.54 0.54 0.54 0.54 0.56 0.62 0.65 0.66 0.68 0.7  0.72 0.74
 0.76 0.77 0.77 0.81 0.82 0.85 0.89 0.92 0.92 0.93 1.07 1.08 1.09 1.15
 1.17 1.22 1.28 1.64]
var: 0.13015830555555558
| [0m31       [0m | [0m0.5602   [0m | [0m0.108    [0m | [0m8.432    [0m | [0m2.061    [0m |
[0.   0.   0.   0.02 0.03 0.06 0.06 0.06 0.09 0.11 0.15 0.2  0.24 0.24
 0.27 0.27 0.28 0.28 0.29 0.29 0.31 0.31 0.34 0.34 0.37 0.39 0.4  0.41
 0.43 0.44 0.44 0.45 0.46 0.5  0.56 0.56 0.56 0.57 0.57 0.57 0.6  0.62
 0.69 0.69 0.7  0.74 0.75 0.77 0.82 0.84 0.96 1.09 1.1  1.1  1.13 1.14
 1.19 1.33 1.37 1.66]
var: 0.14716497222222208
| [0m32       [0m | [0m0.5202   [0m | [0m0.06268  [0m | [0m43.59    [0m | [0m0.8959   [0m |
[0.   0.   0.01 0.01 0.01 0.02 0.02 0.02 0.03 0.03 0.03 0.04 0.05 0.06
 0.06 0.07 0.07 0.08 0.09 0.09 0.11 0.11 0.12 0.13 0.14 0.14 0.15 0.16
 0.16 0.19 0.19 0.21 0.21 0.21 0.21 0.23 0.25 0.25 0.26 0.26 0.26 0.27
 0.3  0.32 0.32 0.33 0.35 0.36 0.36 0.37 0.37 0.45 0.45 0.49 0.51 0.56
 0.6  0.7  0.79 0.96]
var: 0.04182555555555555
| [0m33       [0m | [0m0.2267   [0m | [0m0.00458  [0m | [0m49.79    [0m | [0m2.574    [0m |
[0.02 0.06 0.07 0.08 0.19 0.2  0.22 0.25 0.25 0.27 0.27 0.27 0.31 0.31
 0.32 0.33 0.33 0.34 0.37 0.41 0.41 0.41 0.46 0.49 0.49 0.51 0.55 0.55
 0.57 0.58 0.59 0.61 0.61 0.61 0.61 0.62 0.67 0.69 0.69 0.73 0.73 0.76
 0.8  0.87 0.89 0.91 0.93 0.97 0.99 0.99 1.11 1.16 1.17 1.33 1.48 1.48
 1.53 1.59 1.6  1.68]
var: 0.17731163888888904
| [0m34       [0m | [0m0.6548   [0m | [0m0.07991  [0m | [0m19.25    [0m | [0m0.9169   [0m |
[0.02 0.05 0.06 0.13 0.16 0.17 0.17 0.23 0.24 0.26 0.27 0.28 0.34 0.36
 0.36 0.37 0.38 0.43 0.45 0.46 0.48 0.48 0.52 0.53 0.53 0.54 0.54 0.54
 0.55 0.55 0.56 0.59 0.59 0.6  0.61 0.67 0.69 0.69 0.71 0.71 0.72 0.75
 0.77 0.8  0.84 0.89 0.91 0.91 0.94 0.97 1.05 1.11 1.12 1.23 1.23 1.28
 1.3  1.32 1.48 1.85]
var: 0.14511233333333332
| [0m35       [0m | [0m0.639    [0m | [0m0.07702  [0m | [0m7.5      [0m | [0m1.515    [0m |
[0.   0.   0.   0.   0.   0.   0.   0.   0.01 0.03 0.03 0.03 0.03 0.04
 0.04 0.04 0.04 0.04 0.05 0.08 0.09 0.09 0.13 0.15 0.16 0.17 0.17 0.17
 0.18 0.19 0.2  0.21 0.22 0.25 0.25 0.26 0.27 0.29 0.3  0.36 0.37 0.38
 0.38 0.39 0.4  0.4  0.4  0.41 0.44 0.44 0.46 0.47 0.48 0.49 0.5  0.52
 0.56 0.57 0.59 0.62]
var: 0.036229555555555605
| [0m36       [0m | [0m0.2307   [0m | [0m0.2544   [0m | [0m42.0     [0m | [0m2.578    [0m |
[0.   0.   0.   0.01 0.01 0.01 0.03 0.03 0.04 0.05 0.05 0.06 0.09 0.09
 0.09 0.09 0.1  0.1  0.1  0.1  0.11 0.13 0.13 0.15 0.16 0.17 0.17 0.18
 0.19 0.21 0.21 0.21 0.22 0.22 0.23 0.24 0.25 0.27 0.27 0.27 0.28 0.28
 0.29 0.29 0.3  0.33 0.33 0.33 0.34 0.35 0.38 0.39 0.41 0.41 0.42 0.43
 0.5  0.5  0.51 1.11]
var: 0.032983222222222164
| [0m37       [0m | [0m0.2203   [0m | [0m0.07222  [0m | [0m47.82    [0m | [0m2.704    [0m |
[0.   0.01 0.01 0.02 0.05 0.07 0.09 0.12 0.13 0.2  0.2  0.21 0.22 0.22
 0.23 0.28 0.3  0.32 0.32 0.33 0.36 0.38 0.4  0.4  0.41 0.42 0.46 0.48
 0.55 0.57 0.6  0.61 0.62 0.64 0.65 0.65 0.69 0.7  0.73 0.76 0.82 0.83
 0.84 0.85 0.85 0.86 0.87 0.91 0.94 1.01 1.09 1.11 1.12 1.12 1.24 1.37
 1.37 1.43 2.23 2.6 ]
var: 0.25158363888888874
| [0m38       [0m | [0m0.6312   [0m | [0m0.09584  [0m | [0m40.59    [0m | [0m0.8647   [0m |
[0.   0.01 0.03 0.03 0.03 0.04 0.05 0.05 0.05 0.05 0.06 0.06 0.07 0.1
 0.11 0.12 0.13 0.13 0.14 0.15 0.16 0.18 0.22 0.25 0.27 0.27 0.29 0.3
 0.33 0.36 0.37 0.37 0.38 0.38 0.38 0.4  0.4  0.44 0.44 0.47 0.48 0.53
 0.53 0.55 0.55 0.56 0.58 0.59 0.59 0.63 0.66 0.72 0.81 0.85 1.05 1.11
 1.13 1.28 1.34 3.  ]
var: 0.21814163888888896
| [0m39       [0m | [0m0.4268   [0m | [0m0.08131  [0m | [0m32.24    [0m | [0m1.848    [0m |
[0.   0.   0.   0.01 0.01 0.02 0.02 0.02 0.03 0.03 0.05 0.06 0.06 0.07
 0.07 0.08 0.09 0.1  0.1  0.1  0.14 0.15 0.15 0.16 0.16 0.16 0.16 0.17
 0.19 0.19 0.19 0.21 0.24 0.25 0.25 0.28 0.28 0.29 0.29 0.3  0.32 0.33
 0.38 0.39 0.41 0.43 0.44 0.44 0.46 0.48 0.59 0.6  0.62 0.63 0.67 0.68
 0.72 0.8  0.8  0.84]
var: 0.05425622222222234
| [0m40       [0m | [0m0.2693   [0m | [0m0.2502   [0m | [0m41.23    [0m | [0m2.458    [0m |
[0.39 0.46 0.5  0.54 0.55 0.56 0.58 0.6  0.6  0.65 0.67 0.69 0.75 0.78
 0.85 0.87 0.88 0.95 0.95 0.97 1.02 1.05 1.08 1.11 1.15 1.16 1.18 1.2
 1.24 1.28 1.29 1.29 1.3  1.32 1.34 1.38 1.41 1.46 1.47 1.51 1.56 1.58
 1.6  1.72 1.76 1.81 1.82 1.85 1.94 1.95 1.96 2.02 2.11 2.15 2.16 2.26
 2.29 2.29 2.34 2.78]
var: 0.332603222222222
| [0m41       [0m | [0m1.316    [0m | [0m0.157    [0m | [0m37.91    [0m | [0m0.06627  [0m |
[0.45 0.49 0.51 0.51 0.57 0.57 0.59 0.66 0.7  0.7  0.73 0.79 0.79 0.79
 0.81 0.84 0.85 0.88 0.89 0.92 0.97 0.99 1.09 1.12 1.15 1.15 1.18 1.2
 1.26 1.29 1.3  1.34 1.41 1.42 1.46 1.5  1.55 1.57 1.57 1.59 1.67 1.68
 1.69 1.7  1.71 1.75 1.79 1.8  1.8  1.85 1.85 1.85 1.9  2.23 2.26 2.28
 2.29 2.29 2.42 3.2 ]
var: 0.34631066666666666
| [0m42       [0m | [0m1.336    [0m | [0m0.1086   [0m | [0m37.44    [0m | [0m0.09443  [0m |
[0.01 0.02 0.02 0.03 0.03 0.07 0.08 0.08 0.12 0.13 0.17 0.19 0.2  0.25
 0.26 0.28 0.32 0.34 0.35 0.4  0.44 0.48 0.48 0.49 0.53 0.53 0.54 0.55
 0.56 0.64 0.64 0.65 0.65 0.67 0.67 0.72 0.72 0.82 0.83 0.84 0.85 0.89
 0.9  0.91 0.95 1.01 1.02 1.03 1.03 1.11 1.16 1.16 1.16 1.17 1.24 1.25
 1.28 1.69 1.81 2.4 ]
var: 0.2329032222222223
| [0m43       [0m | [0m0.6637   [0m | [0m0.148    [0m | [0m14.09    [0m | [0m1.273    [0m |
[0.   0.   0.02 0.02 0.03 0.06 0.08 0.08 0.09 0.1  0.11 0.12 0.12 0.14
 0.14 0.15 0.16 0.16 0.2  0.2  0.21 0.23 0.25 0.25 0.25 0.27 0.27 0.29
 0.33 0.37 0.39 0.39 0.42 0.42 0.42 0.42 0.44 0.44 0.44 0.45 0.46 0.46
 0.46 0.47 0.48 0.48 0.49 0.5  0.52 0.52 0.55 0.58 0.61 0.61 0.64 0.64
 0.82 1.19 1.49 3.38]
var: 0.22134488888888898
| [0m44       [0m | [0m0.4047   [0m | [0m0.06878  [0m | [0m37.78    [0m | [0m1.765    [0m |
[0.   0.   0.   0.01 0.02 0.03 0.06 0.08 0.1  0.12 0.13 0.17 0.19 0.22
 0.24 0.26 0.3  0.32 0.34 0.34 0.35 0.37 0.41 0.41 0.43 0.43 0.44 0.45
 0.46 0.48 0.48 0.5  0.5  0.51 0.51 0.52 0.55 0.59 0.6  0.63 0.65 0.72
 0.74 0.75 0.88 0.94 0.95 0.96 0.96 1.03 1.04 1.06 1.12 1.12 1.2  1.27
 1.51 1.53 1.57 1.7 ]
var: 0.18590430555555562
| [0m45       [0m | [0m0.5708   [0m | [0m0.06667  [0m | [0m13.19    [0m | [0m1.666    [0m |
[0.   0.01 0.02 0.03 0.03 0.04 0.05 0.07 0.07 0.07 0.1  0.11 0.12 0.12
 0.13 0.15 0.16 0.17 0.18 0.19 0.22 0.22 0.23 0.25 0.26 0.27 0.28 0.29
 0.31 0.33 0.34 0.37 0.38 0.4  0.41 0.42 0.43 0.43 0.43 0.45 0.45 0.46
 0.47 0.5  0.52 0.55 0.57 0.62 0.63 0.64 0.65 0.66 0.66 0.75 0.85 0.85
 1.   1.06 1.14 1.49]
var: 0.09447788888888907
| [0m46       [0m | [0m0.3843   [0m | [0m0.01458  [0m | [0m36.93    [0m | [0m1.849    [0m |
[0.04 0.05 0.07 0.09 0.11 0.15 0.15 0.16 0.19 0.2  0.21 0.21 0.22 0.22
 0.24 0.25 0.26 0.27 0.3  0.32 0.32 0.33 0.33 0.34 0.38 0.38 0.41 0.42
 0.47 0.49 0.52 0.53 0.54 0.58 0.6  0.63 0.64 0.67 0.67 0.67 0.7  0.72
 0.76 0.78 0.8  0.82 0.88 1.02 1.14 1.15 1.16 1.39 1.45 1.55 1.7  1.74
 1.74 1.98 2.46 3.92]
var: 0.45593608333333385
| [0m47       [0m | [0m0.6915   [0m | [0m0.2454   [0m | [0m28.32    [0m | [0m0.4683   [0m |
[0.45 0.51 0.51 0.52 0.54 0.56 0.58 0.58 0.63 0.75 0.75 0.77 0.88 0.88
 0.88 0.92 0.92 0.93 0.97 1.01 1.04 1.08 1.14 1.17 1.17 1.19 1.19 1.2
 1.21 1.22 1.23 1.23 1.25 1.27 1.28 1.34 1.39 1.4  1.41 1.41 1.51 1.51
 1.58 1.63 1.74 1.75 1.82 1.86 1.87 1.87 1.88 2.   2.19 2.36 2.55 2.72
 2.77 2.87 3.51 4.41]
var: 0.5726806666666666
| [0m48       [0m | [0m1.396    [0m | [0m0.1782   [0m | [0m25.95    [0m | [0m0.09946  [0m |
[0.08 0.21 0.22 0.22 0.25 0.26 0.27 0.27 0.27 0.28 0.29 0.29 0.29 0.29
 0.3  0.3  0.3  0.3  0.3  0.33 0.35 0.36 0.38 0.41 0.47 0.51 0.51 0.51
 0.53 0.53 0.54 0.54 0.57 0.57 0.62 0.63 0.63 0.69 0.7  0.73 0.77 0.8
 0.8  0.85 0.92 0.94 0.96 1.06 1.09 1.1  1.11 1.23 1.23 1.35 1.41 1.43
 1.44 1.49 1.69 1.88]
var: 0.18119763888888904
| [0m49       [0m | [0m0.6608   [0m | [0m1e-08    [0m | [0m40.33    [0m | [0m0.001    [0m |
[0.   0.01 0.02 0.04 0.04 0.06 0.11 0.14 0.17 0.21 0.26 0.28 0.36 0.36
 0.41 0.44 0.49 0.49 0.52 0.62 0.65 0.65 0.65 0.66 0.69 0.7  0.74 0.75
 0.77 0.8  0.8  0.84 0.86 0.88 0.93 0.97 1.01 1.06 1.07 1.12 1.15 1.15
 1.15 1.17 1.18 1.19 1.21 1.21 1.23 1.23 1.27 1.29 1.3  1.38 1.67 1.71
 2.2  2.27 2.44 2.68]
var: 0.35802163888888905
| [0m50       [0m | [0m0.8618   [0m | [0m0.06695  [0m | [0m21.79    [0m | [0m0.8023   [0m |
[0.   0.   0.   0.   0.   0.01 0.01 0.01 0.02 0.02 0.02 0.03 0.03 0.04
 0.04 0.04 0.04 0.04 0.04 0.05 0.06 0.06 0.06 0.07 0.1  0.1  0.11 0.12
 0.13 0.15 0.16 0.16 0.16 0.17 0.17 0.18 0.19 0.21 0.22 0.23 0.23 0.24
 0.24 0.25 0.25 0.27 0.27 0.27 0.29 0.29 0.29 0.3  0.34 0.35 0.36 0.37
 0.4  0.47 0.68 0.72]
var: 0.024593638888888863
| [0m51       [0m | [0m0.1688   [0m | [0m0.01878  [0m | [0m49.5     [0m | [0m2.783    [0m |
[0.   0.   0.   0.01 0.01 0.01 0.02 0.02 0.03 0.03 0.03 0.05 0.07 0.07
 0.08 0.09 0.09 0.1  0.11 0.12 0.12 0.13 0.15 0.18 0.18 0.2  0.2  0.21
 0.21 0.22 0.22 0.23 0.25 0.25 0.26 0.27 0.28 0.28 0.28 0.31 0.32 0.32
 0.32 0.33 0.34 0.36 0.37 0.4  0.4  0.4  0.41 0.42 0.44 0.48 0.5  0.57
 0.57 0.63 0.65 0.71]
var: 0.03275941666666666
| [0m52       [0m | [0m0.2385   [0m | [0m0.05696  [0m | [0m47.93    [0m | [0m2.526    [0m |
[0.   0.   0.   0.   0.01 0.01 0.02 0.03 0.03 0.03 0.04 0.08 0.09 0.1
 0.1  0.14 0.14 0.14 0.18 0.18 0.18 0.2  0.2  0.22 0.23 0.24 0.25 0.25
 0.27 0.28 0.29 0.31 0.32 0.35 0.36 0.37 0.38 0.45 0.46 0.47 0.48 0.49
 0.5  0.51 0.54 0.55 0.55 0.61 0.62 0.64 0.67 0.69 0.69 0.74 0.76 0.93
 0.97 1.03 1.28 1.93]
var: 0.12439322222222211
| [0m53       [0m | [0m0.3763   [0m | [0m0.02439  [0m | [0m24.15    [0m | [0m2.763    [0m |
[0.27 0.31 0.37 0.38 0.46 0.51 0.53 0.54 0.56 0.57 0.59 0.61 0.62 0.64
 0.66 0.69 0.69 0.71 0.73 0.74 0.8  0.8  0.84 0.92 0.94 0.97 1.07 1.09
 1.13 1.18 1.28 1.28 1.32 1.34 1.37 1.38 1.42 1.45 1.47 1.51 1.51 1.55
 1.59 1.61 1.65 1.66 1.69 1.69 1.76 1.78 1.9  1.91 2.46 2.53 2.7  3.02
 3.04 3.32 3.34 5.09]
var: 0.8005112222222228
| [0m54       [0m | [0m1.342    [0m | [0m0.1677   [0m | [0m20.86    [0m | [0m0.2308   [0m |
[0.01 0.17 0.39 0.6  0.6  0.61 0.62 0.62 0.68 0.68 0.73 0.74 0.79 0.81
 0.83 0.86 0.96 1.08 1.1  1.17 1.18 1.27 1.29 1.33 1.35 1.35 1.37 1.4
 1.49 1.58 1.59 1.6  1.61 1.61 1.64 1.72 1.73 1.82 1.83 1.88 1.89 1.89
 1.91 1.92 1.96 1.97 1.99 2.06 2.18 2.31 2.49 2.55 2.64 2.64 2.82 2.83
 2.96 3.24 3.53 3.8 ]
var: 0.6718536388888896
| [0m55       [0m | [0m1.571    [0m | [0m0.0143   [0m | [0m40.71    [0m | [0m0.2757   [0m |
[0.   0.   0.   0.01 0.02 0.05 0.05 0.05 0.05 0.07 0.08 0.1  0.11 0.13
 0.13 0.14 0.15 0.15 0.16 0.16 0.18 0.19 0.19 0.2  0.21 0.23 0.23 0.24
 0.26 0.26 0.27 0.27 0.28 0.29 0.3  0.3  0.31 0.32 0.32 0.34 0.34 0.37
 0.38 0.38 0.4  0.4  0.41 0.41 0.42 0.47 0.48 0.49 0.59 0.6  0.62 0.69
 0.93 1.03 1.17 1.21]
var: 0.07030830555555548
| [0m56       [0m | [0m0.3098   [0m | [0m0.1917   [0m | [0m43.17    [0m | [0m2.086    [0m |
[0.17 0.35 0.36 0.36 0.38 0.38 0.39 0.39 0.42 0.42 0.45 0.47 0.47 0.48
 0.48 0.49 0.5  0.5  0.51 0.51 0.51 0.51 0.52 0.54 0.57 0.6  0.61 0.61
 0.64 0.67 0.67 0.74 0.74 0.76 0.79 0.79 0.81 0.82 0.84 0.89 0.92 0.93
 0.95 0.96 0.97 0.97 0.97 0.99 1.08 1.09 1.12 1.15 1.29 1.39 1.4  1.45
 1.72 1.99 2.1  2.33]
var: 0.1960859999999998
| [0m57       [0m | [0m0.798    [0m | [0m0.2181   [0m | [0m40.58    [0m | [0m0.3132   [0m |
[0.12 0.3  0.37 0.47 0.47 0.47 0.54 0.54 0.55 0.55 0.56 0.57 0.58 0.61
 0.68 0.69 0.7  0.72 0.76 0.78 0.8  0.8  0.84 0.89 0.93 0.94 0.96 0.97
 0.99 1.07 1.1  1.12 1.12 1.13 1.13 1.14 1.16 1.16 1.18 1.19 1.2  1.22
 1.23 1.44 1.49 1.5  1.51 1.56 1.57 1.61 1.68 1.68 1.74 1.82 1.83 1.87
 1.95 2.22 2.39 2.47]
var: 0.2749936388888888
| [0m58       [0m | [0m1.094    [0m | [0m0.2744   [0m | [0m37.59    [0m | [0m0.1572   [0m |
[0.   0.   0.01 0.02 0.02 0.03 0.04 0.05 0.05 0.07 0.07 0.08 0.08 0.09
 0.1  0.11 0.11 0.11 0.11 0.12 0.13 0.15 0.16 0.16 0.19 0.22 0.22 0.22
 0.24 0.25 0.27 0.3  0.32 0.34 0.34 0.34 0.36 0.39 0.4  0.4  0.41 0.41
 0.43 0.44 0.49 0.49 0.49 0.49 0.51 0.51 0.52 0.55 0.6  0.64 0.65 0.68
 0.69 0.7  1.36 1.42]
var: 0.08100763888888889
| [0m59       [0m | [0m0.3192   [0m | [0m0.1361   [0m | [0m30.23    [0m | [0m2.597    [0m |
[0.25 0.38 0.41 0.42 0.44 0.48 0.51 0.52 0.53 0.57 0.58 0.6  0.63 0.63
 0.68 0.69 0.71 0.72 0.73 0.75 0.79 0.79 0.81 0.91 0.95 0.96 0.99 1.06
 1.07 1.11 1.11 1.12 1.14 1.14 1.14 1.16 1.2  1.28 1.29 1.33 1.34 1.38
 1.41 1.43 1.56 1.57 1.67 1.76 1.76 1.77 1.86 1.88 1.97 1.99 2.06 2.12
 2.28 2.39 2.89 2.9 ]
var: 0.3821636388888886
| [0m60       [0m | [0m1.176    [0m | [0m0.2771   [0m | [0m6.102    [0m | [0m0.1636   [0m |
[0.   0.   0.   0.01 0.02 0.02 0.02 0.03 0.03 0.04 0.05 0.05 0.06 0.06
 0.08 0.09 0.1  0.11 0.12 0.12 0.15 0.16 0.16 0.17 0.18 0.19 0.2  0.2
 0.21 0.24 0.24 0.26 0.27 0.27 0.3  0.32 0.34 0.36 0.39 0.4  0.42 0.42
 0.43 0.45 0.47 0.49 0.49 0.49 0.5  0.53 0.53 0.56 0.59 0.62 0.63 0.63
 0.69 0.7  0.88 0.93]
var: 0.055126972222222216
| [0m61       [0m | [0m0.2912   [0m | [0m0.1693   [0m | [0m34.66    [0m | [0m2.027    [0m |
[0.48 0.51 0.55 0.56 0.59 0.77 0.81 0.82 0.88 0.9  0.94 1.01 1.07 1.07
 1.16 1.2  1.22 1.26 1.31 1.35 1.36 1.38 1.43 1.48 1.6  1.66 1.67 1.72
 1.73 1.82 1.87 1.91 1.93 1.95 1.98 2.01 2.06 2.06 2.08 2.11 2.13 2.24
 2.3  2.39 2.43 2.45 2.45 2.67 2.7  2.7  2.86 2.9  3.02 3.11 3.79 3.8
 3.83 4.03 4.44 4.84]
var: 1.0076754166666662
| [95m62       [0m | [95m1.923    [0m | [95m0.01289  [0m | [95m40.65    [0m | [95m0.1308   [0m |
[0.   0.   0.   0.   0.   0.   0.   0.   0.   0.   0.   0.   0.   0.
 0.   0.   0.   0.01 0.01 0.01 0.01 0.01 0.01 0.02 0.02 0.02 0.02 0.02
 0.02 0.02 0.02 0.02 0.03 0.03 0.03 0.03 0.03 0.04 0.04 0.04 0.04 0.04
 0.04 0.04 0.05 0.05 0.05 0.05 0.05 0.05 0.06 0.06 0.06 0.07 0.07 0.07
 0.07 0.07 0.08 0.1 ]
var: 0.0006593333333333595
| [0m63       [0m | [0m0.028    [0m | [0m0.153    [0m | [0m37.68    [0m | [0m0.001    [0m |
[0.   0.04 0.04 0.07 0.07 0.07 0.15 0.2  0.22 0.23 0.24 0.24 0.24 0.26
 0.28 0.28 0.3  0.3  0.32 0.33 0.34 0.34 0.35 0.36 0.36 0.37 0.39 0.4
 0.4  0.41 0.43 0.45 0.5  0.52 0.53 0.53 0.54 0.55 0.56 0.65 0.65 0.66
 0.66 0.68 0.68 0.72 0.72 0.74 0.75 0.8  0.8  0.97 0.98 1.1  1.16 1.19
 1.21 1.25 1.43 1.54]
var: 0.12552430555555555
| [0m64       [0m | [0m0.5258   [0m | [0m0.2693   [0m | [0m5.214    [0m | [0m2.107    [0m |
[0.62 0.77 0.78 0.86 0.92 0.95 0.96 0.97 1.07 1.07 1.11 1.12 1.21 1.25
 1.28 1.29 1.31 1.35 1.37 1.38 1.44 1.48 1.49 1.62 1.69 1.7  1.73 1.76
 1.77 1.8  1.88 1.92 1.94 1.95 1.96 2.04 2.15 2.18 2.24 2.29 2.35 2.39
 2.59 2.63 2.64 2.69 2.75 2.88 2.88 3.11 3.21 3.24 3.46 3.5  3.73 3.75
 4.22 4.61 4.65 4.79]
var: 1.0714456666666665
| [95m65       [0m | [95m2.079    [0m | [95m0.004072 [0m | [95m40.62    [0m | [95m0.2026   [0m |
[0.18 0.36 0.42 0.46 0.47 0.48 0.49 0.5  0.54 0.54 0.56 0.61 0.71 0.72
 0.75 0.75 0.76 0.78 0.8  0.83 0.88 0.93 1.   1.   1.03 1.08 1.16 1.16
 1.17 1.18 1.18 1.19 1.2  1.21 1.21 1.22 1.26 1.27 1.29 1.31 1.34 1.35
 1.37 1.46 1.47 1.53 1.56 1.57 1.65 1.73 1.8  1.84 1.85 1.94 2.02 2.04
 2.04 2.31 2.62 2.79]
var: 0.3183726666666667
| [0m66       [0m | [0m1.182    [0m | [0m0.1322   [0m | [0m35.28    [0m | [0m0.2974   [0m |
[0.46 0.48 0.48 0.52 0.52 0.58 0.59 0.62 0.65 0.66 0.72 0.76 0.76 0.77
 0.81 0.82 0.82 0.83 0.83 0.86 0.92 0.93 0.93 1.13 1.17 1.17 1.19 1.21
 1.23 1.25 1.25 1.28 1.29 1.31 1.41 1.43 1.45 1.46 1.53 1.57 1.65 1.7
 1.73 1.73 1.78 1.9  1.92 1.92 2.02 2.14 2.24 2.27 2.36 2.37 2.53 2.58
 2.61 2.87 2.9  2.91]
var: 0.4711265555555552
| [0m67       [0m | [0m1.38     [0m | [0m0.05314  [0m | [0m40.77    [0m | [0m0.1428   [0m |
[0.   0.02 0.08 0.12 0.13 0.14 0.15 0.17 0.18 0.18 0.19 0.22 0.26 0.26
 0.27 0.29 0.3  0.32 0.33 0.33 0.34 0.34 0.34 0.41 0.43 0.43 0.44 0.45
 0.46 0.47 0.47 0.48 0.48 0.5  0.5  0.5  0.52 0.59 0.59 0.59 0.59 0.62
 0.63 0.63 0.65 0.67 0.69 0.69 0.71 0.76 0.77 0.77 0.86 0.95 0.97 1.
 1.09 1.13 1.45 1.67]
var: 0.10669808333333362
| [0m68       [0m | [0m0.5095   [0m | [0m0.2148   [0m | [0m17.96    [0m | [0m1.208    [0m |
[0.27 0.29 0.3  0.48 0.49 0.51 0.54 0.55 0.57 0.59 0.62 0.65 0.7  0.71
 0.77 0.77 0.77 0.79 0.83 0.85 0.87 0.89 0.93 0.93 0.96 0.96 0.97 1.06
 1.08 1.15 1.18 1.21 1.25 1.36 1.36 1.4  1.41 1.45 1.48 1.49 1.5  1.55
 1.59 1.59 1.62 1.68 1.7  1.76 1.76 1.77 1.81 1.81 2.   2.34 2.36 2.39
 2.44 2.68 2.77 4.16]
var: 0.5135482222222225
| [0m69       [0m | [0m1.279    [0m | [0m0.06963  [0m | [0m40.62    [0m | [0m0.1861   [0m |
[0.02 0.03 0.04 0.06 0.14 0.15 0.16 0.17 0.21 0.25 0.3  0.33 0.36 0.37
 0.43 0.44 0.44 0.45 0.47 0.48 0.48 0.48 0.49 0.52 0.54 0.54 0.56 0.56
 0.56 0.58 0.59 0.6  0.61 0.62 0.63 0.67 0.76 0.94 1.   1.02 1.1  1.18
 1.19 1.2  1.26 1.31 1.33 1.47 1.54 1.55 1.56 1.63 1.78 1.81 1.83 2.02
 2.11 2.18 2.47 3.05]
var: 0.45287655555555567
| [0m70       [0m | [0m0.8603   [0m | [0m0.0716   [0m | [0m22.51    [0m | [0m0.4584   [0m |
[0.08 0.11 0.2  0.22 0.37 0.38 0.38 0.39 0.41 0.41 0.43 0.47 0.57 0.58
 0.59 0.64 0.64 0.65 0.66 0.66 0.67 0.68 0.69 0.7  0.7  0.71 0.74 0.74
 0.74 0.76 0.86 0.94 0.95 0.97 0.97 1.   1.02 1.11 1.14 1.15 1.19 1.2
 1.22 1.28 1.29 1.33 1.34 1.34 1.42 1.45 1.49 1.73 1.75 1.78 1.9  1.94
 1.98 2.02 2.3  3.84]
var: 0.4030436388888894
| [0m71       [0m | [0m0.9978   [0m | [0m0.09791  [0m | [0m40.71    [0m | [0m0.01814  [0m |
[0.55 0.59 0.6  0.61 0.62 0.74 0.8  1.02 1.04 1.06 1.09 1.19 1.22 1.27
 1.27 1.31 1.34 1.34 1.37 1.38 1.51 1.53 1.53 1.62 1.68 1.71 1.78 1.82
 1.84 1.87 1.97 2.19 2.23 2.23 2.26 2.29 2.36 2.41 2.5  2.54 2.61 2.62
 2.65 2.66 2.7  2.72 2.98 3.   3.02 3.21 3.27 3.32 3.33 3.35 3.37 3.46
 3.79 3.82 4.02 4.86]
var: 0.9938906666666658
| [95m72       [0m | [95m2.084    [0m | [95m0.03262  [0m | [95m40.58    [0m | [95m0.05681  [0m |
[0.11 0.18 0.21 0.29 0.39 0.4  0.43 0.44 0.44 0.66 0.7  0.7  0.74 0.75
 0.78 0.79 0.82 0.94 0.95 0.97 1.   1.03 1.04 1.05 1.08 1.09 1.14 1.14
 1.21 1.21 1.25 1.28 1.29 1.3  1.31 1.32 1.35 1.35 1.36 1.36 1.36 1.4
 1.41 1.42 1.47 1.48 1.49 1.57 1.64 1.66 1.71 1.77 1.84 1.84 1.91 2.05
 2.23 2.38 2.54 2.99]
var: 0.33797497222222306
| [0m73       [0m | [0m1.2      [0m | [0m0.005969 [0m | [0m40.55    [0m | [0m0.01846  [0m |
[0.   0.   0.   0.   0.   0.   0.   0.   0.   0.   0.   0.   0.   0.
 0.   0.   0.01 0.01 0.01 0.02 0.02 0.02 0.02 0.02 0.02 0.02 0.02 0.03
 0.03 0.03 0.03 0.03 0.03 0.03 0.03 0.04 0.04 0.04 0.04 0.04 0.04 0.05
 0.05 0.05 0.05 0.06 0.06 0.06 0.06 0.06 0.07 0.07 0.07 0.07 0.08 0.08
 0.08 0.08 0.09 0.12]
var: 0.0008443333333333345
| [0m74       [0m | [0m0.033    [0m | [0m0.2757   [0m | [0m37.54    [0m | [0m0.002608 [0m |
[0.28 0.53 0.56 0.58 0.61 0.65 0.69 0.8  0.81 0.85 0.93 0.96 0.99 0.99
 1.01 1.02 1.03 1.07 1.07 1.1  1.14 1.19 1.24 1.25 1.27 1.3  1.36 1.39
 1.44 1.46 1.48 1.5  1.51 1.51 1.53 1.53 1.57 1.62 1.63 1.64 1.64 1.64
 1.66 1.73 1.76 1.83 1.89 1.9  1.9  1.99 2.17 2.19 2.23 2.56 2.84 3.03
 3.06 3.42 4.03 4.59]
var: 0.6708054166666674
| [0m75       [0m | [0m1.553    [0m | [0m0.03     [0m | [0m40.59    [0m | [0m0.1341   [0m |
[0.   0.   0.01 0.03 0.04 0.05 0.05 0.06 0.06 0.06 0.07 0.07 0.08 0.1
 0.12 0.13 0.14 0.2  0.2  0.25 0.26 0.28 0.29 0.29 0.29 0.31 0.34 0.34
 0.35 0.37 0.39 0.4  0.41 0.42 0.44 0.46 0.49 0.51 0.51 0.52 0.53 0.54
 0.59 0.6  0.61 0.62 0.62 0.62 0.65 0.66 0.73 0.77 0.81 0.84 0.94 0.96
 1.11 1.12 1.32 2.25]
var: 0.15088266666666647
| [0m76       [0m | [0m0.438    [0m | [0m0.1206   [0m | [0m33.19    [0m | [0m1.746    [0m |
[0.37 0.42 0.45 0.51 0.52 0.53 0.54 0.56 0.58 0.6  0.6  0.63 0.71 0.71
 0.71 0.72 0.72 0.83 0.85 0.88 0.9  1.02 1.06 1.08 1.08 1.11 1.17 1.21
 1.23 1.29 1.33 1.41 1.42 1.43 1.43 1.49 1.57 1.58 1.63 1.64 1.65 1.65
 1.66 1.71 1.72 1.73 1.78 1.78 1.79 1.83 1.86 1.86 1.87 1.95 2.15 2.17
 2.27 2.3  2.63 2.65]
var: 0.346283638888889
| [0m77       [0m | [0m1.292    [0m | [0m0.1098   [0m | [0m40.68    [0m | [0m0.07748  [0m |
[0.02 0.02 0.02 0.07 0.12 0.18 0.23 0.23 0.26 0.28 0.29 0.32 0.32 0.34
 0.38 0.4  0.43 0.44 0.45 0.46 0.48 0.52 0.53 0.54 0.55 0.55 0.56 0.58
 0.59 0.59 0.6  0.61 0.61 0.61 0.62 0.62 0.62 0.63 0.65 0.67 0.68 0.7
 0.71 0.73 0.75 0.79 0.79 0.87 0.88 0.9  0.93 0.94 0.95 1.08 1.22 1.37
 1.41 1.41 1.68 2.25]
var: 0.16348363888888862
| [0m78       [0m | [0m0.6338   [0m | [0m0.1573   [0m | [0m34.66    [0m | [0m0.4824   [0m |
[0.38 0.47 0.48 0.53 0.55 0.56 0.58 0.63 0.65 0.72 0.75 0.76 0.81 0.85
 0.92 0.95 1.02 1.03 1.08 1.1  1.12 1.14 1.15 1.21 1.35 1.36 1.36 1.4
 1.44 1.48 1.54 1.56 1.57 1.62 1.64 1.69 1.71 1.73 1.74 1.75 1.78 1.83
 1.83 1.84 1.88 1.89 1.9  1.94 1.97 2.   2.03 2.13 2.16 2.2  2.28 2.59
 2.72 2.92 3.64 3.99]
var: 0.5420472222222225
| [0m79       [0m | [0m1.498    [0m | [0m0.1432   [0m | [0m37.94    [0m | [0m0.07778  [0m |
[0.11 0.14 0.22 0.28 0.35 0.41 0.41 0.48 0.49 0.51 0.51 0.53 0.56 0.6
 0.61 0.7  0.71 0.72 0.72 0.73 0.76 0.77 0.88 0.89 0.89 0.96 1.   1.04
 1.05 1.07 1.11 1.17 1.18 1.23 1.24 1.26 1.29 1.3  1.35 1.4  1.49 1.56
 1.65 1.7  1.76 1.82 1.83 1.97 1.98 1.99 2.01 2.16 2.38 2.39 2.45 2.47
 2.74 2.89 3.37 3.65]
var: 0.6428183055555551
| [0m80       [0m | [0m1.265    [0m | [0m0.09427  [0m | [0m40.78    [0m | [0m0.2795   [0m |
=============================================================
None
num_trials:  40  inits,  40  iters,  60  per
rho:  2
pthin:  0.96

Best VPT: 2.0840000000000014
Best result: {'a': 0.032616581076042574, 'g': 40.58422273891397, 's': 0.056814085969905656}

KERNEL: nu=1.5, lengthscale=2.0, alpha=0.0005
