|   iter    |  target   |     a     |     g     |     s     |
-------------------------------------------------------------
[0.02 0.04 0.05 0.05 0.05 0.06 0.08 0.08 0.08 0.09 0.1  0.12 0.12 0.12
 0.15 0.17 0.17 0.21 0.21 0.22 0.23 0.24 0.25 0.27 0.28 0.29 0.3  0.31
 0.32 0.32 0.33 0.34 0.34 0.35 0.39 0.4  0.42 0.42 0.49 0.49 0.49 0.49
 0.51 0.51 0.53 0.53 0.58 0.59 0.6  0.62 0.64 0.64 0.64 0.66 0.72 0.74
 0.75 0.75 0.76 0.87]
var: 0.052161638888888744
| [0m1        [0m | [0m0.3598   [0m | [0m0.252    [0m | [0m40.5     [0m | [0m1.322    [0m |
[0.   0.04 0.04 0.07 0.07 0.08 0.08 0.09 0.1  0.1  0.11 0.11 0.12 0.14
 0.14 0.14 0.15 0.2  0.22 0.26 0.27 0.29 0.29 0.29 0.29 0.3  0.3  0.35
 0.35 0.38 0.41 0.42 0.45 0.48 0.48 0.49 0.52 0.6  0.65 0.67 0.68 0.69
 0.72 0.77 0.78 0.79 0.8  0.8  0.82 0.85 0.89 1.   1.05 1.06 1.13 1.23
 1.24 1.27 1.42 1.72]
var: 0.16162763888888937
| [95m2        [0m | [95m0.5042   [0m | [95m0.2989   [0m | [95m8.909    [0m | [95m1.664    [0m |
[0.57 0.61 0.64 0.78 0.95 1.08 1.17 1.18 1.21 1.21 1.21 1.22 1.26 1.28
 1.31 1.31 1.32 1.33 1.35 1.37 1.37 1.38 1.41 1.42 1.45 1.52 1.54 1.55
 1.55 1.64 1.69 1.71 1.75 1.82 1.85 1.86 1.94 1.94 1.94 1.96 1.99 2.02
 2.05 2.11 2.14 2.27 2.29 2.31 2.32 2.43 2.46 2.49 2.59 2.76 2.9  3.11
 3.16 3.25 3.49 4.51]
var: 0.5511783333333332
| [95m3        [0m | [95m1.805    [0m | [95m0.08198  [0m | [95m16.94    [0m | [95m0.1381   [0m |
[0.   0.01 0.02 0.02 0.03 0.05 0.09 0.1  0.1  0.11 0.17 0.17 0.17 0.18
 0.22 0.24 0.25 0.27 0.29 0.34 0.35 0.35 0.35 0.36 0.38 0.39 0.4  0.4
 0.42 0.43 0.43 0.47 0.49 0.5  0.52 0.55 0.57 0.6  0.6  0.62 0.63 0.64
 0.64 0.64 0.65 0.67 0.69 0.71 0.8  0.83 0.84 0.87 0.88 0.92 0.93 0.93
 0.97 1.13 1.23 1.45]
var: 0.10592455555555556
| [0m4        [0m | [0m0.4843   [0m | [0m0.007374 [0m | [0m11.07    [0m | [0m2.346    [0m |
[0.   0.   0.   0.   0.   0.   0.   0.02 0.03 0.04 0.06 0.06 0.08 0.09
 0.1  0.1  0.11 0.15 0.16 0.18 0.18 0.18 0.19 0.2  0.21 0.22 0.22 0.28
 0.28 0.3  0.3  0.31 0.34 0.36 0.37 0.38 0.39 0.41 0.43 0.43 0.44 0.44
 0.46 0.47 0.48 0.49 0.5  0.51 0.53 0.56 0.58 0.6  0.62 0.62 0.64 0.66
 0.75 0.82 0.87 0.91]
var: 0.05844941666666662
| [0m5        [0m | [0m0.3185   [0m | [0m0.2145   [0m | [0m32.51    [0m | [0m1.608    [0m |
[0.02 0.04 0.06 0.06 0.06 0.09 0.15 0.16 0.19 0.24 0.26 0.26 0.35 0.38
 0.38 0.4  0.42 0.43 0.46 0.5  0.52 0.6  0.61 0.63 0.66 0.7  0.9  0.91
 0.93 0.94 0.95 0.98 1.   1.   1.09 1.1  1.14 1.15 1.2  1.22 1.29 1.32
 1.32 1.32 1.49 1.49 1.52 1.61 1.63 1.82 2.06 2.18 2.23 2.24 2.64 2.71
 2.74 2.74 3.02 3.04]
var: 0.6797643055555558
| [0m6        [0m | [0m1.059    [0m | [0m0.1144   [0m | [0m16.69    [0m | [0m0.4127   [0m |
[0.01 0.02 0.02 0.02 0.03 0.05 0.05 0.15 0.16 0.18 0.18 0.19 0.19 0.21
 0.21 0.21 0.21 0.22 0.25 0.25 0.25 0.29 0.3  0.32 0.33 0.34 0.35 0.36
 0.37 0.37 0.38 0.38 0.39 0.41 0.42 0.42 0.44 0.45 0.45 0.48 0.48 0.52
 0.6  0.61 0.61 0.63 0.65 0.67 0.7  0.71 0.76 0.82 0.83 0.87 0.94 1.09
 1.37 1.41 1.45 1.6 ]
var: 0.13101808333333326
| [0m7        [0m | [0m0.4605   [0m | [0m0.1462   [0m | [0m3.083    [0m | [0m1.616    [0m |
[0.02 0.04 0.05 0.05 0.05 0.05 0.09 0.12 0.13 0.14 0.17 0.17 0.2  0.21
 0.21 0.24 0.25 0.26 0.29 0.3  0.3  0.31 0.31 0.32 0.32 0.32 0.33 0.34
 0.35 0.37 0.37 0.38 0.38 0.4  0.41 0.41 0.42 0.42 0.42 0.44 0.46 0.49
 0.5  0.5  0.5  0.53 0.54 0.54 0.63 0.66 0.66 0.69 0.71 0.73 0.76 0.86
 0.9  0.98 0.99 1.03]
var: 0.061606555555555394
| [0m8        [0m | [0m0.4003   [0m | [0m0.1348   [0m | [0m1.093    [0m | [0m2.253    [0m |
[0.   0.05 0.06 0.11 0.13 0.14 0.15 0.17 0.17 0.19 0.21 0.21 0.22 0.24
 0.26 0.26 0.28 0.35 0.36 0.37 0.37 0.4  0.42 0.43 0.46 0.46 0.47 0.47
 0.48 0.5  0.51 0.58 0.59 0.59 0.6  0.61 0.62 0.62 0.62 0.63 0.63 0.67
 0.67 0.69 0.71 0.71 0.73 0.73 0.74 0.76 0.78 0.84 0.85 0.86 0.87 0.96
 1.05 1.15 1.45 1.51]
var: 0.10015488888888896
| [0m9        [0m | [0m0.5287   [0m | [0m0.1096   [0m | [0m3.314    [0m | [0m1.006    [0m |
[0.   0.   0.02 0.02 0.03 0.05 0.05 0.08 0.08 0.12 0.14 0.14 0.15 0.23
 0.27 0.28 0.29 0.29 0.32 0.36 0.37 0.38 0.44 0.45 0.45 0.46 0.49 0.5
 0.53 0.53 0.54 0.56 0.58 0.6  0.66 0.66 0.67 0.68 0.68 0.69 0.71 0.71
 0.73 0.73 0.81 0.82 0.82 0.87 0.91 0.91 0.92 1.1  1.1  1.13 1.14 1.17
 1.26 1.34 1.35 2.9 ]
var: 0.2241436388888889
| [0m10       [0m | [0m0.5878   [0m | [0m0.2561   [0m | [0m20.29    [0m | [0m1.184    [0m |
[0.   0.02 0.03 0.05 0.06 0.06 0.07 0.07 0.07 0.1  0.13 0.14 0.14 0.17
 0.18 0.19 0.21 0.29 0.29 0.32 0.33 0.33 0.34 0.34 0.34 0.36 0.36 0.37
 0.37 0.39 0.4  0.41 0.43 0.43 0.45 0.45 0.45 0.51 0.56 0.6  0.62 0.63
 0.66 0.66 0.72 0.75 0.75 0.76 0.77 0.8  0.81 0.95 0.97 1.02 1.03 1.08
 1.16 1.18 2.11 2.91]
var: 0.23920763888888905
| [0m11       [0m | [0m0.5192   [0m | [0m0.0747   [0m | [0m17.53    [0m | [0m1.988    [0m |
[0.05 0.06 0.06 0.07 0.08 0.09 0.16 0.2  0.23 0.23 0.24 0.24 0.27 0.28
 0.32 0.34 0.37 0.39 0.4  0.41 0.42 0.44 0.44 0.45 0.46 0.52 0.52 0.58
 0.59 0.6  0.61 0.65 0.65 0.66 0.67 0.68 0.68 0.68 0.7  0.71 0.71 0.73
 0.73 0.75 0.78 0.81 0.84 0.84 0.89 0.89 0.9  0.9  0.91 0.99 1.01 1.01
 1.1  1.25 1.25 1.27]
var: 0.100316222222222
| [0m12       [0m | [0m0.5793   [0m | [0m0.174    [0m | [0m8.864    [0m | [0m1.899    [0m |
[0.31 0.36 0.48 0.49 0.51 0.54 0.54 0.56 0.58 0.58 0.59 0.59 0.6  0.62
 0.63 0.64 0.66 0.68 0.69 0.7  0.7  0.71 0.72 0.73 0.82 0.86 0.93 0.93
 1.   1.04 1.11 1.13 1.16 1.18 1.19 1.2  1.2  1.22 1.22 1.25 1.27 1.27
 1.35 1.4  1.48 1.5  1.57 1.69 1.74 1.77 1.82 1.92 1.97 2.02 2.23 2.32
 2.41 2.63 3.39 4.33]
var: 0.55744475
| [0m13       [0m | [0m1.196    [0m | [0m0.1599   [0m | [0m33.42    [0m | [0m0.2464   [0m |
[0.   0.   0.01 0.01 0.01 0.01 0.02 0.02 0.03 0.03 0.03 0.04 0.04 0.05
 0.07 0.1  0.1  0.1  0.11 0.13 0.13 0.14 0.15 0.16 0.17 0.19 0.22 0.22
 0.23 0.23 0.23 0.23 0.27 0.28 0.3  0.31 0.31 0.33 0.35 0.35 0.35 0.36
 0.36 0.39 0.4  0.41 0.42 0.43 0.43 0.45 0.47 0.49 0.5  0.53 0.54 0.66
 0.69 0.86 0.94 1.87]
var: 0.0879945555555553
| [0m14       [0m | [0m0.2877   [0m | [0m0.06149  [0m | [0m41.88    [0m | [0m2.213    [0m |
[0.07 0.07 0.08 0.13 0.14 0.15 0.17 0.18 0.18 0.18 0.22 0.24 0.29 0.29
 0.3  0.31 0.4  0.41 0.5  0.51 0.52 0.53 0.54 0.54 0.57 0.59 0.61 0.61
 0.62 0.66 0.66 0.67 0.69 0.7  0.7  0.81 0.83 0.86 0.88 0.94 0.94 0.97
 1.01 1.02 1.03 1.09 1.09 1.1  1.11 1.16 1.16 1.2  1.24 1.33 1.33 1.34
 1.58 1.77 2.21 2.3 ]
var: 0.24620030555555597
| [0m15       [0m | [0m0.7388   [0m | [0m0.07618  [0m | [0m8.778    [0m | [0m1.248    [0m |
[0.02 0.07 0.07 0.16 0.16 0.22 0.22 0.24 0.24 0.25 0.26 0.28 0.28 0.29
 0.33 0.34 0.36 0.38 0.44 0.46 0.48 0.49 0.5  0.53 0.55 0.55 0.59 0.59
 0.6  0.6  0.61 0.63 0.65 0.66 0.67 0.67 0.72 0.73 0.75 0.79 0.8  0.85
 0.85 0.85 0.86 0.88 0.89 0.89 0.97 1.11 1.12 1.13 1.17 1.21 1.29 1.31
 1.41 2.04 2.86 3.6 ]
var: 0.3646582222222221
| [0m16       [0m | [0m0.7253   [0m | [0m0.08757  [0m | [0m24.92    [0m | [0m0.7421   [0m |
[0.   0.02 0.02 0.03 0.07 0.07 0.08 0.08 0.11 0.11 0.11 0.13 0.16 0.16
 0.17 0.19 0.2  0.2  0.21 0.22 0.23 0.25 0.26 0.27 0.28 0.29 0.29 0.34
 0.35 0.35 0.39 0.39 0.4  0.48 0.48 0.49 0.5  0.51 0.51 0.52 0.54 0.54
 0.57 0.58 0.58 0.6  0.6  0.61 0.63 0.63 0.7  0.78 0.87 0.89 0.9  0.93
 0.99 1.01 1.34 1.87]
var: 0.11967822222222199
| [0m17       [0m | [0m0.4347   [0m | [0m0.2113   [0m | [0m20.71    [0m | [0m2.06     [0m |
[0.   0.   0.   0.01 0.03 0.03 0.03 0.04 0.04 0.04 0.04 0.05 0.05 0.06
 0.06 0.06 0.08 0.08 0.08 0.1  0.11 0.11 0.11 0.11 0.12 0.13 0.14 0.14
 0.15 0.16 0.16 0.17 0.17 0.18 0.19 0.19 0.24 0.28 0.28 0.28 0.28 0.29
 0.31 0.31 0.35 0.36 0.36 0.37 0.38 0.39 0.39 0.42 0.42 0.44 0.48 0.5
 0.55 0.58 0.62 0.62]
var: 0.029362666666666645
| [0m18       [0m | [0m0.212    [0m | [0m0.02915  [0m | [0m34.73    [0m | [0m2.925    [0m |
[0.   0.04 0.04 0.05 0.09 0.12 0.13 0.16 0.18 0.21 0.25 0.27 0.3  0.36
 0.39 0.43 0.43 0.48 0.48 0.49 0.51 0.51 0.52 0.52 0.54 0.58 0.6  0.6
 0.62 0.66 0.68 0.71 0.72 0.76 0.76 0.77 0.81 0.83 0.95 0.95 0.96 1.
 1.05 1.06 1.09 1.18 1.22 1.28 1.3  1.31 1.41 1.46 1.53 1.56 1.58 1.87
 1.92 2.07 2.18 2.2 ]
var: 0.31800141666666665
| [0m19       [0m | [0m0.7955   [0m | [0m0.006522 [0m | [0m7.083    [0m | [0m1.788    [0m |
[0.02 0.03 0.07 0.09 0.13 0.15 0.16 0.17 0.18 0.19 0.21 0.22 0.27 0.3
 0.33 0.36 0.38 0.41 0.41 0.45 0.53 0.59 0.59 0.61 0.61 0.61 0.63 0.63
 0.65 0.66 0.68 0.69 0.71 0.71 0.74 0.81 0.85 0.86 0.88 0.9  0.95 0.96
 0.97 1.02 1.03 1.05 1.08 1.09 1.12 1.18 1.22 1.34 1.35 1.56 1.64 1.7
 1.87 2.1  2.17 2.47]
var: 0.3052078888888886
| [0m20       [0m | [0m0.7723   [0m | [0m0.1004   [0m | [0m11.49    [0m | [0m0.5284   [0m |
[0.   0.   0.03 0.08 0.1  0.13 0.13 0.15 0.17 0.19 0.21 0.23 0.25 0.27
 0.28 0.29 0.29 0.29 0.3  0.3  0.31 0.31 0.33 0.36 0.37 0.39 0.39 0.46
 0.53 0.53 0.53 0.54 0.56 0.57 0.57 0.61 0.61 0.61 0.63 0.65 0.68 0.68
 0.72 0.75 0.76 0.78 0.84 0.87 0.96 0.97 1.01 1.04 1.05 1.06 1.11 1.27
 1.72 2.27 2.74 3.51]
var: 0.38546233333333313
| [0m21       [0m | [0m0.639    [0m | [0m0.02271  [0m | [0m48.95    [0m | [0m0.7576   [0m |
[0.02 0.02 0.03 0.05 0.12 0.12 0.12 0.15 0.15 0.18 0.2  0.22 0.24 0.25
 0.28 0.29 0.41 0.43 0.45 0.45 0.46 0.51 0.56 0.58 0.59 0.6  0.61 0.63
 0.66 0.7  0.79 0.8  0.81 0.81 0.85 0.86 0.88 0.92 0.93 0.97 0.98 1.
 1.06 1.08 1.12 1.16 1.17 1.18 1.19 1.23 1.27 1.28 1.28 1.46 1.57 1.68
 1.7  1.76 1.87 1.9 ]
var: 0.25783622222222197
| [0m22       [0m | [0m0.7607   [0m | [0m0.06683  [0m | [0m34.84    [0m | [0m0.5073   [0m |
[0.   0.   0.01 0.03 0.03 0.04 0.04 0.05 0.06 0.06 0.07 0.08 0.12 0.13
 0.14 0.15 0.15 0.17 0.2  0.22 0.23 0.25 0.25 0.25 0.36 0.37 0.38 0.4
 0.43 0.47 0.52 0.53 0.58 0.58 0.59 0.59 0.66 0.67 0.7  0.72 0.73 0.75
 0.75 0.81 0.82 0.82 0.84 0.85 0.89 0.94 0.99 1.09 1.1  1.11 1.23 1.24
 1.36 1.5  1.88 2.34]
var: 0.2383148888888894
| [0m23       [0m | [0m0.5553   [0m | [0m0.2722   [0m | [0m22.04    [0m | [0m1.229    [0m |
[0.   0.   0.   0.01 0.01 0.02 0.02 0.02 0.06 0.06 0.06 0.07 0.09 0.11
 0.14 0.14 0.15 0.18 0.19 0.22 0.23 0.24 0.24 0.3  0.3  0.3  0.33 0.34
 0.36 0.36 0.36 0.37 0.37 0.4  0.4  0.4  0.41 0.41 0.42 0.44 0.49 0.49
 0.61 0.61 0.62 0.64 0.65 0.68 0.68 0.71 0.71 0.72 0.73 0.76 0.8  0.9
 1.04 1.29 1.34 1.38]
var: 0.11198988888888882
| [0m24       [0m | [0m0.4063   [0m | [0m0.00854  [0m | [0m35.12    [0m | [0m1.788    [0m |
[0.03 0.4  0.42 0.43 0.51 0.54 0.54 0.62 0.64 0.69 0.7  0.73 0.74 0.74
 0.76 0.76 0.81 0.81 0.81 0.86 0.9  0.9  0.91 0.96 0.96 1.07 1.1  1.1
 1.13 1.13 1.14 1.16 1.17 1.19 1.21 1.22 1.33 1.34 1.36 1.4  1.42 1.42
 1.43 1.53 1.55 1.56 1.59 1.6  1.63 1.71 1.78 1.79 2.   2.11 2.29 2.77
 2.83 2.87 3.22 4.45]
var: 0.5773080833333333
| [0m25       [0m | [0m1.28     [0m | [0m0.0956   [0m | [0m12.24    [0m | [0m0.2777   [0m |
[0.   0.   0.   0.   0.   0.02 0.03 0.08 0.08 0.09 0.09 0.09 0.1  0.1
 0.11 0.11 0.12 0.12 0.13 0.14 0.15 0.17 0.17 0.18 0.19 0.19 0.19 0.19
 0.2  0.22 0.22 0.25 0.25 0.27 0.29 0.31 0.35 0.35 0.36 0.4  0.41 0.43
 0.43 0.46 0.46 0.47 0.49 0.52 0.52 0.54 0.56 0.57 0.58 0.65 0.7  0.82
 0.86 0.87 1.01 1.14]
var: 0.06990555555555548
| [0m26       [0m | [0m0.3133   [0m | [0m0.2742   [0m | [0m0.4693   [0m | [0m0.7881   [0m |
[0.01 0.07 0.09 0.1  0.11 0.13 0.18 0.19 0.2  0.2  0.22 0.24 0.26 0.28
 0.29 0.33 0.34 0.36 0.38 0.41 0.41 0.42 0.44 0.48 0.49 0.52 0.53 0.58
 0.58 0.59 0.6  0.62 0.63 0.66 0.67 0.67 0.68 0.7  0.7  0.71 0.73 0.82
 0.87 0.87 0.87 0.91 0.93 0.95 1.09 1.12 1.14 1.31 1.37 1.4  1.47 1.68
 1.69 1.96 2.   2.31]
var: 0.26336288888888865
| [0m27       [0m | [0m0.6927   [0m | [0m0.04982  [0m | [0m38.19    [0m | [0m0.6743   [0m |
[0.   0.   0.   0.01 0.01 0.01 0.02 0.03 0.04 0.05 0.05 0.05 0.07 0.07
 0.08 0.09 0.11 0.11 0.11 0.13 0.15 0.16 0.16 0.17 0.17 0.17 0.18 0.19
 0.19 0.19 0.22 0.23 0.25 0.29 0.32 0.34 0.34 0.35 0.36 0.37 0.38 0.39
 0.42 0.45 0.45 0.45 0.46 0.5  0.51 0.58 0.61 0.61 0.62 0.66 0.67 0.73
 0.75 0.8  0.89 1.01]
var: 0.06316988888888893
| [0m28       [0m | [0m0.2963   [0m | [0m0.06127  [0m | [0m42.2     [0m | [0m1.858    [0m |
[0.   0.   0.01 0.03 0.05 0.05 0.05 0.06 0.1  0.11 0.13 0.13 0.15 0.17
 0.17 0.18 0.18 0.19 0.21 0.22 0.26 0.26 0.29 0.3  0.33 0.34 0.34 0.34
 0.35 0.38 0.45 0.48 0.51 0.55 0.59 0.61 0.61 0.62 0.63 0.66 0.67 0.74
 0.74 0.77 0.79 0.79 0.81 0.92 0.97 1.07 1.13 1.15 1.17 1.22 1.23 1.43
 1.52 1.62 1.81 2.  ]
var: 0.23360622222222213
| [0m29       [0m | [0m0.5607   [0m | [0m0.07965  [0m | [0m17.81    [0m | [0m1.013    [0m |
[0.   0.   0.01 0.03 0.04 0.05 0.06 0.07 0.09 0.09 0.12 0.12 0.12 0.13
 0.14 0.15 0.16 0.17 0.17 0.18 0.18 0.21 0.23 0.26 0.28 0.3  0.3  0.3
 0.33 0.33 0.34 0.35 0.37 0.38 0.38 0.39 0.41 0.42 0.42 0.45 0.47 0.47
 0.49 0.51 0.52 0.53 0.54 0.6  0.61 0.72 0.75 0.77 0.91 1.01 1.02 1.04
 1.09 1.1  1.16 1.37]
var: 0.10938608333333337
| [0m30       [0m | [0m0.4035   [0m | [0m0.153    [0m | [0m34.52    [0m | [0m1.524    [0m |
[0.01 0.02 0.02 0.03 0.04 0.07 0.11 0.13 0.14 0.18 0.21 0.24 0.25 0.25
 0.26 0.26 0.26 0.27 0.27 0.28 0.31 0.32 0.32 0.38 0.38 0.41 0.42 0.45
 0.45 0.53 0.55 0.55 0.55 0.55 0.56 0.59 0.61 0.62 0.65 0.67 0.68 0.7
 0.7  0.72 0.76 0.78 0.81 0.82 0.83 0.85 0.91 1.03 1.13 1.14 1.25 1.33
 1.44 1.82 1.83 2.12]
var: 0.20947322222222178
| [0m31       [0m | [0m0.5803   [0m | [0m0.2092   [0m | [0m28.63    [0m | [0m0.6105   [0m |
[0.   0.   0.   0.02 0.02 0.02 0.02 0.03 0.05 0.06 0.06 0.06 0.07 0.07
 0.07 0.08 0.08 0.09 0.1  0.1  0.1  0.12 0.13 0.14 0.14 0.14 0.15 0.17
 0.17 0.18 0.21 0.21 0.24 0.24 0.25 0.26 0.26 0.27 0.28 0.3  0.32 0.34
 0.35 0.37 0.37 0.41 0.42 0.42 0.43 0.43 0.47 0.49 0.51 0.6  0.65 0.7
 0.73 0.77 0.86 0.96]
var: 0.05294955555555552
| [0m32       [0m | [0m0.2593   [0m | [0m0.1542   [0m | [0m37.66    [0m | [0m2.271    [0m |
[0.   0.   0.03 0.03 0.05 0.05 0.06 0.08 0.14 0.15 0.16 0.16 0.19 0.2
 0.23 0.25 0.27 0.29 0.3  0.32 0.36 0.38 0.38 0.38 0.4  0.42 0.44 0.46
 0.5  0.53 0.53 0.55 0.55 0.56 0.57 0.58 0.72 0.8  0.85 0.85 0.85 0.91
 1.01 1.01 1.07 1.08 1.08 1.13 1.13 1.17 1.23 1.24 1.27 1.38 1.4  1.44
 1.58 1.66 1.83 2.08]
var: 0.26171155555555514
| [0m33       [0m | [0m0.6553   [0m | [0m0.2965   [0m | [0m19.21    [0m | [0m0.7738   [0m |
[0.43 0.51 0.56 0.57 0.59 0.62 0.63 0.65 0.67 0.69 0.75 0.78 0.79 0.8
 0.82 0.82 0.83 0.88 0.9  0.9  0.92 0.93 0.93 0.99 1.07 1.13 1.13 1.15
 1.19 1.21 1.24 1.25 1.25 1.44 1.45 1.46 1.54 1.61 1.68 1.68 1.7  1.75
 1.81 1.84 1.84 1.88 1.9  1.95 2.03 2.05 2.09 2.14 2.16 2.53 2.55 2.61
 2.69 3.09 3.3  3.31]
var: 0.5205656666666676
| [0m34       [0m | [0m1.411    [0m | [0m0.1533   [0m | [0m18.68    [0m | [0m0.2015   [0m |
[0.   0.   0.   0.   0.03 0.04 0.06 0.09 0.1  0.1  0.11 0.13 0.14 0.18
 0.19 0.2  0.2  0.21 0.21 0.22 0.23 0.24 0.26 0.29 0.3  0.32 0.32 0.33
 0.33 0.34 0.36 0.39 0.42 0.42 0.48 0.5  0.5  0.51 0.51 0.53 0.53 0.6
 0.63 0.64 0.65 0.66 0.66 0.67 0.69 0.7  0.77 0.78 0.79 0.81 0.86 0.88
 0.96 1.01 1.01 1.03]
var: 0.08469488888888886
| [0m35       [0m | [0m0.4187   [0m | [0m0.2563   [0m | [0m40.73    [0m | [0m1.4      [0m |
[0.   0.   0.04 0.05 0.06 0.07 0.09 0.11 0.12 0.13 0.16 0.16 0.17 0.17
 0.17 0.19 0.21 0.25 0.25 0.26 0.29 0.3  0.33 0.41 0.41 0.49 0.5  0.52
 0.52 0.53 0.55 0.56 0.59 0.63 0.65 0.66 0.7  0.77 0.78 0.84 0.85 0.85
 0.87 0.88 0.96 0.97 1.11 1.13 1.18 1.18 1.21 1.33 1.37 1.38 1.51 1.52
 1.57 1.59 1.87 2.88]
var: 0.3168349999999998
| [0m36       [0m | [0m0.665    [0m | [0m0.08302  [0m | [0m21.7     [0m | [0m0.7377   [0m |
[0.   0.02 0.02 0.02 0.03 0.05 0.06 0.09 0.12 0.13 0.14 0.14 0.15 0.15
 0.16 0.17 0.18 0.18 0.23 0.29 0.33 0.36 0.42 0.43 0.45 0.47 0.5  0.51
 0.52 0.52 0.56 0.62 0.66 0.66 0.67 0.69 0.69 0.71 0.76 0.77 0.77 0.77
 0.84 0.87 0.87 1.01 1.02 1.02 1.03 1.04 1.05 1.14 1.14 1.28 1.28 1.28
 1.34 1.71 1.75 1.82]
var: 0.21779899999999988
| [0m37       [0m | [0m0.611    [0m | [0m0.01861  [0m | [0m26.04    [0m | [0m1.366    [0m |
[0.02 0.31 0.35 0.36 0.41 0.5  0.51 0.53 0.54 0.56 0.58 0.61 0.65 0.67
 0.68 0.7  0.71 0.73 0.78 0.79 0.79 0.83 0.84 0.84 0.84 0.88 0.89 0.93
 0.96 0.96 0.97 0.98 1.   1.02 1.03 1.06 1.09 1.11 1.15 1.16 1.18 1.19
 1.25 1.34 1.39 1.48 1.49 1.49 1.53 1.68 1.7  1.72 1.85 1.97 1.97 2.07
 2.16 2.29 2.33 3.82]
var: 0.39483322222222195
| [0m38       [0m | [0m1.104    [0m | [0m0.1951   [0m | [0m15.62    [0m | [0m0.2808   [0m |
[0.   0.02 0.03 0.06 0.07 0.1  0.1  0.1  0.11 0.12 0.15 0.16 0.21 0.22
 0.23 0.26 0.28 0.28 0.29 0.3  0.3  0.31 0.34 0.37 0.38 0.39 0.43 0.43
 0.44 0.48 0.51 0.52 0.55 0.56 0.57 0.6  0.63 0.66 0.68 0.7  0.72 0.74
 0.74 0.76 0.77 0.79 0.82 0.84 0.86 0.88 0.91 0.96 1.07 1.12 1.14 1.18
 1.26 1.31 1.31 1.9 ]
var: 0.15670988888888876
| [0m39       [0m | [0m0.5503   [0m | [0m0.2353   [0m | [0m10.28    [0m | [0m0.6292   [0m |
[0.   0.01 0.01 0.02 0.02 0.04 0.07 0.07 0.08 0.09 0.1  0.1  0.1  0.12
 0.14 0.15 0.15 0.17 0.17 0.2  0.21 0.21 0.22 0.23 0.25 0.31 0.31 0.32
 0.36 0.36 0.37 0.37 0.38 0.38 0.38 0.39 0.39 0.4  0.44 0.46 0.46 0.5
 0.5  0.52 0.53 0.54 0.55 0.55 0.55 0.57 0.57 0.59 0.6  0.62 0.68 0.72
 0.77 0.85 0.92 1.38]
var: 0.06914488888888909
| [0m40       [0m | [0m0.3587   [0m | [0m0.2311   [0m | [0m20.43    [0m | [0m2.654    [0m |
[0.17 0.23 0.24 0.39 0.46 0.47 0.49 0.54 0.55 0.55 0.58 0.59 0.59 0.64
 0.66 0.68 0.68 0.68 0.7  0.72 0.79 0.82 0.85 1.01 1.03 1.04 1.06 1.1
 1.11 1.12 1.13 1.13 1.14 1.21 1.31 1.36 1.41 1.42 1.44 1.49 1.51 1.55
 1.55 1.65 1.66 1.74 1.75 1.91 1.93 1.97 2.02 2.06 2.21 2.22 2.39 2.44
 2.54 2.69 2.86 3.96]
var: 0.5637816388888882
| [0m41       [0m | [0m1.27     [0m | [0m0.1827   [0m | [0m15.65    [0m | [0m0.2593   [0m |
[0.   0.   0.   0.   0.01 0.01 0.01 0.02 0.03 0.03 0.04 0.07 0.08 0.09
 0.12 0.14 0.14 0.18 0.18 0.18 0.18 0.19 0.2  0.21 0.24 0.25 0.27 0.27
 0.28 0.29 0.3  0.32 0.32 0.34 0.35 0.36 0.36 0.36 0.36 0.37 0.37 0.37
 0.42 0.43 0.44 0.46 0.48 0.49 0.5  0.5  0.52 0.53 0.53 0.62 0.65 0.68
 0.69 0.83 0.92 0.95]
var: 0.05411697222222227
| [0m42       [0m | [0m0.3088   [0m | [0m0.2098   [0m | [0m40.89    [0m | [0m1.924    [0m |
[0.39 0.55 0.59 0.62 0.74 0.83 1.01 1.07 1.15 1.22 1.26 1.31 1.36 1.41
 1.42 1.44 1.44 1.54 1.61 1.62 1.65 1.74 1.77 1.79 1.82 1.87 1.88 1.93
 1.97 1.97 1.99 2.   2.01 2.07 2.13 2.13 2.16 2.26 2.27 2.28 2.29 2.29
 2.35 2.42 2.47 2.57 2.57 3.08 3.17 3.17 3.2  3.2  3.21 3.45 3.54 3.81
 4.04 4.08 4.93 6.27]
var: 1.1680865555555564
| [95m43       [0m | [95m2.14     [0m | [95m0.009034 [0m | [95m17.04    [0m | [95m0.2457   [0m |
[0.02 0.02 0.02 0.05 0.07 0.08 0.08 0.09 0.09 0.09 0.1  0.1  0.12 0.12
 0.13 0.14 0.15 0.17 0.17 0.19 0.2  0.23 0.24 0.27 0.27 0.27 0.29 0.3
 0.31 0.31 0.34 0.37 0.37 0.39 0.4  0.4  0.4  0.41 0.42 0.42 0.43 0.45
 0.46 0.47 0.48 0.49 0.5  0.51 0.52 0.53 0.56 0.56 0.56 0.59 0.66 0.68
 0.68 0.76 1.07 1.59]
var: 0.07190955555555555
| [0m44       [0m | [0m0.3527   [0m | [0m0.2185   [0m | [0m0.9609   [0m | [0m1.538    [0m |
[0.01 0.02 0.04 0.07 0.13 0.18 0.25 0.25 0.28 0.41 0.45 0.48 0.55 0.57
 0.57 0.59 0.6  0.7  0.71 0.72 0.75 0.76 0.79 0.79 0.86 0.88 1.02 1.06
 1.09 1.12 1.14 1.25 1.27 1.28 1.32 1.4  1.46 1.58 1.66 1.79 1.94 1.96
 2.04 2.22 2.43 2.68 2.73 2.73 3.   3.15 3.28 3.32 3.76 3.9  3.95 4.21
 4.79 5.12 5.59 7.02]
var: 2.363186972222222
| [0m45       [0m | [0m1.678    [0m | [0m1e-08    [0m | [0m17.18    [0m | [0m0.1728   [0m |
[0.06 0.08 0.25 0.39 0.39 0.5  0.58 0.58 0.61 0.63 0.65 0.73 0.8  0.84
 0.92 0.94 0.99 0.99 1.01 1.07 1.13 1.18 1.18 1.19 1.22 1.23 1.24 1.24
 1.32 1.32 1.34 1.39 1.41 1.75 1.76 1.76 1.94 1.95 1.97 1.98 1.98 1.98
 2.01 2.06 2.07 2.11 2.2  2.25 2.3  2.42 2.43 2.44 2.54 2.6  2.74 2.87
 2.96 3.7  3.9  4.25]
var: 0.8297126666666667
| [0m46       [0m | [0m1.572    [0m | [0m0.01925  [0m | [0m17.06    [0m | [0m0.4097   [0m |
[0.13 0.38 0.39 0.42 0.44 0.46 0.51 0.52 0.53 0.54 0.56 0.58 0.65 0.68
 0.68 0.72 0.77 0.79 0.81 0.83 0.85 0.86 0.88 0.89 0.92 0.94 0.95 0.96
 1.02 1.06 1.07 1.09 1.11 1.15 1.15 1.18 1.18 1.2  1.24 1.28 1.29 1.3
 1.31 1.41 1.44 1.44 1.44 1.47 1.48 1.59 1.68 1.73 1.77 1.85 2.05 2.12
 2.15 2.19 2.67 6.35]
var: 0.7212650000000004
| [0m47       [0m | [0m1.185    [0m | [0m0.1896   [0m | [0m17.01    [0m | [0m0.264    [0m |
[0.25 0.6  0.6  0.67 0.69 0.72 0.74 0.75 0.76 0.76 0.84 0.84 0.89 0.89
 0.92 0.92 1.04 1.12 1.16 1.18 1.19 1.19 1.33 1.39 1.4  1.42 1.44 1.46
 1.47 1.48 1.48 1.51 1.56 1.57 1.65 1.65 1.71 1.71 1.87 1.93 1.94 2.
 2.05 2.08 2.11 2.13 2.21 2.29 2.35 2.37 2.44 2.46 2.5  2.54 2.62 2.83
 3.09 3.4  3.54 5.43]
var: 0.7779669722222218
| [0m48       [0m | [0m1.652    [0m | [0m0.01466  [0m | [0m16.84    [0m | [0m0.1666   [0m |
[0.   0.   0.   0.   0.02 0.03 0.04 0.04 0.06 0.07 0.08 0.09 0.09 0.1
 0.13 0.14 0.15 0.17 0.18 0.18 0.19 0.2  0.2  0.21 0.22 0.23 0.27 0.29
 0.3  0.31 0.32 0.34 0.34 0.36 0.36 0.37 0.39 0.39 0.42 0.43 0.44 0.46
 0.49 0.51 0.54 0.54 0.55 0.56 0.58 0.59 0.64 0.69 0.75 0.83 0.87 0.89
 0.92 1.07 1.32 1.35]
var: 0.09902388888888874
| [0m49       [0m | [0m0.3717   [0m | [0m0.2713   [0m | [0m30.72    [0m | [0m2.047    [0m |
[0.33 0.54 0.57 0.6  0.6  0.6  0.61 0.65 0.7  0.72 0.72 0.75 0.75 0.76
 0.77 0.78 0.85 0.89 0.89 0.91 1.   1.01 1.01 1.09 1.11 1.12 1.17 1.18
 1.2  1.21 1.28 1.29 1.29 1.32 1.33 1.34 1.37 1.42 1.42 1.44 1.45 1.45
 1.47 1.49 1.5  1.53 1.55 1.6  1.61 1.62 1.75 1.76 1.79 2.03 2.25 2.28
 2.82 3.31 3.65 4.16]
var: 0.5279845555555559
| [0m50       [0m | [0m1.328    [0m | [0m0.07831  [0m | [0m12.22    [0m | [0m0.279    [0m |
[0.14 0.46 0.5  0.58 0.9  0.93 0.98 1.17 1.21 1.25 1.27 1.41 1.43 1.45
 1.46 1.51 1.53 1.55 1.55 1.55 1.55 1.58 1.63 1.72 1.73 1.75 1.77 1.78
 1.85 1.88 1.89 1.89 1.95 2.01 2.05 2.08 2.09 2.13 2.17 2.18 2.24 2.27
 2.31 2.31 2.39 2.46 2.58 2.58 2.63 2.79 2.8  2.94 2.98 3.1  3.28 3.34
 3.41 3.46 3.47 4.26]
var: 0.6677260833333333
| [0m51       [0m | [0m1.969    [0m | [0m0.06976  [0m | [0m15.97    [0m | [0m0.08562  [0m |
[0.06 0.08 0.08 0.12 0.15 0.16 0.18 0.23 0.24 0.3  0.33 0.33 0.37 0.39
 0.41 0.41 0.44 0.56 0.63 0.63 0.65 0.66 0.68 0.71 0.73 0.73 0.74 0.76
 0.78 0.9  0.91 0.94 0.98 0.99 1.01 1.05 1.08 1.12 1.13 1.2  1.31 1.43
 1.44 1.57 1.6  1.7  1.95 2.08 2.16 2.23 2.34 2.47 2.5  2.57 2.7  3.02
 3.04 3.05 3.1  3.53]
var: 0.8491195555555563
| [0m52       [0m | [0m1.161    [0m | [0m0.00672  [0m | [0m19.73    [0m | [0m0.7153   [0m |
[0.11 0.22 0.23 0.24 0.46 0.47 0.53 0.61 0.67 0.67 0.68 0.7  0.7  0.75
 0.76 0.8  0.82 0.83 0.88 0.89 0.89 0.93 0.94 0.95 0.98 1.04 1.05 1.06
 1.07 1.08 1.12 1.14 1.15 1.18 1.23 1.28 1.28 1.29 1.3  1.31 1.33 1.33
 1.47 1.49 1.57 1.63 1.66 1.72 1.75 1.93 2.05 2.06 2.15 2.31 2.4  2.61
 2.7  2.76 3.86 5.55]
var: 0.7927665555555558
| [0m53       [0m | [0m1.31     [0m | [0m0.0609   [0m | [0m16.08    [0m | [0m0.3157   [0m |
[0.   0.09 0.1  0.11 0.13 0.14 0.15 0.19 0.21 0.26 0.27 0.27 0.28 0.29
 0.3  0.3  0.31 0.36 0.38 0.39 0.41 0.43 0.49 0.49 0.5  0.51 0.51 0.51
 0.52 0.52 0.52 0.54 0.54 0.55 0.56 0.56 0.57 0.59 0.59 0.6  0.62 0.65
 0.67 0.67 0.7  0.71 0.71 0.89 0.93 1.02 1.02 1.1  1.11 1.12 1.13 1.13
 1.2  1.57 1.62 2.11]
var: 0.1620548888888887
| [0m54       [0m | [0m0.5953   [0m | [0m1e-08    [0m | [0m15.81    [0m | [0m0.001    [0m |
[0.41 0.48 0.52 0.52 0.54 0.56 0.57 0.57 0.59 0.59 0.79 0.81 0.85 0.86
 0.9  0.9  0.92 0.98 1.02 1.03 1.09 1.1  1.14 1.18 1.22 1.29 1.35 1.43
 1.44 1.51 1.55 1.58 1.62 1.64 1.71 1.74 1.74 1.76 1.81 1.88 1.88 1.92
 1.93 1.93 1.94 2.07 2.08 2.12 2.15 2.2  2.22 2.33 2.35 2.38 2.38 2.53
 2.77 2.91 3.17 3.48]
var: 0.5305447499999999
| [0m55       [0m | [0m1.516    [0m | [0m0.2221   [0m | [0m15.91    [0m | [0m0.1807   [0m |
[0.4  0.45 0.56 0.58 0.71 0.86 1.01 1.02 1.02 1.05 1.13 1.15 1.18 1.2
 1.21 1.22 1.24 1.25 1.29 1.35 1.39 1.41 1.42 1.47 1.48 1.49 1.51 1.54
 1.58 1.62 1.63 1.65 1.68 1.68 1.75 1.75 1.81 1.83 1.84 1.86 1.91 1.92
 1.93 1.94 1.94 1.99 2.11 2.14 2.19 2.22 2.24 2.27 2.3  2.35 2.39 2.54
 2.63 2.66 2.76 3.3 ]
var: 0.3535588888888891
| [0m56       [0m | [0m1.633    [0m | [0m0.08001  [0m | [0m16.14    [0m | [0m0.1486   [0m |
[0.56 0.6  0.62 0.69 0.76 0.81 0.82 0.83 0.85 0.86 0.87 0.88 0.89 0.91
 0.91 0.92 0.93 0.93 0.94 0.95 0.96 1.01 1.01 1.04 1.08 1.16 1.21 1.21
 1.23 1.24 1.25 1.28 1.36 1.4  1.41 1.43 1.46 1.47 1.57 1.61 1.61 1.66
 1.66 1.69 1.7  1.74 1.79 1.83 1.9  1.94 1.94 2.02 2.06 2.06 2.14 2.17
 2.19 2.23 2.38 2.7 ]
var: 0.2627347500000003
| [0m57       [0m | [0m1.356    [0m | [0m0.2743   [0m | [0m16.21    [0m | [0m0.04091  [0m |
[0.   0.02 0.03 0.03 0.04 0.06 0.06 0.09 0.12 0.16 0.18 0.18 0.19 0.2
 0.22 0.22 0.23 0.26 0.28 0.31 0.32 0.33 0.34 0.35 0.35 0.36 0.4  0.4
 0.42 0.46 0.49 0.49 0.51 0.52 0.54 0.57 0.57 0.58 0.6  0.6  0.6  0.6
 0.61 0.63 0.66 0.72 0.84 0.84 0.85 0.9  1.01 1.02 1.04 1.12 1.16 1.19
 1.23 1.6  1.97 2.35]
var: 0.2143165555555555
| [0m58       [0m | [0m0.5503   [0m | [0m0.2283   [0m | [0m16.07    [0m | [0m1.136    [0m |
[0.37 0.38 0.56 0.65 0.86 1.04 1.06 1.21 1.23 1.24 1.27 1.28 1.31 1.36
 1.39 1.4  1.44 1.44 1.46 1.48 1.51 1.51 1.52 1.55 1.62 1.64 1.67 1.69
 1.69 1.79 1.81 1.83 1.84 1.85 1.93 1.95 1.99 2.07 2.13 2.14 2.15 2.16
 2.18 2.21 2.24 2.24 2.25 2.26 2.36 2.41 2.45 2.49 2.51 2.67 2.68 2.72
 3.07 3.15 3.72 4.29]
var: 0.5258947499999997
| [0m59       [0m | [0m1.84     [0m | [0m0.03609  [0m | [0m16.1     [0m | [0m0.04697  [0m |
[0.47 0.54 0.56 0.57 0.58 0.65 0.7  0.86 0.98 1.11 1.17 1.26 1.28 1.35
 1.4  1.4  1.42 1.43 1.44 1.5  1.5  1.51 1.51 1.52 1.58 1.6  1.69 1.75
 1.76 1.76 1.79 1.8  1.84 1.88 1.95 1.98 2.01 2.07 2.09 2.1  2.16 2.28
 2.28 2.3  2.3  2.3  2.54 2.67 2.72 2.74 2.85 2.98 3.09 3.14 3.14 3.3
 3.37 3.42 3.51 4.13]
var: 0.7089610000000008
| [0m60       [0m | [0m1.893    [0m | [0m0.1025   [0m | [0m17.1     [0m | [0m0.08352  [0m |
[0.46 0.5  0.53 0.59 0.63 0.75 0.79 0.8  0.84 0.85 0.86 0.88 0.9  0.9
 0.92 0.94 0.95 0.97 0.99 1.05 1.1  1.12 1.13 1.17 1.21 1.21 1.22 1.23
 1.24 1.24 1.25 1.25 1.28 1.31 1.31 1.34 1.36 1.36 1.39 1.39 1.39 1.41
 1.42 1.53 1.53 1.53 1.56 1.63 1.67 1.7  1.79 1.94 2.   2.01 2.04 2.07
 2.18 2.71 2.82 3.44]
var: 0.3119598888888883
| [0m61       [0m | [0m1.326    [0m | [0m0.1333   [0m | [0m16.0     [0m | [0m0.0417   [0m |
[0.   0.08 0.08 0.23 0.3  0.31 0.32 0.33 0.34 0.36 0.44 0.45 0.5  0.52
 0.53 0.54 0.55 0.55 0.56 0.6  0.6  0.67 0.72 0.73 0.78 0.8  0.82 0.89
 1.02 1.05 1.13 1.15 1.34 1.38 1.38 1.5  1.51 1.58 1.61 1.62 1.72 1.76
 1.84 1.87 1.96 2.07 2.22 2.23 2.33 2.43 2.48 2.83 2.87 3.13 3.34 3.41
 3.82 3.91 4.74 7.29]
var: 1.7331482222222219
| [0m62       [0m | [0m1.469    [0m | [0m1e-08    [0m | [0m17.03    [0m | [0m0.1117   [0m |
[0.   0.01 0.02 0.05 0.05 0.06 0.08 0.13 0.14 0.16 0.16 0.17 0.18 0.19
 0.2  0.2  0.23 0.26 0.27 0.29 0.29 0.29 0.3  0.31 0.32 0.36 0.5  0.52
 0.52 0.52 0.53 0.54 0.55 0.56 0.56 0.58 0.61 0.66 0.66 0.67 0.7  0.71
 0.72 0.72 0.75 0.76 0.8  0.87 0.98 1.05 1.1  1.19 1.26 1.3  1.36 1.56
 1.76 2.09 3.03 3.61]
var: 0.4476132222222218
| [0m63       [0m | [0m0.6503   [0m | [0m0.08783  [0m | [0m17.15    [0m | [0m0.8995   [0m |
[0.   0.   0.01 0.02 0.04 0.04 0.08 0.08 0.1  0.11 0.13 0.14 0.17 0.17
 0.21 0.24 0.25 0.27 0.29 0.29 0.3  0.3  0.36 0.4  0.4  0.41 0.42 0.5
 0.52 0.53 0.54 0.57 0.58 0.61 0.61 0.63 0.64 0.65 0.66 0.66 0.66 0.69
 0.7  0.71 0.74 0.76 0.77 0.8  0.84 0.84 0.86 1.   1.07 1.16 1.18 1.22
 1.36 1.44 1.62 2.14]
var: 0.1888516388888888
| [0m64       [0m | [0m0.5582   [0m | [0m0.2691   [0m | [0m19.43    [0m | [0m1.822    [0m |
[0.   0.02 0.02 0.03 0.05 0.08 0.11 0.11 0.12 0.12 0.19 0.2  0.24 0.24
 0.25 0.27 0.3  0.32 0.32 0.33 0.36 0.36 0.39 0.42 0.42 0.43 0.44 0.44
 0.45 0.45 0.49 0.5  0.53 0.55 0.55 0.56 0.56 0.59 0.59 0.63 0.64 0.68
 0.69 0.7  0.72 0.76 0.77 0.77 0.8  0.81 0.81 0.81 0.86 1.   1.01 1.5
 1.55 1.61 1.71 2.26]
var: 0.19504497222222217
| [0m65       [0m | [0m0.5582   [0m | [0m0.03122  [0m | [0m48.72    [0m | [0m0.8777   [0m |
[0.41 0.45 0.49 0.5  0.56 0.58 0.62 0.65 0.68 0.73 0.8  0.91 0.99 1.
 1.04 1.14 1.2  1.2  1.22 1.26 1.29 1.39 1.41 1.42 1.43 1.43 1.43 1.46
 1.48 1.53 1.56 1.59 1.61 1.67 1.75 1.77 1.79 1.81 1.84 1.86 1.89 1.91
 1.94 1.95 2.01 2.06 2.28 2.33 2.4  2.44 2.47 2.52 2.52 2.59 2.61 3.26
 3.44 3.69 3.74 5.11]
var: 0.814711638888888
| [0m66       [0m | [0m1.685    [0m | [0m0.07252  [0m | [0m16.03    [0m | [0m0.1657   [0m |
[0.11 0.34 0.34 0.52 0.55 0.71 0.81 0.85 0.9  0.93 0.94 0.98 0.99 1.04
 1.09 1.15 1.28 1.4  1.43 1.49 1.5  1.52 1.54 1.55 1.56 1.6  1.64 1.7
 1.7  1.79 1.92 1.93 1.94 1.96 2.02 2.06 2.23 2.25 2.28 2.33 2.4  2.53
 2.58 2.59 2.68 2.83 2.87 3.35 3.47 3.52 3.64 3.7  3.77 3.83 4.04 4.13
 4.15 4.67 4.75 4.8 ]
var: 1.4329036388888885
| [0m67       [0m | [0m2.086    [0m | [0m1e-08    [0m | [0m16.27    [0m | [0m0.02948  [0m |
[0.   0.01 0.02 0.02 0.02 0.02 0.02 0.03 0.05 0.06 0.06 0.08 0.11 0.13
 0.14 0.15 0.16 0.19 0.2  0.2  0.23 0.28 0.29 0.29 0.3  0.3  0.31 0.36
 0.36 0.38 0.38 0.4  0.4  0.4  0.41 0.41 0.44 0.48 0.5  0.5  0.5  0.51
 0.52 0.54 0.59 0.61 0.63 0.64 0.8  0.91 0.92 0.92 0.95 0.99 1.06 1.37
 1.49 1.62 1.66 3.72]
var: 0.33561622222222187
| [0m68       [0m | [0m0.5007   [0m | [0m0.2704   [0m | [0m44.12    [0m | [0m1.041    [0m |
[0.34 0.55 0.57 0.58 0.62 0.63 0.71 0.76 0.81 0.88 0.9  1.01 1.04 1.05
 1.06 1.15 1.19 1.24 1.28 1.28 1.29 1.3  1.39 1.48 1.48 1.52 1.67 1.69
 1.76 1.8  1.85 1.86 1.9  1.92 1.98 2.05 2.13 2.15 2.23 2.3  2.38 2.38
 2.56 2.58 2.6  2.6  2.67 2.75 2.76 2.77 2.82 2.83 3.04 3.26 3.27 3.33
 3.46 4.56 4.65 5.29]
var: 1.111002888888888
| [0m69       [0m | [0m1.933    [0m | [0m0.03371  [0m | [0m16.41    [0m | [0m0.07444  [0m |
[0.44 0.45 0.48 0.49 0.49 0.5  0.54 0.54 0.56 0.61 0.62 0.7  0.72 0.76
 0.82 0.88 0.9  0.94 0.94 1.   1.   1.17 1.17 1.18 1.24 1.27 1.32 1.33
 1.33 1.35 1.46 1.48 1.5  1.52 1.53 1.54 1.54 1.56 1.59 1.7  1.73 1.83
 1.83 1.85 1.87 1.92 1.95 2.06 2.08 2.09 2.13 2.27 2.32 2.41 2.49 2.53
 2.7  2.89 2.97 4.25]
var: 0.5792780833333339
| [0m70       [0m | [0m1.456    [0m | [0m0.23     [0m | [0m16.43    [0m | [0m0.1215   [0m |
[0.24 0.67 0.71 0.72 0.78 0.82 0.82 0.9  0.96 1.   1.   1.01 1.08 1.08
 1.11 1.28 1.42 1.47 1.51 1.53 1.56 1.56 1.61 1.65 1.84 1.84 1.85 1.86
 1.86 1.86 1.9  1.93 1.97 1.97 2.1  2.2  2.22 2.28 2.31 2.31 2.37 2.4
 2.4  2.41 2.41 2.42 2.46 2.61 2.65 2.76 2.89 3.   3.02 3.52 3.57 3.57
 4.24 4.65 4.91 5.3 ]
var: 1.1151276388888902
| [0m71       [0m | [0m2.039    [0m | [0m0.003705 [0m | [0m16.48    [0m | [0m0.2301   [0m |
[0.06 0.32 0.35 0.59 0.69 0.69 0.7  0.83 0.86 0.88 0.9  0.9  0.94 0.94
 1.05 1.08 1.24 1.31 1.31 1.32 1.42 1.43 1.44 1.48 1.5  1.56 1.56 1.6
 1.7  1.77 1.78 1.92 2.02 2.11 2.3  2.32 2.36 2.42 2.45 2.49 2.53 2.63
 2.75 3.14 3.14 3.19 3.2  3.26 3.26 3.5  3.53 3.56 3.76 3.9  4.05 4.08
 5.27 5.52 5.87 5.97]
var: 1.9331405555555554
| [95m72       [0m | [95m2.178    [0m | [95m0.001271 [0m | [95m16.45    [0m | [95m0.4157   [0m |
[0.17 0.28 0.5  0.56 0.59 0.61 0.63 0.66 0.69 0.71 0.76 0.76 0.78 0.81
 0.85 0.87 0.89 0.97 0.98 1.   1.05 1.06 1.08 1.1  1.11 1.16 1.16 1.19
 1.2  1.25 1.26 1.26 1.26 1.3  1.3  1.3  1.3  1.35 1.35 1.36 1.36 1.4
 1.41 1.43 1.48 1.59 1.62 1.66 1.86 1.92 1.92 1.97 1.99 2.1  2.15 2.2
 2.36 2.42 3.31 3.32]
var: 0.3900923333333335
| [0m73       [0m | [0m1.299    [0m | [0m0.07573  [0m | [0m16.39    [0m | [0m0.2858   [0m |
[0.07 0.11 0.13 0.14 0.15 0.17 0.17 0.2  0.2  0.21 0.24 0.32 0.34 0.41
 0.45 0.45 0.52 0.56 0.58 0.58 0.61 0.62 0.65 0.7  0.72 0.72 0.72 0.73
 0.75 0.75 0.75 0.78 0.8  0.81 0.82 0.85 0.87 0.88 0.9  0.92 0.96 0.96
 1.07 1.1  1.11 1.11 1.15 1.19 1.26 1.28 1.37 1.4  1.41 1.51 1.59 1.88
 2.33 2.44 2.97 3.  ]
var: 0.4076739999999992
| [0m74       [0m | [0m0.874    [0m | [0m0.2081   [0m | [0m10.33    [0m | [0m0.3758   [0m |
[0.02 0.02 0.02 0.03 0.04 0.05 0.06 0.09 0.1  0.1  0.17 0.2  0.21 0.27
 0.27 0.29 0.29 0.31 0.34 0.37 0.43 0.45 0.45 0.52 0.56 0.58 0.6  0.6
 0.6  0.61 0.62 0.62 0.63 0.68 0.7  0.71 0.71 0.72 0.75 0.79 0.84 0.85
 0.9  0.9  0.93 0.94 0.98 0.98 0.99 1.01 1.12 1.23 1.24 1.76 1.85 1.9
 1.94 2.01 2.38 3.4 ]
var: 0.41526697222222136
| [0m75       [0m | [0m0.7288   [0m | [0m0.07004  [0m | [0m16.4     [0m | [0m0.6044   [0m |
[0.39 0.45 0.52 0.54 0.66 0.87 0.92 1.01 1.12 1.17 1.19 1.2  1.22 1.23
 1.25 1.27 1.27 1.27 1.31 1.32 1.37 1.38 1.39 1.45 1.45 1.45 1.48 1.52
 1.52 1.53 1.53 1.58 1.59 1.61 1.63 1.65 1.69 1.7  1.75 1.78 1.8  1.82
 1.83 1.84 1.85 1.95 1.99 2.2  2.32 2.36 2.4  2.42 2.49 2.53 2.57 2.61
 2.63 2.74 2.8  3.31]
var: 0.3811049722222224
| [0m76       [0m | [0m1.628    [0m | [0m0.1882   [0m | [0m17.27    [0m | [0m0.09591  [0m |
[0.08 0.49 0.5  0.5  0.51 0.55 0.65 0.7  0.72 0.72 0.76 0.85 0.87 0.88
 0.9  0.93 0.96 0.97 0.98 0.99 1.   1.02 1.13 1.14 1.19 1.22 1.23 1.24
 1.24 1.24 1.34 1.34 1.38 1.39 1.39 1.39 1.4  1.47 1.5  1.5  1.53 1.54
 1.56 1.6  1.61 1.62 1.62 1.62 1.67 1.67 1.76 1.79 1.8  1.95 1.95 1.97
 2.01 2.23 2.36 3.47]
var: 0.3031849722222221
| [0m77       [0m | [0m1.293    [0m | [0m0.2681   [0m | [0m38.02    [0m | [0m0.07073  [0m |
[0.08 0.28 0.54 0.62 0.64 0.67 0.7  0.76 0.82 0.85 0.85 0.85 0.87 0.87
 0.89 0.89 0.9  0.91 0.92 0.95 0.95 0.96 0.96 0.98 0.99 1.   1.03 1.07
 1.08 1.09 1.15 1.17 1.19 1.2  1.21 1.22 1.23 1.25 1.25 1.27 1.29 1.3
 1.31 1.33 1.33 1.36 1.37 1.47 1.51 1.52 1.56 1.57 1.6  1.6  1.72 1.72
 1.79 1.88 1.94 2.15]
var: 0.15184141666666656
| [0m78       [0m | [0m1.141    [0m | [0m0.13     [0m | [0m16.72    [0m | [0m0.0288   [0m |
[0.41 0.59 0.59 0.59 0.6  0.63 0.65 0.67 0.69 0.77 0.85 1.02 1.09 1.11
 1.11 1.13 1.21 1.26 1.28 1.28 1.31 1.32 1.4  1.42 1.48 1.51 1.53 1.53
 1.54 1.56 1.6  1.61 1.61 1.68 1.69 1.77 1.82 1.86 1.86 1.94 1.99 2.05
 2.06 2.11 2.12 2.27 2.28 2.29 2.3  2.31 2.34 2.49 2.71 2.74 2.77 3.23
 3.26 3.33 3.7  3.79]
var: 0.6406016388888885
| [0m79       [0m | [0m1.695    [0m | [0m0.03154  [0m | [0m17.25    [0m | [0m0.3413   [0m |
[0.08 0.16 0.16 0.18 0.24 0.38 0.38 0.39 0.4  0.42 0.45 0.49 0.51 0.55
 0.59 0.6  0.61 0.62 0.62 0.63 0.65 0.66 0.68 0.68 0.69 0.7  0.76 0.76
 0.76 0.85 0.96 0.98 0.99 1.02 1.05 1.11 1.16 1.19 1.25 1.25 1.26 1.29
 1.31 1.38 1.39 1.41 1.43 1.44 1.48 1.49 1.58 1.66 1.69 1.8  1.95 2.02
 2.07 2.79 2.91 3.69]
var: 0.4798776388888888
| [0m80       [0m | [0m1.044    [0m | [0m0.03901  [0m | [0m16.55    [0m | [0m0.403    [0m |
=============================================================
None
num_trials:  40  inits,  40  iters,  60  per
rho:  10
pthin:  0.92

Best VPT: 2.178333333333334
Best result: {'a': 0.0012711493670298094, 'g': 16.449131739639068, 's': 0.4157403361023228}

KERNEL: nu=1.5, lengthscale=2.0, alpha=0.0005
