|   iter    |  target   |     a     |     g     |     s     |
-------------------------------------------------------------
[0.   0.04 0.05 0.06 0.07 0.08 0.08 0.09 0.1  0.1  0.14 0.14 0.14 0.14
 0.15 0.16 0.16 0.17 0.18 0.19 0.19 0.23 0.3  0.32 0.33 0.35 0.37 0.37
 0.39 0.4  0.41 0.42 0.43 0.44 0.45 0.45 0.51 0.51 0.56 0.59 0.6  0.64
 0.68 0.69 0.69 0.7  0.72 0.73 0.75 0.77 0.79 0.84 0.86 0.86 0.94 0.96
 1.29 1.38 2.16 2.47]
var: 0.21267988888888892
| [0m1        [0m | [0m0.4963   [0m | [0m0.04289  [0m | [0m3.989    [0m | [0m2.86     [0m |
[0.   0.01 0.03 0.03 0.06 0.06 0.07 0.08 0.08 0.09 0.1  0.13 0.15 0.17
 0.2  0.22 0.23 0.24 0.27 0.28 0.28 0.28 0.29 0.29 0.32 0.33 0.33 0.34
 0.37 0.41 0.43 0.43 0.44 0.46 0.47 0.48 0.49 0.5  0.53 0.55 0.57 0.57
 0.58 0.6  0.62 0.66 0.76 0.79 0.81 0.81 0.82 0.98 1.01 1.02 1.08 1.12
 1.21 1.4  1.71 2.21]
var: 0.1834187499999999
| [95m2        [0m | [95m0.4975   [0m | [95m0.2945   [0m | [95m24.81    [0m | [95m2.194    [0m |
[0.   0.   0.   0.03 0.04 0.07 0.08 0.1  0.12 0.15 0.16 0.16 0.17 0.2
 0.21 0.22 0.22 0.25 0.25 0.26 0.26 0.28 0.29 0.3  0.31 0.32 0.33 0.37
 0.44 0.46 0.48 0.54 0.56 0.58 0.59 0.61 0.61 0.66 0.67 0.7  0.7  0.71
 0.73 0.75 0.78 0.79 0.83 0.84 0.89 0.89 0.91 0.91 0.96 1.   1.06 1.12
 1.31 1.38 1.53 1.86]
var: 0.16555888888888917
| [95m3        [0m | [95m0.5333   [0m | [95m0.1089   [0m | [95m15.38    [0m | [95m2.376    [0m |
[0.11 0.11 0.12 0.15 0.16 0.19 0.19 0.21 0.22 0.23 0.24 0.27 0.27 0.3
 0.3  0.32 0.33 0.34 0.35 0.36 0.38 0.4  0.45 0.47 0.49 0.49 0.53 0.54
 0.55 0.56 0.58 0.61 0.63 0.64 0.68 0.68 0.72 0.73 0.77 0.78 0.82 0.85
 0.88 0.93 0.95 0.95 0.99 1.   1.01 1.03 1.08 1.13 1.23 1.26 1.3  1.35
 1.68 1.82 2.06 2.47]
var: 0.24076622222222221
| [95m4        [0m | [95m0.6873   [0m | [95m0.2984   [0m | [95m4.094    [0m | [95m1.405    [0m |
[0.01 0.01 0.03 0.03 0.04 0.05 0.05 0.07 0.08 0.08 0.09 0.1  0.11 0.11
 0.11 0.12 0.12 0.15 0.16 0.17 0.2  0.21 0.23 0.24 0.25 0.26 0.27 0.28
 0.29 0.31 0.31 0.33 0.33 0.35 0.36 0.39 0.4  0.4  0.41 0.42 0.42 0.42
 0.42 0.44 0.45 0.49 0.5  0.52 0.57 0.57 0.64 0.65 0.68 0.7  0.77 0.8
 0.96 1.03 1.22 1.71]
var: 0.09978497222222237
| [0m5        [0m | [0m0.3648   [0m | [0m0.1864   [0m | [0m34.23    [0m | [0m2.502    [0m |
[0.01 0.04 0.15 0.17 0.17 0.18 0.19 0.22 0.28 0.36 0.39 0.39 0.4  0.45
 0.49 0.51 0.52 0.52 0.55 0.59 0.6  0.62 0.69 0.73 0.85 0.99 1.05 1.06
 1.06 1.15 1.19 1.21 1.22 1.23 1.28 1.31 1.43 1.5  1.62 1.72 1.94 1.97
 2.04 2.06 2.12 2.18 2.32 2.42 2.54 2.54 2.55 2.56 2.63 2.64 3.21 3.21
 3.39 3.48 3.49 4.84]
var: 1.1796410000000006
| [95m6        [0m | [95m1.387    [0m | [95m0.009921 [0m | [95m25.98    [0m | [95m0.784    [0m |
[0.   0.   0.04 0.08 0.08 0.09 0.1  0.1  0.13 0.13 0.14 0.15 0.15 0.16
 0.16 0.17 0.17 0.18 0.19 0.2  0.28 0.28 0.28 0.29 0.29 0.34 0.34 0.35
 0.35 0.36 0.37 0.37 0.38 0.38 0.39 0.4  0.41 0.45 0.45 0.49 0.5  0.5
 0.53 0.54 0.59 0.6  0.62 0.67 0.71 0.71 0.72 0.77 0.81 0.87 0.88 1.08
 1.11 1.23 1.26 1.64]
var: 0.11482608333333325
| [0m7        [0m | [0m0.4335   [0m | [0m0.07729  [0m | [0m23.42    [0m | [0m2.374    [0m |
[0.01 0.02 0.03 0.03 0.04 0.04 0.05 0.06 0.06 0.06 0.06 0.06 0.07 0.16
 0.17 0.18 0.19 0.22 0.23 0.24 0.26 0.29 0.3  0.3  0.32 0.32 0.33 0.33
 0.34 0.35 0.36 0.4  0.4  0.4  0.41 0.42 0.43 0.44 0.45 0.46 0.47 0.47
 0.48 0.51 0.52 0.53 0.54 0.56 0.57 0.6  0.61 0.64 0.64 0.69 0.72 0.74
 0.76 0.77 1.09 1.92]
var: 0.0949182222222222
| [0m8        [0m | [0m0.3853   [0m | [0m0.07993  [0m | [0m46.1     [0m | [0m1.543    [0m |
[0.   0.   0.   0.02 0.03 0.04 0.05 0.06 0.06 0.08 0.12 0.14 0.14 0.2
 0.22 0.24 0.24 0.26 0.26 0.28 0.28 0.3  0.31 0.32 0.36 0.37 0.37 0.41
 0.42 0.45 0.49 0.5  0.52 0.52 0.53 0.55 0.55 0.59 0.59 0.62 0.73 0.8
 0.85 0.85 0.86 0.86 1.13 1.15 1.2  1.21 1.25 1.28 1.29 1.32 1.35 1.37
 1.64 1.7  1.84 2.93]
var: 0.32203055555555554
| [0m9        [0m | [0m0.6183   [0m | [0m0.2282   [0m | [0m39.97    [0m | [0m0.87     [0m |
[0.02 0.07 0.07 0.13 0.13 0.15 0.15 0.16 0.23 0.23 0.24 0.27 0.3  0.3
 0.43 0.44 0.44 0.45 0.51 0.52 0.55 0.55 0.59 0.68 0.7  0.7  0.74 0.76
 0.76 0.84 0.87 0.9  0.9  0.91 0.98 1.   1.01 1.12 1.13 1.3  1.37 1.38
 1.41 1.6  1.64 1.64 1.64 1.67 1.8  1.85 1.87 1.93 2.3  2.45 2.95 2.98
 3.01 3.08 3.53 4.37]
var: 0.9158272222222213
| [0m10       [0m | [0m1.112    [0m | [0m0.02378  [0m | [0m11.35    [0m | [0m1.305    [0m |
[0.01 0.04 0.05 0.08 0.09 0.16 0.16 0.19 0.19 0.2  0.23 0.25 0.26 0.27
 0.27 0.29 0.3  0.31 0.35 0.38 0.39 0.48 0.48 0.59 0.64 0.65 0.67 0.68
 0.71 0.71 0.72 0.74 0.77 0.79 0.85 0.86 0.87 0.89 0.95 1.04 1.12 1.13
 1.16 1.17 1.2  1.2  1.26 1.3  1.36 1.39 1.39 1.5  1.78 1.82 1.86 1.87
 2.62 2.71 2.89 3.87]
var: 0.5880173333333325
| [0m11       [0m | [0m0.886    [0m | [0m0.06506  [0m | [0m34.42    [0m | [0m0.7721   [0m |
[0.02 0.02 0.03 0.04 0.12 0.13 0.14 0.21 0.25 0.26 0.27 0.27 0.28 0.28
 0.29 0.34 0.37 0.42 0.42 0.45 0.48 0.5  0.51 0.52 0.53 0.56 0.57 0.59
 0.59 0.6  0.61 0.62 0.62 0.64 0.64 0.66 0.68 0.7  0.76 0.77 0.79 0.81
 1.08 1.1  1.14 1.22 1.24 1.25 1.27 1.29 1.3  1.36 1.41 1.42 1.96 1.98
 2.06 2.18 2.26 2.36]
var: 0.35155622222222216
| [0m12       [0m | [0m0.7707   [0m | [0m0.006462 [0m | [0m3.403    [0m | [0m1.572    [0m |
[0.06 0.09 0.1  0.1  0.14 0.15 0.19 0.22 0.25 0.3  0.3  0.35 0.37 0.4
 0.41 0.43 0.43 0.44 0.44 0.46 0.48 0.53 0.57 0.58 0.61 0.64 0.69 0.69
 0.7  0.71 0.75 0.78 0.79 0.81 0.84 0.85 0.97 1.13 1.25 1.26 1.27 1.29
 1.4  1.43 1.45 1.46 1.49 1.56 1.6  1.64 1.77 1.8  1.84 2.15 2.17 2.5
 2.82 3.25 3.41 3.85]
var: 0.7329360833333338
| [0m13       [0m | [0m1.024    [0m | [0m0.1676   [0m | [0m24.38    [0m | [0m0.9941   [0m |
[0.   0.01 0.08 0.1  0.1  0.12 0.13 0.14 0.15 0.17 0.17 0.19 0.2  0.21
 0.22 0.23 0.24 0.26 0.26 0.26 0.28 0.29 0.3  0.31 0.31 0.32 0.32 0.33
 0.33 0.34 0.37 0.38 0.38 0.38 0.39 0.41 0.43 0.44 0.45 0.46 0.49 0.5
 0.53 0.53 0.53 0.54 0.59 0.7  0.72 0.74 0.76 0.86 0.93 0.94 0.97 1.28
 1.57 1.79 2.07 3.34]
var: 0.2956106666666668
| [0m14       [0m | [0m0.514    [0m | [0m0.2524   [0m | [0m20.58    [0m | [0m2.062    [0m |
[0.   0.02 0.03 0.06 0.07 0.07 0.07 0.08 0.11 0.12 0.13 0.13 0.14 0.15
 0.22 0.22 0.24 0.24 0.25 0.26 0.28 0.3  0.3  0.35 0.38 0.44 0.47 0.49
 0.5  0.53 0.53 0.57 0.58 0.6  0.62 0.62 0.63 0.63 0.64 0.64 0.67 0.68
 0.68 0.7  0.71 0.71 0.71 0.71 0.74 0.75 0.88 0.89 0.98 0.99 1.04 1.08
 1.23 1.27 1.36 1.52]
var: 0.13115497222222244
| [0m15       [0m | [0m0.5168   [0m | [0m0.2041   [0m | [0m16.27    [0m | [0m2.45     [0m |
[0.01 0.01 0.01 0.04 0.04 0.05 0.06 0.07 0.07 0.1  0.1  0.11 0.12 0.13
 0.13 0.15 0.15 0.15 0.16 0.18 0.18 0.2  0.25 0.26 0.27 0.27 0.28 0.29
 0.3  0.35 0.37 0.4  0.4  0.4  0.41 0.42 0.44 0.46 0.47 0.49 0.49 0.51
 0.52 0.53 0.56 0.58 0.58 0.63 0.63 0.64 0.65 0.75 0.75 0.82 0.86 0.89
 0.92 0.98 1.31 1.4 ]
var: 0.09751430555555568
| [0m16       [0m | [0m0.3958   [0m | [0m0.2087   [0m | [0m38.32    [0m | [0m1.5      [0m |
[0.01 0.01 0.01 0.01 0.02 0.04 0.04 0.08 0.09 0.1  0.11 0.12 0.13 0.15
 0.17 0.19 0.24 0.26 0.33 0.34 0.38 0.4  0.41 0.43 0.43 0.45 0.47 0.49
 0.5  0.5  0.51 0.52 0.56 0.58 0.59 0.6  0.6  0.6  0.6  0.62 0.63 0.65
 0.65 0.66 0.68 0.71 0.74 0.99 1.05 1.12 1.12 1.14 1.14 1.16 1.24 1.26
 1.26 1.54 1.55 4.13]
var: 0.37345497222222274
| [0m17       [0m | [0m0.6018   [0m | [0m0.1186   [0m | [0m22.37    [0m | [0m2.063    [0m |
[0.04 0.05 0.08 0.12 0.13 0.18 0.27 0.29 0.29 0.31 0.32 0.32 0.38 0.41
 0.42 0.43 0.43 0.44 0.46 0.48 0.48 0.54 0.55 0.58 0.58 0.63 0.66 0.68
 0.68 0.69 0.69 0.7  0.7  0.7  0.76 0.76 0.77 0.83 0.83 0.85 0.87 0.87
 0.9  0.92 0.95 1.02 1.03 1.04 1.04 1.06 1.07 1.1  1.14 1.17 1.32 1.35
 1.35 1.47 1.48 1.86]
var: 0.15309488888888892
| [0m18       [0m | [0m0.7087   [0m | [0m0.1774   [0m | [0m16.62    [0m | [0m1.756    [0m |
[0.   0.02 0.02 0.03 0.03 0.03 0.04 0.05 0.07 0.09 0.1  0.1  0.14 0.15
 0.17 0.17 0.22 0.22 0.25 0.26 0.28 0.29 0.3  0.31 0.32 0.34 0.37 0.37
 0.42 0.42 0.45 0.46 0.51 0.52 0.56 0.57 0.59 0.61 0.61 0.64 0.7  0.73
 0.73 0.73 0.75 0.76 0.76 0.78 0.89 0.9  1.02 1.12 1.14 1.33 1.35 1.39
 1.45 1.78 2.01 2.05]
var: 0.24372030555555552
| [0m19       [0m | [0m0.5578   [0m | [0m0.04464  [0m | [0m21.27    [0m | [0m2.355    [0m |
[0.   0.   0.   0.   0.03 0.03 0.04 0.04 0.05 0.05 0.05 0.05 0.06 0.09
 0.1  0.1  0.11 0.11 0.11 0.13 0.15 0.19 0.2  0.22 0.24 0.26 0.28 0.28
 0.3  0.33 0.34 0.35 0.38 0.42 0.43 0.44 0.45 0.45 0.47 0.47 0.48 0.53
 0.54 0.56 0.57 0.58 0.58 0.6  0.7  0.7  0.74 0.75 0.77 0.84 0.91 0.95
 0.98 1.23 1.75 1.93]
var: 0.15616830555555572
| [0m20       [0m | [0m0.4082   [0m | [0m0.08474  [0m | [0m41.56    [0m | [0m1.501    [0m |
[0.   0.   0.   0.01 0.02 0.03 0.04 0.04 0.05 0.05 0.06 0.07 0.08 0.1
 0.1  0.12 0.12 0.13 0.14 0.15 0.15 0.17 0.18 0.18 0.18 0.19 0.19 0.2
 0.2  0.21 0.21 0.21 0.22 0.25 0.25 0.25 0.28 0.28 0.28 0.28 0.3  0.33
 0.37 0.41 0.42 0.43 0.44 0.45 0.46 0.47 0.55 0.57 0.64 0.65 0.66 0.82
 0.82 0.84 0.88 0.91]
var: 0.05814830555555577
| [0m21       [0m | [0m0.2848   [0m | [0m0.2536   [0m | [0m37.29    [0m | [0m2.937    [0m |
[0.12 0.18 0.19 0.28 0.47 0.49 0.52 0.53 0.62 0.68 0.73 0.76 0.82 0.87
 0.87 0.9  0.91 0.95 1.02 1.08 1.08 1.09 1.09 1.13 1.13 1.2  1.21 1.21
 1.24 1.25 1.28 1.29 1.33 1.36 1.42 1.46 1.55 1.59 1.62 1.62 1.64 1.67
 1.68 1.7  1.85 1.94 1.97 2.01 2.03 2.12 2.14 2.15 2.17 2.27 2.36 2.39
 2.4  2.71 2.76 3.41]
var: 0.48368830555555575
| [0m22       [0m | [0m1.375    [0m | [0m0.1337   [0m | [0m7.9      [0m | [0m0.837    [0m |
[0.01 0.05 0.06 0.07 0.1  0.12 0.16 0.19 0.21 0.24 0.24 0.25 0.27 0.27
 0.28 0.29 0.35 0.35 0.44 0.45 0.47 0.48 0.48 0.51 0.52 0.53 0.53 0.54
 0.55 0.57 0.57 0.57 0.61 0.63 0.7  0.7  0.73 0.74 0.74 0.75 0.79 0.8
 0.88 0.88 0.91 0.92 0.93 0.98 1.05 1.06 1.16 1.17 1.22 1.27 1.36 1.4
 1.43 1.45 1.48 1.59]
var: 0.16943097222222253
| [0m23       [0m | [0m0.6508   [0m | [0m0.2747   [0m | [0m23.1     [0m | [0m1.104    [0m |
[0.   0.07 0.08 0.1  0.13 0.15 0.17 0.18 0.2  0.21 0.25 0.26 0.33 0.43
 0.44 0.44 0.46 0.54 0.55 0.57 0.57 0.69 0.75 0.75 0.79 0.82 0.82 0.85
 0.89 0.97 0.99 1.01 1.09 1.17 1.26 1.28 1.28 1.34 1.39 1.43 1.47 1.56
 1.6  1.72 1.74 1.82 1.86 1.94 2.05 2.06 2.16 2.25 2.4  2.42 2.43 2.43
 2.44 2.55 2.76 3.67]
var: 0.7182080833333336
| [0m24       [0m | [0m1.151    [0m | [0m0.006002 [0m | [0m32.31    [0m | [0m0.8263   [0m |
[0.   0.   0.   0.   0.   0.   0.01 0.01 0.02 0.03 0.05 0.07 0.07 0.07
 0.08 0.09 0.1  0.1  0.11 0.13 0.15 0.16 0.16 0.17 0.18 0.19 0.2  0.21
 0.25 0.25 0.26 0.3  0.3  0.31 0.31 0.31 0.31 0.32 0.36 0.36 0.39 0.42
 0.42 0.42 0.43 0.44 0.45 0.46 0.47 0.49 0.5  0.5  0.53 0.55 0.59 0.59
 0.65 0.79 0.89 0.97]
var: 0.052695416666666675
| [0m25       [0m | [0m0.2825   [0m | [0m0.2928   [0m | [0m38.37    [0m | [0m1.948    [0m |
[0.01 0.06 0.07 0.1  0.12 0.18 0.2  0.21 0.23 0.24 0.26 0.28 0.3  0.31
 0.35 0.39 0.39 0.4  0.42 0.42 0.43 0.44 0.45 0.46 0.46 0.47 0.47 0.48
 0.49 0.5  0.51 0.52 0.54 0.55 0.57 0.57 0.58 0.6  0.68 0.69 0.71 0.72
 0.81 0.81 0.91 0.93 0.97 1.   1.01 1.02 1.03 1.13 1.14 1.25 1.33 1.34
 1.59 1.74 1.96 1.99]
var: 0.20300941666666683
| [0m26       [0m | [0m0.6465   [0m | [0m0.1849   [0m | [0m8.894    [0m | [0m2.963    [0m |
[0.   0.02 0.05 0.07 0.1  0.11 0.2  0.22 0.22 0.23 0.25 0.26 0.27 0.28
 0.36 0.37 0.4  0.42 0.47 0.5  0.53 0.53 0.55 0.61 0.62 0.7  0.7  0.7
 0.71 0.72 0.77 0.83 0.86 0.88 0.99 1.02 1.03 1.08 1.17 1.2  1.23 1.24
 1.36 1.4  1.42 1.44 1.47 1.6  1.65 1.8  1.82 1.84 1.84 1.91 1.97 2.11
 2.59 2.63 3.06 3.67]
var: 0.6263543055555562
| [0m27       [0m | [0m0.9842   [0m | [0m0.08604  [0m | [0m8.604    [0m | [0m1.169    [0m |
[0.   0.   0.02 0.08 0.09 0.17 0.18 0.2  0.21 0.24 0.26 0.28 0.29 0.34
 0.34 0.34 0.39 0.42 0.42 0.43 0.44 0.46 0.47 0.48 0.5  0.51 0.51 0.53
 0.54 0.56 0.56 0.56 0.59 0.59 0.6  0.61 0.62 0.66 0.67 0.67 0.67 0.69
 0.71 0.74 0.76 0.77 0.78 0.99 1.03 1.14 1.17 1.19 1.19 1.2  1.21 1.25
 1.52 1.69 1.94 2.77]
var: 0.2412439999999999
| [0m28       [0m | [0m0.654    [0m | [0m0.1935   [0m | [0m35.93    [0m | [0m0.9354   [0m |
[0.   0.01 0.02 0.04 0.04 0.05 0.05 0.06 0.06 0.06 0.07 0.11 0.11 0.12
 0.14 0.16 0.18 0.18 0.21 0.22 0.22 0.23 0.25 0.27 0.27 0.27 0.29 0.29
 0.33 0.37 0.37 0.38 0.38 0.39 0.41 0.42 0.44 0.48 0.49 0.51 0.51 0.53
 0.54 0.56 0.56 0.56 0.58 0.61 0.61 0.62 0.62 0.66 0.67 0.68 0.75 1.07
 1.19 1.28 1.37 2.01]
var: 0.1366447499999996
| [0m29       [0m | [0m0.4155   [0m | [0m0.1689   [0m | [0m29.79    [0m | [0m1.909    [0m |
[0.07 0.08 0.09 0.09 0.1  0.11 0.12 0.12 0.14 0.16 0.21 0.26 0.28 0.28
 0.4  0.44 0.51 0.51 0.51 0.52 0.52 0.52 0.56 0.57 0.59 0.59 0.61 0.63
 0.66 0.67 0.68 0.68 0.72 0.74 0.74 0.78 0.85 0.86 0.88 0.88 0.94 0.95
 0.97 0.98 0.98 1.   1.11 1.2  1.2  1.27 1.41 1.59 1.71 1.81 1.82 1.83
 1.97 2.06 2.59 4.7 ]
var: 0.5685276666666674
| [0m30       [0m | [0m0.847    [0m | [0m0.2528   [0m | [0m21.46    [0m | [0m0.8354   [0m |
[0.   0.02 0.03 0.03 0.03 0.05 0.07 0.08 0.1  0.11 0.13 0.19 0.19 0.24
 0.25 0.26 0.31 0.32 0.36 0.37 0.38 0.38 0.38 0.39 0.39 0.4  0.4  0.42
 0.44 0.46 0.47 0.47 0.47 0.48 0.49 0.5  0.5  0.51 0.54 0.54 0.57 0.58
 0.66 0.69 0.72 0.79 0.83 0.83 0.85 0.89 0.9  0.92 0.96 0.96 1.02 1.19
 1.23 1.4  1.7  1.75]
var: 0.15422608333333326
| [0m31       [0m | [0m0.5265   [0m | [0m0.1736   [0m | [0m12.44    [0m | [0m2.446    [0m |
[0.13 0.17 0.17 0.18 0.2  0.21 0.33 0.39 0.4  0.42 0.43 0.49 0.67 0.71
 0.77 0.82 0.83 0.89 0.94 0.94 0.97 1.   1.01 1.06 1.08 1.1  1.14 1.22
 1.39 1.41 1.43 1.48 1.51 1.52 1.6  1.6  1.6  1.62 1.65 1.68 1.74 1.78
 1.81 1.89 1.93 1.96 2.   2.09 2.1  2.16 2.2  2.24 2.24 2.25 2.32 3.08
 3.08 3.23 3.93 4.21]
var: 0.815348888888889
| [95m32       [0m | [95m1.423    [0m | [95m0.1483   [0m | [95m12.68    [0m | [95m0.8792   [0m |
[0.07 0.08 0.09 0.17 0.2  0.23 0.39 0.4  0.48 0.48 0.51 0.56 0.58 0.6
 0.62 0.63 0.63 0.65 0.67 0.78 0.78 0.79 0.89 0.89 0.95 0.98 1.01 1.02
 1.08 1.12 1.14 1.15 1.16 1.19 1.23 1.29 1.3  1.31 1.32 1.36 1.39 1.4
 1.47 1.62 1.62 1.66 1.68 1.75 1.75 1.81 2.11 2.16 2.24 2.3  2.31 2.35
 2.37 2.42 2.55 2.74]
var: 0.48032822222222243
| [0m33       [0m | [0m1.175    [0m | [0m0.297    [0m | [0m46.39    [0m | [0m0.2941   [0m |
[0.   0.   0.   0.   0.   0.   0.   0.   0.   0.   0.01 0.01 0.05 0.05
 0.06 0.07 0.07 0.08 0.08 0.08 0.09 0.09 0.1  0.1  0.11 0.11 0.12 0.12
 0.12 0.12 0.13 0.13 0.15 0.18 0.19 0.21 0.21 0.23 0.24 0.24 0.26 0.28
 0.28 0.28 0.3  0.3  0.34 0.35 0.36 0.36 0.38 0.39 0.44 0.44 0.46 0.53
 0.56 0.6  0.71 0.86]
var: 0.03664141666666675
| [0m34       [0m | [0m0.2005   [0m | [0m0.09536  [0m | [0m44.88    [0m | [0m2.846    [0m |
[0.   0.   0.   0.   0.01 0.02 0.02 0.03 0.04 0.04 0.05 0.06 0.07 0.07
 0.07 0.08 0.08 0.08 0.15 0.16 0.16 0.17 0.17 0.19 0.21 0.24 0.25 0.27
 0.27 0.31 0.31 0.31 0.31 0.33 0.34 0.38 0.41 0.42 0.42 0.43 0.45 0.46
 0.47 0.5  0.52 0.52 0.52 0.52 0.53 0.53 0.54 0.56 0.57 0.62 0.76 0.92
 1.11 1.13 1.65 1.82]
var: 0.1332480833333333
| [0m35       [0m | [0m0.3605   [0m | [0m0.1649   [0m | [0m46.54    [0m | [0m1.781    [0m |
[0.   0.   0.01 0.01 0.04 0.04 0.04 0.05 0.06 0.06 0.08 0.09 0.1  0.1
 0.1  0.1  0.1  0.11 0.14 0.14 0.15 0.15 0.15 0.17 0.21 0.22 0.23 0.27
 0.28 0.28 0.28 0.29 0.31 0.32 0.33 0.33 0.33 0.34 0.35 0.35 0.41 0.43
 0.44 0.45 0.45 0.48 0.5  0.51 0.55 0.55 0.58 0.58 0.66 0.73 0.83 1.04
 1.13 1.19 1.29 1.51]
var: 0.11053988888888878
| [0m36       [0m | [0m0.3503   [0m | [0m0.05343  [0m | [0m44.96    [0m | [0m1.665    [0m |
[0.14 0.14 0.14 0.44 0.51 0.57 0.61 0.65 0.73 0.76 0.82 0.98 1.06 1.06
 1.09 1.1  1.11 1.13 1.21 1.24 1.26 1.27 1.29 1.34 1.42 1.42 1.45 1.51
 1.51 1.52 1.52 1.65 1.73 1.74 1.75 1.82 1.82 1.85 1.85 1.85 1.97 1.98
 1.99 2.   2.02 2.15 2.24 2.25 2.27 2.36 2.43 2.6  2.74 2.8  2.81 2.85
 2.87 3.59 3.71 3.79]
var: 0.701971555555556
| [95m37       [0m | [95m1.641    [0m | [95m0.2631   [0m | [95m21.19    [0m | [95m0.3067   [0m |
[0.04 0.07 0.07 0.11 0.14 0.24 0.25 0.25 0.27 0.37 0.37 0.38 0.4  0.44
 0.45 0.46 0.48 0.48 0.48 0.51 0.51 0.53 0.56 0.58 0.63 0.65 0.66 0.69
 0.71 0.72 0.73 0.74 0.81 0.82 0.9  0.94 0.97 0.98 1.03 1.1  1.11 1.12
 1.16 1.17 1.17 1.22 1.27 1.34 1.39 1.4  1.48 1.55 1.7  1.81 1.88 2.02
 2.06 2.27 2.94 3.04]
var: 0.4324532222222226
| [0m38       [0m | [0m0.9103   [0m | [0m0.05023  [0m | [0m38.45    [0m | [0m0.7728   [0m |
[0.   0.05 0.07 0.08 0.08 0.1  0.16 0.17 0.21 0.25 0.25 0.26 0.26 0.27
 0.28 0.3  0.3  0.31 0.33 0.33 0.34 0.34 0.35 0.36 0.37 0.37 0.39 0.4
 0.4  0.4  0.42 0.42 0.43 0.43 0.45 0.45 0.45 0.46 0.49 0.5  0.51 0.53
 0.56 0.56 0.62 0.62 0.68 0.69 0.71 0.77 1.   1.05 1.06 1.11 1.28 1.4
 1.5  1.52 1.6  3.02]
var: 0.24163363888888914
| [0m39       [0m | [0m0.5512   [0m | [0m0.01143  [0m | [0m1.453    [0m | [0m2.347    [0m |
[0.06 0.12 0.13 0.18 0.25 0.28 0.3  0.3  0.44 0.46 0.46 0.62 0.63 0.68
 0.68 0.74 0.74 0.76 0.82 0.83 0.85 0.88 1.02 1.06 1.06 1.13 1.13 1.22
 1.26 1.27 1.28 1.3  1.33 1.43 1.45 1.45 1.53 1.55 1.57 1.61 1.73 1.81
 1.82 1.9  1.93 2.01 2.02 2.18 2.21 2.22 2.3  2.36 2.42 2.52 2.58 2.89
 3.25 3.66 3.83 3.87]
var: 0.8593703055555552
| [0m40       [0m | [0m1.406    [0m | [0m0.01161  [0m | [0m28.39    [0m | [0m0.7288   [0m |
[0.   0.   0.   0.   0.   0.   0.   0.   0.   0.   0.   0.   0.   0.
 0.   0.   0.   0.01 0.01 0.01 0.01 0.01 0.01 0.02 0.02 0.02 0.02 0.02
 0.02 0.03 0.03 0.03 0.03 0.03 0.03 0.03 0.04 0.04 0.04 0.04 0.04 0.05
 0.05 0.05 0.05 0.05 0.05 0.06 0.06 0.06 0.07 0.07 0.07 0.07 0.07 0.07
 0.07 0.1  0.15 0.2 ]
var: 0.0013760833333333682
| [0m41       [0m | [0m0.0335   [0m | [0m0.2821   [0m | [0m20.74    [0m | [0m0.001    [0m |
[0.25 0.26 0.29 0.29 0.3  0.4  0.41 0.44 0.48 0.52 0.57 0.6  0.65 0.68
 0.71 0.72 0.72 0.76 0.81 0.82 0.88 0.88 0.91 0.92 0.94 0.97 0.99 1.
 1.07 1.16 1.18 1.24 1.26 1.29 1.4  1.41 1.42 1.46 1.5  1.51 1.53 1.59
 1.66 1.7  1.7  1.72 1.73 1.79 1.81 2.01 2.04 2.1  2.1  2.12 2.38 2.42
 2.54 2.88 3.93 4.32]
var: 0.6785978888888891
| [0m42       [0m | [0m1.302    [0m | [0m0.2909   [0m | [0m21.22    [0m | [0m0.4235   [0m |
[0.04 0.24 0.24 0.33 0.44 0.57 0.6  0.64 0.69 0.72 0.72 0.75 0.82 0.88
 0.89 0.9  0.95 1.01 1.08 1.1  1.16 1.22 1.29 1.31 1.31 1.45 1.45 1.46
 1.55 1.55 1.56 1.72 1.73 1.77 1.82 1.84 1.92 1.93 1.96 2.   2.09 2.11
 2.15 2.18 2.2  2.2  2.22 2.27 2.33 2.36 2.43 2.52 2.62 2.7  2.78 3.1
 3.18 3.18 3.45 4.51]
var: 0.7993360833333335
| [0m43       [0m | [0m1.637    [0m | [0m0.2424   [0m | [0m21.25    [0m | [0m0.1949   [0m |
[0.03 0.05 0.13 0.29 0.4  0.51 0.54 0.59 0.61 0.66 0.73 0.73 0.92 1.14
 1.17 1.2  1.22 1.26 1.34 1.37 1.44 1.48 1.49 1.53 1.54 1.57 1.61 1.68
 1.69 1.87 1.87 1.88 1.91 1.92 1.93 1.94 1.98 1.99 2.03 2.07 2.14 2.2
 2.22 2.25 2.26 2.31 2.39 2.43 2.52 2.75 2.76 2.78 2.94 3.31 3.31 3.32
 4.22 4.41 5.4  6.34]
var: 1.4338503055555558
| [95m44       [0m | [95m1.876    [0m | [95m0.08781  [0m | [95m21.24    [0m | [95m0.2809   [0m |
[0.19 0.31 0.39 0.4  0.43 0.47 1.01 1.07 1.14 1.2  1.35 1.52 1.52 1.54
 1.54 1.65 1.68 1.71 1.8  1.87 1.87 1.88 1.99 2.01 2.01 2.02 2.08 2.13
 2.14 2.16 2.21 2.22 2.27 2.43 2.46 2.56 2.56 2.59 2.66 2.66 2.7  2.8
 2.83 2.86 3.04 3.1  3.16 3.24 3.28 3.41 3.47 3.55 3.74 3.76 4.2  4.27
 4.72 5.35 5.96 6.54]
var: 1.6850948888888897
| [95m45       [0m | [95m2.395    [0m | [95m0.1869   [0m | [95m10.18    [0m | [95m0.2069   [0m |
[0.04 0.14 0.18 0.19 0.27 0.33 0.35 0.42 0.44 0.47 0.49 0.52 0.56 0.56
 0.59 0.64 0.66 0.69 0.69 0.7  0.7  0.74 0.74 0.75 0.8  0.81 0.81 0.86
 0.87 0.88 0.9  0.95 0.95 0.96 0.97 1.04 1.18 1.2  1.24 1.35 1.38 1.44
 1.46 1.54 1.57 1.59 1.61 1.61 1.71 1.76 2.   2.02 2.03 2.09 2.16 2.44
 2.49 2.55 2.83 3.04]
var: 0.49995430555555553
| [0m46       [0m | [0m1.116    [0m | [0m0.004757 [0m | [0m11.34    [0m | [0m1.286    [0m |
[0.   0.   0.   0.   0.01 0.03 0.04 0.05 0.05 0.05 0.08 0.08 0.09 0.1
 0.12 0.14 0.15 0.17 0.17 0.18 0.18 0.2  0.22 0.23 0.23 0.23 0.24 0.25
 0.25 0.27 0.27 0.28 0.28 0.32 0.32 0.32 0.34 0.36 0.36 0.4  0.41 0.41
 0.42 0.42 0.43 0.43 0.43 0.44 0.45 0.45 0.46 0.48 0.48 0.49 0.51 0.51
 0.54 0.55 0.74 3.06]
var: 0.1574980833333335
| [0m47       [0m | [0m0.3195   [0m | [0m0.1935   [0m | [0m40.78    [0m | [0m2.478    [0m |
[0.23 0.24 0.34 0.47 0.91 0.96 1.01 1.07 1.08 1.11 1.11 1.22 1.24 1.34
 1.5  1.56 1.61 1.61 1.62 1.77 1.78 1.81 1.96 2.   2.06 2.08 2.2  2.21
 2.25 2.34 2.35 2.36 2.51 2.51 2.56 2.56 2.69 2.89 2.89 2.89 2.98 2.99
 3.   3.02 3.15 3.15 3.25 3.36 3.39 3.54 3.6  3.62 3.79 3.87 3.95 4.38
 4.51 4.74 4.84 5.14]
var: 1.3921436388888888
| [0m48       [0m | [0m2.386    [0m | [0m0.1654   [0m | [0m10.31    [0m | [0m0.3371   [0m |
[0.62 0.74 0.74 0.76 0.85 0.99 1.1  1.18 1.35 1.37 1.46 1.5  1.5  1.5
 1.6  1.65 1.68 1.68 1.73 1.75 1.81 1.89 1.92 1.94 2.01 2.04 2.1  2.1
 2.12 2.13 2.14 2.18 2.32 2.46 2.69 2.79 2.81 2.87 2.93 2.95 2.97 2.97
 3.01 3.01 3.02 3.06 3.09 3.21 3.26 3.47 3.53 3.54 3.55 3.6  3.89 4.11
 4.13 4.49 5.05 5.66]
var: 1.1873880833333343
| [95m49       [0m | [95m2.41     [0m | [95m0.1985   [0m | [95m10.43    [0m | [95m0.09763  [0m |
[0.   0.   0.   0.   0.   0.   0.   0.   0.   0.   0.   0.   0.   0.01
 0.01 0.01 0.01 0.02 0.02 0.02 0.02 0.03 0.03 0.04 0.05 0.05 0.08 0.09
 0.09 0.09 0.09 0.1  0.13 0.13 0.18 0.18 0.25 0.26 0.28 0.28 0.28 0.32
 0.35 0.36 0.4  0.41 0.41 0.42 0.43 0.43 0.45 0.47 0.56 0.68 0.85 0.86
 0.98 1.76 2.76 3.08]
var: 0.3307760833333328
| [0m50       [0m | [0m0.3135   [0m | [0m1e-08    [0m | [0m10.31    [0m | [0m0.127    [0m |
[0.31 0.57 0.59 0.86 0.89 0.96 1.04 1.1  1.18 1.45 1.49 1.55 1.57 1.57
 1.58 1.61 1.66 1.68 1.73 1.73 1.73 1.76 1.85 1.92 1.94 1.95 1.96 1.98
 2.   2.05 2.06 2.13 2.18 2.31 2.33 2.36 2.42 2.51 2.54 2.56 2.58 2.6
 2.69 2.81 3.03 3.05 3.06 3.08 3.14 3.14 3.17 3.21 3.22 3.45 3.45 3.65
 4.1  4.32 4.91 5.38]
var: 1.033993888888889
| [0m51       [0m | [0m2.262    [0m | [0m0.2935   [0m | [0m10.17    [0m | [0m0.2999   [0m |
[0.4  0.65 0.86 0.88 0.97 0.98 1.02 1.06 1.1  1.21 1.22 1.23 1.27 1.28
 1.43 1.45 1.5  1.57 1.58 1.65 1.74 1.87 1.89 1.9  1.91 2.   2.   2.01
 2.01 2.04 2.09 2.13 2.16 2.22 2.36 2.4  2.46 2.46 2.51 2.55 2.55 2.62
 2.62 2.67 2.7  2.83 3.06 3.07 3.28 3.37 3.42 3.62 3.72 3.77 3.89 3.95
 4.45 4.5  4.55 4.61]
var: 1.0948514166666667
| [0m52       [0m | [0m2.255    [0m | [0m0.2238   [0m | [0m10.37    [0m | [0m0.2365   [0m |
[0.28 0.86 0.93 0.94 1.05 1.16 1.19 1.19 1.21 1.36 1.4  1.52 1.53 1.61
 1.65 1.68 1.71 1.76 1.82 1.83 1.84 1.91 1.92 2.01 2.03 2.18 2.19 2.21
 2.23 2.42 2.53 2.62 2.63 2.73 2.75 2.85 2.89 2.91 3.02 3.13 3.33 3.36
 3.4  3.55 3.56 3.57 3.64 3.92 3.95 4.07 4.1  4.13 4.24 4.3  4.4  4.7
 4.76 5.2  5.5  5.75]
var: 1.6232783055555562
| [95m53       [0m | [95m2.652    [0m | [95m0.2886   [0m | [95m10.27    [0m | [95m0.09487  [0m |
[0.35 0.42 0.5  0.56 0.66 0.66 0.68 0.68 0.87 0.9  0.92 0.93 0.95 0.96
 0.97 1.16 1.16 1.16 1.17 1.21 1.21 1.3  1.32 1.36 1.37 1.49 1.5  1.52
 1.62 1.62 1.66 1.68 1.82 1.85 1.87 1.87 1.93 1.96 1.97 2.09 2.1  2.15
 2.18 2.23 2.39 2.41 2.41 2.44 2.47 2.63 2.79 2.82 2.9  3.12 3.28 3.85
 3.98 4.22 5.08 5.39]
var: 1.1676215555555547
| [0m54       [0m | [0m1.845    [0m | [0m0.2985   [0m | [0m10.46    [0m | [0m0.0195   [0m |
[0.06 0.08 0.1  0.15 0.15 0.16 0.22 0.27 0.31 0.35 0.35 0.4  0.42 0.46
 0.51 0.55 0.57 0.57 0.57 0.66 0.69 0.7  0.71 0.78 0.78 0.8  0.81 0.82
 0.88 0.94 0.96 0.96 0.98 1.04 1.04 1.05 1.1  1.11 1.11 1.12 1.17 1.25
 1.27 1.28 1.28 1.3  1.31 1.32 1.36 1.55 1.65 1.67 1.7  1.73 1.74 2.06
 2.13 2.32 2.52 2.73]
var: 0.37839697222222285
| [0m55       [0m | [0m0.9772   [0m | [0m0.2105   [0m | [0m18.39    [0m | [0m1.136    [0m |
[0.55 0.66 0.72 0.94 0.98 0.99 1.03 1.05 1.18 1.2  1.21 1.28 1.31 1.39
 1.43 1.45 1.47 1.53 1.57 1.6  1.61 1.62 1.66 1.74 1.76 1.77 1.78 1.79
 1.8  1.82 1.85 1.89 1.94 1.95 1.95 1.96 1.99 2.16 2.17 2.27 2.28 2.38
 2.5  2.52 2.59 2.69 2.7  2.71 2.72 2.73 2.74 2.9  2.91 3.08 3.19 3.33
 3.58 3.89 4.06 5.48]
var: 0.8129055555555554
| [0m56       [0m | [0m2.033    [0m | [0m0.2593   [0m | [0m10.21    [0m | [0m0.02611  [0m |
[0.1  0.2  0.29 0.33 0.53 0.86 0.86 0.9  1.25 1.26 1.28 1.29 1.32 1.45
 1.45 1.56 1.57 1.57 1.59 1.66 1.7  1.71 1.72 1.73 1.75 1.81 1.83 2.09
 2.13 2.14 2.21 2.29 2.34 2.37 2.48 2.48 2.49 2.52 2.53 2.63 2.64 2.71
 2.72 2.88 2.9  2.93 2.94 2.98 3.1  3.1  3.16 3.21 3.52 3.53 3.53 3.62
 3.72 3.85 3.86 4.93]
var: 1.040073888888889
| [0m57       [0m | [0m2.168    [0m | [0m0.3      [0m | [0m10.26    [0m | [0m0.1949   [0m |
[0.21 0.68 0.77 0.89 0.92 0.96 1.07 1.1  1.14 1.28 1.33 1.36 1.39 1.45
 1.56 1.56 1.57 1.6  1.61 1.74 1.79 1.88 1.95 1.98 2.01 2.04 2.06 2.09
 2.1  2.11 2.16 2.21 2.23 2.23 2.31 2.35 2.35 2.51 2.53 2.59 2.74 2.79
 2.82 2.92 2.97 3.06 3.19 3.2  3.31 3.35 3.36 3.48 3.5  3.55 3.99 4.
 4.01 4.24 4.88 4.91]
var: 1.0853056666666672
| [0m58       [0m | [0m2.299    [0m | [0m0.1625   [0m | [0m10.15    [0m | [0m0.3924   [0m |
[0.01 0.11 0.18 0.25 0.73 0.75 0.84 0.85 0.87 0.9  0.9  0.98 1.03 1.06
 1.07 1.07 1.11 1.15 1.22 1.27 1.27 1.35 1.44 1.55 1.57 1.65 1.75 1.78
 1.82 1.96 1.96 2.03 2.05 2.08 2.13 2.16 2.17 2.26 2.28 2.28 2.33 2.43
 2.44 2.52 2.68 2.77 2.78 2.79 2.88 2.89 2.94 3.08 3.15 3.23 3.45 3.59
 3.93 4.   4.32 6.04]
var: 1.2737969722222224
| [0m59       [0m | [0m1.969    [0m | [0m0.2594   [0m | [0m10.29    [0m | [0m0.4774   [0m |
[0.01 0.07 0.15 0.16 0.35 0.36 0.37 0.49 0.58 0.76 0.8  0.83 0.85 0.91
 0.93 0.95 1.03 1.05 1.16 1.52 1.53 1.53 1.57 1.61 1.66 1.66 1.94 2.02
 2.05 2.06 2.12 2.22 2.26 2.31 2.49 2.51 2.53 2.74 2.78 2.87 2.89 2.96
 3.01 3.02 3.07 3.1  3.12 3.55 3.63 3.69 3.78 3.85 3.87 3.93 4.35 4.36
 4.38 4.45 4.72 6.66]
var: 2.0199210000000005
| [0m60       [0m | [0m2.203    [0m | [0m0.2194   [0m | [0m10.03    [0m | [0m0.2993   [0m |
[0.16 0.42 0.5  0.75 0.85 0.93 0.94 1.07 1.08 1.21 1.26 1.29 1.32 1.58
 1.74 1.75 1.75 1.76 1.94 1.95 1.96 1.99 2.01 2.04 2.04 2.13 2.16 2.22
 2.24 2.52 2.52 2.58 2.59 2.61 2.63 2.64 2.64 2.69 2.73 2.78 2.82 2.9
 2.9  2.99 3.04 3.06 3.22 3.28 3.28 3.38 3.46 3.78 3.9  3.92 3.94 4.01
 4.35 4.66 5.02 6.74]
var: 1.4512532222222232
| [0m61       [0m | [0m2.444    [0m | [0m0.2385   [0m | [0m10.57    [0m | [0m0.2576   [0m |
[0.   0.   0.   0.01 0.03 0.03 0.05 0.05 0.06 0.08 0.08 0.14 0.14 0.14
 0.15 0.17 0.17 0.26 0.27 0.29 0.32 0.32 0.32 0.34 0.37 0.38 0.38 0.38
 0.4  0.41 0.41 0.42 0.44 0.45 0.45 0.5  0.51 0.51 0.54 0.54 0.54 0.56
 0.57 0.6  0.61 0.65 0.65 0.68 0.69 0.79 0.81 0.86 1.02 1.02 1.08 1.27
 1.31 1.48 1.77 1.79]
var: 0.1717412222222224
| [0m62       [0m | [0m0.4877   [0m | [0m0.2817   [0m | [0m19.0     [0m | [0m2.52     [0m |
[0.02 0.04 0.05 0.1  0.22 0.42 0.44 0.57 0.58 0.59 0.64 0.75 0.82 1.05
 1.19 1.23 1.25 1.26 1.31 1.31 1.36 1.4  1.4  1.53 1.56 1.56 1.59 1.63
 1.65 1.67 1.68 1.69 1.72 1.87 1.87 1.94 1.95 1.97 2.06 2.41 2.45 2.5
 2.51 2.58 2.59 2.63 2.64 2.82 2.83 2.84 2.99 3.03 3.06 3.28 3.4  3.56
 3.78 3.86 5.9  6.18]
var: 1.5539465555555554
| [0m63       [0m | [0m1.896    [0m | [0m0.2096   [0m | [0m10.62    [0m | [0m0.3925   [0m |
[0.04 0.26 0.32 0.33 0.44 0.81 0.82 0.98 1.07 1.08 1.13 1.24 1.5  1.72
 1.76 1.79 1.8  1.92 1.98 2.05 2.07 2.09 2.16 2.21 2.33 2.35 2.35 2.36
 2.36 2.38 2.48 2.54 2.55 2.62 2.68 2.71 2.85 2.88 2.89 2.92 2.95 2.99
 3.07 3.21 3.27 3.28 3.33 3.42 3.45 3.5  3.8  3.81 3.9  4.24 4.29 5.19
 5.3  5.52 5.75 6.55]
var: 1.9011395555555568
| [0m64       [0m | [0m2.561    [0m | [0m0.1103   [0m | [0m10.78    [0m | [0m0.0984   [0m |
[0.4  0.93 0.99 1.03 1.16 1.16 1.16 1.25 1.28 1.3  1.41 1.59 1.62 1.69
 1.71 1.75 1.93 2.03 2.05 2.1  2.12 2.14 2.16 2.2  2.27 2.29 2.33 2.38
 2.43 2.48 2.52 2.58 2.64 2.66 2.7  2.85 2.85 2.89 3.   3.04 3.07 3.09
 3.19 3.19 3.39 3.41 3.42 3.6  3.84 3.85 4.12 4.22 4.24 4.62 4.65 4.67
 4.71 4.94 5.13 7.87]
var: 1.7303549722222218
| [95m65       [0m | [95m2.705    [0m | [95m0.2588   [0m | [95m10.86    [0m | [95m0.2549   [0m |
[0.   0.01 0.02 0.06 0.06 0.08 0.09 0.09 0.1  0.1  0.11 0.14 0.15 0.19
 0.19 0.22 0.31 0.31 0.35 0.35 0.37 0.39 0.4  0.41 0.41 0.42 0.44 0.44
 0.45 0.48 0.48 0.48 0.52 0.53 0.54 0.55 0.56 0.56 0.56 0.57 0.57 0.59
 0.62 0.67 0.69 0.72 0.78 0.9  0.92 0.92 1.03 1.04 1.07 1.09 1.12 1.24
 1.39 1.54 1.76 1.76]
var: 0.17738608333333306
| [0m66       [0m | [0m0.5485   [0m | [0m0.1773   [0m | [0m41.94    [0m | [0m1.225    [0m |
[0.   0.   0.   0.   0.03 0.04 0.04 0.05 0.06 0.07 0.09 0.09 0.11 0.13
 0.13 0.16 0.2  0.2  0.22 0.31 0.31 0.32 0.36 0.44 0.44 0.45 0.49 0.5
 0.5  0.51 0.51 0.53 0.56 0.59 0.6  0.63 0.65 0.66 0.72 0.74 0.76 0.78
 0.83 0.84 0.84 0.85 0.85 0.85 0.92 0.97 1.   1.03 1.07 1.11 1.43 1.58
 1.82 2.4  2.91 3.01]
var: 0.40857163888888837
| [0m67       [0m | [0m0.6382   [0m | [0m0.262    [0m | [0m25.89    [0m | [0m1.768    [0m |
[0.16 0.29 0.3  0.45 0.53 0.68 0.8  0.83 0.85 0.86 0.93 0.98 1.07 1.1
 1.11 1.11 1.18 1.22 1.27 1.32 1.42 1.47 1.48 1.49 1.53 1.54 1.56 1.62
 1.65 1.65 1.67 1.69 1.73 1.95 2.08 2.11 2.14 2.24 2.25 2.32 2.34 2.62
 2.67 2.98 3.01 3.02 3.06 3.15 3.16 3.18 3.31 3.39 3.42 3.66 3.73 3.76
 4.63 5.12 5.63 7.98]
var: 1.9986854166666674
| [0m68       [0m | [0m2.108    [0m | [0m0.2005   [0m | [0m10.61    [0m | [0m0.4176   [0m |
[0.03 0.08 0.24 0.25 0.26 0.37 0.37 0.4  0.43 0.45 0.61 0.66 0.68 0.68
 0.71 0.72 0.78 0.83 0.89 0.9  0.93 0.95 1.05 1.06 1.06 1.09 1.09 1.12
 1.16 1.2  1.21 1.23 1.24 1.25 1.26 1.27 1.36 1.36 1.36 1.38 1.42 1.44
 1.45 1.48 1.61 1.62 1.63 1.71 1.72 1.77 1.78 1.97 2.07 2.08 2.09 2.48
 2.48 3.14 3.27 4.18]
var: 0.598477333333334
| [0m69       [0m | [0m1.256    [0m | [0m0.1865   [0m | [0m45.42    [0m | [0m0.1929   [0m |
[0.27 0.52 0.67 1.06 1.06 1.14 1.39 1.46 1.51 1.52 1.67 1.68 1.72 1.73
 1.74 1.75 1.85 1.85 1.95 2.   2.03 2.05 2.13 2.16 2.26 2.3  2.32 2.35
 2.44 2.5  2.51 2.62 2.67 2.7  2.75 2.78 2.81 2.89 2.89 2.94 2.96 3.02
 3.04 3.06 3.06 3.13 3.22 3.32 3.35 3.44 3.44 3.77 3.77 3.85 4.12 4.18
 4.24 4.35 4.5  4.78]
var: 1.0139962222222212
| [0m70       [0m | [0m2.521    [0m | [0m0.1239   [0m | [0m11.03    [0m | [0m0.2307   [0m |
[0.15 0.35 0.46 0.63 0.82 1.09 1.1  1.11 1.14 1.15 1.4  1.47 1.47 1.58
 1.59 1.64 1.64 1.66 1.73 1.75 1.75 1.79 1.85 1.89 1.99 2.   2.07 2.11
 2.16 2.16 2.2  2.24 2.25 2.26 2.29 2.45 2.49 2.7  2.77 2.78 2.81 2.86
 2.88 2.91 3.03 3.19 3.28 3.4  3.54 3.56 3.56 3.67 3.74 3.83 3.83 4.11
 5.22 5.28 5.29 7.46]
var: 1.7374265555555553
| [0m71       [0m | [0m2.426    [0m | [0m0.2574   [0m | [0m10.93    [0m | [0m0.08415  [0m |
[0.69 0.73 0.76 0.8  0.92 1.03 1.05 1.15 1.17 1.26 1.26 1.41 1.47 1.48
 1.51 1.55 1.72 1.73 1.75 1.75 1.75 1.86 1.92 1.96 2.13 2.23 2.3  2.31
 2.31 2.34 2.38 2.45 2.45 2.47 2.56 2.58 2.58 2.64 2.64 2.67 2.7  2.71
 2.85 2.87 2.97 3.08 3.09 3.17 3.2  3.26 3.27 3.39 3.66 3.88 4.21 4.25
 4.28 4.43 4.89 4.89]
var: 1.1022847499999997
| [0m72       [0m | [0m2.38     [0m | [0m0.09777  [0m | [0m10.9     [0m | [0m0.3617   [0m |
[0.   0.06 0.16 0.17 0.18 0.19 0.2  0.22 0.22 0.26 0.27 0.28 0.29 0.31
 0.32 0.34 0.34 0.34 0.35 0.37 0.37 0.37 0.39 0.39 0.41 0.42 0.45 0.46
 0.48 0.53 0.63 0.65 0.67 0.7  0.71 0.77 0.78 0.85 0.87 0.92 0.93 0.95
 0.99 1.01 1.01 1.07 1.11 1.11 1.32 1.42 1.43 1.45 1.65 1.66 1.81 2.03
 2.13 2.76 4.15 5.28]
var: 0.8407439999999996
| [0m73       [0m | [0m0.866    [0m | [0m0.03228  [0m | [0m3.18     [0m | [0m1.261    [0m |
[0.05 0.06 0.08 0.09 0.09 0.1  0.13 0.14 0.15 0.15 0.19 0.23 0.29 0.32
 0.33 0.35 0.36 0.38 0.38 0.39 0.41 0.41 0.42 0.45 0.47 0.47 0.48 0.5
 0.52 0.54 0.55 0.55 0.56 0.57 0.58 0.58 0.6  0.62 0.65 0.69 0.69 0.74
 0.77 0.79 0.87 0.94 1.   1.   1.02 1.03 1.05 1.08 1.09 1.13 1.22 1.65
 1.69 1.86 1.87 1.94]
var: 0.21664608333333268
| [0m74       [0m | [0m0.6385   [0m | [0m0.2884   [0m | [0m11.78    [0m | [0m1.609    [0m |
[0.03 0.16 0.22 0.27 0.31 0.58 0.81 1.08 1.17 1.18 1.2  1.27 1.32 1.36
 1.37 1.41 1.46 1.47 1.48 1.56 1.58 1.63 1.71 1.71 1.73 1.79 1.81 1.84
 1.88 1.92 1.94 1.97 1.99 2.07 2.16 2.24 2.27 2.28 2.34 2.36 2.44 2.45
 2.52 2.55 2.61 2.74 2.87 2.99 3.03 3.14 3.32 3.35 3.36 3.38 3.54 3.72
 4.05 5.68 5.81 6.75]
var: 1.6493236388888883
| [0m75       [0m | [0m2.154    [0m | [0m0.3      [0m | [0m11.04    [0m | [0m0.3411   [0m |
[0.17 0.19 0.2  0.46 0.46 0.47 0.51 0.55 0.58 0.69 0.7  0.83 0.87 0.99
 1.   1.02 1.05 1.2  1.27 1.3  1.34 1.37 1.44 1.55 1.55 1.59 1.61 1.62
 1.64 1.7  1.71 1.76 1.76 1.79 1.79 1.8  1.81 1.81 1.82 1.84 1.86 1.91
 1.92 2.11 2.14 2.19 2.28 2.35 2.4  2.47 2.49 2.64 2.88 3.23 3.6  3.86
 4.02 4.22 5.33 5.79]
var: 1.3179472222222222
| [0m76       [0m | [0m1.792    [0m | [0m0.04958  [0m | [0m10.59    [0m | [0m0.5933   [0m |
[0.   0.   0.   0.01 0.01 0.01 0.02 0.02 0.03 0.03 0.04 0.04 0.05 0.05
 0.06 0.07 0.08 0.09 0.14 0.14 0.15 0.15 0.16 0.16 0.16 0.17 0.19 0.2
 0.21 0.25 0.25 0.26 0.27 0.3  0.3  0.32 0.33 0.33 0.34 0.36 0.37 0.37
 0.38 0.4  0.4  0.43 0.45 0.48 0.48 0.48 0.53 0.54 0.54 0.55 0.55 0.57
 0.58 0.72 1.19 2.19]
var: 0.1110476388888886
| [0m77       [0m | [0m0.2992   [0m | [0m0.2087   [0m | [0m33.18    [0m | [0m2.719    [0m |
[0.55 0.61 0.98 1.1  1.13 1.25 1.27 1.29 1.58 1.58 1.74 1.85 2.   2.02
 2.06 2.13 2.13 2.16 2.19 2.23 2.37 2.39 2.4  2.42 2.43 2.44 2.48 2.56
 2.59 2.63 2.78 2.84 2.88 2.97 3.11 3.19 3.19 3.21 3.28 3.32 3.37 3.68
 3.85 3.86 3.88 3.94 3.99 4.23 4.32 4.67 4.74 4.98 5.06 5.08 5.38 5.42
 5.84 6.43 6.47 6.52]
var: 2.1716395555555557
| [95m78       [0m | [95m3.051    [0m | [95m0.08835  [0m | [95m11.07    [0m | [95m0.03493  [0m |
[0.03 0.21 0.41 0.65 1.04 1.29 1.38 1.46 1.46 1.59 1.6  1.61 1.65 1.68
 2.08 2.15 2.17 2.2  2.23 2.3  2.36 2.37 2.49 2.66 2.75 2.75 2.75 2.86
 2.99 3.03 3.04 3.09 3.13 3.14 3.14 3.17 3.18 3.23 3.31 3.43 3.43 3.57
 3.57 3.65 4.05 4.29 4.42 4.43 4.47 4.52 4.53 4.56 4.89 4.92 5.04 5.18
 5.19 5.26 5.58 9.86]
var: 2.5861403055555536
| [95m79       [0m | [95m3.058    [0m | [95m0.02118  [0m | [95m11.32    [0m | [95m0.05939  [0m |
[0.29 0.77 0.86 0.95 1.01 1.16 1.18 1.31 1.35 1.35 1.37 1.41 1.42 1.46
 1.48 1.52 1.54 1.71 1.85 1.98 2.02 2.04 2.05 2.06 2.17 2.17 2.18 2.18
 2.26 2.32 2.33 2.36 2.37 2.39 2.4  2.44 2.47 2.56 2.62 2.72 2.84 2.86
 2.87 2.98 3.01 3.01 3.04 3.06 3.25 3.3  3.32 3.52 3.67 3.88 3.94 4.21
 4.39 4.48 5.24 5.75]
var: 1.1878072222222222
| [0m80       [0m | [0m2.412    [0m | [0m0.218    [0m | [0m11.31    [0m | [0m0.05062  [0m |
=============================================================
None
num_trials:  40  inits,  40  iters,  60  per
rho:  1.1
pthin:  0.40

Best VPT: 3.0578333333333343
Best result: {'a': 0.021182345010178617, 'g': 11.322977907491579, 's': 0.059393475482875914}

KERNEL: nu=1.5, lengthscale=2.0, alpha=0.0005
