|   iter    |  target   |     a     |     g     |     s     |
-------------------------------------------------------------
[0.   0.01 0.04 0.05 0.06 0.08 0.08 0.1  0.11 0.12 0.13 0.13 0.17 0.18
 0.19 0.2  0.2  0.21 0.21 0.24 0.25 0.27 0.27 0.33 0.35 0.36 0.36 0.41
 0.42 0.42 0.42 0.42 0.44 0.46 0.47 0.47 0.5  0.5  0.53 0.54 0.55 0.56
 0.56 0.57 0.59 0.6  0.61 0.63 0.67 0.67 0.69 0.73 0.8  0.91 0.96 1.04
 1.05 1.36 1.43 1.54]
var: 0.11726322222222232
| [0m1        [0m | [0m0.4537   [0m | [0m0.2049   [0m | [0m15.22    [0m | [0m2.512    [0m |
[0.   0.01 0.02 0.05 0.06 0.08 0.13 0.15 0.17 0.18 0.2  0.21 0.24 0.32
 0.32 0.32 0.33 0.34 0.36 0.38 0.4  0.42 0.42 0.43 0.43 0.45 0.46 0.47
 0.48 0.49 0.51 0.55 0.57 0.57 0.6  0.64 0.66 0.7  0.7  0.71 0.81 0.82
 0.88 0.98 0.99 1.02 1.02 1.06 1.09 1.16 1.24 1.37 1.4  1.4  1.42 1.43
 1.53 1.76 1.93 2.09]
var: 0.2514380833333333
| [95m2        [0m | [95m0.6655   [0m | [95m0.02709  [0m | [95m6.577    [0m | [95m1.171    [0m |
[0.   0.03 0.05 0.06 0.09 0.1  0.16 0.17 0.22 0.22 0.22 0.23 0.23 0.24
 0.25 0.26 0.27 0.28 0.29 0.3  0.33 0.34 0.35 0.35 0.37 0.39 0.4  0.41
 0.42 0.43 0.44 0.44 0.46 0.48 0.49 0.5  0.59 0.63 0.64 0.64 0.68 0.69
 0.74 0.75 0.75 0.77 0.78 0.8  0.84 0.86 0.86 0.97 1.01 1.05 1.18 1.31
 1.32 1.49 1.63 2.  ]
var: 0.16962763888888882
| [0m3        [0m | [0m0.5542   [0m | [0m0.1453   [0m | [0m11.61    [0m | [0m1.535    [0m |
[0.   0.   0.01 0.01 0.02 0.03 0.04 0.04 0.04 0.06 0.07 0.09 0.11 0.13
 0.2  0.24 0.27 0.27 0.28 0.29 0.31 0.37 0.38 0.4  0.4  0.43 0.44 0.46
 0.46 0.48 0.49 0.5  0.51 0.55 0.58 0.58 0.6  0.6  0.62 0.64 0.65 0.68
 0.69 0.81 0.84 0.93 0.94 1.01 1.04 1.11 1.11 1.28 1.33 1.37 1.38 1.38
 1.42 1.48 2.1  3.05]
var: 0.31917000000000034
| [0m4        [0m | [0m0.61     [0m | [0m0.101    [0m | [0m36.55    [0m | [0m0.805    [0m |
[0.   0.   0.01 0.04 0.05 0.06 0.06 0.06 0.07 0.07 0.09 0.09 0.12 0.12
 0.14 0.15 0.17 0.2  0.2  0.21 0.22 0.24 0.28 0.28 0.3  0.33 0.34 0.35
 0.37 0.43 0.44 0.44 0.45 0.46 0.47 0.48 0.5  0.52 0.53 0.53 0.59 0.66
 0.7  0.71 0.71 0.72 0.74 0.75 0.77 0.8  0.97 1.11 1.12 1.13 1.2  1.32
 1.42 1.53 1.56 1.8 ]
var: 0.19169433333333355
| [0m5        [0m | [0m0.503    [0m | [0m0.01829  [0m | [0m35.98    [0m | [0m1.622    [0m |
[0.01 0.01 0.04 0.04 0.04 0.07 0.08 0.14 0.15 0.19 0.22 0.23 0.23 0.24
 0.24 0.26 0.33 0.34 0.36 0.4  0.43 0.44 0.45 0.45 0.47 0.47 0.48 0.49
 0.51 0.52 0.54 0.58 0.58 0.6  0.63 0.66 0.72 0.76 0.77 0.78 0.83 0.85
 0.86 0.86 0.87 0.9  0.92 0.92 0.95 1.01 1.02 1.04 1.2  1.23 1.28 1.28
 1.32 1.4  1.63 1.68]
var: 0.1735955555555559
| [0m6        [0m | [0m0.6167   [0m | [0m0.07732  [0m | [0m8.719    [0m | [0m1.794    [0m |
[0.   0.01 0.01 0.01 0.02 0.04 0.06 0.07 0.11 0.12 0.16 0.19 0.22 0.24
 0.25 0.27 0.29 0.31 0.31 0.32 0.33 0.35 0.38 0.38 0.4  0.41 0.43 0.44
 0.44 0.44 0.46 0.46 0.49 0.56 0.56 0.59 0.59 0.59 0.6  0.62 0.64 0.66
 0.68 0.68 0.68 0.71 0.73 0.76 0.77 0.77 0.78 0.83 0.86 0.93 0.93 1.04
 1.08 1.1  1.2  1.62]
var: 0.11256988888888891
| [0m7        [0m | [0m0.4997   [0m | [0m0.009593 [0m | [0m12.6     [0m | [0m2.171    [0m |
[0.41 0.43 0.44 0.46 0.49 0.49 0.53 0.57 0.59 0.64 0.65 0.66 0.67 0.67
 0.68 0.71 0.74 0.77 0.79 0.8  0.81 0.86 0.93 0.96 0.97 1.03 1.04 1.05
 1.13 1.18 1.2  1.2  1.2  1.21 1.23 1.26 1.34 1.36 1.39 1.39 1.4  1.43
 1.48 1.55 1.55 1.56 1.61 1.69 1.72 1.81 1.82 1.88 1.91 1.92 1.93 2.14
 2.26 2.29 2.54 2.63]
var: 0.31604763888888876
| [95m8        [0m | [95m1.201    [0m | [95m0.1761   [0m | [95m25.53    [0m | [95m0.2147   [0m |
[0.   0.03 0.03 0.04 0.05 0.06 0.07 0.08 0.12 0.12 0.14 0.15 0.15 0.19
 0.2  0.2  0.21 0.24 0.24 0.24 0.24 0.24 0.28 0.31 0.31 0.31 0.34 0.35
 0.38 0.4  0.41 0.42 0.43 0.44 0.44 0.44 0.46 0.48 0.49 0.57 0.57 0.6
 0.62 0.65 0.67 0.69 0.69 0.7  0.71 0.72 0.73 0.77 0.78 0.8  0.8  0.88
 0.95 1.04 1.07 1.21]
var: 0.08587541666666679
| [0m9        [0m | [0m0.4325   [0m | [0m0.2533   [0m | [0m7.812    [0m | [0m2.343    [0m |
[0.   0.   0.   0.   0.   0.   0.02 0.05 0.06 0.13 0.14 0.14 0.17 0.17
 0.17 0.19 0.21 0.22 0.26 0.31 0.31 0.36 0.36 0.37 0.38 0.39 0.4  0.44
 0.45 0.48 0.51 0.51 0.55 0.55 0.55 0.56 0.56 0.58 0.63 0.69 0.69 0.71
 0.72 0.74 0.76 0.77 0.78 0.79 0.82 0.83 0.84 1.19 1.24 1.26 1.31 1.35
 2.1  2.37 2.68 2.78]
var: 0.374813333333333
| [0m10       [0m | [0m0.61     [0m | [0m0.03453  [0m | [0m27.04    [0m | [0m1.313    [0m |
[0.   0.01 0.04 0.04 0.05 0.08 0.09 0.1  0.11 0.13 0.15 0.16 0.16 0.16
 0.17 0.18 0.21 0.22 0.22 0.23 0.23 0.23 0.27 0.27 0.29 0.3  0.3  0.31
 0.33 0.33 0.37 0.37 0.4  0.41 0.42 0.42 0.44 0.44 0.48 0.49 0.5  0.5
 0.51 0.51 0.51 0.51 0.59 0.62 0.63 0.74 0.76 0.77 0.82 0.83 0.86 0.92
 0.99 0.99 1.17 1.2 ]
var: 0.08538566666666664
| [0m11       [0m | [0m0.409    [0m | [0m0.2465   [0m | [0m1.622    [0m | [0m2.369    [0m |
[0.02 0.02 0.02 0.03 0.04 0.05 0.07 0.09 0.12 0.17 0.19 0.2  0.22 0.24
 0.27 0.27 0.29 0.32 0.33 0.34 0.35 0.37 0.37 0.4  0.42 0.43 0.43 0.43
 0.47 0.47 0.47 0.49 0.55 0.57 0.57 0.59 0.6  0.61 0.62 0.66 0.66 0.68
 0.71 0.71 0.74 0.84 0.86 0.88 0.89 0.92 0.96 0.98 1.   1.04 1.1  1.13
 1.15 1.19 1.31 1.57]
var: 0.13221274999999993
| [0m12       [0m | [0m0.5415   [0m | [0m0.215    [0m | [0m22.58    [0m | [0m0.9955   [0m |
[0.   0.   0.   0.02 0.03 0.03 0.05 0.06 0.07 0.08 0.09 0.11 0.13 0.14
 0.14 0.2  0.21 0.22 0.25 0.27 0.29 0.32 0.32 0.33 0.33 0.36 0.37 0.37
 0.37 0.37 0.38 0.41 0.43 0.44 0.46 0.46 0.47 0.48 0.5  0.51 0.57 0.57
 0.58 0.63 0.65 0.65 0.72 0.74 0.75 0.77 0.77 0.79 0.81 0.83 0.93 0.95
 1.02 1.34 1.59 1.86]
var: 0.14231830555555566
| [0m13       [0m | [0m0.4598   [0m | [0m0.2758   [0m | [0m17.91    [0m | [0m2.699    [0m |
[0.   0.   0.01 0.02 0.03 0.05 0.06 0.06 0.06 0.06 0.07 0.1  0.12 0.15
 0.19 0.21 0.23 0.23 0.23 0.26 0.26 0.29 0.3  0.32 0.33 0.35 0.36 0.37
 0.39 0.41 0.42 0.42 0.43 0.44 0.44 0.45 0.45 0.45 0.46 0.46 0.49 0.5
 0.52 0.59 0.62 0.65 0.69 0.73 0.73 0.73 0.76 0.77 0.77 0.78 0.78 0.85
 1.01 1.06 1.08 1.1 ]
var: 0.08609097222222221
| [0m14       [0m | [0m0.4192   [0m | [0m0.2467   [0m | [0m1.979    [0m | [0m1.123    [0m |
[0.   0.   0.   0.   0.   0.04 0.04 0.05 0.06 0.06 0.14 0.15 0.15 0.17
 0.18 0.18 0.19 0.19 0.19 0.2  0.22 0.24 0.24 0.3  0.31 0.32 0.33 0.33
 0.34 0.35 0.36 0.36 0.36 0.38 0.38 0.38 0.43 0.43 0.43 0.45 0.46 0.46
 0.49 0.49 0.5  0.52 0.53 0.53 0.53 0.54 0.61 0.63 0.72 0.85 0.98 1.09
 1.21 1.24 1.34 2.01]
var: 0.13708900000000018
| [0m15       [0m | [0m0.411    [0m | [0m0.2769   [0m | [0m33.8     [0m | [0m1.671    [0m |
[0.02 0.03 0.03 0.04 0.05 0.05 0.06 0.06 0.07 0.08 0.12 0.13 0.14 0.16
 0.16 0.18 0.19 0.2  0.24 0.25 0.25 0.26 0.26 0.26 0.29 0.29 0.29 0.31
 0.32 0.35 0.36 0.39 0.4  0.41 0.41 0.43 0.45 0.5  0.52 0.55 0.56 0.58
 0.58 0.67 0.78 0.79 0.81 0.87 0.96 1.01 1.05 1.06 1.22 1.27 1.6  1.61
 1.84 1.92 2.56 2.57]
var: 0.34662808333333345
| [0m16       [0m | [0m0.5645   [0m | [0m0.2758   [0m | [0m22.1     [0m | [0m0.6383   [0m |
[0.   0.01 0.06 0.07 0.12 0.14 0.18 0.19 0.19 0.19 0.22 0.22 0.28 0.28
 0.3  0.31 0.32 0.34 0.36 0.38 0.4  0.41 0.42 0.43 0.48 0.49 0.5  0.51
 0.53 0.53 0.53 0.56 0.59 0.62 0.63 0.65 0.66 0.67 0.73 0.8  0.85 0.87
 0.89 0.95 1.   1.03 1.05 1.07 1.08 1.09 1.16 1.16 1.25 1.26 1.28 1.3
 1.34 1.47 1.56 1.73]
var: 0.18319163888888948
| [0m17       [0m | [0m0.6448   [0m | [0m0.1245   [0m | [0m10.54    [0m | [0m2.158    [0m |
[0.   0.   0.03 0.05 0.06 0.07 0.1  0.11 0.16 0.17 0.18 0.18 0.2  0.21
 0.25 0.28 0.32 0.33 0.34 0.42 0.44 0.45 0.46 0.47 0.51 0.55 0.56 0.56
 0.57 0.59 0.59 0.61 0.65 0.65 0.65 0.66 0.66 0.68 0.7  0.73 0.75 0.78
 0.79 0.79 0.82 0.91 0.93 0.94 0.97 0.97 1.12 1.16 1.2  1.31 1.34 1.36
 1.43 1.55 2.57 2.94]
var: 0.3020636388888886
| [0m18       [0m | [0m0.6638   [0m | [0m0.1619   [0m | [0m38.07    [0m | [0m0.5262   [0m |
[0.   0.   0.   0.   0.   0.   0.   0.   0.   0.   0.   0.01 0.01 0.01
 0.01 0.01 0.02 0.02 0.02 0.02 0.02 0.02 0.03 0.03 0.03 0.03 0.03 0.03
 0.03 0.03 0.03 0.03 0.03 0.04 0.04 0.04 0.04 0.05 0.05 0.05 0.05 0.05
 0.05 0.05 0.06 0.06 0.06 0.06 0.06 0.07 0.09 0.09 0.09 0.09 0.12 0.12
 0.13 0.14 0.17 0.18]
var: 0.0017655555555555831
| [0m19       [0m | [0m0.04333  [0m | [0m0.2888   [0m | [0m20.75    [0m | [0m0.007027 [0m |
[0.   0.   0.   0.01 0.02 0.03 0.05 0.06 0.07 0.16 0.17 0.2  0.21 0.24
 0.27 0.27 0.27 0.27 0.28 0.29 0.3  0.32 0.33 0.34 0.34 0.36 0.39 0.39
 0.45 0.45 0.46 0.48 0.49 0.51 0.52 0.53 0.54 0.55 0.55 0.59 0.61 0.64
 0.65 0.66 0.69 0.71 0.71 0.73 0.74 0.77 0.78 0.82 0.89 0.91 1.06 1.12
 1.18 1.19 1.39 1.76]
var: 0.13193363888888854
| [0m20       [0m | [0m0.4962   [0m | [0m0.09134  [0m | [0m24.54    [0m | [0m1.548    [0m |
[0.   0.01 0.02 0.04 0.04 0.04 0.06 0.07 0.07 0.07 0.09 0.11 0.13 0.13
 0.13 0.16 0.18 0.2  0.22 0.22 0.22 0.26 0.26 0.28 0.34 0.35 0.35 0.44
 0.44 0.45 0.46 0.46 0.48 0.49 0.51 0.51 0.51 0.51 0.52 0.54 0.55 0.56
 0.58 0.58 0.59 0.59 0.6  0.67 0.68 0.69 0.74 0.74 0.79 0.79 0.85 1.25
 1.67 1.8  1.99 2.3 ]
var: 0.2208532222222227
| [0m21       [0m | [0m0.4897   [0m | [0m0.2112   [0m | [0m23.65    [0m | [0m1.814    [0m |
[0.   0.01 0.01 0.01 0.02 0.03 0.04 0.04 0.04 0.04 0.07 0.1  0.12 0.13
 0.14 0.15 0.16 0.18 0.2  0.22 0.24 0.28 0.28 0.29 0.3  0.3  0.33 0.34
 0.35 0.35 0.37 0.37 0.39 0.4  0.4  0.41 0.42 0.42 0.43 0.44 0.44 0.45
 0.46 0.48 0.49 0.5  0.51 0.56 0.56 0.57 0.61 0.61 0.65 0.72 0.76 0.78
 0.84 0.85 0.94 2.36]
var: 0.12237955555555552
| [0m22       [0m | [0m0.3827   [0m | [0m0.1442   [0m | [0m23.98    [0m | [0m2.126    [0m |
[0.   0.01 0.02 0.02 0.08 0.09 0.09 0.12 0.15 0.16 0.2  0.22 0.23 0.27
 0.28 0.33 0.39 0.39 0.4  0.4  0.43 0.43 0.52 0.53 0.55 0.58 0.6  0.6
 0.62 0.65 0.66 0.7  0.71 0.71 0.71 0.8  0.82 0.84 0.87 0.87 0.88 0.89
 0.92 0.94 0.97 1.   1.16 1.22 1.31 1.31 1.41 1.41 1.56 1.56 1.62 1.73
 1.74 1.88 1.93 2.04]
var: 0.2922069722222224
| [0m23       [0m | [0m0.7422   [0m | [0m0.07382  [0m | [0m16.62    [0m | [0m0.9578   [0m |
[0.   0.   0.   0.11 0.13 0.13 0.13 0.16 0.23 0.24 0.26 0.26 0.27 0.27
 0.27 0.27 0.28 0.28 0.29 0.37 0.38 0.38 0.39 0.43 0.44 0.46 0.46 0.46
 0.47 0.48 0.49 0.49 0.5  0.51 0.53 0.57 0.57 0.58 0.59 0.59 0.61 0.63
 0.63 0.63 0.65 0.65 0.65 0.65 0.67 0.68 0.73 0.78 0.78 0.87 0.97 1.2
 1.23 1.29 2.39 2.47]
var: 0.1980993333333331
| [0m24       [0m | [0m0.548    [0m | [0m0.02521  [0m | [0m25.38    [0m | [0m1.865    [0m |
[0.05 0.07 0.08 0.1  0.11 0.13 0.13 0.14 0.17 0.18 0.19 0.2  0.22 0.22
 0.24 0.24 0.28 0.3  0.3  0.37 0.37 0.39 0.4  0.43 0.45 0.45 0.47 0.48
 0.52 0.52 0.54 0.55 0.57 0.58 0.59 0.61 0.62 0.64 0.64 0.67 0.69 0.69
 0.7  0.7  0.71 0.72 0.73 0.75 0.79 0.91 0.96 1.11 1.18 1.19 1.24 1.25
 1.26 1.81 1.84 3.38]
var: 0.2856032222222223
| [0m25       [0m | [0m0.6137   [0m | [0m0.04944  [0m | [0m31.45    [0m | [0m1.316    [0m |
[0.34 0.42 0.49 1.07 1.2  1.29 1.35 1.41 1.44 1.57 1.62 1.63 1.66 1.69
 1.81 1.87 1.91 1.92 2.07 2.18 2.19 2.2  2.23 2.27 2.29 2.29 2.35 2.38
 2.47 2.47 2.6  2.69 2.71 2.81 2.91 2.97 2.98 3.04 3.12 3.13 3.24 3.24
 3.31 3.33 3.43 3.44 3.47 3.5  3.55 3.83 4.02 4.04 4.17 4.2  4.35 4.59
 4.62 4.82 5.07 5.45]
var: 1.3368394166666664
| [95m26       [0m | [95m2.679    [0m | [95m0.002714 [0m | [95m42.33    [0m | [95m0.06661  [0m |
[0.   0.   0.01 0.02 0.09 0.16 0.17 0.19 0.2  0.21 0.21 0.22 0.23 0.23
 0.25 0.29 0.32 0.32 0.33 0.34 0.41 0.41 0.43 0.44 0.44 0.44 0.44 0.47
 0.48 0.5  0.51 0.51 0.51 0.52 0.56 0.56 0.56 0.56 0.57 0.58 0.58 0.61
 0.62 0.64 0.64 0.68 0.69 0.72 0.72 0.82 0.85 0.96 1.08 1.15 1.22 1.34
 1.48 1.74 1.92 1.99]
var: 0.1889390000000001
| [0m27       [0m | [0m0.569    [0m | [0m0.1041   [0m | [0m14.91    [0m | [0m1.625    [0m |
[0.   0.   0.   0.   0.   0.01 0.02 0.03 0.03 0.04 0.06 0.06 0.06 0.07
 0.09 0.11 0.13 0.14 0.17 0.17 0.18 0.18 0.19 0.22 0.23 0.24 0.25 0.26
 0.27 0.27 0.28 0.28 0.28 0.28 0.29 0.31 0.33 0.34 0.34 0.34 0.35 0.35
 0.39 0.42 0.48 0.49 0.5  0.52 0.54 0.54 0.57 0.57 0.63 0.65 0.68 0.7
 0.75 0.93 1.08 1.94]
var: 0.10206030555555533
| [0m28       [0m | [0m0.3272   [0m | [0m0.06972  [0m | [0m46.85    [0m | [0m1.749    [0m |
[0.01 0.02 0.02 0.03 0.03 0.05 0.06 0.06 0.07 0.07 0.08 0.08 0.09 0.1
 0.11 0.12 0.12 0.13 0.13 0.13 0.14 0.14 0.16 0.18 0.2  0.22 0.23 0.25
 0.28 0.3  0.32 0.32 0.33 0.33 0.34 0.35 0.35 0.39 0.39 0.41 0.42 0.44
 0.48 0.5  0.51 0.52 0.58 0.59 0.61 0.66 0.66 0.7  0.75 0.75 0.87 0.89
 0.91 1.14 1.24 1.39]
var: 0.10092208333333333
| [0m29       [0m | [0m0.3625   [0m | [0m0.1249   [0m | [0m26.05    [0m | [0m2.153    [0m |
[0.   0.   0.   0.01 0.02 0.03 0.04 0.05 0.06 0.06 0.06 0.07 0.08 0.08
 0.1  0.12 0.14 0.15 0.16 0.16 0.17 0.17 0.18 0.19 0.19 0.21 0.23 0.24
 0.27 0.28 0.29 0.29 0.3  0.3  0.32 0.33 0.35 0.37 0.37 0.37 0.45 0.47
 0.47 0.48 0.49 0.49 0.5  0.51 0.55 0.61 0.62 0.63 0.77 0.81 0.83 0.84
 1.   1.06 1.14 1.76]
var: 0.11072497222222219
| [0m30       [0m | [0m0.3548   [0m | [0m0.08021  [0m | [0m28.99    [0m | [0m2.235    [0m |
[0.   0.03 0.09 0.1  0.12 0.13 0.14 0.17 0.19 0.19 0.21 0.22 0.24 0.24
 0.26 0.26 0.27 0.27 0.28 0.3  0.3  0.32 0.32 0.33 0.33 0.34 0.34 0.35
 0.36 0.36 0.36 0.37 0.37 0.39 0.42 0.45 0.46 0.47 0.47 0.49 0.49 0.49
 0.5  0.52 0.52 0.56 0.64 0.69 0.7  0.71 0.75 0.8  0.82 0.84 0.85 0.9
 1.   1.16 1.27 1.33]
var: 0.08451541666666679
| [0m31       [0m | [0m0.4475   [0m | [0m0.1014   [0m | [0m2.186    [0m | [0m2.453    [0m |
[0.   0.   0.   0.   0.01 0.01 0.01 0.02 0.02 0.02 0.02 0.04 0.06 0.09
 0.1  0.14 0.14 0.14 0.15 0.15 0.15 0.16 0.16 0.2  0.22 0.22 0.23 0.25
 0.25 0.26 0.27 0.28 0.28 0.28 0.3  0.32 0.33 0.33 0.34 0.34 0.34 0.35
 0.37 0.38 0.4  0.4  0.4  0.47 0.49 0.5  0.51 0.59 0.63 0.63 0.65 0.83
 0.88 0.99 1.19 1.49]
var: 0.08784766666666664
| [0m32       [0m | [0m0.313    [0m | [0m0.1347   [0m | [0m28.75    [0m | [0m2.343    [0m |
[0.04 0.04 0.07 0.11 0.15 0.17 0.17 0.17 0.18 0.2  0.21 0.22 0.23 0.23
 0.26 0.26 0.28 0.28 0.32 0.33 0.34 0.34 0.37 0.37 0.38 0.38 0.39 0.41
 0.45 0.48 0.48 0.49 0.5  0.5  0.55 0.57 0.58 0.6  0.6  0.63 0.66 0.66
 0.66 0.67 0.67 0.7  0.71 0.8  0.89 0.98 0.99 1.01 1.07 1.12 1.15 1.18
 1.23 1.43 1.98 2.25]
var: 0.18870233333333344
| [0m33       [0m | [0m0.569    [0m | [0m0.01721  [0m | [0m9.713    [0m | [0m2.367    [0m |
[0.01 0.02 0.04 0.05 0.05 0.07 0.08 0.08 0.08 0.09 0.12 0.12 0.16 0.2
 0.21 0.21 0.24 0.28 0.28 0.28 0.28 0.3  0.3  0.34 0.34 0.35 0.35 0.37
 0.38 0.38 0.4  0.42 0.42 0.43 0.43 0.43 0.44 0.44 0.46 0.48 0.48 0.5
 0.51 0.54 0.58 0.59 0.61 0.62 0.64 0.65 0.7  0.74 0.76 0.78 0.85 0.96
 0.99 1.18 1.22 1.41]
var: 0.09280488888888887
| [0m34       [0m | [0m0.4287   [0m | [0m0.2061   [0m | [0m27.49    [0m | [0m1.794    [0m |
[0.05 0.08 0.08 0.12 0.12 0.16 0.3  0.39 0.4  0.43 0.49 0.51 0.54 0.54
 0.58 0.6  0.62 0.65 0.65 0.73 0.74 0.76 0.78 0.79 0.8  0.85 0.87 0.87
 0.89 0.9  0.93 0.96 1.   1.01 1.02 1.03 1.04 1.07 1.08 1.1  1.12 1.13
 1.16 1.17 1.2  1.21 1.26 1.32 1.32 1.33 1.35 1.42 1.44 1.72 1.98 2.12
 2.23 2.4  2.8  2.96]
var: 0.3800936388888892
| [0m35       [0m | [0m0.9862   [0m | [0m0.2932   [0m | [0m3.999    [0m | [0m0.2386   [0m |
[0.04 0.04 0.05 0.11 0.14 0.2  0.23 0.23 0.24 0.26 0.28 0.31 0.32 0.33
 0.34 0.37 0.42 0.43 0.43 0.47 0.48 0.48 0.49 0.5  0.51 0.51 0.56 0.57
 0.58 0.6  0.6  0.62 0.62 0.66 0.67 0.69 0.7  0.7  0.71 0.71 0.73 0.74
 0.76 0.77 0.78 0.8  0.87 0.89 0.9  0.94 0.94 1.08 1.08 1.16 1.16 1.18
 1.21 1.26 1.27 1.44]
var: 0.11271955555555535
| [0m36       [0m | [0m0.6193   [0m | [0m0.141    [0m | [0m10.18    [0m | [0m1.562    [0m |
[0.   0.   0.   0.01 0.01 0.01 0.02 0.02 0.04 0.05 0.08 0.09 0.09 0.1
 0.16 0.16 0.16 0.17 0.17 0.18 0.18 0.19 0.2  0.2  0.25 0.26 0.26 0.3
 0.31 0.31 0.31 0.34 0.35 0.36 0.37 0.37 0.37 0.4  0.42 0.44 0.46 0.47
 0.47 0.51 0.52 0.53 0.57 0.59 0.63 0.64 0.64 0.65 0.7  0.72 0.75 0.76
 0.77 0.94 1.06 2.61]
var: 0.14977722222222203
| [0m37       [0m | [0m0.3783   [0m | [0m0.2198   [0m | [0m41.04    [0m | [0m1.115    [0m |
[0.   0.09 0.12 0.14 0.19 0.22 0.28 0.28 0.29 0.32 0.32 0.39 0.45 0.47
 0.47 0.49 0.51 0.52 0.53 0.54 0.55 0.56 0.57 0.58 0.58 0.6  0.62 0.71
 0.75 0.78 0.79 0.85 0.85 0.88 0.93 0.94 0.95 0.99 1.03 1.18 1.18 1.18
 1.23 1.27 1.28 1.33 1.33 1.34 1.43 1.49 1.58 1.7  1.76 1.77 1.8  2.01
 2.17 2.45 3.01 3.03]
var: 0.4530443055555558
| [0m38       [0m | [0m0.9442   [0m | [0m0.03169  [0m | [0m38.91    [0m | [0m0.5196   [0m |
[0.   0.   0.   0.   0.   0.   0.03 0.04 0.05 0.07 0.08 0.09 0.1  0.1
 0.11 0.12 0.12 0.13 0.13 0.13 0.17 0.17 0.17 0.2  0.21 0.21 0.23 0.24
 0.25 0.27 0.3  0.32 0.34 0.35 0.37 0.37 0.38 0.39 0.42 0.44 0.45 0.45
 0.46 0.49 0.49 0.51 0.51 0.55 0.56 0.56 0.58 0.61 0.65 0.65 0.7  0.74
 0.75 0.82 0.9  1.07]
var: 0.06487555555555548
| [0m39       [0m | [0m0.3267   [0m | [0m0.2526   [0m | [0m27.8     [0m | [0m2.027    [0m |
[0.   0.   0.   0.02 0.04 0.04 0.06 0.09 0.1  0.12 0.15 0.15 0.16 0.21
 0.25 0.29 0.3  0.33 0.35 0.35 0.36 0.38 0.38 0.39 0.4  0.4  0.41 0.41
 0.42 0.43 0.45 0.5  0.51 0.54 0.57 0.58 0.58 0.62 0.63 0.67 0.69 0.69
 0.72 0.74 0.78 0.82 0.82 0.83 0.85 0.85 0.89 0.9  0.94 1.1  1.1  1.11
 1.17 1.18 1.33 1.36]
var: 0.12733163888888868
| [0m40       [0m | [0m0.5252   [0m | [0m0.2288   [0m | [0m13.83    [0m | [0m2.342    [0m |
[0.09 0.15 0.15 0.2  0.2  0.21 0.24 0.27 0.27 0.27 0.27 0.28 0.28 0.28
 0.28 0.28 0.29 0.29 0.31 0.32 0.32 0.33 0.36 0.41 0.43 0.43 0.43 0.45
 0.46 0.47 0.48 0.48 0.49 0.49 0.49 0.5  0.52 0.52 0.54 0.55 0.55 0.55
 0.55 0.57 0.62 0.66 0.68 0.68 0.69 0.71 0.76 0.77 0.78 1.13 1.15 1.21
 1.28 1.7  1.72 1.89]
var: 0.14257141666666653
| [0m41       [0m | [0m0.5455   [0m | [0m1e-08    [0m | [0m42.77    [0m | [0m0.001    [0m |
[0.45 0.64 0.73 0.77 0.79 0.89 0.91 1.35 1.49 1.54 1.63 1.69 1.75 1.76
 1.77 1.89 1.92 1.95 1.97 2.05 2.06 2.1  2.1  2.11 2.11 2.23 2.27 2.35
 2.42 2.49 2.56 2.57 2.58 2.63 2.78 2.78 2.81 2.82 2.83 2.91 2.95 2.97
 3.   3.13 3.17 3.18 3.2  3.23 3.23 3.45 3.64 4.07 4.11 4.25 4.27 4.88
 4.89 5.45 5.74 6.76]
var: 1.6029709999999997
| [0m42       [0m | [0m2.617    [0m | [0m0.003003 [0m | [0m42.28    [0m | [0m0.07368  [0m |
[0.02 0.03 0.03 0.05 0.05 0.08 0.09 0.1  0.11 0.13 0.13 0.13 0.16 0.18
 0.2  0.21 0.23 0.23 0.23 0.24 0.29 0.29 0.31 0.31 0.32 0.33 0.36 0.37
 0.38 0.39 0.39 0.4  0.4  0.42 0.43 0.47 0.49 0.5  0.51 0.53 0.56 0.58
 0.58 0.67 0.68 0.68 0.69 0.79 0.81 0.83 0.83 0.99 1.   1.   1.   1.22
 1.4  1.48 1.71 2.12]
var: 0.184404555555555
| [0m43       [0m | [0m0.5023   [0m | [0m0.2223   [0m | [0m18.65    [0m | [0m2.223    [0m |
[0.   0.   0.   0.02 0.03 0.03 0.04 0.05 0.06 0.07 0.11 0.12 0.14 0.15
 0.16 0.17 0.21 0.23 0.31 0.31 0.32 0.34 0.35 0.35 0.37 0.38 0.39 0.4
 0.41 0.41 0.41 0.41 0.42 0.43 0.45 0.48 0.48 0.51 0.52 0.56 0.58 0.59
 0.65 0.69 0.77 0.8  0.8  0.84 0.89 0.9  0.91 0.95 0.98 1.   1.04 1.05
 1.18 1.59 1.68 1.84]
var: 0.1743347500000003
| [0m44       [0m | [0m0.5055   [0m | [0m0.2037   [0m | [0m13.36    [0m | [0m2.109    [0m |
[0.5  0.53 0.57 0.58 0.67 0.68 0.74 0.82 0.83 0.87 0.89 0.9  0.9  0.99
 1.02 1.05 1.07 1.07 1.08 1.1  1.12 1.14 1.16 1.16 1.17 1.19 1.22 1.23
 1.3  1.33 1.33 1.34 1.34 1.35 1.35 1.46 1.49 1.49 1.5  1.51 1.57 1.59
 1.65 1.71 1.73 1.79 1.81 1.83 1.86 1.88 1.89 1.97 2.02 2.04 2.21 2.31
 2.43 2.51 3.33 4.04]
var: 0.40903163888888866
| [0m45       [0m | [0m1.42     [0m | [0m0.03339  [0m | [0m42.4     [0m | [0m0.2022   [0m |
[0.11 0.24 0.42 0.45 0.45 0.45 0.55 0.59 0.62 0.64 0.68 0.69 0.71 0.73
 0.74 0.76 0.87 0.92 0.92 0.99 1.01 1.02 1.02 1.03 1.03 1.04 1.08 1.09
 1.14 1.18 1.19 1.2  1.2  1.21 1.21 1.21 1.22 1.24 1.24 1.27 1.32 1.33
 1.33 1.35 1.37 1.38 1.39 1.51 1.53 1.55 1.7  1.76 1.77 1.78 1.84 1.9
 2.04 2.05 2.38 2.5 ]
var: 0.24624455555555552
| [0m46       [0m | [0m1.152    [0m | [0m0.06951  [0m | [0m42.35    [0m | [0m0.0219   [0m |
[0.   0.02 0.02 0.04 0.08 0.09 0.14 0.14 0.15 0.15 0.18 0.19 0.22 0.24
 0.3  0.31 0.31 0.33 0.33 0.34 0.36 0.37 0.39 0.42 0.44 0.44 0.44 0.46
 0.46 0.48 0.5  0.53 0.53 0.53 0.58 0.6  0.62 0.62 0.63 0.64 0.64 0.66
 0.71 0.73 0.78 0.84 0.88 0.9  0.99 1.05 1.17 1.21 1.22 1.23 1.34 1.38
 1.4  1.56 1.61 1.8 ]
var: 0.19071488888888935
| [0m47       [0m | [0m0.5953   [0m | [0m0.08443  [0m | [0m14.71    [0m | [0m1.292    [0m |
[0.51 0.62 0.67 0.67 0.69 0.96 1.05 1.05 1.09 1.11 1.16 1.22 1.28 1.3
 1.36 1.38 1.4  1.4  1.58 1.61 1.62 1.71 1.78 1.81 1.92 2.   2.   2.01
 2.01 2.03 2.06 2.06 2.07 2.12 2.12 2.21 2.22 2.23 2.29 2.29 2.29 2.35
 2.41 2.43 2.48 2.48 2.48 2.5  2.6  2.85 2.85 3.14 3.3  3.33 3.34 3.46
 3.46 3.93 3.99 7.76]
var: 1.2181772222222225
| [0m48       [0m | [0m2.102    [0m | [0m0.00465  [0m | [0m42.41    [0m | [0m0.08826  [0m |
[0.   0.   0.   0.01 0.02 0.02 0.02 0.03 0.03 0.03 0.03 0.04 0.04 0.06
 0.06 0.07 0.09 0.09 0.09 0.1  0.1  0.1  0.11 0.13 0.14 0.17 0.18 0.2
 0.24 0.26 0.28 0.32 0.32 0.33 0.36 0.36 0.37 0.38 0.4  0.41 0.46 0.47
 0.47 0.51 0.53 0.54 0.56 0.58 0.58 0.59 0.59 0.64 0.67 0.69 0.82 0.87
 1.09 1.1  1.3  1.89]
var: 0.1315823333333333
| [0m49       [0m | [0m0.349    [0m | [0m0.2008   [0m | [0m44.87    [0m | [0m1.148    [0m |
[0.   0.   0.03 0.04 0.05 0.1  0.1  0.1  0.14 0.14 0.16 0.17 0.2  0.22
 0.23 0.24 0.24 0.24 0.27 0.29 0.29 0.29 0.3  0.31 0.31 0.36 0.38 0.38
 0.4  0.4  0.41 0.41 0.47 0.47 0.52 0.52 0.54 0.54 0.57 0.61 0.68 0.71
 0.72 0.72 0.74 0.75 0.77 0.84 0.92 1.07 1.09 1.1  1.15 1.23 1.26 1.53
 1.85 1.92 1.94 2.86]
var: 0.3041416388888886
| [0m50       [0m | [0m0.5882   [0m | [0m0.01965  [0m | [0m3.556    [0m | [0m1.294    [0m |
[0.28 0.38 0.53 0.59 0.59 0.64 0.69 0.8  0.85 0.85 0.99 1.03 1.03 1.03
 1.09 1.11 1.12 1.13 1.19 1.21 1.23 1.24 1.24 1.24 1.26 1.33 1.35 1.36
 1.37 1.39 1.4  1.42 1.47 1.51 1.7  1.71 1.76 1.79 1.8  1.82 1.87 1.88
 1.89 1.89 1.89 1.92 1.97 1.98 2.03 2.04 2.06 2.16 2.32 2.52 2.64 2.66
 2.73 3.12 3.23 3.68]
var: 0.4905266666666667
| [0m51       [0m | [0m1.55     [0m | [0m0.09751  [0m | [0m42.28    [0m | [0m0.07787  [0m |
[0.61 0.65 0.67 0.69 0.72 0.72 0.77 0.81 0.82 0.91 0.98 0.99 1.04 1.12
 1.18 1.23 1.24 1.25 1.26 1.34 1.34 1.36 1.53 1.74 1.77 1.78 1.83 1.83
 1.84 1.88 1.89 1.9  1.9  1.92 2.03 2.06 2.16 2.27 2.52 2.54 2.55 2.57
 2.59 2.63 2.66 2.68 2.81 3.18 3.25 3.29 3.31 3.32 3.66 3.72 4.4  4.46
 4.76 4.91 4.94 5.22]
var: 1.4627988888888885
| [0m52       [0m | [0m2.133    [0m | [0m0.01322  [0m | [0m42.31    [0m | [0m0.1495   [0m |
[0.01 0.02 0.02 0.04 0.14 0.17 0.19 0.21 0.22 0.23 0.26 0.27 0.3  0.32
 0.34 0.35 0.37 0.38 0.38 0.38 0.4  0.41 0.45 0.46 0.49 0.49 0.51 0.54
 0.55 0.55 0.55 0.56 0.58 0.58 0.6  0.6  0.66 0.66 0.66 0.67 0.69 0.69
 0.69 0.71 0.73 0.76 0.83 0.95 0.95 0.97 1.01 1.02 1.06 1.1  1.13 1.13
 1.26 1.3  1.48 1.52]
var: 0.1276320833333335
| [0m53       [0m | [0m0.5925   [0m | [0m0.1235   [0m | [0m12.02    [0m | [0m0.6673   [0m |
[0.   0.   0.   0.01 0.03 0.04 0.05 0.06 0.07 0.07 0.08 0.08 0.09 0.1
 0.1  0.12 0.12 0.13 0.15 0.16 0.19 0.2  0.21 0.24 0.27 0.27 0.29 0.29
 0.3  0.34 0.35 0.36 0.36 0.37 0.38 0.38 0.41 0.42 0.43 0.43 0.45 0.47
 0.48 0.5  0.51 0.51 0.51 0.53 0.56 0.59 0.59 0.6  0.66 0.69 0.77 0.8
 0.84 0.86 1.11 1.24]
var: 0.07602988888888908
| [0m54       [0m | [0m0.3537   [0m | [0m0.09797  [0m | [0m27.46    [0m | [0m1.973    [0m |
[0.47 0.49 0.51 0.52 0.6  0.61 0.63 0.64 0.65 0.67 0.69 0.7  0.74 0.77
 0.8  0.85 0.85 0.98 0.99 1.07 1.11 1.11 1.13 1.15 1.19 1.2  1.25 1.35
 1.38 1.38 1.39 1.41 1.41 1.42 1.43 1.44 1.48 1.51 1.52 1.52 1.53 1.63
 1.74 1.77 1.78 1.79 1.8  1.81 1.88 2.06 2.32 2.36 2.4  2.48 2.49 2.53
 2.76 2.89 3.17 4.15]
var: 0.5530643055555555
| [0m55       [0m | [0m1.439    [0m | [0m0.06219  [0m | [0m42.3     [0m | [0m0.1298   [0m |
[0.   0.   0.01 0.01 0.01 0.03 0.08 0.09 0.11 0.14 0.16 0.17 0.19 0.23
 0.24 0.29 0.31 0.32 0.33 0.34 0.35 0.36 0.4  0.4  0.41 0.41 0.41 0.42
 0.42 0.44 0.46 0.47 0.47 0.48 0.49 0.5  0.5  0.54 0.6  0.61 0.61 0.61
 0.61 0.64 0.64 0.64 0.65 0.67 0.74 0.82 0.84 0.86 1.05 1.09 1.17 1.23
 1.28 1.29 1.73 2.65]
var: 0.20516655555555585
| [0m56       [0m | [0m0.5337   [0m | [0m0.1075   [0m | [0m32.23    [0m | [0m1.29     [0m |
[0.05 0.08 0.09 0.29 0.33 0.35 0.35 0.55 0.6  0.67 0.7  0.71 0.72 0.73
 0.74 0.76 0.83 0.85 0.88 0.91 0.91 0.92 0.92 1.   1.08 1.12 1.17 1.25
 1.26 1.33 1.34 1.35 1.41 1.43 1.43 1.43 1.46 1.49 1.49 1.52 1.55 1.55
 1.62 1.63 1.72 1.88 1.89 1.94 2.1  2.19 2.22 2.22 2.32 2.35 2.42 2.52
 2.59 2.91 3.4  3.43]
var: 0.5996509722222219
| [0m57       [0m | [0m1.349    [0m | [0m0.003777 [0m | [0m41.76    [0m | [0m0.4293   [0m |
[0.   0.01 0.02 0.03 0.09 0.13 0.13 0.14 0.15 0.25 0.25 0.27 0.31 0.33
 0.35 0.36 0.39 0.39 0.4  0.41 0.43 0.43 0.48 0.51 0.53 0.55 0.56 0.57
 0.58 0.58 0.6  0.6  0.6  0.64 0.69 0.72 0.74 0.74 0.76 0.82 0.85 0.91
 0.94 1.02 1.02 1.06 1.13 1.2  1.4  1.5  1.54 1.65 1.71 1.73 2.05 2.05
 2.37 2.74 3.2  3.41]
var: 0.5705198888888894
| [0m58       [0m | [0m0.8337   [0m | [0m0.1516   [0m | [0m19.37    [0m | [0m0.5784   [0m |
[0.04 0.04 0.04 0.06 0.06 0.07 0.08 0.13 0.16 0.17 0.17 0.17 0.18 0.19
 0.25 0.33 0.37 0.38 0.38 0.38 0.4  0.49 0.5  0.53 0.55 0.59 0.59 0.61
 0.62 0.64 0.65 0.67 0.71 0.71 0.73 0.79 0.8  0.84 0.91 0.95 1.06 1.07
 1.09 1.14 1.15 1.18 1.23 1.25 1.37 1.41 1.43 1.48 1.5  1.88 1.95 1.99
 2.17 2.54 2.62 3.02]
var: 0.4789778888888891
| [0m59       [0m | [0m0.8243   [0m | [0m0.1022   [0m | [0m41.79    [0m | [0m0.427    [0m |
[0.26 0.55 0.57 0.57 0.6  0.64 0.65 0.71 0.78 0.89 0.9  1.01 1.1  1.13
 1.17 1.2  1.22 1.22 1.28 1.32 1.33 1.34 1.34 1.36 1.37 1.49 1.58 1.6
 1.61 1.63 1.66 1.67 1.7  1.73 1.76 1.77 1.79 1.8  1.85 1.86 1.9  1.91
 1.92 1.92 1.96 2.01 2.03 2.06 2.09 2.09 2.12 2.2  2.32 2.35 2.42 2.43
 2.59 2.87 2.99 3.12]
var: 0.40049608333333353
| [0m60       [0m | [0m1.589    [0m | [0m0.03984  [0m | [0m42.15    [0m | [0m0.1004   [0m |
[0.   0.01 0.01 0.01 0.02 0.05 0.06 0.07 0.08 0.09 0.11 0.12 0.12 0.15
 0.19 0.21 0.21 0.24 0.26 0.3  0.32 0.37 0.41 0.42 0.43 0.43 0.44 0.45
 0.46 0.46 0.46 0.48 0.49 0.49 0.5  0.57 0.57 0.57 0.58 0.58 0.58 0.6
 0.61 0.62 0.63 0.64 0.67 0.8  0.8  0.81 0.82 0.83 0.91 0.92 0.95 0.97
 1.02 1.13 1.23 1.37]
var: 0.10873722222222254
| [0m61       [0m | [0m0.4783   [0m | [0m0.242    [0m | [0m37.07    [0m | [0m0.895    [0m |
[0.56 0.62 0.7  0.72 0.73 0.79 0.81 0.81 0.84 0.87 0.88 0.89 0.94 1.02
 1.16 1.2  1.27 1.28 1.29 1.3  1.31 1.38 1.4  1.49 1.54 1.61 1.62 1.75
 1.75 1.76 1.79 1.81 1.83 1.85 1.87 1.88 1.93 1.94 1.97 1.97 2.01 2.06
 2.09 2.14 2.15 2.27 2.38 2.41 2.46 2.67 2.73 2.74 2.86 2.87 3.14 3.31
 3.41 3.57 4.17 4.33]
var: 0.7562316666666664
| [0m62       [0m | [0m1.815    [0m | [0m0.009354 [0m | [0m42.26    [0m | [0m0.1315   [0m |
[0.52 0.53 0.58 0.6  0.63 0.64 0.67 0.89 0.91 0.96 1.03 1.04 1.06 1.15
 1.16 1.22 1.27 1.32 1.48 1.55 1.56 1.56 1.67 1.67 1.68 1.73 1.73 1.75
 1.81 1.83 1.84 1.85 1.9  1.93 1.94 2.   2.07 2.15 2.3  2.35 2.37 2.38
 2.4  2.47 2.51 2.72 2.74 2.75 2.76 2.77 2.89 2.9  2.9  2.99 3.01 3.19
 3.56 4.24 4.44 4.54]
var: 0.9020823333333323
| [0m63       [0m | [0m1.951    [0m | [0m0.04245  [0m | [0m42.36    [0m | [0m0.0394   [0m |
[0.16 0.35 0.4  0.43 0.46 0.49 0.52 0.59 0.66 0.7  0.73 0.74 0.74 0.78
 0.79 0.89 0.9  0.91 0.94 0.98 0.99 0.99 1.03 1.05 1.05 1.11 1.14 1.14
 1.19 1.23 1.27 1.28 1.3  1.35 1.36 1.37 1.44 1.46 1.49 1.5  1.54 1.66
 1.67 1.69 1.7  1.73 1.83 1.85 1.85 1.94 2.01 2.03 2.04 2.07 2.07 2.11
 2.15 2.25 2.42 2.43]
var: 0.3252712222222215
| [0m64       [0m | [0m1.282    [0m | [0m0.06969  [0m | [0m42.24    [0m | [0m0.02331  [0m |
[0.27 0.45 0.5  0.51 0.65 0.68 0.87 0.89 0.98 1.01 1.05 1.11 1.19 1.29
 1.33 1.38 1.38 1.4  1.4  1.42 1.42 1.44 1.48 1.49 1.51 1.54 1.58 1.61
 1.62 1.63 1.64 1.68 1.69 1.7  1.7  1.76 1.77 1.77 1.84 1.87 1.87 1.89
 1.92 1.94 1.95 1.97 1.99 2.04 2.06 2.09 2.09 2.12 2.13 2.13 2.13 2.2
 2.25 2.6  2.7  3.44]
var: 0.3267983055555558
| [0m65       [0m | [0m1.6      [0m | [0m0.0141   [0m | [0m42.22    [0m | [0m0.0324   [0m |
[0.34 0.5  0.6  0.63 0.64 0.67 0.72 0.74 0.74 0.75 0.77 0.78 0.81 0.82
 0.83 0.86 0.88 0.97 1.09 1.13 1.13 1.14 1.15 1.18 1.19 1.22 1.22 1.23
 1.24 1.25 1.29 1.35 1.36 1.4  1.42 1.43 1.45 1.55 1.56 1.61 1.62 1.62
 1.64 1.67 1.7  1.83 1.92 1.95 1.98 2.09 2.1  2.23 2.25 2.27 2.37 2.59
 2.61 2.91 3.94 6.52]
var: 0.8684543055555558
| [0m66       [0m | [0m1.491    [0m | [0m0.01824  [0m | [0m42.22    [0m | [0m0.2909   [0m |
[0.61 0.64 0.67 0.67 0.71 0.9  0.97 1.01 1.04 1.26 1.27 1.29 1.29 1.33
 1.43 1.58 1.62 1.63 1.76 1.76 1.77 1.83 1.9  1.91 1.93 1.99 2.02 2.03
 2.09 2.17 2.25 2.28 2.33 2.35 2.45 2.47 2.52 2.53 2.56 2.57 2.59 2.64
 2.69 2.73 2.79 2.8  2.92 3.07 3.08 3.17 3.17 3.19 3.23 3.25 3.74 3.84
 3.88 3.91 3.97 4.06]
var: 0.8569016388888901
| [0m67       [0m | [0m2.202    [0m | [0m0.04967  [0m | [0m42.3     [0m | [0m0.04987  [0m |
[0.   0.   0.   0.   0.03 0.04 0.05 0.06 0.06 0.07 0.09 0.09 0.09 0.13
 0.15 0.15 0.16 0.16 0.17 0.18 0.18 0.19 0.19 0.19 0.2  0.2  0.2  0.21
 0.21 0.24 0.25 0.27 0.28 0.29 0.31 0.32 0.36 0.36 0.38 0.38 0.38 0.41
 0.41 0.43 0.44 0.46 0.47 0.48 0.5  0.52 0.52 0.56 0.68 0.72 0.73 0.88
 0.97 0.99 1.06 1.12]
var: 0.07440766666666662
| [0m68       [0m | [0m0.327    [0m | [0m0.1342   [0m | [0m29.4     [0m | [0m2.63     [0m |
[0.01 0.01 0.03 0.04 0.05 0.08 0.09 0.1  0.12 0.12 0.16 0.16 0.19 0.2
 0.21 0.25 0.25 0.26 0.28 0.3  0.3  0.3  0.3  0.32 0.32 0.33 0.33 0.34
 0.38 0.38 0.38 0.38 0.39 0.39 0.4  0.41 0.43 0.44 0.45 0.45 0.47 0.49
 0.49 0.5  0.5  0.51 0.53 0.53 0.53 0.54 0.56 0.6  0.62 0.63 0.64 0.78
 0.89 0.9  0.95 1.23]
var: 0.05820433333333345
| [0m69       [0m | [0m0.387    [0m | [0m0.09816  [0m | [0m32.97    [0m | [0m1.924    [0m |
[0.   0.   0.   0.01 0.02 0.02 0.02 0.08 0.08 0.08 0.09 0.09 0.1  0.12
 0.13 0.19 0.2  0.21 0.28 0.28 0.29 0.3  0.31 0.31 0.33 0.33 0.33 0.34
 0.34 0.35 0.37 0.43 0.47 0.49 0.5  0.52 0.56 0.56 0.58 0.58 0.59 0.6
 0.6  0.6  0.61 0.66 0.68 0.69 0.7  0.71 0.73 0.74 0.78 0.79 0.89 1.02
 1.05 1.08 1.26 1.95]
var: 0.13016322222222237
| [0m70       [0m | [0m0.4503   [0m | [0m0.1413   [0m | [0m20.34    [0m | [0m2.34     [0m |
[0.   0.   0.   0.02 0.03 0.03 0.05 0.05 0.06 0.07 0.09 0.09 0.1  0.11
 0.11 0.12 0.12 0.12 0.13 0.13 0.13 0.16 0.16 0.21 0.22 0.23 0.25 0.26
 0.26 0.27 0.27 0.29 0.31 0.33 0.33 0.34 0.35 0.36 0.37 0.41 0.41 0.42
 0.43 0.45 0.45 0.45 0.47 0.47 0.49 0.49 0.5  0.53 0.58 0.6  0.61 0.65
 0.74 0.78 1.32 1.41]
var: 0.07667497222222222
| [0m71       [0m | [0m0.3198   [0m | [0m0.06961  [0m | [0m46.49    [0m | [0m1.74     [0m |
[0.36 0.47 0.54 0.55 0.56 0.57 0.6  0.6  0.62 0.62 0.65 0.66 0.71 0.75
 0.83 0.83 0.84 0.84 0.87 0.97 1.   1.06 1.09 1.14 1.17 1.18 1.22 1.22
 1.24 1.25 1.26 1.26 1.39 1.41 1.42 1.53 1.55 1.59 1.62 1.73 1.77 1.79
 1.84 1.85 1.88 1.93 1.97 1.97 2.01 2.04 2.05 2.05 2.09 2.15 2.32 2.38
 2.66 2.72 3.18 3.9 ]
var: 0.5173748888888892
| [0m72       [0m | [0m1.405    [0m | [0m0.03957  [0m | [0m42.12    [0m | [0m0.2722   [0m |
[0.   0.02 0.03 0.03 0.05 0.05 0.08 0.08 0.08 0.09 0.11 0.11 0.13 0.14
 0.15 0.16 0.17 0.18 0.18 0.18 0.2  0.2  0.22 0.23 0.27 0.27 0.28 0.3
 0.32 0.32 0.33 0.34 0.34 0.38 0.38 0.38 0.4  0.43 0.44 0.47 0.49 0.51
 0.53 0.54 0.55 0.56 0.57 0.57 0.57 0.61 0.64 0.64 0.66 0.75 0.83 0.9
 1.12 1.28 1.48 1.53]
var: 0.11329874999999986
| [0m73       [0m | [0m0.3975   [0m | [0m0.2677   [0m | [0m27.93    [0m | [0m1.304    [0m |
[0.4  0.52 0.66 0.67 0.7  0.7  0.7  0.7  0.76 0.78 0.83 0.91 0.91 0.94
 0.96 1.01 1.02 1.03 1.35 1.36 1.36 1.39 1.42 1.44 1.47 1.5  1.53 1.54
 1.58 1.6  1.6  1.72 1.74 1.78 1.9  1.91 1.93 2.04 2.11 2.19 2.19 2.21
 2.24 2.3  2.42 2.43 2.52 2.52 2.66 2.69 2.73 2.73 2.84 2.9  3.3  3.3
 4.   4.04 4.39 5.11]
var: 1.0144165555555555
| [0m74       [0m | [0m1.836    [0m | [0m0.01242  [0m | [0m42.37    [0m | [0m0.07201  [0m |
[0.57 0.7  0.75 0.94 1.02 1.02 1.07 1.14 1.15 1.25 1.29 1.33 1.35 1.4
 1.45 1.47 1.54 1.58 1.68 1.71 1.78 1.86 1.92 1.98 2.03 2.1  2.13 2.14
 2.19 2.21 2.25 2.38 2.44 2.46 2.51 2.53 2.54 2.56 2.56 2.56 2.57 2.64
 2.65 2.67 2.67 2.83 2.96 2.96 3.03 3.07 3.1  3.16 3.25 3.27 3.99 4.12
 4.68 4.8  5.43 5.67]
var: 1.198204555555556
| [0m75       [0m | [0m2.318    [0m | [0m0.008274 [0m | [0m42.3     [0m | [0m0.05984  [0m |
[0.   0.   0.   0.   0.   0.   0.01 0.01 0.03 0.04 0.05 0.05 0.07 0.07
 0.08 0.09 0.12 0.12 0.17 0.17 0.17 0.18 0.18 0.19 0.21 0.21 0.24 0.28
 0.28 0.31 0.32 0.32 0.33 0.34 0.35 0.35 0.39 0.39 0.39 0.39 0.4  0.4
 0.41 0.41 0.43 0.47 0.48 0.49 0.5  0.5  0.51 0.52 0.52 0.57 0.6  0.71
 0.71 0.73 0.76 0.88]
var: 0.050017222222222386
| [0m76       [0m | [0m0.2983   [0m | [0m0.07688  [0m | [0m35.59    [0m | [0m2.465    [0m |
[0.01 0.02 0.02 0.03 0.03 0.05 0.05 0.1  0.1  0.1  0.13 0.13 0.16 0.16
 0.18 0.21 0.22 0.22 0.22 0.24 0.26 0.28 0.3  0.31 0.32 0.33 0.33 0.37
 0.39 0.39 0.47 0.47 0.5  0.51 0.52 0.54 0.56 0.56 0.59 0.6  0.61 0.64
 0.67 0.68 0.68 0.71 0.75 0.76 0.77 0.82 0.86 1.01 1.01 1.03 1.04 1.09
 1.41 1.87 1.87 1.89]
var: 0.198364305555555
| [0m77       [0m | [0m0.5192   [0m | [0m0.158    [0m | [0m41.21    [0m | [0m0.5762   [0m |
[0.33 0.41 0.44 0.45 0.47 0.48 0.54 0.55 0.56 0.56 0.6  0.62 0.63 0.66
 0.67 0.67 0.68 0.71 0.73 0.73 0.76 0.77 0.84 0.87 0.87 0.89 0.91 0.94
 0.94 0.94 0.96 0.97 1.   1.08 1.13 1.15 1.15 1.2  1.23 1.24 1.26 1.27
 1.28 1.28 1.3  1.33 1.33 1.34 1.36 1.39 1.43 1.47 1.53 1.81 2.06 2.22
 2.42 2.8  3.14 3.39]
var: 0.40071788888888893
| [0m78       [0m | [0m1.112    [0m | [0m0.05843  [0m | [0m42.31    [0m | [0m0.3207   [0m |
[0.35 0.45 0.45 0.46 0.47 0.48 0.49 0.5  0.54 0.55 0.56 0.6  0.66 0.66
 0.67 0.74 0.75 0.76 0.76 0.78 0.78 0.79 0.8  0.85 0.88 0.89 0.89 0.94
 0.99 1.   1.02 1.04 1.04 1.06 1.07 1.08 1.08 1.09 1.12 1.12 1.12 1.13
 1.17 1.19 1.21 1.3  1.38 1.4  1.42 1.51 1.52 1.53 1.58 1.59 1.63 1.78
 1.8  1.81 1.91 2.15]
var: 0.1778378888888888
| [0m79       [0m | [0m1.022    [0m | [0m0.2443   [0m | [0m46.55    [0m | [0m0.09429  [0m |
[0.59 0.6  0.81 0.82 0.85 0.85 0.92 0.93 0.95 1.05 1.06 1.06 1.11 1.14
 1.17 1.17 1.18 1.19 1.2  1.26 1.29 1.34 1.35 1.36 1.37 1.37 1.42 1.42
 1.43 1.46 1.48 1.49 1.53 1.54 1.56 1.6  1.61 1.63 1.69 1.69 1.72 1.75
 1.78 1.82 1.87 1.9  1.99 2.02 2.03 2.09 2.12 2.15 2.39 2.49 2.52 2.58
 2.67 2.83 3.52 3.71]
var: 0.40362274999999975
| [0m80       [0m | [0m1.592    [0m | [0m0.08986  [0m | [0m42.2     [0m | [0m0.03267  [0m |
=============================================================
None
num_trials:  40  inits,  40  iters,  60  per
rho:  0.1
pthin:  0.94

Best VPT: 2.6785000000000005
Best result: {'a': 0.002713721827159082, 'g': 42.32915598644711, 's': 0.06660998019187439}

KERNEL: nu=1.5, lengthscale=2.0, alpha=0.0005
