|   iter    |  target   |     a     |     g     |     s     |
-------------------------------------------------------------
[0.   0.01 0.01 0.03 0.03 0.04 0.04 0.04 0.05 0.06 0.07 0.07 0.08 0.08
 0.09 0.11 0.11 0.12 0.12 0.13 0.14 0.17 0.17 0.19 0.19 0.22 0.23 0.29
 0.29 0.33 0.33 0.34 0.37 0.38 0.38 0.38 0.39 0.4  0.42 0.43 0.43 0.47
 0.48 0.48 0.57 0.59 0.59 0.6  0.61 0.62 0.63 0.63 0.76 0.82 0.83 0.92
 0.96 0.99 1.   1.08]
var: 0.08558941666666679
| [0m1        [0m | [0m0.3565   [0m | [0m0.02746  [0m | [0m29.78    [0m | [0m2.118    [0m |
[0.12 0.4  0.58 0.59 0.68 0.69 0.72 0.78 0.85 0.87 0.89 0.91 0.91 0.97
 1.02 1.15 1.16 1.23 1.29 1.35 1.37 1.39 1.41 1.42 1.43 1.45 1.46 1.47
 1.51 1.52 1.57 1.59 1.68 1.71 1.74 1.75 1.77 1.79 1.81 1.81 1.84 1.85
 1.87 1.91 1.94 1.98 2.05 2.06 2.06 2.37 2.43 2.44 2.75 2.93 2.96 2.97
 3.25 3.26 3.58 4.05]
var: 0.641074
| [95m2        [0m | [95m1.656    [0m | [95m0.2054   [0m | [95m20.01    [0m | [95m0.1715   [0m |
[0.   0.03 0.06 0.07 0.07 0.1  0.1  0.14 0.15 0.18 0.18 0.22 0.22 0.24
 0.24 0.3  0.32 0.35 0.37 0.43 0.45 0.56 0.58 0.58 0.61 0.62 0.62 0.66
 0.68 0.69 0.72 0.73 0.74 0.75 0.87 0.94 0.97 0.98 1.04 1.07 1.11 1.11
 1.13 1.15 1.15 1.18 1.19 1.2  1.28 1.28 1.39 1.41 1.44 1.69 1.83 1.84
 2.18 2.69 2.78 4.2 ]
var: 0.5775312222222222
| [0m3        [0m | [0m0.8643   [0m | [0m0.2918   [0m | [0m17.23    [0m | [0m0.9962   [0m |
[0.05 0.06 0.09 0.1  0.1  0.18 0.23 0.24 0.26 0.27 0.28 0.3  0.31 0.33
 0.4  0.41 0.42 0.44 0.44 0.44 0.47 0.49 0.5  0.52 0.53 0.54 0.55 0.56
 0.57 0.6  0.63 0.63 0.64 0.65 0.66 0.67 0.68 0.68 0.71 0.76 0.78 0.81
 0.83 0.84 0.84 0.84 0.88 1.03 1.05 1.06 1.21 1.28 1.37 1.45 1.56 1.66
 2.06 2.14 2.25 2.46]
var: 0.29214497222222213
| [0m4        [0m | [0m0.7298   [0m | [0m0.2936   [0m | [0m9.269    [0m | [0m1.556    [0m |
[0.   0.01 0.02 0.06 0.07 0.09 0.12 0.13 0.14 0.14 0.16 0.16 0.19 0.2
 0.2  0.21 0.21 0.22 0.24 0.25 0.27 0.28 0.29 0.29 0.29 0.29 0.34 0.35
 0.35 0.38 0.38 0.4  0.44 0.44 0.45 0.45 0.46 0.46 0.48 0.49 0.52 0.55
 0.55 0.56 0.56 0.57 0.59 0.6  0.66 0.69 0.77 0.83 0.86 0.94 0.96 1.16
 1.2  1.32 1.49 1.51]
var: 0.12307163888888886
| [0m5        [0m | [0m0.4548   [0m | [0m0.03672  [0m | [0m14.34    [0m | [0m2.775    [0m |
[0.44 0.85 0.85 0.93 0.95 1.   1.   1.01 1.04 1.06 1.09 1.13 1.16 1.3
 1.39 1.5  1.53 1.56 1.63 1.7  1.73 1.75 1.77 1.8  1.83 1.83 1.88 1.92
 1.93 1.97 1.98 2.   2.14 2.18 2.22 2.23 2.29 2.29 2.3  2.31 2.35 2.41
 2.52 2.6  2.66 2.79 2.81 2.83 2.88 2.9  3.03 3.23 3.24 3.38 3.39 3.74
 3.88 4.61 4.65 5.68]
var: 1.0401343055555552
| [95m6        [0m | [95m2.151    [0m | [95m0.1257   [0m | [95m4.868    [0m | [95m0.1377   [0m |
[0.   0.02 0.06 0.08 0.08 0.13 0.17 0.18 0.2  0.24 0.25 0.25 0.25 0.25
 0.3  0.31 0.32 0.33 0.34 0.34 0.36 0.36 0.37 0.37 0.39 0.4  0.4  0.4
 0.41 0.44 0.46 0.49 0.49 0.5  0.52 0.52 0.55 0.56 0.57 0.57 0.6  0.6
 0.61 0.64 0.65 0.67 0.7  0.72 0.73 0.74 0.77 0.77 0.8  0.8  0.9  1.07
 1.1  1.11 1.12 1.84]
var: 0.10234697222222235
| [0m7        [0m | [0m0.5028   [0m | [0m0.2177   [0m | [0m1.895    [0m | [0m2.074    [0m |
[0.06 0.09 0.1  0.11 0.13 0.15 0.15 0.17 0.18 0.21 0.25 0.28 0.3  0.3
 0.35 0.37 0.44 0.47 0.5  0.53 0.54 0.55 0.57 0.57 0.58 0.59 0.63 0.65
 0.69 0.7  0.72 0.74 0.76 0.77 0.79 0.85 0.86 0.87 0.88 0.88 0.91 0.92
 0.96 0.96 1.04 1.06 1.1  1.13 1.14 1.16 1.17 1.25 1.31 1.34 1.56 1.66
 1.71 1.71 1.89 2.72]
var: 0.26770697222222234
| [0m8        [0m | [0m0.7672   [0m | [0m0.2685   [0m | [0m33.11    [0m | [0m0.4435   [0m |
[0.   0.01 0.02 0.03 0.13 0.18 0.19 0.2  0.23 0.26 0.27 0.27 0.28 0.3
 0.4  0.41 0.44 0.44 0.45 0.46 0.46 0.46 0.47 0.48 0.51 0.55 0.57 0.61
 0.62 0.69 0.7  0.71 0.72 0.73 0.8  0.84 0.85 0.87 0.89 0.95 1.08 1.16
 1.16 1.24 1.29 1.3  1.3  1.33 1.42 1.45 1.45 1.57 1.65 1.67 1.77 1.78
 1.85 2.   2.11 2.49]
var: 0.35269822222222236
| [0m9        [0m | [0m0.8253   [0m | [0m0.06709  [0m | [0m13.94    [0m | [0m1.855    [0m |
[0.   0.   0.01 0.02 0.05 0.06 0.06 0.07 0.08 0.11 0.11 0.17 0.18 0.19
 0.19 0.19 0.25 0.27 0.3  0.31 0.32 0.35 0.35 0.37 0.37 0.39 0.4  0.42
 0.45 0.45 0.46 0.46 0.47 0.48 0.5  0.5  0.51 0.52 0.52 0.54 0.59 0.59
 0.6  0.64 0.65 0.71 0.71 0.84 0.99 1.04 1.05 1.09 1.18 1.22 1.24 1.33
 1.42 1.46 1.9  3.83]
var: 0.3535847499999998
| [0m10       [0m | [0m0.5755   [0m | [0m0.2912   [0m | [0m42.16    [0m | [0m1.052    [0m |
[0.   0.02 0.03 0.07 0.07 0.08 0.08 0.09 0.12 0.16 0.19 0.2  0.22 0.27
 0.3  0.32 0.33 0.35 0.38 0.43 0.45 0.45 0.47 0.52 0.53 0.55 0.55 0.56
 0.57 0.57 0.57 0.62 0.66 0.68 0.68 0.74 0.78 0.82 0.82 0.82 0.82 0.84
 0.84 0.91 0.99 1.02 1.13 1.21 1.22 1.28 1.42 1.46 1.56 1.57 1.67 1.92
 2.02 2.1  2.44 2.56]
var: 0.37383722222222243
| [0m11       [0m | [0m0.7517   [0m | [0m0.02912  [0m | [0m25.89    [0m | [0m1.339    [0m |
[0.   0.   0.02 0.02 0.02 0.03 0.03 0.04 0.05 0.07 0.08 0.08 0.08 0.08
 0.09 0.09 0.11 0.15 0.17 0.2  0.25 0.25 0.25 0.25 0.25 0.27 0.28 0.32
 0.38 0.39 0.39 0.39 0.39 0.41 0.41 0.44 0.45 0.45 0.46 0.47 0.47 0.47
 0.48 0.54 0.59 0.6  0.61 0.66 0.67 0.72 0.74 0.76 0.77 0.77 0.85 0.86
 0.89 1.02 1.09 1.36]
var: 0.09575488888888897
| [0m12       [0m | [0m0.3913   [0m | [0m0.1361   [0m | [0m39.48    [0m | [0m1.523    [0m |
[0.   0.   0.02 0.03 0.06 0.11 0.11 0.12 0.12 0.12 0.13 0.15 0.15 0.19
 0.19 0.22 0.22 0.22 0.26 0.27 0.28 0.28 0.3  0.31 0.33 0.36 0.38 0.38
 0.39 0.39 0.39 0.4  0.4  0.41 0.42 0.44 0.44 0.47 0.48 0.51 0.54 0.55
 0.57 0.65 0.66 0.67 0.7  0.73 0.8  0.94 0.98 1.04 1.05 1.06 1.11 1.19
 1.22 1.62 1.91 1.95]
var: 0.19068941666666708
| [0m13       [0m | [0m0.5065   [0m | [0m0.1516   [0m | [0m19.24    [0m | [0m2.39     [0m |
[0.04 0.06 0.1  0.14 0.15 0.2  0.3  0.36 0.37 0.45 0.48 0.62 0.63 0.63
 0.64 0.71 0.74 0.79 0.8  0.81 0.83 0.84 0.87 0.88 0.9  0.91 0.93 0.94
 0.94 1.03 1.1  1.12 1.15 1.16 1.41 1.45 1.51 1.51 1.54 1.56 1.57 1.59
 1.67 1.75 1.81 1.83 1.84 2.06 2.07 2.12 2.17 2.18 2.18 2.18 2.37 2.41
 2.44 2.51 2.66 3.28]
var: 0.5777516388888887
| [0m14       [0m | [0m1.238    [0m | [0m0.03632  [0m | [0m32.77    [0m | [0m0.4482   [0m |
[0.   0.   0.01 0.03 0.04 0.06 0.07 0.08 0.1  0.11 0.11 0.13 0.13 0.19
 0.19 0.2  0.2  0.2  0.21 0.21 0.22 0.24 0.24 0.25 0.26 0.27 0.29 0.29
 0.33 0.37 0.37 0.37 0.37 0.38 0.39 0.41 0.43 0.43 0.44 0.46 0.46 0.48
 0.5  0.51 0.52 0.56 0.6  0.6  0.62 0.68 0.69 0.7  0.72 0.76 0.77 0.81
 0.95 0.97 1.02 1.26]
var: 0.07775122222222226
| [0m15       [0m | [0m0.3877   [0m | [0m0.2979   [0m | [0m31.88    [0m | [0m2.097    [0m |
[0.   0.   0.   0.   0.01 0.02 0.03 0.04 0.04 0.06 0.06 0.07 0.07 0.08
 0.09 0.09 0.1  0.11 0.12 0.12 0.15 0.17 0.18 0.18 0.18 0.24 0.26 0.26
 0.26 0.26 0.32 0.32 0.32 0.32 0.34 0.36 0.36 0.36 0.37 0.37 0.39 0.39
 0.41 0.42 0.46 0.48 0.49 0.51 0.52 0.53 0.55 0.57 0.58 0.59 0.6  0.62
 0.63 0.7  0.77 1.22]
var: 0.05756600000000016
| [0m16       [0m | [0m0.302    [0m | [0m0.09514  [0m | [0m38.78    [0m | [0m2.528    [0m |
[0.   0.01 0.01 0.01 0.02 0.02 0.03 0.05 0.05 0.06 0.07 0.08 0.09 0.11
 0.11 0.12 0.12 0.14 0.14 0.15 0.16 0.16 0.19 0.19 0.2  0.21 0.21 0.22
 0.22 0.22 0.23 0.23 0.24 0.25 0.25 0.27 0.28 0.32 0.33 0.35 0.36 0.37
 0.38 0.39 0.42 0.44 0.45 0.5  0.57 0.58 0.65 0.68 0.73 0.79 1.11 1.2
 1.47 1.51 1.67 1.78]
var: 0.1713714166666666
| [0m17       [0m | [0m0.3695   [0m | [0m0.2909   [0m | [0m37.13    [0m | [0m2.127    [0m |
[0.08 0.29 0.31 0.38 0.47 0.5  0.52 0.55 0.55 0.58 0.58 0.6  0.61 0.65
 0.65 0.66 0.66 0.67 0.69 0.72 0.73 0.74 0.75 0.77 0.86 0.91 0.92 0.98
 0.99 0.99 0.99 1.04 1.05 1.06 1.15 1.17 1.2  1.23 1.33 1.4  1.56 1.6
 1.62 1.63 1.64 1.64 1.66 1.68 1.7  1.73 1.8  1.84 2.21 2.63 2.78 2.95
 3.44 3.5  3.89 5.63]
var: 0.9778716388888892
| [0m18       [0m | [0m1.302    [0m | [0m0.1563   [0m | [0m38.57    [0m | [0m0.2681   [0m |
[0.01 0.03 0.03 0.05 0.05 0.06 0.06 0.07 0.08 0.1  0.11 0.12 0.12 0.13
 0.14 0.15 0.15 0.16 0.18 0.21 0.3  0.3  0.3  0.31 0.33 0.34 0.34 0.35
 0.37 0.38 0.39 0.39 0.4  0.4  0.41 0.41 0.41 0.41 0.43 0.45 0.46 0.46
 0.48 0.49 0.5  0.5  0.54 0.57 0.58 0.58 0.62 0.64 0.68 0.75 0.77 0.79
 0.87 0.9  1.11 1.14]
var: 0.06936233333333312
| [0m19       [0m | [0m0.381    [0m | [0m0.06363  [0m | [0m39.37    [0m | [0m1.884    [0m |
[0.   0.   0.   0.   0.   0.01 0.01 0.02 0.02 0.02 0.03 0.04 0.05 0.06
 0.06 0.07 0.07 0.08 0.08 0.08 0.09 0.09 0.09 0.09 0.13 0.13 0.14 0.15
 0.15 0.16 0.17 0.18 0.2  0.2  0.22 0.22 0.27 0.28 0.29 0.29 0.29 0.3
 0.31 0.31 0.33 0.33 0.35 0.35 0.35 0.35 0.36 0.37 0.4  0.4  0.41 0.42
 0.45 0.45 0.46 0.47]
var: 0.02196166666666665
| [0m20       [0m | [0m0.195    [0m | [0m0.2223   [0m | [0m48.36    [0m | [0m2.921    [0m |
[0.15 0.43 0.45 0.5  0.56 0.58 0.6  0.6  0.62 0.64 0.71 0.72 0.73 0.82
 0.85 0.9  0.94 0.97 1.   1.03 1.05 1.05 1.05 1.1  1.13 1.14 1.15 1.17
 1.19 1.19 1.21 1.22 1.25 1.29 1.37 1.39 1.41 1.42 1.54 1.55 1.58 1.59
 1.59 1.62 1.62 1.74 1.75 1.77 1.77 1.82 1.96 1.97 2.04 2.07 2.1  2.46
 2.89 3.32 3.67 3.9 ]
var: 0.5535683333333333
| [0m21       [0m | [0m1.365    [0m | [0m0.2335   [0m | [0m26.91    [0m | [0m0.2163   [0m |
[0.03 0.04 0.04 0.07 0.1  0.12 0.13 0.13 0.15 0.15 0.19 0.2  0.2  0.2
 0.21 0.22 0.24 0.24 0.24 0.28 0.29 0.34 0.34 0.34 0.35 0.41 0.41 0.43
 0.43 0.44 0.5  0.5  0.54 0.55 0.57 0.58 0.58 0.59 0.61 0.63 0.67 0.67
 0.68 0.7  0.72 0.76 0.78 0.79 0.81 0.88 0.97 0.98 1.09 1.09 1.37 1.38
 1.5  1.68 1.77 1.86]
var: 0.1935195555555556
| [0m22       [0m | [0m0.5627   [0m | [0m0.1626   [0m | [0m16.04    [0m | [0m2.37     [0m |
[0.   0.   0.02 0.03 0.03 0.04 0.05 0.07 0.07 0.07 0.09 0.09 0.1  0.11
 0.12 0.12 0.13 0.13 0.14 0.15 0.17 0.17 0.19 0.2  0.23 0.23 0.23 0.26
 0.28 0.28 0.28 0.29 0.31 0.32 0.32 0.33 0.35 0.35 0.36 0.37 0.37 0.4
 0.4  0.41 0.41 0.42 0.46 0.47 0.49 0.49 0.49 0.51 0.51 0.52 0.56 0.58
 0.6  0.6  0.93 1.33]
var: 0.054391416666666505
| [0m23       [0m | [0m0.3005   [0m | [0m0.2822   [0m | [0m37.62    [0m | [0m2.499    [0m |
[0.   0.02 0.02 0.03 0.03 0.06 0.06 0.07 0.08 0.1  0.1  0.1  0.11 0.12
 0.12 0.13 0.13 0.16 0.17 0.17 0.18 0.2  0.22 0.22 0.25 0.26 0.27 0.3
 0.3  0.31 0.31 0.32 0.32 0.34 0.37 0.39 0.4  0.4  0.44 0.47 0.5  0.51
 0.52 0.53 0.55 0.55 0.55 0.56 0.6  0.64 0.65 0.68 0.7  0.71 0.73 0.79
 0.87 1.   1.71 3.02]
var: 0.2041343333333334
| [0m24       [0m | [0m0.407    [0m | [0m0.03075  [0m | [0m25.97    [0m | [0m2.505    [0m |
[0.   0.   0.   0.   0.02 0.03 0.04 0.09 0.09 0.11 0.13 0.14 0.15 0.18
 0.18 0.19 0.19 0.19 0.19 0.21 0.21 0.21 0.22 0.24 0.24 0.26 0.3  0.31
 0.31 0.33 0.33 0.33 0.34 0.35 0.35 0.36 0.38 0.39 0.41 0.43 0.43 0.44
 0.45 0.46 0.49 0.51 0.52 0.54 0.54 0.55 0.56 0.58 0.63 0.65 0.76 0.83
 0.89 0.93 1.05 1.2 ]
var: 0.06890955555555564
| [0m25       [0m | [0m0.3573   [0m | [0m0.2608   [0m | [0m32.74    [0m | [0m2.348    [0m |
[0.17 0.22 0.34 0.41 0.62 0.66 0.7  0.72 0.73 0.77 0.85 0.87 0.89 0.89
 0.9  1.06 1.09 1.26 1.28 1.38 1.42 1.42 1.44 1.44 1.45 1.55 1.58 1.61
 1.61 1.78 1.81 1.84 1.9  1.95 1.95 1.97 2.01 2.01 2.07 2.1  2.21 2.28
 2.32 2.46 2.46 2.64 2.64 2.66 2.75 2.9  2.91 3.2  3.36 3.42 3.55 3.89
 3.96 4.02 4.35 6.39]
var: 1.3586083055555556
| [0m26       [0m | [0m1.918    [0m | [0m0.2024   [0m | [0m16.1     [0m | [0m0.1251   [0m |
[0.   0.   0.   0.01 0.01 0.01 0.03 0.03 0.05 0.05 0.06 0.07 0.07 0.13
 0.13 0.14 0.17 0.18 0.18 0.18 0.2  0.21 0.26 0.27 0.29 0.29 0.3  0.3
 0.31 0.32 0.32 0.33 0.33 0.36 0.36 0.38 0.38 0.41 0.42 0.42 0.43 0.44
 0.44 0.46 0.47 0.47 0.47 0.51 0.55 0.56 0.57 0.6  0.75 0.87 0.87 0.95
 0.97 0.97 1.1  1.21]
var: 0.0852032222222221
| [0m27       [0m | [0m0.3603   [0m | [0m0.2892   [0m | [0m28.23    [0m | [0m2.189    [0m |
[0.02 0.03 0.03 0.06 0.1  0.13 0.21 0.22 0.24 0.27 0.27 0.28 0.33 0.34
 0.38 0.39 0.4  0.41 0.42 0.45 0.47 0.47 0.47 0.48 0.53 0.54 0.57 0.57
 0.57 0.57 0.6  0.6  0.65 0.65 0.68 0.68 0.68 0.68 0.7  0.71 0.72 0.74
 0.77 0.78 0.82 0.88 0.88 0.89 0.89 0.98 1.   1.1  1.17 1.39 1.4  1.57
 1.77 1.79 1.79 1.95]
var: 0.20468697222222207
| [0m28       [0m | [0m0.6688   [0m | [0m0.1604   [0m | [0m7.368    [0m | [0m1.929    [0m |
[0.   0.   0.01 0.13 0.16 0.16 0.17 0.17 0.18 0.19 0.2  0.21 0.22 0.24
 0.25 0.27 0.27 0.28 0.28 0.34 0.36 0.37 0.38 0.39 0.4  0.4  0.44 0.45
 0.46 0.47 0.49 0.49 0.56 0.56 0.59 0.6  0.6  0.61 0.62 0.66 0.68 0.73
 0.74 0.74 0.75 0.75 0.77 0.78 0.8  0.83 0.84 0.89 0.92 0.93 0.95 1.12
 1.23 1.28 1.39 1.67]
var: 0.12351322222222234
| [0m29       [0m | [0m0.5403   [0m | [0m0.07595  [0m | [0m2.671    [0m | [0m2.053    [0m |
[0.   0.01 0.02 0.03 0.04 0.05 0.07 0.07 0.08 0.09 0.1  0.1  0.12 0.12
 0.16 0.16 0.17 0.18 0.2  0.22 0.22 0.22 0.23 0.24 0.25 0.28 0.28 0.29
 0.3  0.32 0.33 0.34 0.34 0.36 0.36 0.36 0.38 0.39 0.39 0.39 0.41 0.48
 0.49 0.5  0.5  0.57 0.61 0.66 0.71 0.79 1.   1.02 1.06 1.17 1.24 1.25
 1.28 1.5  1.63 2.53]
var: 0.22565900000000017
| [0m30       [0m | [0m0.461    [0m | [0m0.09328  [0m | [0m37.72    [0m | [0m2.056    [0m |
[0.   0.02 0.03 0.03 0.04 0.06 0.07 0.08 0.09 0.1  0.1  0.1  0.12 0.17
 0.18 0.18 0.2  0.28 0.29 0.31 0.31 0.33 0.34 0.36 0.38 0.4  0.4  0.4
 0.41 0.44 0.44 0.44 0.46 0.47 0.47 0.47 0.48 0.48 0.5  0.53 0.56 0.63
 0.63 0.65 0.65 0.68 0.69 0.7  0.72 0.73 0.75 0.81 0.89 1.   1.19 1.22
 1.24 1.46 2.12 2.51]
var: 0.21939497222222173
| [0m31       [0m | [0m0.5132   [0m | [0m0.1947   [0m | [0m10.39    [0m | [0m2.796    [0m |
[0.01 0.02 0.03 0.03 0.04 0.04 0.05 0.05 0.07 0.09 0.09 0.12 0.27 0.34
 0.36 0.36 0.36 0.39 0.41 0.42 0.43 0.44 0.44 0.44 0.45 0.47 0.48 0.48
 0.51 0.51 0.52 0.52 0.53 0.53 0.54 0.55 0.58 0.58 0.59 0.59 0.68 0.69
 0.69 0.7  0.71 0.72 0.76 0.76 0.83 0.89 0.96 0.98 1.   1.04 1.12 1.27
 1.52 1.67 1.74 1.97]
var: 0.1833436388888888
| [0m32       [0m | [0m0.5738   [0m | [0m0.2631   [0m | [0m12.37    [0m | [0m2.16     [0m |
[0.06 0.07 0.1  0.14 0.22 0.29 0.38 0.38 0.42 0.44 0.47 0.5  0.55 0.56
 0.59 0.59 0.6  0.6  0.61 0.63 0.7  0.84 0.89 1.   1.04 1.05 1.09 1.09
 1.1  1.15 1.23 1.24 1.33 1.34 1.38 1.41 1.42 1.48 1.51 1.55 1.66 1.73
 1.75 1.82 1.83 1.91 2.02 2.1  2.11 2.12 2.17 2.34 2.42 2.52 2.58 2.69
 2.9  3.49 4.1  4.12]
var: 0.8834165555555551
| [0m33       [0m | [0m1.34     [0m | [0m0.0352   [0m | [0m22.81    [0m | [0m0.538    [0m |
[0.08 0.14 0.16 0.17 0.17 0.23 0.24 0.47 0.5  0.54 0.54 0.58 0.59 0.59
 0.61 0.63 0.63 0.69 0.72 0.73 0.74 0.84 0.92 0.92 0.96 0.98 1.04 1.05
 1.09 1.11 1.11 1.15 1.15 1.2  1.27 1.3  1.3  1.34 1.42 1.44 1.59 1.66
 1.71 1.72 1.78 1.79 1.84 1.87 1.88 1.96 2.04 2.13 2.17 2.25 2.26 2.38
 2.58 2.65 2.65 2.68]
var: 0.5150714166666662
| [0m34       [0m | [0m1.216    [0m | [0m0.2663   [0m | [0m34.01    [0m | [0m0.1038   [0m |
[0.02 0.03 0.04 0.08 0.11 0.11 0.12 0.12 0.16 0.17 0.2  0.22 0.22 0.24
 0.29 0.31 0.32 0.38 0.38 0.38 0.39 0.4  0.44 0.46 0.46 0.47 0.48 0.48
 0.49 0.52 0.53 0.62 0.67 0.68 0.68 0.69 0.71 0.72 0.73 0.76 0.79 0.8
 0.88 0.89 0.98 1.11 1.13 1.19 1.2  1.22 1.28 1.28 1.29 1.34 1.35 1.49
 1.52 2.22 2.36 2.99]
var: 0.3456083055555558
| [0m35       [0m | [0m0.7098   [0m | [0m0.1854   [0m | [0m40.66    [0m | [0m0.6576   [0m |
[0.15 0.22 0.86 0.9  0.92 0.94 0.95 0.97 0.99 1.   1.06 1.1  1.11 1.12
 1.25 1.3  1.35 1.4  1.43 1.45 1.49 1.49 1.49 1.58 1.66 1.68 1.78 1.79
 1.97 1.99 2.02 2.03 2.07 2.11 2.14 2.15 2.15 2.15 2.2  2.34 2.36 2.49
 2.55 2.56 2.7  2.7  2.71 2.72 2.75 2.76 2.9  3.02 3.18 3.19 3.23 3.32
 3.43 3.43 3.7  4.81]
var: 0.8289178888888894
| [0m36       [0m | [0m1.988    [0m | [0m0.1674   [0m | [0m17.16    [0m | [0m0.1127   [0m |
[0.   0.   0.   0.01 0.01 0.02 0.02 0.02 0.02 0.03 0.06 0.07 0.08 0.08
 0.09 0.1  0.14 0.15 0.15 0.17 0.17 0.18 0.18 0.2  0.2  0.21 0.23 0.26
 0.27 0.27 0.28 0.31 0.34 0.35 0.35 0.38 0.38 0.39 0.42 0.43 0.46 0.46
 0.47 0.48 0.49 0.5  0.5  0.51 0.51 0.53 0.54 0.57 0.59 0.64 0.66 0.66
 0.67 0.72 0.76 2.35]
var: 0.11597830555555556
| [0m37       [0m | [0m0.3348   [0m | [0m0.1828   [0m | [0m39.21    [0m | [0m2.831    [0m |
[0.   0.   0.   0.01 0.03 0.03 0.03 0.06 0.06 0.07 0.08 0.08 0.08 0.08
 0.08 0.09 0.09 0.11 0.13 0.14 0.15 0.15 0.15 0.16 0.19 0.21 0.22 0.22
 0.24 0.25 0.25 0.27 0.27 0.29 0.33 0.34 0.35 0.35 0.35 0.36 0.37 0.37
 0.4  0.43 0.44 0.48 0.5  0.52 0.55 0.58 0.62 0.62 0.68 0.75 0.81 0.82
 0.86 0.9  0.97 2.  ]
var: 0.11084322222222215
| [0m38       [0m | [0m0.3337   [0m | [0m0.1539   [0m | [0m34.72    [0m | [0m2.454    [0m |
[0.54 0.67 0.69 0.83 0.86 0.98 1.1  1.1  1.22 1.25 1.36 1.38 1.38 1.43
 1.43 1.5  1.51 1.52 1.52 1.52 1.54 1.61 1.66 1.67 1.68 1.68 1.7  1.85
 1.85 1.9  1.94 2.04 2.08 2.1  2.11 2.12 2.14 2.15 2.23 2.26 2.31 2.32
 2.35 2.48 2.5  2.66 2.67 2.75 2.78 2.82 2.83 2.84 3.02 3.05 3.1  3.29
 3.39 3.54 3.73 4.12]
var: 0.6333209722222225
| [0m39       [0m | [0m2.011    [0m | [0m0.0914   [0m | [0m17.04    [0m | [0m0.08393  [0m |
[0.03 0.06 0.16 0.17 0.18 0.25 0.29 0.31 0.39 0.41 0.44 0.48 0.58 0.59
 0.64 0.65 0.65 0.66 0.68 0.71 0.74 0.79 0.8  0.81 0.92 0.96 0.98 1.
 1.   1.01 1.02 1.05 1.07 1.08 1.21 1.22 1.24 1.26 1.27 1.3  1.35 1.36
 1.39 1.43 1.47 1.48 1.49 1.49 1.5  1.58 1.61 1.65 1.93 2.02 2.03 2.06
 2.43 2.49 2.84 3.23]
var: 0.4564549722222225
| [0m40       [0m | [0m1.098    [0m | [0m0.233    [0m | [0m15.53    [0m | [0m0.4197   [0m |
[0.35 0.38 0.5  0.55 0.78 0.84 0.9  0.94 1.01 1.03 1.11 1.13 1.15 1.19
 1.32 1.36 1.45 1.45 1.47 1.49 1.52 1.55 1.59 1.63 1.65 1.7  1.7  1.84
 1.87 1.92 2.04 2.08 2.08 2.22 2.27 2.27 2.32 2.38 2.47 2.52 2.56 2.63
 2.67 2.68 2.71 2.71 2.78 2.79 2.8  2.9  3.17 3.24 3.27 3.32 3.46 3.5
 3.77 5.2  5.55 6.01]
var: 1.346375666666667
| [0m41       [0m | [0m2.129    [0m | [0m0.02324  [0m | [0m5.62     [0m | [0m0.02704  [0m |
[0.02 0.04 0.07 0.08 0.1  0.1  0.17 0.23 0.26 0.28 0.3  0.31 0.32 0.32
 0.33 0.34 0.38 0.44 0.47 0.47 0.48 0.49 0.49 0.5  0.5  0.52 0.52 0.53
 0.54 0.58 0.59 0.61 0.66 0.7  0.72 0.72 0.77 0.8  0.85 0.96 0.96 1.04
 1.06 1.14 1.16 1.2  1.23 1.25 1.27 1.28 1.38 1.39 1.45 1.48 1.51 1.74
 2.08 2.23 2.78 4.12]
var: 0.5054916388888887
| [0m42       [0m | [0m0.8218   [0m | [0m0.2581   [0m | [0m5.291    [0m | [0m0.8144   [0m |
[0.03 0.07 0.15 0.17 0.22 0.22 0.27 0.33 0.37 0.49 0.5  0.55 0.61 0.64
 0.7  0.71 0.82 0.89 0.93 1.   1.01 1.03 1.03 1.08 1.11 1.12 1.16 1.21
 1.24 1.25 1.36 1.4  1.44 1.58 1.59 1.6  1.67 1.81 1.95 2.   2.07 2.24
 2.28 2.31 2.38 2.4  2.44 2.45 2.47 2.5  2.53 2.75 2.79 2.83 3.28 3.38
 3.66 3.7  3.84 4.22]
var: 1.1137169722222233
| [0m43       [0m | [0m1.564    [0m | [0m1e-08    [0m | [0m4.234    [0m | [0m0.001    [0m |
[0.   0.   0.   0.   0.   0.   0.   0.   0.   0.   0.   0.   0.   0.01
 0.01 0.01 0.01 0.01 0.02 0.02 0.03 0.03 0.03 0.03 0.04 0.04 0.04 0.04
 0.04 0.05 0.05 0.05 0.05 0.05 0.05 0.06 0.06 0.06 0.06 0.07 0.07 0.07
 0.07 0.08 0.08 0.09 0.09 0.09 0.09 0.1  0.1  0.11 0.11 0.11 0.15 0.15
 0.18 0.19 0.19 0.21]
var: 0.002834305555555546
| [0m44       [0m | [0m0.05583  [0m | [0m0.3      [0m | [0m16.62    [0m | [0m0.001    [0m |
[0.21 0.47 0.48 0.59 0.7  0.72 0.77 0.79 0.8  0.8  0.86 0.87 0.91 0.92
 0.96 0.98 0.99 1.02 1.05 1.07 1.08 1.09 1.11 1.12 1.16 1.23 1.28 1.28
 1.29 1.41 1.42 1.48 1.48 1.5  1.51 1.52 1.54 1.55 1.64 1.64 1.66 1.72
 1.74 1.75 1.8  1.83 1.85 1.86 1.96 1.97 2.03 2.05 2.11 2.47 2.53 2.63
 2.8  2.98 3.26 4.26]
var: 0.528194305555555
| [0m45       [0m | [0m1.476    [0m | [0m0.2836   [0m | [0m34.0     [0m | [0m0.1009   [0m |
[0.46 0.6  0.68 0.82 0.89 1.08 1.17 1.18 1.18 1.21 1.4  1.4  1.42 1.43
 1.55 1.64 1.76 1.81 1.83 1.86 1.87 2.01 2.02 2.07 2.07 2.08 2.18 2.18
 2.21 2.21 2.32 2.33 2.33 2.37 2.39 2.43 2.49 2.49 2.58 2.59 2.59 2.64
 2.69 2.69 2.73 2.77 2.77 2.83 3.08 3.15 3.18 3.43 3.44 3.57 3.58 3.73
 4.14 4.28 5.71 5.9 ]
var: 1.1449383055555555
| [95m46       [0m | [95m2.325    [0m | [95m0.109    [0m | [95m4.919    [0m | [95m0.1961   [0m |
[0.43 1.16 1.19 1.48 1.51 1.63 1.64 1.7  1.74 1.75 1.78 1.83 1.85 1.9
 2.   2.02 2.02 2.14 2.19 2.22 2.37 2.38 2.42 2.53 2.6  2.61 2.64 2.69
 2.76 2.76 2.78 2.79 2.8  2.82 2.94 2.98 2.99 3.04 3.08 3.15 3.2  3.25
 3.28 3.37 3.42 3.43 3.48 3.52 3.55 3.67 3.68 3.71 3.75 3.81 4.04 4.14
 4.36 5.18 5.3  9.12]
var: 1.5538569722222233
| [95m47       [0m | [95m2.843    [0m | [95m0.03778  [0m | [95m4.844    [0m | [95m0.155    [0m |
[0.   0.01 0.04 0.04 0.06 0.06 0.08 0.09 0.09 0.11 0.11 0.11 0.19 0.21
 0.28 0.31 0.34 0.34 0.35 0.35 0.35 0.36 0.36 0.37 0.37 0.41 0.41 0.42
 0.44 0.45 0.45 0.47 0.49 0.51 0.51 0.52 0.55 0.57 0.58 0.59 0.6  0.66
 0.66 0.67 0.72 0.79 0.8  0.81 0.82 0.85 0.88 0.92 0.94 0.95 0.97 1.08
 1.12 1.13 1.36 1.4 ]
var: 0.11692266666666659
| [0m48       [0m | [0m0.508    [0m | [0m0.1196   [0m | [0m19.38    [0m | [0m1.883    [0m |
[0.67 0.75 0.93 0.94 1.02 1.16 1.64 1.83 1.89 1.94 2.01 2.05 2.16 2.19
 2.21 2.27 2.31 2.32 2.33 2.34 2.42 2.48 2.54 2.6  2.61 2.61 2.65 2.69
 2.7  2.88 2.94 2.99 3.07 3.1  3.14 3.2  3.31 3.42 3.48 3.48 3.68 3.74
 3.79 3.79 3.82 3.88 3.93 3.97 4.24 4.31 4.39 4.54 4.6  4.61 4.72 4.93
 5.05 5.18 5.54 7.27]
var: 1.6484743055555557
| [95m49       [0m | [95m3.054    [0m | [95m0.009756 [0m | [95m4.713    [0m | [95m0.2542   [0m |
[0.   0.   0.   0.01 0.01 0.03 0.05 0.07 0.07 0.07 0.07 0.07 0.1  0.13
 0.15 0.16 0.17 0.21 0.22 0.24 0.27 0.27 0.3  0.31 0.31 0.32 0.37 0.37
 0.38 0.41 0.48 0.48 0.49 0.51 0.52 0.54 0.6  0.62 0.62 0.65 0.66 0.77
 0.77 0.92 0.96 0.96 1.17 1.22 1.53 1.57 1.68 1.68 1.89 1.92 2.04 2.22
 2.41 3.59 4.08 4.56]
var: 0.9561220833333334
| [0m50       [0m | [0m0.7875   [0m | [0m1e-08    [0m | [0m4.823    [0m | [0m0.2926   [0m |
[0.39 0.45 0.7  0.83 0.84 0.89 1.03 1.14 1.17 1.3  1.32 1.33 1.34 1.43
 1.45 1.47 1.49 1.58 1.61 1.66 1.76 1.83 1.84 1.86 1.94 1.95 1.98 1.98
 2.   2.04 2.1  2.14 2.16 2.18 2.25 2.45 2.5  2.57 2.6  2.64 2.66 2.76
 2.77 2.78 2.87 2.9  3.23 3.3  3.54 3.74 3.89 3.98 4.2  4.26 4.88 4.94
 5.2  5.29 5.97 6.36]
var: 1.8311127499999993
| [0m51       [0m | [0m2.429    [0m | [0m0.07124  [0m | [0m4.691    [0m | [0m0.1711   [0m |
[0.65 0.71 0.8  0.93 0.98 0.98 0.98 1.01 1.02 1.04 1.05 1.07 1.12 1.16
 1.21 1.23 1.24 1.28 1.4  1.46 1.49 1.52 1.58 1.58 1.6  1.64 1.67 1.7
 1.79 1.84 1.97 2.01 2.15 2.21 2.22 2.24 2.26 2.3  2.37 2.41 2.51 2.55
 2.57 2.58 2.63 2.67 2.71 2.77 2.78 2.93 2.98 3.2  3.39 3.46 3.59 4.
 4.34 4.46 4.69 5.57]
var: 1.146564305555555
| [0m52       [0m | [0m2.104    [0m | [0m0.1036   [0m | [0m4.716    [0m | [0m0.2589   [0m |
[0.09 0.24 0.24 0.24 0.24 0.26 0.3  0.31 0.32 0.36 0.37 0.41 0.42 0.5
 0.53 0.54 0.55 0.58 0.59 0.59 0.67 0.67 0.69 0.7  0.78 0.83 0.84 0.89
 0.9  0.94 0.99 1.06 1.06 1.08 1.11 1.14 1.19 1.23 1.32 1.4  1.5  1.7
 1.71 1.76 1.77 1.81 1.83 1.87 1.89 1.93 1.94 2.06 2.24 2.25 2.3  2.59
 3.04 3.3  3.76 3.81]
var: 0.7817303055555554
| [0m53       [0m | [0m1.204    [0m | [0m0.05117  [0m | [0m22.83    [0m | [0m0.5475   [0m |
[0.25 0.55 0.66 0.81 0.82 0.87 0.95 0.97 0.98 1.09 1.19 1.43 1.43 1.57
 1.58 1.6  1.6  1.67 1.67 1.71 1.73 1.76 1.77 1.82 1.83 1.83 1.85 1.91
 2.04 2.05 2.07 2.12 2.15 2.16 2.29 2.34 2.49 2.53 2.58 2.59 2.77 2.79
 2.87 2.89 3.05 3.07 3.08 3.1  3.14 3.16 3.34 3.35 3.41 3.67 3.87 4.06
 4.08 4.58 4.58 5.45]
var: 1.1798965555555552
| [0m54       [0m | [0m2.26     [0m | [0m0.1647   [0m | [0m13.16    [0m | [0m0.06667  [0m |
[0.28 0.29 0.76 0.91 0.94 1.04 1.16 1.18 1.21 1.27 1.33 1.38 1.44 1.46
 1.52 1.54 1.56 1.57 1.68 1.71 1.83 1.96 1.97 2.   2.05 2.1  2.28 2.3
 2.35 2.41 2.43 2.46 2.53 2.62 2.64 2.65 2.65 2.67 2.69 2.76 2.89 2.91
 2.93 2.95 2.99 3.03 3.09 3.26 3.34 3.37 3.54 3.67 3.83 3.9  4.07 4.16
 4.21 5.86 5.91 6.64]
var: 1.605260305555556
| [0m55       [0m | [0m2.469    [0m | [0m0.06045  [0m | [0m4.795    [0m | [0m0.04928  [0m |
[0.   0.   0.02 0.03 0.03 0.03 0.05 0.05 0.09 0.12 0.15 0.17 0.2  0.22
 0.23 0.25 0.26 0.32 0.32 0.33 0.35 0.37 0.42 0.42 0.43 0.43 0.45 0.45
 0.46 0.48 0.48 0.49 0.49 0.53 0.53 0.57 0.62 0.62 0.66 0.67 0.69 0.69
 0.74 0.82 0.89 0.93 0.96 1.02 1.08 1.08 1.1  1.19 1.25 1.25 1.25 1.42
 1.44 1.5  1.53 4.34]
var: 0.41141288888888883
| [0m56       [0m | [0m0.6327   [0m | [0m0.204    [0m | [0m40.02    [0m | [0m0.7971   [0m |
[0.51 0.87 1.2  1.25 1.29 1.35 1.39 1.47 1.62 1.68 1.69 1.71 1.78 1.97
 1.99 2.04 2.1  2.15 2.2  2.26 2.29 2.29 2.3  2.42 2.52 2.52 2.53 2.53
 2.56 2.57 2.58 2.61 2.82 2.89 2.94 2.95 2.96 2.98 3.01 3.04 3.1  3.1
 3.18 3.23 3.53 3.54 3.54 3.55 3.63 3.68 3.72 3.77 3.96 3.96 4.14 4.41
 4.61 4.71 5.33 5.86]
var: 1.1464565555555561
| [0m57       [0m | [0m2.74     [0m | [0m0.05954  [0m | [0m4.971    [0m | [0m0.1225   [0m |
[0.   0.   0.   0.01 0.02 0.02 0.02 0.02 0.02 0.02 0.03 0.05 0.05 0.05
 0.05 0.06 0.07 0.09 0.1  0.11 0.12 0.14 0.16 0.17 0.17 0.18 0.18 0.2
 0.21 0.22 0.23 0.24 0.24 0.27 0.28 0.3  0.32 0.35 0.38 0.42 0.46 0.56
 0.6  0.65 0.74 0.79 0.86 0.94 1.13 1.17 1.47 1.86 1.95 2.   2.11 2.3
 2.83 3.08 4.1  4.25]
var: 0.9617376666666657
| [0m58       [0m | [0m0.657    [0m | [0m1e-08    [0m | [0m4.892    [0m | [0m0.08309  [0m |
[0.11 0.16 0.57 0.7  0.87 0.87 1.03 1.12 1.15 1.21 1.34 1.46 1.51 1.56
 1.62 1.65 1.69 1.86 1.88 2.05 2.06 2.15 2.19 2.26 2.28 2.34 2.36 2.36
 2.36 2.45 2.55 2.56 2.6  2.62 2.8  2.81 2.84 2.88 2.88 2.92 3.02 3.03
 3.03 3.11 3.12 3.25 3.33 3.44 3.7  3.76 3.96 4.03 4.11 4.36 4.47 4.48
 4.61 4.82 4.84 6.06]
var: 1.545832750000001
| [0m59       [0m | [0m2.554    [0m | [0m0.06597  [0m | [0m5.006    [0m | [0m0.1982   [0m |
[0.35 0.7  0.81 0.85 0.96 0.98 1.02 1.12 1.21 1.29 1.37 1.38 1.42 1.43
 1.44 1.47 1.48 1.55 1.56 1.56 1.61 1.63 1.69 1.71 1.77 1.78 1.8  1.8
 1.81 1.82 1.84 1.91 2.01 2.02 2.07 2.17 2.27 2.29 2.41 2.45 2.47 2.5
 2.57 2.72 2.79 2.86 2.87 2.9  3.03 3.07 3.14 3.15 3.34 3.38 3.41 3.42
 3.9  4.31 4.77 5.11]
var: 0.9701059999999995
| [0m60       [0m | [0m2.142    [0m | [0m0.1599   [0m | [0m5.026    [0m | [0m0.1638   [0m |
[0.34 1.15 1.73 1.75 1.8  1.82 1.86 1.97 2.12 2.13 2.23 2.24 2.25 2.3
 2.34 2.37 2.4  2.41 2.5  2.51 2.54 2.64 2.71 2.71 2.81 2.85 2.85 3.02
 3.02 3.13 3.13 3.17 3.23 3.27 3.28 3.29 3.37 3.48 3.6  3.66 3.67 3.77
 3.8  3.85 4.   4.32 4.34 4.35 4.4  4.4  4.42 4.61 4.67 4.8  4.84 5.05
 5.42 6.72 7.55 8.07]
var: 1.9622236388888894
| [95m61       [0m | [95m3.317    [0m | [95m0.01494  [0m | [95m4.754    [0m | [95m0.1297   [0m |
[0.36 0.68 0.74 0.75 0.99 0.99 1.44 1.53 1.54 1.8  1.82 2.02 2.06 2.15
 2.19 2.22 2.24 2.31 2.4  2.44 2.47 2.47 2.49 2.53 2.55 2.58 2.6  2.61
 2.67 2.67 2.8  2.85 2.85 2.9  2.96 3.19 3.2  3.21 3.27 3.28 3.29 3.32
 3.44 3.59 3.7  3.72 3.89 3.95 4.   4.58 4.59 4.62 5.03 5.14 5.48 5.55
 6.46 6.7  6.96 8.21]
var: 2.492270666666667
| [0m62       [0m | [0m3.084    [0m | [0m0.01711  [0m | [0m5.028    [0m | [0m0.1745   [0m |
[1.07 1.3  1.44 1.48 1.51 1.55 1.56 1.58 1.6  1.64 1.65 1.73 1.83 1.85
 1.87 1.96 2.06 2.13 2.15 2.19 2.22 2.3  2.31 2.35 2.39 2.46 2.5  2.51
 2.59 2.6  2.63 2.66 2.71 2.76 2.83 2.89 2.95 3.12 3.18 3.35 3.36 3.49
 3.58 3.69 4.21 4.24 4.43 4.52 4.58 4.63 4.73 4.78 4.78 4.8  4.91 5.17
 5.48 6.17 6.39 6.8 ]
var: 1.9306888888888902
| [0m63       [0m | [0m3.037    [0m | [0m0.05307  [0m | [0m4.721    [0m | [0m0.101    [0m |
[0.29 0.65 0.74 1.11 1.14 1.18 1.55 1.7  1.73 1.85 1.86 1.87 1.99 2.
 2.05 2.11 2.11 2.18 2.19 2.23 2.25 2.26 2.26 2.28 2.31 2.38 2.38 2.39
 2.45 2.5  2.52 2.53 2.57 2.59 2.6  2.62 2.64 2.72 2.85 2.85 2.86 3.
 3.03 3.13 3.26 3.38 3.5  3.76 3.81 4.19 4.34 4.41 4.84 5.13 5.19 5.37
 5.97 6.45 6.69 7.89]
var: 2.2064193333333337
| [0m64       [0m | [0m2.878    [0m | [0m0.03831  [0m | [0m4.698    [0m | [0m0.1096   [0m |
[0.   0.   0.   0.   0.04 0.06 0.06 0.07 0.07 0.07 0.08 0.08 0.08 0.13
 0.13 0.18 0.2  0.2  0.22 0.24 0.26 0.28 0.29 0.29 0.32 0.32 0.33 0.38
 0.38 0.45 0.47 0.48 0.48 0.5  0.5  0.52 0.54 0.54 0.56 0.67 0.69 0.71
 0.72 0.78 0.91 0.99 1.01 1.35 1.75 1.81 2.23 2.29 2.64 2.72 2.74 3.14
 3.29 3.7  4.48 4.69]
var: 1.3138316388888889
| [0m65       [0m | [0m0.8852   [0m | [0m1e-08    [0m | [0m4.738    [0m | [0m0.1891   [0m |
[0.45 0.62 0.69 0.79 0.81 1.03 1.27 1.37 1.43 1.46 1.52 1.57 1.7  1.87
 1.99 2.05 2.16 2.24 2.25 2.27 2.41 2.42 2.45 2.45 2.47 2.54 2.59 2.64
 2.7  2.84 2.9  2.91 3.03 3.04 3.09 3.12 3.25 3.28 3.35 3.37 3.45 3.45
 3.5  3.51 3.52 3.52 3.65 3.66 3.86 3.96 4.   4.08 4.15 4.17 4.34 4.55
 4.75 5.01 5.2  5.69]
var: 1.427724972222222
| [0m66       [0m | [0m2.807    [0m | [0m0.05148  [0m | [0m5.035    [0m | [0m0.1252   [0m |
[0.21 0.68 0.71 0.85 0.93 1.19 1.43 1.5  1.65 1.78 2.04 2.05 2.06 2.08
 2.11 2.13 2.14 2.14 2.15 2.23 2.25 2.27 2.41 2.47 2.49 2.52 2.65 2.79
 2.8  2.84 2.93 2.97 3.01 3.11 3.12 3.18 3.25 3.28 3.34 3.35 3.43 3.62
 3.66 3.88 3.94 4.04 4.05 4.12 4.33 4.34 4.37 4.55 4.64 4.67 4.96 5.27
 5.6  5.7  7.25 7.53]
var: 2.1717695555555565
| [0m67       [0m | [0m3.051    [0m | [0m0.003613 [0m | [0m4.637    [0m | [0m0.3067   [0m |
[0.   0.   0.   0.   0.01 0.02 0.03 0.03 0.04 0.05 0.05 0.05 0.06 0.07
 0.07 0.07 0.08 0.08 0.09 0.09 0.1  0.11 0.13 0.14 0.14 0.15 0.15 0.18
 0.2  0.21 0.23 0.23 0.24 0.24 0.25 0.25 0.25 0.25 0.26 0.26 0.28 0.28
 0.29 0.32 0.32 0.37 0.37 0.38 0.39 0.4  0.43 0.44 0.46 0.5  0.54 0.61
 0.66 0.69 0.72 1.83]
var: 0.07571788888888858
| [0m68       [0m | [0m0.2523   [0m | [0m0.1212   [0m | [0m46.92    [0m | [0m2.699    [0m |
[0.41 0.5  0.53 0.53 0.55 0.7  0.74 0.86 0.86 0.87 0.99 1.   1.01 1.05
 1.06 1.12 1.14 1.15 1.17 1.21 1.25 1.31 1.34 1.39 1.5  1.54 1.54 1.59
 1.61 1.68 1.69 1.79 1.83 1.86 1.93 1.97 2.   2.05 2.13 2.17 2.18 2.18
 2.21 2.25 2.3  2.32 2.33 2.41 2.44 2.54 2.56 2.6  2.67 2.69 2.74 2.92
 2.93 2.95 3.35 3.92]
var: 0.6177249722222221
| [0m69       [0m | [0m1.735    [0m | [0m0.06431  [0m | [0m4.659    [0m | [0m0.02414  [0m |
[0.05 0.18 0.3  0.35 0.38 0.39 0.39 0.46 0.53 0.56 0.59 0.76 0.81 0.86
 0.92 0.93 1.04 1.19 1.27 1.28 1.3  1.31 1.35 1.36 1.36 1.38 1.39 1.4
 1.4  1.41 1.44 1.45 1.48 1.57 1.59 1.63 1.65 1.72 1.82 1.86 1.96 1.97
 2.04 2.04 2.15 2.17 2.35 2.44 2.44 2.53 2.61 2.81 2.99 3.41 3.53 3.55
 3.75 3.89 4.4  4.45]
var: 1.0948494166666665
| [0m70       [0m | [0m1.677    [0m | [0m0.04713  [0m | [0m4.587    [0m | [0m0.3533   [0m |
[0.13 0.23 0.46 0.62 0.68 0.77 0.79 0.84 0.98 0.99 0.99 1.16 1.21 1.3
 1.43 1.56 1.67 1.69 1.74 1.87 1.98 2.05 2.06 2.19 2.25 2.33 2.36 2.41
 2.46 2.46 2.47 2.5  2.52 2.63 2.64 2.65 2.7  2.71 2.78 2.84 2.92 2.95
 2.99 3.23 3.26 3.31 3.37 3.37 3.52 3.55 3.83 4.14 4.26 4.31 4.53 4.59
 5.22 5.48 5.96 6.77]
var: 1.9932212222222219
| [0m71       [0m | [0m2.528    [0m | [0m0.07474  [0m | [0m5.026    [0m | [0m0.167    [0m |
[0.45 0.5  1.01 1.07 1.14 1.64 1.67 1.74 1.86 1.92 2.11 2.2  2.35 2.49
 2.76 2.76 2.77 2.95 2.98 3.   3.01 3.07 3.07 3.07 3.07 3.21 3.21 3.23
 3.46 3.52 3.59 3.61 3.69 3.71 3.79 3.8  3.83 3.84 3.99 4.01 4.07 4.12
 4.32 4.33 4.38 4.42 4.45 4.83 4.99 4.99 5.01 5.01 5.07 5.26 5.46 6.4
 6.4  6.47 7.63 8.89]
var: 2.628200972222222
| [95m72       [0m | [95m3.594    [0m | [95m0.006337 [0m | [95m4.764    [0m | [95m0.107    [0m |
[0.19 0.57 0.76 0.85 0.99 1.19 1.36 1.38 1.39 1.42 1.49 1.56 1.57 1.61
 1.63 1.65 1.66 1.73 1.86 1.91 1.93 1.99 2.   2.   2.08 2.08 2.16 2.2
 2.25 2.27 2.3  2.37 2.46 2.48 2.49 2.51 2.54 2.55 2.56 2.78 3.05 3.08
 3.16 3.33 3.42 3.43 3.44 3.61 3.71 3.74 4.05 4.12 4.35 4.55 4.68 5.14
 5.34 5.36 6.66 6.69]
var: 1.9308326666666669
| [0m73       [0m | [0m2.628    [0m | [0m0.05834  [0m | [0m4.619    [0m | [0m0.2294   [0m |
[0.11 0.18 0.36 0.41 0.49 0.5  0.5  0.53 0.54 0.6  0.64 0.67 0.69 0.74
 0.74 0.79 0.8  0.88 0.92 0.94 0.94 0.95 0.98 1.02 1.04 1.06 1.09 1.09
 1.24 1.29 1.29 1.35 1.37 1.37 1.42 1.42 1.45 1.47 1.47 1.48 1.49 1.5
 1.54 1.59 1.62 1.63 1.7  1.78 1.81 1.83 1.85 1.94 2.04 2.05 2.2  2.4
 2.44 2.54 2.94 3.  ]
var: 0.4188460833333328
| [0m74       [0m | [0m1.279    [0m | [0m0.1169   [0m | [0m5.073    [0m | [0m0.02054  [0m |
[0.23 0.93 1.02 1.06 1.15 1.43 1.54 1.58 1.59 1.75 1.76 1.79 1.81 1.85
 1.88 2.03 2.13 2.15 2.19 2.23 2.26 2.29 2.36 2.36 2.4  2.54 2.55 2.72
 2.73 2.8  2.8  2.85 2.98 3.01 3.02 3.03 3.03 3.07 3.09 3.2  3.28 3.29
 3.47 3.52 3.57 3.72 3.74 3.75 3.77 3.79 3.82 3.85 3.86 3.91 4.21 4.59
 4.73 4.91 5.03 5.86]
var: 1.235174555555556
| [0m75       [0m | [0m2.798    [0m | [0m0.009207 [0m | [0m4.743    [0m | [0m0.04314  [0m |
[0.21 0.35 0.37 0.44 0.55 0.61 0.63 0.66 0.89 1.11 1.12 1.13 1.16 1.18
 1.19 1.2  1.27 1.34 1.4  1.44 1.49 1.52 1.6  1.61 1.61 1.73 1.76 1.77
 1.78 1.91 2.   2.06 2.08 2.14 2.16 2.33 2.33 2.35 2.37 2.45 2.46 2.48
 2.63 2.64 2.72 2.72 2.81 2.81 2.96 3.   3.   3.02 3.33 3.34 3.5  3.53
 3.65 3.94 4.02 4.83]
var: 1.046796083333333
| [0m76       [0m | [0m2.012    [0m | [0m0.1682   [0m | [0m4.646    [0m | [0m0.1956   [0m |
[0.78 0.78 0.93 0.96 1.03 1.05 1.09 1.21 1.24 1.3  1.49 1.57 1.59 1.65
 1.7  1.73 1.76 1.79 1.8  1.84 1.89 1.98 2.   2.01 2.01 2.04 2.08 2.12
 2.14 2.2  2.3  2.45 2.47 2.52 2.63 2.64 2.67 2.7  2.8  2.85 2.88 2.95
 2.98 2.99 3.04 3.05 3.1  3.14 3.25 3.29 3.38 3.48 3.49 3.53 3.61 3.83
 3.9  3.96 4.12 5.45]
var: 0.9270549722222218
| [0m77       [0m | [0m2.387    [0m | [0m0.07057  [0m | [0m4.763    [0m | [0m0.1534   [0m |
[0.47 0.49 0.55 0.55 0.71 0.79 0.86 0.93 1.14 1.2  1.29 1.29 1.32 1.38
 1.52 1.53 1.57 1.63 1.76 1.79 1.8  1.87 1.91 1.93 2.02 2.13 2.14 2.14
 2.22 2.25 2.26 2.3  2.33 2.36 2.39 2.41 2.43 2.44 2.47 2.48 2.51 2.62
 2.63 2.66 2.71 2.73 2.78 2.9  2.94 3.15 3.21 3.32 3.34 3.4  3.51 3.52
 3.72 3.93 5.2  5.31]
var: 1.0497389999999998
| [0m78       [0m | [0m2.219    [0m | [0m0.1305   [0m | [0m4.742    [0m | [0m0.06145  [0m |
[0.01 0.02 0.1  0.1  0.1  0.13 0.21 0.21 0.26 0.31 0.31 0.34 0.36 0.36
 0.39 0.4  0.4  0.45 0.53 0.54 0.58 0.61 0.65 0.7  0.73 0.77 0.82 0.88
 0.92 0.93 0.96 1.05 1.05 1.07 1.07 1.11 1.12 1.15 1.16 1.17 1.27 1.37
 1.38 1.43 1.46 1.49 1.56 1.62 1.62 1.64 1.75 1.75 1.77 1.79 1.84 1.89
 2.1  2.17 3.45 3.88]
var: 0.5828990000000004
| [0m79       [0m | [0m1.021    [0m | [0m0.01746  [0m | [0m30.04    [0m | [0m0.9155   [0m |
[0.66 0.77 0.78 1.09 1.38 1.56 1.63 1.72 1.91 1.91 1.99 2.06 2.26 2.29
 2.45 2.46 2.46 2.47 2.57 2.57 2.6  2.62 2.65 2.72 2.76 2.86 2.89 2.97
 3.02 3.07 3.08 3.21 3.23 3.29 3.37 3.38 3.42 3.56 3.64 3.74 3.75 3.85
 3.95 4.01 4.02 4.06 4.15 4.15 4.2  4.31 4.57 4.64 4.65 4.72 4.89 5.05
 5.12 5.66 5.76 6.23]
var: 1.567978305555555
| [0m80       [0m | [0m3.18     [0m | [0m0.005306 [0m | [0m4.948    [0m | [0m0.2169   [0m |
=============================================================
None
num_trials:  40  inits,  40  iters,  60  per
rho:  1
pthin:  0.60

Best VPT: 3.5941666666666667
Best result: {'a': 0.006337430615153214, 'g': 4.7644047942653, 's': 0.10699822850572964}

KERNEL: nu=1.5, lengthscale=2.0, alpha=0.0005
