|   iter    |  target   |     a     |     g     |     s     |
-------------------------------------------------------------
[0.02 0.09 0.12 0.18 0.21 0.25 0.28 0.29 0.3  0.32 0.36 0.4  0.41 0.41
 0.41 0.42 0.49 0.5  0.54 0.56 0.57 0.58 0.58 0.58 0.59 0.6  0.61 0.66
 0.71 0.74 0.74 0.78 0.78 0.78 0.78 0.79 0.84 0.87 0.87 0.89 0.9  0.99
 1.01 1.03 1.07 1.11 1.15 1.25 1.35 1.38 1.48 1.67 1.7  2.11 2.26 2.39
 2.58 2.6 ]
var: 0.3662058561236621
| [0m1        [0m | [0m0.8436   [0m | [0m0.1573   [0m | [0m43.63    [0m | [0m0.409    [0m |
[0.   0.   0.   0.   0.   0.   0.01 0.02 0.02 0.02 0.02 0.02 0.03 0.03
 0.05 0.05 0.06 0.08 0.09 0.09 0.09 0.1  0.11 0.11 0.11 0.14 0.14 0.14
 0.16 0.17 0.18 0.18 0.19 0.19 0.2  0.2  0.2  0.21 0.21 0.22 0.22 0.23
 0.23 0.24 0.24 0.25 0.29 0.31 0.34 0.35 0.35 0.38 0.41 0.42 0.43 0.44
 0.47 0.51 0.52 0.56]
var: 0.02289697222222219
| [0m2        [0m | [0m0.1838   [0m | [0m0.1623   [0m | [0m45.55    [0m | [0m2.644    [0m |
[0.41 0.53 0.55 0.58 0.61 0.82 0.83 0.85 0.86 0.87 0.89 0.94 0.96 0.97
 0.99 1.   1.02 1.03 1.05 1.07 1.07 1.08 1.08 1.1  1.21 1.22 1.24 1.25
 1.26 1.34 1.35 1.37 1.41 1.42 1.47 1.48 1.48 1.52 1.53 1.56 1.65 1.67
 1.68 1.68 1.71 1.75 1.77 1.83 1.83 1.85 1.87 2.25 2.33 2.56 2.56 2.76
 2.81 2.83 3.28 3.7 ]
var: 0.46351622222222233
| [95m3        [0m | [95m1.461    [0m | [95m0.04636  [0m | [95m34.97    [0m | [95m0.2485   [0m |
[0.   0.   0.   0.01 0.05 0.06 0.06 0.08 0.11 0.12 0.13 0.15 0.17 0.18
 0.2  0.21 0.22 0.23 0.24 0.24 0.25 0.25 0.26 0.28 0.29 0.3  0.3  0.3
 0.33 0.33 0.34 0.35 0.35 0.37 0.39 0.41 0.42 0.43 0.44 0.45 0.45 0.48
 0.51 0.51 0.53 0.54 0.55 0.55 0.55 0.55 0.61 0.73 0.79 0.85 0.89 1.07
 1.08 1.08 1.15 1.46]
var: 0.0964703055555555
| [0m4        [0m | [0m0.4038   [0m | [0m0.02396  [0m | [0m31.29    [0m | [0m1.991    [0m |
[0.   0.   0.   0.02 0.02 0.04 0.04 0.06 0.06 0.06 0.06 0.07 0.1  0.1
 0.11 0.11 0.11 0.15 0.16 0.17 0.17 0.17 0.2  0.23 0.23 0.24 0.26 0.33
 0.35 0.36 0.42 0.42 0.44 0.45 0.47 0.49 0.51 0.54 0.56 0.56 0.57 0.61
 0.62 0.66 0.67 0.69 0.73 0.74 0.76 0.92 0.97 1.07 1.31 1.58 1.63 1.93
 2.41]
var: 0.24831031086488148
| [0m5        [0m | [0m0.4686   [0m | [0m0.2406   [0m | [0m38.57    [0m | [0m1.385    [0m |
[0.05 0.62 0.67 0.67 0.72 0.75 0.75 0.78 0.87 0.94 1.04 1.12 1.15 1.17
 1.21 1.22 1.24 1.25 1.26 1.28 1.36 1.39 1.39 1.4  1.47 1.5  1.52 1.54
 1.55 1.56 1.57 1.62 1.7  1.73 1.74 1.75 1.76 1.77 1.77 1.81 2.03 2.15
 2.23 2.25 2.31 2.37 2.4  2.41 2.44 2.47 2.56 2.64 2.65 2.68 3.24 3.55
 4.21 4.44 5.5 ]
var: 0.9341798333812125
| [95m6        [0m | [95m1.783    [0m | [95m0.0125   [0m | [95m47.39    [0m | [95m0.2549   [0m |
[0.   0.   0.   0.02 0.03 0.03 0.04 0.04 0.04 0.06 0.06 0.06 0.06 0.06
 0.07 0.08 0.08 0.08 0.09 0.1  0.1  0.1  0.12 0.12 0.13 0.14 0.14 0.14
 0.15 0.18 0.21 0.22 0.25 0.26 0.28 0.3  0.3  0.32 0.32 0.35 0.35 0.38
 0.39 0.39 0.41 0.41 0.42 0.43 0.43 0.43 0.44 0.44 0.45 0.45 0.5  0.54
 0.55 0.68 0.69 0.77]
var: 0.0378215555555556
| [0m7        [0m | [0m0.2447   [0m | [0m0.2673   [0m | [0m42.78    [0m | [0m2.274    [0m |
[0.   0.   0.01 0.01 0.02 0.02 0.03 0.04 0.05 0.08 0.1  0.12 0.12 0.17
 0.18 0.2  0.2  0.2  0.2  0.21 0.24 0.27 0.27 0.28 0.29 0.29 0.34 0.34
 0.41 0.43 0.48 0.48 0.49 0.51 0.51 0.54 0.55 0.55 0.55 0.57 0.58 0.61
 0.62 0.62 0.64 0.68 0.68 0.8  0.84 0.84 0.89 1.09 1.14 1.21 1.37 2.34
 3.11]
var: 0.29065189289012006
| [0m8        [0m | [0m0.4984   [0m | [0m0.2241   [0m | [0m28.82    [0m | [0m0.5048   [0m |
[0.   0.02 0.05 0.06 0.07 0.08 0.13 0.18 0.18 0.18 0.2  0.29 0.29 0.32
 0.32 0.37 0.43 0.45 0.47 0.5  0.54 0.54 0.57 0.58 0.62 0.64 0.64 0.65
 0.69 0.69 0.71 0.73 0.76 0.77 0.81 0.82 0.86 0.89 0.89 0.89 0.9  0.98
 0.98 1.03 1.06 1.13 1.17 1.18 1.23 1.23 1.24 1.29 1.3  1.37 1.39 1.46
 1.71 1.97]
var: 0.20581783590963154
| [0m9        [0m | [0m0.7155   [0m | [0m0.03148  [0m | [0m9.303    [0m | [0m1.364    [0m |
[0.   0.   0.03 0.03 0.03 0.05 0.05 0.06 0.07 0.08 0.08 0.09 0.09 0.11
 0.12 0.12 0.16 0.17 0.19 0.2  0.21 0.23 0.24 0.25 0.28 0.28 0.29 0.31
 0.32 0.32 0.33 0.35 0.36 0.36 0.37 0.37 0.41 0.43 0.46 0.48 0.48 0.49
 0.49 0.5  0.51 0.52 0.53 0.53 0.54 0.56 0.57 0.57 0.58 0.61 0.65 0.69
 0.72 1.21 1.27 2.06]
var: 0.11469122222222226
| [0m10       [0m | [0m0.3743   [0m | [0m0.06167  [0m | [0m27.14    [0m | [0m2.432    [0m |
[0.06 0.07 0.07 0.09 0.09 0.1  0.13 0.14 0.16 0.17 0.18 0.18 0.19 0.21
 0.21 0.22 0.22 0.24 0.25 0.28 0.29 0.32 0.33 0.34 0.37 0.38 0.38 0.39
 0.4  0.43 0.44 0.45 0.46 0.47 0.48 0.48 0.49 0.5  0.53 0.54 0.57 0.6
 0.61 0.62 0.66 0.69 0.7  0.72 0.73 0.74 0.75 0.82 0.89 0.96 1.16 1.18
 1.24 1.48 1.67]
var: 0.12135461074403928
| [0m11       [0m | [0m0.4834   [0m | [0m0.2013   [0m | [0m3.814    [0m | [0m2.245    [0m |
[0.   0.01 0.02 0.02 0.03 0.03 0.03 0.04 0.04 0.05 0.06 0.06 0.07 0.07
 0.08 0.09 0.1  0.12 0.13 0.2  0.21 0.23 0.23 0.23 0.25 0.25 0.27 0.27
 0.28 0.28 0.29 0.29 0.3  0.3  0.32 0.32 0.33 0.35 0.36 0.37 0.38 0.4
 0.42 0.44 0.45 0.47 0.59 0.6  0.61 0.63 0.63 0.64 0.67 0.7  0.72 0.72
 0.98 1.18 1.3 ]
var: 0.0805385234128125
| [0m12       [0m | [0m0.3307   [0m | [0m0.2841   [0m | [0m24.63    [0m | [0m2.093    [0m |
[0.54 0.57 0.57 0.59 0.69 0.78 0.85 0.97 0.98 1.08 1.1  1.2  1.21 1.25
 1.26 1.26 1.36 1.37 1.38 1.39 1.42 1.47 1.49 1.5  1.53 1.56 1.56 1.58
 1.59 1.62 1.69 1.78 1.8  1.85 1.88 1.89 1.93 1.99 2.   2.1  2.15 2.23
 2.25 2.33 2.33 2.39 2.47 2.48 2.49 2.55 3.09 3.13 3.14 3.16 3.19 3.32
 3.45 4.01]
var: 0.6413496135552917
| [95m13       [0m | [95m1.807    [0m | [95m0.0371   [0m | [95m24.9     [0m | [95m0.1192   [0m |
[0.03 0.1  0.13 0.14 0.16 0.18 0.22 0.34 0.4  0.52 0.56 0.6  0.62 0.63
 0.64 0.64 0.67 0.77 0.78 0.87 0.96 1.   1.04 1.04 1.05 1.07 1.07 1.1
 1.13 1.16 1.17 1.22 1.22 1.23 1.24 1.25 1.29 1.3  1.31 1.32 1.33 1.35
 1.38 1.42 1.42 1.52 1.63 1.65 1.69 1.85 1.88 1.95 2.23 2.25 2.52 2.58
 2.64 3.35]
var: 0.4753774375743163
| [0m14       [0m | [0m1.152    [0m | [0m0.03999  [0m | [0m49.8     [0m | [0m0.3472   [0m |
[0.   0.   0.   0.01 0.07 0.07 0.08 0.08 0.08 0.08 0.09 0.12 0.13 0.19
 0.2  0.22 0.23 0.25 0.3  0.31 0.32 0.33 0.33 0.33 0.35 0.36 0.4  0.42
 0.42 0.43 0.43 0.44 0.48 0.5  0.51 0.51 0.54 0.57 0.57 0.58 0.58 0.66
 0.67 0.67 0.68 0.68 0.7  0.71 0.72 0.74 0.74 0.78 1.   1.01 1.02 1.17
 1.4  1.45 1.64 1.79]
var: 0.15987788888888907
| [0m15       [0m | [0m0.5023   [0m | [0m0.2636   [0m | [0m11.48    [0m | [0m2.743    [0m |
[0.06 0.14 0.14 0.14 0.16 0.16 0.18 0.19 0.24 0.25 0.25 0.25 0.32 0.33
 0.33 0.39 0.44 0.49 0.52 0.54 0.55 0.62 0.63 0.64 0.67 0.67 0.69 0.73
 0.77 0.78 0.81 0.81 0.86 0.86 0.88 0.94 0.95 1.08 1.09 1.1  1.15 1.15
 1.2  1.21 1.22 1.23 1.24 1.25 1.29 1.32 1.42 1.46 1.47 1.49 1.58 1.61
 1.74 1.78 1.89 2.14]
var: 0.2657994166666666
| [0m16       [0m | [0m0.8415   [0m | [0m0.06772  [0m | [0m5.884    [0m | [0m0.511    [0m |
[0.06 0.09 0.13 0.13 0.33 0.36 0.43 0.43 0.44 0.45 0.47 0.51 0.51 0.51
 0.52 0.53 0.53 0.62 0.64 0.66 0.67 0.72 0.73 0.74 0.74 0.8  0.83 0.85
 0.86 1.02 1.03 1.03 1.04 1.07 1.07 1.08 1.1  1.16 1.17 1.19 1.2  1.22
 1.26 1.31 1.35 1.36 1.41 1.65 1.68 1.7  1.78 1.81 1.84 1.87 1.89 1.92
 1.96 2.03 2.41 2.72]
var: 0.35563100000000003
| [0m17       [0m | [0m1.027    [0m | [0m0.2833   [0m | [0m31.75    [0m | [0m0.2744   [0m |
[0.   0.01 0.04 0.05 0.07 0.08 0.12 0.13 0.14 0.14 0.16 0.16 0.17 0.17
 0.19 0.25 0.26 0.34 0.36 0.39 0.39 0.4  0.41 0.45 0.45 0.46 0.51 0.51
 0.52 0.52 0.52 0.55 0.58 0.59 0.62 0.62 0.63 0.63 0.65 0.66 0.66 0.68
 0.68 0.73 0.77 0.8  0.8  0.86 0.94 0.96 0.98 1.03 1.1  1.12 1.15 1.15
 1.7  1.89 2.64 3.  ]
var: 0.3163378888888889
| [0m18       [0m | [0m0.6257   [0m | [0m0.128    [0m | [0m26.6     [0m | [0m1.668    [0m |
[0.   0.   0.01 0.02 0.02 0.04 0.06 0.07 0.1  0.1  0.13 0.15 0.16 0.17
 0.18 0.19 0.2  0.21 0.29 0.29 0.31 0.34 0.36 0.36 0.4  0.41 0.41 0.41
 0.42 0.43 0.43 0.44 0.45 0.48 0.49 0.5  0.51 0.54 0.54 0.63 0.63 0.66
 0.67 0.7  0.72 0.73 0.75 0.76 0.76 0.77 0.77 0.81 0.82 0.86 1.01 1.06
 1.25 1.31 1.31]
var: 0.11026124676817012
| [0m19       [0m | [0m0.4678   [0m | [0m0.05223  [0m | [0m11.37    [0m | [0m2.842    [0m |
[0.   0.03 0.04 0.04 0.05 0.07 0.08 0.1  0.12 0.13 0.14 0.14 0.18 0.2
 0.21 0.23 0.25 0.25 0.27 0.3  0.31 0.32 0.32 0.35 0.36 0.38 0.39 0.4
 0.43 0.44 0.44 0.44 0.46 0.47 0.48 0.48 0.53 0.54 0.54 0.54 0.56 0.58
 0.6  0.62 0.62 0.67 0.69 0.73 0.74 0.76 0.85 0.99 1.   1.04 1.1  1.12
 1.16 1.18 1.26]
var: 0.10664912381499556
| [0m20       [0m | [0m0.4698   [0m | [0m0.2493   [0m | [0m11.6     [0m | [0m2.679    [0m |
[0.   0.   0.01 0.02 0.03 0.03 0.04 0.05 0.05 0.05 0.05 0.06 0.06 0.07
 0.07 0.13 0.13 0.13 0.14 0.16 0.16 0.18 0.21 0.22 0.22 0.25 0.26 0.27
 0.27 0.28 0.29 0.29 0.3  0.31 0.35 0.36 0.38 0.39 0.39 0.4  0.4  0.41
 0.41 0.42 0.43 0.45 0.49 0.54 0.61 0.64 0.67 0.84 0.84 0.84 0.9  0.91
 1.09 1.32]
var: 0.08621394173602857
| [0m21       [0m | [0m0.3322   [0m | [0m0.2534   [0m | [0m27.86    [0m | [0m2.334    [0m |
[0.02 0.08 0.11 0.11 0.13 0.16 0.18 0.19 0.2  0.2  0.2  0.22 0.22 0.24
 0.24 0.25 0.25 0.26 0.26 0.3  0.31 0.31 0.32 0.32 0.33 0.34 0.34 0.34
 0.34 0.37 0.39 0.41 0.42 0.43 0.43 0.43 0.48 0.49 0.52 0.53 0.53 0.54
 0.55 0.58 0.6  0.6  0.63 0.65 0.67 0.7  0.71 0.75 0.82 0.85 0.93 0.96
 1.09 1.18 1.34 1.59]
var: 0.09722788888888907
| [0m22       [0m | [0m0.4657   [0m | [0m0.2544   [0m | [0m8.792    [0m | [0m2.936    [0m |
[0.   0.   0.01 0.01 0.02 0.03 0.04 0.04 0.04 0.05 0.06 0.07 0.07 0.08
 0.08 0.09 0.09 0.09 0.11 0.13 0.14 0.17 0.17 0.18 0.19 0.19 0.19 0.2
 0.2  0.21 0.21 0.21 0.22 0.23 0.25 0.26 0.26 0.27 0.27 0.29 0.3  0.3
 0.31 0.33 0.34 0.35 0.36 0.39 0.41 0.44 0.45 0.46 0.47 0.5  0.51 0.52
 0.55 1.18]
var: 0.0386245243757432
| [0m23       [0m | [0m0.2343   [0m | [0m0.07159  [0m | [0m48.83    [0m | [0m2.8      [0m |
[0.   0.   0.   0.01 0.03 0.05 0.07 0.08 0.1  0.12 0.19 0.19 0.2  0.21
 0.23 0.24 0.24 0.26 0.27 0.33 0.33 0.33 0.39 0.39 0.42 0.42 0.46 0.48
 0.49 0.51 0.53 0.54 0.54 0.55 0.59 0.6  0.62 0.62 0.64 0.69 0.72 0.73
 0.73 0.74 0.75 0.77 0.8  0.85 0.91 0.93 0.94 0.99 1.02 1.03 1.03 1.17
 1.25 1.73 1.93]
var: 0.16343654122378662
| [0m24       [0m | [0m0.542    [0m | [0m0.1086   [0m | [0m21.14    [0m | [0m1.296    [0m |
[0.   0.   0.   0.01 0.02 0.02 0.02 0.05 0.06 0.06 0.07 0.08 0.08 0.08
 0.09 0.09 0.1  0.11 0.12 0.13 0.16 0.18 0.21 0.21 0.23 0.24 0.24 0.25
 0.25 0.29 0.29 0.3  0.32 0.33 0.35 0.35 0.35 0.36 0.39 0.4  0.44 0.45
 0.46 0.47 0.49 0.5  0.51 0.59 0.63 0.63 0.7  0.72 0.74 0.76 0.77 0.92
 0.92 0.96 1.67]
var: 0.09734857799482913
| [0m25       [0m | [0m0.3427   [0m | [0m0.07     [0m | [0m25.66    [0m | [0m2.565    [0m |
[0.   0.   0.01 0.02 0.02 0.03 0.04 0.05 0.06 0.06 0.09 0.09 0.09 0.09
 0.1  0.1  0.12 0.12 0.13 0.14 0.17 0.17 0.24 0.24 0.26 0.28 0.3  0.31
 0.31 0.37 0.37 0.37 0.44 0.45 0.47 0.48 0.5  0.5  0.55 0.56 0.57 0.58
 0.64 0.68 0.69 0.71 0.71 0.75 0.8  0.81 0.83 0.83 0.86 0.9  1.   1.05
 1.52 1.73 1.92 2.88]
var: 0.26874400000000015
| [0m26       [0m | [0m0.486    [0m | [0m0.1128   [0m | [0m34.06    [0m | [0m0.9539   [0m |
[0.   0.   0.   0.   0.   0.   0.   0.   0.   0.   0.01 0.01 0.02 0.03
 0.03 0.04 0.04 0.04 0.04 0.05 0.06 0.07 0.07 0.08 0.09 0.1  0.1  0.11
 0.11 0.11 0.13 0.13 0.15 0.16 0.17 0.18 0.19 0.2  0.21 0.24 0.29 0.29
 0.33 0.36 0.39 0.39 0.39 0.4  0.43 0.44 0.44 0.47 0.47 0.49 0.49 0.53
 0.54 0.76]
var: 0.03528469084423294
| [0m27       [0m | [0m0.1874   [0m | [0m0.1886   [0m | [0m49.2     [0m | [0m2.094    [0m |
[0.   0.   0.01 0.01 0.03 0.03 0.03 0.04 0.04 0.05 0.05 0.06 0.06 0.09
 0.1  0.1  0.1  0.11 0.11 0.11 0.11 0.12 0.12 0.15 0.15 0.16 0.16 0.17
 0.17 0.18 0.19 0.2  0.21 0.21 0.22 0.23 0.24 0.26 0.27 0.27 0.3  0.33
 0.34 0.37 0.39 0.4  0.41 0.43 0.43 0.53 0.59 0.59 0.6  0.61 0.61 0.63
 0.7  0.73 1.24]
var: 0.05604217178971581
| [0m28       [0m | [0m0.2568   [0m | [0m0.07712  [0m | [0m46.29    [0m | [0m1.585    [0m |
[0.   0.   0.07 0.1  0.1  0.1  0.11 0.11 0.12 0.13 0.14 0.19 0.19 0.23
 0.23 0.27 0.28 0.28 0.29 0.34 0.35 0.41 0.42 0.44 0.44 0.45 0.45 0.47
 0.52 0.52 0.53 0.54 0.57 0.58 0.59 0.59 0.61 0.64 0.65 0.65 0.66 0.66
 0.68 0.68 0.69 0.69 0.71 0.71 0.78 0.84 1.02 1.08 1.13 1.14 1.22 1.29
 1.35 1.47 1.51 1.93]
var: 0.16818122222222204
| [0m29       [0m | [0m0.5657   [0m | [0m0.2848   [0m | [0m21.27    [0m | [0m1.409    [0m |
[0.   0.   0.01 0.02 0.02 0.03 0.04 0.04 0.05 0.05 0.05 0.05 0.06 0.07
 0.1  0.11 0.12 0.13 0.14 0.17 0.18 0.19 0.19 0.21 0.22 0.23 0.26 0.27
 0.28 0.28 0.28 0.29 0.29 0.3  0.32 0.34 0.34 0.34 0.36 0.37 0.38 0.4
 0.4  0.4  0.4  0.41 0.42 0.44 0.47 0.49 0.54 0.55 0.55 0.56 0.57 0.71
 0.78 0.87 1.8 ]
var: 0.07962752082734854
| [0m30       [0m | [0m0.3041   [0m | [0m0.1851   [0m | [0m34.38    [0m | [0m2.256    [0m |
[0.   0.   0.   0.   0.01 0.01 0.02 0.03 0.04 0.05 0.06 0.06 0.06 0.06
 0.07 0.1  0.11 0.12 0.13 0.13 0.14 0.17 0.18 0.18 0.2  0.21 0.21 0.21
 0.26 0.26 0.28 0.28 0.28 0.29 0.3  0.3  0.3  0.34 0.35 0.36 0.38 0.4
 0.4  0.41 0.41 0.41 0.43 0.43 0.44 0.48 0.49 0.52 0.52 0.54 0.55 0.6
 0.67 0.7  0.76 0.77]
var: 0.04264808333333349
| [0m31       [0m | [0m0.2745   [0m | [0m0.2008   [0m | [0m0.3365   [0m | [0m1.07     [0m |
[0.   0.01 0.04 0.12 0.16 0.19 0.22 0.23 0.24 0.25 0.27 0.28 0.28 0.33
 0.37 0.4  0.41 0.43 0.45 0.48 0.48 0.49 0.5  0.51 0.52 0.53 0.58 0.6
 0.61 0.67 0.68 0.69 0.69 0.69 0.7  0.72 0.79 0.82 0.85 0.86 0.91 1.
 1.   1.01 1.01 1.04 1.05 1.06 1.09 1.11 1.17 1.18 1.28 1.93 2.12 2.31
 2.33 2.84 3.22]
var: 0.4359167480609021
| [0m32       [0m | [0m0.7932   [0m | [0m0.04196  [0m | [0m8.284    [0m | [0m0.5803   [0m |
[0.06 0.12 0.37 0.39 0.52 0.56 0.59 0.61 0.72 0.76 0.83 0.88 1.04 1.09
 1.11 1.14 1.16 1.16 1.16 1.18 1.19 1.22 1.23 1.28 1.28 1.29 1.29 1.31
 1.33 1.34 1.35 1.38 1.38 1.4  1.43 1.55 1.55 1.56 1.61 1.63 1.71 1.75
 1.77 1.8  1.84 1.85 1.91 1.98 1.99 2.03 2.05 2.05 2.21 2.22 2.39 2.49
 3.22 5.04]
var: 0.5821552021403094
| [0m33       [0m | [0m1.437    [0m | [0m0.1162   [0m | [0m44.19    [0m | [0m0.0292   [0m |
[0.   0.   0.03 0.04 0.04 0.06 0.07 0.07 0.08 0.08 0.09 0.11 0.13 0.13
 0.16 0.17 0.21 0.22 0.24 0.24 0.25 0.25 0.26 0.26 0.27 0.28 0.28 0.3
 0.32 0.33 0.34 0.41 0.42 0.43 0.44 0.45 0.46 0.46 0.47 0.47 0.48 0.48
 0.51 0.52 0.59 0.6  0.61 0.62 0.66 0.68 0.78 0.8  0.85 1.   1.02 1.04
 1.08 1.91]
var: 0.11625841260404302
| [0m34       [0m | [0m0.406    [0m | [0m0.01765  [0m | [0m31.07    [0m | [0m1.786    [0m |
[0.02 0.02 0.04 0.07 0.08 0.08 0.12 0.13 0.13 0.15 0.15 0.17 0.2  0.2
 0.21 0.21 0.22 0.24 0.27 0.3  0.33 0.33 0.34 0.34 0.35 0.37 0.38 0.41
 0.43 0.43 0.47 0.48 0.51 0.55 0.57 0.57 0.58 0.58 0.59 0.61 0.68 0.71
 0.76 0.77 0.77 0.8  0.84 0.85 0.98 0.99 1.04 1.06 1.06 1.11 1.15 1.19
 1.31 1.34 1.37 1.61]
var: 0.15518322222222217
| [0m35       [0m | [0m0.5437   [0m | [0m0.08425  [0m | [0m11.68    [0m | [0m2.839    [0m |
[0.   0.01 0.02 0.03 0.06 0.06 0.08 0.1  0.1  0.13 0.13 0.15 0.16 0.18
 0.18 0.19 0.22 0.23 0.23 0.24 0.26 0.27 0.28 0.29 0.29 0.3  0.32 0.36
 0.37 0.39 0.4  0.41 0.41 0.46 0.49 0.5  0.51 0.58 0.6  0.62 0.62 0.63
 0.64 0.69 0.72 0.73 0.74 0.76 0.76 0.8  0.84 0.88 0.97 1.08 1.12 1.14
 1.44 1.5  2.55]
var: 0.19531646078713008
| [0m36       [0m | [0m0.4953   [0m | [0m0.1499   [0m | [0m23.93    [0m | [0m2.239    [0m |
[0.   0.   0.   0.   0.   0.   0.   0.01 0.02 0.02 0.03 0.04 0.04 0.04
 0.04 0.05 0.06 0.06 0.06 0.07 0.08 0.08 0.08 0.08 0.09 0.09 0.1  0.1
 0.11 0.13 0.13 0.13 0.14 0.15 0.15 0.16 0.17 0.2  0.21 0.21 0.22 0.22
 0.22 0.24 0.26 0.29 0.3  0.32 0.33 0.33 0.34 0.36 0.37 0.37 0.45 0.49
 0.49 0.55 0.61 0.8 ]
var: 0.02957830555555566
| [0m37       [0m | [0m0.1782   [0m | [0m0.02535  [0m | [0m44.9     [0m | [0m2.762    [0m |
[0.03 0.05 0.07 0.08 0.08 0.12 0.16 0.19 0.22 0.22 0.22 0.24 0.27 0.37
 0.4  0.4  0.41 0.42 0.42 0.45 0.45 0.48 0.53 0.57 0.59 0.59 0.6  0.6
 0.6  0.61 0.64 0.68 0.71 0.72 0.75 0.78 0.79 0.83 0.84 0.84 0.86 0.87
 0.88 0.89 0.91 1.02 1.08 1.09 1.16 1.25 1.25 1.37 1.6  1.6  1.71 1.96
 2.04 2.08 2.78]
var: 0.3190239011778225
| [0m38       [0m | [0m0.7529   [0m | [0m0.1473   [0m | [0m13.05    [0m | [0m0.3966   [0m |
[0.01 0.01 0.07 0.1  0.14 0.16 0.17 0.18 0.19 0.19 0.21 0.22 0.23 0.26
 0.27 0.31 0.32 0.35 0.38 0.38 0.38 0.41 0.43 0.43 0.45 0.48 0.49 0.5
 0.51 0.55 0.56 0.58 0.58 0.58 0.58 0.6  0.6  0.64 0.64 0.65 0.67 0.67
 0.73 0.79 0.83 0.87 0.95 0.97 1.03 1.07 1.13 1.19 1.28 1.69 1.83 1.85
 1.88 2.17]
var: 0.23790882877526742
| [0m39       [0m | [0m0.6274   [0m | [0m0.1107   [0m | [0m36.7     [0m | [0m0.6794   [0m |
[0.   0.01 0.02 0.03 0.09 0.11 0.11 0.15 0.16 0.17 0.18 0.18 0.21 0.23
 0.24 0.27 0.29 0.34 0.36 0.38 0.41 0.5  0.55 0.56 0.58 0.59 0.61 0.61
 0.62 0.62 0.65 0.65 0.67 0.68 0.69 0.69 0.7  0.72 0.72 0.73 0.75 0.76
 0.8  0.81 0.81 0.84 0.95 0.97 1.   1.02 1.06 1.06 1.16 1.23 1.27 1.34
 1.46 1.51 1.97]
var: 0.17541465096236725
| [0m40       [0m | [0m0.6246   [0m | [0m0.1751   [0m | [0m10.34    [0m | [0m1.008    [0m |
[0.33 0.38 0.52 0.56 0.58 0.62 0.64 0.66 0.77 0.8  0.84 0.88 0.92 0.97
 1.05 1.06 1.07 1.08 1.09 1.1  1.11 1.12 1.13 1.14 1.16 1.17 1.2  1.2
 1.25 1.28 1.31 1.32 1.32 1.33 1.34 1.47 1.47 1.49 1.49 1.49 1.51 1.53
 1.56 1.57 1.61 1.65 1.66 1.67 1.71 1.77 1.78 1.81 1.85 1.89 1.96 2.07
 2.11 2.34 2.34 3.33]
var: 0.2797703055555553
| [0m41       [0m | [0m1.324    [0m | [0m0.1157   [0m | [0m47.94    [0m | [0m0.03545  [0m |
[0.3  0.4  0.44 0.45 0.5  0.51 0.56 0.56 0.67 0.67 0.7  0.7  0.73 0.74
 0.84 0.85 0.92 0.95 0.97 1.01 1.07 1.08 1.1  1.18 1.19 1.27 1.3  1.36
 1.39 1.4  1.42 1.43 1.44 1.45 1.45 1.53 1.54 1.56 1.57 1.62 1.7  1.71
 1.71 1.79 1.9  1.9  1.93 1.96 2.05 2.06 2.07 2.17 2.25 2.41 2.49 2.51
 3.26]
var: 0.40025989535241574
| [0m42       [0m | [0m1.345    [0m | [0m0.04263  [0m | [0m46.89    [0m | [0m0.02201  [0m |
[0.13 0.14 0.28 0.28 0.42 0.49 0.53 0.55 0.57 0.59 0.59 0.59 0.6  0.63
 0.63 0.64 0.71 0.73 0.76 0.81 0.81 0.81 0.82 0.83 0.83 0.84 0.84 0.85
 0.86 0.86 0.89 0.93 0.95 0.98 1.06 1.09 1.16 1.17 1.19 1.19 1.24 1.26
 1.42 1.49 1.53 1.55 1.61 1.65 1.65 1.68 1.69 1.7  1.75 1.82 1.86 1.9
 2.14 2.47 3.38]
var: 0.35320465383510435
| [0m43       [0m | [0m1.075    [0m | [0m0.1254   [0m | [0m49.55    [0m | [0m0.2984   [0m |
[0.   0.   0.   0.   0.   0.01 0.01 0.01 0.01 0.01 0.01 0.02 0.02 0.02
 0.02 0.02 0.02 0.02 0.02 0.02 0.02 0.03 0.03 0.03 0.03 0.04 0.04 0.04
 0.04 0.04 0.05 0.05 0.06 0.06 0.07 0.07 0.07 0.07 0.08 0.08 0.09 0.09
 0.09 0.1  0.1  0.1  0.11 0.12 0.15 0.16 0.18 0.27 0.28 0.29 0.29 0.48]
var: 0.008320280612244938
| [0m44       [0m | [0m0.07393  [0m | [0m0.2849   [0m | [0m25.52    [0m | [0m0.002614 [0m |
[0.17 0.3  0.33 0.46 0.53 0.63 0.72 0.74 0.75 0.76 0.76 0.77 0.85 0.87
 0.93 0.95 1.04 1.05 1.05 1.06 1.1  1.11 1.17 1.19 1.19 1.21 1.24 1.27
 1.3  1.36 1.39 1.4  1.45 1.46 1.46 1.54 1.54 1.63 1.66 1.68 1.68 1.71
 1.79 1.81 1.87 1.9  1.9  1.91 1.92 1.94 1.95 1.97 2.09 2.12 2.16 2.18
 2.29 3.41 4.22]
var: 0.48164194197069793
| [0m45       [0m | [0m1.405    [0m | [0m0.0159   [0m | [0m24.56    [0m | [0m0.02064  [0m |
[0.   0.03 0.04 0.08 0.09 0.14 0.41 0.49 0.49 0.53 0.56 0.63 0.64 0.67
 0.68 0.75 0.76 0.81 0.81 0.91 0.96 0.97 0.99 0.99 1.   1.03 1.07 1.1
 1.11 1.18 1.3  1.31 1.32 1.33 1.34 1.38 1.43 1.44 1.48 1.52 1.53 1.6
 1.64 1.7  1.72 2.01 2.02 2.08 2.33 2.54 2.62 2.82 2.85 2.9  3.22 3.55
 4.24 4.66]
var: 1.0062621878715812
| [0m46       [0m | [0m1.376    [0m | [0m1e-08    [0m | [0m24.79    [0m | [0m0.4349   [0m |
[0.3  0.31 0.34 0.38 0.42 0.44 0.46 0.47 0.5  0.51 0.51 0.54 0.54 0.56
 0.56 0.57 0.59 0.6  0.61 0.65 0.67 0.69 0.71 0.71 0.71 0.73 0.73 0.74
 0.78 0.79 0.79 0.79 0.8  0.82 0.87 0.92 0.95 0.98 0.99 1.01 1.03 1.06
 1.09 1.14 1.17 1.18 1.18 1.28 1.35 1.44 1.49 1.6  1.7  1.7  1.81 1.89
 1.98 2.28 2.54]
var: 0.2462388394139616
| [0m47       [0m | [0m0.9314   [0m | [0m0.2929   [0m | [0m47.43    [0m | [0m0.2407   [0m |
[0.04 0.04 0.06 0.07 0.07 0.09 0.12 0.14 0.14 0.2  0.23 0.23 0.24 0.27
 0.28 0.35 0.36 0.37 0.38 0.39 0.39 0.42 0.42 0.45 0.46 0.55 0.59 0.61
 0.62 0.63 0.65 0.67 0.68 0.69 0.72 0.73 0.73 0.74 0.77 0.81 0.82 0.87
 1.   1.   1.   1.05 1.05 1.14 1.19 1.25 1.27 1.29 1.37 1.64 1.69 1.72
 1.85 1.85 1.92 2.02]
var: 0.2806049722222221
| [0m48       [0m | [0m0.7232   [0m | [0m0.07194  [0m | [0m11.41    [0m | [0m0.9544   [0m |
[0.   0.18 0.19 0.22 0.25 0.26 0.27 0.28 0.29 0.3  0.3  0.31 0.32 0.33
 0.33 0.34 0.34 0.35 0.37 0.4  0.4  0.47 0.5  0.51 0.51 0.53 0.55 0.58
 0.59 0.59 0.6  0.64 0.64 0.65 0.65 0.66 0.67 0.72 0.76 0.77 0.77 0.78
 0.78 0.79 0.87 0.93 0.96 1.   1.03 1.12 1.13 1.39 1.45 1.84 1.88 1.96
 2.54]
var: 0.23588574946137297
| [0m49       [0m | [0m0.6814   [0m | [0m1e-08    [0m | [0m47.4     [0m | [0m0.001    [0m |
[0.58 0.63 0.64 0.68 0.75 0.76 0.77 0.86 0.87 0.89 0.94 0.97 1.05 1.12
 1.17 1.19 1.21 1.22 1.25 1.27 1.29 1.33 1.35 1.36 1.42 1.43 1.44 1.52
 1.53 1.57 1.66 1.66 1.67 1.67 1.7  1.79 1.8  1.88 1.89 1.94 1.99 2.
 2.   2.04 2.1  2.14 2.18 2.19 2.24 2.36 2.38 2.45 2.45 2.61 2.67 2.74
 2.75 2.81 3.64 3.68]
var: 0.49754233333333375
| [0m50       [0m | [0m1.669    [0m | [0m0.006056 [0m | [0m47.37    [0m | [0m0.2123   [0m |
[0.05 0.05 0.07 0.12 0.18 0.19 0.32 0.39 0.4  0.42 0.5  0.51 0.53 0.54
 0.54 0.55 0.6  0.66 0.7  0.71 0.75 0.75 0.75 0.76 0.78 0.8  0.81 0.82
 0.86 0.87 0.9  1.03 1.05 1.06 1.08 1.11 1.12 1.13 1.21 1.21 1.22 1.25
 1.32 1.4  1.44 1.47 1.48 1.49 1.66 1.74 1.76 1.87 1.96 2.16 2.48 2.62
 2.76 2.9  5.27]
var: 0.7397492099971275
| [0m51       [0m | [0m1.104    [0m | [0m0.1511   [0m | [0m13.02    [0m | [0m0.367    [0m |
[0.58 0.62 0.67 0.68 0.76 0.77 0.86 0.88 0.89 0.95 0.99 1.   1.15 1.19
 1.27 1.29 1.31 1.33 1.36 1.41 1.49 1.54 1.55 1.56 1.58 1.62 1.65 1.69
 1.71 1.74 1.78 1.81 1.83 1.87 1.89 1.91 1.92 1.94 1.98 2.   2.01 2.05
 2.1  2.2  2.44 2.53 2.54 2.59 2.65 2.69 2.77 2.97 2.97 3.1  3.2  3.29]
var: 0.5019602040816328
| [0m52       [0m | [0m1.734    [0m | [0m0.01343  [0m | [0m24.75    [0m | [0m0.177    [0m |
[0.01 0.33 0.4  0.42 0.46 0.52 0.53 0.57 0.58 0.58 0.59 0.71 0.75 0.82
 0.88 0.9  0.94 0.97 1.   1.02 1.02 1.07 1.12 1.13 1.13 1.15 1.16 1.17
 1.17 1.18 1.18 1.19 1.24 1.25 1.3  1.31 1.33 1.34 1.36 1.42 1.44 1.44
 1.45 1.5  1.54 1.55 1.65 1.67 1.69 1.71 1.76 1.8  1.88 2.05 2.29 2.47
 2.52 2.55 2.74 3.24]
var: 0.39167900000000067
| [0m53       [0m | [0m1.269    [0m | [0m0.1825   [0m | [0m24.8     [0m | [0m0.1419   [0m |
[0.21 0.24 0.25 0.25 0.26 0.26 0.27 0.28 0.28 0.28 0.3  0.31 0.32 0.36
 0.36 0.37 0.43 0.45 0.51 0.51 0.52 0.53 0.54 0.54 0.62 0.62 0.64 0.64
 0.67 0.69 0.73 0.73 0.73 0.74 0.77 0.77 0.83 0.85 0.85 0.85 0.91 0.96
 1.07 1.11 1.15 1.2  1.22 1.22 1.24 1.39 1.4  1.43 1.71 1.78 2.02 2.16
 2.4  2.75]
var: 0.32296016646849
| [0m54       [0m | [0m0.8186   [0m | [0m1e-08    [0m | [0m24.81    [0m | [0m0.001    [0m |
[0.29 0.46 0.46 0.49 0.51 0.51 0.6  0.61 0.61 0.62 0.63 0.63 0.64 0.66
 0.71 0.72 0.74 0.76 0.79 0.8  0.89 0.97 0.97 1.   1.01 1.02 1.03 1.04
 1.07 1.07 1.07 1.09 1.12 1.24 1.3  1.35 1.37 1.42 1.43 1.51 1.54 1.55
 1.65 1.68 1.72 1.73 1.79 1.8  1.89 1.91 1.92 1.92 1.98 2.01 2.38 2.64
 2.79 3.57 3.97]
var: 0.5427561620224074
| [0m55       [0m | [0m1.282    [0m | [0m0.1      [0m | [0m24.78    [0m | [0m0.3033   [0m |
[0.24 0.25 0.25 0.59 0.61 0.62 0.66 0.68 0.68 0.73 0.75 0.89 0.96 1.02
 1.1  1.23 1.3  1.31 1.34 1.37 1.45 1.46 1.46 1.54 1.62 1.67 1.68 1.72
 1.78 1.79 1.88 1.89 1.9  1.92 1.93 1.98 1.98 2.02 2.07 2.1  2.34 2.37
 2.39 2.44 2.45 2.54 2.6  2.62 2.64 3.02 3.04 3.13 3.16 3.8  4.05 4.7 ]
var: 0.905222927295919
| [0m56       [0m | [0m1.781    [0m | [0m0.012    [0m | [0m24.94    [0m | [0m0.3098   [0m |
[0.22 0.24 0.27 0.3  0.34 0.36 0.37 0.37 0.38 0.4  0.43 0.45 0.46 0.48
 0.48 0.49 0.51 0.55 0.57 0.59 0.61 0.63 0.63 0.64 0.65 0.67 0.71 0.72
 0.77 0.77 0.8  0.85 0.9  0.9  0.92 0.95 1.   1.01 1.01 1.02 1.07 1.11
 1.17 1.17 1.17 1.2  1.24 1.25 1.27 1.32 1.32 1.34 1.4  1.4  1.43 1.52
 1.72 1.76 2.04 2.88]
var: 0.24381222222222204
| [0m57       [0m | [0m0.8867   [0m | [0m0.1928   [0m | [0m45.72    [0m | [0m0.3143   [0m |
[0.22 0.29 0.77 0.86 0.89 1.05 1.1  1.1  1.18 1.2  1.21 1.22 1.24 1.29
 1.42 1.44 1.45 1.49 1.49 1.56 1.56 1.57 1.57 1.62 1.62 1.62 1.67 1.7
 1.78 1.82 1.84 1.9  1.92 1.96 1.97 2.02 2.05 2.06 2.09 2.14 2.16 2.21
 2.25 2.28 2.41 2.43 2.49 2.52 2.59 2.67 2.68 3.03 3.05 3.21 3.64 3.77
 4.33 5.42 8.24]
var: 1.4756251651824195
| [95m58       [0m | [95m2.039    [0m | [95m0.007796 [0m | [95m25.04    [0m | [95m0.2632   [0m |
[0.01 0.03 0.04 0.06 0.12 0.12 0.13 0.17 0.18 0.25 0.26 0.29 0.33 0.37
 0.39 0.4  0.4  0.4  0.41 0.41 0.41 0.43 0.43 0.44 0.46 0.49 0.56 0.59
 0.59 0.6  0.66 0.66 0.69 0.7  0.7  0.7  0.72 0.77 0.77 0.79 0.81 0.91
 0.93 0.94 0.95 0.95 1.01 1.01 1.08 1.15 1.18 1.26 1.34 1.38 1.39 1.41
 1.44 1.48 1.54 1.82]
var: 0.1910216388888891
| [0m59       [0m | [0m0.6818   [0m | [0m0.058    [0m | [0m7.0      [0m | [0m1.535    [0m |
[0.   0.   0.   0.02 0.03 0.04 0.06 0.08 0.12 0.16 0.17 0.18 0.19 0.21
 0.21 0.23 0.23 0.24 0.25 0.28 0.28 0.29 0.33 0.34 0.35 0.35 0.36 0.36
 0.39 0.41 0.43 0.43 0.45 0.46 0.48 0.55 0.56 0.57 0.6  0.64 0.65 0.69
 0.7  0.71 0.78 0.85 0.87 0.9  0.91 0.93 0.96 0.98 0.98 1.   1.02 1.07
 1.08 1.22 1.88 2.01]
var: 0.17768488888888886
| [0m60       [0m | [0m0.5253   [0m | [0m0.2025   [0m | [0m26.73    [0m | [0m0.8782   [0m |
[0.01 0.1  0.45 0.5  0.56 0.64 0.66 0.69 0.71 0.73 0.74 0.76 0.78 0.78
 0.8  0.8  0.82 0.86 0.89 0.89 1.03 1.04 1.06 1.13 1.16 1.18 1.18 1.26
 1.27 1.3  1.3  1.34 1.37 1.37 1.45 1.48 1.49 1.5  1.57 1.58 1.62 1.63
 1.63 1.75 1.77 1.78 1.8  1.84 1.88 2.1  2.13 2.23 2.25 2.56 2.64 2.65
 2.73 3.44 4.06 4.86]
var: 0.7620843333333333
| [0m61       [0m | [0m1.443    [0m | [0m0.1302   [0m | [0m25.08    [0m | [0m0.1785   [0m |
[0.34 0.53 0.54 0.61 0.65 0.66 0.68 0.71 0.72 0.76 0.84 0.92 0.95 1.
 1.02 1.03 1.07 1.08 1.18 1.22 1.23 1.25 1.29 1.37 1.45 1.46 1.51 1.55
 1.57 1.58 1.64 1.65 1.67 1.72 1.74 1.74 1.75 1.77 1.82 1.83 1.84 1.87
 1.91 1.93 1.95 1.97 2.02 2.08 2.13 2.25 2.26 2.29 2.37 2.56 2.61 2.64
 3.36 3.74 3.86]
var: 0.555674863544958
| [0m62       [0m | [0m1.589    [0m | [0m0.02098  [0m | [0m47.36    [0m | [0m0.2509   [0m |
[0.14 0.2  0.29 0.4  0.5  0.54 0.58 0.61 0.62 0.63 0.66 0.68 0.68 0.68
 0.69 0.73 0.73 0.79 0.83 0.88 0.92 0.92 1.02 1.03 1.04 1.06 1.1  1.11
 1.12 1.13 1.14 1.15 1.15 1.19 1.22 1.31 1.33 1.34 1.38 1.39 1.44 1.45
 1.51 1.51 1.57 1.59 1.62 1.69 1.74 1.75 1.89 1.91 2.06 2.17 2.23 2.41
 2.63 2.78 5.61]
var: 0.6627256535478318
| [0m63       [0m | [0m1.262    [0m | [0m0.1217   [0m | [0m25.01    [0m | [0m0.2681   [0m |
[0.53 0.67 0.89 0.9  0.95 0.97 1.   1.03 1.12 1.12 1.16 1.2  1.2  1.21
 1.23 1.34 1.36 1.44 1.45 1.46 1.54 1.55 1.63 1.74 1.82 1.84 1.89 1.91
 1.91 1.94 1.96 2.07 2.07 2.1  2.18 2.35 2.36 2.39 2.49 2.55 2.64 2.69
 2.75 2.95 3.03 3.07 3.12 3.17 3.2  3.48 3.52 3.6  3.92 3.92 4.36 4.61
 8.44]
var: 1.639988611880578
| [95m64       [0m | [95m2.193    [0m | [95m0.0252   [0m | [95m25.05    [0m | [95m0.06912  [0m |
[0.29 0.31 0.67 0.69 0.69 0.74 0.77 0.84 0.93 0.94 1.04 1.05 1.07 1.13
 1.14 1.14 1.15 1.15 1.18 1.24 1.27 1.29 1.33 1.34 1.39 1.48 1.57 1.69
 1.7  1.7  1.73 1.8  1.86 1.9  1.97 1.99 1.99 2.05 2.08 2.17 2.21 2.31
 2.32 2.35 2.39 2.43 2.49 2.52 2.6  2.62 2.65 2.74 2.76 2.85 2.93 3.12
 3.73 5.49 6.29]
var: 1.1381575409365126
| [0m65       [0m | [0m1.852    [0m | [0m0.00332  [0m | [0m47.59    [0m | [0m0.2512   [0m |
[0.   0.07 0.11 0.21 0.25 0.28 0.29 0.32 0.36 0.37 0.39 0.42 0.45 0.45
 0.46 0.49 0.52 0.53 0.55 0.56 0.56 0.61 0.62 0.63 0.63 0.75 0.77 0.78
 0.79 0.82 0.85 0.88 0.92 0.95 0.95 0.97 0.99 1.03 1.03 1.04 1.12 1.13
 1.21 1.21 1.28 1.33 1.34 1.36 1.39 1.53 1.58 1.63 1.63 1.74 1.79 1.87
 2.05 2.65 2.97]
var: 0.36109916690606125
| [0m66       [0m | [0m0.9231   [0m | [0m0.09382  [0m | [0m47.62    [0m | [0m0.3754   [0m |
[0.   0.01 0.02 0.03 0.04 0.04 0.05 0.08 0.14 0.28 0.3  0.34 0.37 0.37
 0.39 0.46 0.53 0.58 0.59 0.65 0.65 0.67 0.68 0.69 0.74 0.74 0.76 0.86
 0.94 0.96 0.96 1.04 1.13 1.23 1.47 1.54 1.67 1.7  1.76 1.78 1.81 1.82
 1.88 2.01 2.12 2.17 2.22 2.26 2.27 2.37 2.62 2.63 2.72 2.73 3.08 3.68
 5.15 5.66]
var: 1.4360233055885847
| [0m67       [0m | [0m1.318    [0m | [0m1e-08    [0m | [0m25.02    [0m | [0m0.1545   [0m |
[0.06 0.07 0.07 0.08 0.08 0.09 0.09 0.11 0.14 0.16 0.16 0.17 0.17 0.2
 0.2  0.22 0.25 0.27 0.27 0.29 0.31 0.32 0.32 0.34 0.42 0.45 0.46 0.47
 0.47 0.5  0.54 0.54 0.55 0.58 0.58 0.6  0.61 0.65 0.65 0.68 0.68 0.74
 0.78 0.82 0.84 0.86 0.92 0.94 0.99 1.06 1.08 1.1  1.11 1.12 1.12 1.28
 1.67 2.17 2.32 2.69]
var: 0.2988315555555551
| [0m68       [0m | [0m0.6247   [0m | [0m0.219    [0m | [0m14.14    [0m | [0m0.6347   [0m |
[0.16 0.16 0.18 0.25 0.33 0.39 0.41 0.42 0.43 0.45 0.46 0.47 0.5  0.51
 0.55 0.57 0.58 0.63 0.67 0.68 0.69 0.69 0.72 0.78 0.81 0.83 0.83 0.83
 0.85 0.86 0.91 0.92 0.93 0.93 0.97 0.98 0.99 1.   1.05 1.05 1.11 1.13
 1.15 1.15 1.19 1.21 1.27 1.28 1.31 1.38 1.39 1.45 1.46 1.61 1.63 1.63
 1.93 2.29 2.6 ]
var: 0.2424690031600115
| [0m69       [0m | [0m0.9253   [0m | [0m0.2573   [0m | [0m31.74    [0m | [0m0.2675   [0m |
[0.01 0.03 0.03 0.08 0.1  0.1  0.11 0.11 0.16 0.17 0.21 0.21 0.22 0.32
 0.33 0.34 0.34 0.36 0.43 0.46 0.47 0.49 0.52 0.55 0.55 0.56 0.56 0.56
 0.57 0.57 0.57 0.57 0.58 0.59 0.6  0.62 0.64 0.66 0.66 0.73 0.76 0.79
 0.79 0.8  0.88 0.92 1.   1.06 1.13 1.15 1.21 1.28 1.33 1.54 1.65 1.67
 1.74 1.77 1.98 2.04]
var: 0.25843697222222245
| [0m70       [0m | [0m0.6872   [0m | [0m0.1761   [0m | [0m16.84    [0m | [0m0.4823   [0m |
[0.44 0.47 0.56 0.6  0.61 0.67 0.75 0.89 0.92 0.99 1.05 1.08 1.09 1.14
 1.2  1.24 1.26 1.27 1.28 1.3  1.3  1.32 1.33 1.34 1.38 1.4  1.42 1.44
 1.44 1.51 1.55 1.61 1.65 1.66 1.66 1.7  1.74 1.82 1.85 1.94 1.96 1.96
 2.04 2.11 2.14 2.24 2.3  2.32 2.39 2.41 2.47 2.48 2.58 2.62 2.64 2.67
 2.97 3.06 3.16 3.31]
var: 0.4953005555555557
| [0m71       [0m | [0m1.662    [0m | [0m0.1502   [0m | [0m25.1     [0m | [0m0.05802  [0m |
[0.   0.05 0.05 0.07 0.1  0.13 0.15 0.15 0.16 0.16 0.17 0.18 0.19 0.19
 0.2  0.22 0.22 0.23 0.24 0.26 0.27 0.28 0.28 0.29 0.3  0.31 0.32 0.36
 0.36 0.37 0.39 0.42 0.47 0.48 0.49 0.49 0.5  0.55 0.57 0.58 0.58 0.6
 0.61 0.62 0.64 0.67 0.69 0.74 0.83 0.85 0.85 1.   1.04 1.13 1.16 1.16
 2.11]
var: 0.13548796552785464
| [0m72       [0m | [0m0.4646   [0m | [0m0.1789   [0m | [0m1.962    [0m | [0m2.307    [0m |
[0.05 0.05 0.1  0.11 0.16 0.16 0.17 0.18 0.19 0.24 0.25 0.28 0.29 0.29
 0.3  0.3  0.31 0.35 0.36 0.38 0.4  0.41 0.43 0.43 0.43 0.44 0.44 0.46
 0.46 0.47 0.5  0.51 0.53 0.54 0.55 0.58 0.61 0.61 0.67 0.67 0.68 0.68
 0.68 0.74 0.8  0.8  0.81 0.82 0.83 0.85 0.87 0.92 0.92 1.04 1.18 1.22
 1.25 1.27 1.59 1.7 ]
var: 0.1305549722222222
| [0m73       [0m | [0m0.5718   [0m | [0m0.229    [0m | [0m10.79    [0m | [0m2.437    [0m |
[0.   0.01 0.01 0.03 0.05 0.06 0.07 0.07 0.08 0.09 0.1  0.11 0.11 0.11
 0.11 0.11 0.12 0.2  0.21 0.21 0.21 0.22 0.23 0.23 0.23 0.23 0.24 0.27
 0.28 0.28 0.29 0.3  0.31 0.33 0.36 0.36 0.38 0.41 0.41 0.45 0.45 0.46
 0.48 0.51 0.52 0.53 0.54 0.54 0.55 0.56 0.56 0.61 0.61 0.67 0.88 1.09
 1.25]
var: 0.06519205909510638
| [0m74       [0m | [0m0.3279   [0m | [0m0.008831 [0m | [0m36.92    [0m | [0m2.228    [0m |
[0.   0.03 0.05 0.06 0.06 0.07 0.11 0.11 0.14 0.16 0.18 0.19 0.19 0.19
 0.2  0.21 0.26 0.32 0.35 0.36 0.39 0.41 0.42 0.42 0.43 0.45 0.45 0.47
 0.47 0.53 0.54 0.55 0.57 0.59 0.62 0.63 0.65 0.66 0.68 0.69 0.72 0.72
 0.73 0.75 0.9  0.93 0.96 0.97 0.99 1.04 1.04 1.31 1.34 1.35 1.48 1.7
 1.87 2.69 4.17]
var: 0.465086411950589
| [0m75       [0m | [0m0.6698   [0m | [0m0.2405   [0m | [0m24.98    [0m | [0m0.4375   [0m |
[0.   0.   0.01 0.02 0.03 0.03 0.06 0.14 0.15 0.2  0.2  0.24 0.27 0.28
 0.29 0.35 0.36 0.38 0.41 0.44 0.46 0.47 0.49 0.49 0.5  0.54 0.55 0.58
 0.58 0.63 0.68 0.71 0.75 0.84 0.88 0.9  0.96 1.   1.01 1.03 1.03 1.06
 1.09 1.12 1.16 1.24 1.25 1.27 1.39 1.56 1.66 1.66 1.69 1.73 2.51 2.57
 3.09 4.3  4.43]
var: 0.8456658431485209
| [0m76       [0m | [0m0.9105   [0m | [0m1e-08    [0m | [0m47.49    [0m | [0m0.2225   [0m |
[0.32 0.36 0.43 0.56 0.63 0.63 0.73 0.74 0.76 0.79 0.95 0.98 1.   1.11
 1.14 1.16 1.22 1.22 1.28 1.29 1.3  1.33 1.34 1.38 1.46 1.47 1.5  1.52
 1.55 1.58 1.61 1.64 1.65 1.65 1.71 1.76 1.83 1.89 1.89 1.99 1.99 2.01
 2.1  2.11 2.2  2.25 2.31 2.31 2.44 2.47 2.48 2.69 2.88 3.03 3.15 3.46
 3.73 4.74]
var: 0.741245422116528
| [0m77       [0m | [0m1.684    [0m | [0m0.1054   [0m | [0m24.92    [0m | [0m0.03342  [0m |
[0.   0.01 0.04 0.04 0.05 0.05 0.05 0.07 0.11 0.11 0.12 0.14 0.15 0.16
 0.17 0.19 0.2  0.2  0.2  0.21 0.22 0.25 0.25 0.27 0.31 0.33 0.33 0.36
 0.37 0.41 0.43 0.43 0.43 0.44 0.44 0.46 0.47 0.52 0.54 0.55 0.57 0.58
 0.6  0.61 0.61 0.64 0.64 0.69 0.69 0.72 0.72 0.73 0.78 0.83 0.98 1.04
 1.06 1.24]
var: 0.0847842152199762
| [0m78       [0m | [0m0.4105   [0m | [0m0.1212   [0m | [0m36.37    [0m | [0m1.259    [0m |
[0.   0.   0.   0.01 0.02 0.02 0.02 0.02 0.02 0.03 0.03 0.03 0.03 0.03
 0.03 0.03 0.04 0.04 0.04 0.04 0.05 0.06 0.06 0.06 0.07 0.07 0.07 0.07
 0.07 0.07 0.08 0.08 0.08 0.08 0.08 0.08 0.09 0.09 0.09 0.11 0.12 0.12
 0.14 0.14 0.15 0.17 0.17 0.2  0.2  0.21 0.23 0.24 0.25 0.26 0.34 0.35
 0.37]
var: 0.008074669128962753
| [0m79       [0m | [0m0.09912  [0m | [0m0.09686  [0m | [0m25.01    [0m | [0m0.005413 [0m |
[0.06 0.1  0.1  0.12 0.12 0.14 0.14 0.17 0.19 0.2  0.21 0.22 0.23 0.23
 0.23 0.23 0.24 0.27 0.29 0.29 0.32 0.33 0.33 0.34 0.35 0.35 0.36 0.37
 0.38 0.4  0.42 0.44 0.44 0.45 0.46 0.5  0.51 0.51 0.52 0.53 0.57 0.6
 0.61 0.63 0.64 0.66 0.73 0.74 0.74 0.76 0.78 0.79 0.92 1.01 1.02 1.09
 1.38 1.52 1.62]
var: 0.11636776788279238
| [0m80       [0m | [0m0.4898   [0m | [0m0.2056   [0m | [0m3.864    [0m | [0m2.851    [0m |
=============================================================
None
num_trials:  40  inits,  40  iters,  60  per
rho:  50
pthin:  0.995

Best VPT: 2.1928070175438608
Best result: {'a': 0.025199892419937902, 'g': 25.047007774927916, 's': 0.06911647720754295}

KERNEL: nu=1.5, lengthscale=2.0, alpha=0.0005
