|   iter    |  target   |     a     |     g     |     s     |
-------------------------------------------------------------
[0.22 0.28 0.36 0.39 0.41 0.51 0.57 0.6  0.62 0.62 0.63 0.65 0.83 0.96
 0.97 1.01 1.12 1.13 1.15 1.19 1.2  1.24 1.27 1.35 1.36 1.38 1.42 1.42
 1.53 1.57 1.58 1.63 1.64 1.67 1.76 1.8  1.86 1.9  1.91 2.03 2.15 2.18
 2.29 2.3  2.35 2.41 2.49 2.54 2.6  2.73 2.8  2.81 2.86 2.89 3.22 3.28
 3.3  3.62 3.68]
var: 0.8173300775639192
| [0m1        [0m | [0m1.665    [0m | [0m0.1917   [0m | [0m15.83    [0m | [0m0.08797  [0m |
[0.   0.01 0.02 0.02 0.02 0.04 0.04 0.04 0.05 0.05 0.07 0.07 0.09 0.12
 0.13 0.14 0.15 0.16 0.17 0.17 0.18 0.19 0.19 0.2  0.21 0.21 0.24 0.24
 0.24 0.26 0.28 0.29 0.31 0.33 0.34 0.34 0.36 0.37 0.39 0.4  0.41 0.43
 0.45 0.47 0.47 0.48 0.51 0.56 0.65 0.7  0.7  0.79 0.8  0.94 0.97 0.99
 1.02 2.67 4.66]
var: 0.4696909508761854
| [0m2        [0m | [0m0.4373   [0m | [0m0.1784   [0m | [0m34.98    [0m | [0m1.837    [0m |
[0.   0.01 0.03 0.07 0.11 0.12 0.18 0.19 0.22 0.25 0.27 0.27 0.31 0.34
 0.36 0.39 0.41 0.43 0.44 0.52 0.52 0.54 0.57 0.62 0.64 0.64 0.66 0.68
 0.68 0.69 0.71 0.72 0.75 0.75 0.75 0.75 0.83 0.85 0.86 0.92 1.01 1.02
 1.07 1.1  1.1  1.1  1.2  1.26 1.29 1.4  1.43 1.66 1.7  1.74 1.79 1.81
 2.04 2.22 2.5  3.06]
var: 0.41109208333333364
| [0m3        [0m | [0m0.8425   [0m | [0m0.01959  [0m | [0m28.21    [0m | [0m0.8618   [0m |
[0.01 0.1  0.15 0.17 0.22 0.24 0.28 0.29 0.3  0.3  0.4  0.42 0.46 0.46
 0.5  0.51 0.52 0.52 0.53 0.53 0.55 0.56 0.58 0.58 0.61 0.62 0.62 0.66
 0.69 0.7  0.71 0.72 0.73 0.73 0.73 0.75 0.76 0.76 0.77 0.77 0.78 0.8
 0.82 0.83 0.83 0.85 0.87 0.88 0.91 0.91 1.1  1.12 1.13 1.14 1.33 1.55
 1.83 2.6  2.62]
var: 0.23208882505027273
| [0m4        [0m | [0m0.7358   [0m | [0m0.1528   [0m | [0m12.14    [0m | [0m0.8469   [0m |
[0.   0.   0.   0.   0.   0.   0.   0.   0.02 0.02 0.02 0.02 0.04 0.05
 0.05 0.06 0.06 0.07 0.07 0.07 0.08 0.08 0.09 0.1  0.1  0.11 0.11 0.13
 0.13 0.13 0.13 0.14 0.14 0.14 0.15 0.16 0.16 0.18 0.2  0.2  0.21 0.25
 0.27 0.28 0.28 0.3  0.3  0.31 0.34 0.34 0.34 0.4  0.42 0.43 0.48 0.57
 0.58 0.6  0.61 1.02]
var: 0.038881222222222275
| [0m5        [0m | [0m0.1923   [0m | [0m0.1928   [0m | [0m43.42    [0m | [0m2.783    [0m |
[0.   0.   0.   0.01 0.01 0.01 0.02 0.02 0.02 0.03 0.04 0.05 0.05 0.07
 0.07 0.09 0.09 0.1  0.1  0.1  0.1  0.11 0.11 0.14 0.15 0.15 0.15 0.17
 0.17 0.18 0.19 0.19 0.2  0.2  0.21 0.21 0.23 0.24 0.24 0.25 0.25 0.26
 0.27 0.28 0.28 0.29 0.31 0.34 0.37 0.4  0.42 0.43 0.47 0.47 0.49 0.5
 0.53 0.54 0.66]
var: 0.026244125251364533
| [0m6        [0m | [0m0.2039   [0m | [0m0.09125  [0m | [0m40.31    [0m | [0m2.738    [0m |
[0.   0.02 0.03 0.09 0.1  0.1  0.11 0.21 0.31 0.31 0.32 0.35 0.35 0.38
 0.4  0.42 0.43 0.44 0.44 0.48 0.5  0.56 0.56 0.57 0.6  0.6  0.61 0.62
 0.62 0.63 0.64 0.65 0.65 0.65 0.67 0.69 0.69 0.75 0.85 0.88 0.95 0.95
 0.97 0.99 1.   1.02 1.13 1.16 1.25 1.26 1.31 1.34 1.44 1.46 1.86 1.89
 2.05 2.14 3.97]
var: 0.42058115484056297
| [0m7        [0m | [0m0.7868   [0m | [0m0.04519  [0m | [0m4.561    [0m | [0m1.11     [0m |
[0.   0.   0.   0.   0.   0.01 0.01 0.02 0.03 0.03 0.03 0.03 0.03 0.04
 0.06 0.08 0.08 0.09 0.09 0.09 0.1  0.11 0.11 0.11 0.11 0.12 0.13 0.14
 0.15 0.17 0.18 0.23 0.25 0.25 0.27 0.27 0.31 0.33 0.33 0.33 0.36 0.37
 0.37 0.37 0.38 0.39 0.47 0.49 0.5  0.51 0.52 0.53 0.57 0.66 0.69 0.7
 0.71 1.73]
var: 0.08051331747919165
| [0m8        [0m | [0m0.2593   [0m | [0m0.2848   [0m | [0m43.83    [0m | [0m1.72     [0m |
[0.   0.   0.   0.   0.01 0.02 0.03 0.07 0.09 0.1  0.12 0.16 0.18 0.19
 0.2  0.21 0.23 0.24 0.24 0.28 0.3  0.3  0.33 0.36 0.36 0.37 0.4  0.43
 0.45 0.46 0.47 0.47 0.51 0.52 0.52 0.53 0.54 0.54 0.57 0.61 0.62 0.66
 0.68 0.69 0.72 0.74 0.75 0.75 0.76 0.79 0.79 0.81 0.93 0.98 0.98 1.05
 1.15 1.27 1.84]
var: 0.13068233266302806
| [0m9        [0m | [0m0.4808   [0m | [0m0.04515  [0m | [0m30.43    [0m | [0m1.386    [0m |
[0.   0.02 0.03 0.04 0.04 0.05 0.06 0.06 0.09 0.1  0.1  0.11 0.14 0.14
 0.15 0.15 0.16 0.16 0.17 0.19 0.2  0.23 0.24 0.26 0.26 0.27 0.28 0.28
 0.28 0.29 0.3  0.32 0.34 0.34 0.35 0.35 0.37 0.37 0.37 0.38 0.4  0.44
 0.46 0.51 0.51 0.51 0.58 0.62 0.71 0.74 0.82 1.   1.04 1.17 1.47 1.59
 1.69 2.09]
var: 0.19058766349583808
| [0m10       [0m | [0m0.4205   [0m | [0m0.1229   [0m | [0m22.84    [0m | [0m2.782    [0m |
[0.   0.   0.01 0.01 0.05 0.05 0.12 0.15 0.15 0.17 0.2  0.22 0.24 0.27
 0.31 0.32 0.32 0.34 0.37 0.43 0.44 0.45 0.48 0.49 0.5  0.52 0.53 0.53
 0.55 0.55 0.59 0.6  0.65 0.67 0.68 0.7  0.71 0.72 0.76 0.82 0.83 0.84
 0.89 0.89 1.07 1.08 1.14 1.15 1.22 1.38 1.42 1.53 1.56 1.61 1.79 1.84
 1.98 2.2  2.75]
var: 0.3542915828784834
| [0m11       [0m | [0m0.7261   [0m | [0m0.0304   [0m | [0m27.24    [0m | [0m0.7137   [0m |
[0.01 0.03 0.04 0.06 0.11 0.14 0.14 0.14 0.16 0.17 0.19 0.19 0.21 0.22
 0.22 0.22 0.23 0.25 0.25 0.27 0.3  0.32 0.34 0.34 0.35 0.36 0.38 0.38
 0.4  0.43 0.43 0.49 0.49 0.52 0.53 0.56 0.56 0.57 0.61 0.63 0.65 0.66
 0.66 0.67 0.69 0.69 0.76 0.85 0.87 0.93 0.94 0.99 1.18 1.19 1.24 1.27
 1.35 2.41]
var: 0.17576361474435212
| [0m12       [0m | [0m0.5214   [0m | [0m0.04076  [0m | [0m5.181    [0m | [0m2.708    [0m |
[0.04 0.07 0.09 0.15 0.16 0.18 0.18 0.19 0.21 0.22 0.22 0.24 0.25 0.25
 0.32 0.33 0.34 0.35 0.36 0.36 0.39 0.39 0.42 0.44 0.47 0.49 0.52 0.52
 0.58 0.58 0.63 0.64 0.65 0.67 0.67 0.68 0.71 0.73 0.73 0.79 0.8  0.81
 0.83 0.84 0.84 0.86 1.   1.04 1.13 1.22 1.25 1.3  1.32 1.54 2.08 2.23
 2.48 2.67 3.09]
var: 0.4181789141051429
| [0m13       [0m | [0m0.738    [0m | [0m0.1464   [0m | [0m7.45     [0m | [0m0.6707   [0m |
[0.16 0.23 0.24 0.32 0.34 0.36 0.47 0.47 0.49 0.55 0.56 0.57 0.59 0.59
 0.59 0.61 0.61 0.62 0.7  0.71 0.73 0.74 0.78 0.8  0.81 0.82 0.83 0.85
 0.89 0.94 0.96 0.96 0.99 1.06 1.07 1.11 1.16 1.21 1.24 1.27 1.29 1.37
 1.39 1.46 1.48 1.52 1.55 1.57 1.66 1.66 1.73 1.88 2.07 2.24 2.41 2.41
 2.46 3.17]
var: 0.40294887039239036
| [0m14       [0m | [0m1.074    [0m | [0m0.08338  [0m | [0m7.652    [0m | [0m0.3525   [0m |
[0.01 0.02 0.03 0.06 0.07 0.08 0.1  0.11 0.11 0.13 0.23 0.23 0.26 0.28
 0.28 0.29 0.29 0.32 0.36 0.37 0.38 0.39 0.44 0.44 0.45 0.46 0.49 0.49
 0.5  0.51 0.53 0.56 0.57 0.58 0.59 0.59 0.59 0.61 0.61 0.64 0.69 0.69
 0.71 0.71 0.72 0.73 0.74 0.76 0.86 0.86 0.89 0.9  0.95 1.07 1.08 1.33
 1.5  1.52 1.64]
var: 0.13788233266302777
| [0m15       [0m | [0m0.5492   [0m | [0m0.08631  [0m | [0m6.518    [0m | [0m2.576    [0m |
[0.01 0.01 0.02 0.04 0.04 0.04 0.05 0.08 0.08 0.1  0.13 0.14 0.18 0.22
 0.24 0.24 0.25 0.25 0.26 0.26 0.3  0.31 0.32 0.32 0.33 0.36 0.36 0.36
 0.37 0.37 0.38 0.39 0.43 0.43 0.47 0.47 0.48 0.49 0.52 0.53 0.53 0.58
 0.58 0.58 0.59 0.59 0.62 0.67 0.74 0.76 0.84 0.86 0.9  0.91 1.03 1.12
 1.17 1.36 1.41]
var: 0.11000155127836844
| [0m16       [0m | [0m0.4486   [0m | [0m0.1405   [0m | [0m47.71    [0m | [0m0.9465   [0m |
[0.42 0.56 0.59 0.66 0.67 0.69 0.73 0.75 0.76 0.81 0.86 0.91 0.94 1.04
 1.07 1.08 1.14 1.16 1.16 1.16 1.19 1.19 1.26 1.3  1.32 1.33 1.39 1.41
 1.44 1.47 1.52 1.59 1.65 1.67 1.76 1.92 1.98 2.02 2.03 2.07 2.12 2.13
 2.14 2.23 2.27 2.28 2.38 2.46 2.56 2.78 2.9  3.17 3.18 3.2  3.21 3.23
 3.37 3.56 6.48]
var: 1.0690694053432925
| [95m17       [0m | [95m1.768    [0m | [95m0.00475  [0m | [95m32.19    [0m | [95m0.3751   [0m |
[0.02 0.03 0.03 0.06 0.07 0.09 0.1  0.11 0.12 0.13 0.13 0.14 0.14 0.14
 0.17 0.18 0.19 0.2  0.23 0.25 0.26 0.26 0.3  0.33 0.4  0.41 0.42 0.45
 0.45 0.49 0.5  0.5  0.5  0.51 0.53 0.56 0.56 0.57 0.59 0.59 0.6  0.66
 0.68 0.74 0.75 0.76 0.77 0.8  0.89 0.92 0.97 1.01 1.06 1.11 1.12 1.13
 1.23 1.34 1.35]
var: 0.13168865268600982
| [0m18       [0m | [0m0.5017   [0m | [0m0.207    [0m | [0m13.18    [0m | [0m2.043    [0m |
[0.   0.   0.   0.   0.   0.01 0.01 0.01 0.01 0.02 0.03 0.04 0.04 0.05
 0.05 0.07 0.07 0.08 0.09 0.11 0.13 0.13 0.15 0.15 0.16 0.17 0.18 0.18
 0.18 0.2  0.21 0.21 0.22 0.22 0.27 0.27 0.28 0.29 0.29 0.3  0.31 0.31
 0.34 0.36 0.37 0.39 0.41 0.42 0.43 0.45 0.47 0.47 0.47 0.48 0.52 0.56
 0.73 1.04]
var: 0.041958888228299795
| [0m19       [0m | [0m0.2312   [0m | [0m0.2438   [0m | [0m40.68    [0m | [0m2.377    [0m |
[0.03 0.04 0.07 0.07 0.1  0.11 0.11 0.11 0.12 0.19 0.19 0.2  0.24 0.27
 0.27 0.27 0.28 0.28 0.28 0.29 0.3  0.31 0.39 0.4  0.41 0.41 0.48 0.52
 0.52 0.52 0.52 0.58 0.6  0.63 0.64 0.67 0.67 0.71 0.71 0.73 0.76 0.76
 0.76 0.77 0.78 0.78 0.78 0.78 0.81 0.84 0.85 0.86 0.89 0.9  0.92 1.21
 1.31 1.4  2.37 2.6 ]
var: 0.22611808333333314
| [0m20       [0m | [0m0.5895   [0m | [0m0.2761   [0m | [0m9.204    [0m | [0m2.899    [0m |
[0.04 0.07 0.08 0.08 0.08 0.1  0.11 0.11 0.12 0.14 0.14 0.15 0.16 0.19
 0.22 0.23 0.25 0.27 0.3  0.37 0.42 0.44 0.52 0.52 0.53 0.56 0.61 0.64
 0.68 0.68 0.69 0.7  0.75 0.79 0.81 0.84 0.95 0.95 0.95 0.96 1.02 1.04
 1.07 1.1  1.12 1.13 1.13 1.15 1.18 1.22 1.24 1.27 1.28 1.41 1.55 1.75
 1.79 2.33 3.13]
var: 0.35930623384085086
| [0m21       [0m | [0m0.7476   [0m | [0m0.02837  [0m | [0m10.67    [0m | [0m1.149    [0m |
[0.03 0.03 0.04 0.04 0.05 0.06 0.06 0.07 0.07 0.1  0.13 0.16 0.16 0.17
 0.19 0.2  0.21 0.22 0.22 0.22 0.22 0.23 0.23 0.24 0.25 0.26 0.27 0.28
 0.28 0.28 0.31 0.32 0.34 0.34 0.34 0.36 0.36 0.36 0.37 0.39 0.42 0.46
 0.48 0.48 0.48 0.5  0.53 0.55 0.61 0.63 0.63 0.67 0.82 0.83 0.92 1.13
 1.17 1.34 1.51]
var: 0.10261562769319162
| [0m22       [0m | [0m0.3834   [0m | [0m0.2457   [0m | [0m1.212    [0m | [0m1.481    [0m |
[0.02 0.04 0.07 0.09 0.12 0.16 0.16 0.24 0.27 0.29 0.29 0.3  0.3  0.31
 0.33 0.35 0.38 0.39 0.41 0.43 0.43 0.43 0.46 0.46 0.49 0.53 0.54 0.56
 0.57 0.59 0.64 0.65 0.66 0.66 0.67 0.68 0.7  0.73 0.79 0.82 0.83 0.9
 0.9  0.91 0.91 0.92 0.94 0.96 1.07 1.15 1.19 1.19 1.19 1.3  1.33 1.48
 1.49 2.36 2.52 3.3 ]
var: 0.3504543055555556
| [0m23       [0m | [0m0.7308   [0m | [0m0.1192   [0m | [0m10.86    [0m | [0m0.8474   [0m |
[0.   0.   0.   0.   0.   0.01 0.01 0.01 0.01 0.02 0.02 0.05 0.05 0.08
 0.1  0.11 0.13 0.13 0.13 0.15 0.15 0.15 0.16 0.16 0.17 0.19 0.19 0.19
 0.21 0.21 0.22 0.25 0.26 0.27 0.27 0.29 0.29 0.3  0.3  0.3  0.32 0.33
 0.34 0.35 0.35 0.36 0.39 0.39 0.39 0.4  0.41 0.41 0.48 0.49 0.51 0.57
 0.57 0.62 0.68 0.82]
var: 0.035571555555555585
| [0m24       [0m | [0m0.2453   [0m | [0m0.2537   [0m | [0m45.76    [0m | [0m2.197    [0m |
[0.   0.   0.   0.   0.   0.01 0.02 0.02 0.03 0.03 0.03 0.04 0.04 0.04
 0.05 0.05 0.05 0.06 0.06 0.07 0.09 0.09 0.1  0.12 0.12 0.13 0.14 0.14
 0.15 0.16 0.16 0.19 0.21 0.23 0.24 0.28 0.31 0.31 0.38 0.39 0.39 0.4
 0.43 0.46 0.48 0.49 0.5  0.55 0.58 0.61 0.7  0.71 0.71 0.72 0.73 0.73
 0.77 0.82 1.03 1.15]
var: 0.08396055555555555
| [0m25       [0m | [0m0.2917   [0m | [0m0.04464  [0m | [0m45.65    [0m | [0m1.89     [0m |
[0.   0.   0.   0.02 0.02 0.03 0.04 0.07 0.07 0.09 0.09 0.1  0.12 0.12
 0.12 0.15 0.16 0.16 0.19 0.2  0.23 0.23 0.25 0.36 0.36 0.38 0.38 0.4
 0.4  0.41 0.45 0.46 0.5  0.51 0.52 0.55 0.58 0.6  0.62 0.63 0.71 0.72
 0.73 0.74 0.74 0.74 0.74 0.75 0.77 0.78 0.81 0.82 0.86 0.89 0.93 0.97
 1.23 1.23 1.43 1.72]
var: 0.14525488888888896
| [0m26       [0m | [0m0.4813   [0m | [0m0.1408   [0m | [0m38.24    [0m | [0m0.7361   [0m |
[0.   0.   0.   0.   0.   0.01 0.01 0.02 0.04 0.04 0.04 0.04 0.05 0.05
 0.07 0.07 0.07 0.08 0.08 0.09 0.09 0.1  0.12 0.12 0.15 0.15 0.15 0.16
 0.16 0.17 0.18 0.19 0.2  0.21 0.24 0.25 0.25 0.26 0.27 0.29 0.3  0.3
 0.31 0.34 0.36 0.39 0.39 0.39 0.41 0.42 0.43 0.45 0.53 0.62 0.63 0.83
 0.89]
var: 0.04089276700523245
| [0m27       [0m | [0m0.2186   [0m | [0m0.0521   [0m | [0m47.58    [0m | [0m2.773    [0m |
[0.05 0.25 0.34 0.36 0.38 0.41 0.42 0.42 0.44 0.51 0.52 0.53 0.61 0.62
 0.64 0.66 0.71 0.72 0.74 0.77 0.78 0.8  0.8  0.84 0.84 0.85 0.88 0.9
 0.9  0.92 1.08 1.1  1.1  1.11 1.13 1.18 1.3  1.31 1.33 1.35 1.38 1.44
 1.47 1.47 1.5  1.52 1.54 1.64 1.67 1.7  1.77 1.85 2.15 2.56 2.62 2.9
 3.42 4.48 5.12]
var: 0.8856441252513639
| [0m28       [0m | [0m1.234    [0m | [0m0.1326   [0m | [0m19.66    [0m | [0m0.3208   [0m |
[0.01 0.02 0.06 0.07 0.09 0.1  0.1  0.14 0.16 0.17 0.19 0.24 0.28 0.34
 0.38 0.38 0.4  0.4  0.41 0.42 0.44 0.48 0.49 0.49 0.51 0.51 0.58 0.59
 0.59 0.6  0.65 0.66 0.68 0.69 0.7  0.71 0.72 0.77 0.8  0.86 0.88 0.89
 0.93 0.97 0.99 1.04 1.12 1.12 1.16 1.25 1.29 1.48 1.65 1.65 1.76 1.77
 1.84 2.27 3.09]
var: 0.3569488078138466
| [0m29       [0m | [0m0.7463   [0m | [0m0.04516  [0m | [0m40.93    [0m | [0m0.5938   [0m |
[0.06 0.1  0.15 0.15 0.16 0.17 0.18 0.18 0.21 0.24 0.3  0.31 0.32 0.32
 0.33 0.34 0.34 0.37 0.39 0.42 0.42 0.43 0.44 0.44 0.47 0.48 0.49 0.49
 0.49 0.51 0.53 0.54 0.54 0.55 0.57 0.57 0.61 0.64 0.65 0.65 0.66 0.68
 0.7  0.79 0.82 0.83 0.84 0.87 1.   1.   1.05 1.25 1.26 1.3  1.32 1.41
 1.41 1.53 1.59]
var: 0.14694599253088214
| [0m30       [0m | [0m0.6078   [0m | [0m0.08577  [0m | [0m3.739    [0m | [0m0.7944   [0m |
[0.   0.04 0.04 0.04 0.05 0.08 0.09 0.09 0.09 0.12 0.12 0.14 0.14 0.16
 0.18 0.22 0.24 0.24 0.25 0.25 0.26 0.26 0.28 0.28 0.29 0.3  0.3  0.3
 0.31 0.31 0.31 0.31 0.33 0.33 0.35 0.35 0.36 0.36 0.36 0.37 0.4  0.42
 0.45 0.46 0.46 0.46 0.48 0.5  0.5  0.53 0.54 0.56 0.58 0.59 0.6  0.63
 0.65 0.72 0.82 0.88]
var: 0.03895475000000004
| [0m31       [0m | [0m0.3355   [0m | [0m0.2874   [0m | [0m0.6592   [0m | [0m1.711    [0m |
[0.   0.02 0.02 0.03 0.04 0.04 0.05 0.07 0.07 0.08 0.11 0.14 0.18 0.19
 0.19 0.26 0.27 0.29 0.36 0.41 0.43 0.44 0.47 0.48 0.5  0.5  0.53 0.53
 0.6  0.61 0.63 0.64 0.64 0.65 0.66 0.71 0.73 0.77 0.78 0.79 0.83 0.85
 0.88 0.92 0.94 0.95 1.03 1.05 1.05 1.16 1.19 1.2  1.2  1.23 1.28 1.31
 1.34 1.39 1.72]
var: 0.18691387532318343
| [0m32       [0m | [0m0.6175   [0m | [0m0.2197   [0m | [0m14.28    [0m | [0m0.8232   [0m |
[0.   0.01 0.01 0.05 0.05 0.06 0.08 0.09 0.1  0.1  0.11 0.11 0.13 0.13
 0.14 0.15 0.16 0.16 0.17 0.19 0.21 0.26 0.26 0.3  0.31 0.33 0.33 0.35
 0.38 0.39 0.39 0.39 0.43 0.45 0.45 0.46 0.46 0.48 0.48 0.49 0.49 0.49
 0.49 0.5  0.51 0.54 0.54 0.55 0.55 0.57 0.72 0.81 0.82 0.89 0.94 0.97
 1.12 1.4  1.8 ]
var: 0.11751008330939378
| [0m33       [0m | [0m0.4119   [0m | [0m0.2664   [0m | [0m43.93    [0m | [0m0.6922   [0m |
[0.01 0.04 0.04 0.07 0.11 0.14 0.17 0.19 0.2  0.2  0.23 0.24 0.3  0.31
 0.33 0.33 0.34 0.37 0.39 0.44 0.45 0.47 0.48 0.48 0.51 0.52 0.52 0.53
 0.57 0.6  0.67 0.67 0.7  0.72 0.73 0.79 0.82 0.82 0.92 0.93 0.94 0.94
 0.95 0.97 1.01 1.02 1.1  1.14 1.14 1.23 1.29 1.34 1.36 1.44 1.45 1.53
 1.9  2.56 3.61]
var: 0.38754903763286414
| [0m34       [0m | [0m0.7503   [0m | [0m0.133    [0m | [0m15.84    [0m | [0m0.8353   [0m |
[0.02 0.06 0.06 0.06 0.07 0.07 0.09 0.1  0.1  0.1  0.12 0.12 0.14 0.15
 0.17 0.19 0.2  0.23 0.23 0.24 0.26 0.28 0.29 0.29 0.29 0.3  0.3  0.31
 0.32 0.33 0.34 0.34 0.38 0.41 0.43 0.46 0.49 0.5  0.5  0.51 0.52 0.55
 0.61 0.62 0.64 0.65 0.66 0.66 0.69 0.83 0.88 0.94 0.94 0.95 1.04 1.07
 1.11 1.38 1.51 1.69]
var: 0.14156830555555514
| [0m35       [0m | [0m0.4632   [0m | [0m0.2516   [0m | [0m8.065    [0m | [0m2.955    [0m |
[0.   0.   0.03 0.04 0.08 0.08 0.14 0.15 0.19 0.2  0.2  0.21 0.22 0.23
 0.24 0.26 0.3  0.32 0.34 0.36 0.38 0.39 0.41 0.42 0.42 0.42 0.43 0.43
 0.43 0.45 0.48 0.49 0.49 0.5  0.5  0.51 0.51 0.53 0.54 0.54 0.56 0.56
 0.58 0.58 0.61 0.63 0.65 0.8  0.82 0.82 0.9  1.04 1.11 1.19 1.22 1.29
 1.3  1.34 1.52]
var: 0.12795041654696934
| [0m36       [0m | [0m0.5149   [0m | [0m0.2376   [0m | [0m46.12    [0m | [0m0.8101   [0m |
[0.01 0.02 0.02 0.07 0.11 0.12 0.16 0.19 0.21 0.24 0.35 0.37 0.46 0.49
 0.5  0.5  0.51 0.54 0.54 0.56 0.56 0.57 0.58 0.59 0.61 0.65 0.65 0.66
 0.69 0.73 0.74 0.74 0.76 0.84 0.94 0.95 0.95 0.96 1.   1.03 1.07 1.11
 1.11 1.13 1.14 1.16 1.22 1.32 1.45 1.48 1.52 1.74 1.8  1.95 2.08 2.5
 3.03 4.49]
var: 0.5945421224732467
| [0m37       [0m | [0m0.9047   [0m | [0m0.02175  [0m | [0m37.03    [0m | [0m0.7494   [0m |
[0.   0.   0.01 0.02 0.02 0.03 0.04 0.04 0.05 0.06 0.06 0.07 0.09 0.1
 0.11 0.13 0.14 0.15 0.15 0.16 0.17 0.18 0.18 0.2  0.2  0.21 0.21 0.22
 0.24 0.25 0.25 0.25 0.26 0.26 0.26 0.27 0.28 0.28 0.31 0.32 0.32 0.34
 0.35 0.37 0.37 0.39 0.4  0.43 0.44 0.45 0.46 0.47 0.49 0.5  0.73 0.81
 1.11 1.15 1.16]
var: 0.067482505027291
| [0m38       [0m | [0m0.2876   [0m | [0m0.2429   [0m | [0m28.74    [0m | [0m2.843    [0m |
[0.02 0.02 0.02 0.04 0.06 0.08 0.1  0.14 0.15 0.15 0.17 0.18 0.26 0.27
 0.27 0.29 0.29 0.33 0.36 0.36 0.38 0.41 0.42 0.43 0.44 0.46 0.47 0.47
 0.49 0.51 0.52 0.52 0.52 0.52 0.52 0.52 0.53 0.55 0.58 0.58 0.59 0.59
 0.6  0.62 0.65 0.65 0.66 0.67 0.69 0.7  0.72 0.72 0.92 1.02 1.1  1.12
 1.25 2.05 2.27 3.04]
var: 0.269683638888889
| [0m39       [0m | [0m0.5672   [0m | [0m0.1116   [0m | [0m10.77    [0m | [0m2.052    [0m |
[0.07 0.13 0.15 0.19 0.19 0.24 0.36 0.39 0.43 0.44 0.45 0.47 0.57 0.58
 0.59 0.6  0.61 0.64 0.64 0.68 0.71 0.72 0.73 0.73 0.73 0.74 0.74 0.75
 0.76 0.82 0.88 0.89 0.89 0.91 0.93 0.94 0.97 0.98 1.03 1.08 1.14 1.16
 1.16 1.18 1.19 1.25 1.28 1.3  1.38 1.43 1.57 1.69 1.7  1.7  1.77 1.86
 2.2  3.05]
var: 0.2975482758620696
| [0m40       [0m | [0m0.92     [0m | [0m0.07835  [0m | [0m12.86    [0m | [0m0.4122   [0m |
[0.21 0.28 0.31 0.33 0.33 0.34 0.35 0.36 0.36 0.37 0.38 0.41 0.44 0.45
 0.48 0.5  0.52 0.54 0.54 0.55 0.55 0.55 0.61 0.62 0.62 0.63 0.64 0.64
 0.65 0.68 0.68 0.7  0.7  0.73 0.77 0.78 0.78 0.78 0.81 0.82 0.84 0.86
 0.89 0.93 1.   1.01 1.02 1.09 1.21 1.28 1.51 1.63 1.74 1.86 1.87 2.05
 2.19 2.3  2.61]
var: 0.2987687446136167
| [0m41       [0m | [0m0.842    [0m | [0m1e-08    [0m | [0m32.48    [0m | [0m0.001    [0m |
[0.   0.02 0.09 0.09 0.16 0.18 0.18 0.18 0.21 0.24 0.24 0.24 0.26 0.28
 0.28 0.28 0.28 0.29 0.29 0.29 0.3  0.3  0.31 0.31 0.34 0.34 0.38 0.4
 0.47 0.47 0.48 0.49 0.49 0.5  0.5  0.51 0.51 0.52 0.52 0.54 0.55 0.58
 0.62 0.66 0.68 0.7  0.75 0.75 0.77 0.78 0.8  0.84 0.91 0.93 1.22 1.23
 1.62 1.85]
var: 0.12460344827586194
| [0m42       [0m | [0m0.5      [0m | [0m0.2853   [0m | [0m34.82    [0m | [0m0.6863   [0m |
[0.12 0.36 0.39 0.43 0.59 0.61 0.74 0.95 1.09 1.11 1.13 1.16 1.19 1.2
 1.2  1.29 1.29 1.32 1.33 1.33 1.37 1.42 1.43 1.44 1.45 1.54 1.58 1.63
 1.63 1.64 1.65 1.7  1.7  1.74 1.79 1.89 1.9  1.92 1.92 1.92 1.93 1.94
 1.98 2.04 2.09 2.39 2.49 2.49 2.62 2.63 2.7  2.78 2.85 2.88 2.88 2.9
 2.93 2.95 3.12 3.29]
var: 0.5702469722222223
| [0m43       [0m | [0m1.733    [0m | [0m0.1821   [0m | [0m15.88    [0m | [0m0.05057  [0m |
[0.   0.   0.   0.   0.01 0.02 0.02 0.03 0.06 0.09 0.09 0.12 0.13 0.13
 0.13 0.14 0.15 0.16 0.18 0.21 0.21 0.23 0.23 0.25 0.25 0.27 0.3  0.3
 0.3  0.31 0.31 0.32 0.32 0.33 0.35 0.35 0.36 0.37 0.38 0.38 0.39 0.39
 0.42 0.43 0.43 0.45 0.45 0.46 0.49 0.49 0.51 0.55 0.68 0.8  0.81 0.9
 0.99 1.11 1.14]
var: 0.07085682275208269
| [0m44       [0m | [0m0.3336   [0m | [0m0.1937   [0m | [0m33.73    [0m | [0m2.671    [0m |
[0.   0.06 0.13 0.22 0.25 0.29 0.29 0.31 0.42 0.45 0.45 0.46 0.46 0.48
 0.51 0.53 0.56 0.57 0.62 0.63 0.67 0.69 0.7  0.72 0.77 0.8  0.81 0.83
 0.87 1.06 1.07 1.1  1.14 1.14 1.22 1.25 1.34 1.44 1.45 1.5  1.54 1.55
 1.63 1.69 1.77 1.83 1.88 1.88 1.9  1.99 2.03 2.24 2.28 2.3  2.39 2.57
 2.81 2.94 3.26 4.15]
var: 0.7567049722222219
| [0m45       [0m | [0m1.215    [0m | [0m0.002514 [0m | [0m32.06    [0m | [0m0.6424   [0m |
[0.48 0.5  0.53 0.53 0.58 0.59 0.6  0.6  0.62 0.63 0.63 0.66 0.67 0.68
 0.72 0.75 0.8  0.82 0.94 0.95 0.96 0.96 1.1  1.21 1.22 1.25 1.27 1.28
 1.4  1.44 1.48 1.49 1.53 1.56 1.63 1.71 1.75 1.76 1.79 1.82 1.88 1.89
 2.   2.07 2.15 2.22 2.24 2.47 2.58 2.82 2.93 3.06 3.07 3.11 3.38 3.58
 3.74 4.   6.25]
var: 1.2184981901752363
| [0m46       [0m | [0m1.65     [0m | [0m0.02625  [0m | [0m32.0     [0m | [0m0.2441   [0m |
[0.   0.   0.01 0.02 0.04 0.06 0.07 0.07 0.09 0.14 0.15 0.18 0.2  0.22
 0.25 0.26 0.3  0.39 0.41 0.42 0.44 0.46 0.5  0.5  0.5  0.52 0.59 0.6
 0.61 0.62 0.66 0.67 0.7  0.71 0.71 0.71 0.72 0.72 0.73 0.79 0.83 0.86
 0.89 0.89 0.93 0.96 0.96 0.97 0.99 1.11 1.22 1.25 1.36 1.5  1.76 2.31
 2.47 3.03]
var: 0.3618327288941734
| [0m47       [0m | [0m0.6902   [0m | [0m0.03629  [0m | [0m36.99    [0m | [0m0.7301   [0m |
[0.01 0.02 0.03 0.04 0.05 0.05 0.07 0.09 0.1  0.11 0.13 0.16 0.17 0.18
 0.18 0.19 0.19 0.21 0.22 0.22 0.24 0.26 0.27 0.29 0.29 0.3  0.3  0.3
 0.3  0.3  0.31 0.33 0.36 0.37 0.38 0.38 0.39 0.39 0.39 0.39 0.43 0.44
 0.45 0.46 0.47 0.47 0.48 0.62 0.65 0.69 0.7  0.72 0.75 0.82 1.02 1.11
 1.25 1.29 2.43]
var: 0.15318971559896546
| [0m48       [0m | [0m0.4103   [0m | [0m0.08735  [0m | [0m19.72    [0m | [0m2.817    [0m |
[0.   0.   0.   0.   0.   0.   0.01 0.01 0.01 0.01 0.02 0.03 0.06 0.06
 0.07 0.08 0.11 0.12 0.12 0.15 0.16 0.17 0.19 0.21 0.23 0.26 0.28 0.32
 0.33 0.33 0.34 0.35 0.36 0.36 0.38 0.38 0.38 0.39 0.39 0.4  0.43 0.44
 0.45 0.46 0.53 0.57 0.58 0.63 0.65 0.66 0.85 0.96 1.03 1.11 1.24 1.27
 1.38 1.8  3.29]
var: 0.2922556736569955
| [0m49       [0m | [0m0.4305   [0m | [0m0.00869  [0m | [0m46.08    [0m | [0m1.776    [0m |
[0.18 0.3  0.35 0.37 0.41 0.47 0.54 0.55 0.56 0.58 0.72 0.72 0.72 0.73
 0.75 0.8  0.81 0.83 0.83 0.84 0.93 0.94 0.95 0.98 0.99 1.   1.02 1.02
 1.03 1.06 1.06 1.08 1.16 1.17 1.18 1.18 1.19 1.26 1.28 1.3  1.32 1.33
 1.34 1.39 1.39 1.4  1.41 1.41 1.55 1.59 1.6  1.61 1.61 1.7  1.77 1.91
 2.04 2.39 2.5  2.54]
var: 0.26331288888888893
| [0m50       [0m | [0m1.127    [0m | [0m0.2154   [0m | [0m32.07    [0m | [0m0.2429   [0m |
[ 0.41  0.47  0.78  1.06  1.21  1.22  1.29  1.35  1.36  1.42  1.47  1.54
  1.58  1.68  1.68  1.74  1.83  1.93  1.96  1.97  1.98  2.01  2.03  2.04
  2.05  2.05  2.15  2.17  2.18  2.25  2.35  2.47  2.57  2.59  2.68  2.75
  2.77  2.79  2.81  2.84  2.85  2.89  2.91  3.05  3.08  3.08  3.32  3.35
  3.39  3.46  3.47  3.51  3.61  3.91  3.95  4.07  4.43  5.05  5.3  10.16]
var: 2.018752666666668
| [95m51       [0m | [95m2.572    [0m | [95m0.0003742[0m | [95m15.87    [0m | [95m0.02836  [0m |
[0.   0.01 0.03 0.04 0.06 0.06 0.06 0.07 0.07 0.09 0.1  0.1  0.13 0.15
 0.16 0.2  0.23 0.23 0.26 0.29 0.3  0.35 0.35 0.38 0.4  0.42 0.43 0.49
 0.49 0.5  0.51 0.54 0.54 0.57 0.58 0.63 0.64 0.64 0.65 0.67 0.77 0.79
 0.82 0.84 0.84 0.86 0.9  0.95 0.97 0.97 0.99 1.   1.05 1.11 1.59 1.79
 2.1  2.16 2.56]
var: 0.3001913817868431
| [0m52       [0m | [0m0.6014   [0m | [0m0.1951   [0m | [0m24.98    [0m | [0m1.174    [0m |
[0.52 0.53 0.72 0.73 0.85 1.   1.11 1.26 1.42 1.45 1.47 1.49 1.58 1.68
 1.72 1.81 1.84 1.86 1.87 1.9  1.9  1.9  1.92 1.98 1.98 2.03 2.04 2.08
 2.14 2.2  2.2  2.21 2.39 2.58 2.59 2.63 2.69 2.7  2.72 2.78 2.8  2.88
 3.12 3.31 3.32 3.36 3.46 3.49 3.68 3.81 4.02 4.28 4.41 4.49 4.64]
var: 1.045569719008265
| [0m53       [0m | [0m2.319    [0m | [0m0.0001871[0m | [0m15.83    [0m | [0m0.03296  [0m |
[0.   0.   0.   0.   0.01 0.01 0.02 0.02 0.02 0.02 0.02 0.03 0.03 0.03
 0.03 0.04 0.04 0.04 0.04 0.04 0.05 0.05 0.05 0.05 0.05 0.05 0.05 0.05
 0.06 0.06 0.06 0.06 0.07 0.07 0.07 0.08 0.08 0.09 0.09 0.09 0.11 0.12
 0.14 0.15 0.15 0.16 0.17 0.17 0.18 0.21 0.21 0.27 0.27 0.29 0.3  0.51
 1.47]
var: 0.04161034164358249
| [0m54       [0m | [0m0.1158   [0m | [0m0.09875  [0m | [0m16.08    [0m | [0m0.001759 [0m |
[0.5  0.55 0.56 0.61 0.67 0.67 0.79 0.83 0.88 0.93 0.94 1.06 1.07 1.16
 1.2  1.21 1.21 1.25 1.26 1.27 1.3  1.31 1.33 1.36 1.37 1.43 1.46 1.47
 1.48 1.48 1.48 1.52 1.63 1.7  1.76 1.76 1.79 1.8  1.8  1.81 1.81 1.84
 1.86 1.87 1.9  1.97 2.03 2.03 2.15 2.32 2.45 2.48 2.49 2.59 2.6  2.71
 3.01 3.22 3.29 3.44]
var: 0.4832315555555552
| [0m55       [0m | [0m1.629    [0m | [0m0.04758  [0m | [0m15.9     [0m | [0m0.1857   [0m |
[0.44 0.49 0.6  0.62 0.62 0.68 0.87 0.95 1.07 1.09 1.11 1.19 1.34 1.37
 1.43 1.48 1.62 1.76 1.84 1.89 1.91 1.94 1.97 2.02 2.08 2.24 2.26 2.28
 2.34 2.42 2.47 2.49 2.5  2.54 2.54 2.6  2.61 2.77 2.83 2.88 2.88 2.97
 2.97 3.02 3.04 3.04 3.35 3.4  3.44 3.52 3.55 3.73 3.86 4.2  4.21 4.22
 4.5  4.7  5.44]
var: 1.3317322608445854
| [0m56       [0m | [0m2.376    [0m | [0m0.005099 [0m | [0m15.87    [0m | [0m0.08012  [0m |
[0.75 0.75 0.88 0.99 1.14 1.35 1.36 1.42 1.6  1.66 1.86 2.08 2.08 2.23
 2.28 2.33 2.34 2.37 2.47 2.51 2.53 2.53 2.58 2.62 2.64 2.67 2.68 2.75
 2.78 2.83 2.84 2.87 2.96 2.99 3.02 3.17 3.2  3.29 3.36 3.38 3.4  3.46
 3.5  3.57 3.62 3.64 3.65 3.66 3.82 3.85 4.01 4.05 4.08 4.14 4.2  5.11
 5.36 5.39 9.67]
var: 1.8902926170640622
| [95m57       [0m | [95m2.955    [0m | [95m0.001337 [0m | [95m15.81    [0m | [95m0.09258  [0m |
[0.01 0.21 0.61 0.62 0.65 0.76 0.8  0.84 0.85 0.9  1.11 1.18 1.4  1.43
 1.49 1.53 1.55 1.67 1.68 1.73 1.74 1.76 1.83 1.88 1.89 1.91 1.96 1.96
 2.   2.08 2.11 2.16 2.21 2.21 2.24 2.29 2.45 2.47 2.47 2.54 2.54 2.55
 2.71 2.73 2.78 2.8  2.87 2.89 3.17 3.22 3.26 3.47 3.6  3.76 4.05 4.42
 6.45]
var: 1.2284426592797795
| [0m58       [0m | [0m2.113    [0m | [0m0.03688  [0m | [0m15.78    [0m | [0m0.1188   [0m |
[0.59 0.64 0.64 0.71 0.76 0.77 0.82 0.83 0.84 0.86 0.92 1.   1.06 1.07
 1.11 1.12 1.16 1.16 1.18 1.23 1.28 1.29 1.32 1.42 1.43 1.44 1.51 1.52
 1.55 1.59 1.59 1.6  1.62 1.63 1.71 1.71 1.73 1.75 1.78 1.8  1.83 1.9
 1.92 1.92 1.96 1.99 2.01 2.13 2.16 2.18 2.46 2.52 2.55 2.57 2.68 2.78
 3.51 4.78]
var: 0.5504644768133174
| [0m59       [0m | [0m1.614    [0m | [0m0.02493  [0m | [0m32.1     [0m | [0m0.3253   [0m |
[0.02 0.08 0.12 0.17 0.17 0.22 0.26 0.26 0.27 0.27 0.28 0.29 0.3  0.31
 0.33 0.33 0.33 0.34 0.34 0.38 0.41 0.43 0.43 0.44 0.49 0.5  0.52 0.53
 0.54 0.56 0.57 0.59 0.61 0.63 0.64 0.65 0.66 0.69 0.73 0.74 0.75 0.79
 0.79 0.79 0.81 0.84 0.84 0.87 0.89 0.9  1.01 1.11 1.13 1.21 1.41 1.46
 1.77 1.83 1.94]
var: 0.17625912094225785
| [0m60       [0m | [0m0.6368   [0m | [0m0.101    [0m | [0m4.933    [0m | [0m1.736    [0m |
[0.47 0.48 0.62 0.63 0.76 0.81 0.85 0.88 0.91 0.94 0.98 1.19 1.41 1.43
 1.47 1.49 1.52 1.54 1.56 1.62 1.65 1.69 1.8  1.88 1.95 1.98 2.02 2.11
 2.15 2.18 2.2  2.32 2.38 2.45 2.45 2.45 2.49 2.49 2.52 2.53 2.57 2.64
 2.67 2.71 2.73 2.85 2.86 3.04 3.07 3.09 3.27 3.68 3.74 3.98 4.6  4.64
 4.65 5.16 5.42]
var: 1.3479019247342723
| [0m61       [0m | [0m2.248    [0m | [0m0.09718  [0m | [0m15.92    [0m | [0m0.07025  [0m |
[0.18 0.44 0.65 1.11 1.12 1.15 1.19 1.21 1.25 1.29 1.3  1.31 1.32 1.39
 1.4  1.4  1.42 1.45 1.49 1.62 1.68 1.74 1.76 1.77 1.77 1.78 1.84 1.84
 1.85 1.9  1.92 1.98 1.99 1.99 2.07 2.07 2.2  2.23 2.24 2.3  2.42 2.44
 2.54 2.57 2.57 2.7  2.82 2.86 2.92 2.96 3.06 3.11 3.24 3.31 3.45 3.49
 3.95 4.2  4.26 4.9 ]
var: 0.8814365555555561
| [0m62       [0m | [0m2.106    [0m | [0m0.02868  [0m | [0m15.68    [0m | [0m0.04184  [0m |
[0.   0.01 0.01 0.04 0.06 0.06 0.06 0.08 0.08 0.1  0.11 0.13 0.14 0.14
 0.16 0.17 0.18 0.19 0.2  0.21 0.31 0.33 0.35 0.37 0.37 0.38 0.4  0.4
 0.43 0.44 0.44 0.46 0.48 0.5  0.5  0.51 0.53 0.57 0.59 0.59 0.6  0.61
 0.63 0.66 0.68 0.7  0.73 0.75 0.77 0.93 0.95 1.17 1.17 1.25 1.34 1.53
 1.71]
var: 0.15349516774392158
| [0m63       [0m | [0m0.4782   [0m | [0m0.01993  [0m | [0m26.9     [0m | [0m1.663    [0m |
[0.   0.   0.   0.   0.   0.   0.01 0.01 0.02 0.03 0.04 0.04 0.04 0.05
 0.05 0.05 0.05 0.06 0.06 0.06 0.07 0.08 0.08 0.09 0.1  0.11 0.12 0.12
 0.13 0.14 0.15 0.17 0.17 0.18 0.21 0.22 0.22 0.22 0.24 0.25 0.26 0.26
 0.27 0.28 0.29 0.3  0.31 0.33 0.34 0.38 0.44 0.46 0.47 0.47 0.48 0.48
 0.51 0.53 0.57 0.58]
var: 0.028934305555555526
| [0m64       [0m | [0m0.1942   [0m | [0m0.2956   [0m | [0m0.1696   [0m | [0m2.092    [0m |
[0.   0.02 0.02 0.04 0.05 0.05 0.06 0.07 0.09 0.11 0.12 0.14 0.16 0.18
 0.2  0.26 0.26 0.27 0.27 0.31 0.35 0.35 0.37 0.38 0.39 0.39 0.4  0.41
 0.42 0.43 0.43 0.43 0.45 0.46 0.47 0.48 0.49 0.5  0.51 0.52 0.53 0.54
 0.57 0.61 0.63 0.68 0.68 0.75 0.75 0.76 0.84 0.95 0.98 1.12 1.41 1.45
 1.65 1.93]
var: 0.16073876337693205
| [0m65       [0m | [0m0.4852   [0m | [0m0.1721   [0m | [0m24.14    [0m | [0m1.936    [0m |
[0.21 0.23 0.24 0.31 0.31 0.33 0.36 0.36 0.37 0.37 0.39 0.44 0.49 0.5
 0.53 0.53 0.54 0.55 0.56 0.56 0.57 0.59 0.59 0.61 0.61 0.61 0.62 0.62
 0.62 0.63 0.64 0.65 0.66 0.71 0.77 0.81 0.83 0.84 0.88 0.88 0.88 0.89
 0.9  0.94 0.95 0.97 1.03 1.09 1.1  1.11 1.28 1.29 1.35 1.4  1.59 1.69
 1.69 1.74 1.82 1.83]
var: 0.1754523333333332
| [0m66       [0m | [0m0.791    [0m | [0m0.08742  [0m | [0m15.62    [0m | [0m0.015    [0m |
[0.39 0.48 0.54 0.54 0.61 0.63 0.71 0.76 0.96 1.01 1.19 1.2  1.21 1.22
 1.22 1.22 1.23 1.24 1.25 1.25 1.31 1.39 1.52 1.57 1.6  1.62 1.64 1.7
 1.8  1.81 1.82 1.83 1.84 1.85 1.95 1.99 2.   2.13 2.16 2.19 2.3  2.35
 2.38 2.41 2.49 2.49 2.51 2.56 2.89 2.92 2.92 2.99 3.05 3.35 3.59 3.66
 3.73 4.01 4.65]
var: 0.8982383797759272
| [0m67       [0m | [0m1.895    [0m | [0m0.06965  [0m | [0m15.9     [0m | [0m0.09046  [0m |
[0.   0.   0.01 0.04 0.11 0.12 0.24 0.27 0.28 0.37 0.37 0.37 0.38 0.41
 0.45 0.53 0.55 0.59 0.62 0.62 0.65 0.65 0.67 0.7  0.81 0.9  0.96 1.01
 1.31 1.31 1.32 1.36 1.52 1.58 1.62 1.71 1.73 1.77 1.8  1.8  1.85 1.89
 1.96 2.08 2.17 2.18 2.19 2.34 2.36 2.45 2.5  2.61 2.84 2.86 2.92 3.21
 3.9  3.91 3.99 4.36]
var: 1.2429548888888895
| [0m68       [0m | [0m1.435    [0m | [0m1e-08    [0m | [0m32.19    [0m | [0m0.2603   [0m |
[0.32 0.38 0.42 0.53 0.58 0.6  0.64 0.66 0.79 0.83 0.85 0.92 0.99 1.04
 1.05 1.05 1.09 1.1  1.17 1.22 1.22 1.33 1.37 1.38 1.41 1.43 1.43 1.46
 1.47 1.47 1.48 1.55 1.56 1.61 1.63 1.67 1.79 1.82 1.84 1.86 2.05 2.12
 2.36 2.37 2.45 2.6  2.64 2.66 2.71 2.75 2.79 2.8  2.84 2.84 3.07 3.55
 3.61 5.22]
var: 0.8832785969084423
| [0m69       [0m | [0m1.697    [0m | [0m0.1926   [0m | [0m15.84    [0m | [0m0.1275   [0m |
[0.   0.   0.04 0.06 0.06 0.07 0.08 0.08 0.09 0.09 0.1  0.1  0.11 0.11
 0.11 0.11 0.11 0.11 0.11 0.11 0.12 0.12 0.12 0.13 0.13 0.13 0.13 0.13
 0.15 0.15 0.16 0.16 0.17 0.18 0.18 0.2  0.21 0.24 0.24 0.26 0.27 0.27
 0.27 0.27 0.31 0.32 0.35 0.36 0.37 0.4  0.59 0.62 0.65 0.68 0.7  1.07
 1.12 1.27 1.34 1.53]
var: 0.11343155555555566
| [0m70       [0m | [0m0.2953   [0m | [0m0.07116  [0m | [0m15.78    [0m | [0m0.008232 [0m |
[0.   0.   0.   0.   0.04 0.05 0.07 0.07 0.08 0.09 0.12 0.13 0.13 0.14
 0.14 0.15 0.15 0.15 0.16 0.16 0.18 0.19 0.2  0.21 0.22 0.23 0.24 0.24
 0.24 0.26 0.27 0.27 0.29 0.31 0.4  0.4  0.41 0.41 0.42 0.42 0.43 0.48
 0.48 0.54 0.55 0.56 0.58 0.58 0.59 0.59 0.6  0.6  0.63 0.64 0.73 0.75
 0.78 1.14 1.21]
var: 0.07004360815857529
| [0m71       [0m | [0m0.3407   [0m | [0m0.222    [0m | [0m34.43    [0m | [0m1.395    [0m |
[0.11 0.16 0.25 0.29 0.3  0.34 0.39 0.4  0.42 0.44 0.45 0.53 0.53 0.53
 0.55 0.59 0.6  0.62 0.62 0.62 0.64 0.64 0.67 0.69 0.76 0.76 0.78 0.8
 0.83 0.89 0.92 0.95 0.95 0.97 0.98 1.01 1.06 1.14 1.15 1.17 1.19 1.2
 1.21 1.25 1.3  1.5  1.51 1.56 1.63 1.79 1.81 1.86 1.89 1.91 1.98 2.66
 3.3  4.25]
var: 0.5553067776456604
| [0m72       [0m | [0m1.04     [0m | [0m0.09011  [0m | [0m32.18    [0m | [0m0.3432   [0m |
[0.29 0.37 0.42 0.55 0.56 0.57 0.58 0.6  0.61 0.69 0.7  0.7  0.91 0.98
 0.99 0.99 1.   1.02 1.07 1.13 1.15 1.21 1.22 1.22 1.26 1.27 1.27 1.29
 1.31 1.32 1.37 1.39 1.39 1.46 1.48 1.53 1.55 1.58 1.59 1.6  1.61 1.64
 1.64 1.66 1.68 1.69 1.71 1.77 1.81 1.99 2.08 2.26 2.36 2.46 2.96 3.04
 3.29 6.47]
var: 0.845716200951248
| [0m73       [0m | [0m1.454    [0m | [0m0.1815   [0m | [0m15.97    [0m | [0m0.1057   [0m |
[0.   0.   0.   0.   0.   0.01 0.01 0.02 0.04 0.04 0.04 0.04 0.04 0.05
 0.05 0.06 0.06 0.06 0.07 0.07 0.07 0.07 0.08 0.1  0.1  0.1  0.11 0.13
 0.13 0.14 0.16 0.17 0.18 0.18 0.18 0.21 0.23 0.24 0.25 0.25 0.29 0.29
 0.29 0.31 0.31 0.31 0.32 0.32 0.33 0.35 0.36 0.4  0.44 0.45 0.47 0.51
 0.52 0.57 0.67 0.74]
var: 0.0319416388888889
| [0m74       [0m | [0m0.1998   [0m | [0m0.009155 [0m | [0m39.16    [0m | [0m2.706    [0m |
[0.   0.   0.   0.   0.   0.   0.   0.   0.   0.01 0.02 0.02 0.02 0.02
 0.02 0.03 0.03 0.04 0.04 0.04 0.05 0.05 0.05 0.05 0.05 0.06 0.06 0.06
 0.06 0.06 0.06 0.06 0.06 0.07 0.07 0.08 0.08 0.1  0.1  0.11 0.11 0.11
 0.12 0.12 0.12 0.15 0.15 0.17 0.18 0.18 0.2  0.21 0.21 0.23 0.26 0.27
 0.28 0.29 0.36 0.37]
var: 0.008601555555555473
| [0m75       [0m | [0m0.09533  [0m | [0m0.06579  [0m | [0m15.9     [0m | [0m0.004008 [0m |
[0.41 0.47 0.56 0.61 0.65 0.75 0.77 0.82 0.83 0.83 0.86 0.9  1.11 1.18
 1.29 1.31 1.34 1.4  1.42 1.43 1.49 1.51 1.53 1.63 1.64 1.67 1.69 1.73
 1.75 1.77 1.8  1.8  1.8  1.83 1.85 1.85 1.86 1.89 1.96 1.99 2.03 2.04
 2.09 2.28 2.29 2.29 2.42 2.55 2.56 2.57 2.65 2.7  2.8  2.92 3.08 3.14
 3.21]
var: 0.5071439212065255
| [0m76       [0m | [0m1.712    [0m | [0m0.09582  [0m | [0m16.01    [0m | [0m0.118    [0m |
[0.   0.   0.01 0.02 0.02 0.03 0.06 0.06 0.07 0.13 0.13 0.14 0.15 0.18
 0.2  0.22 0.24 0.28 0.31 0.32 0.36 0.37 0.37 0.4  0.42 0.46 0.48 0.48
 0.55 0.56 0.56 0.58 0.59 0.59 0.67 0.67 0.68 0.68 0.69 0.7  0.7  0.71
 0.71 0.71 0.74 0.76 0.95 0.96 0.97 1.02 1.1  1.13 1.13 1.2  1.22 1.49
 1.61 1.69 2.72]
var: 0.24909606434932471
| [0m77       [0m | [0m0.5924   [0m | [0m0.1313   [0m | [0m14.39    [0m | [0m0.9336   [0m |
[0.   0.01 0.02 0.02 0.04 0.04 0.05 0.05 0.06 0.07 0.07 0.08 0.08 0.08
 0.08 0.15 0.17 0.2  0.21 0.22 0.22 0.23 0.23 0.24 0.24 0.27 0.29 0.3
 0.3  0.37 0.38 0.4  0.4  0.41 0.43 0.43 0.45 0.49 0.52 0.53 0.54 0.57
 0.57 0.61 0.62 0.65 0.65 0.65 0.67 0.68 0.73 0.81 0.82 0.82 1.   1.06
 1.07 1.18 1.33 1.47]
var: 0.12132030555555534
| [0m78       [0m | [0m0.4222   [0m | [0m0.1873   [0m | [0m30.51    [0m | [0m1.899    [0m |
[0.37 0.48 0.51 0.53 0.6  0.61 0.69 0.7  0.71 0.72 0.79 0.85 0.88 0.97
 1.01 1.01 1.2  1.22 1.28 1.3  1.31 1.34 1.37 1.48 1.51 1.54 1.58 1.61
 1.64 1.65 1.72 1.73 1.74 1.74 1.77 1.79 1.86 1.9  1.94 1.96 1.98 2.02
 2.04 2.14 2.15 2.32 2.39 2.39 2.47 2.49 2.6  2.61 2.62 2.82 3.05 3.3
 3.32 3.34 3.37]
var: 0.6289247917265157
| [0m79       [0m | [0m1.678    [0m | [0m0.02132  [0m | [0m32.0     [0m | [0m0.2628   [0m |
[0.32 0.49 0.51 0.56 0.6  0.68 0.76 0.83 0.86 0.93 1.09 1.17 1.18 1.23
 1.26 1.28 1.28 1.4  1.46 1.46 1.47 1.51 1.64 1.67 1.7  1.71 1.72 1.72
 1.75 1.75 1.84 1.87 1.92 1.92 1.93 1.95 1.97 2.01 2.05 2.08 2.13 2.13
 2.15 2.26 2.26 2.31 2.32 2.42 2.44 2.46 2.48 2.58 2.62 2.75 2.82 2.93
 2.99 3.05 3.49 4.24]
var: 0.6022040000000004
| [0m80       [0m | [0m1.806    [0m | [0m0.1785   [0m | [0m15.87    [0m | [0m0.05988  [0m |
=============================================================
None
num_trials:  40  inits,  40  iters,  60  per
rho:  50
pthin:  0.70

Best VPT: 2.9545762711864416
Best result: {'a': 0.0013372995446379547, 'g': 15.811914867847552, 's': 0.09258068293155279}

KERNEL: nu=1.5, lengthscale=2.0, alpha=0.0005
