|   iter    |  target   |     a     |     g     |     s     |
-------------------------------------------------------------
[0.13 0.25 0.25 0.33 0.34 0.38 0.39 0.46 0.47 0.48 0.52 0.58 0.59 0.62
 0.62 0.62 0.64 0.64 0.67 0.7  0.7  0.7  0.71 0.73 0.73 0.74 0.78 0.8
 0.88 0.88 0.88 0.92 0.94 0.94 0.94 1.05 1.11 1.12 1.13 1.22 1.23 1.25
 1.31 1.32 1.38 1.43 1.45 1.5  1.59 1.63 1.68 1.73 1.75 1.95 2.11 2.36
 2.72 2.99 3.15 4.1 ]
var: 0.5740594166666663
| [0m1        [0m | [0m1.104    [0m | [0m0.2069   [0m | [0m17.03    [0m | [0m0.3311   [0m |
[0.23 0.31 0.36 0.4  0.42 0.44 0.48 0.53 0.63 0.64 0.75 0.78 0.8  0.8
 0.83 0.87 0.94 0.94 0.96 0.98 1.   1.01 1.02 1.02 1.04 1.12 1.14 1.15
 1.17 1.17 1.18 1.19 1.2  1.21 1.21 1.22 1.25 1.3  1.32 1.34 1.38 1.38
 1.4  1.53 1.54 1.58 1.64 1.64 1.65 1.71 1.76 1.77 1.86 1.92 1.95 2.27
 2.36 2.74 2.98 3.09]
var: 0.3710272222222226
| [95m2        [0m | [95m1.242    [0m | [95m0.2836   [0m | [95m20.69    [0m | [95m0.2341   [0m |
[0.   0.   0.   0.01 0.01 0.04 0.04 0.05 0.07 0.09 0.09 0.1  0.12 0.14
 0.15 0.2  0.21 0.23 0.23 0.24 0.27 0.29 0.31 0.35 0.35 0.36 0.37 0.38
 0.38 0.39 0.42 0.42 0.46 0.47 0.47 0.47 0.48 0.5  0.5  0.54 0.55 0.56
 0.61 0.64 0.66 0.7  0.7  0.75 0.75 0.78 0.79 0.79 0.86 0.92 0.97 1.03
 1.06 1.09 1.15 1.18]
var: 0.10479788888888891
| [0m3        [0m | [0m0.4457   [0m | [0m0.2344   [0m | [0m15.84    [0m | [0m2.133    [0m |
[0.04 0.12 0.23 0.23 0.26 0.32 0.32 0.33 0.33 0.4  0.41 0.42 0.43 0.47
 0.47 0.48 0.49 0.5  0.53 0.53 0.53 0.56 0.58 0.58 0.62 0.63 0.63 0.65
 0.67 0.67 0.71 0.71 0.77 0.78 0.8  0.8  0.82 0.87 0.9  0.91 0.94 0.95
 0.97 1.   1.07 1.07 1.09 1.14 1.18 1.23 1.33 1.47 1.48 1.5  1.59 1.61
 1.63 1.69 1.81 2.04]
var: 0.20556163888888898
| [0m4        [0m | [0m0.8048   [0m | [0m0.2178   [0m | [0m40.52    [0m | [0m0.333    [0m |
[0.18 0.2  0.37 0.38 0.57 0.6  0.65 0.71 0.72 0.72 0.72 0.76 0.79 0.8
 0.86 0.87 0.88 0.89 0.9  0.9  0.91 0.92 0.93 1.01 1.01 1.07 1.08 1.08
 1.16 1.16 1.17 1.17 1.19 1.2  1.2  1.21 1.22 1.24 1.24 1.26 1.32 1.34
 1.34 1.35 1.36 1.38 1.43 1.46 1.49 1.51 1.66 1.71 1.78 1.82 1.93 1.97
 2.09 2.18 2.42 2.65]
var: 0.24864163888888904
| [0m5        [0m | [0m1.168    [0m | [0m0.1513   [0m | [0m6.785    [0m | [0m0.03566  [0m |
[0.   0.   0.   0.01 0.02 0.02 0.04 0.05 0.05 0.06 0.06 0.07 0.07 0.08
 0.09 0.1  0.1  0.11 0.12 0.12 0.14 0.15 0.16 0.17 0.18 0.18 0.18 0.2
 0.2  0.2  0.21 0.22 0.23 0.25 0.25 0.27 0.27 0.28 0.28 0.29 0.3  0.35
 0.35 0.36 0.38 0.38 0.39 0.42 0.42 0.42 0.47 0.47 0.48 0.52 0.54 0.54
 0.59 0.66 0.67 0.98]
var: 0.039813638888889044
| [0m6        [0m | [0m0.2528   [0m | [0m0.2903   [0m | [0m35.02    [0m | [0m2.618    [0m |
[0.03 0.03 0.05 0.05 0.06 0.09 0.09 0.09 0.1  0.14 0.15 0.18 0.2  0.2
 0.22 0.23 0.23 0.25 0.27 0.27 0.28 0.28 0.3  0.31 0.32 0.35 0.35 0.36
 0.38 0.39 0.43 0.43 0.44 0.46 0.46 0.47 0.47 0.49 0.5  0.51 0.53 0.58
 0.63 0.63 0.63 0.63 0.63 0.65 0.66 0.69 0.69 0.7  0.75 0.84 0.88 0.9
 0.98 1.01 1.09 1.66]
var: 0.09467808333333322
| [0m7        [0m | [0m0.4445   [0m | [0m0.1305   [0m | [0m4.046    [0m | [0m1.797    [0m |
[0.   0.   0.02 0.04 0.06 0.07 0.07 0.08 0.09 0.1  0.11 0.13 0.14 0.15
 0.16 0.25 0.28 0.33 0.33 0.33 0.34 0.37 0.41 0.48 0.54 0.56 0.59 0.61
 0.61 0.62 0.67 0.67 0.67 0.68 0.73 0.74 0.75 0.76 0.8  0.84 0.87 0.88
 0.91 0.94 0.94 0.97 0.99 1.09 1.1  1.15 1.15 1.28 1.29 1.34 1.37 1.38
 1.56 1.6  1.8  2.63]
var: 0.27672322222222245
| [0m8        [0m | [0m0.6737   [0m | [0m0.04922  [0m | [0m18.51    [0m | [0m0.9362   [0m |
[0.   0.   0.   0.   0.   0.   0.01 0.01 0.02 0.03 0.03 0.03 0.05 0.05
 0.06 0.06 0.06 0.07 0.07 0.07 0.08 0.09 0.09 0.1  0.1  0.11 0.12 0.12
 0.12 0.12 0.13 0.14 0.15 0.15 0.16 0.16 0.17 0.18 0.19 0.21 0.22 0.24
 0.25 0.29 0.29 0.3  0.32 0.34 0.34 0.35 0.35 0.37 0.39 0.4  0.45 0.45
 0.52 0.58 0.66 0.88]
var: 0.032803888888889014
| [0m9        [0m | [0m0.1883   [0m | [0m0.218    [0m | [0m46.65    [0m | [0m2.886    [0m |
[0.04 0.06 0.06 0.07 0.07 0.08 0.1  0.11 0.11 0.12 0.16 0.18 0.19 0.19
 0.22 0.23 0.27 0.28 0.28 0.32 0.34 0.35 0.36 0.37 0.41 0.43 0.44 0.44
 0.44 0.46 0.47 0.52 0.55 0.55 0.63 0.63 0.64 0.64 0.66 0.68 0.68 0.74
 0.75 0.79 0.81 0.82 0.84 0.88 0.94 0.95 1.01 1.03 1.03 1.03 1.15 1.16
 1.25 1.29 1.36 1.46]
var: 0.1413693333333334
| [0m10       [0m | [0m0.552    [0m | [0m0.22     [0m | [0m18.61    [0m | [0m1.672    [0m |
[0.   0.   0.   0.01 0.02 0.02 0.02 0.02 0.02 0.03 0.03 0.03 0.03 0.04
 0.04 0.04 0.04 0.05 0.05 0.06 0.06 0.06 0.09 0.1  0.1  0.1  0.11 0.12
 0.13 0.13 0.13 0.14 0.14 0.15 0.16 0.17 0.18 0.19 0.19 0.19 0.21 0.22
 0.22 0.23 0.24 0.25 0.25 0.25 0.27 0.28 0.29 0.29 0.31 0.36 0.36 0.43
 0.47 0.5  0.63 0.68]
var: 0.023091416666666552
| [0m11       [0m | [0m0.1655   [0m | [0m0.06769  [0m | [0m49.49    [0m | [0m2.704    [0m |
[0.02 0.03 0.06 0.07 0.11 0.13 0.13 0.15 0.19 0.2  0.23 0.24 0.25 0.28
 0.32 0.34 0.35 0.35 0.37 0.42 0.43 0.44 0.46 0.46 0.49 0.49 0.49 0.5
 0.5  0.51 0.52 0.53 0.54 0.56 0.6  0.7  0.7  0.71 0.88 0.88 0.92 0.93
 1.04 1.07 1.09 1.19 1.22 1.24 1.26 1.26 1.3  1.4  1.44 1.6  1.66 1.72
 1.88 1.93 2.38 2.94]
var: 0.3736905555555552
| [0m12       [0m | [0m0.7517   [0m | [0m0.02776  [0m | [0m7.031    [0m | [0m1.245    [0m |
[0.09 0.11 0.25 0.36 0.4  0.4  0.41 0.43 0.46 0.47 0.49 0.5  0.5  0.51
 0.51 0.52 0.53 0.53 0.56 0.61 0.65 0.68 0.69 0.72 0.72 0.79 0.8  0.81
 0.82 0.82 0.83 0.85 0.86 0.95 0.98 0.98 1.01 1.01 1.08 1.08 1.15 1.15
 1.19 1.23 1.3  1.3  1.38 1.44 1.51 1.52 1.55 1.63 1.85 1.93 1.95 2.07
 2.13 2.35 2.45 2.48]
var: 0.34112697222222294
| [0m13       [0m | [0m0.9888   [0m | [0m0.2554   [0m | [0m29.17    [0m | [0m0.2477   [0m |
[0.07 0.07 0.3  0.49 0.52 0.52 0.52 0.53 0.56 0.65 0.69 0.7  0.7  0.72
 0.73 0.74 0.75 0.76 0.77 0.78 0.81 0.86 0.89 0.9  0.93 1.01 1.05 1.05
 1.06 1.11 1.15 1.16 1.17 1.21 1.26 1.26 1.27 1.3  1.33 1.37 1.4  1.4
 1.41 1.43 1.43 1.45 1.51 1.56 1.6  1.73 1.73 1.76 1.84 1.85 1.92 1.99
 2.02 2.07 2.19 3.28]
var: 0.3241083055555555
| [0m14       [0m | [0m1.155    [0m | [0m0.1909   [0m | [0m43.73    [0m | [0m0.09843  [0m |
[0.   0.   0.   0.04 0.05 0.07 0.08 0.08 0.08 0.1  0.1  0.11 0.12 0.12
 0.13 0.14 0.15 0.17 0.19 0.2  0.22 0.26 0.27 0.3  0.34 0.37 0.38 0.38
 0.4  0.43 0.44 0.45 0.46 0.47 0.47 0.48 0.5  0.52 0.53 0.6  0.63 0.65
 0.66 0.69 0.69 0.69 0.72 0.74 0.76 0.77 0.78 0.79 0.89 0.94 0.99 1.01
 1.01 1.19 1.32 1.86]
var: 0.13796322222222207
| [0m15       [0m | [0m0.4663   [0m | [0m0.1798   [0m | [0m16.26    [0m | [0m2.653    [0m |
[0.27 0.41 0.42 0.42 0.52 0.56 0.56 0.59 0.6  0.64 0.64 0.66 0.7  0.71
 0.73 0.73 0.75 0.78 0.81 0.81 0.84 0.95 0.97 0.98 0.98 1.05 1.06 1.11
 1.11 1.12 1.12 1.21 1.24 1.33 1.35 1.35 1.39 1.4  1.43 1.43 1.43 1.49
 1.51 1.56 1.56 1.61 1.62 1.65 1.66 1.77 1.81 1.82 1.84 1.84 2.02 2.04
 2.18 2.4  2.81 3.9 ]
var: 0.41065541666666583
| [0m16       [0m | [0m1.238    [0m | [0m0.09545  [0m | [0m41.89    [0m | [0m0.2221   [0m |
[0.   0.   0.01 0.01 0.02 0.02 0.03 0.04 0.05 0.06 0.06 0.06 0.07 0.08
 0.08 0.08 0.09 0.11 0.11 0.11 0.11 0.13 0.13 0.14 0.19 0.21 0.21 0.21
 0.22 0.27 0.31 0.32 0.32 0.33 0.34 0.35 0.36 0.43 0.44 0.45 0.46 0.47
 0.48 0.5  0.52 0.52 0.59 0.59 0.62 0.62 0.62 0.69 0.7  0.74 0.78 0.9
 0.92 1.33 1.33 1.44]
var: 0.11455988888888863
| [0m17       [0m | [0m0.3563   [0m | [0m0.09198  [0m | [0m48.93    [0m | [0m1.069    [0m |
[0.   0.   0.   0.03 0.05 0.07 0.09 0.09 0.13 0.13 0.14 0.14 0.17 0.2
 0.2  0.22 0.22 0.25 0.26 0.3  0.3  0.31 0.34 0.34 0.35 0.36 0.38 0.41
 0.41 0.42 0.43 0.44 0.44 0.46 0.48 0.49 0.52 0.52 0.6  0.62 0.62 0.62
 0.62 0.62 0.68 0.71 0.8  0.83 0.92 0.96 0.97 1.03 1.06 1.11 1.13 1.15
 1.26 1.28 1.28 3.57]
var: 0.2819936388888885
| [0m18       [0m | [0m0.5422   [0m | [0m0.09079  [0m | [0m19.12    [0m | [0m1.994    [0m |
[0.2  0.42 0.5  0.51 0.53 0.54 0.58 0.72 0.73 0.81 0.85 0.89 1.05 1.06
 1.15 1.17 1.27 1.3  1.33 1.36 1.42 1.43 1.44 1.45 1.57 1.58 1.63 1.64
 1.64 1.66 1.67 1.67 1.78 1.82 1.82 1.82 1.82 1.85 1.87 1.94 1.96 1.97
 1.97 1.98 2.   2.06 2.06 2.14 2.25 2.35 2.4  2.41 2.52 2.59 2.63 2.64
 2.85 2.85 3.14 3.34]
var: 0.5046955555555559
| [95m19       [0m | [95m1.643    [0m | [95m0.298    [0m | [95m35.64    [0m | [95m0.04628  [0m |
[0.   0.   0.   0.01 0.01 0.02 0.04 0.04 0.05 0.05 0.05 0.06 0.07 0.07
 0.09 0.11 0.12 0.15 0.17 0.19 0.19 0.19 0.21 0.22 0.23 0.25 0.26 0.28
 0.28 0.29 0.29 0.31 0.32 0.32 0.32 0.33 0.34 0.36 0.36 0.37 0.39 0.42
 0.42 0.43 0.43 0.43 0.46 0.46 0.46 0.47 0.5  0.51 0.55 0.61 0.62 0.66
 0.67 0.9  1.3  2.  ]
var: 0.1039594166666667
| [0m20       [0m | [0m0.3285   [0m | [0m0.1192   [0m | [0m47.41    [0m | [0m2.333    [0m |
[0.02 0.02 0.03 0.05 0.05 0.1  0.12 0.17 0.18 0.19 0.2  0.2  0.2  0.2
 0.22 0.23 0.23 0.25 0.26 0.27 0.29 0.3  0.31 0.32 0.32 0.33 0.34 0.35
 0.35 0.36 0.37 0.41 0.41 0.41 0.42 0.42 0.45 0.45 0.46 0.47 0.48 0.5
 0.5  0.53 0.53 0.55 0.56 0.57 0.57 0.6  0.61 0.64 0.65 0.66 0.74 0.76
 0.96 1.31 1.36 1.94]
var: 0.10723763888888854
| [0m21       [0m | [0m0.4292   [0m | [0m0.2535   [0m | [0m14.45    [0m | [0m2.722    [0m |
[0.   0.   0.   0.01 0.02 0.02 0.03 0.03 0.03 0.04 0.04 0.04 0.05 0.06
 0.06 0.09 0.1  0.11 0.15 0.15 0.17 0.17 0.2  0.23 0.24 0.27 0.3  0.31
 0.32 0.35 0.38 0.39 0.39 0.4  0.41 0.41 0.41 0.42 0.44 0.47 0.48 0.5
 0.51 0.51 0.52 0.53 0.55 0.56 0.57 0.57 0.61 0.66 0.72 0.78 0.84 0.88
 0.94 0.95 1.07 1.73]
var: 0.10731497222222236
| [0m22       [0m | [0m0.3698   [0m | [0m0.1108   [0m | [0m47.13    [0m | [0m1.569    [0m |
[0.01 0.02 0.06 0.08 0.09 0.09 0.1  0.14 0.15 0.16 0.2  0.22 0.22 0.22
 0.22 0.23 0.23 0.24 0.26 0.27 0.28 0.3  0.3  0.3  0.3  0.31 0.31 0.32
 0.32 0.34 0.35 0.4  0.42 0.46 0.49 0.51 0.53 0.55 0.61 0.62 0.64 0.66
 0.68 0.74 0.74 0.76 0.79 0.81 0.81 0.96 0.97 1.09 1.17 1.18 1.21 1.26
 1.3  1.3  1.41 1.56]
var: 0.1564769722222223
| [0m23       [0m | [0m0.5212   [0m | [0m0.2073   [0m | [0m7.525    [0m | [0m1.8      [0m |
[0.   0.02 0.03 0.06 0.06 0.07 0.07 0.07 0.08 0.1  0.14 0.14 0.16 0.16
 0.19 0.2  0.2  0.21 0.23 0.25 0.26 0.26 0.31 0.32 0.32 0.33 0.33 0.33
 0.34 0.34 0.35 0.36 0.36 0.37 0.37 0.4  0.41 0.43 0.44 0.46 0.47 0.49
 0.54 0.57 0.58 0.58 0.58 0.6  0.61 0.68 0.68 0.75 0.79 0.8  0.85 0.97
 1.04 1.19 1.21 1.23]
var: 0.09134122222222209
| [0m24       [0m | [0m0.4123   [0m | [0m0.1095   [0m | [0m41.53    [0m | [0m0.9712   [0m |
[0.41 0.62 0.64 0.68 0.71 0.78 0.8  0.93 0.96 1.06 1.08 1.13 1.15 1.16
 1.17 1.18 1.22 1.23 1.24 1.27 1.31 1.36 1.4  1.45 1.46 1.53 1.58 1.66
 1.71 1.73 1.73 1.75 1.8  1.85 1.85 1.94 2.02 2.03 2.1  2.11 2.13 2.14
 2.21 2.23 2.24 2.26 2.31 2.36 2.45 2.46 2.49 2.6  2.71 2.75 2.88 3.
 3.21 3.3  3.44 4.94]
var: 0.6826572222222218
| [95m25       [0m | [95m1.798    [0m | [95m0.01021  [0m | [95m26.03    [0m | [95m0.2329   [0m |
[0.   0.02 0.05 0.06 0.07 0.09 0.1  0.12 0.12 0.12 0.14 0.14 0.16 0.17
 0.17 0.19 0.19 0.2  0.2  0.23 0.23 0.29 0.31 0.32 0.32 0.33 0.34 0.35
 0.36 0.38 0.41 0.44 0.45 0.45 0.46 0.49 0.5  0.51 0.56 0.56 0.58 0.62
 0.66 0.71 0.76 0.78 0.8  0.8  0.82 0.82 0.87 0.9  0.93 0.98 1.07 1.09
 1.11 1.22 1.86 1.93]
var: 0.16677274999999978
| [0m26       [0m | [0m0.4985   [0m | [0m0.1744   [0m | [0m16.92    [0m | [0m2.644    [0m |
[0.   0.   0.07 0.08 0.09 0.14 0.15 0.16 0.17 0.18 0.21 0.23 0.23 0.23
 0.24 0.28 0.28 0.3  0.31 0.32 0.33 0.34 0.35 0.35 0.36 0.37 0.42 0.42
 0.45 0.45 0.46 0.48 0.48 0.49 0.49 0.49 0.5  0.53 0.54 0.54 0.55 0.58
 0.63 0.64 0.67 0.68 0.7  0.7  0.71 0.74 0.75 0.77 0.9  0.91 0.97 1.01
 1.08 1.17 1.42 2.25]
var: 0.13783122222222205
| [0m27       [0m | [0m0.5057   [0m | [0m0.2533   [0m | [0m16.49    [0m | [0m1.939    [0m |
[0.   0.01 0.03 0.03 0.04 0.04 0.05 0.05 0.05 0.07 0.08 0.11 0.11 0.14
 0.15 0.16 0.16 0.17 0.17 0.17 0.18 0.18 0.18 0.18 0.19 0.22 0.22 0.23
 0.23 0.26 0.27 0.28 0.29 0.29 0.29 0.3  0.31 0.32 0.33 0.35 0.36 0.38
 0.41 0.42 0.43 0.43 0.45 0.48 0.5  0.6  0.66 0.69 0.74 0.78 0.82 0.87
 0.99 1.06 1.21 1.71]
var: 0.10568933333333339
| [0m28       [0m | [0m0.348    [0m | [0m0.01016  [0m | [0m21.56    [0m | [0m2.998    [0m |
[0.   0.   0.02 0.03 0.03 0.04 0.04 0.04 0.05 0.06 0.06 0.06 0.07 0.08
 0.09 0.1  0.11 0.14 0.15 0.16 0.17 0.19 0.2  0.21 0.22 0.23 0.25 0.26
 0.27 0.29 0.31 0.32 0.33 0.33 0.36 0.38 0.38 0.39 0.4  0.41 0.43 0.43
 0.43 0.43 0.48 0.49 0.52 0.54 0.54 0.58 0.64 0.64 0.69 0.74 0.79 0.97
 1.03 1.19 2.36 2.84]
var: 0.2385016388888888
| [0m29       [0m | [0m0.3998   [0m | [0m0.2423   [0m | [0m37.38    [0m | [0m1.789    [0m |
[0.01 0.02 0.03 0.06 0.08 0.12 0.14 0.14 0.17 0.17 0.18 0.21 0.25 0.28
 0.34 0.36 0.37 0.4  0.42 0.43 0.44 0.47 0.47 0.47 0.51 0.54 0.54 0.55
 0.55 0.58 0.58 0.59 0.6  0.65 0.66 0.66 0.72 0.74 0.75 0.8  0.81 0.81
 0.85 0.85 0.88 0.89 0.93 0.99 1.04 1.11 1.12 1.12 1.14 1.27 1.64 1.82
 1.96 2.05 2.07 2.28]
var: 0.28284488888888915
| [0m30       [0m | [0m0.6947   [0m | [0m0.1459   [0m | [0m19.79    [0m | [0m0.6402   [0m |
[0.02 0.03 0.03 0.06 0.06 0.08 0.11 0.11 0.12 0.12 0.13 0.14 0.15 0.16
 0.16 0.18 0.18 0.19 0.2  0.21 0.24 0.31 0.33 0.34 0.34 0.35 0.35 0.36
 0.36 0.38 0.38 0.39 0.4  0.41 0.41 0.42 0.43 0.46 0.46 0.5  0.51 0.53
 0.53 0.54 0.56 0.57 0.57 0.61 0.62 0.64 0.64 0.66 0.68 0.73 0.78 0.78
 0.83 0.88 0.89 1.2 ]
var: 0.0646783055555556
| [0m31       [0m | [0m0.3968   [0m | [0m0.2389   [0m | [0m5.142    [0m | [0m1.342    [0m |
[0.   0.01 0.02 0.02 0.04 0.06 0.08 0.1  0.11 0.11 0.12 0.15 0.17 0.19
 0.2  0.23 0.24 0.26 0.26 0.27 0.27 0.27 0.31 0.32 0.34 0.34 0.35 0.36
 0.37 0.37 0.38 0.39 0.4  0.41 0.41 0.41 0.41 0.42 0.42 0.42 0.42 0.44
 0.44 0.46 0.48 0.48 0.5  0.51 0.52 0.56 0.57 0.57 0.59 0.61 0.7  0.94
 0.99 1.03 1.35 2.15]
var: 0.11614488888888887
| [0m32       [0m | [0m0.4053   [0m | [0m0.2022   [0m | [0m20.14    [0m | [0m2.944    [0m |
[0.   0.01 0.03 0.06 0.06 0.09 0.1  0.13 0.17 0.2  0.22 0.22 0.22 0.25
 0.28 0.29 0.32 0.33 0.35 0.36 0.36 0.39 0.46 0.46 0.48 0.51 0.51 0.54
 0.55 0.58 0.59 0.61 0.61 0.62 0.65 0.66 0.67 0.69 0.69 0.69 0.7  0.7
 0.71 0.71 0.74 0.77 0.8  0.82 0.82 0.89 0.95 1.   1.01 1.01 1.21 1.23
 1.25 1.45 2.31 2.37]
var: 0.21385788888888888
| [0m33       [0m | [0m0.6077   [0m | [0m0.1689   [0m | [0m20.78    [0m | [0m0.7377   [0m |
[0.02 0.02 0.02 0.02 0.02 0.03 0.03 0.04 0.05 0.08 0.14 0.14 0.18 0.18
 0.19 0.19 0.21 0.23 0.24 0.24 0.26 0.26 0.27 0.27 0.27 0.27 0.28 0.28
 0.28 0.3  0.34 0.37 0.39 0.4  0.41 0.42 0.42 0.43 0.43 0.46 0.47 0.47
 0.48 0.51 0.51 0.53 0.54 0.57 0.57 0.63 0.64 0.65 0.65 0.69 0.75 0.8
 0.95 1.27 1.28 3.19]
var: 0.20478474999999963
| [0m34       [0m | [0m0.4205   [0m | [0m0.1102   [0m | [0m38.55    [0m | [0m1.266    [0m |
[0.   0.02 0.03 0.06 0.07 0.07 0.1  0.1  0.11 0.12 0.14 0.15 0.16 0.18
 0.18 0.21 0.22 0.24 0.25 0.26 0.28 0.29 0.3  0.31 0.33 0.34 0.34 0.36
 0.36 0.37 0.38 0.38 0.39 0.39 0.4  0.41 0.43 0.43 0.45 0.46 0.46 0.47
 0.54 0.6  0.62 0.63 0.64 0.75 0.75 0.75 0.76 0.79 0.8  0.84 0.9  1.03
 1.07 1.15 1.48 1.85]
var: 0.12699430555555563
| [0m35       [0m | [0m0.4492   [0m | [0m0.251    [0m | [0m11.7     [0m | [0m2.475    [0m |
[0.   0.   0.02 0.04 0.04 0.08 0.09 0.09 0.11 0.12 0.15 0.16 0.18 0.19
 0.25 0.25 0.25 0.26 0.27 0.31 0.34 0.35 0.37 0.38 0.38 0.38 0.4  0.41
 0.43 0.43 0.45 0.46 0.49 0.49 0.5  0.51 0.51 0.51 0.51 0.55 0.57 0.58
 0.65 0.66 0.72 0.72 0.73 0.81 0.81 0.85 0.9  0.94 0.94 1.01 1.04 1.27
 1.35 1.85 3.01 3.36]
var: 0.36304155555555523
| [0m36       [0m | [0m0.5747   [0m | [0m0.1636   [0m | [0m21.37    [0m | [0m1.585    [0m |
[0.   0.   0.   0.   0.   0.01 0.01 0.02 0.02 0.03 0.04 0.05 0.05 0.06
 0.06 0.07 0.07 0.07 0.09 0.09 0.09 0.1  0.11 0.12 0.12 0.12 0.13 0.14
 0.14 0.14 0.14 0.14 0.17 0.2  0.21 0.21 0.21 0.22 0.22 0.22 0.23 0.24
 0.26 0.27 0.28 0.34 0.34 0.36 0.37 0.37 0.37 0.38 0.39 0.41 0.42 0.43
 0.44 0.44 0.47 0.52]
var: 0.02147433333333327
| [0m37       [0m | [0m0.187    [0m | [0m0.1005   [0m | [0m44.16    [0m | [0m2.961    [0m |
[0.01 0.04 0.05 0.05 0.08 0.09 0.09 0.12 0.15 0.15 0.16 0.18 0.19 0.21
 0.21 0.24 0.26 0.32 0.33 0.37 0.4  0.41 0.41 0.41 0.41 0.48 0.5  0.5
 0.5  0.51 0.52 0.54 0.6  0.6  0.61 0.61 0.63 0.64 0.64 0.64 0.67 0.69
 0.76 0.78 0.81 0.85 1.03 1.07 1.1  1.12 1.12 1.2  1.22 1.43 1.51 1.62
 1.67 1.68 2.07 2.72]
var: 0.29552988888888854
| [0m38       [0m | [0m0.6497   [0m | [0m0.2188   [0m | [0m34.15    [0m | [0m0.543    [0m |
[0.04 0.06 0.07 0.12 0.18 0.21 0.22 0.23 0.23 0.25 0.27 0.32 0.37 0.37
 0.38 0.38 0.42 0.42 0.42 0.43 0.44 0.45 0.46 0.47 0.51 0.51 0.51 0.53
 0.54 0.54 0.55 0.56 0.58 0.58 0.61 0.62 0.63 0.65 0.67 0.69 0.69 0.69
 0.7  0.71 0.75 0.77 0.8  0.84 0.88 0.93 1.07 1.2  1.23 1.27 1.28 1.36
 1.42 1.56 1.82 2.3 ]
var: 0.18885400000000047
| [0m39       [0m | [0m0.646    [0m | [0m0.2016   [0m | [0m8.832    [0m | [0m1.74     [0m |
[0.   0.   0.   0.01 0.02 0.03 0.06 0.06 0.07 0.08 0.09 0.13 0.14 0.14
 0.16 0.16 0.17 0.18 0.19 0.19 0.19 0.22 0.23 0.23 0.24 0.27 0.28 0.28
 0.29 0.3  0.31 0.34 0.35 0.35 0.36 0.37 0.37 0.39 0.4  0.43 0.5  0.52
 0.52 0.56 0.61 0.61 0.61 0.61 0.61 0.64 0.64 0.67 0.75 0.92 0.97 1.01
 1.15 1.24 1.27 1.29]
var: 0.10987988888888874
| [0m40       [0m | [0m0.3963   [0m | [0m0.06275  [0m | [0m25.53    [0m | [0m2.449    [0m |
[0.   0.01 0.02 0.03 0.04 0.04 0.09 0.11 0.13 0.17 0.19 0.2  0.21 0.24
 0.24 0.25 0.26 0.27 0.28 0.3  0.38 0.38 0.39 0.43 0.44 0.48 0.48 0.49
 0.5  0.57 0.58 0.58 0.61 0.61 0.62 0.64 0.65 0.68 0.75 0.76 0.82 0.84
 0.85 0.86 0.88 0.88 0.89 0.96 1.   1.01 1.04 1.09 1.19 1.24 1.34 1.76
 1.96 2.09 2.12 2.71]
var: 0.31867474999999984
| [0m41       [0m | [0m0.6605   [0m | [0m0.03136  [0m | [0m30.67    [0m | [0m0.9047   [0m |
[0.   0.   0.   0.   0.   0.   0.   0.   0.   0.   0.   0.   0.   0.
 0.   0.   0.   0.   0.   0.   0.   0.   0.   0.   0.   0.   0.01 0.01
 0.02 0.02 0.02 0.02 0.02 0.03 0.03 0.03 0.03 0.03 0.04 0.04 0.04 0.05
 0.05 0.05 0.05 0.05 0.05 0.06 0.06 0.06 0.07 0.07 0.07 0.07 0.07 0.07
 0.08 0.09 0.1  0.23]
var: 0.0015116388888889453
| [0m42       [0m | [0m0.02983  [0m | [0m0.0331   [0m | [0m26.49    [0m | [0m0.001    [0m |
[0.   0.03 0.05 0.05 0.05 0.07 0.08 0.09 0.1  0.13 0.14 0.14 0.17 0.18
 0.19 0.19 0.2  0.25 0.28 0.31 0.31 0.32 0.34 0.35 0.35 0.38 0.38 0.39
 0.41 0.42 0.43 0.43 0.45 0.47 0.48 0.49 0.49 0.5  0.5  0.5  0.51 0.52
 0.52 0.53 0.54 0.54 0.61 0.63 0.66 0.77 0.79 0.81 0.85 0.9  0.95 1.14
 1.23 1.27 1.31 1.92]
var: 0.13262497222222236
| [0m43       [0m | [0m0.4682   [0m | [0m0.2562   [0m | [0m2.904    [0m | [0m0.9646   [0m |
[0.01 0.01 0.02 0.04 0.04 0.07 0.08 0.08 0.09 0.09 0.11 0.12 0.13 0.13
 0.14 0.14 0.15 0.18 0.2  0.2  0.2  0.21 0.21 0.24 0.26 0.27 0.28 0.31
 0.31 0.33 0.34 0.34 0.38 0.38 0.38 0.38 0.42 0.44 0.44 0.45 0.46 0.51
 0.52 0.53 0.53 0.55 0.55 0.55 0.58 0.61 0.66 0.73 0.74 0.74 0.75 0.77
 0.77 0.84 1.02 2.05]
var: 0.10617455555555606
| [0m44       [0m | [0m0.3843   [0m | [0m0.05083  [0m | [0m30.15    [0m | [0m2.015    [0m |
[0.02 0.03 0.08 0.09 0.09 0.12 0.16 0.17 0.18 0.19 0.19 0.22 0.23 0.23
 0.25 0.25 0.26 0.26 0.29 0.35 0.36 0.38 0.38 0.38 0.4  0.41 0.49 0.49
 0.51 0.52 0.55 0.55 0.55 0.57 0.57 0.57 0.58 0.6  0.61 0.64 0.69 0.72
 0.73 0.73 0.74 0.75 0.76 0.78 0.79 0.81 0.82 0.85 0.95 1.04 1.08 1.14
 1.17 1.18 1.22 1.25]
var: 0.10565697222222209
| [0m45       [0m | [0m0.5328   [0m | [0m0.2641   [0m | [0m9.148    [0m | [0m1.74     [0m |
[0.   0.02 0.03 0.04 0.07 0.18 0.18 0.18 0.19 0.19 0.19 0.22 0.24 0.27
 0.27 0.28 0.32 0.32 0.32 0.33 0.33 0.35 0.36 0.38 0.38 0.39 0.41 0.41
 0.43 0.45 0.46 0.47 0.48 0.5  0.5  0.54 0.56 0.58 0.58 0.58 0.6  0.61
 0.66 0.68 0.69 0.69 0.72 0.79 0.8  0.88 0.91 0.93 0.98 1.1  1.15 1.18
 1.31 1.35 1.57 1.92]
var: 0.1510938888888891
| [0m46       [0m | [0m0.5417   [0m | [0m0.2082   [0m | [0m12.01    [0m | [0m2.21     [0m |
[0.   0.02 0.04 0.09 0.1  0.11 0.12 0.13 0.14 0.16 0.16 0.2  0.24 0.25
 0.29 0.3  0.3  0.31 0.31 0.32 0.32 0.33 0.34 0.34 0.35 0.36 0.38 0.41
 0.41 0.41 0.43 0.45 0.46 0.47 0.47 0.5  0.51 0.52 0.54 0.54 0.57 0.64
 0.65 0.68 0.69 0.71 0.71 0.72 0.73 0.73 0.75 0.77 0.85 0.85 0.88 1.01
 1.13 1.21 1.37 1.65]
var: 0.10981141666666636
| [0m47       [0m | [0m0.4905   [0m | [0m0.2933   [0m | [0m3.714    [0m | [0m2.761    [0m |
[0.   0.   0.01 0.02 0.02 0.03 0.03 0.03 0.04 0.05 0.07 0.07 0.08 0.08
 0.08 0.09 0.09 0.1  0.11 0.15 0.15 0.16 0.18 0.22 0.22 0.23 0.24 0.31
 0.33 0.34 0.35 0.35 0.36 0.36 0.38 0.39 0.39 0.39 0.39 0.4  0.41 0.42
 0.47 0.47 0.48 0.49 0.5  0.52 0.54 0.55 0.57 0.57 0.61 0.61 0.62 0.62
 0.65 0.67 0.73 1.58]
var: 0.07174030555555543
| [0m48       [0m | [0m0.3228   [0m | [0m0.2834   [0m | [0m41.69    [0m | [0m1.558    [0m |
[0.   0.   0.01 0.02 0.02 0.03 0.04 0.04 0.06 0.08 0.08 0.09 0.09 0.1
 0.11 0.12 0.12 0.12 0.14 0.14 0.18 0.19 0.23 0.23 0.23 0.24 0.26 0.27
 0.27 0.27 0.27 0.29 0.3  0.31 0.33 0.33 0.34 0.37 0.39 0.39 0.39 0.4
 0.41 0.42 0.42 0.45 0.49 0.49 0.5  0.51 0.51 0.53 0.53 0.55 0.63 0.73
 0.82 1.04 1.11 1.15]
var: 0.06813655555555555
| [0m49       [0m | [0m0.3197   [0m | [0m0.1003   [0m | [0m32.8     [0m | [0m2.409    [0m |
[0.   0.   0.01 0.04 0.05 0.05 0.06 0.07 0.07 0.08 0.08 0.09 0.11 0.12
 0.14 0.14 0.14 0.14 0.15 0.16 0.19 0.2  0.2  0.23 0.24 0.24 0.24 0.25
 0.25 0.26 0.26 0.27 0.27 0.29 0.3  0.32 0.33 0.35 0.37 0.37 0.38 0.39
 0.4  0.4  0.41 0.41 0.42 0.42 0.44 0.46 0.49 0.49 0.51 0.51 0.52 0.53
 0.57 0.57 0.61 1.7 ]
var: 0.06068066666666675
| [0m50       [0m | [0m0.296    [0m | [0m0.1708   [0m | [0m47.09    [0m | [0m2.371    [0m |
[0.57 0.59 0.62 0.63 0.66 0.67 0.7  0.73 0.86 0.9  0.91 0.97 1.16 1.17
 1.19 1.19 1.19 1.24 1.26 1.26 1.31 1.34 1.34 1.4  1.44 1.54 1.58 1.62
 1.62 1.64 1.67 1.68 1.72 1.73 1.74 1.76 1.81 1.83 1.86 1.87 1.89 1.89
 1.95 1.98 2.04 2.04 2.05 2.07 2.08 2.2  2.33 2.4  2.54 2.69 2.73 2.8
 2.82 2.87 3.25 3.7 ]
var: 0.4819916388888887
| [0m51       [0m | [0m1.655    [0m | [0m0.0714   [0m | [0m26.02    [0m | [0m0.1152   [0m |
[0.39 0.42 0.42 0.43 0.43 0.53 0.53 0.54 0.55 0.58 0.62 0.63 0.64 0.64
 0.65 0.69 0.69 0.72 0.74 0.76 0.82 0.86 0.89 0.9  0.93 0.96 0.98 1.
 1.01 1.01 1.03 1.07 1.1  1.11 1.16 1.16 1.2  1.22 1.26 1.28 1.28 1.3
 1.4  1.48 1.5  1.55 1.59 1.69 1.72 1.75 1.82 2.01 2.17 2.2  2.22 2.46
 2.72 2.78 3.48 4.67]
var: 0.6272856666666672
| [0m52       [0m | [0m1.239    [0m | [0m0.1985   [0m | [0m25.91    [0m | [0m0.2438   [0m |
[0.   0.03 0.18 0.21 0.21 0.23 0.23 0.31 0.35 0.36 0.38 0.4  0.41 0.44
 0.44 0.53 0.53 0.54 0.57 0.57 0.57 0.66 0.7  0.73 0.75 0.85 0.92 0.98
 0.99 0.99 1.09 1.11 1.21 1.24 1.41 1.53 1.63 1.66 1.68 1.69 1.73 1.77
 1.77 1.81 1.92 1.94 1.99 2.1  2.1  2.44 2.45 2.53 2.54 2.54 2.58 2.85
 3.19 3.29 3.68 4.96]
var: 1.0542149722222214
| [0m53       [0m | [0m1.325    [0m | [0m1e-08    [0m | [0m25.92    [0m | [0m0.181    [0m |
[0.22 0.42 0.42 0.44 0.47 0.49 0.49 0.52 0.52 0.55 0.58 0.61 0.62 0.64
 0.66 0.67 0.69 0.72 0.76 0.8  0.82 0.88 0.91 0.92 0.93 0.95 0.96 0.98
 0.99 1.   1.04 1.08 1.11 1.14 1.14 1.16 1.28 1.29 1.29 1.36 1.37 1.39
 1.43 1.49 1.49 1.55 1.58 1.6  1.6  1.63 1.71 1.74 1.77 1.78 1.84 2.03
 2.4  2.56 2.91 3.  ]
var: 0.36652941666666705
| [0m54       [0m | [0m1.157    [0m | [0m0.2058   [0m | [0m43.75    [0m | [0m0.1145   [0m |
[0.19 0.2  0.26 0.37 0.38 0.4  0.44 0.45 0.47 0.5  0.5  0.5  0.54 0.56
 0.56 0.57 0.57 0.58 0.58 0.59 0.61 0.61 0.62 0.62 0.64 0.65 0.67 0.69
 0.73 0.74 0.74 0.75 0.77 0.78 0.81 0.88 0.88 0.89 0.92 1.04 1.08 1.08
 1.08 1.13 1.13 1.15 1.24 1.25 1.3  1.36 1.47 1.52 1.59 1.59 1.62 1.71
 1.82 1.91 2.89 3.91]
var: 0.3900715555555562
| [0m55       [0m | [0m0.9347   [0m | [0m0.1449   [0m | [0m26.09    [0m | [0m0.3848   [0m |
[0.   0.   0.01 0.09 0.09 0.12 0.16 0.22 0.26 0.27 0.37 0.37 0.37 0.38
 0.38 0.46 0.47 0.49 0.52 0.62 0.63 0.65 0.69 0.69 0.71 0.72 0.8  0.81
 0.81 0.83 0.85 0.85 0.88 0.89 0.96 1.06 1.11 1.22 1.25 1.3  1.57 1.59
 1.69 1.72 1.72 1.73 1.8  1.85 2.09 2.26 2.41 2.47 2.48 2.68 2.69 2.84
 3.79 4.31 5.8  6.55]
var: 1.6969033333333345
| [0m56       [0m | [0m1.29     [0m | [0m1e-08    [0m | [0m26.11    [0m | [0m0.1721   [0m |
[0.   0.   0.   0.   0.   0.   0.   0.   0.   0.   0.   0.   0.   0.
 0.   0.   0.   0.01 0.01 0.01 0.01 0.01 0.01 0.02 0.02 0.02 0.02 0.03
 0.03 0.03 0.03 0.03 0.03 0.03 0.03 0.03 0.04 0.04 0.04 0.04 0.05 0.05
 0.05 0.05 0.05 0.05 0.05 0.06 0.07 0.07 0.07 0.07 0.07 0.08 0.08 0.09
 0.09 0.09 0.09 0.15]
var: 0.0010555555555555923
| [0m57       [0m | [0m0.03333  [0m | [0m0.2836   [0m | [0m35.54    [0m | [0m0.003515 [0m |
[0.02 0.36 0.44 0.47 0.5  0.51 0.56 0.56 0.58 0.6  0.6  0.62 0.69 0.69
 0.72 0.75 0.76 0.77 0.77 0.82 0.87 0.88 0.89 0.9  0.92 0.93 0.94 0.95
 0.97 0.97 0.99 1.02 1.03 1.04 1.09 1.11 1.13 1.18 1.22 1.25 1.25 1.32
 1.32 1.32 1.42 1.47 1.59 1.64 1.88 1.89 1.93 2.07 2.31 2.38 2.67 2.94
 3.02 3.16 3.19 3.33]
var: 0.5861003055555559
| [0m58       [0m | [0m1.236    [0m | [0m0.1405   [0m | [0m26.02    [0m | [0m0.253    [0m |
[0.   0.   0.   0.01 0.01 0.01 0.02 0.03 0.03 0.04 0.04 0.05 0.06 0.06
 0.07 0.08 0.1  0.11 0.12 0.12 0.13 0.16 0.19 0.2  0.2  0.2  0.21 0.22
 0.22 0.24 0.27 0.36 0.37 0.39 0.4  0.41 0.42 0.42 0.43 0.44 0.47 0.48
 0.48 0.51 0.52 0.52 0.56 0.56 0.59 0.59 0.6  0.61 0.62 0.72 0.83 0.91
 0.97 1.05 1.17 1.52]
var: 0.10453266666666697
| [0m59       [0m | [0m0.352    [0m | [0m0.07932  [0m | [0m40.9     [0m | [0m1.223    [0m |
[0.45 0.48 0.5  0.51 0.52 0.53 0.55 0.56 0.58 0.65 0.66 0.75 0.77 0.77
 0.78 0.8  0.81 0.82 0.84 0.84 0.87 0.89 1.   1.02 1.05 1.05 1.12 1.12
 1.13 1.13 1.14 1.21 1.24 1.28 1.31 1.32 1.34 1.35 1.38 1.38 1.44 1.47
 1.5  1.53 1.53 1.56 1.58 1.59 1.62 1.65 1.7  1.73 1.8  1.85 1.86 1.94
 1.99 1.99 2.01 2.66]
var: 0.23825055555555535
| [0m60       [0m | [0m1.192    [0m | [0m0.2206   [0m | [0m35.7     [0m | [0m0.1004   [0m |
[0.   0.03 0.05 0.06 0.07 0.1  0.1  0.11 0.12 0.12 0.14 0.15 0.18 0.22
 0.25 0.26 0.28 0.28 0.29 0.31 0.32 0.34 0.36 0.36 0.37 0.39 0.39 0.4
 0.41 0.41 0.41 0.43 0.44 0.47 0.47 0.49 0.49 0.54 0.56 0.56 0.58 0.6
 0.61 0.61 0.62 0.63 0.65 0.67 0.73 0.77 0.79 0.8  0.81 0.9  0.94 0.97
 1.02 1.07 1.18 1.68]
var: 0.10389622222222222
| [0m61       [0m | [0m0.4727   [0m | [0m0.003852 [0m | [0m36.43    [0m | [0m1.606    [0m |
[0.34 0.39 0.54 0.58 0.58 0.59 0.6  0.6  0.61 0.62 0.63 0.63 0.65 0.69
 0.72 0.76 0.78 0.81 0.88 0.91 0.91 0.97 0.98 1.   1.01 1.04 1.04 1.09
 1.09 1.14 1.15 1.19 1.21 1.31 1.31 1.36 1.37 1.39 1.42 1.44 1.53 1.53
 1.55 1.57 1.59 1.61 1.65 1.72 1.76 1.85 1.87 1.88 1.93 1.95 2.11 2.12
 2.17 2.46 2.76 2.79]
var: 0.33576141666666637
| [0m62       [0m | [0m1.246    [0m | [0m0.125    [0m | [0m25.95    [0m | [0m0.2514   [0m |
[0.   0.   0.   0.   0.04 0.04 0.05 0.06 0.06 0.08 0.08 0.1  0.1  0.11
 0.11 0.12 0.12 0.14 0.15 0.16 0.17 0.17 0.18 0.19 0.2  0.2  0.24 0.25
 0.25 0.27 0.29 0.31 0.32 0.33 0.33 0.34 0.36 0.36 0.37 0.41 0.41 0.43
 0.44 0.46 0.46 0.47 0.47 0.47 0.52 0.53 0.55 0.57 0.57 0.58 0.68 0.7
 0.79 0.86 0.89 1.12]
var: 0.0601303055555555
| [0m63       [0m | [0m0.3172   [0m | [0m0.02328  [0m | [0m47.11    [0m | [0m1.791    [0m |
[0.46 0.46 0.63 0.64 0.74 0.81 0.87 0.88 0.88 0.89 0.9  0.91 0.95 0.95
 0.97 0.97 1.01 1.04 1.06 1.07 1.09 1.1  1.18 1.2  1.21 1.22 1.23 1.24
 1.26 1.27 1.28 1.29 1.31 1.34 1.36 1.38 1.44 1.46 1.51 1.55 1.56 1.58
 1.58 1.63 1.73 1.74 1.77 1.81 1.81 1.84 1.85 1.99 2.03 2.38 2.56 2.6
 2.62 3.17 3.44 3.59]
var: 0.4384649722222223
| [0m64       [0m | [0m1.438    [0m | [0m0.06766  [0m | [0m26.02    [0m | [0m0.1983   [0m |
[0.02 0.03 0.12 0.17 0.18 0.18 0.22 0.24 0.25 0.27 0.39 0.4  0.41 0.43
 0.49 0.49 0.49 0.51 0.52 0.53 0.54 0.6  0.65 0.68 0.8  0.82 0.84 0.88
 0.93 0.95 1.02 1.08 1.09 1.12 1.27 1.29 1.33 1.35 1.39 1.4  1.41 1.43
 1.44 1.55 1.68 1.71 1.73 1.74 1.79 1.86 1.89 1.91 1.96 1.98 2.14 2.77
 2.86 3.01 3.92 5.57]
var: 0.975064888888889
| [0m65       [0m | [0m1.179    [0m | [0m1e-08    [0m | [0m26.01    [0m | [0m0.156    [0m |
[0.3  0.48 0.57 0.57 0.58 0.68 0.75 0.82 0.87 0.87 0.89 0.92 0.92 1.05
 1.15 1.16 1.17 1.17 1.22 1.23 1.23 1.23 1.24 1.26 1.28 1.3  1.34 1.37
 1.39 1.39 1.47 1.51 1.55 1.57 1.6  1.62 1.78 1.85 1.85 1.86 1.86 1.89
 1.9  1.97 1.98 2.01 2.02 2.07 2.14 2.15 2.18 2.2  2.22 2.4  2.42 2.57
 2.78 2.88 3.01 3.64]
var: 0.45637097222222184
| [0m66       [0m | [0m1.556    [0m | [0m0.08691  [0m | [0m25.91    [0m | [0m0.08572  [0m |
[0.38 0.39 0.48 0.62 0.65 0.65 0.65 0.79 0.91 1.13 1.16 1.24 1.24 1.3
 1.41 1.48 1.54 1.62 1.63 1.69 1.78 1.83 1.83 1.85 1.87 1.9  1.9  1.93
 1.96 2.01 2.01 2.13 2.17 2.18 2.39 2.39 2.42 2.49 2.5  2.51 2.6  2.62
 2.66 2.67 2.77 2.81 2.83 3.2  3.21 3.26 3.27 3.27 3.33 3.37 3.4  3.51
 3.6  4.05 4.49 4.97]
var: 1.0496838888888886
| [95m67       [0m | [95m2.148    [0m | [95m0.1004   [0m | [95m26.07    [0m | [95m0.05924  [0m |
[0.34 0.5  0.53 0.53 0.6  0.61 0.62 0.64 0.79 0.88 0.88 0.89 0.95 0.95
 0.99 1.01 1.16 1.22 1.27 1.27 1.36 1.37 1.4  1.4  1.4  1.41 1.41 1.43
 1.44 1.45 1.5  1.54 1.58 1.58 1.59 1.61 1.65 1.73 1.75 1.76 1.81 1.94
 1.98 2.01 2.02 2.08 2.15 2.17 2.19 2.25 2.27 2.32 2.39 2.43 2.58 2.63
 2.72 2.72 2.99 3.28]
var: 0.4583182222222219
| [0m68       [0m | [0m1.565    [0m | [0m0.1914   [0m | [0m25.96    [0m | [0m0.07308  [0m |
[0.11 0.53 0.53 0.56 0.57 0.59 0.61 0.63 0.68 0.73 0.96 1.16 1.16 1.21
 1.22 1.3  1.4  1.44 1.6  1.61 1.61 1.63 1.71 1.73 1.73 1.77 1.79 1.8
 1.82 1.88 1.91 1.92 1.93 1.96 1.96 2.01 2.02 2.21 2.21 2.28 2.29 2.3
 2.32 2.32 2.36 2.37 2.46 2.54 2.64 2.97 3.4  3.5  3.51 3.53 3.89 3.92
 4.04 4.19 4.64 7.88]
var: 1.602307638888888
| [0m69       [0m | [0m2.059    [0m | [0m0.2012   [0m | [0m25.97    [0m | [0m0.05447  [0m |
[0.51 0.52 0.52 0.54 0.59 0.59 0.61 0.64 0.67 0.71 0.74 0.76 0.8  0.81
 0.85 0.93 1.03 1.03 1.06 1.1  1.13 1.14 1.16 1.19 1.23 1.26 1.28 1.3
 1.3  1.34 1.35 1.37 1.4  1.45 1.46 1.6  1.61 1.63 1.67 1.72 1.8  1.84
 1.84 1.86 1.91 1.91 1.97 1.98 2.02 2.22 2.26 2.31 2.48 2.5  2.55 2.61
 2.77 2.78 3.43 3.78]
var: 0.543579888888889
| [0m70       [0m | [0m1.49     [0m | [0m0.194    [0m | [0m26.04    [0m | [0m0.1219   [0m |
[0.17 0.48 0.51 0.52 0.52 0.53 0.53 0.56 0.57 0.6  0.6  0.61 0.61 0.83
 0.84 0.88 0.98 1.05 1.05 1.08 1.1  1.12 1.13 1.14 1.21 1.21 1.22 1.29
 1.32 1.4  1.45 1.52 1.52 1.54 1.54 1.55 1.62 1.69 1.71 1.71 1.73 1.84
 1.85 1.87 1.88 1.89 1.91 1.93 2.01 2.13 2.21 2.29 2.44 2.45 2.52 2.6
 2.74 2.9  3.37 3.98]
var: 0.5949620833333332
| [0m71       [0m | [0m1.468    [0m | [0m0.1333   [0m | [0m26.16    [0m | [0m0.1029   [0m |
[0.   0.01 0.01 0.03 0.03 0.03 0.06 0.08 0.08 0.08 0.08 0.09 0.09 0.1
 0.11 0.13 0.14 0.15 0.15 0.16 0.18 0.2  0.21 0.22 0.25 0.25 0.26 0.27
 0.29 0.3  0.3  0.3  0.31 0.33 0.35 0.37 0.39 0.39 0.4  0.43 0.44 0.44
 0.46 0.48 0.49 0.5  0.51 0.51 0.58 0.6  0.6  0.6  0.61 0.62 0.63 0.64
 0.74 0.77 0.83 1.19]
var: 0.05954763888888881
| [0m72       [0m | [0m0.3308   [0m | [0m0.08391  [0m | [0m45.95    [0m | [0m1.78     [0m |
[0.   0.   0.   0.   0.   0.   0.   0.   0.   0.01 0.01 0.01 0.01 0.02
 0.02 0.02 0.02 0.02 0.02 0.03 0.03 0.03 0.03 0.04 0.04 0.04 0.04 0.04
 0.04 0.04 0.05 0.05 0.05 0.05 0.05 0.06 0.06 0.06 0.06 0.06 0.06 0.07
 0.07 0.07 0.07 0.07 0.07 0.08 0.08 0.09 0.09 0.13 0.14 0.14 0.15 0.2
 0.21 0.22 0.22 0.27]
var: 0.00375497222222224
| [0m73       [0m | [0m0.06017  [0m | [0m0.196    [0m | [0m25.92    [0m | [0m0.007152 [0m |
[0.2  0.21 0.23 0.24 0.24 0.25 0.25 0.25 0.26 0.28 0.28 0.28 0.29 0.29
 0.29 0.29 0.3  0.3  0.36 0.39 0.44 0.44 0.44 0.44 0.44 0.46 0.46 0.47
 0.49 0.49 0.5  0.51 0.52 0.53 0.54 0.55 0.56 0.57 0.59 0.61 0.62 0.65
 0.67 0.67 0.67 0.68 0.71 0.75 0.76 0.79 0.89 0.97 1.02 1.03 1.08 1.12
 1.33 1.59 1.77 1.87]
var: 0.13496363888888877
| [0m74       [0m | [0m0.5862   [0m | [0m0.1211   [0m | [0m26.0     [0m | [0m0.0126   [0m |
[0.08 0.31 0.44 0.45 0.46 0.48 0.54 0.55 0.56 0.56 0.59 0.64 0.65 0.66
 0.71 0.72 0.73 0.8  0.81 0.84 0.92 0.97 1.01 1.01 1.03 1.04 1.04 1.05
 1.08 1.1  1.15 1.16 1.17 1.18 1.25 1.32 1.34 1.36 1.36 1.42 1.48 1.53
 1.54 1.56 1.57 1.81 1.82 1.88 1.95 1.97 1.98 2.12 2.25 2.27 2.27 2.53
 2.67 3.19 3.22 4.97]
var: 0.6990648888888883
| [0m75       [0m | [0m1.319    [0m | [0m0.1047   [0m | [0m26.03    [0m | [0m0.1726   [0m |
[0.   0.   0.   0.   0.01 0.02 0.04 0.04 0.05 0.08 0.09 0.09 0.1  0.11
 0.12 0.14 0.17 0.19 0.3  0.31 0.31 0.32 0.32 0.33 0.34 0.36 0.37 0.37
 0.38 0.39 0.41 0.46 0.47 0.47 0.48 0.48 0.5  0.51 0.58 0.59 0.63 0.63
 0.66 0.67 0.73 0.74 0.77 0.79 0.88 0.94 0.97 0.97 0.98 1.04 1.09 1.19
 1.3  1.33 1.47 1.59]
var: 0.16126808333333348
| [0m76       [0m | [0m0.4945   [0m | [0m0.1366   [0m | [0m35.44    [0m | [0m1.127    [0m |
[0.54 0.55 0.55 0.56 0.58 0.61 0.67 0.71 0.78 0.88 0.91 1.12 1.15 1.21
 1.24 1.24 1.25 1.26 1.26 1.28 1.28 1.3  1.31 1.32 1.32 1.32 1.33 1.33
 1.34 1.41 1.42 1.43 1.46 1.49 1.52 1.57 1.58 1.65 1.66 1.69 1.71 1.73
 1.78 1.78 1.82 1.84 1.86 1.88 1.95 1.95 2.   2.16 2.27 2.36 2.44 2.58
 2.59 2.65 2.66 2.9 ]
var: 0.3330349722222221
| [0m77       [0m | [0m1.5      [0m | [0m0.1578   [0m | [0m26.08    [0m | [0m0.07838  [0m |
[0.5  0.52 0.54 0.55 0.56 0.58 0.6  0.71 0.71 0.73 0.78 0.8  0.83 0.85
 0.93 0.97 1.01 1.05 1.09 1.1  1.11 1.14 1.17 1.2  1.2  1.21 1.22 1.3
 1.35 1.37 1.38 1.41 1.43 1.45 1.49 1.49 1.49 1.5  1.57 1.61 1.65 1.68
 1.7  1.71 1.75 1.77 1.81 1.88 1.89 1.93 1.95 1.96 2.   2.09 2.1  2.31
 2.39 2.45 2.53 3.  ]
var: 0.32270430555555557
| [0m78       [0m | [0m1.384    [0m | [0m0.1096   [0m | [0m26.0     [0m | [0m0.1228   [0m |
[0.58 0.58 0.64 0.68 0.69 0.84 0.97 0.99 1.06 1.08 1.1  1.24 1.27 1.3
 1.3  1.37 1.38 1.42 1.47 1.51 1.52 1.54 1.57 1.57 1.63 1.68 1.7  1.7
 1.82 1.82 1.92 1.97 2.   2.01 2.02 2.12 2.12 2.15 2.17 2.23 2.28 2.34
 2.35 2.44 2.47 2.5  2.52 2.55 2.6  2.72 3.02 3.05 3.07 3.1  3.16 3.29
 3.37 3.4  3.61 3.65]
var: 0.6554443333333331
| [0m79       [0m | [0m1.937    [0m | [0m0.02009  [0m | [0m25.94    [0m | [0m0.1426   [0m |
[0.33 0.5  0.53 0.54 0.55 0.56 0.58 0.59 0.61 0.72 0.77 0.8  0.82 0.85
 0.95 1.01 1.05 1.07 1.16 1.17 1.19 1.19 1.22 1.22 1.23 1.24 1.32 1.34
 1.34 1.35 1.37 1.4  1.44 1.45 1.45 1.49 1.51 1.53 1.54 1.55 1.58 1.62
 1.62 1.72 1.72 1.73 1.74 1.74 1.76 1.8  1.82 1.83 1.91 1.99 2.11 2.29
 2.31 2.57 2.72 3.76]
var: 0.3735703055555552
| [0m80       [0m | [0m1.381    [0m | [0m0.1721   [0m | [0m26.13    [0m | [0m0.1204   [0m |
=============================================================
None
num_trials:  40  inits,  40  iters,  60  per
rho:  0.1
pthin:  0.92

Best VPT: 2.148333333333334
Best result: {'a': 0.10043025922955647, 'g': 26.07073973774629, 's': 0.05924479831469963}

KERNEL: nu=1.5, lengthscale=2.0, alpha=0.0005
