|   iter    |  target   |     a     |     g     |     s     |
-------------------------------------------------------------
[0.36 0.4  0.53 0.55 0.59 0.6  0.6  0.61 0.76 0.81 0.84 0.86 0.98 1.12
 1.14 1.14 1.2  1.2  1.28 1.32 1.35 1.36 1.39 1.39 1.39 1.51 1.64 1.65
 1.68 1.7  1.75 1.76 1.82 1.83 1.84 1.85 1.86 1.87 1.9  1.91 2.   2.26
 2.45 2.48 2.5  2.54 2.55 2.67 2.7  2.81 2.92 2.94 3.16 3.31 3.35 3.46
 3.52 3.71 3.94 4.08]
var: 0.9110383055555556
| [0m1        [0m | [0m1.828    [0m | [0m0.01399  [0m | [0m2.819    [0m | [0m0.08479  [0m |
[0.   0.   0.01 0.01 0.02 0.03 0.05 0.06 0.06 0.07 0.09 0.11 0.12 0.2
 0.22 0.28 0.28 0.31 0.32 0.32 0.32 0.33 0.36 0.37 0.39 0.39 0.41 0.42
 0.46 0.46 0.55 0.55 0.56 0.6  0.6  0.62 0.63 0.65 0.69 0.74 0.74 0.76
 0.76 0.83 0.85 0.87 0.9  1.03 1.07 1.17 1.29 1.31 1.44 1.45 1.47 1.62
 1.77 2.02 2.57 2.78]
var: 0.372274
| [0m2        [0m | [0m0.656    [0m | [0m0.1015   [0m | [0m27.25    [0m | [0m0.7416   [0m |
[0.   0.01 0.04 0.05 0.05 0.05 0.08 0.08 0.1  0.12 0.14 0.14 0.16 0.19
 0.2  0.21 0.21 0.23 0.25 0.25 0.3  0.3  0.3  0.3  0.32 0.36 0.37 0.38
 0.38 0.42 0.42 0.43 0.44 0.46 0.46 0.5  0.51 0.52 0.54 0.56 0.56 0.6
 0.61 0.61 0.64 0.66 0.67 0.67 0.68 0.7  0.72 0.73 0.75 0.78 0.97 1.08
 1.21 1.22 1.24 1.59]
var: 0.11416155555555553
| [0m3        [0m | [0m0.4587   [0m | [0m0.07901  [0m | [0m44.4     [0m | [0m1.013    [0m |
[0.   0.   0.   0.03 0.04 0.04 0.06 0.07 0.07 0.09 0.1  0.1  0.11 0.12
 0.13 0.14 0.23 0.23 0.3  0.32 0.34 0.36 0.37 0.38 0.42 0.43 0.43 0.49
 0.51 0.51 0.52 0.53 0.53 0.54 0.54 0.58 0.58 0.61 0.61 0.62 0.65 0.67
 0.69 0.71 0.75 0.75 0.85 0.88 0.9  0.9  0.96 0.98 1.11 1.17 1.3  1.32
 1.33 1.43 1.48 1.49]
var: 0.16989666666666675
| [0m4        [0m | [0m0.54     [0m | [0m0.2633   [0m | [0m9.074    [0m | [0m2.384    [0m |
[0.05 0.19 0.25 0.26 0.27 0.3  0.32 0.33 0.33 0.33 0.36 0.36 0.42 0.44
 0.44 0.44 0.44 0.46 0.48 0.5  0.52 0.52 0.53 0.53 0.53 0.55 0.55 0.55
 0.55 0.56 0.56 0.57 0.58 0.59 0.66 0.66 0.67 0.67 0.68 0.71 0.73 0.73
 0.77 0.77 0.8  0.81 0.84 0.88 0.91 0.91 1.01 1.08 1.09 1.1  1.21 1.62
 1.67 1.68 1.76 1.84]
var: 0.1528726666666667
| [0m5        [0m | [0m0.682    [0m | [0m0.0958   [0m | [0m35.18    [0m | [0m0.01495  [0m |
[0.02 0.02 0.03 0.03 0.05 0.07 0.13 0.14 0.14 0.17 0.2  0.22 0.24 0.25
 0.26 0.27 0.27 0.33 0.34 0.38 0.38 0.39 0.4  0.4  0.44 0.47 0.47 0.51
 0.54 0.56 0.56 0.58 0.59 0.59 0.61 0.62 0.65 0.66 0.7  0.71 0.72 0.72
 0.73 0.77 0.8  0.81 0.83 0.87 0.89 0.93 1.   1.05 1.16 1.16 1.23 1.25
 1.29 1.4  1.43 4.24]
var: 0.3564103055555556
| [0m6        [0m | [0m0.6278   [0m | [0m0.06882  [0m | [0m13.44    [0m | [0m0.7252   [0m |
[0.07 0.11 0.35 0.36 0.46 0.51 0.57 0.6  0.62 0.62 0.64 0.65 0.65 0.66
 0.68 0.68 0.72 0.75 0.82 0.83 0.84 0.86 0.87 0.91 0.92 0.92 0.95 1.03
 1.13 1.16 1.24 1.24 1.25 1.26 1.26 1.28 1.36 1.42 1.43 1.47 1.51 1.55
 1.59 1.62 1.62 1.69 1.77 1.88 1.89 1.9  1.96 2.03 2.21 2.29 2.54 2.62
 2.73 2.98 4.15 4.39]
var: 0.7213703055555558
| [0m7        [0m | [0m1.318    [0m | [0m0.0543   [0m | [0m24.08    [0m | [0m0.3545   [0m |
[0.   0.   0.   0.   0.   0.   0.02 0.03 0.04 0.05 0.06 0.07 0.08 0.08
 0.09 0.1  0.1  0.12 0.12 0.13 0.14 0.16 0.16 0.18 0.2  0.21 0.21 0.22
 0.22 0.24 0.25 0.28 0.33 0.33 0.33 0.33 0.34 0.34 0.35 0.35 0.35 0.37
 0.37 0.38 0.4  0.4  0.43 0.43 0.44 0.44 0.46 0.47 0.55 0.55 0.57 0.61
 0.69 0.74 0.83 1.18]
var: 0.05374599999999987
| [0m8        [0m | [0m0.282    [0m | [0m0.1409   [0m | [0m27.92    [0m | [0m2.628    [0m |
[0.01 0.02 0.02 0.05 0.09 0.1  0.11 0.13 0.14 0.14 0.14 0.15 0.15 0.15
 0.17 0.18 0.22 0.22 0.23 0.24 0.25 0.25 0.26 0.27 0.32 0.33 0.34 0.35
 0.37 0.43 0.48 0.5  0.51 0.54 0.56 0.56 0.59 0.62 0.66 0.68 0.7  0.74
 0.74 0.75 0.78 0.79 0.8  0.84 0.89 1.03 1.06 1.14 1.14 1.21 1.23 1.32
 1.35 1.73 1.94 2.34]
var: 0.2420687500000003
| [0m9        [0m | [0m0.5675   [0m | [0m0.2061   [0m | [0m15.88    [0m | [0m0.5407   [0m |
[0.11 0.44 0.46 0.48 0.52 0.54 0.56 0.57 0.58 0.6  0.62 0.63 0.64 0.66
 0.69 0.73 0.78 0.78 0.79 0.8  0.8  0.8  0.87 0.9  0.92 0.96 1.01 1.03
 1.05 1.05 1.15 1.25 1.29 1.38 1.4  1.42 1.42 1.46 1.46 1.46 1.47 1.51
 1.51 1.52 1.54 1.56 1.6  1.63 1.63 1.65 1.69 1.8  1.82 2.   2.01 2.32
 2.56 3.35 3.56 4.23]
var: 0.5782043333333337
| [0m10       [0m | [0m1.267    [0m | [0m0.2471   [0m | [0m49.59    [0m | [0m0.0796   [0m |
[0.   0.   0.   0.   0.01 0.02 0.03 0.05 0.06 0.06 0.07 0.07 0.08 0.08
 0.12 0.12 0.14 0.14 0.18 0.19 0.21 0.22 0.22 0.23 0.23 0.23 0.24 0.24
 0.24 0.25 0.27 0.27 0.27 0.31 0.33 0.34 0.36 0.37 0.37 0.37 0.37 0.38
 0.38 0.39 0.39 0.4  0.41 0.42 0.43 0.47 0.48 0.54 0.54 0.55 0.58 0.58
 0.62 0.66 0.75 1.48]
var: 0.05833497222222235
| [0m11       [0m | [0m0.2968   [0m | [0m0.2124   [0m | [0m33.88    [0m | [0m2.519    [0m |
[0.03 0.05 0.06 0.06 0.09 0.1  0.1  0.12 0.15 0.2  0.2  0.22 0.23 0.25
 0.26 0.27 0.28 0.3  0.31 0.33 0.36 0.36 0.36 0.37 0.38 0.39 0.4  0.4
 0.4  0.44 0.47 0.49 0.5  0.5  0.53 0.54 0.54 0.55 0.57 0.58 0.58 0.59
 0.6  0.66 0.69 0.71 0.72 0.74 0.76 0.77 0.77 0.84 0.85 0.92 0.96 1.01
 1.01 1.16 1.22 1.44]
var: 0.096841222222222
| [0m12       [0m | [0m0.4957   [0m | [0m0.1401   [0m | [0m8.915    [0m | [0m2.874    [0m |
[0.   0.01 0.03 0.03 0.04 0.05 0.06 0.06 0.06 0.08 0.13 0.18 0.18 0.19
 0.22 0.23 0.27 0.29 0.3  0.3  0.32 0.34 0.37 0.37 0.39 0.39 0.39 0.4
 0.41 0.42 0.42 0.43 0.45 0.49 0.52 0.55 0.55 0.56 0.57 0.57 0.57 0.59
 0.6  0.62 0.64 0.65 0.66 0.67 0.7  0.73 0.77 0.92 1.03 1.09 1.12 1.16
 1.22 1.22 1.22 2.4 ]
var: 0.16907222222222204
| [0m13       [0m | [0m0.5033   [0m | [0m0.1329   [0m | [0m4.731    [0m | [0m0.8995   [0m |
[0.   0.   0.   0.01 0.01 0.01 0.02 0.02 0.03 0.03 0.05 0.06 0.06 0.07
 0.08 0.09 0.09 0.1  0.1  0.15 0.17 0.17 0.19 0.2  0.2  0.2  0.21 0.21
 0.21 0.24 0.24 0.25 0.25 0.26 0.28 0.29 0.3  0.33 0.34 0.35 0.38 0.4
 0.4  0.4  0.41 0.41 0.42 0.43 0.45 0.46 0.46 0.46 0.49 0.55 0.55 0.57
 0.59 0.66 0.71 0.9 ]
var: 0.04187363888888898
| [0m14       [0m | [0m0.2662   [0m | [0m0.2368   [0m | [0m36.24    [0m | [0m2.389    [0m |
[0.   0.   0.   0.03 0.04 0.05 0.06 0.06 0.08 0.09 0.09 0.1  0.1  0.12
 0.15 0.16 0.17 0.19 0.19 0.2  0.23 0.23 0.25 0.26 0.26 0.26 0.3  0.31
 0.31 0.32 0.32 0.32 0.33 0.34 0.35 0.37 0.37 0.38 0.38 0.39 0.39 0.42
 0.43 0.43 0.44 0.45 0.48 0.48 0.48 0.49 0.53 0.55 0.56 0.57 0.6  0.62
 0.63 0.79 0.79 0.88]
var: 0.04278808333333336
| [0m15       [0m | [0m0.3195   [0m | [0m0.07387  [0m | [0m32.58    [0m | [0m2.404    [0m |
[0.01 0.02 0.02 0.03 0.04 0.05 0.06 0.07 0.12 0.12 0.14 0.15 0.16 0.17
 0.22 0.25 0.26 0.27 0.28 0.29 0.29 0.31 0.31 0.31 0.32 0.32 0.34 0.36
 0.36 0.37 0.38 0.39 0.41 0.43 0.49 0.5  0.53 0.57 0.6  0.64 0.64 0.66
 0.67 0.67 0.68 0.83 0.84 0.86 0.91 0.92 0.93 0.96 0.97 1.   1.01 1.16
 1.2  1.22 1.59 2.02]
var: 0.16822388888888914
| [0m16       [0m | [0m0.5117   [0m | [0m0.1031   [0m | [0m18.97    [0m | [0m1.388    [0m |
[0.   0.   0.04 0.04 0.06 0.07 0.08 0.1  0.1  0.1  0.1  0.14 0.14 0.15
 0.15 0.16 0.18 0.18 0.19 0.2  0.22 0.22 0.24 0.24 0.25 0.28 0.3  0.32
 0.33 0.34 0.36 0.36 0.36 0.36 0.36 0.37 0.4  0.4  0.47 0.48 0.49 0.52
 0.52 0.53 0.55 0.58 0.59 0.59 0.67 0.68 0.69 0.73 0.76 0.77 0.96 0.97
 1.02 1.24 1.28 1.53]
var: 0.10883275000000021
| [0m17       [0m | [0m0.4085   [0m | [0m0.07367  [0m | [0m21.28    [0m | [0m2.933    [0m |
[0.   0.   0.03 0.04 0.05 0.06 0.08 0.17 0.18 0.2  0.21 0.21 0.26 0.29
 0.31 0.31 0.35 0.36 0.37 0.38 0.4  0.41 0.42 0.43 0.43 0.43 0.44 0.45
 0.47 0.5  0.56 0.57 0.57 0.58 0.58 0.59 0.59 0.61 0.64 0.67 0.71 0.71
 0.73 0.73 0.74 0.74 0.75 0.9  0.93 0.94 0.94 0.95 0.95 0.97 0.99 1.12
 1.13 1.15 1.33 1.39]
var: 0.11459333333333319
| [0m18       [0m | [0m0.55     [0m | [0m0.1062   [0m | [0m8.562    [0m | [0m2.162    [0m |
[0.01 0.01 0.03 0.05 0.07 0.1  0.11 0.13 0.15 0.17 0.17 0.18 0.19 0.21
 0.21 0.22 0.23 0.24 0.25 0.26 0.27 0.29 0.29 0.31 0.32 0.32 0.32 0.39
 0.4  0.4  0.4  0.42 0.43 0.43 0.44 0.44 0.44 0.44 0.49 0.49 0.51 0.52
 0.57 0.58 0.59 0.59 0.59 0.59 0.62 0.69 0.72 0.72 0.75 0.77 0.77 0.78
 0.9  0.95 0.95 1.91]
var: 0.09444497222222246
| [0m19       [0m | [0m0.4298   [0m | [0m0.2503   [0m | [0m26.35    [0m | [0m2.564    [0m |
[0.   0.02 0.04 0.09 0.15 0.2  0.2  0.22 0.23 0.26 0.27 0.29 0.32 0.33
 0.34 0.38 0.39 0.42 0.44 0.46 0.47 0.48 0.48 0.5  0.52 0.55 0.57 0.59
 0.59 0.62 0.65 0.66 0.66 0.68 0.7  0.71 0.75 0.77 0.78 0.8  0.85 0.88
 0.91 0.97 1.03 1.04 1.11 1.12 1.15 1.17 1.3  1.36 1.36 1.43 1.64 1.66
 1.76 1.96 2.   2.15]
var: 0.263908083333333
| [0m20       [0m | [0m0.7405   [0m | [0m0.03353  [0m | [0m9.87     [0m | [0m1.186    [0m |
[0.   0.   0.   0.   0.   0.   0.   0.01 0.01 0.02 0.02 0.02 0.02 0.03
 0.03 0.03 0.03 0.04 0.06 0.06 0.08 0.08 0.08 0.09 0.1  0.1  0.1  0.13
 0.13 0.13 0.13 0.15 0.16 0.16 0.16 0.16 0.16 0.18 0.19 0.2  0.21 0.21
 0.22 0.24 0.24 0.28 0.28 0.29 0.29 0.32 0.32 0.34 0.34 0.38 0.44 0.47
 0.5  0.61 0.73 0.85]
var: 0.03285163888888891
| [0m21       [0m | [0m0.1768   [0m | [0m0.245    [0m | [0m43.46    [0m | [0m2.954    [0m |
[0.   0.   0.   0.   0.01 0.03 0.03 0.03 0.04 0.04 0.05 0.06 0.08 0.1
 0.1  0.12 0.13 0.14 0.14 0.14 0.15 0.16 0.16 0.2  0.21 0.23 0.23 0.23
 0.24 0.25 0.25 0.26 0.26 0.26 0.29 0.3  0.31 0.33 0.34 0.34 0.35 0.36
 0.36 0.36 0.38 0.4  0.42 0.42 0.42 0.48 0.48 0.51 0.52 0.57 0.61 0.63
 0.74 0.77 1.01 2.1 ]
var: 0.09938697222222231
| [0m22       [0m | [0m0.3022   [0m | [0m0.02304  [0m | [0m22.65    [0m | [0m2.844    [0m |
[0.   0.   0.   0.01 0.01 0.01 0.02 0.02 0.03 0.03 0.03 0.04 0.04 0.06
 0.06 0.07 0.07 0.08 0.09 0.09 0.09 0.1  0.1  0.13 0.14 0.16 0.18 0.18
 0.18 0.18 0.21 0.21 0.21 0.21 0.22 0.24 0.26 0.28 0.3  0.31 0.32 0.32
 0.32 0.35 0.38 0.39 0.4  0.41 0.42 0.42 0.43 0.5  0.51 0.52 0.63 0.67
 0.7  0.72 0.94 1.04]
var: 0.05504622222222217
| [0m23       [0m | [0m0.2507   [0m | [0m0.1967   [0m | [0m47.64    [0m | [0m2.058    [0m |
[0.01 0.02 0.02 0.03 0.07 0.08 0.09 0.09 0.11 0.11 0.12 0.24 0.26 0.29
 0.3  0.36 0.37 0.43 0.45 0.48 0.48 0.49 0.53 0.54 0.55 0.56 0.56 0.6
 0.61 0.64 0.66 0.68 0.69 0.69 0.69 0.72 0.72 0.72 0.74 0.74 0.76 0.84
 0.85 0.86 0.89 0.9  0.94 0.95 1.01 1.09 1.16 1.26 1.26 1.28 1.4  1.55
 1.69 1.94 1.96 2.01]
var: 0.24165122222222185
| [0m24       [0m | [0m0.6857   [0m | [0m0.1175   [0m | [0m11.89    [0m | [0m0.7396   [0m |
[0.02 0.03 0.04 0.05 0.14 0.14 0.15 0.15 0.17 0.18 0.26 0.27 0.28 0.3
 0.32 0.33 0.33 0.34 0.35 0.37 0.37 0.44 0.44 0.45 0.46 0.47 0.51 0.54
 0.55 0.56 0.58 0.59 0.6  0.6  0.61 0.63 0.64 0.64 0.66 0.66 0.67 0.69
 0.84 0.9  0.9  0.97 0.99 0.99 1.03 1.03 1.05 1.05 1.13 1.23 1.27 1.34
 1.36 1.43 1.93 3.15]
var: 0.26655030555555564
| [0m25       [0m | [0m0.6528   [0m | [0m0.106    [0m | [0m5.388    [0m | [0m0.6903   [0m |
[0.   0.01 0.04 0.04 0.05 0.07 0.09 0.14 0.14 0.15 0.19 0.22 0.22 0.27
 0.28 0.36 0.39 0.4  0.41 0.43 0.47 0.48 0.49 0.49 0.5  0.51 0.52 0.55
 0.55 0.59 0.6  0.62 0.63 0.64 0.68 0.74 0.75 0.79 0.82 0.86 0.87 0.9
 0.98 0.98 0.99 1.   1.03 1.05 1.05 1.07 1.21 1.22 1.33 1.39 1.45 1.66
 1.75 1.81 2.   2.29]
var: 0.27103608333333346
| [0m26       [0m | [0m0.7035   [0m | [0m0.02707  [0m | [0m9.319    [0m | [0m1.549    [0m |
[0.02 0.02 0.08 0.09 0.1  0.1  0.11 0.12 0.12 0.13 0.14 0.14 0.16 0.18
 0.18 0.18 0.21 0.21 0.22 0.24 0.25 0.27 0.28 0.29 0.29 0.3  0.34 0.35
 0.35 0.37 0.38 0.39 0.4  0.4  0.41 0.44 0.47 0.47 0.48 0.49 0.5  0.52
 0.52 0.55 0.56 0.57 0.6  0.61 0.61 0.65 0.66 0.72 0.76 0.85 0.86 0.93
 1.03 1.22 1.25 1.6 ]
var: 0.1009289999999999
| [0m27       [0m | [0m0.429    [0m | [0m0.1933   [0m | [0m19.14    [0m | [0m1.853    [0m |
[0.36 0.4  0.41 0.44 0.48 0.51 0.51 0.53 0.56 0.56 0.57 0.58 0.6  0.61
 0.65 0.65 0.65 0.66 0.67 0.69 0.7  0.72 0.77 0.78 0.78 0.78 0.87 0.87
 0.88 0.88 0.97 1.   1.02 1.04 1.05 1.06 1.07 1.08 1.08 1.08 1.12 1.17
 1.18 1.18 1.2  1.31 1.33 1.37 1.4  1.47 1.61 1.69 1.71 1.8  1.85 1.85
 1.98 2.18 2.41 2.51]
var: 0.2580560833333335
| [0m28       [0m | [0m1.032    [0m | [0m0.1647   [0m | [0m2.08     [0m | [0m0.1774   [0m |
[0.   0.01 0.03 0.03 0.05 0.11 0.11 0.14 0.14 0.18 0.19 0.19 0.2  0.24
 0.25 0.26 0.27 0.27 0.28 0.32 0.32 0.33 0.34 0.35 0.35 0.36 0.38 0.38
 0.38 0.39 0.44 0.45 0.46 0.47 0.48 0.5  0.52 0.53 0.54 0.55 0.55 0.59
 0.6  0.61 0.62 0.66 0.72 0.75 0.86 0.93 0.95 1.   1.04 1.11 1.12 1.25
 1.32 1.47 1.56 1.86]
var: 0.16324622222222204
| [0m29       [0m | [0m0.5227   [0m | [0m0.1312   [0m | [0m44.33    [0m | [0m0.7363   [0m |
[0.   0.   0.   0.   0.   0.   0.   0.   0.01 0.01 0.01 0.01 0.02 0.02
 0.03 0.03 0.03 0.04 0.04 0.06 0.06 0.06 0.07 0.08 0.08 0.08 0.08 0.09
 0.09 0.09 0.11 0.11 0.11 0.12 0.13 0.14 0.15 0.15 0.15 0.16 0.16 0.17
 0.18 0.18 0.18 0.2  0.2  0.21 0.21 0.22 0.22 0.23 0.23 0.24 0.25 0.25
 0.25 0.33 0.43 0.45]
var: 0.010841638888888953
| [0m30       [0m | [0m0.1202   [0m | [0m0.002059 [0m | [0m47.93    [0m | [0m2.934    [0m |
[0.   0.   0.   0.   0.01 0.02 0.02 0.04 0.05 0.05 0.06 0.07 0.08 0.09
 0.09 0.12 0.17 0.18 0.18 0.22 0.24 0.25 0.25 0.27 0.28 0.3  0.3  0.31
 0.33 0.34 0.34 0.36 0.37 0.38 0.41 0.42 0.42 0.47 0.48 0.51 0.52 0.52
 0.53 0.53 0.54 0.59 0.65 0.7  0.72 0.82 0.95 1.   1.15 1.15 1.17 1.22
 1.32 1.34 1.48 2.1 ]
var: 0.19318933333333332
| [0m31       [0m | [0m0.458    [0m | [0m0.1041   [0m | [0m37.7     [0m | [0m1.065    [0m |
[0.02 0.03 0.03 0.04 0.06 0.11 0.15 0.16 0.18 0.18 0.19 0.2  0.2  0.21
 0.21 0.24 0.26 0.26 0.32 0.38 0.38 0.4  0.4  0.43 0.44 0.44 0.46 0.47
 0.51 0.51 0.52 0.54 0.56 0.56 0.56 0.56 0.57 0.58 0.6  0.62 0.63 0.67
 0.68 0.69 0.7  0.74 0.74 0.81 0.82 0.85 0.9  0.9  0.96 1.1  1.14 1.18
 1.19 1.21 1.22 1.35]
var: 0.11591322222222213
| [0m32       [0m | [0m0.5337   [0m | [0m0.1773   [0m | [0m15.02    [0m | [0m0.8406   [0m |
[0.03 0.03 0.07 0.08 0.08 0.08 0.08 0.09 0.1  0.1  0.1  0.13 0.14 0.14
 0.15 0.16 0.18 0.18 0.21 0.22 0.23 0.27 0.27 0.3  0.3  0.3  0.33 0.42
 0.42 0.43 0.46 0.46 0.46 0.51 0.51 0.51 0.52 0.54 0.58 0.63 0.65 0.66
 0.66 0.69 0.7  0.75 0.76 0.76 0.81 0.83 0.87 0.89 0.92 0.93 0.96 1.06
 1.17 1.23 1.84 1.86]
var: 0.1618655555555556
| [0m33       [0m | [0m0.4967   [0m | [0m0.1209   [0m | [0m45.52    [0m | [0m0.8002   [0m |
[0.01 0.01 0.04 0.06 0.06 0.13 0.15 0.16 0.17 0.17 0.18 0.18 0.18 0.21
 0.22 0.23 0.23 0.28 0.28 0.3  0.3  0.37 0.37 0.37 0.39 0.39 0.39 0.4
 0.42 0.44 0.49 0.49 0.51 0.53 0.57 0.59 0.61 0.61 0.65 0.67 0.71 0.73
 0.74 0.82 0.82 0.84 0.87 0.91 0.92 0.99 1.02 1.07 1.07 1.08 1.47 1.72
 2.12 2.13 2.67 2.96]
var: 0.37315697222222216
| [0m34       [0m | [0m0.6412   [0m | [0m0.2678   [0m | [0m18.19    [0m | [0m1.057    [0m |
[0.   0.02 0.03 0.03 0.03 0.05 0.07 0.08 0.08 0.09 0.09 0.1  0.11 0.12
 0.17 0.17 0.18 0.18 0.19 0.21 0.22 0.23 0.23 0.25 0.26 0.28 0.29 0.29
 0.29 0.31 0.31 0.32 0.32 0.34 0.39 0.41 0.42 0.43 0.44 0.46 0.47 0.47
 0.52 0.59 0.61 0.64 0.64 0.65 0.68 0.72 0.74 0.78 0.86 0.87 0.9  0.93
 0.99 1.04 1.25 1.32]
var: 0.10189288888888869
| [0m35       [0m | [0m0.4027   [0m | [0m0.0478   [0m | [0m27.86    [0m | [0m2.132    [0m |
[0.   0.   0.   0.   0.   0.07 0.08 0.08 0.09 0.11 0.13 0.14 0.14 0.16
 0.18 0.18 0.18 0.2  0.22 0.25 0.25 0.34 0.36 0.38 0.39 0.39 0.39 0.39
 0.4  0.4  0.44 0.45 0.45 0.45 0.48 0.48 0.51 0.52 0.53 0.54 0.55 0.56
 0.57 0.57 0.57 0.58 0.59 0.64 0.67 0.69 0.71 0.74 0.78 0.78 0.81 0.82
 0.91 0.94 1.19 1.36]
var: 0.08700988888888889
| [0m36       [0m | [0m0.4297   [0m | [0m0.1412   [0m | [0m14.31    [0m | [0m2.898    [0m |
[0.03 0.03 0.03 0.08 0.09 0.1  0.11 0.11 0.13 0.13 0.14 0.17 0.18 0.2
 0.21 0.22 0.23 0.23 0.23 0.23 0.24 0.25 0.26 0.27 0.33 0.34 0.34 0.35
 0.35 0.36 0.36 0.39 0.43 0.45 0.45 0.46 0.47 0.48 0.5  0.53 0.6  0.61
 0.62 0.62 0.62 0.62 0.68 0.69 0.71 0.71 0.72 0.78 0.8  0.82 0.9  0.9
 0.99 1.01 1.06 1.12]
var: 0.08128808333333296
| [0m37       [0m | [0m0.4345   [0m | [0m0.0631   [0m | [0m1.466    [0m | [0m1.739    [0m |
[0.   0.   0.   0.03 0.04 0.05 0.06 0.06 0.07 0.08 0.08 0.1  0.11 0.13
 0.14 0.16 0.17 0.17 0.18 0.18 0.2  0.22 0.24 0.24 0.25 0.26 0.26 0.27
 0.28 0.29 0.29 0.31 0.35 0.36 0.37 0.38 0.39 0.46 0.46 0.47 0.48 0.52
 0.54 0.54 0.54 0.55 0.55 0.55 0.57 0.57 0.61 0.61 0.66 0.66 0.88 1.02
 1.06 1.08 1.12 1.36]
var: 0.09341697222222223
| [0m38       [0m | [0m0.3772   [0m | [0m0.0155   [0m | [0m40.14    [0m | [0m1.64     [0m |
[0.   0.12 0.22 0.23 0.28 0.36 0.37 0.41 0.5  0.51 0.53 0.56 0.63 0.64
 0.65 0.67 0.68 0.69 0.7  0.73 0.75 0.77 0.78 0.78 0.82 0.85 0.87 0.92
 1.   1.04 1.04 1.05 1.06 1.1  1.1  1.11 1.15 1.19 1.22 1.28 1.31 1.34
 1.37 1.37 1.39 1.4  1.41 1.41 1.42 1.51 1.6  1.63 1.65 1.66 1.72 1.75
 2.01 2.02 2.29 2.6 ]
var: 0.28997433333333333
| [0m39       [0m | [0m1.037    [0m | [0m0.03375  [0m | [0m34.65    [0m | [0m0.4315   [0m |
[0.   0.02 0.04 0.06 0.06 0.1  0.1  0.16 0.17 0.17 0.21 0.22 0.22 0.23
 0.3  0.3  0.31 0.31 0.31 0.33 0.33 0.33 0.34 0.34 0.36 0.37 0.38 0.39
 0.39 0.41 0.41 0.42 0.42 0.42 0.47 0.49 0.5  0.55 0.56 0.58 0.6  0.62
 0.63 0.63 0.66 0.69 0.81 0.83 0.87 0.88 0.91 0.94 0.95 0.95 0.96 0.99
 1.03 1.19 1.32 1.54]
var: 0.11386822222222197
| [0m40       [0m | [0m0.5013   [0m | [0m0.04193  [0m | [0m9.361    [0m | [0m2.959    [0m |
[0.   0.   0.   0.   0.   0.   0.01 0.01 0.02 0.02 0.03 0.03 0.03 0.03
 0.04 0.05 0.05 0.05 0.05 0.05 0.06 0.06 0.06 0.07 0.07 0.07 0.09 0.12
 0.14 0.14 0.15 0.16 0.17 0.18 0.18 0.19 0.19 0.19 0.22 0.22 0.24 0.27
 0.28 0.28 0.31 0.31 0.31 0.32 0.34 0.35 0.35 0.36 0.38 0.38 0.4  0.41
 0.41 0.45 0.45 0.57]
var: 0.02239363888888896
| [0m41       [0m | [0m0.1728   [0m | [0m0.1606   [0m | [0m46.5     [0m | [0m2.572    [0m |
[0.   0.03 0.04 0.07 0.1  0.12 0.13 0.14 0.15 0.15 0.16 0.18 0.21 0.21
 0.21 0.21 0.26 0.26 0.27 0.28 0.29 0.31 0.31 0.32 0.32 0.33 0.33 0.37
 0.37 0.38 0.39 0.42 0.44 0.45 0.46 0.46 0.47 0.47 0.47 0.48 0.49 0.51
 0.52 0.57 0.59 0.63 0.68 0.68 0.75 0.78 0.79 0.86 0.92 0.94 0.96 1.
 1.04 1.11 1.85 1.94]
var: 0.1430369722222221
| [0m42       [0m | [0m0.4772   [0m | [0m1e-08    [0m | [0m3.24     [0m | [0m0.001    [0m |
[0.   0.   0.01 0.01 0.01 0.02 0.03 0.03 0.04 0.06 0.07 0.08 0.08 0.08
 0.09 0.1  0.11 0.12 0.12 0.13 0.13 0.14 0.14 0.14 0.15 0.15 0.17 0.19
 0.21 0.23 0.23 0.24 0.24 0.25 0.25 0.25 0.26 0.26 0.27 0.28 0.3  0.3
 0.32 0.32 0.33 0.34 0.34 0.37 0.38 0.41 0.41 0.42 0.48 0.51 0.58 0.6
 0.6  0.77 0.83 1.06]
var: 0.045559555555555756
| [0m43       [0m | [0m0.2507   [0m | [0m0.2973   [0m | [0m36.63    [0m | [0m2.752    [0m |
[0.02 0.09 0.13 0.14 0.19 0.2  0.24 0.26 0.29 0.3  0.34 0.36 0.41 0.43
 0.45 0.48 0.49 0.5  0.5  0.51 0.52 0.52 0.54 0.54 0.58 0.59 0.59 0.62
 0.64 0.64 0.65 0.7  0.73 0.74 0.77 0.86 0.89 0.92 0.94 1.01 1.01 1.03
 1.06 1.06 1.08 1.18 1.19 1.2  1.21 1.35 1.46 1.55 1.62 1.62 1.79 1.91
 2.16 2.23 2.23 3.21]
var: 0.3851203055555557
| [0m44       [0m | [0m0.8578   [0m | [0m0.1187   [0m | [0m24.11    [0m | [0m0.407    [0m |
[0.23 0.36 0.44 0.53 0.54 0.56 0.56 0.58 0.59 0.67 0.69 0.7  0.72 0.75
 0.79 0.82 0.86 0.86 0.88 0.89 0.95 0.96 0.97 0.97 0.99 1.01 1.05 1.06
 1.06 1.12 1.13 1.19 1.19 1.21 1.23 1.3  1.33 1.36 1.42 1.5  1.55 1.59
 1.63 1.7  1.73 1.75 1.78 1.91 2.04 2.07 2.08 2.31 2.33 2.36 2.37 2.48
 2.54 2.62 3.06 3.19]
var: 0.4807160833333331
| [0m45       [0m | [0m1.319    [0m | [0m0.08604  [0m | [0m2.802    [0m | [0m0.1075   [0m |
[0.09 0.11 0.11 0.18 0.24 0.27 0.28 0.34 0.38 0.51 0.55 0.55 0.56 0.56
 0.59 0.59 0.63 0.68 0.69 0.77 0.82 0.85 0.89 0.9  0.92 0.95 0.97 1.02
 1.03 1.03 1.04 1.06 1.13 1.13 1.16 1.18 1.2  1.24 1.29 1.3  1.3  1.32
 1.33 1.34 1.35 1.4  1.45 1.47 1.49 1.59 1.66 1.8  1.88 1.89 1.97 2.4
 2.75 2.9  2.97 3.37]
var: 0.5042465555555548
| [0m46       [0m | [0m1.124    [0m | [0m0.05305  [0m | [0m40.13    [0m | [0m0.4032   [0m |
[0.   0.02 0.03 0.04 0.04 0.09 0.11 0.13 0.15 0.16 0.18 0.19 0.19 0.2
 0.2  0.23 0.24 0.24 0.25 0.33 0.34 0.35 0.36 0.41 0.41 0.44 0.44 0.44
 0.45 0.47 0.48 0.48 0.48 0.49 0.49 0.51 0.52 0.54 0.57 0.58 0.59 0.61
 0.61 0.63 0.64 0.64 0.69 0.69 0.72 0.73 0.74 0.79 0.81 0.82 0.91 0.99
 1.12 1.22 1.46 1.68]
var: 0.1154495555555554
| [0m47       [0m | [0m0.4893   [0m | [0m0.1538   [0m | [0m5.818    [0m | [0m0.5666   [0m |
[0.2  0.24 0.36 0.47 0.49 0.5  0.55 0.62 0.62 0.64 0.67 0.68 0.71 0.78
 0.8  0.88 0.95 1.06 1.06 1.1  1.11 1.18 1.2  1.23 1.29 1.42 1.57 1.58
 1.59 1.65 1.7  1.71 1.74 1.78 1.81 1.85 1.86 1.93 1.97 1.98 2.01 2.03
 2.03 2.07 2.09 2.14 2.19 2.25 2.28 2.58 2.83 2.83 2.85 3.14 3.47 4.08
 4.12 4.16 4.24 4.39]
var: 1.1157249722222216
| [0m48       [0m | [0m1.722    [0m | [0m0.01349  [0m | [0m2.862    [0m | [0m0.07581  [0m |
[0.16 0.2  0.21 0.22 0.25 0.33 0.37 0.39 0.41 0.48 0.49 0.51 0.52 0.52
 0.57 0.63 0.65 0.73 0.75 0.76 0.79 0.81 0.85 0.86 0.97 0.98 0.98 1.04
 1.05 1.05 1.1  1.11 1.11 1.12 1.12 1.19 1.24 1.26 1.27 1.33 1.34 1.41
 1.48 1.48 1.52 1.54 1.55 1.58 1.6  1.6  1.62 1.67 1.71 1.73 1.78 1.85
 2.01 2.06 2.32 2.43]
var: 0.30912788888888887
| [0m49       [0m | [0m1.078    [0m | [0m0.06684  [0m | [0m2.773    [0m | [0m0.1988   [0m |
[0.   0.01 0.02 0.02 0.04 0.04 0.05 0.08 0.09 0.1  0.1  0.12 0.14 0.14
 0.14 0.15 0.15 0.15 0.16 0.16 0.2  0.21 0.22 0.24 0.25 0.26 0.31 0.32
 0.35 0.36 0.37 0.37 0.38 0.38 0.38 0.4  0.41 0.41 0.42 0.46 0.48 0.48
 0.48 0.5  0.5  0.5  0.51 0.51 0.52 0.52 0.57 0.62 0.65 0.73 0.77 0.78
 0.86 0.86 0.87 1.35]
var: 0.07052322222222222
| [0m50       [0m | [0m0.3603   [0m | [0m0.1683   [0m | [0m26.98    [0m | [0m2.458    [0m |
[0.31 0.36 0.37 0.42 0.42 0.46 0.47 0.49 0.5  0.53 0.56 0.56 0.59 0.6
 0.62 0.62 0.62 0.63 0.63 0.68 0.74 0.74 0.74 0.76 0.8  0.83 0.85 0.86
 0.86 0.89 0.9  0.9  0.92 0.93 0.94 0.94 0.94 0.95 0.96 0.98 0.99 1.02
 1.02 1.04 1.04 1.08 1.1  1.14 1.14 1.27 1.34 1.43 1.47 1.52 1.74 1.77
 1.77 1.81 1.89 3.12]
var: 0.2272936388888889
| [0m51       [0m | [0m0.9428   [0m | [0m0.245    [0m | [0m49.54    [0m | [0m0.1794   [0m |
[0.   0.23 0.32 0.32 0.33 0.35 0.36 0.42 0.42 0.46 0.47 0.48 0.49 0.49
 0.52 0.52 0.58 0.6  0.67 0.68 0.73 0.74 0.75 0.76 0.77 0.77 0.77 0.8
 0.84 0.87 0.9  0.92 0.92 0.94 0.94 1.01 1.01 1.05 1.09 1.1  1.14 1.16
 1.19 1.22 1.23 1.28 1.3  1.34 1.35 1.36 1.38 1.5  1.52 1.62 1.77 1.81
 1.84 1.86 2.02 2.23]
var: 0.23680163888888917
| [0m52       [0m | [0m0.9418   [0m | [0m0.05116  [0m | [0m2.844    [0m | [0m0.04972  [0m |
[0.13 0.18 0.21 0.31 0.33 0.37 0.38 0.41 0.42 0.43 0.51 0.53 0.54 0.55
 0.55 0.57 0.58 0.58 0.58 0.58 0.6  0.62 0.63 0.64 0.65 0.66 0.68 0.68
 0.68 0.76 0.77 0.78 0.8  0.84 0.92 0.93 0.98 0.99 0.99 1.06 1.09 1.1
 1.1  1.11 1.13 1.21 1.22 1.3  1.37 1.37 1.41 1.51 1.53 1.54 1.61 1.66
 1.76 1.91 2.02 3.66]
var: 0.32536497222222266
| [0m53       [0m | [0m0.9168   [0m | [0m0.1224   [0m | [0m2.079    [0m | [0m0.1985   [0m |
[0.37 0.39 0.42 0.44 0.5  0.51 0.54 0.57 0.59 0.59 0.59 0.76 0.77 0.79
 0.81 0.82 0.84 0.92 0.93 0.93 1.03 1.04 1.07 1.14 1.17 1.21 1.25 1.26
 1.29 1.33 1.36 1.38 1.38 1.39 1.39 1.39 1.45 1.52 1.52 1.57 1.78 1.79
 1.85 1.87 1.9  1.91 1.94 1.95 2.09 2.13 2.13 2.44 2.74 2.79 2.85 3.15
 3.61 4.13 4.53 5.54]
var: 1.0653223333333333
| [0m54       [0m | [0m1.539    [0m | [0m0.07424  [0m | [0m24.09    [0m | [0m0.3081   [0m |
[0.43 0.5  0.62 0.64 0.7  0.71 0.73 0.73 0.82 0.93 0.95 0.98 1.04 1.06
 1.07 1.09 1.09 1.09 1.1  1.14 1.22 1.26 1.33 1.34 1.34 1.36 1.36 1.37
 1.41 1.43 1.47 1.48 1.56 1.56 1.58 1.58 1.58 1.65 1.69 1.71 1.75 1.79
 1.83 1.86 1.87 1.95 1.98 1.98 2.   2.03 2.12 2.13 2.2  2.65 2.71 2.92
 3.27 3.94 4.56 5.29]
var: 0.8154714166666662
| [0m55       [0m | [0m1.626    [0m | [0m0.01566  [0m | [0m24.09    [0m | [0m0.3097   [0m |
[0.08 0.17 0.32 0.43 0.51 0.51 0.52 0.55 0.57 0.59 0.62 0.63 0.66 0.69
 0.69 0.69 0.75 0.87 0.93 1.07 1.11 1.11 1.13 1.14 1.14 1.16 1.23 1.23
 1.26 1.29 1.35 1.42 1.48 1.5  1.51 1.56 1.56 1.57 1.65 1.67 1.72 1.8
 1.85 1.86 1.87 1.95 2.03 2.03 2.05 2.09 2.28 2.37 2.4  2.5  2.53 2.64
 2.93 3.23 3.47 3.55]
var: 0.6501880833333339
| [0m56       [0m | [0m1.435    [0m | [0m0.01593  [0m | [0m24.03    [0m | [0m0.3341   [0m |
[0.02 0.09 0.14 0.15 0.17 0.2  0.22 0.24 0.29 0.4  0.42 0.43 0.47 0.48
 0.53 0.54 0.56 0.58 0.58 0.61 0.61 0.65 0.66 0.75 0.77 0.77 0.81 0.83
 0.83 0.85 0.86 0.89 0.92 0.93 0.94 0.96 1.03 1.04 1.05 1.08 1.12 1.15
 1.19 1.22 1.24 1.4  1.42 1.47 1.49 1.56 1.56 1.57 1.58 1.63 1.76 1.83
 1.92 2.03 2.35 5.19]
var: 0.581770305555555
| [0m57       [0m | [0m0.9838   [0m | [0m0.1337   [0m | [0m2.095    [0m | [0m0.1984   [0m |
[0.09 0.17 0.2  0.23 0.24 0.29 0.3  0.31 0.34 0.37 0.4  0.42 0.48 0.5
 0.51 0.54 0.58 0.6  0.6  0.67 0.68 0.69 0.7  0.7  0.72 0.75 0.75 0.76
 0.82 0.82 0.82 0.83 0.84 0.94 1.01 1.04 1.04 1.12 1.17 1.2  1.23 1.31
 1.35 1.39 1.4  1.44 1.47 1.54 1.69 1.71 1.78 1.82 1.82 1.83 2.12 2.14
 2.15 2.21 2.41 2.47]
var: 0.3863748888888882
| [0m58       [0m | [0m1.009    [0m | [0m0.07804  [0m | [0m2.879    [0m | [0m0.2137   [0m |
[0.21 0.23 0.39 0.41 0.55 0.55 0.58 0.58 0.59 0.6  0.61 0.64 0.67 0.7
 0.72 0.76 0.77 0.78 0.78 0.79 0.81 0.83 0.93 0.98 1.02 1.05 1.05 1.07
 1.07 1.14 1.26 1.28 1.28 1.33 1.33 1.35 1.42 1.43 1.44 1.46 1.51 1.64
 1.66 1.67 1.7  1.7  1.78 1.81 1.82 1.9  1.93 1.97 2.01 2.07 2.13 2.17
 2.26 2.37 2.88 3.47]
var: 0.4343183055555548
| [0m59       [0m | [0m1.265    [0m | [0m0.05057  [0m | [0m24.11    [0m | [0m0.2427   [0m |
[0.1  0.69 0.78 0.85 1.03 1.04 1.04 1.05 1.13 1.25 1.35 1.37 1.39 1.49
 1.54 1.55 1.61 1.63 1.63 1.64 1.67 1.69 1.7  1.84 1.84 1.91 1.99 2.01
 2.01 2.04 2.24 2.29 2.32 2.32 2.34 2.36 2.46 2.57 2.58 2.6  2.65 2.73
 2.74 2.74 2.83 2.87 2.88 2.88 2.99 3.26 3.26 3.27 3.3  3.39 3.61 4.68
 4.72 4.89 4.97 6.95]
var: 1.4215643055555554
| [95m60       [0m | [95m2.309    [0m | [95m0.002394 [0m | [95m2.997    [0m | [95m0.1084   [0m |
[0.35 0.41 0.47 0.48 0.49 0.57 0.62 0.64 0.65 0.67 0.74 0.75 0.75 0.76
 0.78 0.78 0.79 0.85 0.92 0.96 1.01 1.02 1.03 1.03 1.05 1.06 1.09 1.11
 1.11 1.12 1.14 1.17 1.2  1.21 1.34 1.42 1.44 1.44 1.47 1.48 1.5  1.68
 1.73 1.76 1.79 1.87 1.92 1.92 1.96 1.96 2.32 2.4  2.48 2.49 2.58 2.62
 3.07 3.21 3.72 4.19]
var: 0.6782056666666658
| [0m61       [0m | [0m1.409    [0m | [0m0.05013  [0m | [0m3.056    [0m | [0m0.08725  [0m |
[0.01 0.02 0.04 0.06 0.08 0.1  0.1  0.13 0.13 0.15 0.2  0.21 0.22 0.23
 0.23 0.25 0.28 0.33 0.34 0.34 0.36 0.36 0.37 0.37 0.38 0.4  0.41 0.44
 0.47 0.48 0.49 0.5  0.51 0.51 0.52 0.53 0.54 0.57 0.6  0.6  0.64 0.65
 0.65 0.66 0.74 0.76 0.78 0.81 0.83 0.9  0.99 1.   1.02 1.06 1.1  1.17
 1.24 1.31 1.41 2.43]
var: 0.17739497222222234
| [0m62       [0m | [0m0.5502   [0m | [0m0.1407   [0m | [0m20.58    [0m | [0m1.081    [0m |
[0.   0.   0.   0.   0.   0.   0.   0.   0.   0.   0.   0.   0.   0.
 0.   0.   0.   0.   0.   0.   0.   0.   0.   0.   0.   0.   0.   0.
 0.   0.   0.   0.   0.   0.   0.   0.   0.   0.   0.   0.   0.   0.
 0.   0.   0.   0.   0.   0.   0.   0.   0.   0.   0.   0.   0.   0.01
 0.02 0.04 0.06 0.06]
var: 0.00014497222222223112
| [0m63       [0m | [0m0.003167 [0m | [0m0.00817  [0m | [0m3.059    [0m | [0m0.003568 [0m |
[0.12 0.54 0.54 0.56 0.67 0.73 0.78 0.79 0.8  0.84 0.85 0.9  1.   1.02
 1.05 1.17 1.19 1.21 1.21 1.21 1.22 1.29 1.33 1.33 1.35 1.37 1.39 1.41
 1.44 1.45 1.45 1.48 1.53 1.54 1.54 1.55 1.66 1.68 1.74 1.76 1.76 1.78
 1.79 1.8  1.85 1.92 1.92 1.99 2.01 2.02 2.03 2.06 2.11 2.12 2.19 2.19
 2.23 2.87 3.09 3.25]
var: 0.3681714166666666
| [0m64       [0m | [0m1.495    [0m | [0m0.03475  [0m | [0m24.03    [0m | [0m0.228    [0m |
[0.   0.01 0.02 0.02 0.03 0.04 0.04 0.04 0.05 0.05 0.06 0.07 0.07 0.09
 0.11 0.11 0.13 0.15 0.15 0.22 0.26 0.31 0.37 0.37 0.41 0.44 0.47 0.52
 0.54 0.54 0.54 0.56 0.58 0.59 0.63 0.65 0.71 0.72 0.73 0.73 0.77 0.79
 0.88 0.88 0.89 0.89 0.9  0.96 0.96 0.99 1.   1.01 1.1  1.14 1.18 1.29
 1.32 1.33 1.71 2.06]
var: 0.2169332222222222
| [0m65       [0m | [0m0.5697   [0m | [0m0.1262   [0m | [0m30.89    [0m | [0m0.6379   [0m |
[0.11 0.17 0.22 0.25 0.26 0.27 0.27 0.28 0.31 0.32 0.33 0.37 0.38 0.41
 0.46 0.46 0.46 0.47 0.49 0.51 0.6  0.61 0.63 0.67 0.71 0.72 0.73 0.73
 0.74 0.77 0.77 0.79 0.79 0.81 0.89 0.95 0.95 1.   1.02 1.03 1.05 1.05
 1.12 1.16 1.24 1.24 1.3  1.31 1.33 1.34 1.41 1.42 1.69 1.75 2.16 2.43
 2.44 2.53 2.81 3.78]
var: 0.5129647500000002
| [0m66       [0m | [0m0.9545   [0m | [0m0.08476  [0m | [0m4.867    [0m | [0m0.367    [0m |
[0.   0.   0.   0.01 0.03 0.06 0.08 0.09 0.09 0.1  0.15 0.17 0.17 0.19
 0.19 0.2  0.21 0.22 0.26 0.27 0.27 0.27 0.28 0.28 0.29 0.29 0.29 0.31
 0.31 0.32 0.34 0.34 0.36 0.36 0.37 0.38 0.39 0.4  0.4  0.43 0.45 0.46
 0.46 0.47 0.47 0.49 0.52 0.57 0.62 0.65 0.66 0.67 0.68 0.74 1.02 1.02
 1.1  1.3  1.31 1.32]
var: 0.10106875000000029
| [0m67       [0m | [0m0.4025   [0m | [0m0.2456   [0m | [0m27.03    [0m | [0m2.419    [0m |
[0.13 0.36 0.5  0.54 0.55 0.63 0.63 0.68 0.72 0.74 0.74 0.84 0.86 0.9
 0.95 1.   1.02 1.11 1.13 1.25 1.33 1.33 1.42 1.44 1.45 1.45 1.52 1.52
 1.56 1.56 1.63 1.65 1.66 1.67 1.69 1.75 1.79 1.81 1.82 1.82 1.93 1.95
 2.05 2.15 2.17 2.2  2.28 2.31 2.38 2.4  2.45 2.54 2.65 2.69 2.72 2.78
 2.94 3.14 3.29 3.61]
var: 0.6184765555555548
| [0m68       [0m | [0m1.63     [0m | [0m0.009641 [0m | [0m2.986    [0m | [0m0.2302   [0m |
[0.07 0.28 0.44 0.52 0.66 0.68 0.71 0.8  0.83 0.83 0.83 0.92 0.96 1.
 1.04 1.05 1.18 1.22 1.23 1.25 1.28 1.31 1.35 1.38 1.44 1.45 1.47 1.48
 1.49 1.51 1.55 1.56 1.56 1.69 1.69 1.7  1.75 1.8  1.85 1.86 1.88 1.9
 1.94 1.98 2.05 2.14 2.17 2.2  2.23 2.34 2.45 2.52 2.56 2.59 2.76 2.77
 3.11 3.55 3.65 4.65]
var: 0.7124883055555558
| [0m69       [0m | [0m1.652    [0m | [0m0.01754  [0m | [0m23.95    [0m | [0m0.2825   [0m |
[0.   0.   0.   0.   0.01 0.04 0.04 0.05 0.06 0.07 0.09 0.09 0.1  0.13
 0.14 0.14 0.14 0.14 0.15 0.15 0.18 0.18 0.19 0.22 0.22 0.23 0.23 0.24
 0.25 0.3  0.32 0.33 0.33 0.33 0.33 0.35 0.36 0.37 0.38 0.38 0.39 0.42
 0.42 0.42 0.45 0.46 0.48 0.49 0.51 0.52 0.52 0.53 0.55 0.55 0.56 0.6
 0.6  1.08 1.27 2.38]
var: 0.1277223333333336
| [0m70       [0m | [0m0.341    [0m | [0m0.2851   [0m | [0m45.39    [0m | [0m2.155    [0m |
[0.   0.   0.05 0.07 0.08 0.2  0.24 0.26 0.3  0.3  0.32 0.46 0.52 0.56
 0.61 0.62 0.69 0.73 0.75 0.79 0.79 0.8  0.85 0.91 0.92 0.92 0.98 1.05
 1.07 1.08 1.18 1.19 1.21 1.24 1.28 1.32 1.36 1.37 1.42 1.48 1.52 1.66
 1.79 1.81 1.84 1.86 1.88 2.03 2.12 2.28 2.34 2.34 2.43 2.5  2.54 3.
 3.64 3.86 4.82 5.48]
var: 1.2441483055555553
| [0m71       [0m | [0m1.362    [0m | [0m1e-08    [0m | [0m23.93    [0m | [0m0.2043   [0m |
[0.21 0.33 0.44 0.44 0.51 0.52 0.59 0.61 0.62 0.63 0.73 0.8  0.81 0.82
 0.84 0.88 0.89 0.92 0.95 0.96 1.02 1.21 1.24 1.26 1.29 1.35 1.49 1.5
 1.5  1.59 1.59 1.64 1.64 1.64 1.65 1.67 1.67 1.67 1.67 1.69 1.71 1.86
 1.88 1.91 1.95 1.96 2.04 2.04 2.04 2.06 2.18 2.24 2.3  2.36 2.77 3.
 3.   3.14 3.15 3.61]
var: 0.5953248888888888
| [0m72       [0m | [0m1.511    [0m | [0m0.01775  [0m | [0m2.979    [0m | [0m0.1335   [0m |
[0.3  0.31 0.33 0.33 0.35 0.36 0.39 0.41 0.42 0.45 0.53 0.54 0.58 0.59
 0.59 0.61 0.69 0.73 0.78 0.99 1.06 1.06 1.1  1.12 1.19 1.24 1.25 1.26
 1.26 1.29 1.29 1.34 1.36 1.43 1.51 1.58 1.63 1.65 1.72 1.79 1.85 1.94
 2.02 2.07 2.17 2.21 2.21 2.28 2.32 2.36 2.54 2.62 3.   3.11 3.19 3.61
 3.94 3.94 4.28 5.22]
var: 1.2246994166666654
| [0m73       [0m | [0m1.572    [0m | [0m0.03774  [0m | [0m2.988    [0m | [0m0.1005   [0m |
[0.   0.   0.   0.   0.02 0.05 0.08 0.09 0.1  0.21 0.24 0.24 0.26 0.32
 0.33 0.35 0.36 0.39 0.43 0.43 0.43 0.45 0.46 0.48 0.5  0.51 0.52 0.53
 0.53 0.56 0.57 0.64 0.65 0.65 0.67 0.68 0.71 0.81 0.86 0.87 0.87 0.93
 0.94 0.95 1.03 1.03 1.03 1.06 1.14 1.18 1.3  1.36 1.49 1.52 1.6  1.61
 1.66 1.87 1.98 2.08]
var: 0.27899830555555555
| [0m74       [0m | [0m0.7102   [0m | [0m0.008163 [0m | [0m7.37     [0m | [0m1.731    [0m |
[0.03 0.03 0.05 0.06 0.11 0.12 0.13 0.13 0.16 0.16 0.17 0.18 0.2  0.21
 0.22 0.26 0.27 0.27 0.27 0.28 0.28 0.28 0.3  0.32 0.32 0.33 0.39 0.45
 0.46 0.47 0.52 0.54 0.54 0.54 0.56 0.56 0.56 0.57 0.58 0.58 0.61 0.62
 0.65 0.68 0.71 0.8  0.81 0.84 0.91 0.97 1.05 1.06 1.16 1.16 1.2  1.37
 1.48 1.53 1.78 1.94]
var: 0.19489163888888886
| [0m75       [0m | [0m0.5632   [0m | [0m0.0697   [0m | [0m5.039    [0m | [0m0.5891   [0m |
[0.08 0.31 0.34 0.37 0.43 0.52 0.53 0.55 0.61 0.64 0.82 0.82 0.93 1.
 1.02 1.07 1.12 1.16 1.18 1.18 1.2  1.21 1.21 1.24 1.26 1.28 1.32 1.32
 1.37 1.38 1.47 1.48 1.5  1.54 1.61 1.71 1.71 1.73 1.73 1.81 1.85 1.89
 1.9  1.94 2.06 2.09 2.15 2.18 2.29 2.32 2.46 2.63 2.66 2.85 2.97 3.08
 3.11 3.36 4.18 4.29]
var: 0.8109598888888885
| [0m76       [0m | [0m1.6      [0m | [0m0.01763  [0m | [0m2.973    [0m | [0m0.09003  [0m |
[0.   0.04 0.05 0.09 0.1  0.1  0.12 0.15 0.15 0.19 0.2  0.23 0.26 0.27
 0.32 0.32 0.33 0.34 0.34 0.4  0.4  0.44 0.45 0.48 0.49 0.59 0.59 0.63
 0.64 0.65 0.65 0.68 0.72 0.75 0.77 0.8  0.85 0.87 0.94 0.95 0.98 1.01
 1.01 1.02 1.02 1.05 1.08 1.12 1.17 1.21 1.26 1.33 1.34 1.36 1.38 1.49
 1.64 1.8  2.4  3.03]
var: 0.33510622222222225
| [0m77       [0m | [0m0.7507   [0m | [0m0.0196   [0m | [0m16.54    [0m | [0m1.59     [0m |
[0.   0.   0.   0.   0.01 0.01 0.02 0.03 0.03 0.03 0.04 0.04 0.04 0.05
 0.05 0.06 0.07 0.07 0.08 0.08 0.09 0.1  0.11 0.11 0.12 0.14 0.15 0.17
 0.17 0.17 0.18 0.18 0.19 0.23 0.24 0.24 0.24 0.25 0.26 0.26 0.28 0.29
 0.29 0.3  0.3  0.34 0.36 0.38 0.39 0.41 0.43 0.45 0.45 0.48 0.51 0.52
 0.61 0.61 0.63 2.06]
var: 0.08608333333333354
| [0m78       [0m | [0m0.24     [0m | [0m0.2679   [0m | [0m36.64    [0m | [0m2.666    [0m |
[0.   0.03 0.07 0.07 0.08 0.08 0.08 0.12 0.13 0.16 0.17 0.19 0.2  0.2
 0.25 0.26 0.27 0.28 0.29 0.3  0.3  0.31 0.32 0.33 0.39 0.41 0.46 0.46
 0.49 0.5  0.53 0.54 0.54 0.55 0.55 0.57 0.57 0.6  0.61 0.64 0.65 0.66
 0.66 0.67 0.68 0.79 0.81 0.86 0.99 1.03 1.14 1.15 1.16 1.21 1.41 1.63
 1.67 1.88 2.26 2.65]
var: 0.2955078888888888
| [0m79       [0m | [0m0.6143   [0m | [0m0.2037   [0m | [0m17.69    [0m | [0m0.5795   [0m |
[0.   0.   0.05 0.07 0.08 0.08 0.1  0.1  0.15 0.16 0.16 0.16 0.18 0.18
 0.2  0.21 0.23 0.26 0.26 0.28 0.3  0.31 0.33 0.34 0.34 0.37 0.41 0.41
 0.42 0.45 0.46 0.46 0.48 0.49 0.49 0.52 0.53 0.53 0.54 0.57 0.58 0.6
 0.64 0.65 0.66 0.67 0.68 0.68 0.7  0.81 0.84 0.97 0.98 1.01 1.13 1.52
 1.52 1.81 1.87 1.88]
var: 0.19856566666666678
| [0m80       [0m | [0m0.531    [0m | [0m0.08578  [0m | [0m20.25    [0m | [0m1.815    [0m |
=============================================================
None
num_trials:  40  inits,  40  iters,  60  per
rho:  2
pthin:  0.99

Best VPT: 2.309166666666668
Best result: {'a': 0.0023941918971554297, 'g': 2.996981677999897, 's': 0.1084061562444338}

KERNEL: nu=1.5, lengthscale=2.0, alpha=0.0005
