|   iter    |  target   |     a     |     g     |     s     |
-------------------------------------------------------------
[0.   0.02 0.03 0.04 0.05 0.06 0.06 0.07 0.08 0.08 0.08 0.09 0.09 0.11
 0.11 0.13 0.14 0.16 0.17 0.17 0.2  0.22 0.25 0.25 0.27 0.29 0.29 0.29
 0.31 0.33 0.34 0.34 0.35 0.37 0.4  0.4  0.4  0.42 0.44 0.44 0.45 0.45
 0.46 0.46 0.47 0.48 0.49 0.49 0.52 0.52 0.54 0.56 0.58 0.58 0.59 0.6
 0.61 0.89 1.12 2.1 ]
var: 0.10047499999999988
| [0m1        [0m | [0m0.355    [0m | [0m0.1826   [0m | [0m41.69    [0m | [0m2.435    [0m |
[0.01 0.08 0.08 0.09 0.09 0.1  0.1  0.13 0.14 0.14 0.18 0.25 0.26 0.28
 0.3  0.35 0.38 0.39 0.43 0.46 0.51 0.53 0.53 0.55 0.6  0.61 0.62 0.66
 0.68 0.68 0.7  0.7  0.72 0.76 0.84 0.86 0.89 0.91 0.99 1.01 1.06 1.14
 1.19 1.19 1.21 1.24 1.29 1.37 1.38 1.53 1.6  1.82 1.83 1.84 1.85 2.03
 2.11 2.9  2.94 3.77]
var: 0.5920426666666664
| [95m2        [0m | [95m0.898    [0m | [95m0.04965  [0m | [95m7.073    [0m | [95m2.511    [0m |
[0.   0.   0.   0.01 0.01 0.05 0.05 0.05 0.06 0.09 0.09 0.1  0.1  0.13
 0.14 0.14 0.15 0.17 0.19 0.19 0.19 0.19 0.2  0.24 0.24 0.25 0.26 0.26
 0.26 0.27 0.28 0.29 0.35 0.36 0.38 0.42 0.45 0.46 0.53 0.53 0.55 0.56
 0.6  0.69 0.72 0.75 0.75 0.76 0.78 0.81 0.83 0.84 0.89 1.03 1.08 1.14
 2.24 2.33]
var: 0.2139340071343637
| [0m3        [0m | [0m0.4393   [0m | [0m0.09095  [0m | [0m13.27    [0m | [0m0.2252   [0m |
[0.   0.   0.01 0.01 0.02 0.02 0.02 0.02 0.02 0.02 0.03 0.03 0.04 0.04
 0.05 0.06 0.06 0.07 0.07 0.07 0.07 0.08 0.08 0.08 0.08 0.09 0.09 0.09
 0.1  0.11 0.12 0.12 0.12 0.13 0.14 0.14 0.15 0.16 0.16 0.17 0.17 0.2
 0.23 0.24 0.24 0.26 0.26 0.28 0.29 0.3  0.3  0.36 0.37 0.38 0.39 0.47
 0.49 0.54 0.69 0.74]
var: 0.02751899999999993
| [0m4        [0m | [0m0.169    [0m | [0m0.07315  [0m | [0m43.54    [0m | [0m0.2439   [0m |
[0.   0.01 0.01 0.01 0.03 0.03 0.04 0.05 0.05 0.06 0.07 0.07 0.08 0.08
 0.08 0.09 0.09 0.09 0.1  0.11 0.13 0.15 0.15 0.16 0.17 0.17 0.18 0.18
 0.19 0.19 0.2  0.2  0.2  0.21 0.22 0.22 0.23 0.23 0.25 0.26 0.28 0.29
 0.29 0.31 0.31 0.32 0.32 0.34 0.46 0.46 0.46 0.47 0.47 0.48 0.5  0.54
 0.55 0.55 0.62 0.72]
var: 0.03029322222222224
| [0m5        [0m | [0m0.2297   [0m | [0m0.2186   [0m | [0m49.68    [0m | [0m2.676    [0m |
[0.   0.   0.02 0.03 0.03 0.06 0.06 0.08 0.1  0.11 0.12 0.15 0.15 0.17
 0.17 0.17 0.18 0.19 0.2  0.2  0.21 0.21 0.21 0.22 0.22 0.22 0.25 0.25
 0.26 0.29 0.33 0.34 0.36 0.37 0.38 0.41 0.41 0.42 0.42 0.44 0.44 0.45
 0.48 0.48 0.5  0.5  0.55 0.55 0.55 0.55 0.57 0.57 0.59 0.7  0.7  0.85
 0.89 0.94 0.95 1.12]
var: 0.06524455555555571
| [0m6        [0m | [0m0.3557   [0m | [0m0.1067   [0m | [0m35.25    [0m | [0m2.719    [0m |
[0.04 0.05 0.07 0.09 0.09 0.11 0.13 0.14 0.16 0.16 0.16 0.17 0.17 0.21
 0.24 0.27 0.28 0.3  0.3  0.31 0.32 0.32 0.33 0.34 0.38 0.39 0.4  0.41
 0.41 0.43 0.46 0.46 0.47 0.55 0.57 0.66 0.7  0.72 0.73 0.75 0.76 0.79
 0.84 0.86 0.89 0.93 1.08 1.09 1.12 1.15 1.18 1.27 1.29 1.42 1.42 1.42
 2.38 2.84 4.76]
var: 0.5790760126400454
| [0m7        [0m | [0m0.6905   [0m | [0m0.1985   [0m | [0m1.993    [0m | [0m0.9792   [0m |
[0.   0.   0.   0.   0.   0.   0.   0.   0.   0.   0.   0.   0.02 0.02
 0.02 0.02 0.03 0.04 0.04 0.04 0.05 0.06 0.06 0.06 0.07 0.07 0.09 0.1
 0.1  0.1  0.1  0.12 0.12 0.12 0.13 0.14 0.16 0.17 0.19 0.19 0.19 0.2
 0.21 0.23 0.25 0.25 0.26 0.28 0.31 0.32 0.37 0.38 0.38 0.39 0.44 0.46
 0.56 0.59 0.6 ]
var: 0.025909164033323787
| [0m8        [0m | [0m0.1542   [0m | [0m0.2833   [0m | [0m24.46    [0m | [0m0.07722  [0m |
[0.03 0.04 0.04 0.05 0.06 0.06 0.07 0.08 0.08 0.08 0.11 0.13 0.16 0.17
 0.17 0.2  0.23 0.24 0.25 0.29 0.29 0.3  0.31 0.39 0.41 0.42 0.43 0.44
 0.45 0.46 0.48 0.49 0.5  0.5  0.51 0.56 0.65 0.69 0.71 0.73 0.76 0.88
 0.92 0.96 1.06 1.07 1.08 1.17 1.27 1.3  1.3  1.34 1.36 1.47 1.6  1.74
 1.78 2.29 3.31 3.52]
var: 0.5256128888888892
| [0m9        [0m | [0m0.7073   [0m | [0m0.05914  [0m | [0m4.971    [0m | [0m2.698    [0m |
[0.01 0.02 0.02 0.04 0.05 0.07 0.08 0.09 0.12 0.12 0.12 0.13 0.14 0.14
 0.14 0.17 0.17 0.2  0.21 0.24 0.24 0.26 0.26 0.26 0.3  0.32 0.33 0.35
 0.36 0.41 0.43 0.44 0.44 0.45 0.48 0.52 0.52 0.54 0.54 0.57 0.57 0.62
 0.63 0.65 0.66 0.66 0.7  0.71 0.72 0.79 0.79 0.83 0.84 0.86 0.98 1.06
 1.45 1.6  1.73 1.79]
var: 0.16763455555555581
| [0m10       [0m | [0m0.4823   [0m | [0m0.255    [0m | [0m22.2     [0m | [0m2.461    [0m |
[0.02 0.02 0.05 0.06 0.08 0.08 0.09 0.13 0.14 0.15 0.15 0.16 0.18 0.18
 0.19 0.2  0.22 0.23 0.24 0.24 0.25 0.25 0.25 0.28 0.28 0.34 0.34 0.35
 0.35 0.35 0.35 0.36 0.37 0.37 0.42 0.43 0.43 0.46 0.46 0.48 0.48 0.49
 0.49 0.5  0.55 0.56 0.57 0.58 0.59 0.62 0.64 0.74 0.76 0.81 0.81 0.86
 0.91 1.11 1.29]
var: 0.07134329215742592
| [0m11       [0m | [0m0.3956   [0m | [0m0.1752   [0m | [0m32.13    [0m | [0m1.079    [0m |
[0.03 0.06 0.26 0.32 0.47 0.52 0.59 0.6  0.62 0.65 0.74 0.77 0.88 0.89
 0.96 0.99 1.   1.03 1.03 1.04 1.06 1.07 1.1  1.13 1.13 1.18 1.18 1.2
 1.22 1.23 1.29 1.32 1.37 1.46 1.46 1.49 1.56 1.61 1.64 1.64 1.77 1.92
 1.96 1.96 2.05 2.09 2.1  2.12 2.17 2.37 2.51 2.56 2.73 2.74 2.75 2.97
 3.06 3.2  3.25 5.1 ]
var: 0.8427847500000001
| [95m12       [0m | [95m1.52     [0m | [95m0.1049   [0m | [95m6.709    [0m | [95m0.7198   [0m |
[0.   0.   0.01 0.03 0.04 0.05 0.06 0.06 0.06 0.07 0.08 0.08 0.09 0.1
 0.11 0.12 0.12 0.12 0.13 0.13 0.17 0.19 0.19 0.2  0.2  0.21 0.23 0.23
 0.23 0.24 0.25 0.25 0.26 0.28 0.29 0.31 0.35 0.37 0.37 0.38 0.43 0.44
 0.45 0.45 0.46 0.47 0.5  0.53 0.55 0.57 0.61 0.62 0.66 0.67 0.69 0.73
 0.94 1.02 1.16 2.79]
var: 0.16699222222222218
| [0m13       [0m | [0m0.3567   [0m | [0m0.2356   [0m | [0m45.13    [0m | [0m1.949    [0m |
[0.   0.   0.   0.   0.   0.01 0.02 0.02 0.02 0.03 0.03 0.03 0.04 0.04
 0.04 0.05 0.05 0.05 0.07 0.08 0.08 0.08 0.09 0.1  0.1  0.11 0.11 0.12
 0.12 0.17 0.17 0.2  0.21 0.21 0.21 0.22 0.23 0.24 0.24 0.25 0.25 0.29
 0.3  0.3  0.32 0.34 0.35 0.35 0.49 0.51 0.51 0.55 0.56 0.57 0.64 0.79
 1.03 1.08 1.83 4.9 ]
var: 0.4534566666666661
| [0m14       [0m | [0m0.33     [0m | [0m0.1069   [0m | [0m20.33    [0m | [0m0.1169   [0m |
[0.1  0.11 0.24 0.25 0.32 0.39 0.42 0.44 0.49 0.57 0.62 0.65 0.73 0.75
 0.76 0.81 0.81 0.82 0.82 0.88 0.9  0.94 0.98 1.05 1.11 1.16 1.18 1.2
 1.21 1.23 1.31 1.35 1.4  1.4  1.43 1.47 1.48 1.49 1.54 1.55 1.55 1.65
 1.65 1.69 1.7  1.7  1.72 1.78 1.8  1.8  1.89 1.98 2.03 2.21 2.24 2.62
 2.64 2.84 5.58]
var: 0.7162723355357655
| [0m15       [0m | [0m1.312    [0m | [0m0.2752   [0m | [0m9.44     [0m | [0m0.6926   [0m |
[0.09 0.11 0.12 0.12 0.15 0.16 0.2  0.21 0.25 0.26 0.26 0.27 0.31 0.31
 0.36 0.37 0.37 0.39 0.43 0.44 0.47 0.49 0.53 0.56 0.56 0.58 0.62 0.64
 0.67 0.7  0.7  0.71 0.71 0.78 0.92 0.92 0.92 0.98 0.99 1.03 1.04 1.04
 1.07 1.11 1.22 1.31 1.33 1.33 1.42 1.7  1.89 1.9  2.19 2.2  2.51 2.6
 2.61 2.91 2.96 3.25]
var: 0.6451509722222225
| [0m16       [0m | [0m0.9542   [0m | [0m0.1086   [0m | [0m6.895    [0m | [0m1.713    [0m |
[0.01 0.02 0.03 0.04 0.04 0.05 0.05 0.07 0.09 0.09 0.1  0.11 0.11 0.11
 0.11 0.12 0.14 0.15 0.16 0.16 0.17 0.17 0.21 0.23 0.23 0.25 0.25 0.25
 0.27 0.28 0.31 0.32 0.32 0.32 0.34 0.34 0.35 0.36 0.37 0.38 0.41 0.42
 0.42 0.45 0.45 0.47 0.49 0.52 0.58 0.59 0.6  0.66 0.76 0.78 0.94 1.17
 1.45 1.86 2.66 3.77]
var: 0.3875103055555559
| [0m17       [0m | [0m0.4488   [0m | [0m0.1127   [0m | [0m37.01    [0m | [0m1.5      [0m |
[0.03 0.07 0.11 0.14 0.21 0.24 0.26 0.27 0.28 0.29 0.29 0.32 0.33 0.34
 0.41 0.5  0.53 0.55 0.58 0.63 0.63 0.66 0.69 0.73 0.76 0.82 0.83 0.84
 0.84 0.85 0.88 0.97 1.   1.01 1.04 1.07 1.1  1.11 1.15 1.24 1.24 1.27
 1.29 1.35 1.37 1.42 1.44 1.49 1.52 1.58 1.59 1.71 1.87 1.93 2.02 2.2
 2.29 2.4  3.18 4.57]
var: 0.6373736388888886
| [0m18       [0m | [0m1.039    [0m | [0m0.245    [0m | [0m14.81    [0m | [0m0.5188   [0m |
[0.15 0.19 0.2  0.26 0.34 0.35 0.37 0.38 0.42 0.43 0.48 0.49 0.59 0.63
 0.66 0.76 0.77 0.84 0.85 0.86 0.87 0.9  0.94 0.97 1.   1.04 1.04 1.05
 1.1  1.1  1.16 1.17 1.22 1.3  1.41 1.41 1.44 1.46 1.6  1.61 1.61 1.68
 1.71 1.71 1.74 1.77 1.86 1.87 1.95 2.01 2.01 2.06 2.1  2.13 2.19 2.34
 2.57 2.62 2.78 2.96]
var: 0.5011626666666664
| [0m19       [0m | [0m1.258    [0m | [0m0.1148   [0m | [0m3.138    [0m | [0m0.5088   [0m |
[0.   0.   0.   0.   0.   0.   0.   0.   0.   0.   0.   0.   0.   0.
 0.   0.   0.01 0.01 0.02 0.02 0.02 0.03 0.03 0.03 0.03 0.03 0.04 0.04
 0.05 0.05 0.05 0.05 0.07 0.07 0.08 0.08 0.08 0.08 0.09 0.09 0.1  0.1
 0.1  0.1  0.11 0.12 0.13 0.13 0.14 0.15 0.18 0.2  0.2  0.21 0.21 0.26
 0.29 0.59 0.6  0.68]
var: 0.019747638888888926
| [0m20       [0m | [0m0.09583  [0m | [0m0.1144   [0m | [0m43.39    [0m | [0m0.1264   [0m |
[0.06 0.08 0.08 0.11 0.12 0.13 0.14 0.26 0.28 0.28 0.3  0.32 0.33 0.35
 0.36 0.38 0.38 0.4  0.4  0.42 0.44 0.46 0.46 0.49 0.5  0.51 0.52 0.54
 0.55 0.55 0.56 0.57 0.58 0.59 0.6  0.6  0.62 0.62 0.65 0.65 0.74 0.77
 0.77 0.82 0.93 0.98 1.07 1.19 1.2  1.22 1.27 1.38 1.39 1.41 1.43 1.58
 1.59 1.61 2.15 2.39]
var: 0.2567503055555557
| [0m21       [0m | [0m0.7022   [0m | [0m0.136    [0m | [0m32.3     [0m | [0m0.9077   [0m |
[0.   0.03 0.03 0.03 0.04 0.04 0.06 0.06 0.07 0.07 0.08 0.1  0.11 0.12
 0.14 0.16 0.17 0.17 0.19 0.21 0.22 0.22 0.3  0.31 0.34 0.34 0.35 0.35
 0.35 0.38 0.38 0.4  0.43 0.44 0.44 0.47 0.48 0.48 0.49 0.5  0.5  0.51
 0.53 0.53 0.54 0.54 0.6  0.65 0.66 0.68 0.77 0.8  0.92 0.99 1.01 1.04
 1.11 1.33 1.44 1.71]
var: 0.1365649722222221
| [0m22       [0m | [0m0.4402   [0m | [0m0.03418  [0m | [0m31.04    [0m | [0m1.653    [0m |
[0.   0.   0.   0.01 0.01 0.01 0.01 0.02 0.03 0.05 0.06 0.11 0.11 0.12
 0.12 0.14 0.15 0.17 0.18 0.18 0.2  0.21 0.24 0.24 0.25 0.27 0.28 0.31
 0.32 0.35 0.35 0.35 0.35 0.36 0.37 0.37 0.37 0.38 0.41 0.42 0.45 0.47
 0.47 0.54 0.55 0.56 0.56 0.58 0.59 0.59 0.61 0.69 0.7  0.79 0.92 1.06
 1.08 1.22 1.65 3.68]
var: 0.28534622222222217
| [0m23       [0m | [0m0.4273   [0m | [0m0.2658   [0m | [0m34.33    [0m | [0m1.862    [0m |
[0.02 0.03 0.03 0.04 0.05 0.06 0.07 0.1  0.1  0.1  0.11 0.12 0.13 0.13
 0.14 0.15 0.17 0.17 0.18 0.19 0.19 0.22 0.22 0.24 0.24 0.26 0.26 0.27
 0.28 0.32 0.33 0.34 0.36 0.41 0.43 0.44 0.45 0.46 0.49 0.5  0.5  0.52
 0.52 0.54 0.57 0.57 0.59 0.6  0.61 0.62 0.73 0.78 0.84 0.85 0.9  1.24
 1.28 1.44 2.12]
var: 0.14850790002872716
| [0m24       [0m | [0m0.4173   [0m | [0m0.0744   [0m | [0m49.92    [0m | [0m0.7981   [0m |
[0.01 0.01 0.01 0.03 0.05 0.06 0.07 0.07 0.08 0.09 0.12 0.18 0.2  0.22
 0.23 0.23 0.26 0.27 0.28 0.29 0.31 0.31 0.32 0.35 0.36 0.4  0.4  0.42
 0.43 0.45 0.45 0.47 0.47 0.49 0.5  0.5  0.52 0.52 0.53 0.56 0.57 0.58
 0.59 0.62 0.62 0.64 0.64 0.65 0.73 0.79 0.81 0.83 0.84 0.86 0.86 0.9
 0.92 1.01 1.18 3.  ]
var: 0.18549399999999985
| [0m25       [0m | [0m0.486    [0m | [0m0.04137  [0m | [0m16.68    [0m | [0m2.957    [0m |
[0.02 0.05 0.09 0.09 0.11 0.12 0.12 0.17 0.2  0.21 0.23 0.23 0.24 0.28
 0.28 0.32 0.34 0.36 0.37 0.38 0.38 0.39 0.43 0.45 0.45 0.45 0.48 0.49
 0.51 0.53 0.54 0.55 0.55 0.57 0.59 0.6  0.62 0.63 0.63 0.67 0.67 0.67
 0.68 0.71 0.72 0.76 0.83 0.91 0.91 0.91 0.93 0.96 0.98 1.06 1.14 1.15
 1.27 1.33 1.62 1.88]
var: 0.14583830555555533
| [0m26       [0m | [0m0.5802   [0m | [0m0.2361   [0m | [0m1.688    [0m | [0m2.375    [0m |
[0.03 0.03 0.04 0.08 0.08 0.09 0.1  0.12 0.12 0.13 0.15 0.18 0.18 0.2
 0.32 0.33 0.34 0.39 0.42 0.42 0.43 0.44 0.46 0.51 0.54 0.55 0.56 0.6
 0.64 0.65 0.65 0.66 0.68 0.68 0.69 0.7  0.71 0.71 0.72 0.74 0.79 0.81
 0.95 1.06 1.11 1.14 1.17 1.19 1.24 1.29 1.36 1.39 1.43 1.85 1.89 1.91
 2.13 2.13 2.2  4.39]
var: 0.5448005555555562
| [0m27       [0m | [0m0.7917   [0m | [0m0.06956  [0m | [0m13.33    [0m | [0m1.252    [0m |
[0.01 0.06 0.06 0.06 0.07 0.14 0.14 0.15 0.15 0.15 0.16 0.19 0.2  0.22
 0.24 0.25 0.26 0.27 0.28 0.29 0.32 0.33 0.34 0.35 0.37 0.43 0.49 0.54
 0.54 0.55 0.59 0.63 0.7  0.73 0.75 0.8  0.89 0.91 0.93 0.94 1.03 1.06
 1.11 1.12 1.16 1.29 1.31 1.31 1.35 1.43 1.47 1.6  1.66 1.71 1.77 2.06
 2.08 2.15 2.36 2.37]
var: 0.4199282222222221
| [0m28       [0m | [0m0.7813   [0m | [0m0.03004  [0m | [0m5.152    [0m | [0m1.062    [0m |
[0.   0.   0.01 0.01 0.02 0.02 0.03 0.04 0.04 0.05 0.05 0.05 0.07 0.08
 0.09 0.1  0.1  0.12 0.12 0.13 0.13 0.13 0.14 0.15 0.16 0.17 0.18 0.18
 0.2  0.2  0.2  0.2  0.2  0.22 0.23 0.24 0.26 0.27 0.27 0.28 0.29 0.3
 0.3  0.3  0.3  0.31 0.33 0.33 0.34 0.45 0.47 0.51 0.52 0.53 0.55 0.57
 0.59 0.7  0.76 1.12]
var: 0.045718305555555484
| [0m29       [0m | [0m0.2452   [0m | [0m0.1353   [0m | [0m46.99    [0m | [0m0.3456   [0m |
[0.01 0.07 0.09 0.09 0.09 0.13 0.18 0.2  0.21 0.22 0.23 0.23 0.33 0.36
 0.36 0.38 0.38 0.39 0.39 0.41 0.42 0.45 0.46 0.47 0.47 0.48 0.5  0.56
 0.57 0.58 0.6  0.62 0.7  0.7  0.72 0.77 0.78 0.84 0.86 0.86 0.87 0.9
 0.91 0.94 0.99 1.06 1.11 1.11 1.12 1.19 1.3  1.45 1.5  1.51 1.59 1.72
 1.76 1.77 2.21 2.36]
var: 0.29207030555555513
| [0m30       [0m | [0m0.7422   [0m | [0m0.2538   [0m | [0m15.09    [0m | [0m1.837    [0m |
[0.09 0.1  0.1  0.11 0.12 0.12 0.16 0.17 0.17 0.19 0.23 0.28 0.29 0.29
 0.33 0.36 0.39 0.39 0.4  0.4  0.41 0.41 0.44 0.46 0.46 0.51 0.59 0.59
 0.69 0.7  0.72 0.75 0.8  0.82 0.82 0.84 0.93 0.95 1.02 1.04 1.14 1.19
 1.23 1.23 1.23 1.33 1.33 1.33 1.45 1.53 1.66 1.75 1.79 1.88 2.1  2.12
 2.23 3.63 3.65 4.54]
var: 0.8054032222222223
| [0m31       [0m | [0m0.9497   [0m | [0m0.288    [0m | [0m7.241    [0m | [0m1.165    [0m |
[0.03 0.06 0.13 0.14 0.14 0.16 0.17 0.17 0.18 0.2  0.21 0.21 0.21 0.25
 0.32 0.32 0.34 0.34 0.4  0.41 0.43 0.44 0.46 0.47 0.5  0.51 0.53 0.6
 0.62 0.62 0.64 0.64 0.68 0.69 0.69 0.7  0.76 0.76 0.78 0.89 0.9  0.9
 1.07 1.11 1.12 1.2  1.28 1.29 1.32 1.38 1.9  2.   2.   2.68 3.66]
var: 0.45507914049586756
| [0m32       [0m | [0m0.7384   [0m | [0m0.2542   [0m | [0m5.166    [0m | [0m2.318    [0m |
[0.01 0.02 0.02 0.02 0.04 0.04 0.05 0.06 0.06 0.06 0.08 0.09 0.09 0.1
 0.11 0.11 0.13 0.14 0.14 0.18 0.18 0.19 0.21 0.21 0.21 0.22 0.25 0.25
 0.27 0.29 0.32 0.35 0.37 0.37 0.37 0.38 0.39 0.4  0.41 0.45 0.45 0.46
 0.49 0.5  0.5  0.52 0.53 0.53 0.6  0.61 0.63 0.67 0.71 0.76 0.79 0.82
 0.82 0.82 0.85 0.92]
var: 0.06544655555555548
| [0m33       [0m | [0m0.3437   [0m | [0m0.0903   [0m | [0m30.51    [0m | [0m2.62     [0m |
[0.03 0.04 0.07 0.1  0.11 0.12 0.12 0.14 0.16 0.18 0.2  0.23 0.24 0.26
 0.27 0.27 0.28 0.28 0.32 0.35 0.36 0.37 0.37 0.38 0.39 0.4  0.41 0.43
 0.44 0.47 0.49 0.5  0.51 0.51 0.52 0.52 0.56 0.58 0.6  0.67 0.72 0.74
 0.76 0.77 0.78 0.83 0.91 0.95 0.96 0.99 1.11 1.12 1.2  1.23 1.41 1.42
 1.47 1.62 1.69 2.11]
var: 0.20957288888888886
| [0m34       [0m | [0m0.6007   [0m | [0m0.291    [0m | [0m19.3     [0m | [0m1.394    [0m |
[0.04 0.05 0.06 0.07 0.08 0.11 0.14 0.14 0.15 0.15 0.17 0.18 0.19 0.2
 0.22 0.26 0.26 0.28 0.28 0.29 0.29 0.37 0.4  0.41 0.42 0.43 0.45 0.46
 0.46 0.48 0.48 0.51 0.54 0.54 0.56 0.56 0.57 0.59 0.62 0.65 0.69 0.7
 0.7  0.71 0.73 0.77 0.84 0.86 0.86 0.87 0.93 0.98 1.08 1.22 1.23 1.52
 1.57 1.65 1.93 4.24]
var: 0.3965649722222226
| [0m35       [0m | [0m0.6198   [0m | [0m0.05348  [0m | [0m1.93     [0m | [0m2.601    [0m |
[0.01 0.04 0.07 0.09 0.09 0.13 0.17 0.18 0.2  0.21 0.22 0.23 0.23 0.25
 0.26 0.26 0.27 0.27 0.28 0.29 0.3  0.33 0.33 0.36 0.37 0.37 0.38 0.39
 0.42 0.45 0.47 0.48 0.49 0.51 0.55 0.57 0.6  0.61 0.62 0.63 0.63 0.67
 0.67 0.71 0.74 0.74 0.76 0.85 0.9  0.94 1.02 1.1  1.1  1.11 1.16 1.18
 1.28 1.29 1.55 2.31]
var: 0.17944275000000015
| [0m36       [0m | [0m0.5615   [0m | [0m0.08844  [0m | [0m43.24    [0m | [0m0.7774   [0m |
[0.06 0.07 0.08 0.09 0.1  0.11 0.16 0.19 0.25 0.25 0.29 0.33 0.38 0.45
 0.49 0.49 0.49 0.52 0.53 0.58 0.61 0.63 0.65 0.66 0.67 0.67 0.67 0.68
 0.68 0.69 0.71 0.73 0.73 0.74 0.76 0.79 0.81 0.87 0.88 1.   1.17 1.19
 1.2  1.21 1.25 1.39 1.43 1.48 1.51 1.52 1.56 1.6  1.61 1.75 1.95 2.09
 2.36 2.42 3.15]
var: 0.42262734846308525
| [0m37       [0m | [0m0.8878   [0m | [0m0.1941   [0m | [0m3.643    [0m | [0m1.911    [0m |
[0.07 0.07 0.07 0.08 0.1  0.12 0.18 0.21 0.25 0.25 0.28 0.29 0.3  0.31
 0.32 0.33 0.36 0.41 0.44 0.44 0.45 0.47 0.48 0.5  0.5  0.5  0.51 0.54
 0.56 0.62 0.64 0.66 0.7  0.71 0.72 0.74 0.76 0.76 0.82 0.86 0.87 0.89
 0.92 0.94 0.95 0.96 0.97 0.99 1.   1.09 1.12 1.19 1.2  1.29 1.29 1.4
 1.54 2.1  2.15 2.45]
var: 0.25435608333333337
| [0m38       [0m | [0m0.7115   [0m | [0m0.1231   [0m | [0m4.714    [0m | [0m1.024    [0m |
[0.02 0.04 0.06 0.06 0.07 0.09 0.1  0.11 0.12 0.13 0.13 0.14 0.14 0.14
 0.15 0.15 0.16 0.17 0.18 0.21 0.21 0.22 0.22 0.23 0.23 0.25 0.26 0.28
 0.31 0.31 0.32 0.35 0.36 0.37 0.4  0.41 0.43 0.48 0.52 0.56 0.57 0.6
 0.61 0.63 0.67 0.69 0.71 0.73 0.76 0.77 0.84 0.87 0.88 0.89 0.96 1.23
 1.29 1.31 1.35 1.91]
var: 0.15363400000000021
| [0m39       [0m | [0m0.456    [0m | [0m0.03161  [0m | [0m2.082    [0m | [0m1.1      [0m |
[0.   0.02 0.06 0.06 0.07 0.08 0.08 0.12 0.15 0.16 0.18 0.18 0.19 0.2
 0.2  0.21 0.21 0.22 0.23 0.24 0.25 0.26 0.26 0.28 0.28 0.29 0.29 0.31
 0.33 0.35 0.37 0.4  0.42 0.43 0.46 0.48 0.52 0.52 0.53 0.57 0.58 0.58
 0.62 0.67 0.68 0.68 0.68 0.81 0.82 0.85 0.9  0.95 1.08 1.09 1.2  1.23
 1.6  1.73 2.82 5.06]
var: 0.5694016388888896
| [0m40       [0m | [0m0.5848   [0m | [0m0.04907  [0m | [0m18.23    [0m | [0m0.3772   [0m |
[0.06 0.07 0.07 0.08 0.1  0.11 0.13 0.16 0.18 0.19 0.2  0.23 0.23 0.24
 0.28 0.3  0.3  0.35 0.35 0.35 0.38 0.38 0.41 0.41 0.46 0.46 0.47 0.47
 0.49 0.52 0.55 0.55 0.57 0.61 0.67 0.67 0.72 0.72 0.78 0.78 0.82 0.89
 0.9  0.9  0.95 0.97 1.04 1.14 1.25 1.51 1.54 1.64 1.66 1.83 1.9  2.02
 2.04 2.08 2.86 2.94]
var: 0.4599280833333321
| [0m41       [0m | [0m0.7655   [0m | [0m0.2731   [0m | [0m7.984    [0m | [0m0.9782   [0m |
[0.01 0.11 0.17 0.19 0.27 0.28 0.28 0.33 0.36 0.41 0.46 0.46 0.46 0.51
 0.52 0.62 0.64 0.67 0.76 0.78 0.86 0.87 0.87 0.88 0.94 1.   1.   1.01
 1.08 1.09 1.12 1.24 1.25 1.3  1.32 1.34 1.37 1.45 1.48 1.5  1.65 1.67
 1.83 1.88 1.88 2.02 2.04 2.08 2.1  2.2  2.22 2.25 2.25 2.25 2.38 2.4
 2.41 2.83 2.85]
var: 0.5738501005458206
| [0m42       [0m | [0m1.228    [0m | [0m0.2934   [0m | [0m15.31    [0m | [0m0.7687   [0m |
[0.   0.   0.   0.02 0.06 0.08 0.09 0.18 0.2  0.2  0.22 0.24 0.25 0.29
 0.31 0.32 0.36 0.36 0.37 0.4  0.45 0.46 0.48 0.5  0.52 0.53 0.6  0.62
 0.64 0.67 0.69 0.7  0.72 0.73 0.73 0.74 0.78 0.79 0.82 0.82 0.84 0.84
 0.85 0.86 0.89 0.93 0.93 0.95 1.17 1.28 1.31 1.35 1.38 1.48 1.62 1.63
 1.65 1.71 2.03 2.13]
var: 0.26497030555555573
| [0m43       [0m | [0m0.7128   [0m | [0m1e-08    [0m | [0m6.424    [0m | [0m0.3831   [0m |
[0.02 0.04 0.05 0.07 0.1  0.11 0.12 0.12 0.13 0.14 0.17 0.19 0.22 0.28
 0.28 0.29 0.31 0.32 0.34 0.34 0.34 0.36 0.37 0.4  0.41 0.43 0.43 0.46
 0.48 0.49 0.52 0.53 0.57 0.58 0.6  0.62 0.63 0.64 0.67 0.68 0.68 0.69
 0.76 0.77 0.8  0.85 0.86 0.92 0.92 1.06 1.13 1.14 1.18 1.2  1.24 1.44
 1.91 2.1  3.25 5.34]
var: 0.6662560833333339
| [0m44       [0m | [0m0.7015   [0m | [0m0.01568  [0m | [0m22.35    [0m | [0m0.9955   [0m |
[0.02 0.02 0.05 0.09 0.1  0.13 0.14 0.15 0.16 0.16 0.18 0.18 0.2  0.23
 0.24 0.25 0.26 0.27 0.29 0.3  0.31 0.36 0.37 0.38 0.38 0.4  0.45 0.52
 0.52 0.53 0.54 0.56 0.59 0.6  0.61 0.65 0.7  0.7  0.77 0.79 0.79 0.81
 0.85 0.91 0.92 1.02 1.06 1.11 1.15 1.18 1.22 1.32 1.4  1.42 1.48 1.57
 1.84 1.86 2.38 2.84]
var: 0.3448293333333332
| [0m45       [0m | [0m0.688    [0m | [0m0.01501  [0m | [0m16.89    [0m | [0m1.761    [0m |
[0.04 0.05 0.07 0.09 0.12 0.18 0.18 0.19 0.24 0.25 0.26 0.26 0.27 0.27
 0.31 0.36 0.36 0.38 0.39 0.43 0.44 0.49 0.56 0.58 0.59 0.61 0.61 0.63
 0.71 0.74 0.79 0.87 0.9  0.94 0.94 0.97 1.01 1.05 1.09 1.1  1.13 1.15
 1.19 1.28 1.39 1.53 1.53 1.57 1.59 1.65 1.67 1.71 1.72 1.81 2.04 2.25
 2.61 3.59 3.73]
var: 0.6279694915254243
| [0m46       [0m | [0m0.94     [0m | [0m0.1215   [0m | [0m6.662    [0m | [0m1.0      [0m |
[0.16 0.21 0.22 0.25 0.38 0.38 0.43 0.44 0.47 0.57 0.59 0.61 0.74 0.76
 0.79 0.8  0.81 0.85 0.99 1.   1.05 1.06 1.07 1.1  1.11 1.14 1.18 1.19
 1.25 1.28 1.33 1.35 1.39 1.46 1.47 1.51 1.78 1.79 1.84 1.84 1.9  1.97
 1.98 2.   2.   2.03 2.11 2.18 2.29 2.31 2.33 2.34 2.49 2.52 2.8  3.08
 3.28 3.3  3.55 3.93]
var: 0.7985369722222229
| [0m47       [0m | [0m1.484    [0m | [0m0.1042   [0m | [0m6.907    [0m | [0m0.5702   [0m |
[0.13 0.19 0.28 0.32 0.36 0.39 0.39 0.44 0.45 0.54 0.59 0.59 0.63 0.67
 0.72 0.79 0.79 0.81 0.82 0.83 0.85 0.86 0.9  0.93 0.93 0.94 0.95 0.98
 0.99 1.01 1.03 1.07 1.12 1.13 1.16 1.16 1.23 1.23 1.26 1.28 1.31 1.32
 1.34 1.39 1.44 1.46 1.5  1.53 1.55 1.6  1.7  1.72 1.72 1.84 1.94 2.07
 2.07 2.23 2.76 4.1 ]
var: 0.43607697222222236
| [0m48       [0m | [0m1.139    [0m | [0m0.07696  [0m | [0m3.18     [0m | [0m0.5075   [0m |
[0.06 0.08 0.13 0.15 0.18 0.29 0.31 0.33 0.34 0.36 0.38 0.39 0.4  0.47
 0.48 0.49 0.49 0.52 0.53 0.53 0.53 0.56 0.61 0.68 0.72 0.75 0.75 0.86
 0.86 0.86 0.9  0.91 0.93 0.94 0.94 0.99 1.04 1.07 1.12 1.24 1.27 1.29
 1.3  1.36 1.45 1.5  1.54 1.77 1.91 2.13 2.37 2.38 2.51 3.07 3.07 3.09
 3.26 3.5  3.54 3.74]
var: 0.9408365555555558
| [0m49       [0m | [0m1.17     [0m | [0m0.1696   [0m | [0m6.964    [0m | [0m0.7635   [0m |
[0.   0.01 0.01 0.02 0.02 0.02 0.03 0.03 0.03 0.04 0.04 0.05 0.05 0.06
 0.08 0.1  0.11 0.12 0.13 0.13 0.13 0.14 0.14 0.15 0.15 0.16 0.18 0.19
 0.24 0.26 0.26 0.3  0.31 0.32 0.32 0.34 0.45 0.46 0.46 0.48 0.48 0.5
 0.5  0.5  0.52 0.52 0.59 0.6  0.6  0.68 0.77 0.83 0.89 0.91 0.92 1.01
 1.03 1.11 1.34 1.38]
var: 0.12404000000000015
| [0m50       [0m | [0m0.37     [0m | [0m0.06168  [0m | [0m30.99    [0m | [0m2.85     [0m |
[0.09 0.12 0.15 0.15 0.25 0.27 0.28 0.39 0.49 0.51 0.56 0.57 0.61 0.64
 0.64 0.68 0.73 0.76 0.77 0.77 0.88 0.92 0.94 0.95 0.97 0.98 1.01 1.05
 1.07 1.07 1.08 1.1  1.13 1.26 1.31 1.37 1.38 1.51 1.51 1.52 1.52 1.53
 1.56 1.57 1.64 1.66 2.02 2.33 2.38 2.39 2.46 2.48 2.75 2.82 2.96 3.39
 3.46 3.55 3.72]
var: 0.8529553576558464
| [0m51       [0m | [0m1.333    [0m | [0m0.172    [0m | [0m4.89     [0m | [0m0.6968   [0m |
[0.11 0.13 0.29 0.32 0.34 0.4  0.4  0.44 0.48 0.49 0.55 0.58 0.63 0.64
 0.65 0.7  0.74 0.79 0.79 0.82 0.87 0.88 0.88 0.88 0.89 0.94 0.94 1.01
 1.09 1.17 1.17 1.22 1.28 1.29 1.3  1.3  1.34 1.36 1.5  1.53 1.6  1.64
 1.7  1.71 1.72 1.73 1.77 1.87 1.9  2.   2.02 2.05 2.27 2.31 2.55 2.56
 2.74 2.75 3.66 4.47]
var: 0.7145454166666673
| [0m52       [0m | [0m1.303    [0m | [0m0.193    [0m | [0m6.793    [0m | [0m0.638    [0m |
[0.13 0.17 0.19 0.25 0.26 0.27 0.29 0.29 0.3  0.35 0.38 0.38 0.47 0.54
 0.54 0.8  0.83 0.85 0.86 0.93 0.93 0.94 0.95 0.95 0.95 0.97 1.02 1.03
 1.04 1.1  1.1  1.14 1.15 1.23 1.28 1.29 1.33 1.38 1.52 1.56 1.6  1.71
 1.85 1.85 1.88 2.08 2.09 2.15 2.21 2.26 2.32 2.42 2.63 2.86 3.   3.09
 3.16 3.18 3.23 4.62]
var: 0.9296269722222223
| [0m53       [0m | [0m1.369    [0m | [0m0.04506  [0m | [0m6.764    [0m | [0m0.5759   [0m |
[0.   0.   0.   0.   0.   0.   0.   0.   0.02 0.03 0.03 0.04 0.06 0.07
 0.08 0.15 0.18 0.19 0.21 0.23 0.29 0.31 0.33 0.4  0.4  0.42 0.48 0.49
 0.49 0.52 0.56 0.6  0.61 0.65 0.68 0.7  0.74 0.74 0.87 1.   1.04 1.05
 1.15 1.18 1.19 1.19 1.3  1.32 1.35 1.39 1.42 1.49 1.54 1.54 1.56 1.61
 2.06 2.38 3.1  3.43]
var: 0.5652012222222226
| [0m54       [0m | [0m0.7477   [0m | [0m1e-08    [0m | [0m7.112    [0m | [0m0.4587   [0m |
[0.11 0.13 0.21 0.24 0.26 0.26 0.3  0.32 0.33 0.36 0.41 0.41 0.43 0.45
 0.54 0.54 0.56 0.62 0.65 0.69 0.79 0.87 0.89 0.89 0.91 0.92 0.92 0.92
 0.96 1.07 1.07 1.16 1.2  1.23 1.33 1.35 1.37 1.39 1.47 1.52 1.55 1.59
 1.62 1.64 1.7  1.79 1.85 1.9  2.04 2.04 2.05 2.14 2.2  2.3  2.49 2.72
 3.08 4.17]
var: 0.6637694411414985
| [0m55       [0m | [0m1.188    [0m | [0m0.2432   [0m | [0m4.836    [0m | [0m0.4626   [0m |
[0.   0.   0.01 0.02 0.02 0.02 0.03 0.03 0.04 0.04 0.04 0.05 0.05 0.05
 0.06 0.07 0.07 0.08 0.09 0.09 0.09 0.1  0.11 0.11 0.11 0.11 0.11 0.16
 0.16 0.17 0.17 0.22 0.22 0.24 0.25 0.25 0.26 0.3  0.31 0.34 0.34 0.35
 0.35 0.37 0.38 0.41 0.43 0.44 0.46 0.47 0.5  0.51 0.53 0.64 0.65 0.67
 0.67 0.69 0.89 2.14]
var: 0.10529788888888872
| [0m56       [0m | [0m0.2757   [0m | [0m0.1231   [0m | [0m43.03    [0m | [0m1.81     [0m |
[0.   0.   0.11 0.13 0.22 0.26 0.26 0.27 0.33 0.33 0.4  0.45 0.47 0.48
 0.53 0.54 0.55 0.57 0.62 0.62 0.69 0.7  0.71 0.75 0.76 0.79 0.82 0.82
 0.85 0.89 0.9  0.94 0.94 0.95 1.04 1.12 1.12 1.14 1.14 1.21 1.21 1.24
 1.3  1.32 1.32 1.34 1.36 1.38 1.39 1.45 1.47 1.89 1.9  2.25 2.25 2.34
 2.46 3.04]
var: 0.4103864744351965
| [0m57       [0m | [0m0.9712   [0m | [0m0.3      [0m | [0m2.917    [0m | [0m0.4522   [0m |
[0.01 0.05 0.16 0.24 0.26 0.27 0.28 0.28 0.41 0.43 0.51 0.51 0.51 0.51
 0.66 0.77 0.87 0.87 1.03 1.05 1.06 1.1  1.18 1.19 1.21 1.24 1.31 1.32
 1.32 1.36 1.39 1.42 1.46 1.54 1.63 1.73 1.77 1.78 1.81 1.86 1.99 2.06
 2.08 2.13 2.2  2.22 2.46 2.62 2.78 3.09 3.32]
var: 0.651570242214533
| [0m58       [0m | [0m1.281    [0m | [0m0.0001252[0m | [0m6.857    [0m | [0m0.7671   [0m |
[0.04 0.12 0.17 0.23 0.25 0.28 0.29 0.38 0.41 0.42 0.43 0.48 0.5  0.55
 0.64 0.67 0.72 0.74 0.74 0.75 0.83 0.84 0.86 0.89 0.93 0.93 0.95 0.95
 0.96 0.97 1.   1.07 1.12 1.18 1.25 1.25 1.26 1.3  1.3  1.47 1.47 1.54
 1.63 1.64 1.65 1.65 1.7  1.72 1.72 1.73 1.77 1.97 2.15 2.25 2.28 2.55
 2.62 2.76 3.29 4.4 ]
var: 0.6750349722222215
| [0m59       [0m | [0m1.21     [0m | [0m0.1863   [0m | [0m5.121    [0m | [0m0.6179   [0m |
[0.02 0.06 0.09 0.12 0.13 0.14 0.14 0.17 0.2  0.29 0.31 0.36 0.38 0.39
 0.45 0.48 0.49 0.5  0.54 0.55 0.56 0.63 0.67 0.69 0.7  0.75 0.75 0.78
 0.82 0.93 0.94 1.03 1.05 1.05 1.08 1.08 1.11 1.13 1.2  1.26 1.27 1.33
 1.34 1.34 1.4  1.43 1.45 1.49 1.52 1.54 1.54 1.57 1.74 1.75 1.84 1.93
 2.03 2.2  2.71 2.81]
var: 0.4226609722222221
| [0m60       [0m | [0m0.9708   [0m | [0m0.02036  [0m | [0m15.0     [0m | [0m0.5209   [0m |
[0.01 0.04 0.07 0.08 0.09 0.11 0.12 0.13 0.16 0.16 0.17 0.21 0.22 0.23
 0.27 0.31 0.32 0.34 0.36 0.38 0.39 0.44 0.48 0.48 0.54 0.6  0.6  0.61
 0.62 0.65 0.68 0.72 0.73 0.77 0.78 0.84 0.87 0.91 0.95 0.96 1.01 1.01
 1.01 1.09 1.09 1.17 1.2  1.22 1.24 1.29 1.33 1.37 1.59 1.84 1.92 1.93
 1.96 1.99 2.37]
var: 0.3344896294168341
| [0m61       [0m | [0m0.7632   [0m | [0m0.2718   [0m | [0m7.225    [0m | [0m1.184    [0m |
[0.05 0.07 0.19 0.19 0.39 0.39 0.49 0.51 0.52 0.54 0.59 0.59 0.62 0.65
 0.68 0.68 0.68 0.7  0.73 0.77 0.84 0.94 0.97 1.   1.03 1.04 1.07 1.08
 1.09 1.09 1.13 1.14 1.22 1.24 1.24 1.3  1.36 1.36 1.42 1.55 1.65 1.68
 1.77 1.79 1.81 1.82 1.86 1.95 1.99 2.2  2.32 2.33 2.5  2.61 2.61 2.84
 3.06 3.14 3.33 4.13]
var: 0.7638069722222224
| [0m62       [0m | [0m1.342    [0m | [0m0.02133  [0m | [0m6.608    [0m | [0m0.7436   [0m |
[0.03 0.08 0.13 0.15 0.16 0.18 0.21 0.22 0.25 0.25 0.27 0.28 0.28 0.29
 0.31 0.31 0.32 0.37 0.38 0.43 0.47 0.5  0.54 0.56 0.57 0.59 0.69 0.7
 0.73 0.78 0.84 0.9  0.91 0.94 0.94 0.95 0.96 0.96 1.01 1.09 1.13 1.25
 1.25 1.39 1.72 1.73 1.76 1.77 1.8  1.87 1.92 1.94 1.99 2.07 2.27 2.44
 2.55 2.56 2.64 3.74]
var: 0.6623982222222226
| [0m63       [0m | [0m1.005    [0m | [0m0.2958   [0m | [0m9.437    [0m | [0m0.9306   [0m |
[0.28 0.28 0.31 0.31 0.32 0.39 0.41 0.41 0.47 0.5  0.64 0.69 0.72 0.72
 0.75 0.76 0.88 0.9  0.94 0.96 0.96 1.01 1.03 1.05 1.09 1.1  1.18 1.26
 1.28 1.3  1.31 1.38 1.42 1.43 1.51 1.58 1.59 1.59 1.61 1.64 1.71 1.74
 1.79 1.79 1.8  1.88 1.9  1.91 1.95 1.96 1.97 2.03 2.11 2.32 2.37 2.51
 2.88 3.31 3.34 4.07]
var: 0.6430538888888891
| [0m64       [0m | [0m1.388    [0m | [0m0.2308   [0m | [0m9.229    [0m | [0m0.5849   [0m |
[0.   0.06 0.08 0.18 0.19 0.26 0.27 0.27 0.28 0.28 0.3  0.31 0.32 0.37
 0.37 0.38 0.39 0.42 0.44 0.44 0.46 0.48 0.5  0.5  0.61 0.61 0.66 0.67
 0.76 0.76 0.78 0.83 0.84 0.85 0.85 0.88 0.88 0.93 0.98 0.99 1.14 1.2
 1.29 1.29 1.39 1.39 1.43 1.47 1.47 1.61 1.73 1.73 1.85 1.93 1.93 2.01
 2.62 3.04 3.25 5.42]
var: 0.8331765555555556
| [0m65       [0m | [0m0.9937   [0m | [0m0.07486  [0m | [0m9.419    [0m | [0m0.4299   [0m |
[0.09 0.11 0.18 0.19 0.29 0.31 0.31 0.4  0.47 0.48 0.49 0.5  0.52 0.56
 0.59 0.6  0.65 0.66 0.68 0.71 0.74 0.75 0.83 0.85 0.86 0.89 0.92 0.93
 0.98 0.98 1.09 1.15 1.21 1.28 1.38 1.42 1.45 1.5  1.52 1.54 1.54 1.59
 1.61 1.64 1.65 1.68 1.72 1.8  1.81 1.81 1.85 1.85 1.95 2.21 2.38 2.41
 2.52 3.08 4.13 6.73]
var: 1.09393988888889
| [0m66       [0m | [0m1.284    [0m | [0m0.09461  [0m | [0m9.188    [0m | [0m0.811    [0m |
[0.04 0.24 0.25 0.3  0.37 0.44 0.51 0.53 0.59 0.61 0.62 0.65 0.75 0.99
 1.   1.03 1.05 1.08 1.11 1.15 1.15 1.22 1.23 1.25 1.25 1.28 1.31 1.32
 1.35 1.42 1.45 1.46 1.47 1.5  1.51 1.55 1.55 1.58 1.62 1.62 1.68 1.69
 1.71 1.72 1.93 1.96 2.03 2.04 2.04 2.14 2.15 2.29 2.3  2.59 2.79 2.86
 3.16 3.47 4.27]
var: 0.6633574834817585
| [0m67       [0m | [0m1.461    [0m | [0m0.107    [0m | [0m8.968    [0m | [0m0.5255   [0m |
[0.18 0.22 0.26 0.32 0.34 0.42 0.45 0.52 0.64 0.66 0.67 0.68 0.7  0.75
 0.79 0.91 0.96 1.   1.   1.01 1.06 1.07 1.1  1.14 1.16 1.16 1.17 1.24
 1.28 1.31 1.31 1.34 1.35 1.35 1.45 1.46 1.54 1.55 1.73 1.79 1.8  1.87
 1.89 2.05 2.09 2.09 2.11 2.11 2.17 2.38 2.4  2.4  2.43 2.74 2.74 2.77
 3.05 3.44 3.61 4.1 ]
var: 0.7679759999999999
| [0m68       [0m | [0m1.488    [0m | [0m0.3      [0m | [0m8.964    [0m | [0m0.6829   [0m |
[0.1  0.14 0.21 0.22 0.23 0.23 0.23 0.27 0.3  0.31 0.38 0.39 0.39 0.41
 0.43 0.48 0.48 0.48 0.52 0.54 0.57 0.58 0.63 0.63 0.64 0.66 0.68 0.7
 0.78 0.82 0.84 0.85 0.88 0.89 0.89 0.92 0.96 0.97 0.99 0.99 1.   1.04
 1.13 1.14 1.14 1.15 1.21 1.23 1.31 1.38 1.41 1.72 2.02 2.26 2.27 2.45
 2.48 3.13 3.46 4.4 ]
var: 0.7025056666666665
| [0m69       [0m | [0m0.999    [0m | [0m0.1522   [0m | [0m19.46    [0m | [0m0.5891   [0m |
[0.   0.   0.   0.   0.   0.   0.01 0.02 0.03 0.06 0.07 0.07 0.09 0.1
 0.1  0.11 0.11 0.11 0.11 0.12 0.12 0.13 0.13 0.14 0.14 0.14 0.14 0.14
 0.14 0.15 0.16 0.16 0.17 0.19 0.19 0.2  0.23 0.27 0.27 0.28 0.28 0.31
 0.32 0.35 0.36 0.37 0.38 0.38 0.42 0.47 0.52 0.57 0.61 0.65 0.69 0.83
 1.07 1.16 1.37]
var: 0.08228101120367699
| [0m70       [0m | [0m0.2663   [0m | [0m0.2406   [0m | [0m7.967    [0m | [0m0.07555  [0m |
[0.24 0.26 0.35 0.35 0.36 0.45 0.49 0.5  0.51 0.54 0.58 0.58 0.61 0.74
 0.78 0.81 0.85 0.9  0.98 1.   1.04 1.14 1.16 1.19 1.2  1.21 1.22 1.22
 1.32 1.33 1.34 1.41 1.41 1.42 1.52 1.52 1.61 1.72 1.72 1.73 1.98 2.05
 2.06 2.07 2.09 2.12 2.17 2.18 2.19 2.19 2.27 2.28 2.56 2.63 2.65 2.79
 2.79 2.82 3.78 8.56]
var: 1.4534223333333336
| [95m71       [0m | [95m1.559    [0m | [95m0.08438  [0m | [95m8.838    [0m | [95m0.7548   [0m |
[0.07 0.1  0.11 0.12 0.15 0.2  0.24 0.24 0.27 0.29 0.33 0.35 0.37 0.42
 0.51 0.52 0.53 0.54 0.55 0.55 0.55 0.64 0.65 0.74 0.74 0.82 0.83 0.84
 0.85 0.87 0.87 0.89 0.9  0.9  0.92 0.94 1.01 1.08 1.23 1.23 1.36 1.4
 1.42 1.58 1.64 1.64 1.68 1.72 1.79 1.87 1.88 1.89 1.9  2.09 2.11 2.38
 2.59 3.24 3.57 4.98]
var: 0.8420960833333341
| [0m72       [0m | [0m1.112    [0m | [0m0.1347   [0m | [0m18.21    [0m | [0m0.6269   [0m |
[0.01 0.01 0.02 0.03 0.03 0.04 0.04 0.05 0.05 0.07 0.08 0.08 0.09 0.1
 0.1  0.11 0.12 0.12 0.16 0.16 0.17 0.18 0.19 0.19 0.23 0.24 0.26 0.27
 0.28 0.29 0.31 0.31 0.31 0.32 0.34 0.36 0.38 0.41 0.42 0.42 0.42 0.42
 0.44 0.46 0.47 0.49 0.49 0.5  0.5  0.52 0.56 0.61 0.69 0.72 0.72 0.73
 0.76 0.83 0.95 0.96]
var: 0.060869416666666655
| [0m73       [0m | [0m0.3265   [0m | [0m0.06082  [0m | [0m46.17    [0m | [0m1.773    [0m |
[0.04 0.11 0.13 0.22 0.27 0.29 0.3  0.36 0.42 0.43 0.48 0.5  0.53 0.66
 0.67 0.68 0.69 0.71 0.79 0.8  0.85 0.89 0.9  0.91 0.93 0.93 0.96 0.97
 1.   1.09 1.12 1.19 1.22 1.3  1.33 1.34 1.36 1.36 1.42 1.43 1.62 1.63
 1.72 1.78 1.84 1.9  1.91 1.92 1.99 2.   2.05 2.15 2.29 2.41 2.78 2.85
 2.9  3.02 3.07 3.07]
var: 0.6599415555555558
| [0m74       [0m | [0m1.275    [0m | [0m0.2159   [0m | [0m8.711    [0m | [0m0.6003   [0m |
[0.06 0.1  0.12 0.12 0.12 0.16 0.24 0.27 0.3  0.31 0.32 0.34 0.39 0.4
 0.4  0.41 0.42 0.43 0.44 0.45 0.47 0.49 0.49 0.49 0.51 0.52 0.59 0.6
 0.64 0.64 0.72 0.75 0.87 0.88 0.89 0.92 1.04 1.06 1.08 1.11 1.12 1.33
 1.34 1.35 1.38 1.48 1.51 1.55 1.57 1.71 1.77 1.79 2.03 2.27 2.31 2.41
 2.43 2.67 2.88 3.12]
var: 0.588329888888889
| [0m75       [0m | [0m0.9763   [0m | [0m0.2385   [0m | [0m8.856    [0m | [0m0.9561   [0m |
[0.06 0.08 0.1  0.11 0.11 0.13 0.14 0.17 0.18 0.22 0.23 0.23 0.26 0.3
 0.3  0.33 0.34 0.38 0.38 0.38 0.41 0.47 0.55 0.55 0.57 0.61 0.61 0.63
 0.63 0.67 0.69 0.72 0.81 0.84 0.85 0.89 0.99 1.   1.   1.14 1.14 1.14
 1.18 1.25 1.27 1.32 1.34 1.37 1.47 1.5  1.51 1.58 1.61 1.64 1.71 1.75
 1.76 2.12 2.56 2.87]
var: 0.40787541666666566
| [0m76       [0m | [0m0.8525   [0m | [0m0.2902   [0m | [0m8.992    [0m | [0m0.339    [0m |
[0.1  0.12 0.23 0.33 0.36 0.42 0.47 0.48 0.49 0.52 0.53 0.58 0.64 0.66
 0.69 0.73 0.74 0.81 0.86 0.97 0.97 1.13 1.16 1.16 1.16 1.26 1.39 1.45
 1.49 1.52 1.53 1.56 1.57 1.57 1.57 1.59 1.61 1.65 1.7  1.71 1.73 1.93
 1.94 1.97 2.07 2.18 2.19 2.19 2.29 2.31 2.33 2.33 2.37 2.45 2.66 2.76
 3.44 3.87 4.47 5.94]
var: 1.1336705555555542
| [0m77       [0m | [0m1.548    [0m | [0m0.04264  [0m | [0m9.013    [0m | [0m0.69     [0m |
[0.   0.   0.   0.   0.01 0.02 0.03 0.03 0.04 0.04 0.06 0.07 0.07 0.07
 0.09 0.09 0.1  0.12 0.12 0.13 0.14 0.15 0.16 0.18 0.19 0.2  0.2  0.29
 0.3  0.3  0.3  0.3  0.31 0.32 0.33 0.36 0.37 0.38 0.41 0.42 0.45 0.45
 0.45 0.51 0.51 0.53 0.56 0.57 0.59 0.6  0.64 0.65 0.68 0.7  0.76 0.84
 1.33 1.43 1.62]
var: 0.11708968687158844
| [0m78       [0m | [0m0.3486   [0m | [0m0.1006   [0m | [0m26.94    [0m | [0m0.03264  [0m |
[0.06 0.1  0.1  0.11 0.24 0.32 0.4  0.4  0.46 0.51 0.67 0.67 0.76 0.8
 0.82 0.82 0.84 0.87 0.92 0.94 0.94 0.95 1.04 1.04 1.06 1.08 1.09 1.1
 1.13 1.15 1.17 1.19 1.21 1.24 1.31 1.32 1.35 1.41 1.42 1.45 1.48 1.55
 1.56 1.6  1.63 1.68 1.8  1.88 1.92 1.93 1.95 2.02 2.33 2.33 2.5  2.53
 2.92 3.63 3.99 4.49]
var: 0.7888498888888896
| [0m79       [0m | [0m1.336    [0m | [0m0.02586  [0m | [0m8.612    [0m | [0m0.8229   [0m |
[0.2  0.33 0.4  0.45 0.49 0.51 0.52 0.52 0.53 0.53 0.57 0.59 0.66 0.71
 0.73 0.75 0.75 0.8  0.81 0.87 0.88 0.9  0.92 0.96 0.96 0.97 0.98 1.03
 1.06 1.09 1.15 1.23 1.27 1.28 1.32 1.35 1.36 1.43 1.44 1.46 1.5  1.5
 1.55 1.68 1.74 1.8  1.83 1.87 1.91 1.94 1.97 2.22 2.26 2.27 2.31 2.31
 2.65 3.16 3.39 3.67]
var: 0.5757116388888887
| [0m80       [0m | [0m1.305    [0m | [0m0.02274  [0m | [0m8.817    [0m | [0m0.5247   [0m |
=============================================================
None
num_trials:  40  inits,  40  iters,  60  per
rho:  25
pthin:  0.50

Best VPT: 1.5590000000000008
Best result: {'a': 0.08438270588519518, 'g': 8.83837531107448, 's': 0.754795149979766}

KERNEL: nu=1.5, lengthscale=2.0, alpha=0.0005
