|   iter    |  target   |     a     |     g     |     s     |
-------------------------------------------------------------
[0.   0.01 0.03 0.04 0.08 0.1  0.14 0.2  0.23 0.25 0.26 0.26 0.31 0.33
 0.35 0.37 0.37 0.38 0.38 0.39 0.39 0.4  0.4  0.41 0.45 0.46 0.47 0.47
 0.47 0.48 0.5  0.59 0.59 0.59 0.6  0.63 0.64 0.67 0.67 0.68 0.69 0.72
 0.74 0.74 0.88 0.92 0.93 0.94 0.96 0.99 1.02 1.07 1.11 1.19 1.23 1.37
 1.4  1.46 1.55 1.73]
var: 0.16311822222222253
| [0m1        [0m | [0m0.6113   [0m | [0m0.2062   [0m | [0m24.89    [0m | [0m1.924    [0m |
[0.   0.   0.   0.01 0.04 0.05 0.06 0.08 0.11 0.17 0.18 0.19 0.24 0.26
 0.27 0.27 0.31 0.31 0.32 0.33 0.34 0.35 0.35 0.38 0.39 0.41 0.41 0.42
 0.44 0.44 0.44 0.44 0.44 0.51 0.53 0.53 0.54 0.54 0.54 0.54 0.56 0.6
 0.62 0.62 0.63 0.65 0.68 0.71 0.73 0.76 0.77 0.79 0.87 0.87 0.99 1.06
 1.09 1.57 1.73 1.92]
var: 0.1504522222222225
| [0m2        [0m | [0m0.5067   [0m | [0m0.1026   [0m | [0m9.944    [0m | [0m2.43     [0m |
[0.   0.   0.   0.01 0.02 0.03 0.03 0.04 0.06 0.06 0.08 0.09 0.09 0.1
 0.1  0.1  0.12 0.14 0.14 0.16 0.17 0.19 0.2  0.2  0.2  0.21 0.23 0.24
 0.24 0.25 0.26 0.27 0.29 0.31 0.33 0.35 0.37 0.37 0.39 0.39 0.4  0.4
 0.4  0.4  0.42 0.46 0.47 0.48 0.52 0.53 0.56 0.61 0.62 0.64 0.65 0.68
 0.76 0.86 1.22 1.39]
var: 0.07762388888888862
| [0m3        [0m | [0m0.3217   [0m | [0m0.07951  [0m | [0m31.18    [0m | [0m2.805    [0m |
[0.06 0.07 0.09 0.1  0.11 0.12 0.12 0.19 0.2  0.2  0.2  0.2  0.22 0.22
 0.25 0.28 0.3  0.3  0.32 0.32 0.32 0.34 0.34 0.36 0.38 0.38 0.4  0.42
 0.46 0.47 0.48 0.49 0.5  0.51 0.55 0.56 0.59 0.6  0.65 0.66 0.66 0.66
 0.67 0.73 0.74 0.74 0.76 0.8  0.83 0.85 0.86 0.93 1.04 1.07 1.09 1.1
 1.12 1.22 1.37 1.5 ]
var: 0.11840808333333312
| [0m4        [0m | [0m0.5345   [0m | [0m0.05984  [0m | [0m1.2      [0m | [0m0.613    [0m |
[0.03 0.05 0.05 0.09 0.09 0.11 0.14 0.16 0.2  0.25 0.29 0.33 0.35 0.36
 0.39 0.43 0.44 0.49 0.5  0.51 0.51 0.52 0.59 0.6  0.61 0.64 0.67 0.68
 0.71 0.72 0.75 0.8  0.85 0.89 0.94 0.96 0.96 0.97 1.   1.03 1.07 1.11
 1.21 1.23 1.24 1.24 1.28 1.38 1.48 1.5  1.6  1.68 1.71 1.76 1.82 2.09
 2.22 2.42 3.05 3.19]
var: 0.4960212222222221
| [95m5        [0m | [95m0.9157   [0m | [95m0.05771  [0m | [95m30.86    [0m | [95m0.7855   [0m |
[0.   0.   0.   0.   0.   0.02 0.05 0.05 0.05 0.07 0.07 0.08 0.08 0.08
 0.1  0.12 0.12 0.15 0.16 0.17 0.18 0.18 0.18 0.21 0.22 0.23 0.23 0.24
 0.25 0.25 0.27 0.29 0.29 0.3  0.31 0.32 0.35 0.36 0.39 0.42 0.48 0.5
 0.52 0.53 0.54 0.55 0.58 0.61 0.62 0.66 0.68 0.69 0.77 0.96 0.99 1.17
 1.25 1.3  1.84 2.27]
var: 0.19343763888888926
| [0m6        [0m | [0m0.4058   [0m | [0m0.02733  [0m | [0m36.73    [0m | [0m2.065    [0m |
[0.01 0.03 0.03 0.03 0.04 0.07 0.08 0.08 0.09 0.09 0.1  0.1  0.11 0.12
 0.13 0.13 0.14 0.14 0.14 0.16 0.17 0.19 0.2  0.22 0.23 0.24 0.27 0.3
 0.3  0.31 0.33 0.34 0.35 0.35 0.37 0.37 0.38 0.38 0.38 0.4  0.42 0.43
 0.44 0.45 0.47 0.48 0.49 0.5  0.52 0.52 0.59 0.63 0.67 0.71 0.72 0.93
 1.13 1.2  1.41 1.96]
var: 0.12549697222222245
| [0m7        [0m | [0m0.3762   [0m | [0m0.1381   [0m | [0m38.97    [0m | [0m2.247    [0m |
[0.   0.01 0.04 0.04 0.07 0.08 0.11 0.13 0.15 0.18 0.18 0.21 0.21 0.22
 0.24 0.24 0.25 0.3  0.33 0.33 0.34 0.36 0.37 0.4  0.43 0.43 0.44 0.46
 0.47 0.48 0.48 0.48 0.49 0.49 0.49 0.49 0.51 0.57 0.57 0.59 0.59 0.6
 0.6  0.62 0.64 0.65 0.66 0.74 0.75 0.76 0.91 0.95 0.97 1.06 1.17 1.4
 1.42 1.71 2.16 2.9 ]
var: 0.2595415555555558
| [0m8        [0m | [0m0.5653   [0m | [0m0.1662   [0m | [0m37.05    [0m | [0m1.297    [0m |
[0.   0.   0.01 0.02 0.04 0.06 0.07 0.09 0.1  0.11 0.11 0.12 0.13 0.18
 0.2  0.22 0.22 0.23 0.24 0.25 0.25 0.26 0.3  0.34 0.35 0.36 0.38 0.38
 0.39 0.39 0.4  0.4  0.41 0.41 0.43 0.45 0.45 0.46 0.49 0.49 0.49 0.53
 0.53 0.54 0.57 0.58 0.6  0.62 0.64 0.66 0.7  0.71 0.77 1.05 1.09 1.11
 1.13 1.26 1.36 1.39]
var: 0.11539266666666675
| [0m9        [0m | [0m0.442    [0m | [0m0.207    [0m | [0m34.04    [0m | [0m2.1      [0m |
[0.   0.   0.   0.02 0.03 0.03 0.03 0.06 0.07 0.07 0.1  0.13 0.15 0.18
 0.18 0.19 0.25 0.26 0.28 0.29 0.3  0.31 0.32 0.37 0.38 0.39 0.4  0.44
 0.44 0.44 0.45 0.53 0.53 0.53 0.54 0.56 0.57 0.58 0.58 0.63 0.64 0.66
 0.66 0.67 0.71 0.75 0.76 0.78 0.79 0.83 0.84 0.91 0.97 1.01 1.05 1.11
 1.17 1.2  1.75 2.26]
var: 0.18199030555555556
| [0m10       [0m | [0m0.5188   [0m | [0m0.2877   [0m | [0m38.13    [0m | [0m0.9676   [0m |
[0.01 0.01 0.01 0.02 0.03 0.06 0.07 0.08 0.08 0.08 0.1  0.16 0.16 0.16
 0.17 0.17 0.18 0.19 0.22 0.23 0.23 0.24 0.27 0.29 0.29 0.3  0.3  0.31
 0.31 0.33 0.33 0.35 0.36 0.4  0.4  0.4  0.41 0.43 0.44 0.48 0.53 0.53
 0.55 0.58 0.58 0.59 0.59 0.61 0.63 0.66 0.67 0.69 0.69 0.72 0.75 0.76
 0.79 0.81 1.01 1.04]
var: 0.06632288888888876
| [0m11       [0m | [0m0.3807   [0m | [0m0.06476  [0m | [0m31.21    [0m | [0m2.626    [0m |
[0.01 0.01 0.04 0.06 0.07 0.08 0.09 0.1  0.1  0.12 0.14 0.16 0.17 0.18
 0.19 0.2  0.21 0.23 0.27 0.28 0.28 0.3  0.3  0.3  0.32 0.33 0.34 0.34
 0.35 0.36 0.36 0.36 0.38 0.38 0.38 0.4  0.4  0.42 0.43 0.44 0.44 0.48
 0.52 0.53 0.53 0.54 0.54 0.56 0.57 0.58 0.62 0.7  0.75 0.8  0.89 1.01
 1.07 1.15 1.37 3.16]
var: 0.20435163888888896
| [0m12       [0m | [0m0.4448   [0m | [0m0.1449   [0m | [0m47.26    [0m | [0m1.573    [0m |
[0.   0.04 0.05 0.05 0.05 0.07 0.07 0.09 0.1  0.1  0.11 0.11 0.11 0.12
 0.13 0.14 0.15 0.17 0.21 0.21 0.24 0.25 0.25 0.31 0.34 0.35 0.36 0.37
 0.37 0.38 0.38 0.39 0.4  0.41 0.42 0.44 0.44 0.47 0.47 0.48 0.48 0.51
 0.51 0.53 0.57 0.59 0.61 0.63 0.63 0.63 0.64 0.72 0.76 0.81 0.9  0.91
 1.09 1.13 1.14 1.42]
var: 0.09646608333333342
| [0m13       [0m | [0m0.4135   [0m | [0m0.2056   [0m | [0m25.25    [0m | [0m2.04     [0m |
[0.   0.04 0.04 0.06 0.07 0.08 0.09 0.12 0.14 0.19 0.19 0.2  0.21 0.21
 0.26 0.28 0.28 0.32 0.33 0.36 0.38 0.4  0.42 0.43 0.49 0.52 0.53 0.56
 0.59 0.68 0.7  0.7  0.72 0.77 0.81 0.86 0.87 0.9  0.99 1.   1.07 1.11
 1.2  1.21 1.21 1.26 1.28 1.33 1.34 1.42 1.44 1.47 1.53 1.59 1.65 1.68
 1.76 1.77 1.86 2.37]
var: 0.33597788888888874
| [0m14       [0m | [0m0.7723   [0m | [0m0.1441   [0m | [0m11.04    [0m | [0m0.9712   [0m |
[0.44 0.69 0.79 0.87 0.89 0.9  1.03 1.04 1.12 1.12 1.13 1.21 1.31 1.33
 1.47 1.55 1.55 1.56 1.59 1.59 1.64 1.65 1.67 1.69 1.82 1.82 1.88 1.88
 1.91 1.96 1.99 2.   2.02 2.1  2.11 2.14 2.17 2.19 2.23 2.25 2.25 2.27
 2.29 2.36 2.4  2.43 2.46 2.5  2.53 2.61 2.66 2.96 2.99 3.11 3.33 3.42
 3.53 3.59 4.07 4.71]
var: 0.7116703055555561
| [95m15       [0m | [95m2.013    [0m | [95m0.04868  [0m | [95m15.68    [0m | [95m0.02153  [0m |
[0.03 0.14 0.26 0.26 0.3  0.32 0.33 0.35 0.37 0.38 0.41 0.42 0.46 0.49
 0.52 0.53 0.53 0.57 0.58 0.64 0.66 0.68 0.69 0.69 0.71 0.71 0.72 0.76
 0.77 0.77 0.8  0.85 0.86 0.87 0.9  0.95 1.   1.01 1.04 1.07 1.09 1.16
 1.21 1.25 1.25 1.33 1.39 1.41 1.44 1.51 1.51 1.55 1.66 1.83 1.98 2.21
 2.71 2.73 2.91 3.35]
var: 0.48338266666666724
| [0m16       [0m | [0m0.998    [0m | [0m0.1851   [0m | [0m16.02    [0m | [0m0.9157   [0m |
[0.04 0.07 0.08 0.11 0.12 0.12 0.15 0.16 0.19 0.19 0.23 0.26 0.28 0.29
 0.3  0.32 0.33 0.34 0.34 0.34 0.35 0.35 0.35 0.36 0.36 0.37 0.4  0.4
 0.42 0.42 0.42 0.47 0.48 0.51 0.53 0.54 0.54 0.56 0.58 0.59 0.59 0.59
 0.61 0.63 0.65 0.66 0.67 0.68 0.7  0.76 0.78 0.81 0.81 1.09 1.18 1.45
 1.59 1.67 1.92 1.94]
var: 0.1795062222222226
| [0m17       [0m | [0m0.5507   [0m | [0m0.09219  [0m | [0m8.212    [0m | [0m2.971    [0m |
[0.11 0.5  0.55 0.58 0.63 0.69 0.78 0.95 1.03 1.06 1.08 1.08 1.09 1.16
 1.19 1.21 1.28 1.33 1.53 1.53 1.56 1.58 1.6  1.61 1.67 1.67 1.67 1.69
 1.71 1.72 1.77 2.03 2.03 2.03 2.07 2.09 2.09 2.09 2.11 2.17 2.25 2.3
 2.33 2.37 2.45 2.46 2.57 2.75 2.95 3.04 3.29 3.33 3.43 3.54 3.6  3.8
 3.9  4.01 4.23 4.77]
var: 1.048101638888889
| [0m18       [0m | [0m1.995    [0m | [0m0.03898  [0m | [0m17.89    [0m | [0m0.2664   [0m |
[0.   0.01 0.03 0.06 0.07 0.11 0.11 0.13 0.15 0.16 0.19 0.21 0.21 0.22
 0.26 0.28 0.31 0.32 0.35 0.35 0.37 0.38 0.38 0.38 0.41 0.41 0.41 0.43
 0.44 0.46 0.49 0.49 0.49 0.53 0.54 0.54 0.57 0.58 0.59 0.62 0.65 0.66
 0.75 0.77 0.93 0.94 0.96 0.97 0.99 1.1  1.17 1.21 1.27 1.28 1.34 1.36
 1.51 1.53 1.55 2.04]
var: 0.21014655555555564
| [0m19       [0m | [0m0.6003   [0m | [0m0.134    [0m | [0m19.14    [0m | [0m1.77     [0m |
[0.04 0.08 0.14 0.16 0.23 0.24 0.25 0.34 0.36 0.37 0.4  0.43 0.46 0.56
 0.57 0.58 0.58 0.66 0.67 0.68 0.69 0.71 0.72 0.73 0.76 0.79 0.8  0.82
 0.86 0.93 0.99 1.04 1.08 1.08 1.09 1.1  1.12 1.18 1.18 1.19 1.19 1.2
 1.22 1.24 1.27 1.27 1.28 1.28 1.37 1.41 1.45 1.6  1.67 1.74 1.74 1.76
 1.77 1.89 2.47 2.58]
var: 0.3059078888888889
| [0m20       [0m | [0m0.9677   [0m | [0m0.2544   [0m | [0m6.344    [0m | [0m1.119    [0m |
[0.   0.   0.   0.   0.   0.01 0.01 0.03 0.04 0.05 0.06 0.08 0.08 0.08
 0.09 0.1  0.13 0.13 0.15 0.16 0.17 0.17 0.17 0.18 0.19 0.2  0.22 0.25
 0.26 0.28 0.29 0.29 0.3  0.31 0.31 0.34 0.35 0.37 0.38 0.38 0.39 0.39
 0.39 0.41 0.43 0.44 0.45 0.45 0.46 0.48 0.5  0.53 0.55 0.56 0.58 0.59
 0.67 0.76 0.87 0.87]
var: 0.04802655555555556
| [0m21       [0m | [0m0.2897   [0m | [0m0.2181   [0m | [0m34.3     [0m | [0m2.644    [0m |
[0.01 0.02 0.07 0.09 0.09 0.12 0.16 0.24 0.28 0.29 0.33 0.36 0.37 0.38
 0.41 0.43 0.46 0.49 0.5  0.5  0.51 0.53 0.53 0.53 0.55 0.55 0.56 0.58
 0.62 0.63 0.65 0.69 0.69 0.72 0.75 0.77 0.83 0.85 0.91 0.92 0.99 1.09
 1.11 1.15 1.19 1.19 1.24 1.29 1.29 1.29 1.33 1.37 1.38 1.43 1.43 1.77
 1.85 2.02 2.6  2.84]
var: 0.34737988888888904
| [0m22       [0m | [0m0.8137   [0m | [0m0.2806   [0m | [0m41.07    [0m | [0m0.5571   [0m |
[0.06 0.07 0.08 0.11 0.12 0.15 0.17 0.19 0.2  0.22 0.23 0.25 0.3  0.32
 0.32 0.36 0.38 0.39 0.4  0.43 0.46 0.46 0.52 0.53 0.54 0.54 0.59 0.6
 0.63 0.64 0.65 0.65 0.72 0.74 0.81 0.83 0.88 0.9  0.91 0.93 0.98 0.99
 1.   1.06 1.13 1.19 1.36 1.42 1.47 1.55 1.58 1.62 1.68 1.75 1.77 2.08
 2.1  2.23 2.35 2.76]
var: 0.41544430555555567
| [0m23       [0m | [0m0.8392   [0m | [0m0.2929   [0m | [0m17.42    [0m | [0m1.43     [0m |
[0.03 0.14 0.16 0.29 0.31 0.34 0.35 0.4  0.42 0.43 0.43 0.43 0.49 0.51
 0.52 0.54 0.6  0.61 0.63 0.64 0.65 0.65 0.67 0.67 0.69 0.76 0.77 0.83
 0.86 0.92 0.93 0.93 0.96 1.   1.02 1.04 1.09 1.09 1.1  1.14 1.17 1.18
 1.19 1.22 1.24 1.32 1.48 1.62 1.62 1.71 1.81 1.82 1.91 1.91 1.95 2.07
 2.18 2.32 2.55 3.  ]
var: 0.4091616388888892
| [0m24       [0m | [0m1.022    [0m | [0m0.02272  [0m | [0m42.98    [0m | [0m0.6988   [0m |
[0.05 0.07 0.1  0.15 0.17 0.19 0.19 0.22 0.25 0.25 0.26 0.27 0.27 0.29
 0.32 0.33 0.34 0.34 0.34 0.35 0.36 0.39 0.41 0.45 0.45 0.49 0.51 0.53
 0.55 0.56 0.56 0.59 0.61 0.63 0.66 0.68 0.71 0.76 0.76 0.78 0.8  0.88
 0.89 0.89 0.9  0.9  0.91 0.98 1.06 1.1  1.25 1.26 1.28 1.3  1.34 1.45
 1.77 1.79 2.11 2.17]
var: 0.24063433333333345
| [0m25       [0m | [0m0.687    [0m | [0m0.2108   [0m | [0m9.363    [0m | [0m2.043    [0m |
[0.03 0.04 0.06 0.07 0.08 0.09 0.1  0.11 0.11 0.12 0.15 0.18 0.2  0.22
 0.23 0.24 0.25 0.27 0.27 0.28 0.3  0.32 0.34 0.34 0.34 0.38 0.4  0.4
 0.4  0.42 0.43 0.48 0.49 0.5  0.54 0.64 0.65 0.66 0.71 0.71 0.76 0.76
 0.78 0.81 0.83 0.9  0.93 0.96 0.98 1.03 1.12 1.12 1.13 1.3  1.32 1.43
 1.44 1.46 1.52 2.23]
var: 0.2177762222222223
| [0m26       [0m | [0m0.5893   [0m | [0m0.2883   [0m | [0m2.895    [0m | [0m1.213    [0m |
[0.02 0.03 0.06 0.08 0.08 0.1  0.13 0.14 0.14 0.16 0.17 0.17 0.19 0.21
 0.22 0.24 0.25 0.26 0.28 0.28 0.3  0.31 0.32 0.35 0.38 0.44 0.44 0.45
 0.46 0.46 0.46 0.48 0.5  0.5  0.51 0.51 0.52 0.54 0.54 0.54 0.54 0.61
 0.65 0.69 0.7  0.79 0.8  0.82 0.84 0.86 0.87 1.   1.08 1.14 1.15 1.22
 1.23 1.28 1.58 1.92]
var: 0.159364972222222
| [0m27       [0m | [0m0.5332   [0m | [0m0.229    [0m | [0m48.25    [0m | [0m0.8598   [0m |
[0.   0.02 0.03 0.05 0.06 0.15 0.21 0.24 0.27 0.27 0.28 0.29 0.29 0.31
 0.34 0.35 0.35 0.35 0.38 0.43 0.44 0.49 0.51 0.52 0.52 0.52 0.55 0.56
 0.56 0.56 0.6  0.61 0.61 0.65 0.65 0.68 0.69 0.71 0.72 0.75 0.76 0.76
 0.79 0.8  0.94 0.94 1.04 1.1  1.15 1.18 1.21 1.22 1.25 1.25 1.33 1.42
 1.48 1.57 1.61 2.  ]
var: 0.1965736388888884
| [0m28       [0m | [0m0.6728   [0m | [0m0.1362   [0m | [0m11.28    [0m | [0m2.164    [0m |
[0.01 0.02 0.04 0.11 0.11 0.13 0.13 0.2  0.26 0.26 0.29 0.33 0.33 0.34
 0.35 0.37 0.41 0.45 0.45 0.48 0.49 0.5  0.54 0.54 0.55 0.55 0.58 0.6
 0.61 0.63 0.63 0.65 0.68 0.68 0.7  0.73 0.74 0.74 0.77 0.83 0.86 0.95
 1.   1.13 1.13 1.14 1.16 1.18 1.19 1.2  1.22 1.29 1.33 1.36 1.59 1.77
 1.84 1.92 1.98 2.08]
var: 0.2649769722222225
| [0m29       [0m | [0m0.7522   [0m | [0m0.1954   [0m | [0m37.2     [0m | [0m0.6334   [0m |
[0.34 0.53 0.54 0.75 0.8  0.83 0.87 0.87 0.96 0.98 1.03 1.25 1.28 1.28
 1.29 1.31 1.32 1.36 1.46 1.47 1.47 1.54 1.57 1.62 1.64 1.65 1.65 1.75
 1.79 1.8  1.82 1.82 1.88 1.92 1.99 2.08 2.1  2.13 2.14 2.23 2.29 2.29
 2.39 2.41 2.43 2.47 2.88 2.94 3.02 3.19 3.27 3.64 3.65 3.66 3.67 3.69
 3.81 3.88 4.26 6.03]
var: 1.183999888888889
| [95m30       [0m | [95m2.05     [0m | [95m0.2071   [0m | [95m4.492    [0m | [95m0.05659  [0m |
[0.   0.   0.   0.   0.01 0.01 0.03 0.03 0.04 0.05 0.05 0.05 0.05 0.05
 0.09 0.09 0.1  0.11 0.11 0.13 0.18 0.2  0.2  0.2  0.21 0.22 0.24 0.25
 0.25 0.26 0.3  0.31 0.32 0.34 0.34 0.36 0.36 0.37 0.37 0.38 0.39 0.42
 0.42 0.42 0.43 0.46 0.46 0.47 0.47 0.49 0.49 0.51 0.54 0.55 0.56 0.62
 0.71 0.73 0.75 1.19]
var: 0.05516122222222204
| [0m31       [0m | [0m0.2957   [0m | [0m0.08783  [0m | [0m40.41    [0m | [0m2.58     [0m |
[0.   0.   0.02 0.02 0.03 0.04 0.04 0.05 0.05 0.06 0.06 0.07 0.07 0.08
 0.09 0.09 0.11 0.12 0.12 0.13 0.14 0.14 0.15 0.15 0.17 0.18 0.19 0.19
 0.23 0.24 0.26 0.27 0.3  0.3  0.3  0.31 0.31 0.33 0.38 0.42 0.42 0.48
 0.5  0.51 0.52 0.52 0.53 0.53 0.55 0.6  0.74 0.75 0.76 0.88 0.9  0.9
 1.18 1.66 1.84 2.  ]
var: 0.18273766666666677
| [0m32       [0m | [0m0.383    [0m | [0m0.02963  [0m | [0m30.52    [0m | [0m2.246    [0m |
[0.   0.03 0.06 0.08 0.1  0.1  0.14 0.17 0.19 0.23 0.24 0.25 0.26 0.34
 0.35 0.38 0.38 0.45 0.48 0.51 0.51 0.52 0.57 0.65 0.7  0.71 0.74 0.75
 0.76 0.77 0.77 0.83 0.85 0.9  0.91 0.94 0.99 0.99 1.11 1.11 1.13 1.18
 1.28 1.3  1.3  1.33 1.35 1.41 1.55 1.57 1.62 1.67 1.82 1.96 2.06 2.24
 2.24 2.57 2.7  3.14]
var: 0.5183095555555559
| [0m33       [0m | [0m0.9373   [0m | [0m0.1021   [0m | [0m22.6     [0m | [0m1.158    [0m |
[0.   0.01 0.02 0.02 0.03 0.05 0.05 0.05 0.06 0.08 0.1  0.11 0.11 0.12
 0.13 0.13 0.14 0.14 0.15 0.18 0.2  0.2  0.23 0.23 0.24 0.25 0.27 0.32
 0.34 0.34 0.34 0.35 0.38 0.39 0.39 0.44 0.44 0.44 0.45 0.47 0.47 0.5
 0.53 0.53 0.57 0.57 0.57 0.58 0.6  0.6  0.64 0.66 0.73 0.74 0.87 0.89
 0.94 0.98 1.09 1.71]
var: 0.10256733333333323
| [0m34       [0m | [0m0.386    [0m | [0m0.03804  [0m | [0m31.57    [0m | [0m2.254    [0m |
[0.   0.01 0.02 0.02 0.03 0.06 0.06 0.07 0.08 0.09 0.12 0.12 0.13 0.13
 0.18 0.18 0.19 0.21 0.21 0.22 0.26 0.28 0.28 0.34 0.34 0.39 0.39 0.4
 0.42 0.43 0.44 0.46 0.46 0.47 0.47 0.48 0.48 0.5  0.5  0.54 0.57 0.58
 0.59 0.6  0.6  0.62 0.64 0.7  0.76 0.77 0.79 0.8  0.85 0.88 0.94 1.13
 1.42 1.56 1.82 3.29]
var: 0.27067030555555555
| [0m35       [0m | [0m0.5062   [0m | [0m0.09176  [0m | [0m24.77    [0m | [0m1.739    [0m |
[0.03 0.16 0.16 0.21 0.28 0.29 0.3  0.33 0.33 0.36 0.45 0.54 0.57 0.57
 0.58 0.6  0.62 0.63 0.64 0.64 0.65 0.66 0.67 0.67 0.76 0.77 0.78 0.79
 0.81 0.91 0.92 0.92 0.92 0.92 0.94 0.98 1.02 1.05 1.08 1.08 1.09 1.09
 1.09 1.14 1.16 1.16 1.17 1.2  1.22 1.23 1.38 1.38 1.49 1.56 1.59 1.86
 2.   2.1  2.47 2.65]
var: 0.28790766666666656
| [0m36       [0m | [0m0.927    [0m | [0m0.1422   [0m | [0m46.21    [0m | [0m0.4252   [0m |
[0.   0.01 0.03 0.04 0.09 0.1  0.1  0.14 0.17 0.19 0.2  0.22 0.26 0.29
 0.29 0.32 0.34 0.34 0.36 0.39 0.43 0.44 0.44 0.44 0.49 0.49 0.5  0.53
 0.54 0.54 0.58 0.63 0.66 0.68 0.81 0.84 0.86 0.92 0.99 1.02 1.12 1.12
 1.17 1.29 1.32 1.42 1.43 1.45 1.48 1.5  1.51 1.52 1.54 1.55 1.71 1.72
 1.79 1.96 2.19 2.2 ]
var: 0.36516833333333343
| [0m37       [0m | [0m0.795    [0m | [0m0.2057   [0m | [0m16.29    [0m | [0m1.221    [0m |
[0.03 0.12 0.19 0.38 0.49 0.53 0.53 0.56 0.58 0.61 0.64 0.69 0.74 0.78
 0.82 0.82 0.83 0.83 0.86 0.88 0.98 1.   1.14 1.15 1.16 1.18 1.2  1.21
 1.22 1.23 1.25 1.25 1.27 1.29 1.33 1.37 1.41 1.45 1.61 1.62 1.64 1.64
 1.69 1.72 1.75 1.76 1.8  1.94 1.98 2.05 2.07 2.42 2.7  2.77 2.8  2.98
 3.03 3.11 3.21 4.43]
var: 0.7390193333333339
| [0m38       [0m | [0m1.412    [0m | [0m0.06039  [0m | [0m47.99    [0m | [0m0.2086   [0m |
[0.   0.   0.   0.04 0.05 0.1  0.11 0.13 0.14 0.14 0.16 0.17 0.17 0.2
 0.2  0.21 0.22 0.23 0.24 0.27 0.27 0.31 0.34 0.35 0.35 0.35 0.37 0.38
 0.43 0.44 0.45 0.47 0.47 0.47 0.47 0.53 0.53 0.55 0.56 0.57 0.62 0.64
 0.65 0.69 0.76 0.78 0.84 0.85 0.88 0.93 0.94 0.95 1.02 1.09 1.18 1.2
 1.66 1.74 1.84 2.74]
var: 0.25424288888888913
| [0m39       [0m | [0m0.5573   [0m | [0m0.1803   [0m | [0m35.53    [0m | [0m1.36     [0m |
[0.   0.02 0.02 0.03 0.03 0.05 0.06 0.06 0.07 0.08 0.09 0.11 0.14 0.14
 0.15 0.15 0.16 0.17 0.19 0.2  0.21 0.22 0.23 0.23 0.24 0.24 0.25 0.27
 0.27 0.27 0.29 0.3  0.31 0.32 0.33 0.34 0.36 0.36 0.37 0.37 0.38 0.39
 0.39 0.39 0.39 0.4  0.43 0.44 0.46 0.46 0.47 0.5  0.51 0.51 0.52 0.55
 0.55 0.66 0.7  0.78]
var: 0.03245766666666663
| [0m40       [0m | [0m0.293    [0m | [0m0.1937   [0m | [0m34.49    [0m | [0m2.996    [0m |
[0.55 0.68 1.08 1.14 1.14 1.17 1.31 1.35 1.54 1.71 1.76 1.77 1.9  1.91
 1.91 1.94 2.08 2.09 2.12 2.14 2.15 2.17 2.22 2.3  2.31 2.36 2.37 2.65
 2.68 2.78 2.87 2.89 2.9  2.93 2.94 3.   3.02 3.16 3.28 3.36 3.37 3.37
 3.38 3.42 3.51 3.51 3.55 3.64 3.79 3.88 4.19 4.3  4.32 4.49 4.55 5.04
 5.08 5.24 5.47 9.04]
var: 1.9653847499999997
| [95m41       [0m | [95m2.88     [0m | [95m1e-08    [0m | [95m17.06    [0m | [95m0.001    [0m |
[0.83 0.98 1.02 1.12 1.26 1.27 1.29 1.3  1.3  1.42 1.45 1.56 1.57 1.59
 1.66 1.8  1.83 1.95 1.97 2.03 2.19 2.22 2.22 2.31 2.37 2.38 2.44 2.48
 2.6  2.61 2.7  2.72 2.75 2.75 2.79 2.8  2.84 2.86 2.87 2.92 2.93 3.04
 3.11 3.2  3.22 3.34 3.36 3.39 3.5  3.55 3.56 3.79 3.97 4.08 4.22 4.4
 4.53 4.81 4.85 5.44]
var: 1.135301638888888
| [0m42       [0m | [0m2.622    [0m | [0m1e-08    [0m | [0m16.67    [0m | [0m0.001    [0m |
[0.45 0.73 0.84 0.86 1.   1.   1.17 1.24 1.26 1.3  1.3  1.4  1.45 1.45
 1.51 1.52 1.59 1.63 1.63 1.64 1.7  1.71 1.74 1.84 1.86 1.86 1.87 1.89
 1.92 1.95 1.96 2.06 2.07 2.11 2.17 2.22 2.24 2.31 2.37 2.4  2.41 2.41
 2.42 2.44 2.46 2.61 2.7  2.76 2.8  2.81 2.81 2.83 2.86 2.91 3.23 3.46
 3.5  3.64 4.5  5.47]
var: 0.7857743055555548
| [0m43       [0m | [0m2.104    [0m | [0m0.2719   [0m | [0m17.13    [0m | [0m0.04892  [0m |
[0.56 0.6  0.71 0.8  0.87 0.95 1.05 1.23 1.31 1.37 1.68 1.74 1.79 1.87
 2.04 2.05 2.11 2.17 2.21 2.32 2.37 2.37 2.47 2.64 2.68 2.71 2.72 2.75
 2.78 2.81 2.85 2.87 2.93 3.03 3.03 3.06 3.09 3.32 3.32 3.39 3.42 3.43
 3.43 3.46 3.51 3.58 3.67 3.72 3.72 3.73 3.8  4.04 4.36 4.37 4.56 4.6
 4.92 4.97 5.42 7.49]
var: 1.6912143333333327
| [0m44       [0m | [0m2.847    [0m | [0m1e-08    [0m | [0m17.32    [0m | [0m0.001    [0m |
[0.36 0.83 1.17 1.24 1.24 1.48 1.49 1.63 1.75 1.8  1.82 1.84 1.9  1.94
 2.05 2.05 2.19 2.2  2.22 2.23 2.31 2.38 2.54 2.64 2.65 2.66 2.67 2.68
 2.68 2.7  2.84 2.86 2.88 2.94 2.96 3.01 3.07 3.09 3.21 3.25 3.28 3.32
 3.36 3.47 3.48 3.55 3.59 4.2  4.25 4.26 4.3  4.51 4.57 4.58 4.61 5.02
 5.11 5.24 5.47 5.52]
var: 1.420469
| [95m45       [0m | [95m2.919    [0m | [95m0.01501  [0m | [95m17.16    [0m | [95m0.03724  [0m |
[0.21 0.38 0.53 0.67 1.08 1.08 1.1  1.11 1.12 1.13 1.22 1.25 1.28 1.28
 1.37 1.38 1.45 1.47 1.75 1.77 1.91 1.91 1.94 1.97 2.   2.02 2.04 2.17
 2.21 2.36 2.37 2.6  2.62 2.64 2.69 2.71 2.79 2.89 2.9  2.91 2.92 2.93
 3.05 3.16 3.16 3.35 3.51 3.65 3.7  3.75 3.83 3.89 3.95 4.01 4.22 4.53
 4.67 4.79 4.85 5.32]
var: 1.4938982222222221
| [0m46       [0m | [0m2.459    [0m | [0m0.02997  [0m | [0m17.08    [0m | [0m0.2201   [0m |
[0.48 0.7  1.68 1.69 1.73 1.76 1.83 1.89 1.94 2.01 2.1  2.11 2.17 2.22
 2.22 2.35 2.35 2.38 2.44 2.44 2.53 2.56 2.58 2.6  2.64 2.72 2.8  2.82
 2.88 2.9  2.91 2.91 2.91 3.01 3.06 3.06 3.08 3.14 3.17 3.25 3.32 3.33
 3.34 3.55 3.61 3.74 3.79 4.1  4.22 4.25 4.36 4.45 4.61 4.63 4.9  5.04
 5.19 5.22 5.3  5.65]
var: 1.247543222222222
| [95m47       [0m | [95m3.044    [0m | [95m1e-08    [0m | [95m14.11    [0m | [95m0.001    [0m |
[0.16 0.29 0.52 0.62 0.63 0.89 0.93 0.97 1.04 1.11 1.12 1.17 1.19 1.27
 1.27 1.38 1.4  1.43 1.44 1.51 1.58 1.58 1.85 1.86 1.89 1.91 1.99 2.05
 2.12 2.16 2.19 2.21 2.22 2.22 2.23 2.24 2.33 2.51 2.54 2.57 2.62 2.64
 2.68 2.69 2.74 2.78 2.78 2.84 2.84 2.85 2.92 2.97 3.02 3.06 3.21 3.31
 3.56 3.75 3.76 4.12]
var: 0.826503638888889
| [0m48       [0m | [0m2.062    [0m | [0m0.2931   [0m | [0m13.35    [0m | [0m0.0867   [0m |
[0.   0.   0.   0.   0.01 0.02 0.02 0.02 0.02 0.05 0.08 0.14 0.14 0.15
 0.21 0.23 0.24 0.28 0.29 0.29 0.33 0.35 0.37 0.38 0.39 0.44 0.45 0.47
 0.48 0.5  0.51 0.51 0.54 0.54 0.54 0.55 0.6  0.6  0.63 0.73 0.74 0.79
 0.89 1.05 1.06 1.09 1.17 1.49 1.62 1.63 1.82 1.9  1.93 2.12 2.12 2.35
 3.   3.03 3.5  3.8 ]
var: 0.8252799999999999
| [0m49       [0m | [0m0.82     [0m | [0m1e-08    [0m | [0m14.24    [0m | [0m0.6519   [0m |
[0.09 0.1  0.11 0.11 0.11 0.12 0.12 0.12 0.12 0.12 0.13 0.13 0.13 0.13
 0.13 0.14 0.14 0.14 0.14 0.17 0.18 0.18 0.21 0.23 0.25 0.25 0.25 0.27
 0.3  0.3  0.3  0.31 0.31 0.31 0.32 0.36 0.37 0.38 0.42 0.43 0.45 0.45
 0.46 0.46 0.5  0.51 0.51 0.51 0.53 0.57 0.57 0.61 0.61 0.62 0.64 0.67
 0.71 0.77 0.82 1.11]
var: 0.04900163888888884
| [0m50       [0m | [0m0.3418   [0m | [0m0.2505   [0m | [0m14.84    [0m | [0m0.007629 [0m |
[0.75 0.93 0.97 1.04 1.05 1.11 1.3  1.38 1.54 1.55 1.57 1.6  1.73 1.73
 1.74 1.75 1.77 1.79 1.8  1.82 1.82 1.93 1.93 1.95 2.04 2.07 2.08 2.09
 2.11 2.12 2.13 2.2  2.21 2.22 2.28 2.33 2.35 2.36 2.37 2.38 2.39 2.49
 2.54 2.62 2.63 2.75 2.84 3.13 3.29 3.41 3.54 3.63 3.77 4.01 4.03 4.28
 4.78 4.88 4.93 5.54]
var: 1.1107547500000001
| [0m51       [0m | [0m2.39     [0m | [0m0.1007   [0m | [0m13.86    [0m | [0m0.04964  [0m |
[0.65 0.94 1.18 1.39 1.43 1.46 1.48 1.53 1.59 1.59 1.65 1.67 1.76 1.78
 1.99 2.02 2.06 2.1  2.16 2.2  2.23 2.25 2.3  2.34 2.56 2.56 2.57 2.61
 2.64 2.75 2.82 2.84 2.84 2.84 2.84 2.93 2.93 3.01 3.05 3.06 3.07 3.1
 3.12 3.22 3.24 3.26 3.4  3.5  3.55 3.87 3.95 4.3  4.3  4.93 5.16 5.26
 5.31 5.74 5.76 7.18]
var: 1.6668532222222217
| [0m52       [0m | [0m2.864    [0m | [0m1e-08    [0m | [0m5.236    [0m | [0m0.001    [0m |
[0.11 0.18 0.29 0.3  0.32 0.42 0.44 0.44 0.45 0.45 0.51 0.54 0.54 0.55
 0.64 0.66 0.66 0.68 0.7  0.71 0.71 0.72 0.78 0.78 0.78 0.83 0.85 0.86
 0.88 0.89 0.98 1.01 1.07 1.11 1.15 1.16 1.18 1.26 1.28 1.54 1.56 1.58
 1.72 1.77 1.77 1.83 1.83 1.89 1.93 2.   2.04 2.14 2.17 2.18 2.23 2.25
 2.32 2.38 2.81 2.93]
var: 0.5044289999999999
| [0m53       [0m | [0m1.179    [0m | [0m0.0641   [0m | [0m5.207    [0m | [0m0.5385   [0m |
[0.45 0.48 0.5  0.54 0.55 0.66 0.9  0.92 0.93 0.94 0.97 0.97 0.97 0.98
 1.01 1.06 1.08 1.09 1.11 1.17 1.19 1.2  1.23 1.26 1.26 1.27 1.36 1.38
 1.43 1.48 1.49 1.5  1.5  1.58 1.6  1.61 1.65 1.71 1.72 1.74 1.75 1.8
 1.8  1.82 1.85 1.9  2.06 2.2  2.3  2.32 2.33 2.34 2.41 2.44 2.59 2.84
 2.87 2.96 4.09 4.89]
var: 0.6711566666666671
| [0m54       [0m | [0m1.6      [0m | [0m0.283    [0m | [0m5.676    [0m | [0m0.02578  [0m |
[0.   0.   0.   0.01 0.01 0.01 0.02 0.03 0.04 0.05 0.05 0.07 0.07 0.07
 0.08 0.09 0.09 0.15 0.19 0.25 0.29 0.3  0.32 0.33 0.33 0.35 0.36 0.37
 0.38 0.38 0.39 0.4  0.4  0.42 0.44 0.47 0.47 0.49 0.49 0.56 0.57 0.58
 0.59 0.61 0.62 0.63 0.68 0.7  0.75 0.78 0.85 0.86 0.92 0.95 0.96 0.98
 1.   1.03 1.38 2.61]
var: 0.1863114166666668
| [0m55       [0m | [0m0.4545   [0m | [0m0.2891   [0m | [0m38.9     [0m | [0m1.363    [0m |
[0.17 0.17 0.55 0.55 0.59 0.69 0.71 0.71 0.87 0.88 0.9  0.94 1.   1.13
 1.13 1.18 1.19 1.21 1.22 1.29 1.29 1.29 1.33 1.33 1.33 1.34 1.42 1.48
 1.53 1.64 1.65 1.7  1.7  1.72 1.76 1.81 1.83 1.85 1.93 1.99 2.06 2.06
 2.31 2.36 2.37 2.43 2.45 2.64 2.66 2.68 2.8  2.87 2.88 3.01 3.77 3.91
 4.22 4.23 4.32 4.5 ]
var: 1.0733614166666672
| [0m56       [0m | [0m1.826    [0m | [0m0.2904   [0m | [0m5.031    [0m | [0m0.04772  [0m |
[0.01 0.01 0.01 0.04 0.04 0.05 0.05 0.06 0.06 0.07 0.07 0.12 0.14 0.15
 0.23 0.24 0.24 0.25 0.25 0.26 0.26 0.29 0.29 0.31 0.32 0.32 0.34 0.37
 0.4  0.4  0.4  0.42 0.43 0.44 0.45 0.46 0.47 0.5  0.51 0.51 0.53 0.59
 0.6  0.63 0.67 0.68 0.71 0.78 0.8  0.8  0.85 0.9  0.96 0.96 0.98 1.03
 1.05 1.09 1.25 1.39]
var: 0.1158149722222226
| [0m57       [0m | [0m0.4582   [0m | [0m0.0947   [0m | [0m28.95    [0m | [0m1.852    [0m |
[0.   0.01 0.01 0.02 0.02 0.03 0.05 0.05 0.05 0.08 0.08 0.08 0.09 0.11
 0.13 0.13 0.14 0.16 0.17 0.18 0.2  0.2  0.24 0.24 0.24 0.24 0.25 0.26
 0.27 0.29 0.29 0.29 0.32 0.34 0.37 0.37 0.38 0.41 0.43 0.44 0.45 0.46
 0.46 0.46 0.46 0.48 0.49 0.49 0.52 0.56 0.6  0.6  0.65 0.65 0.7  0.82
 0.83 0.9  0.95 2.14]
var: 0.11011141666666655
| [0m58       [0m | [0m0.3555   [0m | [0m0.2935   [0m | [0m35.99    [0m | [0m2.453    [0m |
[0.31 0.34 0.35 0.35 0.36 0.37 0.37 0.38 0.43 0.43 0.47 0.48 0.49 0.5
 0.5  0.5  0.5  0.52 0.59 0.62 0.64 0.65 0.74 0.78 0.79 0.82 0.86 0.86
 0.88 0.91 0.92 0.97 0.98 0.99 1.05 1.06 1.1  1.25 1.29 1.32 1.32 1.34
 1.36 1.4  1.4  1.49 1.54 1.56 1.62 1.83 1.96 2.   2.07 2.1  2.18 2.23
 2.42 2.5  2.77 2.99]
var: 0.4615755555555558
| [0m59       [0m | [0m1.097    [0m | [0m0.244    [0m | [0m16.2     [0m | [0m0.01176  [0m |
[0.   0.   0.   0.   0.   0.   0.   0.01 0.01 0.01 0.01 0.01 0.01 0.01
 0.01 0.02 0.02 0.02 0.02 0.02 0.02 0.03 0.03 0.03 0.03 0.03 0.03 0.03
 0.04 0.04 0.04 0.04 0.04 0.05 0.05 0.05 0.06 0.06 0.06 0.07 0.08 0.09
 0.1  0.1  0.11 0.11 0.12 0.14 0.14 0.16 0.18 0.18 0.19 0.19 0.23 0.26
 0.3  0.31 0.35 0.36]
var: 0.008409416666666699
| [0m60       [0m | [0m0.0785   [0m | [0m0.1729   [0m | [0m14.14    [0m | [0m0.003308 [0m |
[0.66 0.67 0.72 0.73 0.85 0.91 1.01 1.07 1.18 1.35 1.52 1.63 1.67 1.71
 1.71 1.74 1.79 1.8  1.82 1.9  1.94 2.05 2.15 2.18 2.19 2.21 2.24 2.28
 2.32 2.33 2.36 2.41 2.41 2.49 2.54 2.58 2.58 2.63 2.64 2.69 2.78 2.82
 2.86 2.91 2.92 3.08 3.1  3.35 3.35 3.37 3.45 3.55 3.69 4.28 4.33 4.43
 4.46 4.49 5.07 7.33]
var: 1.4638259999999985
| [0m61       [0m | [0m2.488    [0m | [0m0.07042  [0m | [0m16.86    [0m | [0m0.06696  [0m |
[0.   0.01 0.02 0.03 0.04 0.05 0.08 0.09 0.13 0.13 0.16 0.18 0.21 0.21
 0.21 0.22 0.24 0.28 0.31 0.32 0.32 0.34 0.36 0.37 0.37 0.38 0.38 0.38
 0.38 0.4  0.41 0.42 0.42 0.42 0.47 0.48 0.49 0.49 0.51 0.51 0.53 0.54
 0.58 0.59 0.59 0.6  0.6  0.62 0.64 0.68 0.75 0.8  0.81 0.81 0.85 0.87
 0.99 1.09 1.2  1.3 ]
var: 0.08604788888888906
| [0m62       [0m | [0m0.4443   [0m | [0m0.06449  [0m | [0m15.2     [0m | [0m2.997    [0m |
[0.   0.   0.01 0.01 0.04 0.05 0.06 0.07 0.07 0.08 0.12 0.12 0.12 0.17
 0.2  0.2  0.2  0.2  0.23 0.24 0.24 0.27 0.27 0.28 0.28 0.3  0.33 0.37
 0.4  0.43 0.43 0.44 0.45 0.45 0.46 0.56 0.56 0.58 0.59 0.59 0.6  0.66
 0.67 0.72 0.77 0.84 0.94 0.95 0.96 1.04 1.04 1.05 1.09 1.11 1.12 1.25
 1.34 1.34 1.38 1.65]
var: 0.17576941666666684
| [0m63       [0m | [0m0.5165   [0m | [0m0.1237   [0m | [0m33.67    [0m | [0m1.521    [0m |
[0.82 1.42 1.63 1.76 2.13 2.18 2.33 2.48 2.61 2.67 2.69 2.72 2.72 2.72
 2.79 2.81 2.92 2.96 3.01 3.14 3.18 3.19 3.38 3.38 3.5  3.51 3.54 3.58
 3.58 3.58 3.66 3.68 3.81 3.86 3.88 3.91 3.91 3.94 4.06 4.08 4.1  4.16
 4.5  4.57 4.59 4.6  4.87 4.93 5.07 5.21 5.28 5.31 5.37 5.49 5.55 5.67
 5.7  6.26 6.29 6.73]
var: 1.5957403055555561
| [95m64       [0m | [95m3.766    [0m | [95m0.003862 [0m | [95m17.18    [0m | [95m0.05219  [0m |
[0.15 0.27 0.48 0.52 1.2  1.32 1.51 1.53 1.54 1.54 1.55 1.62 1.73 1.82
 1.83 1.85 1.86 1.92 1.94 2.   2.18 2.18 2.29 2.37 2.5  2.52 2.52 2.58
 2.58 2.59 2.62 2.72 2.75 2.88 2.89 2.97 2.97 3.03 3.05 3.06 3.1  3.11
 3.13 3.24 3.42 3.44 3.46 3.54 3.63 3.67 3.84 3.88 3.91 3.93 4.05 4.07
 4.07 4.19 4.99 6.24]
var: 1.2884923333333336
| [0m65       [0m | [0m2.639    [0m | [0m0.05845  [0m | [0m17.28    [0m | [0m0.09594  [0m |
[0.52 0.89 0.9  1.04 1.11 1.15 1.21 1.37 1.37 1.46 1.47 1.49 1.51 1.6
 1.72 1.76 1.78 1.81 1.82 1.82 1.85 1.93 1.99 2.1  2.11 2.14 2.16 2.2
 2.25 2.26 2.29 2.44 2.45 2.46 2.46 2.46 2.51 2.6  2.62 2.64 2.7  2.84
 2.87 2.93 2.93 2.95 2.99 3.15 3.17 3.27 3.33 3.38 3.58 3.82 3.87 3.87
 3.98 4.14 4.79 5.5 ]
var: 0.9708832222222222
| [0m66       [0m | [0m2.396    [0m | [0m0.1214   [0m | [0m16.95    [0m | [0m0.04398  [0m |
[0.01 0.01 0.06 0.1  0.15 0.17 0.22 0.34 0.38 0.38 0.41 0.41 0.42 0.43
 0.43 0.46 0.48 0.48 0.48 0.48 0.53 0.54 0.61 0.62 0.63 0.65 0.67 0.71
 0.73 0.76 0.79 0.79 0.8  0.81 0.82 0.82 0.83 0.86 0.87 0.9  0.95 1.
 1.03 1.1  1.1  1.11 1.13 1.13 1.18 1.2  1.21 1.27 1.29 1.46 1.49 1.54
 1.6  1.65 1.66 2.05]
var: 0.20369608333333344
| [0m67       [0m | [0m0.7865   [0m | [0m0.08838  [0m | [0m9.096    [0m | [0m1.818    [0m |
[0.63 0.74 0.77 0.87 0.88 0.94 0.97 1.05 1.23 1.26 1.35 1.4  1.45 1.5
 1.5  1.53 1.55 1.56 1.57 1.58 1.6  1.61 1.64 1.88 2.01 2.02 2.03 2.05
 2.05 2.08 2.18 2.28 2.32 2.37 2.56 2.59 2.63 2.7  2.7  2.93 2.99 2.99
 3.09 3.13 3.18 3.23 3.31 3.33 3.4  3.47 3.54 3.76 3.76 3.79 4.2  4.34
 4.57 4.6  4.66 6.02]
var: 1.3684948888888888
| [0m68       [0m | [0m2.399    [0m | [0m0.07433  [0m | [0m17.02    [0m | [0m0.1115   [0m |
[0.   0.   0.   0.   0.   0.   0.   0.   0.   0.   0.   0.   0.   0.
 0.   0.   0.   0.   0.   0.   0.   0.01 0.01 0.01 0.01 0.02 0.02 0.02
 0.03 0.05 0.07 0.13 0.14 0.14 0.15 0.16 0.17 0.18 0.19 0.19 0.2  0.21
 0.22 0.22 0.23 0.25 0.33 0.37 0.39 0.46 0.47 0.49 0.81 0.92 1.33 1.39
 1.52 1.54 1.57 4.49]
var: 0.46730608333333373
| [0m69       [0m | [0m0.3185   [0m | [0m1e-08    [0m | [0m17.2     [0m | [0m0.1155   [0m |
[0.23 0.26 0.44 0.53 0.58 0.61 0.64 0.68 0.7  0.7  0.93 1.08 1.11 1.15
 1.15 1.15 1.17 1.18 1.18 1.2  1.22 1.24 1.26 1.28 1.29 1.29 1.29 1.32
 1.35 1.35 1.39 1.54 1.58 1.58 1.71 1.75 1.77 1.81 1.82 1.82 1.83 1.89
 1.94 2.02 2.03 2.08 2.11 2.13 2.25 2.34 2.4  2.44 2.56 2.65 3.17 3.3
 3.39 3.62 3.75 5.59]
var: 0.8956098888888897
| [0m70       [0m | [0m1.664    [0m | [0m0.166    [0m | [0m30.5     [0m | [0m0.2018   [0m |
[0.41 0.45 0.61 0.63 0.77 0.78 0.79 0.81 0.82 1.16 1.36 1.46 1.5  1.5
 1.54 1.6  1.62 1.62 1.68 1.68 1.7  1.82 1.87 1.93 1.94 1.95 2.06 2.13
 2.13 2.13 2.14 2.15 2.15 2.17 2.23 2.3  2.3  2.34 2.39 2.43 2.44 2.56
 2.59 2.68 2.69 2.88 2.93 2.96 3.02 3.17 3.34 3.38 3.4  3.42 3.45 3.53
 3.66 3.73 4.06 4.91]
var: 0.9249343055555561
| [0m71       [0m | [0m2.164    [0m | [0m0.06625  [0m | [0m17.02    [0m | [0m0.1976   [0m |
[0.   0.03 0.03 0.08 0.11 0.12 0.13 0.15 0.16 0.16 0.17 0.18 0.18 0.19
 0.2  0.21 0.26 0.28 0.32 0.34 0.34 0.37 0.37 0.37 0.37 0.41 0.5  0.51
 0.55 0.55 0.56 0.56 0.59 0.6  0.6  0.61 0.65 0.66 0.67 0.72 0.73 0.74
 0.74 0.75 0.75 0.84 0.86 0.88 0.96 1.02 1.08 1.09 1.17 1.2  1.31 1.34
 1.52 1.54 1.75 2.48]
var: 0.22848163888888942
| [0m72       [0m | [0m0.6102   [0m | [0m0.09176  [0m | [0m11.28    [0m | [0m1.854    [0m |
[0.7  0.84 0.93 0.98 1.13 1.27 1.29 1.33 1.47 1.56 1.58 1.59 1.6  1.64
 1.65 1.67 2.   2.05 2.08 2.15 2.34 2.38 2.42 2.42 2.44 2.48 2.49 2.49
 2.57 2.57 2.6  2.68 2.7  2.78 2.82 2.84 2.98 3.01 3.07 3.23 3.28 3.29
 3.4  3.41 3.46 3.46 3.53 3.72 3.76 3.94 4.04 4.07 4.27 4.28 4.33 4.44
 4.64 5.15 6.03 6.26]
var: 1.4908098888888872
| [0m73       [0m | [0m2.76     [0m | [0m0.01618  [0m | [0m17.18    [0m | [0m0.02881  [0m |
[0.86 0.98 1.03 1.17 1.24 1.32 1.36 1.51 1.53 1.54 1.6  1.66 1.68 1.71
 1.73 1.75 1.83 1.83 1.83 1.9  1.91 2.09 2.14 2.14 2.16 2.16 2.19 2.22
 2.34 2.37 2.38 2.44 2.49 2.6  2.66 2.66 2.69 2.7  2.73 2.74 2.76 2.84
 2.86 2.88 2.95 3.08 3.17 3.21 3.23 3.29 3.43 3.61 3.76 3.96 3.99 4.05
 4.06 4.17 5.11 5.3 ]
var: 0.9438710000000005
| [0m74       [0m | [0m2.493    [0m | [0m0.0735   [0m | [0m17.28    [0m | [0m0.03636  [0m |
[1.12 1.53 1.64 1.69 1.85 1.91 1.93 2.   2.03 2.05 2.18 2.4  2.41 2.63
 2.63 2.65 2.69 2.69 2.73 2.76 2.83 2.92 2.95 2.98 3.01 3.07 3.07 3.1
 3.11 3.16 3.25 3.28 3.32 3.49 3.52 3.54 3.58 3.63 3.63 3.63 3.71 3.74
 3.74 3.92 3.99 4.49 4.53 4.6  4.61 4.63 4.66 4.68 4.69 4.81 5.68 5.72
 5.93 6.33 6.78 8.66]
var: 1.9180716388888897
| [0m75       [0m | [0m3.475    [0m | [0m0.00911  [0m | [0m17.14    [0m | [0m0.06011  [0m |
[0.05 0.05 0.09 0.11 0.11 0.15 0.16 0.21 0.23 0.23 0.28 0.28 0.3  0.31
 0.36 0.36 0.41 0.41 0.42 0.44 0.45 0.45 0.5  0.51 0.52 0.52 0.58 0.6
 0.66 0.68 0.72 0.74 0.75 0.84 0.85 0.87 0.94 1.04 1.08 1.1  1.16 1.17
 1.17 1.18 1.33 1.34 1.37 1.37 1.42 1.58 1.6  1.65 1.68 1.69 1.76 1.76
 1.9  2.21 2.4  3.03]
var: 0.42258030555555437
| [0m76       [0m | [0m0.8688   [0m | [0m0.2968   [0m | [0m6.712    [0m | [0m1.05     [0m |
[0.66 0.78 0.81 0.84 0.86 0.91 0.99 0.99 1.   1.01 1.04 1.06 1.09 1.11
 1.12 1.16 1.17 1.24 1.27 1.34 1.34 1.36 1.38 1.42 1.48 1.52 1.56 1.59
 1.62 1.63 1.67 1.69 1.7  1.86 1.9  1.9  1.91 1.93 2.05 2.07 2.09 2.11
 2.13 2.14 2.16 2.2  2.28 2.31 2.34 2.36 2.37 2.39 2.46 2.55 2.57 2.79
 2.82 2.91 3.89 4.01]
var: 0.5061760833333329
| [0m77       [0m | [0m1.749    [0m | [0m0.1998   [0m | [0m26.1     [0m | [0m0.05439  [0m |
[0.58 0.8  0.84 0.96 1.08 1.31 1.34 1.55 1.56 1.58 1.6  1.65 1.7  1.73
 1.74 1.75 1.75 1.78 1.84 1.96 1.98 2.02 2.09 2.09 2.1  2.15 2.19 2.21
 2.21 2.25 2.3  2.38 2.41 2.5  2.63 2.66 2.73 2.75 2.76 2.77 2.83 2.87
 2.94 3.06 3.07 3.62 3.74 3.84 3.93 3.95 4.25 4.35 4.46 4.6  4.71 4.94
 4.94 5.19 6.45 7.67]
var: 1.921094972222221
| [0m78       [0m | [0m2.695    [0m | [0m0.06353  [0m | [0m17.21    [0m | [0m0.05952  [0m |
[0.   0.   0.   0.01 0.05 0.05 0.06 0.07 0.08 0.08 0.09 0.09 0.11 0.12
 0.15 0.16 0.2  0.25 0.27 0.27 0.3  0.3  0.31 0.33 0.33 0.39 0.41 0.41
 0.45 0.48 0.51 0.53 0.55 0.58 0.62 0.62 0.63 0.68 0.68 0.7  0.71 0.72
 0.72 0.75 0.79 0.8  0.88 0.9  0.92 1.01 1.06 1.09 1.14 1.19 1.23 1.27
 1.31 1.36 2.17 2.35]
var: 0.24521608333333336
| [0m79       [0m | [0m0.5715   [0m | [0m0.1134   [0m | [0m14.05    [0m | [0m2.205    [0m |
[0.11 0.12 0.15 0.21 0.34 0.35 0.42 0.49 0.55 0.56 0.61 0.71 0.77 0.77
 0.8  0.83 0.85 0.85 0.85 0.88 0.89 0.98 1.   1.05 1.09 1.14 1.17 1.2
 1.21 1.28 1.3  1.4  1.43 1.48 1.48 1.58 1.62 1.64 1.83 1.87 1.91 1.91
 2.02 2.08 2.16 2.19 2.27 2.37 2.4  2.41 2.48 2.55 2.56 2.57 2.66 2.88
 3.03 3.08 4.8  5.56]
var: 1.094774305555556
| [0m80       [0m | [0m1.529    [0m | [0m0.002122 [0m | [0m7.645    [0m | [0m0.8138   [0m |
=============================================================
None
num_trials:  40  inits,  40  iters,  60  per
rho:  1
pthin:  0.10

Best VPT: 3.7661666666666673
Best result: {'a': 0.003861689578272512, 'g': 17.181481274688238, 's': 0.05218612563513037}

KERNEL: nu=1.5, lengthscale=2.0, alpha=0.0005
