|   iter    |  target   |     a     |     g     |     s     |
-------------------------------------------------------------
[0.05 0.06 0.09 0.1  0.11 0.13 0.14 0.17 0.24 0.24 0.25 0.27 0.35 0.38
 0.39 0.4  0.4  0.46 0.47 0.49 0.52 0.55 0.56 0.57 0.58 0.6  0.64 0.69
 0.71 0.71 0.74 0.76 0.81 0.82 0.83 0.86 0.92 0.93 0.93 0.94 1.   1.01
 1.02 1.02 1.03 1.04 1.09 1.09 1.11 1.13 1.15 1.17 1.23 1.3  1.35 1.36
 1.64 1.92 1.94 2.09]
var: 0.2255043055555554
| [0m1        [0m | [0m0.7592   [0m | [0m0.1252   [0m | [0m11.9     [0m | [0m1.996    [0m |
[0.   0.   0.   0.01 0.01 0.01 0.02 0.03 0.03 0.04 0.04 0.04 0.04 0.04
 0.06 0.08 0.1  0.11 0.14 0.15 0.16 0.18 0.19 0.21 0.21 0.21 0.23 0.25
 0.25 0.25 0.28 0.29 0.31 0.33 0.34 0.37 0.4  0.41 0.41 0.44 0.44 0.47
 0.48 0.55 0.59 0.6  0.64 0.66 0.68 0.69 0.71 0.73 0.75 0.8  0.83 0.96
 0.98 1.48 1.53 1.62]
var: 0.142615666666667
| [0m2        [0m | [0m0.381    [0m | [0m0.2793   [0m | [0m31.79    [0m | [0m2.18     [0m |
[0.   0.   0.   0.02 0.02 0.04 0.04 0.04 0.07 0.08 0.09 0.12 0.12 0.13
 0.13 0.17 0.19 0.21 0.21 0.21 0.24 0.25 0.28 0.32 0.32 0.32 0.34 0.35
 0.35 0.37 0.37 0.38 0.39 0.39 0.39 0.41 0.43 0.44 0.46 0.46 0.49 0.49
 0.5  0.54 0.55 0.56 0.59 0.6  0.66 0.75 0.77 0.8  0.86 0.87 0.89 0.92
 0.92 1.03 1.16 1.24]
var: 0.09373455555555583
| [0m3        [0m | [0m0.4057   [0m | [0m0.004467 [0m | [0m33.04    [0m | [0m2.199    [0m |
[0.01 0.03 0.08 0.1  0.1  0.12 0.13 0.15 0.16 0.19 0.2  0.2  0.21 0.22
 0.23 0.28 0.28 0.29 0.34 0.39 0.4  0.42 0.44 0.49 0.5  0.5  0.51 0.55
 0.58 0.58 0.59 0.59 0.59 0.6  0.62 0.64 0.69 0.71 0.72 0.72 0.74 0.74
 0.82 0.83 0.86 0.87 0.87 0.93 1.06 1.09 1.09 1.14 1.18 1.19 1.31 1.31
 1.32 1.9  1.97 2.  ]
var: 0.2151380833333332
| [0m4        [0m | [0m0.6395   [0m | [0m0.07804  [0m | [0m27.63    [0m | [0m1.024    [0m |
[0.05 0.1  0.21 0.22 0.25 0.27 0.29 0.33 0.33 0.39 0.39 0.4  0.41 0.42
 0.45 0.51 0.53 0.56 0.61 0.66 0.66 0.67 0.67 0.67 0.74 0.76 0.78 0.85
 0.85 0.87 0.92 0.95 0.95 0.96 0.98 0.99 1.03 1.05 1.06 1.06 1.14 1.16
 1.16 1.18 1.21 1.22 1.24 1.31 1.32 1.36 1.42 1.53 1.54 1.57 1.74 1.8
 1.87 1.95 2.03 2.49]
var: 0.27565163888888905
| [95m5        [0m | [95m0.9182   [0m | [95m0.2019   [0m | [95m14.01    [0m | [95m1.015    [0m |
[0.   0.   0.   0.   0.01 0.01 0.01 0.02 0.02 0.04 0.04 0.05 0.06 0.06
 0.08 0.08 0.09 0.09 0.09 0.09 0.1  0.1  0.14 0.16 0.19 0.2  0.23 0.26
 0.26 0.27 0.3  0.31 0.31 0.34 0.35 0.4  0.41 0.43 0.46 0.47 0.47 0.49
 0.49 0.5  0.5  0.51 0.52 0.54 0.54 0.54 0.59 0.62 0.63 0.63 0.63 0.67
 0.92 0.93 1.25 1.49]
var: 0.09566163888888889
| [0m6        [0m | [0m0.3332   [0m | [0m0.05934  [0m | [0m35.57    [0m | [0m2.78     [0m |
[0.01 0.03 0.03 0.03 0.04 0.04 0.07 0.11 0.14 0.15 0.26 0.27 0.31 0.31
 0.35 0.35 0.39 0.4  0.42 0.42 0.42 0.43 0.47 0.48 0.49 0.49 0.51 0.52
 0.56 0.56 0.56 0.58 0.64 0.67 0.67 0.68 0.7  0.7  0.7  0.73 0.74 0.77
 0.79 0.81 0.85 1.03 1.08 1.1  1.11 1.28 1.28 1.39 1.43 1.49 1.54 1.62
 1.67 1.82 1.98 2.24]
var: 0.2751216388888891
| [0m7        [0m | [0m0.6952   [0m | [0m0.2608   [0m | [0m23.16    [0m | [0m1.3      [0m |
[0.   0.01 0.02 0.07 0.08 0.1  0.14 0.15 0.21 0.21 0.23 0.23 0.24 0.25
 0.29 0.29 0.3  0.33 0.37 0.4  0.41 0.43 0.43 0.44 0.45 0.46 0.49 0.49
 0.5  0.54 0.55 0.55 0.56 0.56 0.57 0.58 0.58 0.6  0.62 0.65 0.66 0.67
 0.7  0.71 0.74 0.78 0.85 0.94 0.95 0.96 1.23 1.27 1.3  1.31 1.32 1.42
 1.52 1.65 1.71 2.24]
var: 0.21892830555555595
| [0m8        [0m | [0m0.6218   [0m | [0m0.2365   [0m | [0m22.39    [0m | [0m1.953    [0m |
[0.03 0.03 0.06 0.1  0.1  0.13 0.14 0.18 0.19 0.19 0.22 0.24 0.26 0.3
 0.31 0.32 0.35 0.43 0.44 0.46 0.47 0.52 0.52 0.55 0.56 0.63 0.66 0.7
 0.74 0.82 0.89 0.91 0.94 0.96 0.97 1.   1.02 1.17 1.21 1.22 1.22 1.29
 1.36 1.38 1.39 1.44 1.53 1.6  1.61 1.61 1.66 1.76 1.87 1.96 2.   2.02
 2.06 2.12 2.67 2.74]
var: 0.48227697222222204
| [95m9        [0m | [95m0.9372   [0m | [95m0.2043   [0m | [95m47.28    [0m | [95m0.4166   [0m |
[0.   0.   0.   0.   0.01 0.01 0.01 0.02 0.04 0.06 0.07 0.07 0.07 0.07
 0.09 0.1  0.1  0.11 0.11 0.12 0.13 0.14 0.16 0.17 0.18 0.2  0.21 0.22
 0.23 0.25 0.27 0.31 0.31 0.32 0.32 0.32 0.33 0.37 0.37 0.37 0.37 0.38
 0.38 0.38 0.38 0.4  0.42 0.46 0.49 0.5  0.52 0.54 0.57 0.59 0.65 0.77
 0.9  0.99 1.05 1.28]
var: 0.07553788888888911
| [0m10       [0m | [0m0.3043   [0m | [0m0.1158   [0m | [0m36.11    [0m | [0m2.381    [0m |
[0.06 0.37 0.45 0.49 0.51 0.54 0.56 0.6  0.66 0.67 0.68 0.7  0.72 0.73
 0.74 0.77 0.83 0.87 0.93 0.95 0.98 0.99 1.02 1.1  1.13 1.14 1.14 1.17
 1.2  1.25 1.25 1.3  1.34 1.39 1.42 1.44 1.45 1.47 1.58 1.58 1.65 1.73
 1.77 1.77 1.79 1.84 1.9  1.94 1.95 1.97 1.98 2.02 2.15 2.27 2.29 2.39
 2.6  2.68 3.15 3.27]
var: 0.47709822222222203
| [95m11       [0m | [95m1.355    [0m | [95m0.2962   [0m | [95m33.1     [0m | [95m0.2036   [0m |
[0.   0.   0.   0.02 0.06 0.07 0.09 0.09 0.12 0.14 0.22 0.24 0.24 0.25
 0.28 0.3  0.32 0.32 0.33 0.33 0.34 0.35 0.36 0.38 0.39 0.42 0.43 0.44
 0.49 0.49 0.5  0.51 0.53 0.58 0.6  0.63 0.63 0.67 0.68 0.72 0.8  0.93
 1.   1.01 1.03 1.04 1.19 1.22 1.22 1.23 1.25 1.25 1.36 1.46 1.5  1.51
 1.63 1.73 1.81 1.83]
var: 0.2614595555555554
| [0m12       [0m | [0m0.6593   [0m | [0m0.0814   [0m | [0m35.59    [0m | [0m1.245    [0m |
[0.   0.   0.   0.   0.01 0.02 0.03 0.06 0.07 0.08 0.11 0.14 0.21 0.23
 0.24 0.24 0.24 0.28 0.28 0.28 0.3  0.31 0.31 0.33 0.33 0.38 0.4  0.42
 0.42 0.44 0.44 0.44 0.45 0.45 0.46 0.47 0.49 0.49 0.53 0.53 0.54 0.55
 0.57 0.57 0.58 0.61 0.62 0.63 0.64 0.66 0.67 0.75 0.88 0.89 0.91 0.98
 1.11 1.19 1.28 1.3 ]
var: 0.10143288888888904
| [0m13       [0m | [0m0.4473   [0m | [0m0.141    [0m | [0m21.35    [0m | [0m2.27     [0m |
[0.   0.   0.   0.04 0.06 0.06 0.11 0.13 0.15 0.22 0.26 0.26 0.27 0.29
 0.31 0.31 0.33 0.34 0.34 0.36 0.37 0.39 0.4  0.4  0.42 0.44 0.48 0.49
 0.5  0.51 0.51 0.52 0.59 0.64 0.64 0.65 0.66 0.67 0.69 0.7  0.74 0.77
 0.79 0.8  0.81 0.82 0.86 0.87 0.91 0.93 0.99 1.   1.11 1.12 1.13 1.17
 1.38 1.47 1.56 1.74]
var: 0.15957155555555577
| [0m14       [0m | [0m0.5913   [0m | [0m0.2114   [0m | [0m17.09    [0m | [0m1.562    [0m |
[0.   0.   0.02 0.02 0.03 0.06 0.07 0.09 0.1  0.1  0.14 0.14 0.15 0.17
 0.18 0.18 0.19 0.21 0.22 0.22 0.22 0.24 0.24 0.28 0.28 0.29 0.29 0.31
 0.32 0.33 0.35 0.36 0.38 0.41 0.42 0.47 0.48 0.49 0.49 0.5  0.52 0.52
 0.52 0.56 0.56 0.58 0.58 0.62 0.62 0.71 0.71 0.78 0.79 0.79 0.84 0.85
 0.89 0.89 0.94 1.13]
var: 0.07557288888888884
| [0m15       [0m | [0m0.3973   [0m | [0m0.07068  [0m | [0m25.01    [0m | [0m2.82     [0m |
[0.   0.   0.   0.   0.   0.02 0.04 0.05 0.06 0.06 0.07 0.09 0.12 0.13
 0.14 0.14 0.14 0.15 0.21 0.22 0.24 0.24 0.25 0.27 0.28 0.29 0.3  0.31
 0.31 0.32 0.33 0.35 0.35 0.35 0.35 0.35 0.37 0.37 0.39 0.39 0.42 0.44
 0.46 0.47 0.48 0.48 0.5  0.53 0.53 0.56 0.59 0.61 0.61 0.79 0.83 0.85
 0.97 1.37 1.58 1.86]
var: 0.13026433333333295
| [0m16       [0m | [0m0.383    [0m | [0m0.2079   [0m | [0m43.19    [0m | [0m1.858    [0m |
[0.   0.   0.   0.05 0.06 0.07 0.07 0.09 0.11 0.13 0.13 0.13 0.15 0.16
 0.17 0.18 0.19 0.19 0.23 0.24 0.24 0.26 0.27 0.28 0.28 0.28 0.33 0.34
 0.34 0.35 0.35 0.35 0.36 0.38 0.39 0.4  0.41 0.44 0.5  0.5  0.52 0.56
 0.57 0.58 0.58 0.58 0.58 0.59 0.6  0.61 0.69 0.72 0.79 0.88 0.92 0.92
 0.99 1.03 1.14 1.33]
var: 0.09046655555555537
| [0m17       [0m | [0m0.4097   [0m | [0m0.191    [0m | [0m30.56    [0m | [0m1.997    [0m |
[0.   0.01 0.01 0.03 0.03 0.05 0.05 0.06 0.08 0.09 0.09 0.09 0.1  0.1
 0.15 0.18 0.19 0.2  0.21 0.24 0.26 0.26 0.3  0.3  0.31 0.32 0.34 0.36
 0.39 0.39 0.4  0.41 0.42 0.42 0.46 0.46 0.47 0.51 0.52 0.52 0.54 0.56
 0.57 0.6  0.62 0.63 0.63 0.65 0.69 0.7  0.7  0.72 0.78 0.89 0.89 1.
 1.06 1.22 1.33 1.56]
var: 0.11640822222222205
| [0m18       [0m | [0m0.4353   [0m | [0m0.248    [0m | [0m12.11    [0m | [0m2.856    [0m |
[0.05 0.05 0.06 0.07 0.08 0.09 0.14 0.15 0.15 0.16 0.17 0.19 0.2  0.24
 0.27 0.28 0.29 0.29 0.3  0.32 0.35 0.38 0.41 0.41 0.47 0.48 0.49 0.53
 0.56 0.57 0.57 0.59 0.59 0.62 0.62 0.63 0.64 0.66 0.71 0.78 0.78 0.79
 0.86 0.88 0.9  0.93 0.94 0.97 1.01 1.05 1.14 1.29 1.36 1.41 1.47 1.53
 1.59 1.61 2.01 2.1 ]
var: 0.2457203055555551
| [0m19       [0m | [0m0.6538   [0m | [0m0.2774   [0m | [0m20.5     [0m | [0m1.193    [0m |
[0.   0.05 0.06 0.08 0.09 0.1  0.14 0.19 0.2  0.2  0.22 0.22 0.22 0.25
 0.29 0.31 0.35 0.37 0.41 0.41 0.42 0.45 0.47 0.48 0.48 0.48 0.5  0.5
 0.53 0.54 0.56 0.56 0.58 0.58 0.62 0.63 0.64 0.68 0.71 0.74 0.83 0.84
 0.92 0.99 1.07 1.14 1.15 1.17 1.23 1.28 1.45 1.47 1.5  1.58 1.7  1.91
 1.97 2.61 2.67 3.97]
var: 0.5285928888888887
| [0m20       [0m | [0m0.7793   [0m | [0m0.07456  [0m | [0m25.02    [0m | [0m1.282    [0m |
[0.5  0.58 0.94 1.   1.   1.01 1.06 1.1  1.14 1.23 1.26 1.34 1.5  1.53
 1.65 1.8  1.93 2.02 2.02 2.07 2.14 2.16 2.18 2.22 2.26 2.32 2.38 2.38
 2.39 2.41 2.43 2.44 2.49 2.56 2.57 2.73 2.78 2.82 2.82 3.13 3.17 3.21
 3.34 3.36 3.39 3.43 3.46 3.59 3.6  3.61 3.71 3.72 3.93 4.28 4.35 4.36
 4.9  4.94 5.15 5.64]
var: 1.4069614166666662
| [95m21       [0m | [95m2.591    [0m | [95m0.05109  [0m | [95m15.83    [0m | [95m0.1134   [0m |
[0.   0.03 0.07 0.16 0.19 0.21 0.26 0.4  0.45 0.51 0.53 0.58 0.62 0.63
 0.65 0.66 0.66 0.73 0.76 0.76 0.77 0.81 0.81 0.89 0.98 0.99 1.09 1.1
 1.11 1.13 1.2  1.22 1.23 1.24 1.25 1.26 1.27 1.36 1.39 1.43 1.43 1.56
 1.59 1.61 1.62 1.68 1.79 1.81 1.85 1.88 1.9  1.9  1.94 2.13 2.21 2.24
 2.41 2.46 2.59 2.77]
var: 0.46652288888888926
| [0m22       [0m | [0m1.179    [0m | [0m0.182    [0m | [0m49.73    [0m | [0m0.3073   [0m |
[0.03 0.05 0.06 0.06 0.07 0.08 0.08 0.1  0.1  0.11 0.12 0.14 0.15 0.17
 0.2  0.21 0.22 0.22 0.23 0.24 0.24 0.25 0.25 0.26 0.27 0.28 0.3  0.31
 0.32 0.32 0.32 0.33 0.37 0.43 0.44 0.45 0.45 0.5  0.56 0.57 0.62 0.63
 0.69 0.7  0.75 0.75 0.76 0.77 0.8  0.81 0.96 0.98 1.   1.09 1.09 1.15
 1.25 1.25 1.99 2.5 ]
var: 0.21836555555555565
| [0m23       [0m | [0m0.5067   [0m | [0m0.03371  [0m | [0m4.658    [0m | [0m2.636    [0m |
[0.03 0.06 0.09 0.13 0.13 0.13 0.15 0.2  0.22 0.23 0.23 0.27 0.3  0.32
 0.34 0.36 0.4  0.47 0.49 0.49 0.5  0.54 0.54 0.58 0.58 0.63 0.66 0.68
 0.69 0.7  0.7  0.74 0.77 0.77 0.78 0.8  0.8  0.85 0.87 0.88 0.88 0.96
 0.98 0.99 1.07 1.12 1.14 1.14 1.16 1.32 1.39 1.47 1.51 1.51 1.52 1.58
 1.69 2.15 2.16 2.76]
var: 0.31610555555555486
| [0m24       [0m | [0m0.7933   [0m | [0m0.1987   [0m | [0m24.0     [0m | [0m0.8402   [0m |
[0.04 0.04 0.13 0.16 0.17 0.17 0.18 0.21 0.23 0.25 0.26 0.34 0.35 0.37
 0.39 0.4  0.43 0.46 0.46 0.51 0.52 0.52 0.54 0.56 0.61 0.63 0.63 0.65
 0.65 0.67 0.68 0.68 0.73 0.73 0.73 0.78 0.79 0.81 0.82 0.82 0.82 0.86
 0.87 0.97 0.98 0.98 1.03 1.04 1.18 1.19 1.28 1.38 1.6  1.67 1.72 1.73
 1.86 1.94 2.1  2.28]
var: 0.27959322222222216
| [0m25       [0m | [0m0.7763   [0m | [0m0.154    [0m | [0m4.855    [0m | [0m1.001    [0m |
[0.   0.07 0.08 0.08 0.1  0.12 0.15 0.21 0.21 0.25 0.27 0.3  0.33 0.34
 0.38 0.45 0.47 0.51 0.56 0.56 0.59 0.61 0.63 0.65 0.67 0.73 0.76 0.77
 0.84 0.84 0.85 0.86 0.91 0.93 0.93 0.96 0.99 0.99 1.   1.07 1.1  1.15
 1.17 1.21 1.32 1.33 1.34 1.47 1.5  1.52 1.6  1.72 1.88 1.94 1.99 2.35
 2.41 3.25 3.29 4.28]
var: 0.6955495555555556
| [0m26       [0m | [0m0.9973   [0m | [0m0.0307   [0m | [0m13.41    [0m | [0m1.121    [0m |
[0.   0.1  0.1  0.12 0.18 0.18 0.18 0.18 0.19 0.19 0.2  0.2  0.22 0.22
 0.23 0.26 0.26 0.33 0.36 0.38 0.4  0.4  0.4  0.44 0.45 0.46 0.49 0.5
 0.51 0.51 0.51 0.55 0.57 0.58 0.63 0.63 0.66 0.66 0.68 0.68 0.69 0.71
 0.76 0.77 0.77 0.83 0.86 0.87 0.89 0.89 0.92 0.94 0.95 1.01 1.12 1.14
 1.32 1.44 1.87 2.56]
var: 0.1960305555555556
| [0m27       [0m | [0m0.6017   [0m | [0m0.06821  [0m | [0m2.597    [0m | [0m2.316    [0m |
[0.01 0.09 0.09 0.1  0.11 0.11 0.14 0.17 0.17 0.18 0.18 0.19 0.2  0.2
 0.22 0.22 0.27 0.27 0.29 0.29 0.3  0.31 0.31 0.35 0.38 0.38 0.38 0.38
 0.39 0.44 0.45 0.53 0.53 0.54 0.55 0.6  0.61 0.62 0.64 0.66 0.66 0.71
 0.71 0.74 0.75 0.79 0.85 0.85 0.94 1.03 1.05 1.09 1.2  1.34 1.53 1.62
 1.81 2.21 2.52 2.99]
var: 0.3584295555555557
| [0m28       [0m | [0m0.6373   [0m | [0m0.09737  [0m | [0m6.215    [0m | [0m2.14     [0m |
[0.05 0.05 0.1  0.43 0.46 0.49 0.49 0.51 0.56 0.57 0.6  0.62 0.66 0.66
 0.74 0.74 0.75 0.76 0.77 0.78 0.79 0.79 0.81 0.88 0.88 0.9  0.91 0.93
 0.96 0.98 1.08 1.08 1.1  1.14 1.14 1.16 1.2  1.2  1.2  1.25 1.26 1.38
 1.38 1.43 1.51 1.6  1.63 1.65 1.72 1.76 1.78 1.8  1.89 1.95 2.2  2.38
 2.62 2.62 2.86 3.7 ]
var: 0.4884760833333329
| [0m29       [0m | [0m1.172    [0m | [0m0.1471   [0m | [0m43.06    [0m | [0m0.1862   [0m |
[0.   0.   0.02 0.04 0.04 0.05 0.05 0.07 0.1  0.11 0.13 0.13 0.19 0.19
 0.21 0.24 0.25 0.27 0.28 0.3  0.31 0.39 0.41 0.44 0.45 0.45 0.46 0.48
 0.48 0.49 0.53 0.55 0.55 0.57 0.57 0.58 0.61 0.64 0.65 0.66 0.66 0.68
 0.7  0.73 0.73 0.74 0.75 0.84 0.85 0.98 0.99 1.25 1.26 1.4  1.41 1.59
 1.64 1.64 2.01 2.56]
var: 0.2749343055555554
| [0m30       [0m | [0m0.6058   [0m | [0m0.2801   [0m | [0m10.94    [0m | [0m2.747    [0m |
[0.   0.   0.   0.   0.   0.   0.   0.   0.   0.   0.   0.   0.   0.
 0.   0.   0.   0.   0.   0.   0.   0.   0.   0.01 0.01 0.02 0.02 0.03
 0.05 0.06 0.07 0.07 0.08 0.09 0.09 0.11 0.11 0.11 0.11 0.12 0.13 0.14
 0.14 0.14 0.14 0.18 0.2  0.25 0.25 0.27 0.27 0.28 0.29 0.3  0.3  0.31
 0.32 0.32 0.42 0.59]
var: 0.017115555555555727
| [0m31       [0m | [0m0.1067   [0m | [0m0.296    [0m | [0m0.1108   [0m | [0m0.1075   [0m |
[0.   0.03 0.05 0.06 0.07 0.1  0.13 0.14 0.17 0.17 0.18 0.19 0.22 0.23
 0.24 0.24 0.26 0.27 0.28 0.29 0.34 0.36 0.36 0.37 0.37 0.37 0.38 0.4
 0.41 0.43 0.45 0.47 0.52 0.54 0.55 0.55 0.56 0.6  0.61 0.62 0.64 0.66
 0.66 0.67 0.68 0.68 0.69 0.71 0.75 0.75 0.77 0.77 0.86 0.95 0.99 1.
 1.07 1.25 1.29 1.63]
var: 0.11189430555555555
| [0m32       [0m | [0m0.5008   [0m | [0m0.08042  [0m | [0m9.424    [0m | [0m2.478    [0m |
[0.   0.06 0.1  0.14 0.15 0.16 0.19 0.24 0.32 0.33 0.39 0.4  0.4  0.48
 0.55 0.58 0.59 0.59 0.61 0.61 0.62 0.62 0.63 0.64 0.67 0.68 0.69 0.69
 0.69 0.7  0.7  0.72 0.76 0.79 0.83 0.89 0.9  0.95 1.   1.06 1.15 1.22
 1.27 1.34 1.48 1.48 1.51 1.53 1.68 1.72 1.74 1.75 1.8  1.81 1.97 2.02
 2.12 2.45 4.89 5.22]
var: 0.8950203055555559
| [0m33       [0m | [0m1.038    [0m | [0m0.06637  [0m | [0m13.65    [0m | [0m1.088    [0m |
[0.01 0.05 0.06 0.07 0.08 0.1  0.1  0.15 0.15 0.15 0.19 0.22 0.23 0.23
 0.27 0.27 0.29 0.33 0.39 0.41 0.44 0.49 0.51 0.59 0.63 0.65 0.65 0.65
 0.66 0.68 0.74 0.76 0.9  0.92 0.95 0.96 1.03 1.06 1.11 1.18 1.19 1.2
 1.22 1.23 1.25 1.27 1.33 1.47 1.62 1.66 1.72 1.83 1.84 1.92 2.01 2.23
 2.26 2.43 3.27 4.14]
var: 0.6756200000000001
| [0m34       [0m | [0m0.94     [0m | [0m0.03507  [0m | [0m31.2     [0m | [0m0.9229   [0m |
[0.01 0.02 0.02 0.03 0.05 0.06 0.09 0.1  0.13 0.14 0.15 0.16 0.17 0.17
 0.19 0.21 0.22 0.22 0.22 0.24 0.25 0.28 0.29 0.3  0.32 0.33 0.33 0.34
 0.34 0.36 0.37 0.41 0.42 0.44 0.45 0.47 0.49 0.52 0.53 0.54 0.54 0.55
 0.59 0.59 0.6  0.63 0.67 0.67 0.7  0.76 0.84 0.86 0.86 0.86 0.92 0.93
 1.02 1.03 1.25 2.35]
var: 0.1461233333333333
| [0m35       [0m | [0m0.46     [0m | [0m0.2932   [0m | [0m37.84    [0m | [0m2.025    [0m |
[0.03 0.04 0.05 0.06 0.09 0.1  0.12 0.13 0.17 0.18 0.19 0.2  0.21 0.21
 0.29 0.29 0.32 0.32 0.33 0.35 0.36 0.36 0.38 0.39 0.41 0.47 0.51 0.52
 0.53 0.54 0.57 0.59 0.6  0.63 0.63 0.63 0.64 0.64 0.65 0.68 0.7  0.71
 0.72 0.72 0.72 0.75 0.75 0.9  0.91 0.98 1.01 1.01 1.04 1.1  1.28 1.31
 1.52 1.87 1.87 2.54]
var: 0.23305322222222186
| [0m36       [0m | [0m0.6137   [0m | [0m0.2562   [0m | [0m2.594    [0m | [0m2.058    [0m |
[0.01 0.05 0.08 0.1  0.12 0.12 0.14 0.17 0.18 0.22 0.25 0.3  0.3  0.34
 0.34 0.35 0.38 0.38 0.38 0.41 0.41 0.42 0.5  0.5  0.52 0.52 0.6  0.63
 0.64 0.67 0.69 0.69 0.77 0.78 0.8  0.82 0.84 0.84 1.02 1.03 1.09 1.13
 1.18 1.2  1.23 1.24 1.29 1.36 1.36 1.38 1.44 1.46 1.52 1.57 1.57 1.85
 1.92 2.2  2.57 3.2 ]
var: 0.42375141666666677
| [0m37       [0m | [0m0.8345   [0m | [0m0.2354   [0m | [0m7.337    [0m | [0m1.168    [0m |
[0.02 0.05 0.1  0.13 0.13 0.14 0.14 0.17 0.25 0.29 0.38 0.38 0.4  0.41
 0.47 0.48 0.51 0.52 0.53 0.56 0.58 0.6  0.6  0.61 0.65 0.69 0.76 0.78
 0.8  0.93 0.93 0.93 0.95 0.95 0.95 1.02 1.03 1.08 1.13 1.16 1.18 1.21
 1.24 1.32 1.37 1.39 1.4  1.53 1.59 1.6  1.72 1.77 1.92 2.01 2.05 2.06
 2.11 2.19 2.69 2.7 ]
var: 0.4440195555555552
| [0m38       [0m | [0m0.9707   [0m | [0m0.2511   [0m | [0m27.2     [0m | [0m0.5922   [0m |
[0.12 0.16 0.16 0.35 0.38 0.39 0.39 0.43 0.46 0.48 0.53 0.58 0.58 0.63
 0.72 0.75 0.78 0.79 0.85 0.87 0.87 0.88 0.96 1.01 1.03 1.03 1.13 1.13
 1.17 1.18 1.19 1.21 1.28 1.32 1.34 1.35 1.39 1.39 1.47 1.48 1.54 1.55
 1.57 1.6  1.61 1.62 1.63 1.66 1.72 1.76 1.83 1.87 1.88 2.01 2.03 2.07
 2.16 2.17 2.67 2.81]
var: 0.37988475000000005
| [0m39       [0m | [0m1.2      [0m | [0m0.2258   [0m | [0m9.472    [0m | [0m0.6412   [0m |
[0.   0.   0.   0.03 0.04 0.05 0.05 0.06 0.07 0.08 0.08 0.11 0.12 0.13
 0.13 0.13 0.14 0.15 0.15 0.17 0.18 0.2  0.2  0.2  0.22 0.23 0.24 0.25
 0.26 0.27 0.28 0.29 0.3  0.3  0.31 0.33 0.34 0.37 0.38 0.38 0.41 0.44
 0.47 0.47 0.49 0.49 0.5  0.54 0.55 0.58 0.59 0.66 0.69 0.7  0.75 0.88
 0.89 0.9  0.94 1.04]
var: 0.0686688888888888
| [0m40       [0m | [0m0.3367   [0m | [0m0.2454   [0m | [0m0.4612   [0m | [0m2.699    [0m |
[0.01 0.02 0.05 0.05 0.05 0.06 0.06 0.06 0.06 0.06 0.06 0.07 0.07 0.07
 0.07 0.08 0.08 0.08 0.09 0.09 0.09 0.09 0.09 0.1  0.1  0.11 0.12 0.12
 0.12 0.13 0.14 0.14 0.15 0.15 0.16 0.16 0.17 0.19 0.21 0.22 0.25 0.26
 0.26 0.28 0.29 0.32 0.33 0.34 0.37 0.4  0.41 0.42 0.42 0.46 0.47 0.48
 0.48 0.5  0.63 0.65]
var: 0.025893222222222147
| [0m41       [0m | [0m0.2003   [0m | [0m0.2189   [0m | [0m15.57    [0m | [0m0.005965 [0m |
[0.02 0.02 0.03 0.04 0.04 0.06 0.08 0.08 0.09 0.13 0.15 0.18 0.22 0.22
 0.25 0.25 0.28 0.3  0.33 0.34 0.39 0.39 0.44 0.44 0.46 0.46 0.48 0.5
 0.5  0.52 0.52 0.52 0.55 0.55 0.57 0.58 0.59 0.6  0.62 0.63 0.68 0.7
 0.74 0.75 0.79 0.8  0.81 0.9  0.93 0.96 0.96 0.98 1.09 1.11 1.13 1.33
 1.34 1.4  1.57 1.75]
var: 0.1652056666666667
| [0m42       [0m | [0m0.569    [0m | [0m0.08539  [0m | [0m22.51    [0m | [0m1.978    [0m |
[0.06 0.12 0.15 0.17 0.23 0.27 0.3  0.42 0.47 0.57 0.59 0.59 0.61 0.65
 0.68 0.68 0.72 0.72 0.74 0.81 0.84 0.85 0.88 0.93 0.96 0.97 0.99 1.
 1.07 1.13 1.14 1.19 1.21 1.27 1.41 1.43 1.48 1.5  1.53 1.58 1.68 1.7
 1.7  1.72 1.73 1.73 1.76 1.78 1.8  1.93 1.95 1.99 2.04 2.05 2.33 2.44
 2.57 2.89 3.   3.14]
var: 0.547526222222222
| [0m43       [0m | [0m1.247    [0m | [0m0.1949   [0m | [0m9.485    [0m | [0m0.6895   [0m |
[0.08 0.13 0.15 0.17 0.34 0.65 0.77 0.84 0.94 0.95 0.99 1.12 1.14 1.14
 1.14 1.15 1.15 1.17 1.18 1.2  1.25 1.47 1.57 1.62 1.8  1.83 1.86 1.98
 2.08 2.09 2.09 2.1  2.14 2.17 2.19 2.23 2.25 2.37 2.39 2.53 2.55 2.57
 2.61 2.65 2.71 2.78 2.98 3.06 3.11 3.21 3.33 3.38 3.79 3.97 4.19 4.37
 4.45 4.64 4.68 4.95]
var: 1.496726083333333
| [0m44       [0m | [0m2.107    [0m | [0m0.03602  [0m | [0m15.87    [0m | [0m0.2273   [0m |
[0.23 0.77 0.89 0.99 1.4  1.58 1.61 1.66 1.67 1.71 1.73 1.76 1.8  1.8
 1.81 1.91 1.91 1.95 1.99 2.04 2.06 2.1  2.12 2.17 2.18 2.19 2.2  2.34
 2.51 2.53 2.56 2.6  2.62 2.66 2.66 2.73 2.73 2.77 2.93 2.94 2.96 3.15
 3.16 3.17 3.24 3.4  3.41 3.44 3.51 3.63 3.76 3.79 3.8  4.04 4.26 4.34
 4.55 4.58 4.84 7.29]
var: 1.3291869722222214
| [95m45       [0m | [95m2.652    [0m | [95m0.07317  [0m | [95m15.86    [0m | [95m0.04646  [0m |
[0.17 0.28 0.37 0.39 0.56 0.59 0.83 0.84 0.86 1.06 1.24 1.25 1.36 1.63
 1.65 1.74 1.85 1.96 2.05 2.06 2.06 2.15 2.16 2.24 2.27 2.33 2.46 2.51
 2.54 2.54 2.55 2.61 2.79 2.85 2.85 3.02 3.12 3.19 3.21 3.26 3.26 3.34
 3.35 3.38 3.52 3.6  3.6  3.72 3.75 3.83 3.88 4.04 4.19 4.26 4.52 5.04
 5.58 5.6  6.06 7.44]
var: 2.2275116388888874
| [95m46       [0m | [95m2.69     [0m | [95m0.02517  [0m | [95m15.81    [0m | [95m0.1371   [0m |
[0.   0.07 0.14 0.18 0.23 0.24 0.33 0.34 0.46 0.47 0.47 0.54 0.54 0.54
 0.56 0.61 0.67 0.68 0.69 0.69 0.78 0.81 0.82 0.86 0.89 0.92 0.93 0.93
 0.94 1.   1.03 1.04 1.08 1.15 1.22 1.23 1.32 1.42 1.44 1.47 1.48 1.51
 1.52 1.7  1.78 1.8  1.85 1.87 1.93 1.96 1.99 2.01 2.05 2.06 2.08 2.22
 2.53 2.89 3.25 3.46]
var: 0.5994547500000001
| [0m47       [0m | [0m1.195    [0m | [0m0.1867   [0m | [0m9.483    [0m | [0m0.7025   [0m |
[0.   0.   0.02 0.02 0.03 0.03 0.04 0.04 0.07 0.08 0.09 0.11 0.12 0.12
 0.16 0.17 0.18 0.19 0.19 0.21 0.24 0.24 0.24 0.24 0.25 0.26 0.28 0.28
 0.29 0.31 0.31 0.31 0.35 0.36 0.36 0.36 0.38 0.45 0.46 0.49 0.5  0.51
 0.51 0.51 0.52 0.67 0.67 0.72 0.73 0.77 1.02 1.05 1.16 1.18 1.24 1.29
 1.32 1.66 2.03 2.97]
var: 0.2911195555555558
| [0m48       [0m | [0m0.4893   [0m | [0m0.2221   [0m | [0m39.2     [0m | [0m1.462    [0m |
[0.77 0.83 0.97 1.04 1.22 1.36 1.38 1.67 1.83 1.89 1.93 1.97 1.98 2.
 2.03 2.25 2.31 2.4  2.43 2.47 2.53 2.77 2.82 2.89 2.98 3.   3.02 3.04
 3.12 3.27 3.31 3.32 3.36 3.39 3.48 3.56 3.57 3.57 3.7  3.71 3.72 3.75
 3.78 3.78 3.8  3.81 3.89 3.93 3.98 4.1  4.28 4.33 4.37 4.59 4.73 4.75
 5.05 5.38 5.64 8.24]
var: 1.74975288888889
| [95m49       [0m | [95m3.151    [0m | [95m0.01596  [0m | [95m15.72    [0m | [95m0.05174  [0m |
[0.33 0.4  0.53 0.55 0.93 1.05 1.15 1.17 1.24 1.48 1.49 1.57 1.59 1.66
 1.69 1.7  1.86 1.93 1.93 2.27 2.28 2.36 2.37 2.47 2.48 2.54 2.54 2.54
 2.59 2.61 2.61 2.61 2.66 2.78 2.78 2.79 2.82 2.87 2.89 2.96 2.99 3.
 3.09 3.11 3.11 3.18 3.33 3.44 3.45 3.5  3.57 3.75 3.78 3.82 3.92 4.04
 4.39 4.56 5.53 6.02]
var: 1.3240620833333334
| [0m50       [0m | [0m2.578    [0m | [0m0.07904  [0m | [0m15.73    [0m | [0m0.1273   [0m |
[0.94 0.95 1.03 1.04 1.12 1.2  1.3  1.55 1.61 1.69 1.73 1.74 1.75 2.03
 2.12 2.18 2.22 2.32 2.4  2.42 2.42 2.43 2.5  2.64 2.76 2.83 2.84 2.89
 3.17 3.18 3.23 3.24 3.3  3.37 3.39 3.39 3.41 3.44 3.58 3.63 3.65 3.7
 3.75 3.77 3.81 3.82 3.82 3.96 3.97 4.17 4.21 4.3  4.48 4.84 4.91 5.07
 5.22 5.43 6.06 6.9 ]
var: 1.707459888888889
| [0m51       [0m | [0m3.08     [0m | [0m0.03875  [0m | [0m15.75    [0m | [0m0.06292  [0m |
[0.56 1.08 1.1  1.24 1.29 1.33 1.34 1.35 1.46 1.46 1.54 1.6  1.64 1.67
 1.69 1.7  1.72 1.87 1.87 1.88 1.88 1.92 1.99 2.01 2.05 2.06 2.27 2.32
 2.43 2.45 2.48 2.61 2.66 2.7  2.71 2.93 2.94 2.95 3.12 3.15 3.23 3.29
 3.32 3.37 3.69 3.75 3.79 3.81 3.85 4.07 4.23 4.44 4.49 4.49 4.54 4.6
 4.77 4.98 5.07 6.86]
var: 1.6123878888888892
| [0m52       [0m | [0m2.728    [0m | [0m1e-08    [0m | [0m15.79    [0m | [0m0.001    [0m |
[0.   0.   0.   0.   0.   0.   0.   0.   0.   0.   0.   0.   0.   0.
 0.   0.   0.   0.   0.   0.   0.   0.   0.   0.   0.01 0.01 0.02 0.02
 0.02 0.02 0.05 0.05 0.07 0.08 0.09 0.13 0.15 0.16 0.17 0.17 0.19 0.22
 0.25 0.31 0.32 0.33 0.35 0.36 0.39 0.45 0.5  0.55 0.55 0.56 0.81 1.05
 1.11 1.37 1.69 2.37]
var: 0.1999043055555553
| [0m53       [0m | [0m0.2492   [0m | [0m1e-08    [0m | [0m15.69    [0m | [0m0.1209   [0m |
[0.34 0.35 0.48 0.73 0.82 0.98 1.08 1.13 1.21 1.28 1.42 1.45 1.58 1.68
 1.72 1.75 1.93 1.98 1.99 2.   2.05 2.06 2.06 2.1  2.1  2.22 2.3  2.44
 2.46 2.46 2.49 2.55 2.6  2.72 2.73 2.82 2.84 2.88 2.94 2.95 3.03 3.08
 3.12 3.16 3.23 3.33 3.43 3.44 3.44 3.47 3.64 3.7  3.82 3.88 3.97 3.99
 4.13 4.3  4.63 5.06]
var: 1.1772393333333326
| [0m54       [0m | [0m2.492    [0m | [0m0.08909  [0m | [0m15.76    [0m | [0m0.1432   [0m |
[0.16 0.34 0.37 0.63 0.72 0.77 0.85 0.88 1.01 1.21 1.28 1.32 1.32 1.35
 1.41 1.43 1.52 1.53 1.64 1.67 1.78 1.81 1.86 1.91 1.96 1.97 1.99 2.12
 2.12 2.14 2.15 2.19 2.23 2.33 2.34 2.42 2.45 2.48 2.55 2.61 2.63 2.63
 2.72 2.73 2.73 2.81 2.95 3.22 3.27 3.28 3.32 3.47 3.6  3.69 4.07 4.28
 4.32 4.65 5.34 5.59]
var: 1.3769282222222223
| [0m55       [0m | [0m2.269    [0m | [0m0.1273   [0m | [0m15.68    [0m | [0m0.03849  [0m |
[0.   0.04 0.04 0.05 0.08 0.09 0.09 0.09 0.1  0.1  0.11 0.12 0.15 0.18
 0.22 0.25 0.26 0.27 0.27 0.33 0.33 0.33 0.34 0.36 0.4  0.4  0.41 0.41
 0.44 0.47 0.57 0.58 0.59 0.6  0.61 0.63 0.65 0.66 0.68 0.68 0.69 0.69
 0.69 0.7  0.72 0.76 0.82 0.83 0.87 0.88 0.96 0.97 0.97 1.03 1.22 1.48
 1.53 1.56 1.62 2.85]
var: 0.24650322222222218
| [0m56       [0m | [0m0.5803   [0m | [0m0.2213   [0m | [0m32.82    [0m | [0m1.123    [0m |
[0.   0.   0.04 0.05 0.06 0.07 0.08 0.08 0.16 0.25 0.26 0.26 0.28 0.28
 0.29 0.29 0.29 0.29 0.29 0.32 0.32 0.32 0.32 0.33 0.34 0.36 0.37 0.39
 0.41 0.43 0.43 0.44 0.45 0.46 0.47 0.48 0.49 0.51 0.52 0.54 0.58 0.6
 0.61 0.68 0.68 0.69 0.71 0.75 0.75 0.77 0.85 0.87 0.92 0.97 0.97 1.03
 1.04 1.05 1.12 1.28]
var: 0.09359788888888891
| [0m57       [0m | [0m0.4823   [0m | [0m0.1082   [0m | [0m18.54    [0m | [0m2.787    [0m |
[0.12 0.13 0.39 0.41 0.49 0.53 0.62 0.73 0.82 0.88 0.95 1.07 1.15 1.2
 1.2  1.22 1.45 1.57 1.72 1.78 1.84 1.85 1.93 1.99 2.   2.02 2.05 2.13
 2.14 2.2  2.22 2.25 2.29 2.32 2.35 2.43 2.49 2.53 2.63 2.72 2.81 2.91
 2.94 2.94 2.98 3.08 3.17 3.21 3.3  3.34 3.36 3.41 3.6  3.6  3.62 3.81
 3.89 4.7  5.1  5.35]
var: 1.418970305555556
| [0m58       [0m | [0m2.232    [0m | [0m0.06959  [0m | [0m15.82    [0m | [0m0.2262   [0m |
[0.3  0.47 0.97 1.24 1.24 1.39 1.49 1.51 1.51 1.61 1.82 1.83 1.88 1.89
 1.91 1.97 2.03 2.03 2.11 2.11 2.21 2.29 2.34 2.36 2.42 2.45 2.53 2.54
 2.54 2.68 2.72 2.79 2.91 2.94 2.97 3.   3.02 3.02 3.04 3.05 3.06 3.07
 3.07 3.08 3.11 3.23 3.53 3.56 3.64 3.72 3.79 3.88 3.99 4.01 4.02 4.16
 4.26 4.31 4.47 6.  ]
var: 1.0934983055555558
| [0m59       [0m | [0m2.685    [0m | [0m0.06835  [0m | [0m15.7     [0m | [0m0.07462  [0m |
[0.   0.   0.   0.   0.   0.   0.03 0.04 0.04 0.05 0.05 0.05 0.05 0.06
 0.07 0.07 0.13 0.15 0.16 0.17 0.17 0.18 0.19 0.19 0.19 0.2  0.23 0.23
 0.25 0.26 0.27 0.27 0.27 0.31 0.34 0.34 0.35 0.36 0.38 0.39 0.39 0.39
 0.4  0.42 0.43 0.43 0.43 0.45 0.48 0.48 0.48 0.51 0.56 0.6  0.64 0.76
 0.78 1.01 1.18 1.34]
var: 0.07818097222222217
| [0m60       [0m | [0m0.3108   [0m | [0m0.03466  [0m | [0m34.47    [0m | [0m2.691    [0m |
[0.43 0.58 0.98 1.12 1.3  1.33 1.47 1.5  1.53 1.53 1.54 1.55 1.56 1.58
 1.61 1.62 1.65 1.66 1.66 1.67 1.75 1.79 1.84 1.92 1.93 1.94 1.97 2.04
 2.06 2.07 2.18 2.19 2.24 2.27 2.29 2.31 2.36 2.41 2.5  2.52 2.54 2.62
 2.74 2.84 2.87 2.89 2.91 2.92 3.02 3.14 3.24 3.36 3.43 3.5  3.79 3.89
 3.99 4.02 4.08 5.29]
var: 0.8521103055555557
| [0m61       [0m | [0m2.292    [0m | [0m0.1052   [0m | [0m15.75    [0m | [0m0.03228  [0m |
[ 0.75  0.91  1.42  1.72  1.91  1.96  2.02  2.31  2.4   2.41  2.56  2.62
  2.68  2.75  2.78  2.82  2.84  2.9   2.9   3.1   3.24  3.26  3.32  3.37
  3.4   3.41  3.46  3.61  3.81  3.88  3.91  3.98  3.99  4.    4.06  4.07
  4.1   4.12  4.4   4.41  4.43  4.44  4.47  4.48  4.52  4.61  4.71  4.76
  4.95  5.01  5.11  5.46  5.56  5.6   6.02  6.37  6.41  7.7   7.91 11.26]
var: 3.005307888888888
| [95m62       [0m | [95m3.922    [0m | [95m0.004744 [0m | [95m15.94    [0m | [95m0.06861  [0m |
[0.   0.02 0.02 0.02 0.03 0.04 0.05 0.05 0.05 0.05 0.05 0.06 0.06 0.06
 0.07 0.07 0.08 0.09 0.09 0.1  0.11 0.11 0.11 0.11 0.12 0.13 0.14 0.15
 0.18 0.18 0.18 0.19 0.19 0.19 0.2  0.21 0.21 0.21 0.21 0.22 0.27 0.34
 0.36 0.38 0.43 0.43 0.44 0.47 0.47 0.48 0.51 0.51 0.54 0.58 0.63 0.72
 0.88 1.35 1.48 2.15]
var: 0.14224030555555534
| [0m63       [0m | [0m0.2972   [0m | [0m1e-08    [0m | [0m15.93    [0m | [0m0.01764  [0m |
[0.09 0.09 0.1  0.11 0.11 0.14 0.17 0.17 0.26 0.27 0.27 0.28 0.32 0.33
 0.37 0.39 0.4  0.41 0.43 0.44 0.44 0.46 0.46 0.47 0.49 0.5  0.5  0.51
 0.53 0.57 0.6  0.61 0.62 0.63 0.65 0.68 0.69 0.72 0.74 0.74 0.84 0.86
 0.89 0.9  0.91 0.91 0.95 1.06 1.07 1.08 1.09 1.18 1.31 1.41 1.42 1.5
 1.52 1.61 2.13 2.44]
var: 0.23944622222222237
| [0m64       [0m | [0m0.6973   [0m | [0m0.1302   [0m | [0m47.61    [0m | [0m0.6579   [0m |
[0.   0.   0.04 0.04 0.07 0.07 0.08 0.09 0.09 0.09 0.11 0.13 0.16 0.19
 0.2  0.2  0.21 0.22 0.23 0.23 0.24 0.24 0.25 0.3  0.31 0.36 0.36 0.37
 0.38 0.39 0.4  0.41 0.45 0.46 0.46 0.47 0.47 0.49 0.49 0.52 0.55 0.55
 0.57 0.59 0.63 0.64 0.64 0.69 0.78 0.8  0.98 1.01 1.22 1.32 1.35 1.36
 1.48 1.58 1.63 2.78]
var: 0.25559655555555555
| [0m65       [0m | [0m0.5237   [0m | [0m0.132    [0m | [0m20.27    [0m | [0m2.644    [0m |
[ 0.21  0.34  0.59  0.86  0.9   0.94  1.08  1.18  1.23  1.27  1.39  1.54
  1.56  1.62  1.67  1.68  1.72  1.76  1.78  1.78  1.96  1.97  1.99  2.02
  2.05  2.07  2.09  2.1   2.21  2.21  2.23  2.25  2.26  2.27  2.37  2.43
  2.43  2.48  2.53  2.54  2.54  2.59  2.6   2.63  2.81  2.82  2.88  2.91
  3.26  3.29  3.36  3.45  3.54  3.74  4.    4.03  4.68  5.12  5.2  10.87]
var: 2.28326488888889
| [0m66       [0m | [0m2.431    [0m | [0m0.1093   [0m | [0m15.96    [0m | [0m0.1138   [0m |
[0.55 0.89 0.95 0.98 1.   1.02 1.26 1.28 1.28 1.4  1.41 1.7  1.72 1.72
 1.8  1.85 1.96 1.97 2.05 2.08 2.11 2.16 2.19 2.25 2.25 2.3  2.38 2.42
 2.44 2.47 2.58 2.61 2.68 2.71 2.85 2.89 2.92 2.94 3.35 3.36 3.42 3.45
 3.48 3.5  3.58 3.59 3.68 3.69 3.77 3.84 3.84 3.97 4.13 4.22 4.47 4.51
 4.53 4.6  5.1  5.58]
var: 1.3535682222222214
| [0m67       [0m | [0m2.695    [0m | [0m0.05619  [0m | [0m15.98    [0m | [0m0.1272   [0m |
[0.01 0.05 0.05 0.05 0.08 0.1  0.1  0.12 0.17 0.24 0.24 0.26 0.26 0.28
 0.4  0.41 0.42 0.42 0.45 0.5  0.51 0.55 0.65 0.68 0.69 0.7  0.74 0.75
 0.77 0.9  0.9  0.91 0.94 0.98 0.99 1.03 1.05 1.09 1.15 1.17 1.21 1.31
 1.32 1.35 1.53 1.6  1.7  1.7  1.77 1.82 1.87 1.92 1.97 1.98 2.   2.08
 2.2  2.23 2.72 3.24]
var: 0.5548960000000002
| [0m68       [0m | [0m0.988    [0m | [0m0.2063   [0m | [0m12.78    [0m | [0m0.6707   [0m |
[0.08 0.24 0.34 0.45 0.69 0.75 0.84 0.88 0.95 1.03 1.04 1.12 1.12 1.28
 1.32 1.44 1.49 1.65 1.65 1.7  1.81 1.98 2.05 2.27 2.35 2.37 2.4  2.44
 2.45 2.55 2.56 2.61 2.66 2.7  2.71 2.81 2.84 2.88 2.92 2.96 2.97 3.
 3.33 3.38 3.48 3.53 3.66 3.66 3.74 3.84 4.15 4.15 4.25 4.26 4.76 5.43
 5.84 6.21 6.35 8.72]
var: 2.723739416666666
| [0m69       [0m | [0m2.652    [0m | [0m0.03811  [0m | [0m15.77    [0m | [0m0.1953   [0m |
[0.48 0.49 0.61 0.66 0.68 0.8  0.89 1.01 1.11 1.18 1.3  1.38 1.45 1.48
 1.52 1.64 1.67 1.78 1.84 1.98 2.14 2.15 2.24 2.28 2.29 2.32 2.35 2.45
 2.45 2.57 2.57 2.62 2.78 2.81 2.82 2.95 2.99 3.08 3.11 3.13 3.18 3.21
 3.22 3.22 3.31 3.45 3.46 3.83 4.01 4.11 4.38 4.4  4.47 4.77 4.81 4.86
 4.96 5.22 5.4  7.01]
var: 1.9801369722222202
| [0m70       [0m | [0m2.689    [0m | [0m0.0417   [0m | [0m15.75    [0m | [0m0.1675   [0m |
[0.05 0.07 0.09 0.09 0.11 0.12 0.12 0.12 0.14 0.14 0.14 0.14 0.14 0.15
 0.16 0.17 0.18 0.19 0.19 0.19 0.2  0.21 0.22 0.22 0.24 0.25 0.25 0.28
 0.29 0.3  0.3  0.31 0.32 0.34 0.37 0.38 0.39 0.4  0.43 0.45 0.47 0.48
 0.5  0.54 0.54 0.55 0.59 0.63 0.63 0.66 0.67 0.68 0.72 0.74 0.75 0.75
 0.76 0.79 0.79 0.89]
var: 0.053803222222222266
| [0m71       [0m | [0m0.3663   [0m | [0m0.06932  [0m | [0m15.71    [0m | [0m0.005912 [0m |
[0.7  0.82 0.91 0.92 1.03 1.24 1.3  1.45 1.76 1.78 1.79 1.82 1.92 1.94
 2.06 2.1  2.15 2.22 2.25 2.26 2.3  2.33 2.56 2.6  2.63 2.64 2.79 2.82
 2.9  2.9  3.02 3.02 3.06 3.12 3.18 3.2  3.24 3.27 3.46 3.48 3.5  3.63
 3.66 3.97 4.11 4.16 4.16 4.17 4.4  4.48 4.55 4.68 4.69 4.77 4.81 5.25
 5.66 6.15 7.94 7.98]
var: 2.364614555555555
| [0m72       [0m | [0m3.128    [0m | [0m0.089    [0m | [0m15.76    [0m | [0m0.09816  [0m |
[0.24 0.33 0.44 0.46 0.53 0.62 0.67 0.68 0.76 0.77 0.78 0.79 0.83 0.83
 0.88 0.9  0.91 0.92 0.94 0.97 1.   1.13 1.24 1.24 1.24 1.27 1.27 1.27
 1.28 1.29 1.3  1.35 1.38 1.4  1.45 1.46 1.52 1.54 1.56 1.57 1.61 1.72
 1.75 1.76 1.89 1.94 1.95 1.97 1.98 1.98 2.05 2.13 2.34 2.39 2.49 2.75
 3.01 3.06 3.82 4.5 ]
var: 0.6566838888888892
| [0m73       [0m | [0m1.468    [0m | [0m0.1445   [0m | [0m15.85    [0m | [0m0.01209  [0m |
[0.66 0.85 0.92 1.06 1.09 1.22 1.4  1.51 1.52 1.57 1.58 1.81 1.82 1.86
 1.92 1.96 1.96 2.03 2.15 2.19 2.2  2.22 2.26 2.3  2.3  2.3  2.32 2.4
 2.48 2.55 2.58 2.63 2.68 2.74 2.77 2.81 2.81 2.95 3.   3.04 3.07 3.1
 3.15 3.17 3.29 3.55 3.63 3.83 3.84 3.91 4.   4.08 4.58 4.84 5.45 5.64
 5.71 6.04 7.92 9.03]
var: 2.5277043055555555
| [0m74       [0m | [0m2.904    [0m | [0m0.06616  [0m | [0m15.88    [0m | [0m0.1137   [0m |
[0.11 0.13 0.58 0.59 0.86 0.97 1.56 1.63 1.7  1.73 1.73 1.78 1.84 1.93
 1.99 2.03 2.04 2.11 2.13 2.25 2.26 2.32 2.32 2.52 2.58 2.59 2.7  2.78
 2.8  2.85 2.87 2.91 2.94 3.04 3.11 3.15 3.16 3.2  3.22 3.24 3.24 3.3
 3.31 3.35 3.38 3.49 3.5  3.7  3.72 3.79 3.8  3.9  3.96 4.26 4.29 4.3
 5.21 5.27 6.13 7.24]
var: 1.719328305555556
| [0m75       [0m | [0m2.823    [0m | [0m0.028    [0m | [0m15.84    [0m | [0m0.1752   [0m |
[0.02 0.06 0.07 0.12 0.13 0.13 0.17 0.19 0.21 0.24 0.28 0.3  0.32 0.32
 0.33 0.34 0.34 0.36 0.39 0.39 0.41 0.48 0.49 0.5  0.51 0.54 0.55 0.56
 0.57 0.59 0.61 0.63 0.64 0.64 0.65 0.69 0.7  0.71 0.71 0.76 0.81 0.82
 0.84 0.89 0.89 0.92 0.95 0.97 0.98 1.   1.03 1.09 1.16 1.29 1.42 1.79
 1.81 1.86 2.21 2.68]
var: 0.2788123333333333
| [0m76       [0m | [0m0.701    [0m | [0m0.2558   [0m | [0m2.7      [0m | [0m1.201    [0m |
[0.56 0.86 0.95 1.29 1.45 1.67 1.87 1.89 1.94 1.94 2.07 2.16 2.24 2.32
 2.43 2.63 2.68 2.72 2.75 2.78 2.81 2.82 2.83 2.95 3.06 3.12 3.14 3.16
 3.22 3.22 3.27 3.31 3.36 3.4  3.45 3.48 3.54 3.58 3.62 3.63 3.63 3.68
 3.72 3.76 3.77 3.77 3.83 3.93 4.07 4.11 4.3  4.51 4.53 4.56 4.62 5.45
 5.81 5.87 6.84 7.22]
var: 1.6882576388888892
| [0m77       [0m | [0m3.269    [0m | [0m0.01252  [0m | [0m15.93    [0m | [0m0.1029   [0m |
[0.1  0.19 0.2  0.34 0.42 0.59 0.61 0.65 0.77 0.78 0.79 0.8  0.81 0.83
 0.85 0.86 0.89 0.96 0.96 0.97 1.01 1.05 1.11 1.13 1.34 1.37 1.45 1.46
 1.5  1.57 1.58 1.61 1.69 1.72 1.76 1.8  1.89 1.93 1.96 2.02 2.05 2.05
 2.08 2.14 2.23 2.27 2.28 2.35 2.37 2.61 2.71 2.72 3.03 3.05 3.08 3.25
 3.37 3.66 3.68 3.74]
var: 0.8790695555555553
| [0m78       [0m | [0m1.651    [0m | [0m0.2536   [0m | [0m6.933    [0m | [0m0.3708   [0m |
[0.48 0.65 0.75 0.94 1.04 1.05 1.08 1.11 1.19 1.58 1.6  1.71 1.84 1.91
 1.99 2.12 2.16 2.21 2.26 2.33 2.43 2.46 2.48 2.52 2.55 2.57 2.6  2.67
 2.71 2.71 2.73 2.78 2.86 2.87 2.87 2.88 2.93 3.02 3.08 3.1  3.11 3.16
 3.18 3.2  3.44 3.46 3.52 3.6  3.66 3.66 3.71 3.75 3.79 3.92 4.14 4.35
 4.74 5.57 6.65 6.86]
var: 1.6033860833333329
| [0m79       [0m | [0m2.772    [0m | [0m0.05911  [0m | [0m16.06    [0m | [0m0.0681   [0m |
[0.   0.   0.01 0.01 0.06 0.07 0.1  0.13 0.15 0.18 0.2  0.2  0.21 0.25
 0.25 0.26 0.27 0.27 0.29 0.3  0.32 0.32 0.33 0.34 0.35 0.38 0.42 0.42
 0.43 0.44 0.44 0.45 0.45 0.48 0.48 0.5  0.5  0.5  0.51 0.51 0.52 0.53
 0.54 0.54 0.56 0.57 0.59 0.61 0.62 0.65 0.7  0.73 0.74 0.75 0.8  0.95
 0.97 1.05 1.16 1.66]
var: 0.09060655555555593
| [0m80       [0m | [0m0.4503   [0m | [0m0.253    [0m | [0m20.31    [0m | [0m2.587    [0m |
=============================================================
None
num_trials:  40  inits,  40  iters,  60  per
rho:  1
pthin:  0.0

Best VPT: 3.922333333333334
Best result: {'a': 0.004743879092564147, 'g': 15.939434342652103, 's': 0.06860908961847154}

KERNEL: nu=1.5, lengthscale=2.0, alpha=0.0005
