|   iter    |  target   |     a     |     g     |     s     |
-------------------------------------------------------------
[0.   0.02 0.03 0.03 0.04 0.08 0.08 0.08 0.09 0.09 0.09 0.11 0.12 0.14
 0.15 0.15 0.15 0.17 0.18 0.18 0.18 0.19 0.2  0.2  0.2  0.23 0.24 0.24
 0.25 0.3  0.32 0.33 0.35 0.35 0.36 0.36 0.37 0.38 0.39 0.4  0.4  0.41
 0.46 0.48 0.49 0.49 0.5  0.51 0.56 0.56 0.64 0.66 0.7  0.89 0.92 0.92
 1.33 1.35 2.01 2.59]
var: 0.20766608333333345
| [0m1        [0m | [0m0.4115   [0m | [0m0.01955  [0m | [0m15.08    [0m | [0m2.658    [0m |
[0.02 0.03 0.03 0.04 0.08 0.08 0.12 0.12 0.12 0.12 0.13 0.14 0.16 0.2
 0.2  0.24 0.25 0.31 0.31 0.34 0.35 0.35 0.36 0.37 0.38 0.39 0.42 0.43
 0.43 0.43 0.45 0.46 0.46 0.49 0.49 0.51 0.51 0.55 0.56 0.58 0.61 0.66
 0.67 0.68 0.72 0.77 0.84 0.86 0.91 0.99 1.01 1.03 1.06 1.06 1.1  1.1
 1.53 1.66 1.66 2.57]
var: 0.22244388888888927
| [95m2        [0m | [95m0.5583   [0m | [95m0.07476  [0m | [95m24.06    [0m | [95m2.16     [0m |
[0.   0.03 0.13 0.13 0.13 0.18 0.18 0.18 0.18 0.24 0.25 0.26 0.27 0.27
 0.27 0.33 0.36 0.36 0.4  0.41 0.42 0.42 0.43 0.43 0.44 0.45 0.45 0.47
 0.49 0.51 0.52 0.53 0.54 0.54 0.56 0.6  0.6  0.6  0.63 0.64 0.65 0.66
 0.67 0.67 0.69 0.71 0.71 0.78 0.8  0.83 0.9  0.92 1.   1.03 1.22 1.45
 1.59 1.92 2.01 4.2 ]
var: 0.3778228888888891
| [95m3        [0m | [95m0.6373   [0m | [95m0.2644   [0m | [95m11.99    [0m | [95m2.749    [0m |
[0.   0.01 0.01 0.02 0.05 0.05 0.06 0.06 0.08 0.09 0.09 0.11 0.11 0.14
 0.16 0.17 0.18 0.19 0.19 0.19 0.2  0.23 0.24 0.27 0.27 0.3  0.3  0.31
 0.32 0.33 0.34 0.36 0.38 0.38 0.39 0.41 0.42 0.46 0.47 0.47 0.48 0.51
 0.52 0.53 0.54 0.56 0.58 0.6  0.63 0.64 0.67 0.7  0.79 0.9  0.94 0.96
 1.08 1.27 1.48 2.42]
var: 0.1660849722222222
| [0m4        [0m | [0m0.4268   [0m | [0m0.06849  [0m | [0m34.8     [0m | [0m1.713    [0m |
[0.04 0.05 0.07 0.07 0.08 0.12 0.14 0.15 0.16 0.17 0.18 0.19 0.26 0.3
 0.31 0.33 0.33 0.35 0.38 0.38 0.4  0.4  0.41 0.43 0.43 0.49 0.49 0.5
 0.52 0.54 0.57 0.59 0.64 0.66 0.68 0.69 0.71 0.72 0.74 0.74 0.76 0.79
 0.81 0.84 0.86 0.87 0.93 0.94 1.   1.   1.01 1.14 1.19 1.22 1.34 1.39
 1.72 1.73 1.73 3.06]
var: 0.27590122222222246
| [95m5        [0m | [95m0.6623   [0m | [95m0.0432   [0m | [95m9.65     [0m | [95m2.066    [0m |
[0.02 0.04 0.05 0.05 0.06 0.06 0.07 0.08 0.1  0.15 0.15 0.19 0.2  0.22
 0.27 0.27 0.31 0.34 0.36 0.37 0.38 0.45 0.46 0.46 0.52 0.57 0.61 0.64
 0.64 0.65 0.66 0.67 0.7  0.72 0.73 0.8  0.84 0.87 0.89 0.92 0.94 1.08
 1.08 1.09 1.11 1.12 1.22 1.32 1.39 1.48 1.72 1.77 1.82 1.83 1.84 1.9
 2.06 2.1  2.42 2.42]
var: 0.4255476388888887
| [95m6        [0m | [95m0.8042   [0m | [95m0.09911  [0m | [95m19.28    [0m | [95m1.457    [0m |
[0.   0.   0.   0.03 0.03 0.04 0.06 0.07 0.07 0.12 0.16 0.19 0.24 0.24
 0.25 0.26 0.27 0.27 0.28 0.28 0.29 0.3  0.31 0.31 0.35 0.38 0.39 0.42
 0.42 0.42 0.44 0.45 0.48 0.48 0.49 0.5  0.5  0.53 0.57 0.57 0.61 0.63
 0.64 0.71 0.71 0.8  0.81 0.82 0.84 0.89 0.92 1.   1.18 1.19 1.41 1.9
 2.41 2.43 2.6  3.08]
var: 0.4247062222222221
| [0m7        [0m | [0m0.6173   [0m | [0m0.2553   [0m | [0m38.37    [0m | [0m1.343    [0m |
[0.   0.01 0.01 0.02 0.02 0.03 0.04 0.05 0.07 0.07 0.09 0.1  0.1  0.11
 0.13 0.13 0.14 0.14 0.15 0.16 0.17 0.17 0.17 0.19 0.19 0.24 0.25 0.27
 0.27 0.27 0.28 0.28 0.33 0.33 0.34 0.35 0.36 0.37 0.37 0.38 0.4  0.42
 0.43 0.44 0.44 0.46 0.47 0.48 0.5  0.5  0.5  0.51 0.51 0.54 0.7  0.78
 0.79 0.81 0.84 1.07]
var: 0.05574122222222215
| [0m8        [0m | [0m0.3123   [0m | [0m0.0152   [0m | [0m34.23    [0m | [0m2.416    [0m |
[0.05 0.1  0.12 0.14 0.16 0.2  0.21 0.21 0.22 0.24 0.26 0.28 0.3  0.33
 0.39 0.44 0.45 0.47 0.48 0.48 0.49 0.52 0.52 0.52 0.53 0.53 0.57 0.57
 0.59 0.59 0.6  0.64 0.66 0.68 0.68 0.69 0.78 0.85 0.88 0.89 0.95 0.98
 1.   1.06 1.12 1.14 1.14 1.14 1.17 1.21 1.21 1.24 1.41 1.44 1.74 1.76
 1.93 2.12 2.15 2.46]
var: 0.3013559999999995
| [0m9        [0m | [0m0.778    [0m | [0m0.08243  [0m | [0m8.714    [0m | [0m2.108    [0m |
[0.06 0.06 0.06 0.08 0.11 0.12 0.12 0.14 0.15 0.15 0.17 0.17 0.22 0.25
 0.28 0.34 0.35 0.35 0.38 0.41 0.42 0.44 0.52 0.52 0.53 0.56 0.57 0.58
 0.59 0.59 0.59 0.62 0.63 0.65 0.71 0.72 0.75 0.77 0.77 0.91 1.24 1.25
 1.29 1.36 1.39 1.42 1.44 1.49 1.49 1.51 1.63 1.64 1.64 2.13 2.15 2.23
 2.3  2.31 2.63 3.28]
var: 0.5569380833333337
| [95m10       [0m | [95m0.8705   [0m | [95m0.2786   [0m | [95m21.34    [0m | [95m1.5      [0m |
[0.98 1.05 1.06 1.14 1.15 1.37 1.4  1.53 1.64 1.7  1.8  1.86 1.93 1.98
 2.03 2.11 2.16 2.27 2.32 2.32 2.35 2.44 2.46 2.51 2.59 2.63 2.67 2.69
 2.7  2.74 2.78 2.8  2.84 2.87 3.06 3.11 3.13 3.16 3.31 3.43 3.43 3.44
 3.46 3.48 3.51 3.52 3.62 3.66 3.68 3.81 3.93 4.09 4.09 4.29 4.3  4.49
 4.74 5.29 6.19 6.83]
var: 1.4213015555555546
| [95m11       [0m | [95m2.899    [0m | [95m0.1985   [0m | [95m11.51    [0m | [95m0.1117   [0m |
[0.   0.02 0.03 0.05 0.05 0.05 0.05 0.07 0.1  0.12 0.14 0.15 0.16 0.16
 0.18 0.18 0.19 0.19 0.2  0.22 0.23 0.24 0.24 0.26 0.28 0.28 0.3  0.3
 0.31 0.32 0.32 0.32 0.34 0.35 0.36 0.38 0.39 0.42 0.43 0.45 0.46 0.49
 0.49 0.5  0.53 0.54 0.55 0.55 0.56 0.62 0.63 0.64 0.64 0.71 0.72 0.77
 0.92 1.15 1.52 2.33]
var: 0.13999541666666643
| [0m12       [0m | [0m0.4025   [0m | [0m0.2838   [0m | [0m23.96    [0m | [0m2.462    [0m |
[0.02 0.06 0.07 0.07 0.12 0.12 0.12 0.16 0.16 0.18 0.18 0.19 0.19 0.21
 0.22 0.24 0.24 0.25 0.26 0.29 0.32 0.33 0.34 0.41 0.41 0.42 0.42 0.42
 0.42 0.46 0.47 0.48 0.55 0.56 0.56 0.57 0.58 0.58 0.59 0.61 0.62 0.62
 0.63 0.63 0.64 0.66 0.68 0.72 0.73 0.74 0.76 0.82 0.84 0.9  0.94 0.95
 1.2  1.51 1.73 2.32]
var: 0.165591638888889
| [0m13       [0m | [0m0.5248   [0m | [0m0.283    [0m | [0m18.47    [0m | [0m2.691    [0m |
[0.   0.02 0.03 0.03 0.03 0.03 0.03 0.04 0.04 0.05 0.05 0.06 0.06 0.06
 0.06 0.06 0.06 0.07 0.07 0.07 0.07 0.07 0.07 0.08 0.08 0.08 0.1  0.1
 0.1  0.1  0.1  0.1  0.1  0.11 0.11 0.11 0.11 0.12 0.12 0.12 0.12 0.12
 0.13 0.14 0.14 0.14 0.15 0.16 0.19 0.2  0.22 0.23 0.26 0.26 0.26 0.29
 0.35 0.35 0.37 0.57]
var: 0.010434888888888804
| [0m14       [0m | [0m0.1253   [0m | [0m0.257    [0m | [0m36.01    [0m | [0m0.009279 [0m |
[0.11 0.19 0.19 0.4  0.5  0.57 0.73 0.83 0.85 0.97 1.   1.11 1.14 1.16
 1.17 1.19 1.27 1.3  1.39 1.39 1.4  1.44 1.51 1.55 1.58 1.59 1.64 1.7
 1.74 1.74 1.75 1.77 1.89 2.03 2.07 2.18 2.19 2.24 2.39 2.4  2.53 2.54
 2.55 2.58 2.59 2.74 2.82 3.05 3.2  3.4  3.41 3.48 3.57 3.6  3.72 3.83
 4.03 4.26 4.61 5.28]
var: 1.3433743055555563
| [0m15       [0m | [0m2.034    [0m | [0m0.03064  [0m | [0m11.72    [0m | [0m0.3977   [0m |
[0.   0.06 0.11 0.21 0.22 0.22 0.23 0.24 0.25 0.25 0.25 0.27 0.3  0.32
 0.34 0.36 0.38 0.4  0.47 0.52 0.55 0.55 0.57 0.58 0.77 0.83 0.83 0.88
 1.03 1.06 1.11 1.15 1.18 1.21 1.26 1.27 1.35 1.38 1.39 1.47 1.51 1.7
 1.74 1.82 1.89 1.93 1.95 1.96 1.99 2.01 2.13 2.22 2.34 2.37 2.4  2.48
 2.67 2.83 2.86 3.26]
var: 0.7310982222222218
| [0m16       [0m | [0m1.165    [0m | [0m0.084    [0m | [0m14.91    [0m | [0m1.245    [0m |
[0.   0.01 0.03 0.04 0.05 0.11 0.11 0.13 0.13 0.17 0.17 0.2  0.21 0.22
 0.22 0.23 0.27 0.3  0.32 0.32 0.35 0.37 0.38 0.38 0.38 0.39 0.4  0.42
 0.45 0.46 0.47 0.49 0.49 0.5  0.53 0.62 0.62 0.67 0.68 0.68 0.72 0.78
 0.78 0.8  0.83 0.99 1.02 1.04 1.06 1.07 1.12 1.14 1.16 1.32 1.33 1.35
 1.87 2.12 2.18 3.53]
var: 0.3830043333333329
| [0m17       [0m | [0m0.653    [0m | [0m0.2782   [0m | [0m36.68    [0m | [0m1.183    [0m |
[0.   0.   0.03 0.03 0.04 0.08 0.09 0.1  0.11 0.12 0.13 0.21 0.27 0.28
 0.36 0.38 0.38 0.39 0.39 0.45 0.45 0.46 0.48 0.49 0.54 0.55 0.6  0.67
 0.75 0.76 0.77 0.78 0.8  0.83 0.83 0.86 0.87 0.99 1.03 1.04 1.05 1.08
 1.09 1.12 1.22 1.22 1.36 1.36 1.36 1.46 1.71 1.88 1.99 2.03 2.54 2.6
 2.63 2.67 2.93 3.21]
var: 0.6379783333333333
| [0m18       [0m | [0m0.915    [0m | [0m0.2286   [0m | [0m26.79    [0m | [0m0.9593   [0m |
[0.   0.06 0.07 0.34 0.38 0.41 0.41 0.44 0.44 0.44 0.44 0.45 0.45 0.52
 0.61 0.64 0.66 0.67 0.69 0.76 0.79 0.8  0.82 0.82 0.84 0.85 0.86 0.87
 0.89 0.9  0.93 0.94 0.99 1.   1.07 1.08 1.2  1.25 1.33 1.35 1.39 1.39
 1.45 1.46 1.56 1.58 1.59 1.63 1.74 1.76 1.8  1.87 1.91 2.1  2.11 2.4
 2.7  3.19 3.2  5.76]
var: 0.8439676388888885
| [0m19       [0m | [0m1.184    [0m | [0m0.1173   [0m | [0m18.59    [0m | [0m1.017    [0m |
[0.   0.02 0.02 0.04 0.05 0.06 0.07 0.08 0.1  0.13 0.14 0.15 0.16 0.17
 0.19 0.27 0.3  0.3  0.31 0.32 0.32 0.33 0.34 0.34 0.35 0.36 0.37 0.37
 0.37 0.39 0.4  0.41 0.41 0.43 0.43 0.43 0.48 0.52 0.53 0.53 0.54 0.54
 0.55 0.55 0.57 0.6  0.61 0.63 0.65 0.66 0.69 0.73 0.76 0.82 0.84 0.86
 0.88 0.97 1.12 1.63]
var: 0.09001274999999992
| [0m20       [0m | [0m0.4365   [0m | [0m0.2025   [0m | [0m18.34    [0m | [0m2.992    [0m |
[0.   0.   0.   0.01 0.02 0.03 0.03 0.04 0.05 0.06 0.07 0.07 0.07 0.08
 0.09 0.1  0.11 0.13 0.13 0.13 0.16 0.21 0.22 0.23 0.23 0.24 0.26 0.31
 0.31 0.33 0.34 0.35 0.38 0.38 0.42 0.42 0.43 0.44 0.44 0.44 0.45 0.46
 0.47 0.47 0.48 0.5  0.53 0.54 0.55 0.57 0.59 0.62 0.68 0.92 0.95 0.98
 1.09 1.17 1.23 2.09]
var: 0.13987500000000033
| [0m21       [0m | [0m0.385    [0m | [0m0.003944 [0m | [0m33.74    [0m | [0m2.223    [0m |
[0.   0.01 0.03 0.06 0.08 0.09 0.09 0.1  0.15 0.16 0.16 0.16 0.18 0.18
 0.2  0.22 0.23 0.24 0.25 0.26 0.27 0.28 0.29 0.29 0.33 0.35 0.36 0.39
 0.4  0.4  0.41 0.42 0.43 0.46 0.47 0.5  0.51 0.54 0.59 0.61 0.71 0.72
 0.72 0.74 0.75 0.78 0.79 0.9  0.92 0.95 0.97 1.   1.   1.01 1.11 1.36
 1.4  1.43 2.05 2.87]
var: 0.259688083333333
| [0m22       [0m | [0m0.5555   [0m | [0m0.2589   [0m | [0m1.257    [0m | [0m2.651    [0m |
[0.   0.04 0.04 0.06 0.09 0.13 0.15 0.16 0.19 0.2  0.2  0.22 0.23 0.26
 0.28 0.29 0.33 0.35 0.36 0.39 0.39 0.41 0.42 0.42 0.43 0.44 0.45 0.47
 0.49 0.5  0.53 0.54 0.56 0.59 0.61 0.61 0.69 0.7  0.71 0.79 0.8  0.82
 0.83 0.86 0.97 1.   1.09 1.12 1.15 1.19 1.29 1.36 1.39 1.4  1.5  1.71
 2.13 2.18 2.98 4.16]
var: 0.5294876388888893
| [0m23       [0m | [0m0.7442   [0m | [0m0.2451   [0m | [0m40.38    [0m | [0m0.7382   [0m |
[0.01 0.03 0.05 0.07 0.1  0.12 0.16 0.16 0.17 0.19 0.19 0.21 0.23 0.24
 0.25 0.25 0.27 0.28 0.29 0.3  0.32 0.32 0.33 0.34 0.34 0.37 0.39 0.43
 0.44 0.44 0.47 0.49 0.55 0.56 0.56 0.57 0.57 0.57 0.59 0.6  0.61 0.63
 0.63 0.64 0.67 0.68 0.7  0.79 0.81 0.82 0.88 0.94 0.94 1.04 1.09 1.19
 1.26 1.27 1.69 2.05]
var: 0.15764097222222215
| [0m24       [0m | [0m0.5358   [0m | [0m0.1757   [0m | [0m13.67    [0m | [0m2.761    [0m |
[0.05 0.08 0.14 0.17 0.23 0.27 0.29 0.36 0.47 0.47 0.5  0.54 0.58 0.61
 0.63 0.64 0.66 0.67 0.73 0.73 0.75 0.76 0.77 0.8  0.8  0.8  0.86 0.89
 0.94 0.94 1.   1.04 1.06 1.08 1.08 1.09 1.14 1.14 1.16 1.17 1.2  1.2
 1.3  1.34 1.45 1.53 1.58 1.66 1.68 1.97 1.97 2.31 2.4  2.64 2.65 2.7
 3.47 3.54 4.01 4.4 ]
var: 0.8972916388888877
| [0m25       [0m | [0m1.218    [0m | [0m0.2121   [0m | [0m38.02    [0m | [0m0.3519   [0m |
[0.05 0.14 0.28 0.34 0.41 0.47 0.51 0.56 0.61 0.64 0.67 0.67 0.7  0.71
 0.72 0.74 0.79 0.85 0.88 0.88 0.88 0.94 1.02 1.19 1.2  1.23 1.33 1.48
 1.48 1.54 1.65 1.66 1.69 1.72 1.73 1.76 1.77 1.82 1.93 1.96 1.99 2.
 2.02 2.06 2.12 2.23 2.28 2.29 2.37 2.39 2.58 2.67 2.72 2.78 2.79 2.87
 3.13 3.16 3.18 3.86]
var: 0.7936460833333324
| [0m26       [0m | [0m1.552    [0m | [0m0.2479   [0m | [0m18.87    [0m | [0m0.3892   [0m |
[0.13 0.13 0.23 0.37 0.4  0.41 0.48 0.49 0.63 0.73 0.87 0.9  1.04 1.07
 1.09 1.15 1.21 1.22 1.26 1.27 1.29 1.32 1.34 1.43 1.44 1.5  1.51 1.55
 1.57 1.78 1.82 1.85 1.87 1.87 2.03 2.05 2.08 2.16 2.16 2.17 2.17 2.21
 2.26 2.42 2.46 2.47 2.48 2.51 2.52 2.52 2.53 2.6  2.88 3.07 3.18 3.6
 3.7  4.2  4.77 5.  ]
var: 1.1344132222222225
| [0m27       [0m | [0m1.824    [0m | [0m0.2722   [0m | [0m10.29    [0m | [0m0.4718   [0m |
[0.   0.   0.   0.   0.01 0.01 0.01 0.02 0.02 0.02 0.02 0.02 0.03 0.05
 0.05 0.06 0.07 0.09 0.1  0.1  0.14 0.15 0.15 0.16 0.18 0.2  0.21 0.25
 0.25 0.26 0.31 0.31 0.31 0.31 0.32 0.32 0.33 0.33 0.36 0.43 0.44 0.46
 0.46 0.61 0.62 0.68 0.7  0.7  0.77 0.78 0.78 0.82 0.84 0.88 0.99 1.1
 1.22 1.23 1.47 1.78]
var: 0.16372830555555554
| [0m28       [0m | [0m0.3882   [0m | [0m0.248    [0m | [0m45.49    [0m | [0m1.368    [0m |
[0.   0.02 0.02 0.06 0.07 0.21 0.22 0.25 0.26 0.27 0.28 0.28 0.3  0.35
 0.35 0.36 0.41 0.44 0.44 0.44 0.44 0.45 0.46 0.46 0.5  0.52 0.55 0.56
 0.56 0.59 0.59 0.61 0.69 0.7  0.73 0.74 0.76 0.78 0.95 0.98 1.   1.04
 1.05 1.05 1.07 1.11 1.12 1.15 1.19 1.25 1.55 1.6  1.64 1.66 1.71 1.72
 2.06 2.46 2.49 2.68]
var: 0.39157097222222226
| [0m29       [0m | [0m0.8042   [0m | [0m0.07947  [0m | [0m41.25    [0m | [0m0.89     [0m |
[0.09 0.15 0.18 0.21 0.49 0.53 0.66 0.67 0.69 0.73 0.75 0.76 0.77 0.79
 0.95 1.03 1.11 1.16 1.25 1.26 1.34 1.36 1.36 1.41 1.41 1.59 1.64 1.67
 1.78 1.82 1.91 2.03 2.03 2.04 2.09 2.1  2.11 2.11 2.2  2.3  2.35 2.45
 2.49 2.62 2.65 2.73 2.74 2.75 2.92 3.   3.27 3.3  3.32 3.33 3.5  3.7
 3.81 3.98 4.64 5.95]
var: 1.4098936388888894
| [0m30       [0m | [0m1.934    [0m | [0m0.02233  [0m | [0m15.74    [0m | [0m0.3782   [0m |
[0.   0.   0.   0.   0.01 0.01 0.02 0.02 0.03 0.03 0.04 0.04 0.05 0.05
 0.06 0.07 0.08 0.08 0.09 0.11 0.11 0.11 0.13 0.14 0.15 0.16 0.18 0.19
 0.21 0.23 0.26 0.26 0.3  0.31 0.31 0.34 0.35 0.35 0.39 0.4  0.4  0.43
 0.45 0.48 0.5  0.5  0.52 0.53 0.58 0.59 0.59 0.61 0.64 0.64 0.82 0.83
 0.99 1.06 1.13 1.26]
var: 0.09404322222222228
| [0m31       [0m | [0m0.3203   [0m | [0m0.06326  [0m | [0m44.55    [0m | [0m2.203    [0m |
[0.   0.   0.   0.01 0.03 0.03 0.03 0.04 0.06 0.08 0.08 0.09 0.09 0.1
 0.1  0.11 0.14 0.17 0.18 0.21 0.22 0.22 0.23 0.25 0.27 0.29 0.37 0.38
 0.39 0.39 0.4  0.43 0.43 0.43 0.47 0.49 0.5  0.5  0.51 0.51 0.51 0.52
 0.56 0.58 0.62 0.63 0.64 0.66 0.67 0.68 0.7  0.72 0.73 0.77 0.79 0.98
 1.1  1.23 1.69 2.48]
var: 0.18026275000000033
| [0m32       [0m | [0m0.4415   [0m | [0m0.02598  [0m | [0m46.85    [0m | [0m1.521    [0m |
[0.   0.   0.   0.   0.   0.   0.   0.   0.01 0.01 0.03 0.04 0.04 0.05
 0.05 0.05 0.07 0.07 0.08 0.08 0.09 0.12 0.13 0.15 0.15 0.15 0.16 0.16
 0.18 0.2  0.21 0.21 0.22 0.24 0.26 0.27 0.28 0.29 0.29 0.31 0.32 0.33
 0.33 0.42 0.42 0.43 0.43 0.44 0.52 0.53 0.54 0.56 0.57 0.59 0.62 0.64
 0.65 0.67 0.67 0.71]
var: 0.0476095555555556
| [0m33       [0m | [0m0.2507   [0m | [0m0.2419   [0m | [0m46.24    [0m | [0m2.458    [0m |
[0.01 0.01 0.01 0.02 0.03 0.04 0.08 0.09 0.11 0.11 0.13 0.15 0.15 0.16
 0.19 0.19 0.2  0.2  0.25 0.25 0.26 0.27 0.28 0.3  0.31 0.32 0.32 0.33
 0.33 0.36 0.37 0.37 0.38 0.39 0.39 0.39 0.4  0.41 0.43 0.44 0.44 0.47
 0.49 0.5  0.53 0.55 0.57 0.6  0.63 0.66 0.67 0.68 0.68 0.71 0.79 0.81
 0.86 0.99 1.06 1.08]
var: 0.06912222222222236
| [0m34       [0m | [0m0.3867   [0m | [0m0.299    [0m | [0m26.27    [0m | [0m2.985    [0m |
[0.01 0.08 0.1  0.12 0.12 0.13 0.16 0.17 0.21 0.24 0.25 0.25 0.26 0.28
 0.29 0.29 0.31 0.32 0.32 0.36 0.36 0.37 0.38 0.41 0.45 0.47 0.48 0.48
 0.48 0.5  0.54 0.55 0.61 0.65 0.65 0.67 0.7  0.71 0.72 0.73 0.74 0.76
 0.76 0.78 0.85 0.87 0.93 0.95 1.01 1.07 1.13 1.14 1.2  1.32 1.35 1.46
 1.64 1.88 2.05 4.42]
var: 0.4340960833333337
| [0m35       [0m | [0m0.6915   [0m | [0m0.2621   [0m | [0m6.35     [0m | [0m2.442    [0m |
[0.03 0.03 0.06 0.07 0.09 0.09 0.09 0.12 0.15 0.16 0.18 0.2  0.2  0.22
 0.26 0.27 0.28 0.29 0.3  0.31 0.31 0.32 0.33 0.37 0.38 0.41 0.41 0.41
 0.42 0.43 0.43 0.43 0.44 0.47 0.47 0.49 0.49 0.51 0.51 0.54 0.56 0.58
 0.61 0.63 0.64 0.68 0.72 0.74 0.79 0.82 0.9  1.03 1.06 1.2  1.26 1.27
 1.29 1.38 1.64 1.66]
var: 0.15561030555555558
| [0m36       [0m | [0m0.5238   [0m | [0m0.1339   [0m | [0m1.787    [0m | [0m2.169    [0m |
[0.   0.   0.03 0.03 0.07 0.07 0.07 0.1  0.11 0.12 0.13 0.14 0.14 0.14
 0.15 0.16 0.17 0.17 0.17 0.18 0.2  0.2  0.22 0.22 0.24 0.25 0.27 0.29
 0.3  0.31 0.32 0.33 0.33 0.36 0.37 0.37 0.38 0.42 0.42 0.42 0.45 0.45
 0.48 0.49 0.57 0.58 0.6  0.62 0.63 0.71 0.76 0.79 0.83 0.96 1.07 1.11
 1.13 1.16 1.19 1.34]
var: 0.11175497222222225
| [0m37       [0m | [0m0.4048   [0m | [0m0.1333   [0m | [0m23.34    [0m | [0m2.676    [0m |
[0.   0.03 0.05 0.07 0.13 0.15 0.2  0.23 0.24 0.27 0.27 0.28 0.3  0.3
 0.3  0.32 0.34 0.35 0.37 0.37 0.38 0.42 0.45 0.46 0.47 0.47 0.48 0.48
 0.49 0.49 0.51 0.57 0.59 0.6  0.63 0.63 0.65 0.67 0.68 0.69 0.71 0.71
 0.72 0.75 0.76 0.78 0.81 0.84 0.88 0.9  0.96 0.99 1.01 1.09 1.1  1.12
 1.16 1.59 1.78 1.87]
var: 0.152726083333333
| [0m38       [0m | [0m0.5985   [0m | [0m0.2574   [0m | [0m37.77    [0m | [0m1.386    [0m |
[0.   0.04 0.09 0.1  0.12 0.12 0.13 0.16 0.21 0.21 0.22 0.22 0.26 0.27
 0.3  0.34 0.35 0.38 0.39 0.4  0.42 0.42 0.43 0.51 0.52 0.53 0.54 0.58
 0.6  0.65 0.66 0.67 0.69 0.75 0.76 0.79 0.81 0.82 0.85 0.86 0.9  0.91
 0.95 0.99 1.2  1.46 1.52 1.61 1.61 1.66 1.71 1.84 1.94 2.13 2.33 2.5
 2.51 2.52 3.56 3.96]
var: 0.7355565555555557
| [0m39       [0m | [0m0.9163   [0m | [0m0.2103   [0m | [0m18.71    [0m | [0m1.464    [0m |
[0.   0.   0.02 0.02 0.02 0.03 0.03 0.04 0.04 0.04 0.06 0.06 0.07 0.07
 0.08 0.09 0.16 0.16 0.17 0.18 0.2  0.24 0.24 0.25 0.26 0.28 0.31 0.32
 0.32 0.33 0.34 0.34 0.38 0.41 0.43 0.49 0.5  0.53 0.53 0.57 0.59 0.6
 0.6  0.63 0.66 0.7  0.7  0.7  0.73 0.81 0.84 0.93 0.98 0.98 1.   1.03
 1.09 1.12 1.28 1.36]
var: 0.13097122222222232
| [0m40       [0m | [0m0.4323   [0m | [0m0.2705   [0m | [0m45.38    [0m | [0m1.272    [0m |
[0.   0.   0.   0.   0.   0.   0.   0.   0.   0.   0.   0.   0.   0.
 0.   0.   0.   0.   0.   0.   0.   0.   0.   0.   0.   0.   0.   0.
 0.   0.   0.   0.   0.   0.   0.   0.   0.   0.   0.   0.   0.   0.
 0.   0.   0.   0.   0.   0.   0.   0.   0.   0.   0.   0.   0.01 0.01
 0.03 0.03 0.04 0.09]
var: 0.00018275000000000992
| [0m41       [0m | [0m0.0035   [0m | [0m0.3      [0m | [0m11.13    [0m | [0m0.001    [0m |
[0.07 0.08 0.1  0.34 0.39 0.7  0.8  0.81 0.82 0.88 0.91 1.06 1.11 1.19
 1.19 1.24 1.25 1.27 1.29 1.37 1.38 1.42 1.45 1.46 1.52 1.57 1.6  1.6
 1.61 1.72 1.73 1.75 1.79 1.82 2.02 2.02 2.1  2.19 2.32 2.37 2.45 2.73
 2.74 2.76 2.8  2.81 2.85 2.92 3.05 3.11 3.12 3.21 3.23 3.25 3.47 3.49
 3.76 4.16 4.29 5.26]
var: 1.2312969722222216
| [0m42       [0m | [0m1.963    [0m | [0m0.13     [0m | [0m10.28    [0m | [0m0.5687   [0m |
[0.09 0.12 0.16 0.22 0.22 0.42 0.5  0.56 0.56 0.64 0.68 0.77 0.85 0.89
 0.93 0.94 1.   1.01 1.07 1.19 1.22 1.24 1.25 1.26 1.28 1.31 1.36 1.42
 1.42 1.45 1.54 1.7  1.76 1.82 1.84 1.87 1.88 1.98 2.   2.08 2.09 2.09
 2.18 2.3  2.32 2.43 2.55 2.56 2.67 2.7  2.75 2.75 2.77 2.78 2.78 3.06
 3.13 3.34 4.05 4.06]
var: 0.9192645555555568
| [0m43       [0m | [0m1.664    [0m | [0m0.0129   [0m | [0m11.73    [0m | [0m0.3886   [0m |
[0.   0.   0.   0.   0.   0.   0.   0.01 0.02 0.03 0.04 0.04 0.04 0.05
 0.05 0.06 0.09 0.1  0.1  0.1  0.11 0.11 0.12 0.13 0.15 0.17 0.18 0.18
 0.2  0.21 0.23 0.26 0.28 0.29 0.3  0.33 0.33 0.33 0.34 0.34 0.34 0.35
 0.35 0.37 0.37 0.38 0.39 0.42 0.43 0.44 0.44 0.47 0.48 0.5  0.51 0.51
 0.52 0.54 0.6  1.29]
var: 0.04944322222222211
| [0m44       [0m | [0m0.2503   [0m | [0m0.2171   [0m | [0m48.05    [0m | [0m2.132    [0m |
[0.1  0.11 0.13 0.13 0.27 0.34 0.38 0.39 0.53 0.73 0.85 0.96 0.97 0.97
 1.01 1.04 1.05 1.07 1.09 1.16 1.22 1.41 1.42 1.48 1.48 1.5  1.51 1.57
 1.63 1.66 1.66 1.86 1.97 2.03 2.09 2.12 2.16 2.16 2.18 2.29 2.38 2.4
 2.47 2.51 2.51 2.58 2.58 2.6  2.67 2.72 2.81 3.   3.14 3.34 3.56 4.03
 5.19 5.43 5.82 6.07]
var: 1.8162694166666653
| [0m45       [0m | [0m1.942    [0m | [0m0.09251  [0m | [0m11.72    [0m | [0m0.4557   [0m |
[0.45 0.69 1.03 1.13 1.26 1.4  1.46 1.54 1.63 1.67 1.85 1.92 2.07 2.23
 2.28 2.34 2.35 2.39 2.47 2.49 2.5  2.53 2.55 2.7  2.72 2.8  2.9  2.96
 2.96 2.98 3.07 3.14 3.39 3.42 3.43 3.43 3.45 3.49 3.56 3.58 3.66 3.66
 3.67 3.69 3.7  3.75 3.84 3.86 3.97 3.99 4.01 4.08 4.19 4.2  4.29 4.36
 4.92 5.06 5.94 9.27]
var: 1.8707793333333333
| [95m46       [0m | [95m3.072    [0m | [95m0.1583   [0m | [95m11.48    [0m | [95m0.1348   [0m |
[0.54 0.67 1.06 1.14 1.3  1.6  1.68 1.77 1.78 1.82 1.87 1.88 1.94 1.97
 1.97 2.03 2.07 2.16 2.21 2.23 2.29 2.34 2.35 2.38 2.4  2.45 2.47 2.49
 2.57 2.6  2.66 2.68 2.69 2.71 2.72 2.75 2.84 2.84 2.89 2.89 2.91 2.94
 2.99 3.05 3.06 3.19 3.25 3.52 3.53 3.93 4.01 4.14 4.57 4.76 4.78 4.92
 4.93 5.24 5.48 6.74]
var: 1.428474
| [0m47       [0m | [0m2.794    [0m | [0m0.1296   [0m | [0m11.54    [0m | [0m0.09527  [0m |
[0.32 0.35 0.37 0.45 0.47 0.53 0.71 0.89 0.92 0.95 0.99 1.07 1.14 1.15
 1.21 1.21 1.26 1.3  1.31 1.39 1.39 1.4  1.53 1.57 1.59 1.59 1.6  1.7
 1.71 1.73 1.76 1.8  1.8  1.88 1.96 2.03 2.07 2.14 2.25 2.26 2.31 2.41
 2.43 2.45 2.46 2.49 2.7  2.7  3.01 3.07 3.24 3.25 3.29 3.54 4.   4.04
 4.25 4.54 6.14 6.27]
var: 1.5880589999999997
| [0m48       [0m | [0m2.039    [0m | [0m0.2333   [0m | [0m11.49    [0m | [0m0.04574  [0m |
[0.   0.03 0.03 0.03 0.03 0.05 0.05 0.06 0.08 0.14 0.16 0.23 0.24 0.24
 0.31 0.34 0.35 0.36 0.36 0.36 0.38 0.4  0.42 0.45 0.46 0.48 0.49 0.51
 0.52 0.52 0.53 0.6  0.61 0.62 0.7  0.73 0.73 0.74 0.77 0.78 0.79 0.81
 0.87 0.87 0.93 0.95 0.98 1.   1.11 1.17 1.27 1.32 1.45 1.61 1.65 1.66
 1.9  2.   2.06 2.36]
var: 0.3164209722222218
| [0m49       [0m | [0m0.6942   [0m | [0m0.2002   [0m | [0m28.35    [0m | [0m1.246    [0m |
[0.06 0.29 0.45 0.58 0.62 0.63 0.66 0.76 0.81 0.82 0.91 1.   1.05 1.1
 1.12 1.13 1.16 1.17 1.24 1.24 1.3  1.34 1.34 1.35 1.37 1.48 1.53 1.64
 1.76 1.81 1.83 1.91 1.97 1.98 2.07 2.15 2.19 2.2  2.21 2.23 2.44 2.46
 2.53 2.53 2.54 2.67 2.71 2.88 2.93 3.04 3.04 3.1  3.22 3.25 3.39 3.52
 3.76 4.3  5.23 5.44]
var: 1.2867928888888884
| [0m50       [0m | [0m1.957    [0m | [0m0.1345   [0m | [0m11.44    [0m | [0m0.2702   [0m |
[0.12 0.54 0.66 0.78 0.81 0.81 0.93 0.99 1.11 1.17 1.18 1.27 1.33 1.39
 1.4  1.46 1.53 1.71 1.84 1.95 1.96 1.99 2.09 2.13 2.14 2.19 2.23 2.26
 2.38 2.4  2.45 2.51 2.51 2.61 2.65 2.66 2.67 2.74 2.81 2.83 2.94 2.98
 3.03 3.06 3.08 3.09 3.23 3.26 3.28 3.54 3.84 3.85 3.86 3.91 3.96 4.31
 4.64 4.96 5.   5.14]
var: 1.3836943055555557
| [0m51       [0m | [0m2.436    [0m | [0m0.1352   [0m | [0m11.59    [0m | [0m0.1715   [0m |
[0.18 0.65 0.84 1.05 1.15 1.26 1.3  1.37 1.44 1.45 1.47 1.51 1.53 1.95
 2.04 2.06 2.15 2.22 2.23 2.26 2.28 2.44 2.63 2.69 2.69 2.71 2.74 2.79
 2.79 2.84 2.85 2.88 2.91 2.92 2.95 3.06 3.22 3.27 3.28 3.31 3.35 3.42
 3.44 3.46 3.47 3.69 3.88 3.9  3.9  4.   4.08 4.29 4.59 4.61 4.8  5.07
 5.15 5.54 5.79 6.31]
var: 1.7027038888888886
| [0m52       [0m | [0m2.902    [0m | [0m0.05414  [0m | [0m11.47    [0m | [0m0.1571   [0m |
[0.67 0.69 0.69 0.9  0.9  1.08 1.13 1.26 1.31 1.37 1.37 1.43 1.62 1.7
 1.88 2.03 2.09 2.1  2.11 2.24 2.25 2.26 2.26 2.38 2.46 2.48 2.48 2.5
 2.72 2.74 2.8  2.88 2.89 2.92 2.93 2.98 3.   3.18 3.23 3.38 3.48 3.51
 3.52 3.55 3.57 3.73 3.89 4.04 4.18 4.22 4.76 4.77 4.84 4.91 4.98 5.09
 5.12 5.13 6.81 7.56]
var: 2.1714509722222246
| [0m53       [0m | [0m2.916    [0m | [0m0.169    [0m | [0m11.37    [0m | [0m0.1588   [0m |
[0.27 0.34 0.52 0.56 0.58 0.69 0.78 0.98 1.02 1.09 1.14 1.27 1.33 1.54
 1.56 1.77 1.82 1.85 1.88 1.93 2.02 2.05 2.11 2.11 2.17 2.29 2.3  2.38
 2.41 2.53 2.58 2.61 2.74 2.9  2.95 3.05 3.1  3.14 3.27 3.39 3.42 3.42
 3.67 3.68 4.14 4.15 4.2  4.28 4.44 4.89 5.02 5.03 5.26 5.78 5.92 6.2
 6.38 6.41 7.39 7.58]
var: 3.278492666666666
| [0m54       [0m | [0m2.938    [0m | [0m0.249    [0m | [0m11.43    [0m | [0m0.1355   [0m |
[0.08 0.09 0.18 0.33 0.37 0.42 0.46 0.53 0.55 0.62 0.63 0.66 0.8  0.9
 0.94 1.   1.08 1.18 1.22 1.49 1.52 1.56 1.59 1.6  1.61 1.65 1.66 1.67
 1.8  1.86 1.88 1.89 1.91 1.97 1.97 2.02 2.03 2.04 2.05 2.1  2.1  2.12
 2.14 2.2  2.22 2.23 2.32 2.35 2.43 2.46 2.54 2.54 2.85 3.22 3.28 3.49
 3.91 4.12 4.61 4.7 ]
var: 1.1087212222222225
| [0m55       [0m | [0m1.796    [0m | [0m0.2626   [0m | [0m41.07    [0m | [0m0.1759   [0m |
[0.22 0.25 0.26 0.28 0.3  0.5  0.55 0.55 0.56 0.6  0.62 0.7  0.9  0.94
 1.01 1.05 1.05 1.06 1.09 1.1  1.17 1.21 1.32 1.33 1.37 1.41 1.47 1.55
 1.63 1.66 1.68 1.7  1.72 1.78 1.8  1.82 1.82 1.83 1.87 1.9  1.97 2.06
 2.09 2.12 2.17 2.2  2.21 2.26 2.31 2.42 2.75 3.13 3.18 3.18 3.33 3.54
 4.95 5.19 5.58 5.6 ]
var: 1.5410469722222213
| [0m56       [0m | [0m1.798    [0m | [0m0.007039 [0m | [0m11.49    [0m | [0m0.01712  [0m |
[0.   0.05 0.06 0.07 0.08 0.08 0.13 0.15 0.17 0.17 0.17 0.2  0.21 0.22
 0.22 0.24 0.25 0.29 0.29 0.3  0.32 0.35 0.35 0.36 0.36 0.38 0.4  0.41
 0.42 0.44 0.45 0.47 0.48 0.48 0.52 0.53 0.54 0.58 0.59 0.59 0.6  0.64
 0.67 0.68 0.72 0.76 0.78 0.79 0.82 0.94 0.96 0.97 1.1  1.28 1.38 1.38
 2.   2.08 2.25 2.54]
var: 0.2931683055555553
| [0m57       [0m | [0m0.5952   [0m | [0m0.1658   [0m | [0m5.334    [0m | [0m2.537    [0m |
[0.13 0.54 0.56 0.65 0.66 0.67 0.67 0.75 0.81 0.86 0.98 1.04 1.2  1.27
 1.28 1.29 1.34 1.43 1.49 1.64 1.66 1.69 1.76 1.83 1.84 1.85 1.91 1.93
 1.94 1.99 2.02 2.06 2.07 2.12 2.22 2.28 2.31 2.39 2.42 2.49 2.54 2.61
 2.67 2.77 2.85 2.85 3.12 3.15 3.36 3.4  3.41 3.5  3.73 3.9  4.12 4.13
 4.22 4.31 4.52 4.81]
var: 1.297864972222222
| [0m58       [0m | [0m2.167    [0m | [0m0.2451   [0m | [0m11.51    [0m | [0m0.187    [0m |
[0.7  0.94 1.39 1.6  1.63 1.74 1.91 2.04 2.07 2.12 2.14 2.2  2.35 2.38
 2.39 2.41 2.43 2.53 2.6  2.65 2.78 2.81 2.91 3.   3.1  3.1  3.28 3.28
 3.32 3.33 3.4  3.41 3.61 3.62 3.63 3.99 3.99 4.08 4.09 4.22 4.25 4.26
 4.34 4.35 4.39 4.44 4.58 4.63 4.64 4.69 4.75 4.78 4.94 4.97 5.14 5.43
 5.63 5.76 6.24 6.3 ]
var: 1.696411555555555
| [95m59       [0m | [95m3.461    [0m | [95m0.02443  [0m | [95m11.33    [0m | [95m0.1018   [0m |
[0.05 0.05 0.1  0.36 0.45 0.45 0.49 0.55 0.78 0.9  0.92 0.93 1.04 1.1
 1.19 1.26 1.32 1.36 1.37 1.52 1.55 1.57 1.59 1.63 1.72 1.72 1.75 1.77
 1.78 1.82 1.87 1.94 1.94 1.96 1.96 1.97 2.24 2.28 2.38 2.42 2.6  2.66
 2.73 2.77 2.84 2.84 2.91 2.93 3.34 3.38 3.58 3.67 3.76 3.89 3.92 4.07
 4.36 4.37 4.57 4.94]
var: 1.4810432222222214
| [0m60       [0m | [0m2.07     [0m | [0m0.09171  [0m | [0m11.73    [0m | [0m0.4371   [0m |
[0.03 0.05 0.08 0.13 0.15 0.17 0.18 0.19 0.19 0.25 0.27 0.27 0.28 0.31
 0.31 0.33 0.38 0.42 0.42 0.51 0.52 0.53 0.78 0.85 0.86 0.88 0.9  0.91
 1.   1.03 1.06 1.09 1.12 1.27 1.33 1.35 1.41 1.47 1.53 1.63 1.96 2.01
 2.07 2.16 2.19 2.2  2.24 2.28 2.31 2.41 2.52 3.   3.26 3.31 3.37 3.58
 3.62 3.69 3.86 5.62]
var: 1.5133405555555541
| [0m61       [0m | [0m1.402    [0m | [0m1e-08    [0m | [0m11.3     [0m | [0m0.1863   [0m |
[0.37 0.82 0.92 0.99 1.01 1.05 1.13 1.21 1.23 1.28 1.34 1.35 1.47 1.49
 1.53 1.56 1.64 1.68 1.75 1.77 1.79 1.8  2.06 2.24 2.31 2.36 2.4  2.4
 2.41 2.48 2.55 2.56 2.59 2.65 2.76 2.76 2.79 2.82 2.85 2.89 2.92 2.95
 2.97 3.02 3.04 3.05 3.1  3.14 3.42 3.43 3.65 3.67 3.77 3.83 3.9  3.97
 4.12 4.15 5.38 6.32]
var: 1.2750923333333324
| [0m62       [0m | [0m2.481    [0m | [0m0.01801  [0m | [0m11.39    [0m | [0m0.04915  [0m |
[0.52 0.6  0.71 0.73 1.2  1.33 1.5  1.66 1.71 1.73 1.74 1.81 1.88 1.94
 1.96 2.05 2.11 2.16 2.3  2.3  2.3  2.32 2.37 2.38 2.42 2.46 2.53 2.53
 2.53 2.55 2.58 2.59 2.71 2.73 2.85 2.86 2.93 2.94 2.95 3.07 3.19 3.23
 3.3  3.39 3.43 3.48 3.64 3.77 3.79 3.97 4.09 4.31 4.49 4.64 4.68 5.01
 5.27 5.58 5.64 6.31]
var: 1.5877176388888883
| [0m63       [0m | [0m2.829    [0m | [0m0.1338   [0m | [0m11.37    [0m | [0m0.1059   [0m |
[0.03 0.1  0.14 0.14 0.15 0.22 0.24 0.3  0.31 0.33 0.34 0.36 0.42 0.44
 0.45 0.49 0.49 0.53 0.55 0.56 0.57 0.61 0.63 0.67 0.69 0.7  0.7  0.7
 0.72 0.74 0.74 0.76 0.79 0.82 0.83 0.85 0.92 0.98 1.02 1.03 1.07 1.17
 1.17 1.18 1.2  1.51 1.59 1.65 1.88 2.09 2.14 2.3  2.48 2.66 2.79 2.96
 3.   3.04 3.17 7.1 ]
var: 1.2985216388888892
| [0m64       [0m | [0m1.137    [0m | [0m0.0083   [0m | [0m41.82    [0m | [0m0.6171   [0m |
[0.01 0.03 0.05 0.08 0.13 0.14 0.17 0.2  0.21 0.23 0.27 0.3  0.3  0.31
 0.33 0.37 0.38 0.4  0.41 0.41 0.43 0.44 0.45 0.45 0.45 0.46 0.46 0.46
 0.46 0.47 0.48 0.49 0.51 0.52 0.56 0.58 0.6  0.61 0.67 0.67 0.68 0.69
 0.72 0.75 0.77 0.79 0.81 0.85 1.07 1.11 1.2  1.2  1.24 1.25 1.41 1.42
 1.6  1.91 1.91 2.12]
var: 0.22448430555555562
| [0m65       [0m | [0m0.6408   [0m | [0m0.03084  [0m | [0m47.81    [0m | [0m0.9396   [0m |
[0.13 0.25 0.26 0.34 0.37 0.45 0.77 0.83 0.96 0.97 0.97 0.97 1.   1.01
 1.14 1.19 1.19 1.2  1.21 1.22 1.3  1.33 1.33 1.4  1.41 1.45 1.5  1.51
 1.75 1.77 1.78 1.79 1.83 1.89 1.99 2.01 2.07 2.2  2.2  2.24 2.24 2.31
 2.4  2.42 2.5  2.71 2.74 2.8  2.85 2.92 3.21 3.27 3.38 3.4  3.43 3.6
 3.91 4.76 4.76 5.64]
var: 1.3533347500000006
| [0m66       [0m | [0m1.941    [0m | [0m0.2788   [0m | [0m11.33    [0m | [0m0.2745   [0m |
[0.29 0.53 0.78 0.9  1.   1.29 1.37 1.56 1.62 1.63 1.64 1.74 1.88 2.1
 2.15 2.25 2.26 2.61 2.61 2.62 2.7  2.7  2.75 2.79 2.8  2.83 2.85 2.9
 2.91 2.94 2.95 3.07 3.09 3.11 3.2  3.29 3.32 3.33 3.33 3.34 3.38 3.41
 3.48 3.55 3.55 3.69 3.72 3.79 3.93 3.95 4.27 4.47 4.59 4.98 5.12 5.25
 5.27 5.42 5.53 5.84]
var: 1.6129565555555565
| [0m67       [0m | [0m3.004    [0m | [0m0.04889  [0m | [0m11.27    [0m | [0m0.09082  [0m |
[0.   0.02 0.06 0.06 0.07 0.08 0.09 0.09 0.12 0.13 0.14 0.15 0.18 0.2
 0.2  0.21 0.21 0.23 0.26 0.27 0.28 0.28 0.28 0.31 0.31 0.32 0.35 0.37
 0.38 0.39 0.39 0.4  0.42 0.42 0.43 0.44 0.44 0.45 0.45 0.46 0.47 0.5
 0.52 0.53 0.53 0.55 0.59 0.61 0.67 0.73 0.77 0.78 0.82 0.88 1.12 1.14
 1.23 1.25 1.29 1.82]
var: 0.12878455555555546
| [0m68       [0m | [0m0.4523   [0m | [0m0.02826  [0m | [0m1.212    [0m | [0m1.635    [0m |
[0.35 0.46 0.66 0.74 0.91 0.94 1.04 1.08 1.3  1.31 1.38 1.53 1.6  1.71
 1.88 1.92 2.04 2.28 2.38 2.4  2.41 2.43 2.49 2.52 2.55 2.55 2.61 2.66
 2.66 2.77 2.8  2.81 2.93 3.08 3.11 3.12 3.17 3.18 3.19 3.34 3.35 3.45
 3.47 3.52 3.52 3.63 3.64 3.65 3.67 3.68 3.74 3.85 4.34 4.34 4.45 4.94
 5.25 6.13 7.28 8.79]
var: 2.3520709999999996
| [0m69       [0m | [0m2.883    [0m | [0m0.0186   [0m | [0m11.32    [0m | [0m0.07159  [0m |
[0.37 0.47 0.69 0.7  0.88 0.89 0.98 1.   1.04 1.07 1.13 1.16 1.17 1.18
 1.2  1.22 1.32 1.43 1.47 1.5  1.55 1.59 1.6  1.6  1.68 1.7  1.7  1.76
 1.77 1.8  1.82 1.83 1.85 1.87 2.   2.   2.02 2.16 2.17 2.32 2.36 2.43
 2.46 2.46 2.51 2.55 2.75 2.78 2.79 2.84 2.97 2.98 3.02 3.02 3.08 3.34
 3.34 3.91 4.15 4.57]
var: 0.8139436388888893
| [0m70       [0m | [0m1.966    [0m | [0m0.01778  [0m | [0m11.37    [0m | [0m0.03434  [0m |
[0.25 0.34 0.68 0.75 0.94 0.96 1.04 1.13 1.16 1.17 1.28 1.33 1.41 1.45
 1.5  1.73 1.88 1.91 2.1  2.11 2.16 2.17 2.29 2.37 2.4  2.42 2.44 2.44
 2.48 2.67 2.72 2.77 2.77 2.81 3.06 3.21 3.21 3.21 3.26 3.26 3.32 3.36
 3.37 3.38 3.47 3.56 3.77 3.78 3.79 3.87 3.88 3.92 4.05 4.15 4.3  4.36
 4.88 5.31 5.92 6.09]
var: 1.7209669722222225
| [0m71       [0m | [0m2.696    [0m | [0m0.1832   [0m | [0m11.26    [0m | [0m0.143    [0m |
[0.41 0.46 0.48 0.53 0.59 0.85 0.9  0.91 0.99 1.03 1.1  1.16 1.17 1.25
 1.29 1.33 1.4  1.43 1.44 1.52 1.52 1.62 1.64 1.67 1.68 1.72 1.76 1.77
 1.83 1.96 2.02 2.05 2.15 2.15 2.2  2.21 2.21 2.27 2.27 2.29 2.31 2.34
 2.62 2.62 2.65 2.72 2.79 2.8  2.99 2.99 3.18 3.36 3.47 4.01 4.03 4.06
 4.14 4.79 5.31 5.39]
var: 1.334696666666666
| [0m72       [0m | [0m2.13     [0m | [0m0.1449   [0m | [0m11.68    [0m | [0m0.2959   [0m |
[0.   0.   0.   0.01 0.01 0.02 0.03 0.05 0.05 0.05 0.07 0.07 0.09 0.09
 0.09 0.1  0.11 0.11 0.13 0.15 0.17 0.17 0.18 0.19 0.2  0.22 0.26 0.26
 0.27 0.3  0.31 0.31 0.32 0.4  0.41 0.42 0.43 0.49 0.49 0.49 0.51 0.52
 0.52 0.55 0.56 0.57 0.58 0.6  0.64 0.65 0.66 0.66 0.67 0.81 0.83 0.9
 0.9  0.91 1.37 1.38]
var: 0.10338497222222214
| [0m73       [0m | [0m0.3718   [0m | [0m0.06973  [0m | [0m35.91    [0m | [0m2.296    [0m |
[0.   0.   0.   0.01 0.01 0.01 0.02 0.02 0.03 0.03 0.04 0.06 0.08 0.08
 0.1  0.11 0.11 0.12 0.12 0.12 0.14 0.17 0.18 0.21 0.21 0.23 0.24 0.26
 0.26 0.27 0.28 0.3  0.32 0.33 0.34 0.35 0.36 0.36 0.36 0.37 0.39 0.41
 0.41 0.42 0.44 0.45 0.5  0.52 0.55 0.59 0.59 0.61 0.64 0.64 0.65 0.83
 0.86 0.96 1.15 1.23]
var: 0.0800609722222224
| [0m74       [0m | [0m0.3242   [0m | [0m0.1128   [0m | [0m46.21    [0m | [0m1.687    [0m |
[0.01 0.01 0.01 0.02 0.04 0.04 0.05 0.05 0.06 0.07 0.07 0.08 0.08 0.09
 0.1  0.12 0.14 0.15 0.15 0.17 0.2  0.21 0.22 0.25 0.26 0.28 0.31 0.32
 0.32 0.34 0.34 0.34 0.35 0.38 0.41 0.46 0.49 0.52 0.53 0.55 0.59 0.61
 0.63 0.65 0.69 0.71 0.74 0.76 0.77 0.87 0.92 0.98 1.01 1.07 1.1  1.15
 1.16 1.23 1.4  3.35]
var: 0.27388433333333356
| [0m75       [0m | [0m0.483    [0m | [0m0.1522   [0m | [0m1.387    [0m | [0m1.797    [0m |
[0.15 0.34 0.41 0.48 0.49 0.56 0.65 0.74 0.79 0.9  0.9  0.93 1.03 1.04
 1.09 1.12 1.17 1.19 1.33 1.37 1.38 1.41 1.42 1.43 1.45 1.46 1.5  1.57
 1.62 1.66 1.69 1.72 1.75 1.77 1.79 1.8  1.87 1.92 1.93 1.97 1.99 2.11
 2.2  2.31 2.37 2.46 2.51 2.56 2.6  2.62 2.63 2.88 3.13 3.26 3.33 3.38
 3.42 3.71 4.17 5.8 ]
var: 1.0705214166666672
| [0m76       [0m | [0m1.821    [0m | [0m0.2254   [0m | [0m11.69    [0m | [0m0.05358  [0m |
[0.94 1.03 1.28 1.51 1.58 1.64 1.67 1.68 1.79 1.86 1.94 1.98 2.02 2.13
 2.17 2.19 2.25 2.28 2.35 2.45 2.47 2.52 2.53 2.54 2.62 2.67 2.7  2.73
 2.79 2.82 2.88 2.93 2.94 3.03 3.11 3.27 3.61 3.61 3.75 3.89 3.99 4.08
 4.12 4.15 4.35 4.54 4.55 4.63 4.75 5.08 5.32 5.44 5.49 5.67 5.79 5.8
 6.67 7.91 8.11 9.67]
var: 3.2076678888888903
| [0m77       [0m | [0m3.438    [0m | [0m0.002443 [0m | [0m11.38    [0m | [0m0.1151   [0m |
[0.62 0.66 0.73 0.8  0.96 1.31 1.5  1.57 1.73 1.74 1.76 1.87 1.92 1.93
 1.99 2.15 2.21 2.21 2.24 2.38 2.39 2.44 2.48 2.54 2.58 2.62 2.67 2.72
 2.78 2.85 2.89 3.   3.02 3.12 3.12 3.12 3.2  3.34 3.42 3.43 3.56 3.62
 3.75 3.83 3.98 3.98 3.99 4.16 4.51 4.56 4.63 4.64 4.73 4.94 5.5  5.57
 5.86 6.93 7.2  7.29]
var: 2.361772888888888
| [0m78       [0m | [0m3.121    [0m | [0m0.064    [0m | [0m11.33    [0m | [0m0.09036  [0m |
[0.03 0.09 0.14 0.18 0.23 0.3  0.49 0.52 0.6  0.64 0.68 0.77 0.79 0.8
 0.87 0.97 0.99 1.04 1.09 1.29 1.41 1.48 1.51 1.52 1.57 1.62 1.66 1.78
 1.84 1.93 1.96 1.97 2.11 2.2  2.27 2.37 2.53 2.6  2.62 2.72 2.74 2.77
 2.8  2.81 2.85 2.87 2.87 3.16 3.27 3.37 3.44 3.52 3.61 3.71 3.93 4.77
 4.87 5.08 5.22 5.42]
var: 1.898821222222221
| [0m79       [0m | [0m2.088    [0m | [0m0.0605   [0m | [0m10.28    [0m | [0m0.3479   [0m |
[0.06 0.16 0.47 0.48 0.48 0.55 0.55 0.61 0.64 0.7  0.74 0.77 0.77 0.82
 0.87 0.87 0.89 0.95 1.05 1.08 1.14 1.16 1.27 1.28 1.29 1.3  1.38 1.39
 1.42 1.44 1.47 1.61 1.63 1.66 1.66 1.7  1.8  2.03 2.07 2.11 2.11 2.23
 2.33 2.47 2.56 2.76 2.9  2.9  2.94 2.99 3.   3.01 3.22 3.31 3.35 3.36
 3.62 3.63 4.54 5.83]
var: 1.3281765555555536
| [0m80       [0m | [0m1.79     [0m | [0m0.1713   [0m | [0m10.07    [0m | [0m0.4072   [0m |
=============================================================
None
num_trials:  40  inits,  40  iters,  60  per
rho:  5
pthin:  0.30

Best VPT: 3.4613333333333345
Best result: {'a': 0.02443393851806022, 'g': 11.334645079479088, 's': 0.10182627407506646}

KERNEL: nu=1.5, lengthscale=2.0, alpha=0.0005
