|   iter    |  target   |     a     |     g     |     s     |
-------------------------------------------------------------
[0.01 0.02 0.03 0.04 0.04 0.06 0.06 0.06 0.1  0.11 0.11 0.12 0.14 0.16
 0.17 0.18 0.19 0.21 0.21 0.22 0.23 0.25 0.26 0.29 0.3  0.31 0.32 0.33
 0.33 0.35 0.36 0.36 0.37 0.37 0.38 0.42 0.42 0.43 0.45 0.45 0.45 0.48
 0.51 0.51 0.52 0.54 0.57 0.57 0.58 0.58 0.6  0.6  0.63 0.63 0.64 0.66
 0.69 0.74 0.81 1.24]
var: 0.05624030555555567
| [0m1        [0m | [0m0.3628   [0m | [0m0.1418   [0m | [0m28.0     [0m | [0m2.566    [0m |
[0.01 0.08 0.08 0.12 0.16 0.17 0.18 0.19 0.22 0.23 0.24 0.25 0.26 0.29
 0.29 0.3  0.39 0.4  0.44 0.45 0.47 0.52 0.53 0.53 0.53 0.57 0.58 0.59
 0.59 0.6  0.6  0.63 0.63 0.66 0.66 0.67 0.67 0.75 0.81 0.85 0.87 0.89
 0.89 1.04 1.06 1.11 1.16 1.17 1.17 1.2  1.32 1.45 1.5  1.68 1.69 1.75
 1.82 2.39 2.97 3.24]
var: 0.43504288888888903
| [95m2        [0m | [95m0.7927   [0m | [95m0.1902   [0m | [95m34.47    [0m | [95m0.8641   [0m |
[0.   0.01 0.02 0.03 0.03 0.04 0.05 0.05 0.06 0.07 0.07 0.07 0.08 0.11
 0.12 0.13 0.14 0.17 0.18 0.18 0.19 0.19 0.23 0.26 0.27 0.29 0.33 0.35
 0.38 0.38 0.39 0.39 0.39 0.4  0.41 0.42 0.46 0.47 0.49 0.5  0.51 0.54
 0.55 0.55 0.6  0.62 0.64 0.64 0.65 0.66 0.67 0.71 0.79 0.9  0.92 0.97
 1.02 1.09 1.22 2.86]
var: 0.19006830555555548
| [0m3        [0m | [0m0.4318   [0m | [0m0.2634   [0m | [0m31.33    [0m | [0m2.606    [0m |
[0.01 0.05 0.06 0.07 0.08 0.09 0.09 0.16 0.19 0.22 0.23 0.26 0.29 0.33
 0.37 0.38 0.38 0.44 0.45 0.46 0.47 0.49 0.56 0.56 0.61 0.64 0.64 0.73
 0.75 0.77 0.78 0.78 0.82 0.84 0.98 1.   1.   1.01 1.16 1.27 1.32 1.33
 1.34 1.37 1.38 1.4  1.49 1.65 1.76 1.77 1.8  1.83 1.84 1.85 2.32 2.34
 2.43 2.47 3.27 3.71]
var: 0.6606512222222224
| [95m4        [0m | [95m0.9857   [0m | [95m0.1784   [0m | [95m19.61    [0m | [95m1.01     [0m |
[0.03 0.05 0.05 0.06 0.08 0.09 0.09 0.25 0.28 0.28 0.3  0.32 0.34 0.43
 0.44 0.49 0.49 0.5  0.5  0.53 0.53 0.65 0.67 0.67 0.69 0.71 0.78 0.79
 0.79 0.79 0.83 0.83 0.84 0.91 0.96 0.96 1.05 1.08 1.1  1.11 1.13 1.26
 1.33 1.44 1.44 1.52 1.65 1.75 1.76 1.8  1.83 1.96 2.01 2.05 2.3  2.43
 2.45 3.07 3.41 4.57]
var: 0.7884105555555553
| [95m5        [0m | [95m1.058    [0m | [95m0.04918  [0m | [95m13.47    [0m | [95m1.513    [0m |
[0.03 0.04 0.07 0.12 0.15 0.16 0.19 0.21 0.21 0.21 0.36 0.38 0.4  0.51
 0.65 0.67 0.67 0.72 0.74 0.76 0.76 0.78 0.82 0.84 0.88 0.95 0.95 1.
 1.   1.02 1.02 1.02 1.05 1.13 1.21 1.21 1.28 1.34 1.4  1.48 1.52 1.64
 1.68 1.69 1.7  1.72 1.96 1.96 2.02 2.15 2.17 2.21 2.28 2.34 2.5  2.64
 2.68 2.76 2.91 2.91]
var: 0.6532703055555561
| [95m6        [0m | [95m1.197    [0m | [95m0.08056  [0m | [95m13.68    [0m | [95m0.951    [0m |
[0.11 0.14 0.15 0.2  0.21 0.26 0.26 0.3  0.31 0.32 0.36 0.43 0.43 0.44
 0.52 0.53 0.58 0.61 0.62 0.64 0.64 0.72 0.73 0.75 0.8  0.81 0.88 0.92
 0.93 0.95 0.99 1.01 1.05 1.06 1.09 1.13 1.13 1.19 1.26 1.32 1.49 1.64
 1.65 1.75 1.79 1.85 1.94 2.05 2.15 2.15 2.24 2.64 2.77 2.89 3.2  3.67
 3.85 4.33 5.56 8.47]
var: 2.0864978888888888
| [95m7        [0m | [95m1.414    [0m | [95m0.04526  [0m | [95m27.52    [0m | [95m0.387    [0m |
[0.01 0.06 0.07 0.11 0.22 0.24 0.29 0.34 0.36 0.4  0.42 0.42 0.53 0.55
 0.56 0.61 0.63 0.64 0.66 0.72 0.75 0.76 0.79 0.8  0.8  0.83 0.93 0.93
 0.94 0.94 0.95 1.01 1.01 1.03 1.08 1.08 1.11 1.13 1.14 1.18 1.25 1.3
 1.34 1.44 1.47 1.54 1.73 1.86 1.89 1.97 1.99 2.33 2.35 2.39 2.49 2.53
 2.61 2.84 3.   3.62]
var: 0.6541880833333332
| [0m8        [0m | [0m1.15     [0m | [0m0.0715   [0m | [0m14.71    [0m | [0m1.172    [0m |
[0.   0.   0.   0.01 0.01 0.02 0.02 0.03 0.04 0.06 0.06 0.08 0.08 0.08
 0.1  0.14 0.14 0.14 0.16 0.17 0.19 0.2  0.2  0.2  0.2  0.21 0.21 0.22
 0.24 0.25 0.28 0.28 0.3  0.31 0.32 0.32 0.33 0.34 0.35 0.37 0.38 0.39
 0.39 0.42 0.44 0.48 0.51 0.52 0.55 0.56 0.56 0.57 0.61 0.65 0.7  0.76
 0.78 0.84 0.87 0.99]
var: 0.06000475000000006
| [0m9        [0m | [0m0.3105   [0m | [0m0.2496   [0m | [0m46.01    [0m | [0m2.024    [0m |
[0.   0.01 0.09 0.14 0.14 0.15 0.16 0.17 0.21 0.25 0.26 0.28 0.29 0.32
 0.35 0.35 0.39 0.41 0.42 0.42 0.42 0.43 0.46 0.47 0.48 0.51 0.51 0.53
 0.59 0.62 0.62 0.64 0.67 0.83 0.83 0.83 0.84 0.85 0.87 0.89 0.9  0.95
 1.   1.01 1.02 1.07 1.12 1.15 1.21 1.3  1.3  1.3  1.32 1.32 1.34 1.37
 1.66 2.08 2.25 2.5 ]
var: 0.2891903055555556
| [0m10       [0m | [0m0.7478   [0m | [0m0.1356   [0m | [0m14.12    [0m | [0m2.077    [0m |
[0.03 0.08 0.19 0.2  0.22 0.28 0.29 0.34 0.38 0.38 0.38 0.4  0.47 0.5
 0.5  0.55 0.56 0.56 0.59 0.62 0.62 0.63 0.66 0.72 0.72 0.74 0.75 0.76
 0.8  0.85 0.86 0.9  0.93 0.93 0.94 0.98 1.   1.09 1.13 1.22 1.22 1.32
 1.35 1.45 1.46 1.5  1.51 1.59 1.6  1.85 2.21 2.32 2.44 2.46 2.58 2.77
 2.81 3.06 3.63 3.69]
var: 0.760893638888889
| [0m11       [0m | [0m1.126    [0m | [0m0.02113  [0m | [0m3.074    [0m | [0m0.6514   [0m |
[0.04 0.18 0.47 0.49 0.51 0.75 0.82 0.85 0.94 1.07 1.21 1.23 1.33 1.34
 1.37 1.39 1.52 1.6  1.64 1.69 1.8  1.85 1.88 1.89 1.91 1.91 1.93 1.94
 1.99 2.01 2.03 2.05 2.06 2.11 2.18 2.34 2.53 2.54 2.59 2.62 2.63 2.65
 2.68 2.79 3.09 3.13 3.14 3.15 3.21 3.47 3.49 3.54 3.59 3.81 3.85 4.09
 4.24 4.37 5.07 7.48]
var: 1.6653969722222233
| [95m12       [0m | [95m2.268    [0m | [95m0.008036 [0m | [95m17.76    [0m | [95m0.259    [0m |
[0.05 0.07 0.09 0.15 0.19 0.2  0.25 0.3  0.31 0.31 0.34 0.34 0.47 0.49
 0.49 0.49 0.61 0.65 0.66 0.69 0.72 0.74 0.75 0.75 0.75 0.77 0.89 0.9
 0.91 0.93 0.93 0.94 0.94 0.96 1.07 1.11 1.12 1.15 1.2  1.21 1.32 1.33
 1.44 1.47 1.49 1.55 1.94 2.   2.03 2.06 2.13 2.14 2.43 2.45 2.5  2.52
 2.6  2.65 2.85 3.13]
var: 0.6387993333333333
| [0m13       [0m | [0m1.132    [0m | [0m0.2871   [0m | [0m19.06    [0m | [0m0.5516   [0m |
[0.11 0.31 0.34 0.4  0.59 0.61 0.64 0.65 0.76 0.79 0.82 0.83 0.84 0.88
 0.88 0.9  0.93 0.96 0.98 0.98 0.99 1.12 1.16 1.18 1.33 1.37 1.47 1.57
 1.59 1.62 1.65 1.76 1.81 1.82 1.87 1.99 2.05 2.07 2.15 2.17 2.21 2.25
 2.38 2.41 2.44 2.51 2.57 2.57 2.63 2.95 2.97 3.   3.1  3.12 3.16 3.22
 3.23 3.46 3.77 4.18]
var: 0.9577969722222225
| [0m14       [0m | [0m1.751    [0m | [0m0.05146  [0m | [0m48.69    [0m | [0m0.2395   [0m |
[0.   0.01 0.01 0.01 0.01 0.01 0.02 0.02 0.02 0.03 0.04 0.06 0.07 0.09
 0.09 0.11 0.11 0.11 0.12 0.13 0.15 0.15 0.16 0.17 0.17 0.18 0.18 0.21
 0.24 0.24 0.25 0.28 0.29 0.29 0.3  0.3  0.3  0.32 0.33 0.4  0.41 0.43
 0.44 0.44 0.46 0.46 0.51 0.52 0.53 0.54 0.54 0.56 0.56 0.61 0.62 0.67
 0.7  0.7  0.82 0.83]
var: 0.05209697222222223
| [0m15       [0m | [0m0.2888   [0m | [0m0.2497   [0m | [0m45.09    [0m | [0m2.406    [0m |
[0.1  0.17 0.17 0.26 0.27 0.37 0.37 0.39 0.39 0.44 0.57 0.67 0.95 1.15
 1.22 1.25 1.33 1.39 1.41 1.47 1.54 1.6  1.64 1.66 1.71 1.72 1.81 1.91
 2.01 2.03 2.04 2.16 2.2  2.32 2.32 2.35 2.38 2.47 2.49 2.6  2.6  2.66
 2.69 2.75 2.87 2.87 2.89 2.99 3.15 3.15 3.26 3.37 3.58 3.83 3.97 4.05
 4.13 4.26 4.61 5.39]
var: 1.5415469722222217
| [0m16       [0m | [0m2.073    [0m | [0m0.2094   [0m | [0m35.91    [0m | [0m0.2243   [0m |
[0.   0.   0.06 0.09 0.1  0.1  0.12 0.21 0.22 0.24 0.25 0.29 0.3  0.35
 0.37 0.41 0.43 0.43 0.43 0.43 0.44 0.46 0.47 0.48 0.51 0.52 0.52 0.53
 0.53 0.54 0.56 0.59 0.61 0.62 0.66 0.68 0.7  0.71 0.72 0.81 0.81 0.84
 0.85 0.95 0.98 1.01 1.06 1.06 1.08 1.1  1.15 1.29 1.34 1.35 1.41 1.59
 1.66 1.69 1.88 2.24]
var: 0.23847363888888928
| [0m17       [0m | [0m0.6972   [0m | [0m0.2015   [0m | [0m16.05    [0m | [0m2.278    [0m |
[0.04 0.05 0.08 0.09 0.1  0.13 0.15 0.16 0.17 0.18 0.19 0.21 0.21 0.23
 0.3  0.31 0.41 0.43 0.43 0.43 0.45 0.5  0.52 0.52 0.53 0.53 0.54 0.55
 0.57 0.58 0.59 0.61 0.61 0.65 0.66 0.72 0.73 0.75 0.76 0.8  0.84 1.04
 1.07 1.07 1.16 1.17 1.17 1.19 1.22 1.22 1.4  1.4  1.47 1.73 1.99 2.54
 2.75 2.87 3.01]
var: 0.485434070669347
| [0m18       [0m | [0m0.7929   [0m | [0m0.06299  [0m | [0m43.8     [0m | [0m0.5281   [0m |
[0.07 0.07 0.08 0.09 0.09 0.1  0.11 0.12 0.12 0.13 0.15 0.15 0.16 0.18
 0.19 0.21 0.22 0.22 0.24 0.25 0.26 0.3  0.31 0.34 0.34 0.37 0.39 0.44
 0.45 0.47 0.47 0.54 0.57 0.59 0.6  0.61 0.63 0.64 0.67 0.67 0.76 0.76
 0.82 0.83 0.83 0.91 0.91 0.92 0.94 1.02 1.07 1.15 1.16 1.21 1.22 1.26
 1.31 1.45 1.64 2.96]
var: 0.25798122222222236
| [0m19       [0m | [0m0.5957   [0m | [0m0.04796  [0m | [0m11.31    [0m | [0m2.758    [0m |
[0.03 0.04 0.05 0.08 0.1  0.12 0.13 0.14 0.18 0.19 0.23 0.25 0.27 0.28
 0.28 0.28 0.28 0.3  0.3  0.31 0.33 0.33 0.36 0.37 0.39 0.4  0.4  0.44
 0.49 0.5  0.5  0.52 0.52 0.58 0.59 0.61 0.62 0.65 0.65 0.66 0.71 0.71
 0.72 0.73 0.75 0.77 0.83 0.83 0.86 0.89 0.92 0.93 1.02 1.02 1.05 1.12
 1.18 1.22 1.38 1.5 ]
var: 0.12251163888888889
| [0m20       [0m | [0m0.5482   [0m | [0m0.09977  [0m | [0m4.427    [0m | [0m2.845    [0m |
[0.   0.02 0.03 0.07 0.09 0.13 0.14 0.16 0.19 0.2  0.22 0.23 0.25 0.25
 0.26 0.29 0.3  0.3  0.3  0.32 0.37 0.4  0.42 0.43 0.44 0.44 0.45 0.49
 0.49 0.51 0.53 0.53 0.53 0.56 0.58 0.6  0.61 0.62 0.64 0.73 0.75 0.76
 0.78 0.8  0.81 0.86 0.89 0.93 0.98 1.02 1.12 1.14 1.35 1.37 1.49 1.65
 1.98 2.   2.02 2.4 ]
var: 0.28674655555555545
| [0m21       [0m | [0m0.6537   [0m | [0m0.1069   [0m | [0m32.28    [0m | [0m1.166    [0m |
[0.   0.02 0.03 0.04 0.06 0.06 0.07 0.07 0.09 0.09 0.1  0.12 0.13 0.14
 0.15 0.16 0.16 0.18 0.18 0.18 0.19 0.19 0.2  0.21 0.22 0.23 0.24 0.25
 0.26 0.28 0.33 0.34 0.36 0.38 0.38 0.42 0.43 0.43 0.44 0.46 0.51 0.56
 0.57 0.59 0.59 0.66 0.67 0.69 0.7  0.71 0.72 0.75 0.85 0.97 1.02 1.05
 1.23 1.72 1.78 1.88]
var: 0.17835608333333353
| [0m22       [0m | [0m0.4415   [0m | [0m0.09434  [0m | [0m45.14    [0m | [0m1.131    [0m |
[0.02 0.03 0.05 0.06 0.13 0.14 0.16 0.18 0.24 0.24 0.25 0.27 0.4  0.41
 0.42 0.44 0.5  0.5  0.52 0.53 0.54 0.63 0.65 0.66 0.69 0.69 0.69 0.78
 0.81 0.81 0.82 0.83 0.88 0.89 0.89 0.95 1.01 1.05 1.07 1.14 1.15 1.22
 1.26 1.27 1.32 1.51 1.51 1.62 1.69 1.7  1.76 1.95 1.96 2.24 2.28 2.56
 2.65 2.65 2.7  2.83]
var: 0.5687655555555547
| [0m23       [0m | [0m0.9967   [0m | [0m0.05407  [0m | [0m17.73    [0m | [0m0.8926   [0m |
[0.01 0.01 0.03 0.04 0.04 0.04 0.07 0.08 0.09 0.12 0.13 0.14 0.14 0.15
 0.15 0.16 0.17 0.21 0.22 0.22 0.23 0.24 0.26 0.27 0.27 0.32 0.38 0.39
 0.39 0.39 0.39 0.41 0.41 0.42 0.42 0.44 0.48 0.5  0.53 0.53 0.54 0.55
 0.56 0.59 0.59 0.61 0.62 0.63 0.63 0.69 0.71 0.72 0.75 0.79 0.79 0.84
 0.91 0.97 1.21 1.37]
var: 0.08893066666666673
| [0m24       [0m | [0m0.416    [0m | [0m0.1334   [0m | [0m24.55    [0m | [0m2.825    [0m |
[0.02 0.02 0.04 0.06 0.06 0.09 0.09 0.09 0.13 0.16 0.18 0.18 0.2  0.2
 0.2  0.34 0.4  0.4  0.41 0.45 0.52 0.52 0.55 0.58 0.58 0.59 0.6  0.6
 0.64 0.65 0.66 0.68 0.69 0.7  0.73 0.77 0.83 0.86 0.88 0.88 0.89 0.91
 1.03 1.07 1.08 1.13 1.16 1.17 1.19 1.52 1.53 1.65 1.89 1.93 1.94 2.15
 2.2  2.71 3.07 3.63]
var: 0.586791555555555
| [0m25       [0m | [0m0.8513   [0m | [0m0.002481 [0m | [0m20.17    [0m | [0m0.537    [0m |
[0.   0.05 0.07 0.08 0.11 0.12 0.13 0.14 0.15 0.16 0.17 0.18 0.2  0.26
 0.27 0.3  0.31 0.31 0.34 0.37 0.38 0.39 0.39 0.42 0.42 0.46 0.46 0.46
 0.47 0.49 0.5  0.51 0.52 0.52 0.55 0.55 0.56 0.56 0.56 0.63 0.63 0.65
 0.66 0.68 0.68 0.71 0.73 0.74 0.8  0.86 0.95 0.97 1.02 1.05 1.09 1.22
 1.23 1.4  1.47 1.49]
var: 0.1299087500000001
| [0m26       [0m | [0m0.5425   [0m | [0m0.2607   [0m | [0m35.13    [0m | [0m1.132    [0m |
[0.   0.   0.01 0.01 0.02 0.02 0.03 0.04 0.05 0.05 0.05 0.05 0.06 0.07
 0.08 0.08 0.11 0.12 0.13 0.14 0.15 0.16 0.16 0.17 0.18 0.22 0.23 0.24
 0.26 0.26 0.3  0.32 0.34 0.35 0.36 0.36 0.37 0.37 0.4  0.41 0.42 0.42
 0.43 0.45 0.48 0.49 0.49 0.49 0.54 0.55 0.55 0.56 0.56 0.58 0.58 0.67
 0.71 0.71 0.95 1.15]
var: 0.061296083333333334
| [0m27       [0m | [0m0.3085   [0m | [0m0.2615   [0m | [0m44.99    [0m | [0m2.436    [0m |
[0.   0.01 0.02 0.02 0.02 0.02 0.02 0.04 0.05 0.06 0.06 0.07 0.07 0.08
 0.09 0.1  0.11 0.12 0.12 0.13 0.13 0.14 0.14 0.14 0.15 0.17 0.18 0.19
 0.19 0.19 0.2  0.24 0.24 0.25 0.27 0.27 0.28 0.28 0.29 0.3  0.34 0.45
 0.47 0.48 0.51 0.54 0.54 0.55 0.55 0.59 0.59 0.59 0.62 0.69 0.73 0.84
 1.   1.16 1.67 1.75]
var: 0.13142497222222238
| [0m28       [0m | [0m0.3352   [0m | [0m0.2767   [0m | [0m38.47    [0m | [0m1.969    [0m |
[0.05 0.06 0.06 0.07 0.1  0.1  0.1  0.12 0.12 0.17 0.19 0.2  0.21 0.26
 0.26 0.26 0.28 0.28 0.29 0.29 0.31 0.33 0.33 0.34 0.35 0.39 0.42 0.42
 0.44 0.46 0.47 0.48 0.5  0.51 0.51 0.52 0.55 0.55 0.6  0.62 0.65 0.66
 0.68 0.71 0.75 0.8  0.82 0.83 0.84 0.85 0.86 0.93 0.95 1.06 1.33 1.36
 1.41 1.46 1.71 2.65]
var: 0.21757822222222212
| [0m29       [0m | [0m0.5647   [0m | [0m0.1973   [0m | [0m15.66    [0m | [0m2.63     [0m |
[0.37 0.38 0.53 0.6  0.72 0.73 0.75 0.75 0.8  0.85 0.94 0.94 1.04 1.05
 1.12 1.13 1.23 1.26 1.34 1.4  1.43 1.43 1.45 1.45 1.48 1.66 1.75 1.77
 1.78 1.79 1.8  1.85 1.85 1.92 1.94 1.97 2.02 2.05 2.11 2.15 2.15 2.19
 2.32 2.35 2.42 2.43 2.46 2.48 2.5  2.52 2.72 2.88 3.03 3.06 3.09 3.12
 4.24 4.24]
var: 0.7422305588585021
| [0m30       [0m | [0m1.789    [0m | [0m0.1938   [0m | [0m10.0     [0m | [0m0.1124   [0m |
[0.   0.09 0.09 0.1  0.12 0.12 0.13 0.15 0.16 0.18 0.19 0.24 0.25 0.26
 0.3  0.32 0.34 0.35 0.38 0.44 0.47 0.48 0.49 0.54 0.55 0.58 0.58 0.59
 0.64 0.66 0.67 0.68 0.68 0.73 0.73 0.8  0.8  0.85 0.86 0.88 0.92 0.93
 0.98 0.99 1.   1.02 1.02 1.03 1.09 1.18 1.22 1.22 1.31 1.32 1.34 1.35
 1.44 1.77 1.77 3.32]
var: 0.3037983055555557
| [0m31       [0m | [0m0.7282   [0m | [0m0.05913  [0m | [0m32.27    [0m | [0m1.131    [0m |
[0.07 0.12 0.15 0.17 0.19 0.19 0.2  0.2  0.22 0.23 0.24 0.24 0.26 0.26
 0.28 0.31 0.33 0.36 0.39 0.4  0.4  0.45 0.47 0.47 0.51 0.52 0.53 0.54
 0.54 0.55 0.57 0.57 0.58 0.59 0.6  0.61 0.63 0.64 0.72 0.76 0.76 0.77
 0.78 0.96 0.97 0.98 1.   1.05 1.07 1.09 1.13 1.13 1.29 1.34 1.47 1.6
 1.86 2.14 2.38 3.23]
var: 0.3462578888888896
| [0m32       [0m | [0m0.7177   [0m | [0m0.1644   [0m | [0m5.071    [0m | [0m2.7      [0m |
[0.   0.   0.01 0.01 0.02 0.02 0.05 0.06 0.06 0.07 0.08 0.09 0.11 0.11
 0.12 0.13 0.13 0.13 0.13 0.13 0.14 0.15 0.16 0.19 0.2  0.25 0.25 0.26
 0.29 0.3  0.31 0.31 0.31 0.33 0.34 0.35 0.36 0.36 0.36 0.4  0.41 0.44
 0.44 0.46 0.46 0.48 0.49 0.5  0.51 0.51 0.51 0.53 0.54 0.55 0.56 0.58
 0.71 1.13 1.37 2.98]
var: 0.18119066666666678
| [0m33       [0m | [0m0.354    [0m | [0m0.2769   [0m | [0m41.88    [0m | [0m1.904    [0m |
[0.   0.05 0.07 0.13 0.15 0.23 0.23 0.24 0.28 0.33 0.4  0.4  0.45 0.5
 0.51 0.52 0.55 0.58 0.59 0.6  0.62 0.62 0.63 0.66 0.7  0.72 0.78 0.84
 0.91 0.95 0.97 1.01 1.06 1.11 1.16 1.17 1.18 1.3  1.36 1.36 1.54 1.62
 1.7  1.82 1.87 2.03 2.3  2.48 2.59 2.87 2.97 3.83 4.09 5.26]
var: 1.1547804183813435
| [0m34       [0m | [0m1.165    [0m | [0m0.1331   [0m | [0m24.08    [0m | [0m0.3948   [0m |
[0.   0.   0.07 0.07 0.09 0.09 0.12 0.12 0.13 0.13 0.14 0.17 0.17 0.17
 0.17 0.2  0.2  0.22 0.23 0.24 0.27 0.3  0.34 0.35 0.4  0.4  0.45 0.46
 0.48 0.51 0.51 0.51 0.52 0.55 0.56 0.57 0.6  0.6  0.62 0.62 0.63 0.64
 0.67 0.67 0.69 0.73 0.73 0.74 0.77 0.78 0.79 0.85 0.87 0.91 0.91 0.93
 1.15 1.3  1.76 2.05]
var: 0.1551148888888889
| [0m35       [0m | [0m0.5153   [0m | [0m0.02264  [0m | [0m16.69    [0m | [0m2.781    [0m |
[0.   0.01 0.04 0.04 0.05 0.06 0.06 0.07 0.08 0.09 0.09 0.1  0.16 0.16
 0.18 0.18 0.2  0.21 0.25 0.31 0.32 0.35 0.37 0.38 0.39 0.39 0.41 0.41
 0.42 0.43 0.43 0.46 0.46 0.47 0.48 0.49 0.5  0.56 0.58 0.59 0.6  0.61
 0.62 0.63 0.74 0.75 0.79 0.88 0.89 0.91 0.99 1.   1.1  1.14 1.3  1.34
 1.57 1.57 1.88 1.94]
var: 0.21212488888888886
| [0m36       [0m | [0m0.5413   [0m | [0m0.256    [0m | [0m34.17    [0m | [0m1.704    [0m |
[0.   0.01 0.01 0.01 0.01 0.02 0.02 0.03 0.04 0.04 0.04 0.05 0.05 0.06
 0.06 0.06 0.06 0.07 0.07 0.09 0.09 0.12 0.15 0.16 0.17 0.17 0.18 0.19
 0.2  0.21 0.23 0.28 0.28 0.3  0.31 0.32 0.32 0.33 0.33 0.33 0.33 0.34
 0.34 0.35 0.39 0.39 0.4  0.41 0.46 0.47 0.48 0.52 0.58 0.62 0.65 0.66
 0.71 0.85 1.29 2.02]
var: 0.10985808333333337
| [0m37       [0m | [0m0.2955   [0m | [0m0.2631   [0m | [0m47.14    [0m | [0m2.379    [0m |
[0.1  0.11 0.13 0.17 0.21 0.24 0.25 0.26 0.27 0.28 0.29 0.32 0.36 0.38
 0.4  0.47 0.5  0.5  0.51 0.51 0.52 0.52 0.58 0.6  0.63 0.64 0.66 0.76
 0.85 0.93 0.96 0.97 1.   1.   1.04 1.05 1.11 1.14 1.15 1.17 1.24 1.27
 1.3  1.42 1.43 1.52 1.53 1.55 1.72 1.76 1.76 1.76 1.92 2.07 2.22 2.37
 2.94 3.27 3.37 6.05]
var: 0.993731638888889
| [0m38       [0m | [0m1.1      [0m | [0m0.006241 [0m | [0m11.75    [0m | [0m1.15     [0m |
[0.   0.   0.04 0.04 0.05 0.07 0.07 0.07 0.09 0.11 0.14 0.15 0.16 0.21
 0.21 0.24 0.25 0.29 0.29 0.29 0.29 0.29 0.3  0.32 0.32 0.33 0.33 0.35
 0.37 0.37 0.38 0.38 0.39 0.4  0.42 0.43 0.43 0.46 0.46 0.46 0.46 0.47
 0.47 0.53 0.55 0.57 0.61 0.63 0.63 0.63 0.66 0.7  0.7  0.72 0.9  0.95
 1.13 1.22 1.37 1.39]
var: 0.09836122222222225
| [0m39       [0m | [0m0.4257   [0m | [0m0.01261  [0m | [0m25.41    [0m | [0m2.888    [0m |
[0.   0.03 0.03 0.13 0.14 0.16 0.16 0.16 0.24 0.24 0.27 0.27 0.37 0.38
 0.38 0.39 0.39 0.41 0.44 0.46 0.51 0.53 0.56 0.57 0.57 0.58 0.58 0.59
 0.63 0.64 0.71 0.73 0.75 0.75 0.83 0.88 0.94 0.97 1.   1.12 1.16 1.17
 1.22 1.26 1.27 1.49 1.55 1.56 1.6  1.62 1.74 1.78 1.92 1.93 1.96 1.99
 2.02 2.16 2.23 3.41]
var: 0.4926103055555559
| [0m40       [0m | [0m0.9088   [0m | [0m0.1564   [0m | [0m26.31    [0m | [0m1.096    [0m |
[0.2  0.26 0.43 0.5  0.68 0.71 0.73 0.8  0.89 0.91 0.92 0.94 0.95 0.97
 1.05 1.13 1.15 1.18 1.24 1.25 1.26 1.36 1.37 1.37 1.38 1.49 1.57 1.61
 1.69 1.74 1.79 1.94 1.96 1.97 2.17 2.24 2.31 2.33 2.4  2.43 2.45 2.53
 2.56 2.64 2.82 2.83 2.96 2.97 2.99 3.   3.24 3.26 3.29 3.57 4.09 5.04
 5.23 5.23 5.32]
var: 1.5462219477161738
| [0m41       [0m | [0m2.022    [0m | [0m0.05408  [0m | [0m48.67    [0m | [0m0.2031   [0m |
[0.06 0.09 0.11 0.18 0.2  0.21 0.23 0.27 0.29 0.3  0.38 0.4  0.42 0.49
 0.51 0.55 0.61 0.64 0.64 0.78 0.99 1.02 1.09 1.23 1.28 1.35 1.39 1.39
 1.44 1.44 1.55 1.56 1.57 1.68 1.93 2.15 2.22 2.24 2.28 2.28 2.44 2.57
 2.66 2.79 2.9  2.9  2.91 2.93 2.98 3.03 3.07 3.1  3.16 3.24 3.82 3.99
 4.1  4.24 4.35]
var: 1.5258349899454176
| [0m42       [0m | [0m1.705    [0m | [0m0.03636  [0m | [0m17.88    [0m | [0m0.3281   [0m |
[0.   0.01 0.02 0.05 0.06 0.07 0.09 0.1  0.11 0.11 0.11 0.12 0.13 0.13
 0.13 0.16 0.17 0.17 0.2  0.2  0.2  0.2  0.2  0.21 0.22 0.27 0.27 0.27
 0.27 0.28 0.29 0.31 0.31 0.32 0.34 0.35 0.35 0.37 0.38 0.39 0.45 0.46
 0.47 0.47 0.5  0.52 0.52 0.52 0.52 0.53 0.6  0.6  0.66 0.82 0.99 1.03
 1.19 1.56 1.65 1.66]
var: 0.1397478888888888
| [0m43       [0m | [0m0.3943   [0m | [0m0.0927   [0m | [0m30.05    [0m | [0m2.717    [0m |
[0.   0.   0.   0.01 0.01 0.04 0.06 0.08 0.09 0.14 0.15 0.18 0.21 0.21
 0.22 0.26 0.28 0.28 0.28 0.33 0.35 0.42 0.48 0.51 0.54 0.7  0.7  0.75
 0.88 0.88 0.88 0.93 1.01 1.04 1.17 1.24 1.26 1.29 1.55 1.56 1.66 1.8
 1.87 1.9  1.91 2.07 2.13 2.19 2.21 2.38 2.7  3.36 3.5  3.62 3.75 3.98
 4.96 6.48]
var: 1.860447681331749
| [0m44       [0m | [0m1.266    [0m | [0m1e-08    [0m | [0m17.63    [0m | [0m0.3022   [0m |
[0.13 0.27 0.58 0.77 0.98 1.06 1.14 1.26 1.33 1.47 1.5  1.51 1.6  1.65
 1.71 1.75 1.77 1.8  1.85 1.95 1.97 2.01 2.06 2.12 2.13 2.17 2.21 2.36
 2.4  2.49 2.5  2.51 2.71 2.73 2.74 2.84 2.88 2.91 2.98 3.   3.04 3.16
 3.27 3.27 3.28 3.28 3.47 3.5  3.52 3.57 3.68 3.72 3.87 3.96 4.24 5.08
 5.17 5.79 6.62 6.86]
var: 1.8809709722222212
| [95m45       [0m | [95m2.636    [0m | [95m0.03314  [0m | [95m17.72    [0m | [95m0.1992   [0m |
[0.34 0.62 0.79 0.82 0.92 1.09 1.14 1.21 1.23 1.23 1.24 1.35 1.48 1.49
 1.63 1.64 1.7  1.78 1.79 1.87 1.88 1.94 2.   2.03 2.03 2.03 2.05 2.1
 2.11 2.12 2.12 2.13 2.17 2.22 2.24 2.37 2.37 2.49 2.58 2.69 2.8  2.96
 2.98 3.08 3.1  3.22 3.31 3.32 3.37 3.38 3.54 3.7  3.79 4.   4.09 4.58
 4.65 4.66 5.25 6.21]
var: 1.4112909999999994
| [0m46       [0m | [0m2.417    [0m | [0m0.1286   [0m | [0m17.85    [0m | [0m0.1641   [0m |
[0.06 0.07 0.09 0.1  0.1  0.12 0.13 0.13 0.15 0.15 0.16 0.17 0.18 0.19
 0.21 0.26 0.27 0.29 0.29 0.33 0.35 0.37 0.37 0.45 0.47 0.47 0.48 0.5
 0.5  0.52 0.53 0.56 0.61 0.62 0.68 0.69 0.76 0.8  0.8  0.84 0.84 0.85
 0.86 0.88 0.92 0.95 0.95 0.95 1.   1.   1.05 1.28 1.29 1.33 1.53 1.93
 2.03 2.31 2.37 2.81]
var: 0.36640430555555575
| [0m47       [0m | [0m0.6992   [0m | [0m0.1179   [0m | [0m9.602    [0m | [0m2.76     [0m |
[0.   0.01 0.02 0.04 0.04 0.05 0.06 0.09 0.11 0.12 0.13 0.13 0.16 0.2
 0.21 0.22 0.23 0.23 0.27 0.29 0.29 0.32 0.33 0.34 0.34 0.38 0.41 0.41
 0.55 0.56 0.59 0.66 0.66 0.67 0.68 0.68 0.73 0.73 0.75 0.81 0.81 0.87
 0.88 0.91 0.91 0.93 1.06 1.08 1.13 1.3  1.35 1.35 1.43 1.54 1.74 1.76
 1.85 1.93 2.04 2.06]
var: 0.3243569722222219
| [0m48       [0m | [0m0.6738   [0m | [0m0.2791   [0m | [0m34.43    [0m | [0m0.9147   [0m |
[0.13 0.9  0.93 1.58 1.61 1.66 1.67 1.73 1.83 1.88 1.91 1.94 2.01 2.12
 2.18 2.25 2.26 2.26 2.32 2.39 2.47 2.47 2.58 2.63 2.64 2.67 2.69 2.76
 2.8  2.86 2.97 3.04 3.05 3.14 3.25 3.39 3.39 3.4  3.42 3.45 3.51 3.66
 3.69 3.76 3.77 3.79 4.06 4.12 4.21 4.62 4.7  4.76 4.81 4.89 4.95 5.52
 6.49 6.55 7.33]
var: 1.920909393852342
| [95m49       [0m | [95m3.116    [0m | [95m0.006153 [0m | [95m17.78    [0m | [95m0.091    [0m |
[0.01 0.1  0.16 0.16 0.17 0.19 0.2  0.23 0.24 0.25 0.25 0.3  0.4  0.43
 0.47 0.47 0.47 0.48 0.49 0.59 0.61 0.62 0.63 0.66 0.66 0.74 0.75 0.77
 0.79 0.84 0.95 1.08 1.11 1.11 1.19 1.19 1.23 1.23 1.25 1.26 1.27 1.31
 1.33 1.35 1.4  1.42 1.45 1.45 1.46 1.76 1.81 1.86 1.88 2.09 2.18 2.27
 2.44 2.45 2.67 3.18]
var: 0.5236128888888886
| [0m50       [0m | [0m1.029    [0m | [0m0.03957  [0m | [0m17.72    [0m | [0m0.9034   [0m |
[0.   0.   0.   0.   0.   0.   0.   0.   0.   0.   0.   0.   0.   0.
 0.   0.   0.01 0.01 0.01 0.01 0.01 0.01 0.01 0.02 0.02 0.02 0.02 0.02
 0.02 0.02 0.03 0.03 0.03 0.04 0.04 0.04 0.04 0.04 0.04 0.05 0.06 0.06
 0.07 0.07 0.09 0.09 0.09 0.1  0.1  0.1  0.11 0.12 0.13 0.13 0.14 0.15
 0.15 0.16 0.18 0.19]
var: 0.0028393333333333543
| [0m51       [0m | [0m0.048    [0m | [0m0.06526  [0m | [0m17.72    [0m | [0m0.001    [0m |
[0.   0.05 0.14 0.15 0.17 0.17 0.2  0.29 0.32 0.34 0.55 0.56 0.6  0.61
 0.63 0.63 0.71 0.71 0.75 0.76 0.79 0.8  0.81 0.83 0.84 0.85 0.91 0.97
 1.03 1.09 1.11 1.19 1.24 1.26 1.3  1.34 1.4  1.45 1.48 1.74 1.77 1.78
 1.91 1.92 2.08 2.18 2.19 2.21 2.23 2.59 2.73 2.97 3.22 3.3  3.4  4.19
 4.76 5.47 6.85]
var: 1.843128698649812
| [0m52       [0m | [0m1.5      [0m | [0m0.04389  [0m | [0m17.73    [0m | [0m0.8902   [0m |
[0.23 0.4  0.49 0.78 0.95 1.02 1.22 1.34 1.43 1.45 1.61 1.62 1.68 1.76
 1.76 1.79 1.87 1.88 1.93 1.97 2.03 2.11 2.22 2.28 2.37 2.38 2.39 2.55
 2.56 2.56 2.65 2.66 2.76 2.83 2.84 2.87 2.88 2.89 2.97 3.03 3.03 3.03
 3.05 3.1  3.1  3.11 3.29 3.29 3.43 3.5  3.52 3.54 3.62 3.63 3.82 4.21
 4.29 4.58 5.37 7.58]
var: 1.4828149999999987
| [0m53       [0m | [0m2.585    [0m | [0m0.088    [0m | [0m17.91    [0m | [0m0.1403   [0m |
[0.03 0.03 0.04 0.05 0.06 0.16 0.16 0.16 0.19 0.19 0.2  0.21 0.21 0.21
 0.24 0.25 0.26 0.27 0.27 0.33 0.33 0.34 0.34 0.34 0.36 0.39 0.4  0.4
 0.41 0.49 0.51 0.51 0.52 0.55 0.56 0.56 0.59 0.59 0.6  0.6  0.61 0.65
 0.65 0.66 0.67 0.68 0.71 0.73 0.73 0.74 0.76 0.79 0.82 0.83 0.98 1.06
 1.21 1.33 1.49 2.26]
var: 0.1494603055555553
| [0m54       [0m | [0m0.5212   [0m | [0m0.2524   [0m | [0m16.59    [0m | [0m2.706    [0m |
[0.51 0.86 1.01 1.22 1.38 1.48 1.59 1.61 1.65 1.77 1.77 1.78 1.88 1.88
 1.88 1.88 1.89 2.02 2.06 2.06 2.12 2.14 2.18 2.24 2.32 2.35 2.35 2.52
 2.54 2.58 2.61 2.7  2.75 2.82 2.85 2.9  2.91 2.92 3.13 3.22 3.22 3.25
 3.34 3.38 3.39 3.57 3.59 3.61 3.7  3.73 3.82 4.14 4.18 4.35 4.56 4.87
 4.97 5.49 5.58 7.99]
var: 1.6761245555555557
| [0m55       [0m | [0m2.818    [0m | [0m0.02135  [0m | [0m17.75    [0m | [0m0.1218   [0m |
[0.   0.   0.01 0.02 0.03 0.03 0.04 0.04 0.06 0.08 0.08 0.09 0.09 0.1
 0.1  0.11 0.13 0.13 0.15 0.16 0.18 0.19 0.21 0.22 0.22 0.23 0.24 0.26
 0.31 0.32 0.32 0.37 0.38 0.38 0.39 0.39 0.41 0.41 0.44 0.45 0.46 0.47
 0.48 0.5  0.51 0.52 0.53 0.57 0.58 0.62 0.62 0.68 0.73 0.76 0.83 0.86
 0.9  0.99 1.03 2.  ]
var: 0.11565608333333316
| [0m56       [0m | [0m0.3735   [0m | [0m0.1999   [0m | [0m28.06    [0m | [0m2.881    [0m |
[0.   0.03 0.03 0.05 0.05 0.07 0.08 0.1  0.11 0.11 0.12 0.13 0.13 0.16
 0.16 0.16 0.16 0.17 0.18 0.19 0.21 0.23 0.23 0.25 0.27 0.29 0.3  0.36
 0.37 0.37 0.37 0.39 0.43 0.43 0.46 0.47 0.52 0.52 0.53 0.62 0.62 0.66
 0.67 0.68 0.72 0.72 0.73 0.74 0.79 0.8  0.8  0.87 0.9  0.92 1.09 1.13
 1.27 1.35 1.39 1.39]
var: 0.13796208333333335
| [0m57       [0m | [0m0.4675   [0m | [0m0.07882  [0m | [0m20.04    [0m | [0m2.847    [0m |
[0.25 0.33 0.47 0.7  0.76 0.78 1.09 1.13 1.28 1.29 1.37 1.46 1.46 1.48
 1.52 1.63 1.66 1.95 1.97 2.07 2.09 2.11 2.12 2.23 2.3  2.37 2.41 2.42
 2.43 2.47 2.49 2.57 2.74 2.76 2.78 2.8  2.81 2.83 2.91 2.93 2.97 3.03
 3.1  3.11 3.13 3.36 3.49 3.56 3.62 3.64 3.87 3.92 4.56 4.7  5.27 5.74
 5.98 6.51 6.53 6.64]
var: 2.2740876388888895
| [0m58       [0m | [0m2.699    [0m | [0m0.01856  [0m | [0m17.81    [0m | [0m0.0983   [0m |
[0.29 0.81 0.96 1.08 1.15 1.17 1.22 1.32 1.68 1.88 1.93 2.08 2.1  2.12
 2.2  2.2  2.27 2.28 2.32 2.39 2.45 2.6  2.64 2.66 2.86 2.86 2.9  3.02
 3.05 3.21 3.22 3.26 3.32 3.32 3.34 3.46 3.6  3.63 3.66 3.66 3.73 3.78
 3.81 3.83 3.86 4.01 4.06 4.15 4.22 4.28 4.32 4.77 4.78 4.83 4.94 5.01
 5.05 5.18 5.54 6.98]
var: 1.749043888888889
| [95m59       [0m | [95m3.122    [0m | [95m0.0161   [0m | [95m17.93    [0m | [95m0.139    [0m |
[0.04 0.14 0.17 0.27 0.4  0.45 0.57 0.62 0.64 0.67 0.69 0.69 0.72 0.72
 0.73 0.73 0.76 0.78 0.8  0.81 0.82 0.82 0.89 0.93 0.99 1.04 1.06 1.06
 1.09 1.09 1.13 1.21 1.26 1.28 1.29 1.33 1.36 1.36 1.37 1.39 1.47 1.48
 1.51 1.57 1.57 1.59 1.69 1.71 1.81 1.86 1.89 1.91 2.16 2.23 2.23 2.32
 2.5  2.79 2.85 3.84]
var: 0.5130220833333338
| [0m60       [0m | [0m1.253    [0m | [0m0.02409  [0m | [0m7.763    [0m | [0m0.5168   [0m |
[0.86 0.9  0.93 0.94 0.94 1.12 1.19 1.31 1.46 1.48 1.59 1.61 1.68 1.69
 1.7  1.73 1.75 1.88 1.89 1.91 1.92 2.02 2.02 2.06 2.11 2.12 2.13 2.14
 2.28 2.34 2.36 2.56 2.59 2.59 2.62 2.64 2.66 2.78 2.83 2.94 2.98 3.
 3.31 3.32 3.4  3.45 3.54 3.81 4.1  4.11 4.14 4.25 4.28 4.38 4.47 4.83
 5.03 5.03 5.3  5.83]
var: 1.5227303055555559
| [0m61       [0m | [0m2.647    [0m | [0m0.07117  [0m | [0m17.76    [0m | [0m0.1996   [0m |
[0.01 0.01 0.01 0.02 0.03 0.04 0.04 0.06 0.07 0.07 0.07 0.07 0.08 0.09
 0.11 0.11 0.14 0.15 0.18 0.18 0.18 0.19 0.21 0.21 0.26 0.27 0.27 0.28
 0.35 0.35 0.36 0.36 0.37 0.37 0.38 0.4  0.41 0.41 0.42 0.42 0.43 0.43
 0.49 0.51 0.52 0.52 0.53 0.58 0.64 0.65 0.66 0.7  0.74 0.75 0.81 0.83
 0.89 0.91 1.06 3.92]
var: 0.277916555555556
| [0m62       [0m | [0m0.4097   [0m | [0m0.2791   [0m | [0m18.18    [0m | [0m2.709    [0m |
[ 0.32  0.41  0.48  0.48  0.7   0.83  0.9   0.92  1.    1.1   1.12  1.18
  1.2   1.46  1.47  1.67  1.68  1.72  1.76  1.79  1.81  1.83  1.85  1.94
  1.98  2.01  2.01  2.05  2.07  2.22  2.36  2.4   2.5   2.5   2.75  2.76
  2.84  2.88  3.01  3.02  3.05  3.24  3.33  3.49  3.64  3.71  3.73  3.73
  3.81  3.82  3.82  3.96  4.01  4.29  4.44  4.45  6.    6.2   7.04 12.54]
var: 3.680482666666666
| [0m63       [0m | [0m2.688    [0m | [0m0.0885   [0m | [0m17.97    [0m | [0m0.2425   [0m |
[0.04 0.09 0.14 0.16 0.16 0.18 0.2  0.23 0.3  0.39 0.4  0.41 0.44 0.5
 0.5  0.51 0.54 0.56 0.56 0.61 0.66 0.7  0.73 0.75 0.82 0.83 0.84 0.94
 0.95 0.97 0.97 0.99 1.03 1.05 1.05 1.05 1.24 1.3  1.41 1.48 1.5  1.5
 1.69 1.86 1.95 1.96 1.97 2.03 2.2  2.41 2.56 2.63 2.69 2.69 2.87 2.91
 2.96 3.12 3.38]
var: 0.8205933927032456
| [0m64       [0m | [0m1.213    [0m | [0m0.1805   [0m | [0m42.3     [0m | [0m0.3403   [0m |
[0.03 0.17 0.24 0.34 0.37 0.43 0.5  0.53 0.59 0.61 0.67 0.69 0.73 0.78
 0.82 0.85 0.86 0.89 0.92 0.93 0.95 1.01 1.01 1.03 1.12 1.16 1.18 1.2
 1.22 1.3  1.3  1.34 1.37 1.38 1.43 1.52 1.52 1.58 1.66 1.76 1.79 1.93
 1.98 2.01 2.1  2.11 2.15 2.15 2.19 2.2  2.24 2.25 2.27 2.32 2.35 3.2
 3.64 3.68 4.59 5.71]
var: 1.088157638888889
| [0m65       [0m | [0m1.514    [0m | [0m0.1449   [0m | [0m13.88    [0m | [0m0.06166  [0m |
[0.14 0.91 1.02 1.31 1.34 1.51 1.52 1.6  1.63 1.67 1.75 1.77 1.87 2.04
 2.06 2.13 2.15 2.17 2.17 2.17 2.22 2.27 2.49 2.5  2.55 2.62 2.7  2.74
 2.76 2.79 2.8  2.93 2.98 3.08 3.13 3.16 3.17 3.22 3.28 3.31 3.45 3.5
 3.6  3.65 3.65 3.71 3.74 3.76 3.88 4.14 4.15 4.17 4.68 4.85 4.91 4.91
 5.04 5.32 5.38 5.8 ]
var: 1.4794593333333332
| [0m66       [0m | [0m2.932    [0m | [0m0.01479  [0m | [0m17.89    [0m | [0m0.1939   [0m |
[0.63 0.64 0.65 0.71 0.87 0.99 1.04 1.09 1.11 1.15 1.24 1.26 1.29 1.31
 1.37 1.46 1.47 1.5  1.53 1.54 1.55 1.68 1.71 1.73 1.79 1.8  1.86 1.95
 1.97 2.11 2.14 2.15 2.26 2.29 2.3  2.33 2.36 2.37 2.42 2.44 2.53 2.54
 2.7  2.73 2.77 2.77 2.88 2.89 3.07 3.18 3.22 3.27 3.28 3.35 3.37 3.55
 3.65 3.66 5.11]
var: 0.8522875035909225
| [0m67       [0m | [0m2.112    [0m | [0m0.0887   [0m | [0m17.94    [0m | [0m0.1172   [0m |
[0.41 0.61 0.71 0.71 0.79 1.01 1.2  1.21 1.24 1.27 1.28 1.39 1.48 1.56
 1.58 1.65 1.67 1.7  1.75 1.81 1.9  1.92 1.95 1.99 2.   2.13 2.14 2.16
 2.17 2.18 2.23 2.31 2.36 2.43 2.48 2.51 2.55 2.57 2.63 2.63 2.76 2.86
 2.87 2.93 2.95 2.98 3.11 3.15 3.34 3.5  3.65 3.91 4.03 4.04 4.45 4.6
 4.63 4.77 4.93 6.01]
var: 1.4017623333333329
| [0m68       [0m | [0m2.429    [0m | [0m0.07246  [0m | [0m14.11    [0m | [0m0.1348   [0m |
[0.04 0.17 0.26 0.29 0.42 0.53 0.59 0.63 0.64 0.65 0.7  0.71 0.72 0.75
 0.84 0.85 0.96 1.17 1.19 1.2  1.23 1.26 1.41 1.47 1.48 1.54 1.58 1.61
 1.67 1.73 1.91 1.96 1.97 1.98 1.99 2.05 2.08 2.13 2.15 2.17 2.18 2.18
 2.21 2.23 2.27 2.38 2.53 2.63 2.65 2.83 2.96 3.1  3.27 3.4  3.4  3.56
 4.23 4.33 7.62]
var: 1.5804083309393844
| [0m69       [0m | [0m1.841    [0m | [0m0.2147   [0m | [0m17.91    [0m | [0m0.291    [0m |
[0.04 0.09 0.1  0.12 0.12 0.13 0.13 0.14 0.17 0.21 0.22 0.27 0.31 0.33
 0.34 0.37 0.4  0.42 0.46 0.48 0.49 0.53 0.64 0.65 0.66 0.74 0.75 0.75
 0.81 0.82 0.85 0.86 0.86 0.89 0.9  0.94 0.95 1.09 1.1  1.28 1.29 1.39
 1.4  1.44 1.47 1.52 1.54 1.59 1.61 1.65 1.79 2.09 2.18 2.42 2.59 2.65
 2.83 2.83 3.05 3.19]
var: 0.6958269722222219
| [0m70       [0m | [0m1.032    [0m | [0m0.2586   [0m | [0m12.77    [0m | [0m1.749    [0m |
[0.47 0.52 0.61 0.86 0.94 1.08 1.36 1.36 1.42 1.48 1.53 1.56 1.64 1.66
 1.74 1.74 1.76 1.8  1.83 1.94 1.99 1.99 2.   2.01 2.02 2.08 2.09 2.16
 2.21 2.21 2.28 2.35 2.37 2.5  2.55 2.59 2.63 2.64 2.76 2.78 2.84 2.84
 2.87 2.97 2.99 3.11 3.17 3.21 3.26 3.57 3.67 3.75 3.8  3.85 3.87 3.96
 3.98 4.99 5.22 5.59]
var: 1.190866555555556
| [0m71       [0m | [0m2.45     [0m | [0m0.09455  [0m | [0m17.78    [0m | [0m0.1504   [0m |
[0.38 0.54 0.64 0.78 0.79 0.91 0.93 0.97 1.01 1.05 1.1  1.27 1.28 1.37
 1.55 1.56 1.65 1.71 1.75 1.77 1.78 1.79 1.9  1.93 1.98 2.04 2.12 2.14
 2.17 2.23 2.25 2.29 2.29 2.29 2.42 2.49 2.66 2.75 2.8  2.83 3.1  3.43
 3.52 3.6  3.65 3.7  3.96 3.98 4.05 4.12 4.2  4.25 4.34 4.48 4.72 4.75
 5.32 5.64 6.44]
var: 1.9499028440103419
| [0m72       [0m | [0m2.532    [0m | [0m0.09011  [0m | [0m17.84    [0m | [0m0.2406   [0m |
[0.15 0.36 0.6  0.61 0.74 1.11 1.3  1.32 1.4  1.44 1.55 1.69 1.71 1.73
 1.97 1.98 2.06 2.12 2.18 2.29 2.29 2.3  2.31 2.32 2.55 2.57 2.61 2.63
 2.64 2.66 2.7  2.71 2.87 2.96 3.   3.01 3.05 3.07 3.14 3.15 3.43 3.48
 3.51 3.52 3.55 3.6  3.61 3.65 3.67 3.73 3.78 3.91 3.99 4.1  4.11 4.15
 4.66 5.52 6.49 8.29]
var: 1.9558522222222232
| [0m73       [0m | [0m2.793    [0m | [0m0.0362   [0m | [0m17.97    [0m | [0m0.2026   [0m |
[0.18 0.42 0.7  0.73 0.74 0.74 1.09 1.12 1.15 1.18 1.2  1.29 1.3  1.4
 1.45 1.49 1.66 1.7  1.74 1.83 1.93 1.93 2.06 2.27 2.32 2.38 2.38 2.39
 2.52 2.54 2.59 2.64 2.7  2.77 2.8  2.91 2.96 3.01 3.06 3.18 3.32 3.41
 3.45 3.54 3.65 3.68 3.75 3.85 4.15 4.27 4.46 4.56 4.67 4.83 4.83 5.02
 5.12 5.43 5.81 7.28]
var: 2.238268083333333
| [0m74       [0m | [0m2.726    [0m | [0m0.06239  [0m | [0m17.86    [0m | [0m0.1779   [0m |
[0.08 0.54 0.65 1.02 1.05 1.21 1.34 1.45 1.49 1.51 1.59 1.6  1.63 1.7
 1.75 1.8  1.85 1.9  1.92 1.95 2.04 2.06 2.06 2.06 2.12 2.13 2.23 2.32
 2.43 2.43 2.46 2.59 2.6  2.63 2.65 2.71 2.75 2.79 2.81 3.01 3.07 3.08
 3.09 3.11 3.14 3.27 3.34 3.49 3.59 3.74 3.79 3.86 3.86 4.09 4.11 4.18
 4.23 4.55 5.08 5.5 ]
var: 1.227074888888889
| [0m75       [0m | [0m2.551    [0m | [0m0.07698  [0m | [0m14.01    [0m | [0m0.1982   [0m |
[0.18 0.52 0.52 0.66 0.7  0.81 0.83 0.95 0.97 0.97 1.01 1.19 1.37 1.4
 1.41 1.41 1.48 1.5  1.52 1.54 1.55 1.62 1.71 1.79 1.9  1.97 1.98 2.
 2.28 2.34 2.39 2.39 2.51 2.51 2.52 2.55 2.66 2.68 3.05 3.09 3.18 3.24
 3.28 3.62 3.89 3.93 4.02 4.04 4.25 4.41 4.51 4.83 5.07 5.58 5.8  6.23
 8.61]
var: 2.7352816866728227
| [0m76       [0m | [0m2.542    [0m | [0m0.1697   [0m | [0m14.02    [0m | [0m0.1583   [0m |
[0.4  0.62 0.69 0.78 0.78 0.79 0.81 0.81 0.81 0.9  0.92 0.93 0.94 1.08
 1.14 1.16 1.2  1.2  1.21 1.21 1.25 1.32 1.32 1.34 1.37 1.37 1.49 1.52
 1.6  1.6  1.63 1.63 1.71 1.74 1.79 1.83 1.89 1.96 2.   2.01 2.01 2.03
 2.03 2.1  2.13 2.15 2.3  2.35 2.49 2.52 2.55 2.62 2.63 2.79 2.9  2.94
 3.48 3.93 4.35 4.73]
var: 0.8011710000000007
| [0m77       [0m | [0m1.763    [0m | [0m0.1385   [0m | [0m14.03    [0m | [0m0.07129  [0m |
[0.4  0.44 0.46 0.69 0.75 0.76 0.77 0.77 0.92 1.3  1.34 1.55 1.57 1.62
 1.65 1.66 1.67 1.82 1.82 1.85 1.94 2.04 2.15 2.33 2.33 2.6  2.62 2.81
 2.83 3.09 3.18 3.19 3.29 3.32 3.4  3.45 3.55 3.57 3.63 3.63 3.72 3.72
 3.76 3.77 4.17 4.24 4.27 4.5  4.79 5.29 5.49 6.57]
var: 2.042136205621302
| [0m78       [0m | [0m2.636    [0m | [0m0.062    [0m | [0m13.92    [0m | [0m0.2403   [0m |
[0.03 0.04 0.08 0.14 0.17 0.22 0.22 0.22 0.3  0.35 0.37 0.38 0.4  0.42
 0.45 0.46 0.49 0.57 0.57 0.6  0.64 0.66 0.68 0.7  0.72 0.72 0.73 0.83
 0.89 0.93 0.93 0.95 0.95 0.97 0.98 0.99 1.   1.13 1.27 1.32 1.37 1.41
 1.52 1.55 1.63 1.64 1.68 1.71 1.8  1.88 1.9  2.   2.13 2.17 2.28 2.36
 2.46 2.81 2.84 3.29]
var: 0.6049972222222226
| [0m79       [0m | [0m1.082    [0m | [0m0.05585  [0m | [0m15.31    [0m | [0m0.9223   [0m |
[0.06 0.11 0.12 0.14 0.32 0.41 0.49 0.51 0.7  0.71 0.71 0.74 0.77 0.82
 0.88 0.9  1.03 1.07 1.13 1.22 1.3  1.32 1.43 1.46 1.55 1.56 1.63 1.64
 1.81 1.82 1.83 1.85 1.9  1.92 1.97 2.   2.09 2.19 2.22 2.31 2.31 2.43
 2.54 2.57 2.6  2.62 2.76 2.84 2.92 2.92 2.93 3.03 3.16 3.31 3.33 3.43
 3.53 4.39 4.5  4.8 ]
var: 1.2709895555555557
| [0m80       [0m | [0m1.859    [0m | [0m0.1853   [0m | [0m14.14    [0m | [0m0.2989   [0m |
=============================================================
None
num_trials:  40  inits,  40  iters,  60  per
rho:  10
pthin:  0.10

Best VPT: 3.121666666666668
Best result: {'a': 0.01610188305500956, 'g': 17.934658483661128, 's': 0.13900490026151996}

KERNEL: nu=1.5, lengthscale=2.0, alpha=0.0005
