|   iter    |  target   |     a     |     g     |     s     |
-------------------------------------------------------------
[0.   0.   0.   0.02 0.04 0.04 0.06 0.06 0.08 0.11 0.11 0.14 0.16 0.17
 0.22 0.24 0.26 0.28 0.28 0.3  0.32 0.36 0.36 0.39 0.4  0.42 0.45 0.46
 0.49 0.51 0.52 0.54 0.56 0.57 0.57 0.6  0.64 0.68 0.71 0.71 0.73 0.82
 0.86 0.88 0.91 0.91 0.91 0.93 1.   1.02 1.03 1.06 1.09 1.13 1.21 1.22
 1.24 1.57 1.67 2.74]
var: 0.24604733333333373
| [0m1        [0m | [0m0.596    [0m | [0m0.1991   [0m | [0m37.45    [0m | [0m0.9302   [0m |
[0.   0.   0.   0.01 0.02 0.03 0.03 0.04 0.04 0.05 0.05 0.07 0.09 0.1
 0.1  0.1  0.1  0.11 0.12 0.12 0.13 0.13 0.14 0.16 0.17 0.18 0.18 0.19
 0.19 0.19 0.2  0.21 0.27 0.28 0.28 0.29 0.3  0.3  0.31 0.32 0.33 0.36
 0.38 0.39 0.4  0.4  0.42 0.43 0.46 0.49 0.56 0.59 0.6  0.6  0.61 0.67
 0.76 0.82 0.99 1.21]
var: 0.06450475000000003
| [0m2        [0m | [0m0.2845   [0m | [0m0.1988   [0m | [0m37.2     [0m | [0m2.743    [0m |
[0.   0.   0.   0.   0.01 0.03 0.03 0.03 0.03 0.04 0.05 0.06 0.07 0.08
 0.09 0.09 0.1  0.11 0.11 0.11 0.11 0.11 0.12 0.12 0.12 0.13 0.15 0.16
 0.2  0.2  0.21 0.22 0.22 0.22 0.24 0.25 0.25 0.26 0.26 0.26 0.28 0.28
 0.28 0.29 0.3  0.31 0.34 0.35 0.38 0.39 0.44 0.49 0.5  0.55 0.66 0.8
 0.83 0.84 1.1  1.39]
var: 0.07381097222222245
| [0m3        [0m | [0m0.2608   [0m | [0m0.1641   [0m | [0m48.15    [0m | [0m2.65     [0m |
[0.01 0.02 0.02 0.04 0.06 0.07 0.13 0.13 0.16 0.19 0.2  0.2  0.22 0.23
 0.26 0.28 0.31 0.31 0.36 0.37 0.38 0.39 0.4  0.4  0.4  0.42 0.42 0.43
 0.47 0.5  0.51 0.51 0.51 0.53 0.53 0.53 0.55 0.55 0.56 0.56 0.61 0.63
 0.63 0.64 0.69 0.7  0.7  0.7  0.73 0.73 0.74 0.74 0.77 0.78 0.82 0.83
 1.05 1.05 1.1  1.71]
var: 0.09404030555555573
| [0m4        [0m | [0m0.4912   [0m | [0m0.2822   [0m | [0m5.577    [0m | [0m2.902    [0m |
[0.   0.07 0.13 0.14 0.15 0.16 0.17 0.17 0.18 0.18 0.21 0.24 0.26 0.27
 0.27 0.28 0.28 0.29 0.29 0.32 0.32 0.32 0.33 0.34 0.35 0.37 0.38 0.38
 0.39 0.39 0.4  0.4  0.42 0.43 0.43 0.44 0.44 0.46 0.48 0.49 0.5  0.51
 0.52 0.52 0.59 0.63 0.63 0.63 0.69 0.72 0.76 0.78 0.83 0.89 0.95 0.97
 0.99 1.01 1.03 1.19]
var: 0.07112399999999987
| [0m5        [0m | [0m0.456    [0m | [0m0.2727   [0m | [0m17.73    [0m | [0m2.268    [0m |
[0.   0.   0.02 0.03 0.03 0.05 0.05 0.05 0.06 0.07 0.08 0.09 0.11 0.13
 0.15 0.21 0.22 0.3  0.35 0.35 0.35 0.35 0.36 0.37 0.41 0.44 0.45 0.46
 0.47 0.48 0.5  0.5  0.51 0.52 0.52 0.6  0.61 0.64 0.68 0.69 0.72 0.94
 0.98 0.99 1.01 1.01 1.06 1.08 1.16 1.17 1.3  1.4  1.45 1.47 1.49 1.57
 1.66 1.79 1.98 2.07]
var: 0.30001288888888883
| [95m6        [0m | [95m0.6427   [0m | [95m0.04531  [0m | [95m19.29    [0m | [95m1.088    [0m |
[0.05 0.07 0.13 0.15 0.19 0.24 0.25 0.29 0.33 0.34 0.35 0.39 0.4  0.41
 0.43 0.43 0.45 0.47 0.49 0.5  0.51 0.51 0.51 0.54 0.55 0.59 0.59 0.61
 0.62 0.65 0.66 0.69 0.7  0.72 0.74 0.75 0.77 0.77 0.85 0.87 0.87 0.87
 0.88 0.91 0.94 0.96 1.01 1.02 1.07 1.1  1.12 1.14 1.15 1.29 1.3  1.38
 1.42 1.45 1.89 2.39]
var: 0.1893382222222223
| [95m7        [0m | [95m0.7287   [0m | [95m0.1827   [0m | [95m32.57    [0m | [95m0.3831   [0m |
[0.   0.02 0.02 0.04 0.06 0.07 0.08 0.1  0.1  0.11 0.11 0.14 0.15 0.15
 0.16 0.17 0.18 0.22 0.25 0.25 0.31 0.32 0.33 0.34 0.36 0.41 0.42 0.44
 0.45 0.47 0.51 0.51 0.53 0.57 0.57 0.58 0.62 0.62 0.63 0.69 0.69 0.69
 0.74 0.74 0.78 0.83 0.84 0.86 0.9  0.93 0.96 0.96 0.96 1.18 1.19 1.19
 1.28 1.32 1.41 1.61]
var: 0.15916488888888874
| [0m8        [0m | [0m0.5353   [0m | [0m0.2781   [0m | [0m24.63    [0m | [0m0.772    [0m |
[0.   0.   0.04 0.06 0.07 0.09 0.09 0.15 0.16 0.17 0.17 0.18 0.23 0.23
 0.29 0.31 0.37 0.39 0.41 0.42 0.43 0.44 0.44 0.46 0.51 0.52 0.54 0.55
 0.55 0.56 0.56 0.56 0.62 0.62 0.63 0.64 0.65 0.66 0.66 0.68 0.69 0.69
 0.72 0.85 0.87 0.88 0.91 0.92 1.03 1.04 1.1  1.18 1.18 1.2  1.31 1.34
 1.42 1.63 1.94 2.11]
var: 0.21208488888888877
| [0m9        [0m | [0m0.6353   [0m | [0m0.2394   [0m | [0m11.37    [0m | [0m1.009    [0m |
[0.   0.   0.   0.   0.   0.   0.01 0.01 0.01 0.01 0.01 0.02 0.02 0.02
 0.04 0.05 0.05 0.05 0.06 0.06 0.07 0.07 0.08 0.09 0.1  0.1  0.12 0.13
 0.13 0.13 0.14 0.14 0.15 0.19 0.21 0.22 0.24 0.24 0.25 0.26 0.26 0.28
 0.28 0.28 0.28 0.3  0.3  0.31 0.32 0.32 0.33 0.35 0.35 0.37 0.41 0.44
 0.44 0.47 0.5  0.54]
var: 0.022624972222222154
| [0m10       [0m | [0m0.1768   [0m | [0m0.08357  [0m | [0m44.3     [0m | [0m2.9      [0m |
[0.   0.   0.01 0.01 0.01 0.01 0.02 0.07 0.07 0.08 0.08 0.11 0.14 0.18
 0.18 0.19 0.21 0.21 0.25 0.26 0.26 0.28 0.28 0.28 0.29 0.31 0.31 0.33
 0.35 0.36 0.37 0.38 0.38 0.38 0.39 0.39 0.4  0.41 0.41 0.42 0.43 0.46
 0.49 0.5  0.51 0.51 0.53 0.55 0.55 0.58 0.61 0.63 0.71 0.72 0.75 0.75
 0.9  0.99 1.09 1.4 ]
var: 0.0789036388888891
| [0m11       [0m | [0m0.3788   [0m | [0m0.1967   [0m | [0m10.07    [0m | [0m2.893    [0m |
[0.03 0.03 0.04 0.04 0.06 0.08 0.1  0.1  0.1  0.14 0.14 0.15 0.17 0.18
 0.18 0.2  0.21 0.22 0.22 0.23 0.27 0.31 0.33 0.34 0.35 0.36 0.36 0.37
 0.38 0.4  0.42 0.42 0.43 0.43 0.44 0.46 0.49 0.49 0.5  0.51 0.52 0.52
 0.52 0.56 0.63 0.64 0.65 0.74 0.77 0.79 0.86 0.9  0.92 1.19 1.22 1.29
 1.4  1.57 1.73 2.91]
var: 0.24517830555555575
| [0m12       [0m | [0m0.5168   [0m | [0m0.2123   [0m | [0m36.22    [0m | [0m1.13     [0m |
[0.   0.   0.02 0.03 0.04 0.05 0.06 0.08 0.08 0.1  0.12 0.12 0.13 0.14
 0.14 0.16 0.16 0.17 0.17 0.17 0.19 0.2  0.21 0.22 0.25 0.29 0.3  0.31
 0.33 0.33 0.36 0.36 0.37 0.37 0.38 0.38 0.4  0.42 0.42 0.43 0.44 0.45
 0.46 0.55 0.56 0.58 0.59 0.6  0.62 0.63 0.63 0.64 0.64 0.8  1.11 1.13
 1.22 1.31 1.77 1.88]
var: 0.15507697222222253
| [0m13       [0m | [0m0.4178   [0m | [0m0.03883  [0m | [0m39.33    [0m | [0m1.686    [0m |
[0.   0.   0.01 0.02 0.04 0.06 0.07 0.14 0.16 0.25 0.25 0.26 0.26 0.32
 0.35 0.35 0.36 0.38 0.38 0.4  0.41 0.41 0.41 0.42 0.43 0.43 0.43 0.44
 0.45 0.46 0.47 0.47 0.47 0.48 0.48 0.52 0.53 0.56 0.6  0.6  0.62 0.63
 0.63 0.63 0.66 0.67 0.68 0.71 0.71 0.72 0.74 0.76 0.84 0.86 0.98 1.13
 1.36 1.47 1.6  2.33]
var: 0.16173122222222214
| [0m14       [0m | [0m0.5377   [0m | [0m0.05005  [0m | [0m25.71    [0m | [0m1.79     [0m |
[0.   0.01 0.01 0.03 0.05 0.05 0.08 0.09 0.1  0.13 0.15 0.17 0.18 0.18
 0.19 0.21 0.29 0.3  0.31 0.33 0.35 0.36 0.36 0.37 0.41 0.42 0.43 0.45
 0.46 0.49 0.5  0.54 0.59 0.59 0.6  0.62 0.68 0.69 0.69 0.72 0.75 0.76
 0.77 0.79 0.79 0.81 0.81 0.86 0.88 0.89 1.   1.01 1.17 1.19 1.26 1.29
 1.31 1.46 1.62 1.77]
var: 0.18022363888888868
| [0m15       [0m | [0m0.5728   [0m | [0m0.2421   [0m | [0m10.09    [0m | [0m1.33     [0m |
[0.03 0.23 0.35 0.5  0.56 0.57 0.63 0.66 0.69 0.72 0.72 0.75 0.78 0.79
 0.81 0.82 0.89 0.92 0.95 0.96 0.97 0.99 1.04 1.04 1.08 1.13 1.15 1.18
 1.18 1.19 1.29 1.29 1.3  1.36 1.43 1.44 1.46 1.53 1.55 1.55 1.58 1.7
 1.72 1.73 1.76 1.85 1.86 2.   2.14 2.16 2.43 2.48 2.57 2.64 2.67 2.74
 2.74 2.95 3.06 3.34]
var: 0.5763866666666674
| [95m16       [0m | [95m1.41     [0m | [95m0.01805  [0m | [95m38.08    [0m | [95m0.3017   [0m |
[0.   0.   0.01 0.03 0.04 0.05 0.08 0.08 0.13 0.19 0.24 0.25 0.25 0.26
 0.26 0.27 0.28 0.3  0.31 0.34 0.35 0.38 0.39 0.4  0.43 0.44 0.44 0.48
 0.48 0.49 0.5  0.51 0.54 0.54 0.55 0.57 0.59 0.59 0.62 0.62 0.65 0.66
 0.73 0.77 0.84 0.88 0.91 0.93 0.94 0.96 0.98 1.07 1.1  1.21 1.24 1.52
 1.75 1.94 1.99 2.1 ]
var: 0.24202875000000024
| [0m17       [0m | [0m0.6075   [0m | [0m0.0009589[0m | [0m46.62    [0m | [0m1.29     [0m |
[0.   0.01 0.02 0.03 0.03 0.05 0.07 0.07 0.08 0.09 0.13 0.14 0.16 0.16
 0.17 0.17 0.22 0.22 0.24 0.24 0.25 0.28 0.28 0.28 0.29 0.3  0.3  0.3
 0.31 0.33 0.34 0.37 0.38 0.4  0.41 0.43 0.43 0.46 0.47 0.47 0.48 0.48
 0.51 0.53 0.54 0.57 0.64 0.64 0.65 0.67 0.67 0.68 0.72 0.73 0.78 0.8
 0.95 0.96 1.18 1.4 ]
var: 0.08533288888888875
| [0m18       [0m | [0m0.3993   [0m | [0m0.2983   [0m | [0m6.011    [0m | [0m2.834    [0m |
[0.   0.   0.   0.   0.01 0.01 0.01 0.02 0.02 0.03 0.04 0.04 0.04 0.04
 0.05 0.05 0.05 0.05 0.06 0.06 0.07 0.07 0.08 0.1  0.1  0.11 0.11 0.11
 0.12 0.14 0.14 0.15 0.17 0.17 0.2  0.21 0.23 0.23 0.23 0.23 0.28 0.29
 0.29 0.32 0.32 0.34 0.34 0.34 0.35 0.35 0.35 0.36 0.38 0.42 0.44 0.48
 0.49 0.54 0.54 0.96]
var: 0.033658083333333394
| [0m19       [0m | [0m0.1955   [0m | [0m0.01007  [0m | [0m44.33    [0m | [0m2.89     [0m |
[0.01 0.02 0.02 0.04 0.05 0.06 0.06 0.08 0.09 0.09 0.12 0.14 0.15 0.16
 0.24 0.25 0.25 0.31 0.32 0.38 0.4  0.42 0.43 0.45 0.48 0.49 0.51 0.52
 0.55 0.57 0.57 0.57 0.6  0.65 0.68 0.68 0.7  0.72 0.74 0.75 0.82 0.82
 0.85 0.85 0.87 0.89 0.9  0.94 0.97 1.08 1.12 1.15 1.17 1.18 1.24 1.34
 1.43 1.57 1.8  1.84]
var: 0.2069109722222221
| [0m20       [0m | [0m0.6192   [0m | [0m0.01191  [0m | [0m32.57    [0m | [0m1.464    [0m |
[0.05 0.54 0.54 0.54 0.55 0.59 0.61 0.62 0.68 0.71 0.72 0.73 0.73 0.75
 0.77 0.78 0.83 0.84 1.05 1.05 1.06 1.07 1.12 1.16 1.17 1.18 1.18 1.18
 1.23 1.23 1.27 1.28 1.28 1.29 1.31 1.33 1.34 1.38 1.48 1.52 1.54 1.55
 1.62 1.65 1.69 1.74 1.76 1.76 1.9  1.92 1.95 1.95 2.09 2.2  2.2  2.27
 2.54 2.55 2.68 3.04]
var: 0.3774145555555554
| [0m21       [0m | [0m1.322    [0m | [0m0.118    [0m | [0m25.51    [0m | [0m0.1654   [0m |
[0.   0.   0.   0.   0.   0.   0.01 0.01 0.01 0.02 0.03 0.06 0.06 0.06
 0.09 0.1  0.1  0.1  0.12 0.12 0.13 0.14 0.15 0.17 0.17 0.18 0.19 0.2
 0.2  0.21 0.24 0.25 0.25 0.26 0.28 0.3  0.3  0.31 0.31 0.31 0.32 0.33
 0.33 0.35 0.36 0.38 0.39 0.39 0.41 0.41 0.42 0.46 0.51 0.54 0.58 0.66
 0.67 0.67 0.84 0.91]
var: 0.04581030555555577
| [0m22       [0m | [0m0.2562   [0m | [0m0.2469   [0m | [0m47.11    [0m | [0m2.821    [0m |
[0.12 0.14 0.15 0.22 0.22 0.28 0.33 0.36 0.42 0.49 0.52 0.52 0.53 0.55
 0.56 0.64 0.69 0.69 0.76 0.77 0.78 0.79 0.84 0.85 0.85 0.87 0.9  0.92
 1.01 1.03 1.1  1.17 1.17 1.18 1.18 1.2  1.34 1.37 1.41 1.42 1.44 1.45
 1.47 1.54 1.63 1.63 1.73 1.74 1.82 1.87 1.94 2.01 2.04 2.13 2.17 2.18
 2.3  2.45 2.7  3.26]
var: 0.4885973333333336
| [0m23       [0m | [0m1.164    [0m | [0m0.08903  [0m | [0m4.961    [0m | [0m0.285    [0m |
[0.   0.03 0.04 0.05 0.08 0.09 0.13 0.21 0.28 0.28 0.31 0.31 0.32 0.32
 0.37 0.38 0.4  0.4  0.42 0.46 0.46 0.47 0.48 0.48 0.51 0.53 0.53 0.56
 0.56 0.58 0.59 0.59 0.61 0.62 0.64 0.69 0.69 0.69 0.7  0.71 0.74 0.75
 0.76 0.78 0.78 0.79 0.8  0.81 0.84 0.85 0.87 0.93 0.94 0.96 1.11 1.13
 1.26 1.32 1.9  2.15]
var: 0.15787288888888848
| [0m24       [0m | [0m0.6173   [0m | [0m0.286    [0m | [0m11.64    [0m | [0m1.945    [0m |
[0.09 0.4  0.43 0.61 0.66 0.9  0.93 0.95 1.01 1.13 1.17 1.25 1.25 1.31
 1.32 1.33 1.33 1.34 1.34 1.36 1.37 1.4  1.4  1.41 1.42 1.42 1.43 1.43
 1.54 1.57 1.63 1.65 1.66 1.68 1.76 1.8  1.81 1.82 1.82 1.88 1.89 1.91
 1.91 1.98 2.01 2.1  2.13 2.13 2.23 2.34 2.34 2.48 2.5  2.61 2.73 2.77
 2.85 3.02 3.42 3.54]
var: 0.48010388888888955
| [95m25       [0m | [95m1.682    [0m | [95m0.222    [0m | [95m26.15    [0m | [95m0.04367  [0m |
[0.   0.   0.03 0.04 0.05 0.09 0.1  0.11 0.11 0.15 0.17 0.17 0.18 0.24
 0.26 0.26 0.26 0.26 0.27 0.27 0.28 0.28 0.3  0.32 0.33 0.34 0.34 0.35
 0.35 0.36 0.38 0.39 0.44 0.45 0.45 0.46 0.49 0.5  0.52 0.53 0.54 0.54
 0.55 0.61 0.61 0.64 0.65 0.76 0.77 0.78 0.79 0.84 0.85 0.89 0.89 0.93
 0.97 0.98 1.62 2.65]
var: 0.17282899999999968
| [0m26       [0m | [0m0.479    [0m | [0m0.1454   [0m | [0m16.36    [0m | [0m2.448    [0m |
[0.   0.   0.04 0.07 0.08 0.08 0.15 0.16 0.21 0.27 0.28 0.3  0.31 0.35
 0.35 0.36 0.39 0.39 0.4  0.43 0.43 0.45 0.47 0.48 0.49 0.49 0.49 0.55
 0.56 0.58 0.58 0.61 0.62 0.63 0.64 0.65 0.65 0.65 0.67 0.71 0.71 0.75
 0.78 0.79 0.87 0.89 0.93 0.94 1.04 1.05 1.07 1.14 1.25 1.44 1.45 1.51
 1.52 1.66 1.67 2.02]
var: 0.20465055555555578
| [0m27       [0m | [0m0.6583   [0m | [0m0.1669   [0m | [0m8.23     [0m | [0m0.9464   [0m |
[0.   0.   0.01 0.02 0.02 0.03 0.06 0.07 0.08 0.08 0.13 0.14 0.14 0.19
 0.21 0.23 0.24 0.24 0.26 0.26 0.27 0.28 0.3  0.3  0.31 0.32 0.34 0.35
 0.36 0.37 0.37 0.37 0.38 0.4  0.4  0.41 0.41 0.43 0.43 0.44 0.45 0.5
 0.5  0.51 0.52 0.56 0.57 0.58 0.6  0.62 0.62 0.79 0.84 0.86 0.92 1.01
 1.05 1.07 1.12 1.73]
var: 0.10711697222222225
| [0m28       [0m | [0m0.4178   [0m | [0m0.2374   [0m | [0m19.61    [0m | [0m2.572    [0m |
[0.04 0.06 0.06 0.08 0.12 0.12 0.13 0.14 0.2  0.2  0.21 0.21 0.21 0.22
 0.22 0.25 0.27 0.28 0.29 0.29 0.3  0.31 0.31 0.32 0.35 0.35 0.37 0.38
 0.39 0.39 0.42 0.42 0.45 0.46 0.46 0.47 0.48 0.58 0.6  0.61 0.61 0.61
 0.61 0.62 0.62 0.63 0.69 0.7  0.73 0.76 0.77 0.83 0.94 1.07 1.19 1.2
 1.27 1.35 1.42 1.64]
var: 0.13116822222222224
| [0m29       [0m | [0m0.5047   [0m | [0m0.2745   [0m | [0m3.592    [0m | [0m0.9765   [0m |
[0.42 0.58 0.6  0.62 0.65 0.82 0.98 0.98 1.06 1.11 1.16 1.22 1.23 1.29
 1.37 1.42 1.43 1.46 1.47 1.47 1.5  1.52 1.53 1.6  1.67 1.71 1.74 1.8
 1.83 1.83 1.88 1.88 1.91 1.95 1.97 1.98 2.   2.   2.01 2.01 2.04 2.1
 2.16 2.18 2.25 2.41 2.42 2.67 2.68 2.73 2.76 2.96 3.08 3.14 3.17 3.19
 3.3  3.42 3.46 4.69]
var: 0.7027869722222221
| [95m30       [0m | [95m1.908    [0m | [95m0.02012  [0m | [95m17.37    [0m | [95m0.1145   [0m |
[0.   0.01 0.03 0.06 0.06 0.07 0.09 0.11 0.12 0.16 0.16 0.17 0.18 0.2
 0.2  0.2  0.21 0.22 0.23 0.23 0.24 0.24 0.25 0.28 0.28 0.29 0.3  0.31
 0.32 0.32 0.34 0.34 0.35 0.37 0.39 0.4  0.42 0.42 0.43 0.43 0.45 0.48
 0.5  0.5  0.5  0.52 0.52 0.54 0.55 0.57 0.6  0.6  0.65 0.66 0.67 0.68
 0.68 0.72 0.73 0.84]
var: 0.04231941666666669
| [0m31       [0m | [0m0.3565   [0m | [0m0.1037   [0m | [0m0.8176   [0m | [0m0.6084   [0m |
[0.   0.04 0.11 0.14 0.17 0.19 0.19 0.22 0.22 0.3  0.34 0.37 0.38 0.4
 0.4  0.4  0.4  0.42 0.46 0.5  0.51 0.53 0.57 0.58 0.59 0.59 0.6  0.63
 0.63 0.67 0.68 0.69 0.69 0.7  0.74 0.75 0.78 0.81 0.84 0.87 0.88 0.92
 0.92 0.94 1.05 1.11 1.16 1.18 1.19 1.37 1.41 1.48 1.48 1.54 1.56 1.85
 1.87 1.96 2.18 2.81]
var: 0.32004955555555603
| [0m32       [0m | [0m0.7993   [0m | [0m0.08216  [0m | [0m3.081    [0m | [0m0.366    [0m |
[0.   0.04 0.05 0.09 0.09 0.11 0.15 0.16 0.22 0.23 0.25 0.33 0.4  0.41
 0.44 0.44 0.51 0.52 0.53 0.56 0.56 0.59 0.59 0.59 0.61 0.61 0.64 0.65
 0.67 0.68 0.68 0.69 0.72 0.72 0.77 0.85 0.9  0.9  0.94 0.95 0.96 1.
 1.   1.02 1.04 1.06 1.07 1.14 1.15 1.16 1.18 1.19 1.21 1.22 1.24 1.32
 1.34 1.52 1.52 2.65]
var: 0.21666697222222214
| [0m33       [0m | [0m0.7472   [0m | [0m0.01675  [0m | [0m6.703    [0m | [0m1.35     [0m |
[0.   0.   0.   0.01 0.02 0.02 0.04 0.05 0.06 0.07 0.08 0.08 0.08 0.11
 0.11 0.14 0.14 0.16 0.16 0.16 0.18 0.21 0.21 0.22 0.22 0.23 0.23 0.25
 0.27 0.3  0.32 0.35 0.36 0.38 0.38 0.4  0.4  0.42 0.45 0.46 0.55 0.56
 0.56 0.57 0.59 0.6  0.61 0.62 0.64 0.68 0.69 0.71 0.75 0.75 0.81 0.92
 0.99 0.99 1.04 1.39]
var: 0.09703430555555558
| [0m34       [0m | [0m0.3792   [0m | [0m0.1034   [0m | [0m33.83    [0m | [0m1.721    [0m |
[0.   0.02 0.08 0.09 0.12 0.15 0.16 0.21 0.21 0.23 0.24 0.25 0.26 0.27
 0.27 0.28 0.3  0.34 0.34 0.34 0.35 0.36 0.4  0.4  0.41 0.42 0.42 0.43
 0.45 0.47 0.49 0.51 0.52 0.52 0.53 0.53 0.57 0.57 0.59 0.59 0.6  0.61
 0.67 0.67 0.67 0.69 0.69 0.7  0.71 0.71 0.83 0.84 0.88 0.89 0.9  0.93
 0.99 1.1  1.14 1.8 ]
var: 0.09822830555555559
| [0m35       [0m | [0m0.5118   [0m | [0m0.2367   [0m | [0m6.131    [0m | [0m2.805    [0m |
[0.01 0.03 0.04 0.04 0.06 0.07 0.08 0.08 0.13 0.16 0.18 0.19 0.19 0.19
 0.2  0.21 0.24 0.26 0.27 0.28 0.29 0.3  0.3  0.31 0.31 0.32 0.32 0.32
 0.33 0.36 0.36 0.36 0.37 0.38 0.41 0.42 0.44 0.44 0.44 0.45 0.48 0.5
 0.51 0.51 0.52 0.55 0.56 0.58 0.65 0.65 0.66 0.66 0.68 0.79 0.83 1.
 1.05 1.19 1.19 1.33]
var: 0.0869436388888888
| [0m36       [0m | [0m0.4172   [0m | [0m0.1031   [0m | [0m2.125    [0m | [0m2.251    [0m |
[0.   0.02 0.02 0.04 0.04 0.04 0.05 0.05 0.06 0.09 0.1  0.1  0.12 0.12
 0.12 0.13 0.14 0.16 0.17 0.17 0.18 0.18 0.18 0.19 0.19 0.19 0.2  0.23
 0.24 0.25 0.28 0.32 0.34 0.35 0.36 0.41 0.44 0.44 0.47 0.47 0.48 0.49
 0.5  0.51 0.52 0.53 0.53 0.53 0.53 0.55 0.55 0.56 0.61 0.64 0.65 0.7
 0.75 0.88 1.2  1.66]
var: 0.08875655555555578
| [0m37       [0m | [0m0.3503   [0m | [0m0.186    [0m | [0m31.76    [0m | [0m2.026    [0m |
[0.   0.   0.02 0.03 0.04 0.04 0.06 0.07 0.08 0.08 0.08 0.1  0.1  0.1
 0.1  0.11 0.12 0.14 0.16 0.17 0.19 0.19 0.21 0.22 0.22 0.23 0.23 0.24
 0.24 0.25 0.26 0.26 0.27 0.28 0.28 0.28 0.28 0.3  0.3  0.31 0.32 0.33
 0.35 0.4  0.41 0.43 0.44 0.46 0.47 0.48 0.49 0.5  0.51 0.55 0.57 0.58
 0.59 0.6  0.72 0.81]
var: 0.03577875000000008
| [0m38       [0m | [0m0.2775   [0m | [0m0.2297   [0m | [0m25.26    [0m | [0m2.949    [0m |
[0.   0.   0.   0.   0.03 0.04 0.05 0.07 0.08 0.13 0.14 0.15 0.16 0.17
 0.17 0.19 0.21 0.22 0.22 0.22 0.23 0.26 0.26 0.29 0.31 0.31 0.31 0.32
 0.34 0.37 0.38 0.38 0.38 0.4  0.42 0.42 0.42 0.42 0.43 0.43 0.43 0.48
 0.5  0.52 0.52 0.52 0.53 0.53 0.54 0.55 0.56 0.58 0.59 0.64 0.72 0.8
 0.82 0.84 0.96 1.48]
var: 0.07106733333333363
| [0m39       [0m | [0m0.374    [0m | [0m0.1528   [0m | [0m29.28    [0m | [0m2.169    [0m |
[0.   0.   0.   0.03 0.03 0.05 0.06 0.06 0.07 0.09 0.09 0.1  0.11 0.11
 0.11 0.11 0.12 0.13 0.14 0.14 0.15 0.16 0.19 0.19 0.2  0.23 0.24 0.26
 0.26 0.26 0.28 0.29 0.29 0.29 0.3  0.31 0.31 0.31 0.32 0.32 0.36 0.37
 0.37 0.37 0.38 0.38 0.39 0.39 0.4  0.4  0.41 0.43 0.48 0.5  0.52 0.62
 0.65 0.73 0.81 0.83]
var: 0.03755499999999994
| [0m40       [0m | [0m0.275    [0m | [0m0.1733   [0m | [0m38.01    [0m | [0m2.495    [0m |
[0.09 0.11 0.14 0.16 0.16 0.19 0.23 0.24 0.24 0.25 0.26 0.26 0.27 0.27
 0.27 0.28 0.29 0.3  0.32 0.33 0.34 0.35 0.36 0.36 0.39 0.39 0.45 0.47
 0.52 0.53 0.53 0.54 0.54 0.54 0.55 0.55 0.56 0.57 0.58 0.59 0.61 0.62
 0.62 0.63 0.65 0.65 0.67 0.71 0.72 0.73 0.73 0.77 0.81 0.89 0.91 1.05
 1.1  1.13 1.24 1.26]
var: 0.07760808333333338
| [0m41       [0m | [0m0.5145   [0m | [0m1e-08    [0m | [0m16.91    [0m | [0m0.001    [0m |
[0.04 0.09 0.09 0.1  0.17 0.2  0.23 0.27 0.28 0.28 0.29 0.3  0.34 0.35
 0.35 0.4  0.41 0.44 0.48 0.52 0.52 0.53 0.55 0.56 0.57 0.58 0.59 0.59
 0.65 0.72 0.75 0.75 0.78 0.79 0.82 0.84 0.84 0.84 0.95 0.97 0.97 0.98
 1.01 1.06 1.06 1.11 1.17 1.18 1.19 1.23 1.25 1.26 1.29 1.43 1.44 1.54
 1.6  1.73 1.78 3.65]
var: 0.3305076388888881
| [0m42       [0m | [0m0.7958   [0m | [0m0.2899   [0m | [0m46.31    [0m | [0m0.3447   [0m |
[0.39 0.51 0.56 0.59 0.61 0.65 0.66 0.66 0.68 0.86 0.89 0.94 0.96 1.01
 1.02 1.02 1.09 1.1  1.12 1.14 1.16 1.16 1.22 1.24 1.26 1.26 1.28 1.29
 1.29 1.3  1.31 1.32 1.35 1.38 1.45 1.46 1.48 1.5  1.55 1.56 1.62 1.64
 1.74 1.76 1.77 1.8  1.9  1.92 1.99 2.02 2.02 2.15 2.15 2.17 2.18 2.27
 2.31 2.58 2.6  2.72]
var: 0.3136449722222222
| [0m43       [0m | [0m1.41     [0m | [0m0.2194   [0m | [0m17.46    [0m | [0m0.1347   [0m |
[0.2  0.39 0.41 0.42 0.49 0.66 0.69 0.71 0.75 0.76 0.82 0.83 0.84 0.87
 0.88 0.89 0.92 0.95 0.98 0.99 1.15 1.18 1.2  1.21 1.23 1.32 1.34 1.42
 1.46 1.53 1.55 1.61 1.63 1.69 1.72 1.82 1.83 1.83 1.86 1.9  1.91 1.97
 1.99 2.07 2.08 2.17 2.29 2.39 2.55 2.58 2.6  2.72 2.75 2.92 2.96 3.33
 3.63 3.71 3.98 4.21]
var: 0.8807245555555554
| [0m44       [0m | [0m1.662    [0m | [0m0.02097  [0m | [0m17.45    [0m | [0m0.3436   [0m |
[0.07 0.08 0.14 0.21 0.22 0.24 0.25 0.26 0.26 0.27 0.31 0.33 0.34 0.36
 0.37 0.38 0.41 0.45 0.46 0.46 0.48 0.5  0.53 0.56 0.58 0.6  0.61 0.63
 0.63 0.64 0.66 0.66 0.69 0.73 0.76 0.77 0.77 0.78 0.82 0.82 0.83 0.89
 0.94 1.   1.01 1.03 1.06 1.06 1.07 1.12 1.13 1.14 1.19 1.21 1.27 1.73
 1.82 1.91 2.1  2.11]
var: 0.22635497222222245
| [0m45       [0m | [0m0.7452   [0m | [0m0.05446  [0m | [0m28.8     [0m | [0m0.5337   [0m |
[0.08 0.1  0.1  0.12 0.16 0.23 0.26 0.27 0.27 0.32 0.32 0.34 0.35 0.38
 0.46 0.46 0.49 0.56 0.57 0.57 0.59 0.6  0.61 0.62 0.66 0.73 0.73 0.74
 0.74 0.82 0.97 1.03 1.22 1.47 1.54 1.66 1.69 1.73 1.85 1.89 2.31 2.38
 2.39 2.64 2.67 2.9  3.04 3.06 3.14 3.36 3.43 3.72 4.09 4.17 4.22 4.28
 4.47 5.37 5.61 6.14]
var: 2.5227783055555544
| [0m46       [0m | [0m1.695    [0m | [0m1e-08    [0m | [0m17.55    [0m | [0m0.08355  [0m |
[0.13 0.14 0.15 0.22 0.25 0.34 0.37 0.37 0.37 0.39 0.43 0.45 0.5  0.53
 0.53 0.54 0.57 0.58 0.6  0.61 0.62 0.62 0.65 0.69 0.7  0.7  0.71 0.71
 0.75 0.77 0.8  0.81 0.82 0.87 0.87 0.88 0.88 0.98 1.02 1.05 1.08 1.14
 1.15 1.27 1.39 1.44 1.49 1.55 1.63 1.66 1.67 1.73 1.86 1.93 2.   2.16
 2.3  2.62 3.47 3.68]
var: 0.5514349722222225
| [0m47       [0m | [0m1.02     [0m | [0m0.2928   [0m | [0m25.98    [0m | [0m0.3155   [0m |
[0.71 0.88 1.13 1.18 1.35 1.46 1.68 1.69 1.73 1.73 1.79 1.81 1.82 1.84
 1.84 1.85 1.87 1.94 2.03 2.03 2.08 2.2  2.22 2.24 2.29 2.39 2.41 2.44
 2.46 2.47 2.47 2.55 2.63 2.81 2.93 3.06 3.06 3.08 3.12 3.13 3.15 3.16
 3.21 3.22 3.28 3.31 3.38 3.49 3.49 3.56 3.65 3.96 3.96 4.18 4.41 5.3
 5.56 6.47 7.3  7.86]
var: 1.961820555555556
| [95m48       [0m | [95m2.838    [0m | [95m0.0004787[0m | [95m26.26    [0m | [95m0.05884  [0m |
[0.   0.03 0.04 0.07 0.09 0.12 0.13 0.14 0.17 0.17 0.19 0.2  0.21 0.22
 0.23 0.25 0.26 0.27 0.31 0.33 0.33 0.34 0.35 0.38 0.38 0.39 0.4  0.45
 0.45 0.48 0.48 0.49 0.49 0.49 0.51 0.52 0.52 0.54 0.55 0.56 0.59 0.6
 0.65 0.67 0.69 0.69 0.73 0.83 0.87 0.97 1.06 1.08 1.2  1.22 1.29 1.34
 1.5  1.96 2.41 2.62]
var: 0.28142722222222194
| [0m49       [0m | [0m0.5917   [0m | [0m0.2405   [0m | [0m30.57    [0m | [0m0.7682   [0m |
[0.04 0.08 0.47 0.56 0.61 0.64 0.66 0.71 0.79 0.82 0.84 0.84 1.1  1.19
 1.2  1.22 1.26 1.27 1.28 1.31 1.35 1.44 1.47 1.47 1.54 1.59 1.62 1.66
 1.69 1.7  1.74 1.83 1.93 1.96 1.97 1.99 2.08 2.08 2.14 2.14 2.21 2.3
 2.31 2.33 2.56 2.65 2.86 2.88 2.99 3.1  3.16 3.23 3.32 3.42 3.52 3.6
 3.91 4.27 4.6  4.87]
var: 1.1941014166666677
| [0m50       [0m | [0m1.94     [0m | [0m0.01008  [0m | [0m26.23    [0m | [0m0.1456   [0m |
[0.   0.   0.   0.   0.   0.   0.   0.   0.   0.   0.   0.   0.   0.
 0.   0.   0.   0.   0.   0.   0.   0.   0.   0.   0.   0.01 0.01 0.01
 0.01 0.01 0.01 0.02 0.02 0.02 0.02 0.02 0.02 0.03 0.03 0.03 0.03 0.03
 0.03 0.03 0.04 0.04 0.04 0.04 0.04 0.04 0.05 0.05 0.06 0.06 0.07 0.07
 0.08 0.09 0.1  0.14]
var: 0.0008722222222222485
| [0m51       [0m | [0m0.02333  [0m | [0m0.01342  [0m | [0m26.34    [0m | [0m0.001    [0m |
[0.   0.01 0.04 0.05 0.07 0.08 0.11 0.2  0.2  0.21 0.25 0.28 0.35 0.35
 0.37 0.38 0.41 0.41 0.43 0.43 0.45 0.47 0.48 0.48 0.49 0.49 0.5  0.5
 0.52 0.52 0.57 0.58 0.61 0.63 0.64 0.64 0.64 0.68 0.69 0.7  0.7  0.76
 0.85 0.85 1.04 1.05 1.17 1.17 1.18 1.19 1.21 1.23 1.23 1.29 1.4  1.51
 1.86 1.99 2.75 2.75]
var: 0.33756163888888857
| [0m52       [0m | [0m0.7182   [0m | [0m0.04482  [0m | [0m19.84    [0m | [0m1.155    [0m |
[0.01 0.03 0.04 0.05 0.05 0.05 0.08 0.08 0.09 0.09 0.11 0.13 0.13 0.16
 0.18 0.24 0.26 0.3  0.32 0.37 0.38 0.4  0.44 0.44 0.46 0.46 0.48 0.5
 0.5  0.52 0.54 0.55 0.58 0.58 0.6  0.61 0.62 0.63 0.65 0.66 0.66 0.66
 0.68 0.69 0.7  0.71 0.72 0.73 0.93 1.06 1.1  1.48 1.62 1.78 1.86 1.9
 1.92 1.94 2.01 2.44]
var: 0.3433928888888882
| [0m53       [0m | [0m0.6493   [0m | [0m0.06537  [0m | [0m21.6     [0m | [0m0.8222   [0m |
[0.   0.   0.02 0.04 0.04 0.05 0.08 0.12 0.14 0.15 0.16 0.17 0.2  0.2
 0.21 0.23 0.25 0.26 0.3  0.31 0.31 0.32 0.37 0.41 0.41 0.42 0.44 0.47
 0.48 0.48 0.48 0.51 0.53 0.53 0.54 0.55 0.55 0.58 0.59 0.59 0.61 0.63
 0.66 0.67 0.68 0.69 0.74 0.74 0.77 0.78 0.81 0.82 0.83 0.9  0.91 0.92
 0.93 0.99 1.1  1.13]
var: 0.08699666666666678
| [0m54       [0m | [0m0.48     [0m | [0m0.1075   [0m | [0m11.69    [0m | [0m2.55     [0m |
[0.49 0.65 0.89 0.99 1.1  1.23 1.26 1.35 1.37 1.42 1.54 1.58 1.58 1.67
 1.72 1.74 1.75 1.75 1.76 1.76 1.8  1.8  1.86 1.88 1.9  1.92 2.01 2.05
 2.06 2.11 2.12 2.14 2.18 2.21 2.26 2.32 2.44 2.62 2.65 2.66 2.76 2.77
 2.79 2.91 2.91 2.99 3.06 3.08 3.13 3.15 3.61 3.67 3.75 3.79 3.86 3.89
 4.7  4.74 4.88 4.91]
var: 1.0653812222222228
| [0m55       [0m | [0m2.366    [0m | [0m0.004333 [0m | [0m26.32    [0m | [0m0.09381  [0m |
[0.16 0.35 0.45 0.59 0.62 0.66 0.67 0.75 0.78 0.81 0.97 0.98 1.05 1.06
 1.11 1.17 1.17 1.24 1.27 1.34 1.43 1.45 1.52 1.58 1.58 1.6  1.63 1.63
 1.64 1.65 1.69 1.71 1.75 1.79 1.81 1.82 1.82 1.85 1.88 1.92 1.92 1.93
 1.93 1.96 2.03 2.04 2.06 2.13 2.25 2.3  2.35 2.36 2.48 2.67 2.7  3.05
 3.15 3.23 3.34 3.48]
var: 0.5573749722222223
| [0m56       [0m | [0m1.672    [0m | [0m0.02949  [0m | [0m17.39    [0m | [0m0.1821   [0m |
[0.22 0.39 0.43 0.44 0.51 0.52 0.57 0.63 0.63 0.63 0.7  0.7  0.84 1.06
 1.15 1.16 1.21 1.21 1.23 1.24 1.25 1.27 1.28 1.3  1.35 1.38 1.49 1.52
 1.65 1.73 1.73 1.76 1.83 1.85 1.88 1.91 1.94 1.95 1.96 2.04 2.05 2.09
 2.1  2.13 2.18 2.22 2.27 2.31 2.36 2.41 2.47 2.5  2.7  2.84 3.04 3.05
 3.22 3.49 3.88 5.26]
var: 0.8927160833333331
| [0m57       [0m | [0m1.719    [0m | [0m0.2859   [0m | [0m26.09    [0m | [0m0.06191  [0m |
[0.   0.21 0.29 0.4  0.45 0.47 0.52 0.64 0.64 0.65 0.7  0.72 0.75 0.77
 0.8  0.84 0.9  0.93 1.01 1.06 1.08 1.09 1.11 1.14 1.17 1.19 1.21 1.21
 1.22 1.28 1.29 1.3  1.3  1.34 1.37 1.39 1.48 1.52 1.53 1.56 1.58 1.58
 1.59 1.59 1.63 1.69 1.77 1.78 2.24 2.3  2.34 2.54 2.7  2.71 2.78 3.11
 3.27 3.52 3.94 6.28]
var: 1.0660869722222226
| [0m58       [0m | [0m1.491    [0m | [0m0.0154   [0m | [0m14.17    [0m | [0m0.4079   [0m |
[0.02 0.02 0.03 0.03 0.1  0.12 0.12 0.13 0.13 0.14 0.15 0.16 0.16 0.18
 0.18 0.19 0.19 0.2  0.2  0.2  0.22 0.26 0.28 0.28 0.29 0.3  0.32 0.32
 0.33 0.34 0.4  0.4  0.41 0.42 0.43 0.46 0.48 0.49 0.5  0.52 0.52 0.54
 0.55 0.59 0.6  0.6  0.6  0.64 0.65 0.67 0.68 0.69 0.73 0.83 0.98 0.98
 1.   1.1  1.15 2.29]
var: 0.1348260833333333
| [0m59       [0m | [0m0.4415   [0m | [0m0.2956   [0m | [0m42.14    [0m | [0m0.8351   [0m |
[0.56 0.58 0.63 0.66 0.68 0.85 0.88 0.96 0.99 1.01 1.03 1.06 1.07 1.19
 1.22 1.32 1.33 1.36 1.39 1.43 1.47 1.48 1.5  1.51 1.54 1.57 1.57 1.57
 1.59 1.7  1.72 1.74 1.85 1.91 1.92 1.94 1.99 2.03 2.05 2.12 2.13 2.15
 2.18 2.22 2.24 2.26 2.33 2.37 2.37 2.39 2.5  2.56 2.59 2.84 2.97 3.37
 3.44 3.96 4.28 5.09]
var: 0.7999160833333332
| [0m60       [0m | [0m1.854    [0m | [0m0.03397  [0m | [0m17.48    [0m | [0m0.1056   [0m |
[0.2  0.43 0.57 0.58 0.59 0.62 0.62 0.73 0.77 0.79 0.8  0.8  0.8  0.87
 0.98 1.2  1.2  1.21 1.22 1.34 1.39 1.4  1.41 1.42 1.45 1.49 1.5  1.56
 1.57 1.59 1.6  1.6  1.61 1.62 1.67 1.69 1.72 1.75 1.77 1.87 1.95 1.97
 2.01 2.02 2.09 2.24 2.31 2.33 2.4  2.47 2.51 2.56 2.67 2.75 2.76 2.96
 3.04 3.15 3.33 3.63]
var: 0.6145120833333326
| [0m61       [0m | [0m1.653    [0m | [0m0.06452  [0m | [0m17.31    [0m | [0m0.1524   [0m |
[0.   0.   0.02 0.02 0.02 0.03 0.03 0.03 0.04 0.05 0.07 0.08 0.1  0.11
 0.12 0.16 0.18 0.19 0.23 0.24 0.24 0.26 0.31 0.31 0.31 0.31 0.32 0.33
 0.34 0.34 0.36 0.38 0.4  0.45 0.46 0.46 0.48 0.48 0.48 0.49 0.5  0.51
 0.53 0.56 0.57 0.58 0.59 0.59 0.59 0.62 0.62 0.64 0.65 0.66 0.69 0.72
 0.82 1.03 1.16 1.97]
var: 0.10900030555555544
| [0m62       [0m | [0m0.3972   [0m | [0m0.157    [0m | [0m49.44    [0m | [0m0.9977   [0m |
[0.04 0.06 0.06 0.11 0.12 0.13 0.13 0.15 0.18 0.19 0.19 0.2  0.21 0.22
 0.24 0.28 0.28 0.31 0.31 0.32 0.37 0.37 0.4  0.41 0.42 0.44 0.47 0.48
 0.48 0.49 0.5  0.53 0.54 0.55 0.57 0.57 0.58 0.59 0.6  0.62 0.63 0.64
 0.65 0.66 0.67 0.69 0.75 0.75 0.76 0.82 0.91 0.91 0.95 0.97 1.02 1.11
 1.44 1.6  1.74 1.82]
var: 0.15457888888888896
| [0m63       [0m | [0m0.5533   [0m | [0m0.1032   [0m | [0m3.269    [0m | [0m1.267    [0m |
[0.48 0.51 0.52 0.57 0.57 0.59 0.59 0.63 0.64 0.68 0.72 0.77 0.82 0.84
 0.9  0.94 0.94 0.96 1.09 1.1  1.11 1.14 1.15 1.16 1.18 1.2  1.2  1.22
 1.22 1.27 1.29 1.3  1.36 1.36 1.39 1.43 1.43 1.46 1.55 1.57 1.57 1.62
 1.67 1.72 1.8  1.86 1.87 1.88 1.93 1.93 1.95 2.23 2.35 2.54 2.6  2.73
 3.08 3.14 3.14 3.25]
var: 0.5034860833333331
| [0m64       [0m | [0m1.429    [0m | [0m0.1596   [0m | [0m26.24    [0m | [0m0.09159  [0m |
[0.   0.01 0.01 0.03 0.03 0.03 0.04 0.07 0.08 0.08 0.1  0.12 0.13 0.14
 0.14 0.15 0.17 0.25 0.3  0.38 0.39 0.4  0.42 0.44 0.45 0.48 0.52 0.53
 0.54 0.54 0.55 0.57 0.58 0.59 0.63 0.68 0.69 0.69 0.72 0.72 0.73 0.74
 0.76 0.77 0.79 0.83 0.85 0.86 0.91 0.92 0.92 1.11 1.15 1.21 1.22 1.25
 1.86 2.03 2.14 2.43]
var: 0.2814280833333333
| [0m65       [0m | [0m0.6145   [0m | [0m0.07031  [0m | [0m13.09    [0m | [0m1.529    [0m |
[0.06 0.18 0.22 0.31 0.33 0.37 0.43 0.46 0.46 0.48 0.48 0.48 0.48 0.49
 0.51 0.52 0.52 0.53 0.55 0.55 0.58 0.58 0.58 0.6  0.62 0.64 0.69 0.74
 0.77 0.78 0.78 0.79 0.79 0.8  0.85 0.86 0.86 0.87 0.9  0.92 0.94 1.02
 1.02 1.04 1.12 1.13 1.14 1.16 1.17 1.21 1.3  1.36 1.38 1.51 1.89 1.96
 2.03 2.04 2.12 2.48]
var: 0.2614703055555555
| [0m66       [0m | [0m0.8738   [0m | [0m0.19     [0m | [0m39.99    [0m | [0m0.2626   [0m |
[0.46 0.47 0.52 0.54 0.55 0.59 0.62 0.66 0.81 0.84 1.03 1.05 1.09 1.1
 1.13 1.16 1.16 1.17 1.22 1.26 1.27 1.28 1.31 1.31 1.32 1.33 1.34 1.43
 1.45 1.47 1.52 1.62 1.62 1.64 1.7  1.7  1.71 1.8  1.82 1.82 1.83 1.85
 1.87 1.9  1.94 2.   2.04 2.08 2.13 2.16 2.21 2.3  2.32 2.59 2.59 2.64
 2.84 2.96 4.11 4.21]
var: 0.5926712222222219
| [0m67       [0m | [0m1.608    [0m | [0m0.1425   [0m | [0m26.25    [0m | [0m0.08238  [0m |
[0.17 0.58 0.59 0.63 0.66 0.68 0.7  0.71 0.71 0.75 0.76 0.78 0.9  0.91
 0.96 0.99 1.1  1.12 1.13 1.18 1.19 1.23 1.25 1.26 1.28 1.28 1.3  1.37
 1.44 1.44 1.49 1.53 1.55 1.58 1.59 1.6  1.61 1.63 1.64 1.65 1.72 1.76
 1.77 1.79 1.9  1.93 1.99 2.08 2.19 2.36 2.47 2.55 2.58 2.68 2.71 2.84
 2.89 2.94 3.42 3.44]
var: 0.5505369722222218
| [0m68       [0m | [0m1.549    [0m | [0m0.04835  [0m | [0m5.521    [0m | [0m0.2232   [0m |
[0.48 0.51 0.57 0.57 0.59 0.61 0.79 0.8  0.81 0.94 0.99 1.01 1.1  1.13
 1.21 1.21 1.28 1.29 1.32 1.42 1.46 1.47 1.5  1.51 1.54 1.56 1.58 1.59
 1.66 1.67 1.71 1.82 1.89 1.94 1.94 1.95 1.98 2.02 2.04 2.05 2.09 2.1
 2.17 2.17 2.21 2.22 2.42 2.43 2.5  2.5  2.53 2.61 2.65 2.72 2.72 2.88
 3.03 3.07 3.4  3.47]
var: 0.5581888888888886
| [0m69       [0m | [0m1.757    [0m | [0m0.07385  [0m | [0m26.21    [0m | [0m0.1268   [0m |
[0.   0.01 0.04 0.09 0.09 0.14 0.15 0.16 0.16 0.17 0.18 0.18 0.21 0.22
 0.22 0.23 0.25 0.27 0.28 0.28 0.29 0.3  0.32 0.34 0.34 0.35 0.35 0.38
 0.4  0.41 0.41 0.41 0.41 0.42 0.44 0.44 0.48 0.49 0.51 0.55 0.58 0.58
 0.6  0.6  0.61 0.61 0.63 0.67 0.72 0.74 0.77 0.79 0.79 0.9  0.92 1.07
 1.19 1.29 1.31 2.25]
var: 0.1426683055555553
| [0m70       [0m | [0m0.4832   [0m | [0m0.2168   [0m | [0m4.79     [0m | [0m2.078    [0m |
[0.48 0.49 0.49 0.51 0.54 0.55 0.61 0.61 0.61 0.73 0.87 0.9  0.96 0.98
 0.99 0.99 1.03 1.04 1.05 1.06 1.11 1.14 1.19 1.2  1.2  1.22 1.24 1.26
 1.29 1.31 1.32 1.34 1.36 1.42 1.47 1.51 1.57 1.59 1.61 1.8  1.81 1.82
 1.83 1.84 1.94 1.96 1.97 1.99 2.01 2.24 2.24 2.35 2.5  2.52 2.65 2.65
 2.72 3.09 3.14 3.24]
var: 0.5056243055555555
| [0m71       [0m | [0m1.486    [0m | [0m0.1301   [0m | [0m17.47    [0m | [0m0.1077   [0m |
[0.19 0.51 0.55 0.56 0.6  0.61 0.63 0.77 0.95 1.02 1.03 1.2  1.24 1.25
 1.28 1.29 1.41 1.41 1.42 1.43 1.47 1.48 1.48 1.5  1.5  1.51 1.56 1.66
 1.7  1.7  1.77 1.79 1.89 1.94 1.95 2.   2.05 2.06 2.07 2.08 2.09 2.11
 2.14 2.19 2.42 2.61 2.62 2.63 2.69 2.76 3.06 3.11 3.14 3.3  3.42 3.49
 3.7  4.11 4.29 4.58]
var: 0.9527303055555548
| [0m72       [0m | [0m1.916    [0m | [0m0.01272  [0m | [0m26.16    [0m | [0m0.0964   [0m |
[0.01 0.07 0.37 0.4  0.44 0.47 0.48 0.52 0.53 0.54 0.54 0.6  0.61 0.62
 0.64 0.74 0.75 0.75 0.79 0.82 0.86 0.87 0.9  0.92 0.94 0.95 0.95 0.95
 0.95 1.   1.   1.05 1.08 1.09 1.1  1.11 1.11 1.13 1.15 1.24 1.27 1.29
 1.34 1.38 1.46 1.49 1.5  1.53 1.64 1.64 1.7  1.74 1.75 1.77 1.79 1.88
 1.93 2.08 2.47 2.57]
var: 0.2902912222222226
| [0m73       [0m | [0m1.088    [0m | [0m0.1893   [0m | [0m35.95    [0m | [0m0.213    [0m |
[0.65 0.74 0.75 0.81 0.84 1.09 1.12 1.17 1.2  1.28 1.31 1.31 1.42 1.49
 1.76 2.05 2.09 2.13 2.22 2.23 2.26 2.29 2.32 2.36 2.39 2.48 2.51 2.55
 2.61 2.67 2.68 2.68 2.7  2.71 2.71 2.84 2.84 2.87 2.93 2.99 3.06 3.12
 3.2  3.23 3.26 3.34 3.36 3.44 3.46 3.61 3.79 3.93 4.01 4.28 4.34 4.81
 5.02 5.08 5.73 7.6 ]
var: 1.721261555555556
| [0m74       [0m | [0m2.695    [0m | [0m0.001939 [0m | [0m26.21    [0m | [0m0.07606  [0m |
[0.38 0.57 0.7  0.72 0.73 0.78 0.82 0.92 1.02 1.06 1.11 1.18 1.27 1.28
 1.34 1.45 1.45 1.46 1.48 1.59 1.6  1.61 1.8  1.81 1.83 1.85 1.87 1.89
 1.95 1.98 2.05 2.06 2.07 2.12 2.13 2.16 2.2  2.23 2.33 2.34 2.37 2.4
 2.46 2.56 2.59 2.6  2.65 2.68 2.92 2.93 3.04 3.12 3.26 3.49 3.5  3.73
 3.79 4.24 5.13 6.16]
var: 1.1784894166666662
| [0m75       [0m | [0m2.114    [0m | [0m0.008517 [0m | [0m26.29    [0m | [0m0.07316  [0m |
[0.39 0.53 0.55 0.58 0.6  0.62 0.68 0.75 0.84 0.92 0.96 0.96 0.96 0.99
 0.99 1.06 1.15 1.2  1.21 1.22 1.22 1.25 1.27 1.29 1.36 1.41 1.44 1.51
 1.59 1.59 1.61 1.62 1.62 1.63 1.66 1.66 1.73 1.8  1.81 1.86 1.95 1.96
 1.96 1.96 1.96 1.97 2.07 2.18 2.25 2.3  2.31 2.32 2.39 2.4  2.44 2.49
 2.54 2.62 2.73 2.82]
var: 0.3942616388888889
| [0m76       [0m | [0m1.562    [0m | [0m0.02842  [0m | [0m26.35    [0m | [0m0.2563   [0m |
[0.3  0.49 0.5  0.56 0.58 0.58 0.59 0.62 0.62 0.73 0.73 0.76 0.76 0.79
 0.89 0.95 1.05 1.13 1.17 1.2  1.22 1.23 1.24 1.27 1.34 1.37 1.43 1.52
 1.52 1.53 1.54 1.56 1.58 1.61 1.62 1.63 1.68 1.7  1.77 1.92 1.92 1.96
 2.01 2.1  2.18 2.2  2.23 2.27 2.29 2.29 2.4  2.46 2.46 2.66 2.82 2.87
 2.92 3.09 3.42 5.32]
var: 0.7838809722222223
| [0m77       [0m | [0m1.619    [0m | [0m0.0574   [0m | [0m17.47    [0m | [0m0.1977   [0m |
[0.54 0.54 0.57 0.67 0.69 0.74 0.8  0.83 0.87 0.95 0.96 0.97 1.   1.08
 1.08 1.11 1.13 1.14 1.15 1.17 1.18 1.21 1.23 1.26 1.29 1.31 1.34 1.38
 1.4  1.41 1.45 1.46 1.48 1.49 1.53 1.6  1.6  1.62 1.66 1.73 1.74 1.77
 1.8  1.8  1.85 1.85 1.86 1.94 1.98 1.99 2.21 2.35 2.55 2.55 2.56 2.76
 2.8  2.84 3.28 3.7 ]
var: 0.4587222222222233
| [0m78       [0m | [0m1.547    [0m | [0m0.08871  [0m | [0m26.3     [0m | [0m0.1238   [0m |
[0.   0.33 0.48 0.51 0.54 0.55 0.57 0.6  0.61 0.63 0.63 0.63 0.65 0.67
 0.71 0.72 0.73 0.74 0.74 0.75 0.82 0.84 0.86 0.87 0.88 0.93 1.02 1.06
 1.09 1.1  1.11 1.11 1.14 1.14 1.17 1.17 1.22 1.23 1.24 1.26 1.27 1.29
 1.3  1.31 1.37 1.41 1.44 1.49 1.51 1.56 1.58 1.63 1.7  1.74 1.79 1.84
 1.95 1.96 2.47 3.58]
var: 0.31588622222222207
| [0m79       [0m | [0m1.121    [0m | [0m0.08727  [0m | [0m17.27    [0m | [0m0.2987   [0m |
[0.61 0.67 0.73 0.74 0.79 0.92 1.   1.03 1.06 1.09 1.09 1.15 1.15 1.19
 1.2  1.2  1.25 1.27 1.31 1.31 1.36 1.47 1.48 1.49 1.54 1.56 1.57 1.6
 1.66 1.67 1.69 1.71 1.8  1.81 1.86 1.9  1.92 1.97 1.98 2.08 2.11 2.16
 2.17 2.22 2.36 2.36 2.54 2.54 2.63 2.64 2.68 2.69 2.91 3.03 3.13 3.24
 3.66 3.85 4.58 5.06]
var: 0.8470628888888889
| [0m80       [0m | [0m1.891    [0m | [0m0.03434  [0m | [0m26.4     [0m | [0m0.1798   [0m |
=============================================================
None
num_trials:  40  inits,  40  iters,  60  per
rho:  50
pthin:  0.96

Best VPT: 2.8383333333333343
Best result: {'a': 0.000478711737192799, 'g': 26.264229190915493, 's': 0.05884119774489898}

KERNEL: nu=1.5, lengthscale=2.0, alpha=0.0005
