|   iter    |  target   |     a     |     g     |     s     |
-------------------------------------------------------------
[0.09 0.11 0.18 0.2  0.25 0.28 0.29 0.3  0.38 0.38 0.42 0.44 0.45 0.48
 0.48 0.49 0.5  0.54 0.56 0.57 0.6  0.64 0.64 0.65 0.67 0.68 0.69 0.75
 0.75 0.89 0.89 0.9  0.91 0.93 0.93 0.98 1.07 1.07 1.1  1.11 1.14 1.14
 1.14 1.18 1.3  1.31 1.32 1.33 1.4  1.41 1.44 1.58 1.66 1.74 1.74 1.96
 2.1  2.28 2.71 3.94]
var: 0.45968122222222174
| [0m1        [0m | [0m0.9677   [0m | [0m0.2035   [0m | [0m6.646    [0m | [0m2.243    [0m |
[0.04 0.06 0.07 0.08 0.08 0.18 0.22 0.25 0.26 0.28 0.28 0.29 0.32 0.32
 0.33 0.34 0.4  0.4  0.42 0.43 0.44 0.46 0.48 0.48 0.49 0.5  0.5  0.5
 0.51 0.52 0.54 0.55 0.56 0.56 0.57 0.62 0.62 0.68 0.73 0.74 0.81 0.81
 0.83 0.86 0.87 0.93 0.96 0.98 0.99 1.   1.12 1.17 1.4  1.43 1.82 1.88
 1.9  1.94 2.09 2.44]
var: 0.28934808333333334
| [0m2        [0m | [0m0.7055   [0m | [0m0.194    [0m | [0m12.41    [0m | [0m2.795    [0m |
[0.01 0.01 0.03 0.04 0.04 0.06 0.06 0.06 0.06 0.07 0.07 0.07 0.09 0.11
 0.13 0.13 0.14 0.14 0.15 0.16 0.19 0.19 0.2  0.23 0.24 0.25 0.29 0.29
 0.3  0.3  0.31 0.32 0.35 0.35 0.36 0.37 0.38 0.41 0.45 0.46 0.48 0.51
 0.55 0.55 0.55 0.56 0.58 0.59 0.6  0.6  0.62 0.63 0.72 0.77 0.77 0.81
 0.85 1.43 1.5  2.08]
var: 0.14246322222222219
| [0m3        [0m | [0m0.3937   [0m | [0m0.1094   [0m | [0m41.45    [0m | [0m1.215    [0m |
[0.02 0.06 0.1  0.11 0.14 0.17 0.22 0.24 0.26 0.29 0.31 0.36 0.38 0.42
 0.42 0.43 0.43 0.52 0.54 0.55 0.58 0.58 0.64 0.69 0.73 0.77 0.78 0.78
 0.79 0.86 0.87 0.88 0.91 0.91 1.   1.03 1.06 1.07 1.15 1.2  1.21 1.23
 1.23 1.24 1.36 1.37 1.4  1.4  1.59 1.67 1.67 1.74 1.97 2.41 2.45 2.92
 3.05 3.31 3.34]
var: 0.6380030451019831
| [95m4        [0m | [95m1.014    [0m | [95m0.1109   [0m | [95m14.3     [0m | [95m0.8865   [0m |
[0.   0.02 0.02 0.04 0.07 0.09 0.1  0.1  0.1  0.11 0.14 0.17 0.19 0.2
 0.21 0.26 0.29 0.3  0.33 0.35 0.36 0.4  0.41 0.41 0.41 0.44 0.49 0.49
 0.5  0.52 0.53 0.55 0.6  0.63 0.64 0.65 0.71 0.72 0.73 0.73 0.74 0.77
 0.79 0.79 0.88 0.91 0.92 1.   1.02 1.07 1.11 1.11 1.22 1.22 1.28 1.29
 1.52 1.91 1.95 2.26]
var: 0.24678141666666661
| [0m5        [0m | [0m0.6295   [0m | [0m0.1074   [0m | [0m36.17    [0m | [0m0.8512   [0m |
[0.04 0.04 0.04 0.06 0.06 0.09 0.09 0.09 0.09 0.09 0.1  0.11 0.13 0.13
 0.13 0.14 0.15 0.15 0.16 0.18 0.19 0.19 0.2  0.23 0.25 0.25 0.26 0.27
 0.28 0.29 0.29 0.3  0.31 0.33 0.34 0.35 0.36 0.39 0.4  0.41 0.43 0.46
 0.51 0.56 0.56 0.57 0.57 0.59 0.62 0.65 0.67 0.68 0.95 0.99 1.08 1.09
 1.13 1.14 1.16 1.28]
var: 0.10905763888888893
| [0m6        [0m | [0m0.3942   [0m | [0m0.2582   [0m | [0m45.21    [0m | [0m1.02     [0m |
[0.   0.   0.   0.01 0.02 0.02 0.03 0.04 0.04 0.06 0.08 0.08 0.12 0.14
 0.14 0.16 0.17 0.17 0.17 0.18 0.21 0.21 0.22 0.23 0.24 0.25 0.27 0.28
 0.29 0.31 0.35 0.35 0.36 0.39 0.4  0.4  0.41 0.44 0.44 0.45 0.45 0.46
 0.47 0.48 0.48 0.52 0.55 0.56 0.62 0.64 0.66 0.68 0.71 0.72 0.76 0.76
 0.78 0.85 1.   1.03]
var: 0.06900830555555555
| [0m7        [0m | [0m0.3552   [0m | [0m0.1607   [0m | [0m34.15    [0m | [0m2.402    [0m |
[0.03 0.05 0.07 0.08 0.11 0.12 0.12 0.14 0.16 0.17 0.2  0.22 0.23 0.25
 0.25 0.27 0.27 0.34 0.4  0.41 0.43 0.43 0.44 0.44 0.46 0.47 0.47 0.48
 0.5  0.68 0.73 0.76 0.77 0.78 0.79 0.83 0.85 0.86 0.95 0.97 0.99 1.01
 1.05 1.08 1.14 1.15 1.2  1.27 1.29 1.38 1.45 1.6  1.7  1.94 1.98 2.08
 2.15 2.17 2.45 2.68]
var: 0.43779455555555563
| [0m8        [0m | [0m0.8123   [0m | [0m0.2452   [0m | [0m9.491    [0m | [0m1.394    [0m |
[0.   0.   0.01 0.02 0.02 0.03 0.04 0.05 0.05 0.06 0.06 0.08 0.1  0.1
 0.1  0.11 0.11 0.12 0.12 0.13 0.14 0.14 0.14 0.15 0.17 0.18 0.2  0.2
 0.21 0.22 0.22 0.23 0.25 0.28 0.28 0.3  0.32 0.34 0.35 0.38 0.38 0.39
 0.4  0.41 0.43 0.44 0.44 0.45 0.46 0.46 0.48 0.52 0.58 0.59 0.64 0.7
 0.79 1.09 1.28 2.05]
var: 0.11470941666666694
| [0m9        [0m | [0m0.3165   [0m | [0m0.142    [0m | [0m40.89    [0m | [0m1.471    [0m |
[0.02 0.02 0.16 0.16 0.17 0.26 0.28 0.29 0.3  0.31 0.31 0.32 0.34 0.36
 0.36 0.36 0.4  0.4  0.44 0.44 0.45 0.47 0.5  0.51 0.54 0.54 0.57 0.58
 0.61 0.63 0.67 0.69 0.72 0.73 0.74 0.8  0.82 0.85 0.89 0.93 0.95 1.01
 1.02 1.09 1.1  1.1  1.23 1.27 1.39 1.42 1.64 1.69 1.73 2.06 2.09 2.29
 2.3  2.35 2.87 5.13]
var: 0.7110436388888891
| [0m10       [0m | [0m0.9112   [0m | [0m0.01112  [0m | [0m13.88    [0m | [0m0.3909   [0m |
[0.02 0.07 0.1  0.11 0.13 0.13 0.13 0.13 0.14 0.15 0.15 0.16 0.2  0.22
 0.23 0.24 0.24 0.25 0.27 0.27 0.29 0.3  0.3  0.31 0.33 0.37 0.38 0.4
 0.46 0.46 0.47 0.53 0.53 0.58 0.61 0.61 0.63 0.64 0.66 0.69 0.72 0.74
 0.77 0.8  0.81 0.9  0.94 0.96 0.99 1.01 1.02 1.03 1.03 1.16 1.21 1.43
 1.62 2.01 2.25]
var: 0.21949859235851715
| [0m11       [0m | [0m0.5812   [0m | [0m0.03809  [0m | [0m37.44    [0m | [0m0.7644   [0m |
[0.03 0.07 0.14 0.14 0.14 0.15 0.23 0.28 0.29 0.29 0.3  0.32 0.33 0.34
 0.39 0.42 0.44 0.44 0.45 0.48 0.49 0.51 0.52 0.56 0.57 0.57 0.58 0.58
 0.58 0.63 0.65 0.66 0.67 0.72 0.72 0.76 0.79 0.84 0.85 0.86 0.88 0.91
 0.96 1.   1.01 1.1  1.13 1.13 1.2  1.22 1.27 1.29 1.35 1.36 1.38 1.39
 1.82 1.97 2.03 2.49]
var: 0.25965363888888904
| [0m12       [0m | [0m0.7612   [0m | [0m0.1996   [0m | [0m3.536    [0m | [0m2.084    [0m |
[0.   0.   0.   0.01 0.01 0.03 0.03 0.03 0.04 0.05 0.06 0.06 0.07 0.07
 0.09 0.09 0.1  0.12 0.12 0.12 0.13 0.15 0.17 0.18 0.18 0.18 0.18 0.18
 0.2  0.2  0.21 0.22 0.23 0.25 0.25 0.25 0.26 0.26 0.28 0.3  0.31 0.32
 0.32 0.33 0.37 0.37 0.38 0.44 0.44 0.48 0.5  0.5  0.52 0.6  0.6  0.62
 0.72 0.77 1.24 2.2 ]
var: 0.11348830555555574
| [0m13       [0m | [0m0.2898   [0m | [0m0.0172   [0m | [0m41.86    [0m | [0m2.991    [0m |
[0.02 0.04 0.06 0.07 0.09 0.11 0.14 0.14 0.14 0.14 0.15 0.16 0.16 0.18
 0.2  0.26 0.28 0.29 0.32 0.32 0.33 0.33 0.33 0.34 0.34 0.36 0.36 0.37
 0.37 0.4  0.42 0.46 0.48 0.49 0.49 0.51 0.51 0.52 0.56 0.58 0.6  0.62
 0.65 0.67 0.73 0.78 0.79 0.81 0.83 0.87 0.97 1.01 1.06 1.09 1.13 1.15
 1.2  1.73 1.89 2.64]
var: 0.22693288888888896
| [0m14       [0m | [0m0.5507   [0m | [0m0.04922  [0m | [0m3.299    [0m | [0m2.949    [0m |
[0.01 0.02 0.03 0.04 0.04 0.04 0.05 0.06 0.07 0.1  0.1  0.11 0.11 0.15
 0.15 0.15 0.19 0.19 0.21 0.22 0.22 0.23 0.24 0.24 0.24 0.26 0.26 0.27
 0.28 0.29 0.32 0.32 0.34 0.36 0.38 0.38 0.4  0.41 0.41 0.41 0.41 0.42
 0.44 0.44 0.47 0.47 0.47 0.48 0.53 0.57 0.63 0.66 0.73 0.75 0.75 0.78
 0.8  1.07 1.13 1.61]
var: 0.0887316388888891
| [0m15       [0m | [0m0.3652   [0m | [0m0.1214   [0m | [0m36.34    [0m | [0m2.202    [0m |
[0.   0.01 0.01 0.02 0.03 0.04 0.04 0.05 0.06 0.06 0.06 0.07 0.07 0.09
 0.09 0.1  0.12 0.14 0.14 0.14 0.15 0.15 0.2  0.2  0.21 0.24 0.25 0.3
 0.3  0.3  0.31 0.31 0.31 0.32 0.33 0.33 0.33 0.34 0.34 0.38 0.39 0.4
 0.4  0.42 0.43 0.43 0.46 0.48 0.49 0.5  0.51 0.53 0.54 0.54 0.62 0.71
 0.73 0.75 1.27]
var: 0.05485366274059181
| [0m16       [0m | [0m0.2973   [0m | [0m0.1316   [0m | [0m37.23    [0m | [0m2.643    [0m |
[0.04 0.05 0.12 0.14 0.14 0.17 0.18 0.19 0.2  0.2  0.2  0.21 0.22 0.24
 0.27 0.27 0.27 0.3  0.31 0.32 0.34 0.34 0.34 0.34 0.36 0.37 0.38 0.38
 0.4  0.43 0.44 0.49 0.54 0.55 0.55 0.56 0.58 0.63 0.69 0.7  0.74 0.75
 0.75 0.84 0.87 0.98 1.02 1.02 1.15 1.18 1.19 1.21 1.22 1.23 1.49 1.52
 1.72 1.84 2.38 2.56]
var: 0.30017163888888904
| [0m17       [0m | [0m0.6518   [0m | [0m0.1697   [0m | [0m14.63    [0m | [0m2.917    [0m |
[0.1  0.12 0.16 0.18 0.27 0.3  0.3  0.31 0.31 0.32 0.32 0.33 0.38 0.38
 0.39 0.45 0.46 0.5  0.53 0.53 0.54 0.54 0.55 0.64 0.65 0.67 0.68 0.71
 0.72 0.73 0.76 0.89 0.91 0.97 1.05 1.06 1.1  1.19 1.19 1.24 1.31 1.32
 1.33 1.46 1.47 1.47 1.61 1.62 1.73 1.74 1.86 2.04 2.11 2.14 2.16 2.54
 2.94 3.01 4.45 6.27]
var: 1.134246083333333
| [95m18       [0m | [95m1.134    [0m | [95m0.208    [0m | [95m13.47    [0m | [95m0.4577   [0m |
[0.01 0.02 0.04 0.07 0.08 0.1  0.12 0.13 0.13 0.14 0.15 0.19 0.19 0.2
 0.22 0.22 0.24 0.24 0.26 0.27 0.29 0.3  0.3  0.31 0.31 0.33 0.34 0.35
 0.36 0.37 0.39 0.39 0.44 0.47 0.49 0.5  0.51 0.51 0.51 0.52 0.52 0.57
 0.59 0.61 0.65 0.73 0.8  0.87 0.92 0.93 0.95 1.11 1.13 1.14 1.24 1.48
 1.7  1.75 1.86]
var: 0.19167721918988825
| [0m19       [0m | [0m0.518    [0m | [0m0.03002  [0m | [0m43.67    [0m | [0m0.6499   [0m |
[0.   0.   0.   0.   0.   0.   0.   0.   0.   0.   0.   0.   0.   0.
 0.   0.   0.   0.   0.   0.   0.01 0.01 0.01 0.02 0.03 0.04 0.04 0.04
 0.04 0.05 0.05 0.05 0.06 0.08 0.08 0.11 0.11 0.12 0.13 0.13 0.14 0.15
 0.15 0.16 0.18 0.18 0.19 0.19 0.22 0.22 0.22 0.26 0.26 0.38 0.41 0.43
 0.46 0.56 0.57]
var: 0.020923010629129612
| [0m20       [0m | [0m0.1108   [0m | [0m0.1498   [0m | [0m0.9073   [0m | [0m0.1333   [0m |
[0.   0.   0.01 0.02 0.02 0.02 0.05 0.06 0.06 0.07 0.08 0.08 0.1  0.11
 0.12 0.12 0.13 0.16 0.17 0.19 0.19 0.2  0.2  0.2  0.21 0.21 0.22 0.23
 0.24 0.26 0.32 0.35 0.35 0.36 0.38 0.38 0.4  0.4  0.42 0.42 0.44 0.45
 0.45 0.49 0.49 0.53 0.53 0.55 0.57 0.58 0.58 0.6  0.61 0.68 0.7  0.81
 0.82 0.83 0.91 1.41]
var: 0.075397888888889
| [0m21       [0m | [0m0.3423   [0m | [0m0.223    [0m | [0m42.71    [0m | [0m2.214    [0m |
[0.01 0.02 0.04 0.05 0.07 0.11 0.17 0.19 0.2  0.2  0.2  0.22 0.24 0.25
 0.26 0.28 0.28 0.28 0.3  0.34 0.36 0.38 0.41 0.43 0.43 0.45 0.46 0.47
 0.51 0.52 0.56 0.58 0.61 0.66 0.67 0.72 0.74 0.76 0.78 0.8  0.87 0.88
 0.9  0.9  0.92 0.95 1.03 1.04 1.08 1.18 1.2  1.26 1.27 1.31 1.4  1.44
 1.6  1.69 2.06 2.22]
var: 0.2548649722222219
| [0m22       [0m | [0m0.6702   [0m | [0m0.2184   [0m | [0m29.09    [0m | [0m1.069    [0m |
[0.02 0.04 0.04 0.06 0.09 0.09 0.09 0.11 0.11 0.13 0.13 0.13 0.14 0.15
 0.15 0.19 0.19 0.19 0.2  0.21 0.22 0.22 0.22 0.23 0.24 0.25 0.26 0.27
 0.27 0.28 0.29 0.29 0.3  0.3  0.3  0.32 0.32 0.33 0.34 0.35 0.36 0.37
 0.38 0.38 0.39 0.41 0.42 0.46 0.56 0.56 0.6  0.66 0.68 0.75 0.77 0.98
 1.16 2.33 4.65]
var: 0.42526980752657256
| [0m23       [0m | [0m0.4225   [0m | [0m0.1046   [0m | [0m34.74    [0m | [0m0.378    [0m |
[0.01 0.02 0.03 0.06 0.08 0.09 0.1  0.12 0.12 0.13 0.18 0.19 0.19 0.22
 0.27 0.27 0.27 0.29 0.29 0.3  0.32 0.32 0.34 0.35 0.36 0.37 0.38 0.43
 0.45 0.46 0.46 0.49 0.49 0.5  0.56 0.59 0.6  0.61 0.61 0.67 0.68 0.68
 0.69 0.71 0.75 0.76 0.83 0.84 0.89 0.97 1.   1.06 1.09 1.25 1.32 1.43
 2.39 2.43 2.43]
var: 0.2907829359379487
| [0m24       [0m | [0m0.5897   [0m | [0m0.0104   [0m | [0m30.79    [0m | [0m1.157    [0m |
[0.   0.   0.   0.01 0.01 0.02 0.02 0.04 0.04 0.05 0.07 0.07 0.07 0.1
 0.1  0.11 0.12 0.14 0.14 0.16 0.16 0.17 0.17 0.18 0.2  0.2  0.22 0.22
 0.24 0.24 0.26 0.26 0.27 0.27 0.3  0.3  0.35 0.36 0.36 0.38 0.42 0.42
 0.47 0.48 0.5  0.52 0.54 0.59 0.59 0.59 0.61 0.67 0.71 0.73 0.75 0.77
 0.79 0.97 0.97 1.71]
var: 0.09740322222222227
| [0m25       [0m | [0m0.3363   [0m | [0m0.1719   [0m | [0m40.65    [0m | [0m2.115    [0m |
[0.   0.06 0.09 0.11 0.11 0.16 0.18 0.18 0.19 0.19 0.25 0.26 0.29 0.34
 0.35 0.38 0.38 0.4  0.41 0.42 0.42 0.46 0.46 0.49 0.49 0.5  0.52 0.56
 0.59 0.61 0.62 0.65 0.68 0.69 0.71 0.71 0.75 0.76 0.79 0.8  0.81 0.81
 0.82 0.83 0.93 1.08 1.19 1.23 1.28 1.29 1.37 1.42 1.48 1.58 1.59 1.8
 1.89 2.12 2.19 3.3 ]
var: 0.38292766666666683
| [0m26       [0m | [0m0.767    [0m | [0m0.2922   [0m | [0m20.88    [0m | [0m1.085    [0m |
[0.06 0.07 0.07 0.09 0.12 0.12 0.14 0.14 0.15 0.15 0.16 0.17 0.21 0.24
 0.25 0.26 0.26 0.27 0.29 0.3  0.32 0.35 0.35 0.4  0.4  0.41 0.44 0.54
 0.54 0.61 0.65 0.65 0.66 0.68 0.7  0.7  0.71 0.72 0.72 0.72 0.75 0.75
 0.75 0.8  0.81 0.82 0.86 0.89 0.91 0.92 0.97 1.08 1.12 1.23 1.36 1.4
 1.52 1.6  1.7  1.93]
var: 0.19610733333333344
| [0m27       [0m | [0m0.616    [0m | [0m0.05107  [0m | [0m4.111    [0m | [0m2.761    [0m |
[0.01 0.02 0.03 0.03 0.04 0.04 0.07 0.07 0.08 0.09 0.09 0.09 0.13 0.13
 0.13 0.14 0.15 0.17 0.18 0.2  0.21 0.21 0.21 0.24 0.24 0.25 0.27 0.27
 0.27 0.28 0.29 0.29 0.29 0.29 0.33 0.33 0.34 0.34 0.37 0.37 0.38 0.39
 0.4  0.41 0.44 0.44 0.45 0.47 0.51 0.52 0.58 0.64 0.78 0.87 0.87 1.01
 1.33 1.33]
var: 0.08291783590963095
| [0m28       [0m | [0m0.3345   [0m | [0m0.2154   [0m | [0m47.76    [0m | [0m1.205    [0m |
[0.02 0.03 0.05 0.08 0.1  0.12 0.14 0.17 0.18 0.23 0.24 0.25 0.29 0.33
 0.34 0.36 0.37 0.4  0.42 0.43 0.43 0.46 0.48 0.52 0.53 0.56 0.56 0.59
 0.62 0.63 0.65 0.65 0.65 0.66 0.66 0.67 0.71 0.74 0.77 0.83 0.87 0.91
 0.99 1.   1.02 1.14 1.16 1.16 1.29 1.29 1.33 1.44 1.57 1.63 1.85 1.92
 2.17 2.22 2.55 2.64]
var: 0.3903580833333335
| [0m29       [0m | [0m0.7845   [0m | [0m0.2447   [0m | [0m16.79    [0m | [0m2.001    [0m |
[0.   0.03 0.05 0.07 0.09 0.1  0.11 0.11 0.16 0.17 0.19 0.19 0.2  0.23
 0.29 0.31 0.35 0.43 0.45 0.51 0.51 0.51 0.52 0.54 0.55 0.57 0.6  0.62
 0.63 0.68 0.7  0.71 0.79 0.83 0.84 0.86 0.89 0.9  0.94 0.96 0.98 1.01
 1.05 1.09 1.28 1.29 1.33 1.34 1.37 1.4  1.44 1.51 1.59 1.68 1.88 1.88
 1.92 2.25 2.28]
var: 0.34456472278080996
| [0m30       [0m | [0m0.7925   [0m | [0m0.271    [0m | [0m17.34    [0m | [0m1.049    [0m |
[0.01 0.05 0.06 0.09 0.1  0.11 0.12 0.12 0.13 0.15 0.18 0.19 0.2  0.21
 0.22 0.23 0.23 0.24 0.26 0.27 0.34 0.37 0.37 0.38 0.39 0.39 0.42 0.42
 0.43 0.46 0.48 0.48 0.49 0.5  0.5  0.56 0.58 0.59 0.59 0.6  0.63 0.63
 0.67 0.69 0.7  0.73 0.76 0.78 0.81 0.82 0.83 0.84 1.02 1.11 1.13 1.18
 1.23 1.35 1.88 2.07]
var: 0.17312475000000022
| [0m31       [0m | [0m0.5395   [0m | [0m0.04165  [0m | [0m30.56    [0m | [0m0.4258   [0m |
[0.   0.05 0.05 0.07 0.09 0.11 0.12 0.17 0.18 0.19 0.21 0.24 0.27 0.27
 0.28 0.29 0.31 0.32 0.33 0.36 0.46 0.47 0.47 0.55 0.55 0.55 0.55 0.56
 0.57 0.58 0.59 0.64 0.65 0.66 0.67 0.69 0.69 0.7  0.71 0.77 0.8  0.81
 0.84 0.86 0.87 0.88 0.91 1.01 1.07 1.08 1.08 1.12 1.12 1.14 1.26 1.26
 1.27 1.3  1.34 1.39]
var: 0.1455188888888887
| [0m32       [0m | [0m0.6233   [0m | [0m0.1115   [0m | [0m19.74    [0m | [0m2.783    [0m |
[0.03 0.08 0.08 0.13 0.13 0.14 0.14 0.14 0.14 0.18 0.19 0.2  0.22 0.22
 0.24 0.25 0.25 0.27 0.29 0.29 0.34 0.42 0.42 0.44 0.47 0.47 0.49 0.5
 0.56 0.56 0.57 0.57 0.61 0.61 0.63 0.65 0.66 0.69 0.71 0.75 0.76 0.81
 0.88 0.91 0.93 1.04 1.07 1.1  1.13 1.27 1.28 1.3  1.45 1.46 1.48 1.62
 1.63 1.66 1.95 2.98]
var: 0.3174428888888897
| [0m33       [0m | [0m0.6907   [0m | [0m0.2869   [0m | [0m35.32    [0m | [0m0.9085   [0m |
[0.   0.   0.02 0.04 0.04 0.04 0.04 0.05 0.06 0.06 0.06 0.07 0.07 0.08
 0.08 0.09 0.09 0.1  0.12 0.12 0.13 0.13 0.13 0.16 0.16 0.17 0.18 0.19
 0.2  0.22 0.22 0.23 0.24 0.25 0.26 0.26 0.26 0.28 0.29 0.33 0.34 0.35
 0.36 0.38 0.38 0.39 0.4  0.41 0.43 0.46 0.47 0.48 0.51 0.52 0.52 0.54
 0.62 0.74 0.77 0.78]
var: 0.03923363888888893
| [0m34       [0m | [0m0.2562   [0m | [0m0.1347   [0m | [0m43.83    [0m | [0m1.986    [0m |
[0.   0.   0.01 0.02 0.02 0.03 0.03 0.04 0.06 0.06 0.07 0.08 0.09 0.09
 0.11 0.11 0.12 0.14 0.16 0.18 0.18 0.19 0.19 0.19 0.2  0.22 0.22 0.24
 0.25 0.27 0.28 0.31 0.31 0.31 0.34 0.34 0.35 0.36 0.39 0.39 0.4  0.42
 0.42 0.43 0.45 0.47 0.51 0.51 0.52 0.53 0.55 0.56 0.56 0.59 0.62 0.66
 0.71 0.74 0.75 0.91]
var: 0.049257888888889045
| [0m35       [0m | [0m0.3043   [0m | [0m0.03491  [0m | [0m28.27    [0m | [0m2.789    [0m |
[0.   0.   0.   0.   0.01 0.01 0.02 0.02 0.03 0.03 0.03 0.04 0.04 0.05
 0.06 0.06 0.06 0.06 0.06 0.07 0.08 0.08 0.09 0.1  0.11 0.12 0.13 0.14
 0.15 0.16 0.17 0.17 0.17 0.18 0.18 0.18 0.18 0.19 0.2  0.23 0.23 0.26
 0.27 0.27 0.3  0.3  0.3  0.31 0.34 0.34 0.35 0.38 0.4  0.41 0.44 0.46
 0.53 0.68 0.76 1.36]
var: 0.05019763888888885
| [0m36       [0m | [0m0.2058   [0m | [0m0.2335   [0m | [0m23.24    [0m | [0m0.03132  [0m |
[0.04 0.06 0.09 0.11 0.15 0.16 0.18 0.18 0.2  0.2  0.21 0.24 0.28 0.28
 0.29 0.29 0.32 0.32 0.37 0.38 0.38 0.42 0.45 0.46 0.47 0.49 0.53 0.55
 0.59 0.59 0.61 0.62 0.62 0.65 0.67 0.68 0.76 0.77 0.77 0.78 0.81 0.89
 0.9  0.93 1.1  1.11 1.12 1.15 1.18 1.2  1.28 1.42 1.46 1.52 1.65 1.69
 2.42 3.05]
var: 0.33020276456599296
| [0m37       [0m | [0m0.7084   [0m | [0m0.007585 [0m | [0m4.042    [0m | [0m2.268    [0m |
[0.03 0.04 0.04 0.04 0.05 0.06 0.07 0.07 0.12 0.12 0.12 0.16 0.2  0.21
 0.22 0.24 0.26 0.28 0.29 0.29 0.3  0.31 0.31 0.32 0.33 0.33 0.34 0.35
 0.39 0.4  0.4  0.43 0.46 0.46 0.48 0.48 0.49 0.52 0.54 0.56 0.59 0.59
 0.59 0.61 0.62 0.63 0.64 0.64 0.79 0.83 0.85 0.9  0.94 1.01 1.05 1.36
 1.63 1.86 2.32 3.28]
var: 0.3182162222222223
| [0m38       [0m | [0m0.5473   [0m | [0m0.2495   [0m | [0m25.17    [0m | [0m1.688    [0m |
[0.04 0.05 0.06 0.07 0.11 0.11 0.11 0.12 0.16 0.17 0.17 0.21 0.23 0.31
 0.34 0.36 0.4  0.44 0.44 0.45 0.45 0.47 0.48 0.5  0.51 0.52 0.53 0.53
 0.53 0.55 0.58 0.61 0.63 0.64 0.66 0.67 0.67 0.67 0.68 0.72 0.72 0.76
 0.78 0.8  0.83 0.89 0.91 0.95 0.97 1.01 1.16 1.24 1.3  1.6  1.64 1.7
 1.7  1.74 2.76 2.99]
var: 0.34891222222222223
| [0m39       [0m | [0m0.7067   [0m | [0m0.04641  [0m | [0m6.844    [0m | [0m2.693    [0m |
[0.02 0.06 0.07 0.07 0.08 0.13 0.16 0.19 0.2  0.2  0.22 0.22 0.26 0.28
 0.29 0.29 0.31 0.32 0.34 0.34 0.35 0.38 0.38 0.39 0.41 0.43 0.45 0.49
 0.51 0.52 0.55 0.58 0.59 0.59 0.6  0.63 0.64 0.64 0.65 0.66 0.67 0.71
 0.72 0.74 0.78 0.8  0.81 0.82 0.84 0.87 1.01 1.06 1.12 1.46 1.52 1.59
 1.63 2.02 2.12 2.47]
var: 0.2675520833333332
| [0m40       [0m | [0m0.6375   [0m | [0m0.2048   [0m | [0m28.99    [0m | [0m0.9871   [0m |
[0.1  0.11 0.12 0.14 0.19 0.19 0.19 0.22 0.27 0.37 0.41 0.41 0.45 0.46
 0.48 0.49 0.51 0.54 0.54 0.56 0.56 0.56 0.62 0.63 0.64 0.69 0.7  0.75
 0.78 0.87 0.9  0.96 0.98 1.02 1.04 1.07 1.07 1.12 1.14 1.19 1.21 1.25
 1.28 1.31 1.33 1.39 1.64 1.67 1.72 1.74 1.84 2.13 2.14 2.16 2.36 2.58
 2.71 2.89 3.35]
var: 0.5748116058603852
| [0m41       [0m | [0m1.029    [0m | [0m0.3      [0m | [0m12.72    [0m | [0m0.9172   [0m |
[0.02 0.05 0.06 0.08 0.09 0.1  0.16 0.16 0.18 0.23 0.25 0.3  0.35 0.35
 0.37 0.39 0.42 0.42 0.43 0.43 0.48 0.51 0.52 0.55 0.58 0.59 0.62 0.64
 0.68 0.7  0.71 0.72 0.74 0.76 0.8  0.82 0.85 0.89 1.09 1.12 1.18 1.2
 1.21 1.21 1.22 1.26 1.26 1.49 1.5  1.53 1.57 1.68 1.91 1.96 2.   2.05
 2.07 2.3  2.35 3.06]
var: 0.4659609999999999
| [0m42       [0m | [0m0.887    [0m | [0m0.3      [0m | [0m6.482    [0m | [0m0.9995   [0m |
[0.01 0.01 0.03 0.05 0.06 0.11 0.11 0.17 0.19 0.22 0.23 0.3  0.33 0.36
 0.36 0.37 0.38 0.38 0.39 0.42 0.42 0.48 0.51 0.52 0.55 0.56 0.57 0.65
 0.66 0.69 0.72 0.72 0.78 0.78 0.82 0.85 0.85 0.9  0.9  0.93 1.05 1.07
 1.09 1.09 1.13 1.15 1.17 1.25 1.27 1.29 1.5  1.52 1.6  1.74 1.89 1.93
 2.09 2.26 3.24 3.31]
var: 0.49946988888888916
| [0m43       [0m | [0m0.8497   [0m | [0m0.2995   [0m | [0m13.59    [0m | [0m1.257    [0m |
[0.   0.   0.   0.01 0.01 0.02 0.04 0.04 0.05 0.05 0.06 0.06 0.07 0.08
 0.09 0.1  0.1  0.11 0.13 0.14 0.15 0.16 0.18 0.19 0.19 0.21 0.21 0.21
 0.23 0.23 0.24 0.25 0.25 0.28 0.33 0.34 0.37 0.39 0.42 0.44 0.44 0.44
 0.45 0.53 0.53 0.54 0.55 0.62 0.63 0.73 0.73 0.73 0.74 0.76 0.8  0.82
 0.87 0.92 1.01 1.47]
var: 0.0969612222222222
| [0m44       [0m | [0m0.3457   [0m | [0m0.1772   [0m | [0m12.81    [0m | [0m0.05184  [0m |
[0.08 0.09 0.11 0.12 0.19 0.26 0.28 0.31 0.34 0.35 0.35 0.35 0.37 0.54
 0.56 0.58 0.63 0.64 0.67 0.77 0.79 0.8  0.86 0.91 0.91 0.94 0.94 0.98
 1.   1.02 1.03 1.05 1.06 1.08 1.1  1.11 1.13 1.14 1.15 1.18 1.21 1.23
 1.25 1.25 1.34 1.35 1.61 1.64 1.69 1.78 1.87 1.97 2.02 2.2  2.23 2.31
 2.77 2.99 3.18 3.25]
var: 0.5774916388888892
| [0m45       [0m | [0m1.115    [0m | [0m0.1273   [0m | [0m13.3     [0m | [0m0.839    [0m |
[0.03 0.05 0.08 0.1  0.11 0.12 0.12 0.17 0.19 0.19 0.21 0.22 0.22 0.28
 0.32 0.33 0.34 0.34 0.36 0.36 0.38 0.41 0.43 0.43 0.46 0.49 0.49 0.55
 0.58 0.58 0.59 0.61 0.62 0.66 0.66 0.67 0.69 0.69 0.73 0.82 0.84 0.85
 0.87 0.89 0.9  0.93 0.93 0.93 1.06 1.06 1.16 1.19 1.26 1.32 1.38 1.4
 1.46 1.7  1.87]
var: 0.1873540936512497
| [0m46       [0m | [0m0.6386   [0m | [0m0.1566   [0m | [0m2.194    [0m | [0m2.464    [0m |
[0.07 0.1  0.11 0.11 0.11 0.14 0.15 0.19 0.19 0.23 0.29 0.31 0.36 0.37
 0.41 0.41 0.42 0.42 0.42 0.44 0.45 0.45 0.47 0.5  0.52 0.53 0.58 0.59
 0.61 0.63 0.66 0.67 0.67 0.69 0.7  0.77 0.77 0.78 0.87 0.91 0.97 0.98
 1.02 1.02 1.03 1.05 1.07 1.1  1.17 1.27 1.35 1.54 1.66 1.73 1.88 2.14
 2.16 2.19 2.48 2.49]
var: 0.377336972222223
| [0m47       [0m | [0m0.8062   [0m | [0m0.3      [0m | [0m5.919    [0m | [0m1.835    [0m |
[0.   0.   0.01 0.01 0.03 0.03 0.03 0.04 0.05 0.05 0.05 0.07 0.08 0.08
 0.08 0.09 0.1  0.1  0.11 0.12 0.12 0.13 0.13 0.14 0.14 0.14 0.18 0.19
 0.2  0.2  0.2  0.2  0.24 0.24 0.28 0.28 0.28 0.29 0.29 0.3  0.3  0.32
 0.33 0.33 0.33 0.34 0.34 0.4  0.42 0.42 0.42 0.44 0.45 0.45 0.49 0.59
 0.72 0.79 1.03 1.2 ]
var: 0.05577830555555566
| [0m48       [0m | [0m0.2568   [0m | [0m0.06478  [0m | [0m45.34    [0m | [0m1.802    [0m |
[0.04 0.12 0.13 0.13 0.2  0.2  0.22 0.24 0.25 0.26 0.27 0.29 0.36 0.41
 0.43 0.43 0.47 0.47 0.49 0.54 0.55 0.56 0.56 0.56 0.58 0.6  0.62 0.65
 0.66 0.68 0.68 0.79 0.86 0.87 0.88 0.88 0.89 0.94 0.97 1.01 1.04 1.06
 1.07 1.11 1.22 1.26 1.31 1.42 1.43 1.48 1.54 1.62 1.63 1.64 1.67 1.82
 2.01 2.09 2.35 2.51]
var: 0.34627099999999983
| [0m49       [0m | [0m0.867    [0m | [0m0.3      [0m | [0m7.279    [0m | [0m1.599    [0m |
[0.04 0.06 0.11 0.15 0.16 0.22 0.23 0.26 0.32 0.32 0.36 0.36 0.42 0.46
 0.46 0.47 0.47 0.51 0.55 0.55 0.58 0.6  0.6  0.61 0.62 0.64 0.68 0.69
 0.7  0.7  0.71 0.73 0.78 0.78 0.79 0.88 0.91 0.97 1.   1.08 1.11 1.13
 1.2  1.25 1.3  1.32 1.33 1.35 1.35 1.38 1.43 1.46 1.53 1.55 1.58 1.91
 2.15 2.51 2.52 2.53]
var: 0.36287322222222246
| [0m50       [0m | [0m0.8903   [0m | [0m0.3      [0m | [0m15.24    [0m | [0m0.9268   [0m |
[0.01 0.02 0.03 0.04 0.04 0.05 0.18 0.18 0.21 0.21 0.26 0.28 0.29 0.29
 0.31 0.32 0.34 0.37 0.38 0.39 0.39 0.45 0.45 0.46 0.48 0.5  0.53 0.56
 0.57 0.57 0.58 0.62 0.62 0.63 0.68 0.68 0.68 0.71 0.73 0.8  0.84 0.86
 0.97 0.97 1.03 1.17 1.38 1.43 1.52 1.68 1.88]
var: 0.18533271818531355
| [0m51       [0m | [0m0.5808   [0m | [0m0.114    [0m | [0m22.92    [0m | [0m1.457    [0m |
[0.05 0.06 0.1  0.11 0.11 0.15 0.17 0.23 0.25 0.27 0.3  0.33 0.36 0.38
 0.38 0.4  0.42 0.42 0.44 0.45 0.47 0.48 0.5  0.51 0.52 0.53 0.54 0.58
 0.59 0.62 0.62 0.63 0.68 0.69 0.69 0.71 0.71 0.72 0.74 0.75 0.75 0.75
 0.75 0.76 0.81 0.82 0.93 0.97 1.   1.17 1.17 1.33 1.42 1.5  1.55 1.57
 1.71 2.1  2.17 4.44]
var: 0.45102808333333294
| [0m52       [0m | [0m0.7555   [0m | [0m0.05429  [0m | [0m20.46    [0m | [0m1.135    [0m |
[0.04 0.04 0.04 0.05 0.06 0.1  0.11 0.12 0.12 0.14 0.15 0.16 0.25 0.26
 0.28 0.28 0.28 0.34 0.35 0.37 0.37 0.41 0.45 0.47 0.48 0.49 0.51 0.52
 0.55 0.6  0.63 0.63 0.66 0.71 0.78 0.83 0.83 0.85 0.87 0.89 0.92 0.96
 0.97 0.99 1.01 1.09 1.12 1.13 1.15 1.16 1.27 1.28 1.28 1.77 2.25 2.27
 2.42 2.57 2.63 2.91]
var: 0.4878610000000006
| [0m53       [0m | [0m0.787    [0m | [0m0.01687  [0m | [0m12.37    [0m | [0m1.46     [0m |
[0.08 0.15 0.16 0.25 0.31 0.32 0.46 0.46 0.5  0.5  0.5  0.5  0.61 0.64
 0.7  0.71 0.71 0.72 0.73 0.77 0.77 0.77 0.78 0.78 0.79 0.8  0.82 0.87
 0.87 0.94 0.97 0.97 1.03 1.14 1.14 1.18 1.21 1.26 1.29 1.32 1.34 1.4
 1.43 1.46 1.47 1.5  1.51 1.59 1.63 1.68 1.72 1.74 1.93 2.18 2.2  2.23
 2.33 3.28 3.52 6.38]
var: 0.926343333333334
| [95m54       [0m | [95m1.2      [0m | [95m0.2435   [0m | [95m13.52    [0m | [95m0.711    [0m |
[0.06 0.08 0.08 0.08 0.09 0.11 0.12 0.13 0.13 0.16 0.17 0.18 0.19 0.19
 0.21 0.22 0.22 0.22 0.23 0.24 0.25 0.26 0.27 0.28 0.31 0.32 0.32 0.35
 0.35 0.36 0.38 0.39 0.44 0.44 0.45 0.46 0.5  0.5  0.51 0.56 0.58 0.61
 0.63 0.63 0.63 0.63 0.66 0.69 0.7  0.73 0.84 0.92 0.92 0.92 0.94 0.97
 1.13 1.19 1.35 1.5 ]
var: 0.11159988888888903
| [0m55       [0m | [0m0.4663   [0m | [0m0.2903   [0m | [0m46.5     [0m | [0m1.188    [0m |
[0.   0.02 0.02 0.02 0.05 0.05 0.05 0.06 0.06 0.06 0.07 0.08 0.08 0.11
 0.11 0.12 0.12 0.13 0.14 0.15 0.15 0.18 0.19 0.21 0.22 0.23 0.24 0.26
 0.26 0.29 0.3  0.33 0.33 0.34 0.35 0.35 0.37 0.44 0.46 0.48 0.48 0.49
 0.59 0.61 0.61 0.63 0.66 0.7  0.71 0.85 0.86 1.08 1.09 1.1  1.18 1.3
 1.47 1.48 1.95 2.75]
var: 0.2697669722222224
| [0m56       [0m | [0m0.4678   [0m | [0m0.06383  [0m | [0m21.18    [0m | [0m2.484    [0m |
[0.01 0.06 0.1  0.12 0.13 0.13 0.19 0.25 0.27 0.3  0.33 0.34 0.35 0.36
 0.41 0.42 0.42 0.46 0.46 0.49 0.5  0.51 0.65 0.65 0.67 0.67 0.69 0.71
 0.72 0.74 0.75 0.79 0.8  0.81 0.83 0.83 0.98 1.   1.09 1.13 1.13 1.19
 1.26 1.27 1.37 1.39 1.48 1.48 1.51 1.52 1.58 1.64 1.92 1.99 2.03 2.35
 3.16 3.19]
var: 0.4864501783590965
| [0m57       [0m | [0m0.9066   [0m | [0m0.1964   [0m | [0m4.403    [0m | [0m2.356    [0m |
[0.04 0.05 0.07 0.08 0.11 0.14 0.16 0.16 0.2  0.2  0.23 0.25 0.25 0.26
 0.29 0.3  0.33 0.36 0.36 0.39 0.41 0.42 0.43 0.45 0.45 0.51 0.52 0.54
 0.54 0.55 0.55 0.6  0.6  0.64 0.64 0.66 0.67 0.7  0.72 0.74 0.74 0.75
 0.77 0.81 0.92 0.93 0.94 1.04 1.26 1.33 1.35 1.39 1.44 1.46 1.47 1.54
 1.58 1.73 1.94]
var: 0.22307446136167716
| [0m58       [0m | [0m0.6603   [0m | [0m0.2582   [0m | [0m4.542    [0m | [0m1.309    [0m |
[0.01 0.01 0.02 0.03 0.04 0.05 0.08 0.09 0.13 0.13 0.16 0.17 0.21 0.22
 0.22 0.22 0.23 0.24 0.25 0.28 0.29 0.3  0.3  0.31 0.32 0.34 0.37 0.4
 0.41 0.42 0.42 0.43 0.43 0.44 0.45 0.48 0.51 0.51 0.53 0.53 0.53 0.56
 0.57 0.57 0.58 0.61 0.61 0.62 0.66 0.66 0.71 0.74 0.75 0.79 0.82 0.86
 0.88 1.06 2.29 4.11]
var: 0.33880622222222184
| [0m59       [0m | [0m0.4993   [0m | [0m0.153    [0m | [0m27.74    [0m | [0m2.431    [0m |
[0.   0.   0.   0.   0.15 0.2  0.24 0.25 0.26 0.27 0.29 0.3  0.3  0.3
 0.31 0.31 0.31 0.35 0.35 0.36 0.39 0.41 0.45 0.46 0.46 0.46 0.51 0.51
 0.55 0.57 0.58 0.59 0.59 0.6  0.63 0.64 0.66 0.69 0.83 0.86 0.88 0.88
 0.91 1.15 1.18 1.2  1.26 1.31 1.43 1.44 1.5  1.55 1.58 1.69 1.88 1.94
 2.   2.07 3.74 5.76]
var: 0.8493612222222214
| [0m60       [0m | [0m0.8557   [0m | [0m1e-08    [0m | [0m7.629    [0m | [0m0.34     [0m |
[0.05 0.07 0.14 0.17 0.18 0.23 0.25 0.26 0.27 0.29 0.29 0.38 0.4  0.42
 0.47 0.52 0.54 0.55 0.57 0.57 0.59 0.64 0.65 0.66 0.66 0.67 0.69 0.7
 0.71 0.77 0.78 0.88 0.89 0.89 0.92 0.92 0.99 0.99 0.99 1.02 1.03 1.03
 1.06 1.1  1.11 1.12 1.13 1.13 1.17 1.19 1.25 1.47 1.65 1.66 1.8  1.89
 1.99 2.26 3.19 3.98]
var: 0.48645066666666664
| [0m61       [0m | [0m0.914    [0m | [0m0.2964   [0m | [0m5.9      [0m | [0m1.876    [0m |
[0.02 0.03 0.04 0.06 0.07 0.09 0.16 0.19 0.23 0.23 0.23 0.24 0.24 0.25
 0.25 0.29 0.32 0.35 0.41 0.43 0.43 0.44 0.45 0.47 0.5  0.51 0.52 0.52
 0.54 0.55 0.56 0.56 0.58 0.62 0.66 0.67 0.72 0.72 0.73 0.73 0.78 0.79
 0.79 0.82 1.08 1.42 1.45 1.46 1.46 1.49 1.5  1.59 1.66 1.76 1.96 2.
 2.15 2.47 2.53 2.94]
var: 0.4754183055555549
| [0m62       [0m | [0m0.7952   [0m | [0m0.2488   [0m | [0m5.645    [0m | [0m2.389    [0m |
[0.08 0.1  0.11 0.18 0.2  0.22 0.22 0.23 0.23 0.27 0.28 0.31 0.34 0.36
 0.36 0.41 0.42 0.42 0.46 0.56 0.59 0.63 0.66 0.78 0.82 0.84 0.84 0.84
 0.94 1.04 1.15 1.15 1.16 1.16 1.31 1.36 1.42 1.47 1.51 1.63 1.7  1.83
 1.84 1.87 1.89 1.99 2.11 2.25 2.27 2.43 2.5  2.62 2.76 2.96 3.07 3.31
 3.78 3.82 3.82]
var: 1.0765390405056008
| [95m63       [0m | [95m1.286    [0m | [95m0.01785  [0m | [95m13.7     [0m | [95m0.8038   [0m |
[0.02 0.04 0.08 0.09 0.12 0.13 0.14 0.16 0.16 0.17 0.19 0.24 0.28 0.3
 0.31 0.31 0.32 0.35 0.4  0.41 0.43 0.44 0.45 0.54 0.56 0.56 0.58 0.62
 0.64 0.67 0.71 0.73 0.75 0.77 0.88 0.9  0.91 0.92 0.95 1.   1.02 1.05
 1.11 1.14 1.15 1.19 1.2  1.31 1.34 1.39 1.54 1.55 1.56 1.57 1.7  1.88
 2.68 2.79 3.06 6.38]
var: 0.9482073333333335
| [0m64       [0m | [0m0.914    [0m | [0m0.2939   [0m | [0m15.24    [0m | [0m0.9138   [0m |
[0.   0.05 0.08 0.09 0.12 0.14 0.14 0.2  0.26 0.31 0.33 0.33 0.34 0.37
 0.38 0.39 0.44 0.48 0.49 0.5  0.5  0.52 0.53 0.54 0.54 0.54 0.56 0.56
 0.6  0.68 0.69 0.75 0.78 0.79 0.85 0.88 0.91 0.92 0.94 0.98 1.19 1.21
 1.21 1.26 1.27 1.34 1.36 1.47 1.54 1.64 1.67 1.75 1.77 1.8  2.01 2.19
 2.26 2.37 2.91]
var: 0.43549698362539485
| [0m65       [0m | [0m0.8766   [0m | [0m1e-08    [0m | [0m13.52    [0m | [0m0.662    [0m |
[0.06 0.09 0.11 0.19 0.23 0.27 0.33 0.39 0.39 0.43 0.47 0.48 0.52 0.58
 0.61 0.67 0.67 0.68 0.75 0.76 0.77 0.88 0.91 0.94 0.95 1.01 1.04 1.05
 1.06 1.12 1.15 1.16 1.17 1.22 1.25 1.32 1.51 1.59 1.61 1.66 1.66 1.68
 1.77 1.9  1.91 2.09 2.17 2.19 2.21 2.21 2.22 2.25 2.67 2.79 3.01 3.06
 3.09 3.23]
var: 0.7131118906064212
| [0m66       [0m | [0m1.279    [0m | [0m0.236    [0m | [0m13.86    [0m | [0m0.8167   [0m |
[0.   0.02 0.05 0.05 0.06 0.07 0.08 0.08 0.1  0.13 0.18 0.19 0.19 0.2
 0.2  0.21 0.25 0.26 0.27 0.27 0.28 0.28 0.32 0.32 0.32 0.33 0.35 0.35
 0.37 0.39 0.4  0.41 0.43 0.45 0.45 0.46 0.46 0.5  0.53 0.56 0.56 0.6
 0.61 0.61 0.62 0.77 0.78 0.79 0.83 0.89 0.9  0.99 1.15 1.18 1.23 1.33
 1.41 1.57 2.09 2.31]
var: 0.22990066666666684
| [0m67       [0m | [0m0.534    [0m | [0m0.2123   [0m | [0m22.95    [0m | [0m1.376    [0m |
[0.02 0.06 0.07 0.07 0.13 0.18 0.21 0.25 0.27 0.27 0.28 0.3  0.33 0.36
 0.38 0.41 0.41 0.43 0.45 0.45 0.48 0.5  0.51 0.52 0.52 0.53 0.54 0.55
 0.56 0.57 0.57 0.59 0.59 0.6  0.61 0.65 0.66 0.67 0.73 0.79 0.82 0.83
 0.86 0.88 0.91 0.95 1.01 1.06 1.1  1.22 1.31 1.36 1.39 1.69 1.77 1.78
 2.16 2.22 3.38 3.41]
var: 0.4742565555555556
| [0m68       [0m | [0m0.7863   [0m | [0m0.2596   [0m | [0m13.85    [0m | [0m2.438    [0m |
[0.   0.01 0.04 0.04 0.06 0.07 0.09 0.16 0.17 0.21 0.27 0.27 0.31 0.35
 0.37 0.39 0.4  0.42 0.44 0.45 0.48 0.51 0.53 0.59 0.59 0.59 0.62 0.62
 0.64 0.72 0.72 0.73 0.76 0.89 0.93 0.95 1.04 1.1  1.21 1.22 1.23 1.39
 1.39 1.46 1.48 1.5  1.58 1.66 1.68 1.78 1.83 1.91 1.94 1.95 2.28 2.38
 2.47 2.51 2.73 3.07]
var: 0.5988465555555555
| [0m69       [0m | [0m0.9697   [0m | [0m0.006764 [0m | [0m13.95    [0m | [0m0.8229   [0m |
[0.01 0.02 0.06 0.06 0.07 0.09 0.13 0.15 0.18 0.26 0.28 0.29 0.29 0.33
 0.38 0.39 0.44 0.47 0.49 0.5  0.51 0.6  0.64 0.64 0.66 0.67 0.68 0.69
 0.73 0.77 0.85 0.87 0.87 0.91 0.92 0.92 0.96 1.   1.19 1.2  1.21 1.25
 1.35 1.43 1.47 1.47 1.54 1.54 1.62 1.64 1.81 1.89 1.98 1.99 2.17 2.21
 2.32 2.49 2.74 3.04]
var: 0.5476603055555557
| [0m70       [0m | [0m0.9722   [0m | [0m0.2338   [0m | [0m13.75    [0m | [0m1.013    [0m |
[0.11 0.21 0.26 0.37 0.39 0.43 0.48 0.48 0.53 0.54 0.56 0.59 0.6  0.64
 0.67 0.67 0.7  0.7  0.81 0.84 0.85 0.89 0.9  0.9  0.92 0.92 0.94 0.97
 1.01 1.04 1.05 1.07 1.09 1.13 1.13 1.22 1.24 1.27 1.29 1.3  1.3  1.37
 1.37 1.51 1.67 1.72 1.8  1.82 1.86 1.91 1.91 2.   2.12 2.31 2.34 2.76
 2.97 3.31 3.68 4.61]
var: 0.7486487499999998
| [0m71       [0m | [0m1.268    [0m | [0m0.2024   [0m | [0m13.77    [0m | [0m0.578    [0m |
[0.02 0.05 0.06 0.17 0.19 0.24 0.26 0.3  0.33 0.34 0.34 0.36 0.37 0.45
 0.48 0.56 0.58 0.66 0.66 0.68 0.71 0.73 0.76 0.77 0.83 0.85 0.9  0.93
 1.03 1.07 1.11 1.13 1.21 1.21 1.21 1.23 1.23 1.26 1.3  1.33 1.34 1.34
 1.49 1.57 1.66 1.7  1.8  1.81 1.9  1.95 2.13 2.17 2.23 2.23 2.24 2.32
 2.47 2.79 2.87 3.1 ]
var: 0.5930649722222222
| [0m72       [0m | [0m1.15     [0m | [0m0.2962   [0m | [0m14.23    [0m | [0m0.6021   [0m |
[0.06 0.06 0.1  0.1  0.12 0.22 0.26 0.27 0.38 0.42 0.45 0.46 0.46 0.47
 0.48 0.49 0.64 0.64 0.71 0.74 0.84 0.89 0.9  0.92 0.94 0.96 0.99 1.05
 1.05 1.1  1.15 1.15 1.18 1.23 1.25 1.26 1.32 1.32 1.32 1.35 1.35 1.38
 1.38 1.43 1.47 1.56 1.56 1.58 1.62 1.62 1.62 1.71 1.79 1.8  1.91 1.99
 2.02 2.15 2.16 3.  ]
var: 0.3879766666666665
| [0m73       [0m | [0m1.08     [0m | [0m0.3      [0m | [0m14.71    [0m | [0m0.6437   [0m |
[0.04 0.05 0.06 0.09 0.09 0.1  0.12 0.13 0.19 0.19 0.22 0.26 0.28 0.33
 0.34 0.42 0.42 0.46 0.5  0.52 0.53 0.56 0.56 0.6  0.62 0.62 0.67 0.71
 0.71 0.73 0.76 0.79 0.8  0.81 0.83 0.85 0.85 0.86 0.9  0.93 0.98 1.07
 1.09 1.1  1.1  1.12 1.16 1.16 1.22 1.34 1.37 1.45 1.56 1.98 2.   2.2
 2.48 2.49 2.78 3.3 ]
var: 0.49915763888888964
| [0m74       [0m | [0m0.8742   [0m | [0m0.1767   [0m | [0m13.1     [0m | [0m1.144    [0m |
[0.   0.   0.   0.   0.   0.01 0.01 0.03 0.11 0.12 0.15 0.17 0.2  0.21
 0.22 0.23 0.25 0.26 0.27 0.3  0.33 0.33 0.35 0.36 0.37 0.37 0.37 0.42
 0.47 0.47 0.48 0.49 0.49 0.52 0.57 0.65 0.66 0.66 0.7  0.77 0.8  0.85
 0.91 0.93 1.04 1.11 1.12 1.14 1.29 1.58 1.62 1.92 1.94 1.99 2.02 2.21
 2.26 2.87 2.9  4.13]
var: 0.7136022222222222
| [0m75       [0m | [0m0.7833   [0m | [0m1e-08    [0m | [0m15.01    [0m | [0m0.5053   [0m |
[0.13 0.15 0.18 0.29 0.32 0.34 0.37 0.48 0.48 0.53 0.65 0.66 0.69 0.7
 0.71 0.89 0.92 0.95 0.99 1.   1.04 1.09 1.12 1.16 1.19 1.21 1.22 1.23
 1.24 1.26 1.31 1.31 1.4  1.4  1.42 1.47 1.47 1.62 1.65 1.79 1.84 1.9
 2.   2.08 2.18 2.19 2.38 2.45 2.47 2.48 2.49 2.57 2.68 2.69 2.79 3.78
 3.83 3.86]
var: 0.8312223840665867
| [95m76       [0m | [95m1.46     [0m | [95m0.2843   [0m | [95m13.71    [0m | [95m0.7067   [0m |
[0.05 0.06 0.09 0.1  0.13 0.16 0.17 0.18 0.2  0.2  0.25 0.25 0.33 0.34
 0.35 0.38 0.41 0.43 0.45 0.46 0.48 0.48 0.53 0.56 0.57 0.57 0.57 0.6
 0.7  0.75 0.84 0.85 0.85 0.9  0.91 0.92 0.93 0.95 0.97 0.98 1.04 1.09
 1.11 1.13 1.23 1.26 1.27 1.28 1.36 1.37 1.39 1.41 1.49 1.49 1.56 1.72
 1.74 1.83 1.95 2.28]
var: 0.29118499999999964
| [0m77       [0m | [0m0.815    [0m | [0m0.3      [0m | [0m14.68    [0m | [0m1.059    [0m |
[0.   0.   0.02 0.02 0.05 0.06 0.08 0.08 0.09 0.09 0.09 0.1  0.11 0.13
 0.14 0.14 0.15 0.16 0.17 0.18 0.18 0.18 0.18 0.2  0.2  0.2  0.21 0.21
 0.27 0.29 0.3  0.32 0.33 0.35 0.35 0.36 0.37 0.37 0.44 0.45 0.48 0.53
 0.53 0.55 0.66 0.7  0.72 0.82 0.88 0.88 0.91 0.92 0.97 1.03 1.11 1.14
 1.14 1.36 1.45 1.51]
var: 0.15584497222222207
| [0m78       [0m | [0m0.4318   [0m | [0m0.2601   [0m | [0m14.44    [0m | [0m0.2606   [0m |
[0.2  0.23 0.27 0.34 0.35 0.36 0.4  0.43 0.54 0.54 0.55 0.56 0.6  0.62
 0.7  0.72 0.77 0.85 0.91 0.91 0.93 0.95 0.96 0.97 1.01 1.03 1.07 1.09
 1.1  1.11 1.12 1.18 1.2  1.23 1.23 1.24 1.24 1.26 1.38 1.39 1.4  1.4
 1.41 1.49 1.51 1.68 1.68 1.82 1.85 1.87 2.4  2.51 2.56 2.61 2.67 2.94
 2.95 3.3  3.76 6.09]
var: 1.0110028888888887
| [0m79       [0m | [0m1.357    [0m | [0m0.3      [0m | [0m13.67    [0m | [0m0.5862   [0m |
[0.02 0.02 0.21 0.25 0.27 0.28 0.43 0.44 0.49 0.53 0.57 0.61 0.67 0.79
 0.8  0.82 0.82 0.87 0.93 0.99 0.99 1.02 1.15 1.18 1.18 1.19 1.2  1.21
 1.3  1.36 1.36 1.4  1.41 1.41 1.42 1.43 1.44 1.47 1.53 1.57 1.64 1.67
 1.69 1.71 1.71 1.82 1.84 1.91 1.99 1.99 2.16 2.19 2.19 2.35 2.36 2.57
 2.64 2.78 3.02 4.39]
var: 0.6462043055555554
| [0m80       [0m | [0m1.361    [0m | [0m0.2951   [0m | [0m14.02    [0m | [0m0.7234   [0m |
=============================================================
None
num_trials:  40  inits,  40  iters,  60  per
rho:  25
pthin:  0.0

Best VPT: 1.4601724137931038
Best result: {'a': 0.2843390244150861, 'g': 13.70794453418914, 's': 0.706686588344455}

KERNEL: nu=1.5, lengthscale=2.0, alpha=0.0005
