|   iter    |  target   |     a     |     g     |     s     |
-------------------------------------------------------------
[0.   0.01 0.02 0.03 0.03 0.03 0.04 0.05 0.06 0.06 0.06 0.07 0.08 0.1
 0.13 0.14 0.16 0.18 0.18 0.2  0.2  0.21 0.21 0.22 0.23 0.24 0.24 0.25
 0.26 0.26 0.28 0.34 0.34 0.36 0.36 0.37 0.38 0.39 0.4  0.41 0.44 0.45
 0.46 0.46 0.46 0.53 0.55 0.56 0.57 0.6  0.6  0.64 0.66 0.66 0.67 0.74
 1.04]
var: 0.05145614035087724
| [0m1        [0m | [0m0.31     [0m | [0m0.06164  [0m | [0m24.89    [0m | [0m2.783    [0m |
[0.03 0.05 0.12 0.12 0.15 0.15 0.16 0.18 0.2  0.22 0.26 0.29 0.31 0.32
 0.34 0.36 0.43 0.44 0.46 0.54 0.55 0.62 0.64 0.65 0.65 0.68 0.7  0.71
 0.72 0.74 0.74 0.78 0.8  0.84 0.84 0.86 0.94 0.98 0.99 1.03 1.07 1.09
 1.14 1.18 1.22 1.24 1.27 1.28 1.4  1.47 1.58 1.63 1.69 1.84 1.86 2.35]
var: 0.27468456632653077
| [95m2        [0m | [95m0.7839   [0m | [95m0.03837  [0m | [95m5.699    [0m | [95m1.767    [0m |
[0.01 0.02 0.04 0.05 0.08 0.08 0.08 0.1  0.11 0.16 0.16 0.17 0.18 0.18
 0.19 0.23 0.23 0.24 0.28 0.28 0.3  0.32 0.32 0.34 0.36 0.38 0.42 0.44
 0.47 0.48 0.49 0.5  0.51 0.52 0.54 0.54 0.54 0.54 0.55 0.58 0.65 0.65
 0.67 0.69 0.69 0.74 0.76 0.87 1.06 1.06 1.65 1.88 2.76]
var: 0.23087084371662478
| [0m3        [0m | [0m0.4932   [0m | [0m0.09878  [0m | [0m2.544    [0m | [0m0.6238   [0m |
[0.03 0.04 0.04 0.04 0.08 0.1  0.12 0.13 0.18 0.19 0.23 0.24 0.25 0.26
 0.27 0.3  0.34 0.38 0.43 0.43 0.49 0.5  0.53 0.6  0.6  0.61 0.63 0.64
 0.64 0.68 0.69 0.69 0.7  0.72 0.76 0.77 0.85 0.85 0.88 0.88 0.95 0.95
 0.98 1.04 1.05 1.1  1.2  1.21 1.27 1.33 1.34 1.37 1.45 1.85]
var: 0.18397599451303193
| [0m4        [0m | [0m0.6459   [0m | [0m0.247    [0m | [0m11.86    [0m | [0m1.54     [0m |
[0.03 0.04 0.05 0.06 0.06 0.07 0.1  0.14 0.16 0.16 0.19 0.2  0.2  0.23
 0.25 0.29 0.33 0.34 0.39 0.4  0.41 0.41 0.41 0.46 0.48 0.5  0.51 0.52
 0.52 0.53 0.54 0.55 0.58 0.58 0.59 0.61 0.63 0.64 0.67 0.72 0.78 0.82
 0.82 0.83 0.87 0.91 1.02 1.04 1.09 1.14 1.15 1.16 1.16 1.29 1.41 1.45
 1.51]
var: 0.15384450600184657
| [0m5        [0m | [0m0.5789   [0m | [0m0.1772   [0m | [0m41.93    [0m | [0m0.4249   [0m |
[0.05 0.09 0.09 0.1  0.12 0.16 0.18 0.18 0.18 0.23 0.24 0.25 0.29 0.3
 0.31 0.32 0.35 0.35 0.35 0.41 0.44 0.49 0.51 0.53 0.55 0.56 0.56 0.59
 0.6  0.61 0.65 0.65 0.65 0.65 0.66 0.68 0.7  0.73 0.79 0.81 0.82 0.85
 0.87 0.88 0.9  0.91 1.12 1.13 1.15 1.16 1.17 1.23 1.26 1.27 1.3  1.3
 1.33]
var: 0.1380845798707294
| [0m6        [0m | [0m0.6247   [0m | [0m0.07798  [0m | [0m7.378    [0m | [0m2.439    [0m |
[0.   0.   0.   0.01 0.02 0.02 0.03 0.04 0.04 0.04 0.05 0.06 0.06 0.06
 0.07 0.08 0.1  0.1  0.1  0.1  0.12 0.15 0.16 0.18 0.22 0.22 0.24 0.24
 0.25 0.25 0.25 0.28 0.28 0.29 0.29 0.29 0.3  0.31 0.32 0.32 0.33 0.33
 0.34 0.35 0.37 0.38 0.39 0.4  0.4  0.43 0.44 0.45 0.48 0.49 0.49 0.5
 0.55 0.78]
var: 0.029739476813317522
| [0m7        [0m | [0m0.2386   [0m | [0m0.09135  [0m | [0m41.1     [0m | [0m2.135    [0m |
[0.01 0.03 0.05 0.05 0.1  0.13 0.16 0.2  0.21 0.22 0.22 0.25 0.29 0.29
 0.35 0.35 0.36 0.42 0.43 0.45 0.45 0.46 0.48 0.51 0.54 0.59 0.62 0.66
 0.67 0.67 0.68 0.7  0.7  0.72 0.72 0.73 0.73 0.73 0.74 0.76 0.81 0.88
 0.88 0.88 0.9  0.96 0.96 1.1  1.18 1.24 1.25 1.28 1.42 1.45 1.56 1.86
 2.07 2.72]
var: 0.27240668846611155
| [0m8        [0m | [0m0.704    [0m | [0m0.1378   [0m | [0m13.93    [0m | [0m1.056    [0m |
[0.   0.   0.   0.01 0.01 0.02 0.03 0.03 0.04 0.04 0.05 0.05 0.06 0.08
 0.08 0.08 0.1  0.1  0.13 0.14 0.15 0.17 0.19 0.2  0.2  0.22 0.24 0.25
 0.26 0.26 0.27 0.33 0.34 0.35 0.35 0.36 0.39 0.41 0.42 0.44 0.45 0.48
 0.48 0.49 0.51 0.51 0.52 0.54 0.55 0.56 0.58 0.64 0.67 0.67 0.68 0.86
 0.9  0.91]
var: 0.060610493460166566
| [0m9        [0m | [0m0.3078   [0m | [0m0.02059  [0m | [0m28.49    [0m | [0m2.821    [0m |
[0.   0.   0.   0.   0.   0.   0.   0.   0.   0.   0.   0.   0.01 0.01
 0.01 0.04 0.06 0.06 0.07 0.07 0.08 0.08 0.11 0.12 0.12 0.13 0.14 0.14
 0.14 0.16 0.17 0.17 0.21 0.22 0.23 0.23 0.23 0.23 0.24 0.24 0.24 0.26
 0.27 0.28 0.29 0.3  0.31 0.32 0.33 0.35 0.36 0.39 0.39 0.39 0.47 0.5
 0.58 1.12]
var: 0.03692951843043994
| [0m10       [0m | [0m0.1874   [0m | [0m0.07563  [0m | [0m48.44    [0m | [0m2.862    [0m |
[0.   0.02 0.03 0.03 0.03 0.06 0.09 0.09 0.12 0.15 0.17 0.18 0.22 0.24
 0.25 0.32 0.32 0.32 0.33 0.35 0.36 0.36 0.38 0.39 0.4  0.4  0.41 0.42
 0.43 0.43 0.45 0.47 0.48 0.49 0.53 0.55 0.55 0.55 0.55 0.57 0.62 0.68
 0.71 0.77 0.81 0.83 0.86 0.87 0.97 0.99 1.   1.15 1.86]
var: 0.1167717337130649
| [0m11       [0m | [0m0.4643   [0m | [0m0.03238  [0m | [0m36.92    [0m | [0m1.477    [0m |
[0.   0.   0.   0.01 0.01 0.01 0.01 0.01 0.02 0.03 0.03 0.03 0.03 0.05
 0.06 0.08 0.09 0.09 0.1  0.12 0.15 0.15 0.16 0.18 0.18 0.18 0.21 0.22
 0.22 0.22 0.23 0.24 0.24 0.25 0.28 0.29 0.32 0.32 0.32 0.33 0.33 0.34
 0.37 0.4  0.41 0.43 0.45 0.45 0.45 0.47 0.48 0.53 0.56 0.62 0.66 0.71
 0.8  1.46]
var: 0.06489039833531529
| [0m12       [0m | [0m0.2653   [0m | [0m0.2433   [0m | [0m42.16    [0m | [0m2.271    [0m |
[0.   0.   0.   0.   0.   0.   0.01 0.01 0.02 0.03 0.04 0.07 0.08 0.08
 0.09 0.09 0.1  0.11 0.12 0.12 0.13 0.13 0.14 0.16 0.17 0.17 0.18 0.25
 0.27 0.28 0.3  0.33 0.33 0.34 0.36 0.39 0.39 0.5  0.51 0.52 0.52 0.53
 0.57 0.58 0.6  0.62 0.63 0.64 0.66 0.68 0.69 0.93 0.93 0.99 1.01 1.05
 1.08]
var: 0.09742991689750695
| [0m13       [0m | [0m0.3426   [0m | [0m0.1831   [0m | [0m40.05    [0m | [0m1.559    [0m |
[0.   0.01 0.09 0.1  0.12 0.13 0.13 0.13 0.17 0.19 0.21 0.22 0.22 0.22
 0.23 0.26 0.27 0.29 0.33 0.36 0.36 0.38 0.4  0.4  0.44 0.45 0.46 0.47
 0.47 0.48 0.48 0.5  0.5  0.51 0.53 0.55 0.56 0.58 0.58 0.59 0.6  0.6
 0.61 0.61 0.72 0.75 0.77 0.78 0.8  0.86 0.87 0.94 1.07 1.19 1.32 1.35
 1.39]
var: 0.10719692212988606
| [0m14       [0m | [0m0.5018   [0m | [0m0.2812   [0m | [0m4.074    [0m | [0m1.897    [0m |
[0.01 0.37 0.38 0.4  0.41 0.44 0.44 0.45 0.45 0.46 0.48 0.5  0.52 0.52
 0.53 0.54 0.55 0.56 0.58 0.59 0.59 0.61 0.63 0.67 0.67 0.69 0.7  0.81
 0.81 0.83 0.83 0.84 0.88 0.88 0.95 0.97 1.04 1.1  1.11 1.29 1.33 1.36
 1.41 1.48 1.66 1.68 1.73 1.78 1.84 1.94 2.07 2.13 2.15 2.25 2.36 3.14]
var: 0.416124713010204
| [95m15       [0m | [95m1.007    [0m | [95m0.2668   [0m | [95m29.31    [0m | [95m0.2513   [0m |
[0.   0.   0.   0.   0.01 0.01 0.01 0.03 0.04 0.05 0.06 0.12 0.13 0.16
 0.16 0.17 0.19 0.21 0.21 0.23 0.24 0.25 0.26 0.31 0.31 0.32 0.35 0.35
 0.39 0.39 0.4  0.4  0.41 0.41 0.41 0.42 0.42 0.44 0.44 0.45 0.45 0.47
 0.49 0.49 0.5  0.51 0.51 0.52 0.57 0.57 0.59 0.62 0.66 0.67 0.71 0.74
 0.76 1.13 1.89]
var: 0.09447882792301075
| [0m16       [0m | [0m0.3731   [0m | [0m0.227    [0m | [0m22.26    [0m | [0m2.976    [0m |
[0.   0.03 0.1  0.1  0.14 0.14 0.19 0.21 0.23 0.24 0.26 0.27 0.27 0.32
 0.36 0.38 0.4  0.4  0.47 0.55 0.58 0.58 0.59 0.61 0.61 0.62 0.62 0.63
 0.63 0.64 0.65 0.66 0.7  0.71 0.72 0.72 0.75 0.77 0.77 0.77 0.78 0.81
 0.81 0.84 0.86 0.94 1.   1.08 1.2  1.21 1.33 1.37 1.39 1.47 1.75 7.08]
var: 0.8737925701530604
| [0m17       [0m | [0m0.7555   [0m | [0m0.06438  [0m | [0m5.623    [0m | [0m2.519    [0m |
[0.   0.03 0.05 0.05 0.08 0.09 0.13 0.18 0.2  0.2  0.2  0.23 0.26 0.34
 0.38 0.39 0.43 0.46 0.47 0.48 0.48 0.53 0.53 0.56 0.58 0.6  0.6  0.61
 0.62 0.63 0.64 0.64 0.65 0.65 0.67 0.69 0.73 0.73 0.79 0.8  0.8  0.81
 0.86 0.94 1.11 1.21 1.21 1.25 1.28 1.4  1.53 1.62 1.83 2.13 2.4 ]
var: 0.26786261157024727
| [0m18       [0m | [0m0.6865   [0m | [0m0.1705   [0m | [0m16.72    [0m | [0m0.6754   [0m |
[0.01 0.05 0.06 0.09 0.17 0.23 0.25 0.27 0.31 0.41 0.42 0.43 0.43 0.46
 0.46 0.48 0.5  0.51 0.56 0.58 0.59 0.62 0.62 0.66 0.67 0.68 0.69 0.69
 0.7  0.74 0.75 0.81 0.86 0.87 0.87 0.88 0.94 0.96 0.98 1.02 1.02 1.07
 1.19 1.3  1.31 1.35 1.38 1.6  1.72 1.87 1.92 2.41 2.47 2.7  3.4 ]
var: 0.47127219834710715
| [0m19       [0m | [0m0.8907   [0m | [0m0.01725  [0m | [0m22.98    [0m | [0m0.8798   [0m |
[0.   0.02 0.03 0.04 0.07 0.07 0.09 0.09 0.09 0.1  0.11 0.13 0.14 0.14
 0.17 0.17 0.24 0.24 0.25 0.26 0.29 0.3  0.32 0.33 0.33 0.33 0.33 0.33
 0.33 0.36 0.39 0.44 0.48 0.52 0.52 0.52 0.53 0.56 0.57 0.57 0.57 0.6
 0.61 0.62 0.68 0.68 0.86 0.92 0.92 1.15 1.23 1.26 1.39]
var: 0.11110722677109282
| [0m20       [0m | [0m0.4206   [0m | [0m0.221    [0m | [0m34.1     [0m | [0m0.5651   [0m |
[0.35 0.59 0.61 0.63 0.63 0.64 0.65 0.69 0.72 0.73 0.74 0.77 0.88 0.89
 0.91 0.91 0.98 1.02 1.06 1.07 1.13 1.17 1.22 1.24 1.26 1.26 1.27 1.31
 1.32 1.32 1.34 1.39 1.4  1.44 1.46 1.46 1.49 1.5  1.56 1.66 1.68 1.71
 1.73 1.77 1.8  1.9  2.15 2.28 2.29 2.31 2.32 2.6  2.61 2.66 2.73 2.74
 3.41]
var: 0.4488509695290861
| [95m21       [0m | [95m1.427    [0m | [95m0.0543   [0m | [95m15.45    [0m | [95m0.2906   [0m |
[0.   0.   0.   0.03 0.03 0.05 0.09 0.11 0.12 0.13 0.16 0.18 0.21 0.23
 0.24 0.25 0.26 0.27 0.31 0.31 0.32 0.33 0.34 0.36 0.36 0.38 0.38 0.4
 0.45 0.47 0.48 0.48 0.48 0.5  0.52 0.54 0.54 0.54 0.57 0.57 0.61 0.62
 0.64 0.73 0.75 0.76 0.81 0.84 0.85 0.87 0.91 0.93 0.95 1.19 1.21 1.21]
var: 0.09869792729591824
| [0m22       [0m | [0m0.462    [0m | [0m0.1999   [0m | [0m34.2     [0m | [0m0.7317   [0m |
[0.02 0.02 0.02 0.03 0.06 0.07 0.08 0.08 0.09 0.11 0.12 0.13 0.15 0.16
 0.18 0.19 0.22 0.3  0.34 0.34 0.36 0.38 0.38 0.38 0.39 0.39 0.44 0.45
 0.46 0.46 0.47 0.47 0.48 0.49 0.51 0.51 0.53 0.54 0.56 0.57 0.59 0.61
 0.61 0.63 0.64 0.64 0.64 0.65 0.65 0.69 0.74 0.77 0.85 0.88 1.66 2.1
 2.36]
var: 0.1912214835333949
| [0m23       [0m | [0m0.4849   [0m | [0m0.2762   [0m | [0m31.07    [0m | [0m0.4678   [0m |
[0.01 0.04 0.06 0.06 0.07 0.08 0.08 0.09 0.11 0.11 0.16 0.21 0.22 0.23
 0.24 0.27 0.27 0.28 0.28 0.3  0.31 0.31 0.32 0.32 0.33 0.35 0.37 0.39
 0.39 0.41 0.42 0.42 0.43 0.44 0.44 0.45 0.48 0.49 0.51 0.52 0.52 0.53
 0.54 0.59 0.6  0.67 0.71 0.76 0.77 0.79 0.8  0.83 0.95 1.11 1.13 1.22
 1.27 2.15 3.04]
var: 0.24645705257109998
| [0m24       [0m | [0m0.5127   [0m | [0m0.2392   [0m | [0m23.68    [0m | [0m1.434    [0m |
[0.04 0.08 0.09 0.1  0.1  0.14 0.14 0.18 0.18 0.19 0.22 0.22 0.23 0.28
 0.29 0.31 0.34 0.37 0.37 0.41 0.43 0.43 0.43 0.44 0.45 0.47 0.55 0.56
 0.59 0.63 0.67 0.69 0.74 0.78 0.78 0.8  0.8  0.82 0.85 0.88 0.89 0.96
 0.98 1.05 1.05 1.08 1.11 1.18 1.19 1.29 1.33 1.44 1.48 1.5  1.74 1.89
 2.06 2.37]
var: 0.2824728894173603
| [0m25       [0m | [0m0.7183   [0m | [0m0.2554   [0m | [0m5.443    [0m | [0m1.09     [0m |
[0.02 0.29 0.33 0.39 0.44 0.66 0.69 0.82 0.83 0.94 0.95 0.97 0.97 1.04
 1.28 1.28 1.28 1.34 1.38 1.39 1.39 1.4  1.43 1.44 1.46 1.52 1.56 1.6
 1.62 1.64 1.66 1.82 1.88 1.91 1.92 1.98 1.99 2.04 2.05 2.15 2.54 2.55
 2.56 2.58 2.6  2.78 2.82 2.89 3.06 3.28 3.35 3.44 3.45 3.58 3.88 4.27
 4.37 4.65]
var: 1.1619501783590964
| [95m26       [0m | [95m1.903    [0m | [95m0.00414  [0m | [95m23.35    [0m | [95m0.3351   [0m |
[0.01 0.03 0.05 0.08 0.08 0.08 0.08 0.09 0.11 0.12 0.18 0.22 0.47 0.47
 0.51 0.52 0.52 0.52 0.53 0.54 0.55 0.55 0.56 0.56 0.61 0.63 0.66 0.66
 0.7  0.71 0.71 0.77 0.84 0.91 0.93 0.95 1.05 1.14 1.14 1.17 1.18 1.21
 1.21 1.23 1.28 1.31 1.38 1.45 1.47 1.48 1.81 1.83 1.83]
var: 0.25241146315414775
| [0m27       [0m | [0m0.7487   [0m | [0m0.02512  [0m | [0m31.58    [0m | [0m0.9474   [0m |
[0.   0.   0.   0.   0.   0.01 0.02 0.03 0.04 0.04 0.05 0.06 0.06 0.07
 0.07 0.07 0.07 0.08 0.1  0.11 0.14 0.2  0.24 0.26 0.26 0.26 0.27 0.28
 0.29 0.31 0.33 0.36 0.36 0.39 0.4  0.46 0.49 0.49 0.5  0.51 0.52 0.58
 0.62 0.65 0.71 0.74 0.75 0.77 0.78 0.79 0.8  0.82 0.83 1.15 1.17 1.19
 1.7 ]
var: 0.13618935056940598
| [0m28       [0m | [0m0.3904   [0m | [0m0.05475  [0m | [0m48.58    [0m | [0m1.39     [0m |
[0.   0.   0.01 0.02 0.03 0.03 0.03 0.03 0.04 0.05 0.05 0.06 0.06 0.07
 0.08 0.12 0.13 0.16 0.2  0.24 0.26 0.28 0.29 0.34 0.35 0.36 0.36 0.38
 0.41 0.41 0.41 0.42 0.44 0.46 0.46 0.48 0.51 0.54 0.55 0.55 0.57 0.59
 0.61 0.64 0.65 0.67 0.67 0.67 0.69 0.71 0.75 0.82 0.83 0.91 0.95 1.05
 1.39 1.59]
var: 0.11846923305588597
| [0m29       [0m | [0m0.4212   [0m | [0m0.2045   [0m | [0m46.7     [0m | [0m0.5156   [0m |
[0.   0.   0.   0.   0.01 0.01 0.02 0.02 0.02 0.02 0.02 0.03 0.03 0.03
 0.04 0.06 0.07 0.11 0.11 0.11 0.12 0.12 0.13 0.13 0.15 0.15 0.15 0.16
 0.16 0.16 0.17 0.19 0.2  0.2  0.21 0.21 0.23 0.23 0.24 0.27 0.3  0.31
 0.34 0.37 0.38 0.39 0.4  0.43 0.48 0.49 0.53 0.57 0.64 0.64]
var: 0.030335802469135857
| [0m30       [0m | [0m0.1956   [0m | [0m0.03272  [0m | [0m48.02    [0m | [0m1.999    [0m |
[0.   0.01 0.03 0.06 0.08 0.08 0.09 0.1  0.11 0.14 0.14 0.16 0.16 0.16
 0.19 0.21 0.22 0.24 0.28 0.3  0.31 0.32 0.33 0.34 0.41 0.41 0.42 0.42
 0.42 0.43 0.43 0.45 0.46 0.46 0.52 0.6  0.61 0.63 0.63 0.63 0.66 0.67
 0.68 0.73 0.76 0.76 0.81 0.82 0.84 0.86 1.02 1.05 1.24 1.37 1.68 1.73
 3.68]
var: 0.3241508771929824
| [0m31       [0m | [0m0.55     [0m | [0m0.1595   [0m | [0m16.09    [0m | [0m2.372    [0m |
[0.   0.   0.01 0.05 0.05 0.07 0.08 0.11 0.11 0.12 0.12 0.14 0.16 0.19
 0.2  0.2  0.22 0.25 0.27 0.28 0.29 0.3  0.31 0.32 0.33 0.34 0.38 0.42
 0.43 0.43 0.45 0.46 0.46 0.49 0.5  0.54 0.55 0.56 0.56 0.57 0.57 0.58
 0.58 0.62 0.63 0.75 0.77 0.78 0.79 0.83 1.07 1.2  1.22 1.26 1.41 1.7
 1.71]
var: 0.16162554632194537
| [0m32       [0m | [0m0.4875   [0m | [0m0.0601   [0m | [0m41.85    [0m | [0m1.217    [0m |
[0.26 0.29 0.32 0.38 0.4  0.46 0.69 0.7  0.71 0.71 0.73 0.74 0.82 0.83
 0.83 0.93 0.94 0.95 0.96 1.04 1.06 1.06 1.13 1.14 1.14 1.17 1.18 1.21
 1.25 1.29 1.3  1.32 1.34 1.36 1.36 1.41 1.41 1.45 1.46 1.46 1.55 1.63
 1.63 1.66 1.68 1.72 1.75 1.83 1.9  1.93 2.33 2.33 2.62 2.62 2.75 2.77
 2.95 3.81]
var: 0.5131239298454222
| [0m33       [0m | [0m1.356    [0m | [0m0.01527  [0m | [0m14.73    [0m | [0m0.0152   [0m |
[0.   0.   0.   0.02 0.03 0.03 0.04 0.04 0.05 0.05 0.05 0.06 0.07 0.08
 0.11 0.13 0.13 0.14 0.14 0.15 0.17 0.21 0.23 0.24 0.25 0.25 0.28 0.28
 0.29 0.3  0.32 0.34 0.36 0.36 0.38 0.38 0.4  0.4  0.41 0.44 0.45 0.45
 0.46 0.47 0.5  0.54 0.54 0.56 0.61 0.65 0.76 0.82 0.91 0.96 1.06 1.3 ]
var: 0.08220685586734698
| [0m34       [0m | [0m0.333    [0m | [0m0.1105   [0m | [0m33.67    [0m | [0m1.783    [0m |
[0.17 0.17 0.28 0.32 0.33 0.35 0.54 0.55 0.55 0.62 0.67 0.69 0.71 0.71
 0.72 0.72 0.76 0.81 0.83 0.83 0.84 0.85 0.9  0.9  1.09 1.1  1.14 1.15
 1.3  1.33 1.34 1.34 1.38 1.44 1.47 1.52 1.53 1.53 1.57 1.58 1.66 1.8
 1.96 2.01 2.02 2.03 2.14 2.2  2.51 2.78 2.94 3.06 3.25 3.52 3.53 4.32
 5.58]
var: 1.152229916897507
| [0m35       [0m | [0m1.473    [0m | [0m0.01815  [0m | [0m37.49    [0m | [0m0.3758   [0m |
[0.03 0.03 0.04 0.04 0.06 0.08 0.1  0.1  0.1  0.13 0.16 0.21 0.24 0.25
 0.26 0.28 0.28 0.29 0.31 0.34 0.37 0.37 0.37 0.41 0.43 0.43 0.46 0.48
 0.51 0.51 0.53 0.53 0.6  0.61 0.62 0.63 0.64 0.64 0.66 0.67 0.71 0.72
 0.73 0.77 0.77 0.78 0.88 0.99 1.   1.03 1.15 1.23 1.38 1.58 1.62]
var: 0.14633269421487602
| [0m36       [0m | [0m0.5298   [0m | [0m0.243    [0m | [0m4.03     [0m | [0m2.429    [0m |
[0.   0.02 0.03 0.04 0.05 0.05 0.05 0.09 0.12 0.14 0.21 0.23 0.24 0.25
 0.26 0.27 0.27 0.27 0.28 0.29 0.3  0.32 0.33 0.34 0.34 0.34 0.38 0.38
 0.39 0.4  0.41 0.43 0.43 0.44 0.47 0.48 0.51 0.51 0.52 0.53 0.6  0.6
 0.6  0.68 0.69 0.73 0.77 0.77 0.83 0.84 0.86 1.12 1.13]
var: 0.071637949448202
| [0m37       [0m | [0m0.4081   [0m | [0m0.04978  [0m | [0m49.52    [0m | [0m1.501    [0m |
[0.   0.   0.   0.01 0.01 0.01 0.02 0.03 0.03 0.04 0.04 0.05 0.06 0.07
 0.08 0.08 0.09 0.09 0.1  0.1  0.1  0.1  0.11 0.11 0.12 0.14 0.15 0.16
 0.17 0.2  0.21 0.22 0.22 0.24 0.24 0.25 0.26 0.26 0.28 0.3  0.33 0.35
 0.36 0.37 0.39 0.43 0.45 0.47 0.49 0.5  0.53 0.65 0.69 0.8  1.03 1.43]
var: 0.07226415816326533
| [0m38       [0m | [0m0.2504   [0m | [0m0.1862   [0m | [0m47.36    [0m | [0m2.515    [0m |
[0.   0.01 0.01 0.02 0.02 0.03 0.03 0.04 0.06 0.07 0.07 0.07 0.07 0.08
 0.08 0.09 0.1  0.1  0.13 0.14 0.15 0.15 0.17 0.17 0.18 0.19 0.2  0.21
 0.21 0.22 0.25 0.25 0.25 0.28 0.33 0.39 0.39 0.44 0.45 0.48 0.49 0.49
 0.52 0.53 0.55 0.56 0.58 0.59 0.59 0.61 0.62 0.65 0.66 0.69 0.75 0.76
 2.15]
var: 0.11178251769775308
| [0m39       [0m | [0m0.3223   [0m | [0m0.115    [0m | [0m0.5913   [0m | [0m2.816    [0m |
[0.01 0.01 0.02 0.04 0.04 0.04 0.06 0.06 0.08 0.1  0.12 0.12 0.14 0.15
 0.15 0.16 0.18 0.19 0.19 0.2  0.2  0.23 0.25 0.25 0.25 0.26 0.26 0.28
 0.29 0.31 0.31 0.32 0.33 0.33 0.34 0.36 0.36 0.39 0.4  0.4  0.41 0.44
 0.45 0.46 0.5  0.51 0.54 0.57 0.65 0.72 0.88 1.63]
var: 0.0695841715976333
| [0m40       [0m | [0m0.3065   [0m | [0m0.1063   [0m | [0m49.54    [0m | [0m1.766    [0m |
[0.7  0.74 0.74 0.75 0.78 0.88 0.96 0.96 0.97 0.98 0.99 1.02 1.1  1.18
 1.2  1.26 1.26 1.3  1.31 1.39 1.42 1.51 1.57 1.57 1.57 1.67 1.74 1.75
 1.81 1.82 1.83 1.83 1.9  1.91 1.92 1.95 1.97 2.01 2.1  2.12 2.14 2.17
 2.17 2.18 2.3  2.3  2.51 2.51 2.68 2.96 3.09 3.19 3.52 3.55 3.56 3.66
 4.33 5.04]
var: 0.8677728894173601
| [0m41       [0m | [0m1.902    [0m | [0m0.009436 [0m | [0m23.36    [0m | [0m0.3061   [0m |
[0.   0.   0.04 0.05 0.13 0.14 0.21 0.34 0.35 0.37 0.42 0.43 0.44 0.49
 0.5  0.57 0.57 0.6  0.61 0.62 0.64 0.66 0.67 0.68 0.72 0.79 0.8  0.8
 0.88 1.02 1.07 1.09 1.19 1.21 1.32 1.33 1.39 1.55 1.58 1.64 1.67 1.72
 1.84 1.91 2.39 2.43 2.61 2.78 2.96 2.99 2.99 2.99 3.13 3.48 3.49 3.58
 3.75]
var: 1.1457869498307176
| [0m42       [0m | [0m1.309    [0m | [0m1e-08    [0m | [0m23.87    [0m | [0m0.04409  [0m |
[0.   0.03 0.04 0.04 0.05 0.05 0.07 0.1  0.1  0.12 0.13 0.13 0.15 0.21
 0.21 0.26 0.27 0.27 0.3  0.32 0.32 0.34 0.36 0.37 0.38 0.38 0.42 0.45
 0.46 0.46 0.47 0.49 0.49 0.5  0.5  0.51 0.52 0.54 0.54 0.57 0.61 0.64
 0.64 0.66 0.66 0.69 0.73 0.8  0.85 0.86 0.93 1.01 1.02 1.04 1.27 2.25]
var: 0.14381772959183664
| [0m43       [0m | [0m0.4746   [0m | [0m0.2804   [0m | [0m44.85    [0m | [0m0.5071   [0m |
[0.   0.14 0.41 0.45 0.52 0.54 0.6  0.61 0.67 0.7  0.71 0.76 0.79 0.84
 0.85 0.87 0.91 0.95 0.97 1.06 1.11 1.11 1.15 1.19 1.2  1.26 1.27 1.28
 1.34 1.39 1.42 1.43 1.45 1.46 1.49 1.52 1.55 1.56 1.56 1.66 1.67 1.74
 1.78 1.8  1.81 1.91 1.94 2.08 2.22 2.38 2.4  2.47 2.49 2.49 2.54]
var: 0.38954895867768585
| [0m44       [0m | [0m1.318    [0m | [0m0.1128   [0m | [0m23.07    [0m | [0m0.1079   [0m |
[0.02 0.1  0.1  0.13 0.17 0.2  0.25 0.31 0.31 0.32 0.35 0.36 0.36 0.38
 0.42 0.43 0.45 0.46 0.47 0.49 0.51 0.52 0.55 0.56 0.56 0.61 0.62 0.62
 0.63 0.65 0.7  0.71 0.73 0.74 0.74 0.78 0.84 0.86 0.94 1.04 1.11 1.27
 1.29 1.3  1.43 1.45 1.55 1.64 1.7  1.78 1.86 1.95 1.99]
var: 0.27071854752581
| [0m45       [0m | [0m0.7606   [0m | [0m0.2363   [0m | [0m23.52    [0m | [0m0.4049   [0m |
[0.   0.   0.   0.01 0.01 0.01 0.01 0.01 0.01 0.03 0.03 0.03 0.03 0.03
 0.04 0.04 0.05 0.05 0.06 0.07 0.07 0.07 0.07 0.07 0.07 0.08 0.08 0.08
 0.09 0.09 0.1  0.1  0.1  0.11 0.11 0.11 0.11 0.11 0.12 0.12 0.12 0.12
 0.13 0.13 0.13 0.13 0.14 0.18 0.2  0.22 0.26 0.27 0.29 0.31 0.31 0.34
 0.5 ]
var: 0.009727854724530699
| [0m46       [0m | [0m0.1081   [0m | [0m0.03851  [0m | [0m23.43    [0m | [0m0.003558 [0m |
[0.18 0.4  0.42 0.44 0.48 0.53 0.62 0.64 0.71 0.71 0.73 0.75 0.76 0.8
 1.   1.04 1.05 1.11 1.11 1.13 1.13 1.24 1.26 1.31 1.31 1.31 1.38 1.38
 1.41 1.43 1.49 1.51 1.56 1.58 1.64 1.66 1.68 1.68 1.71 1.72 1.9  2.02
 2.09 2.13 2.17 2.3  2.34 2.38 2.45 2.46 2.54 2.84 2.87 2.98 3.05 3.24
 3.53 4.09]
var: 0.7301764565992873
| [0m47       [0m | [0m1.576    [0m | [0m0.02987  [0m | [0m23.27    [0m | [0m0.3045   [0m |
[0.   0.   0.4  0.47 0.5  0.58 0.6  0.64 0.64 0.65 0.67 0.71 0.74 0.75
 0.76 0.8  0.81 0.85 0.86 0.86 0.87 0.93 0.97 1.06 1.08 1.1  1.1  1.12
 1.28 1.28 1.3  1.39 1.44 1.45 1.47 1.58 1.65 1.72 1.73 1.78 1.83 1.84
 1.87 1.89 1.9  1.91 1.95 1.99 2.13 2.26 2.34 2.6  2.68 2.71 2.99 3.35
 3.96 4.17]
var: 0.7691653983353158
| [0m48       [0m | [0m1.43     [0m | [0m0.0114   [0m | [0m23.48    [0m | [0m0.3124   [0m |
[0.15 0.26 0.29 0.42 0.44 0.45 0.46 0.52 0.52 0.55 0.59 0.6  0.61 0.62
 0.66 0.67 0.68 0.69 0.7  0.73 0.75 0.75 0.82 0.86 0.89 0.91 0.95 0.97
 1.02 1.04 1.04 1.16 1.17 1.2  1.21 1.24 1.24 1.27 1.29 1.31 1.33 1.36
 1.42 1.47 1.48 1.54 1.55 1.57 1.58 1.75 1.82 1.84 1.89 1.9  1.95 2.11
 2.39 2.43 2.64]
var: 0.3271729388106865
| [0m49       [0m | [0m1.114    [0m | [0m0.08399  [0m | [0m23.36    [0m | [0m0.345    [0m |
[0.   0.12 0.28 0.29 0.4  0.42 0.51 0.52 0.56 0.58 0.59 0.6  0.62 0.64
 0.67 0.68 0.75 0.76 0.8  0.83 0.84 0.87 0.91 0.93 1.   1.   1.01 1.03
 1.04 1.05 1.16 1.28 1.29 1.32 1.34 1.48 1.54 1.58 1.73 1.73 1.77 1.77
 1.85 1.88 1.9  1.9  1.94 2.06 2.12 2.5  2.51 2.52 2.55 2.6  2.61 2.87
 3.16]
var: 0.582642474607572
| [0m50       [0m | [0m1.285    [0m | [0m0.03856  [0m | [0m37.37    [0m | [0m0.3348   [0m |
[0.   0.   0.   0.03 0.05 0.09 0.1  0.1  0.16 0.19 0.22 0.28 0.33 0.33
 0.35 0.36 0.37 0.46 0.46 0.48 0.48 0.49 0.51 0.52 0.53 0.55 0.56 0.6
 0.62 0.66 0.67 0.7  0.7  0.71 0.72 0.73 0.83 0.84 0.94 0.98 1.01 1.04
 1.04 1.14 1.14 1.16 1.18 1.28 1.29 1.31 1.6  1.85 1.89 1.91 1.96 2.66
 2.92]
var: 0.4013695906432752
| [0m51       [0m | [0m0.7733   [0m | [0m0.1865   [0m | [0m37.53    [0m | [0m0.3449   [0m |
[0.   0.05 0.18 0.3  0.38 0.39 0.5  0.51 0.52 0.65 0.68 0.7  0.74 0.76
 0.79 0.79 0.87 0.91 0.94 1.02 1.15 1.2  1.22 1.23 1.29 1.29 1.33 1.35
 1.41 1.44 1.53 1.55 1.66 1.73 1.84 1.87 1.91 1.92 2.02 2.09 2.13 2.25
 2.29 2.33 2.34 2.34 2.38 2.54 2.58 2.82 2.98 3.14 3.39 3.4  4.29 5.71]
var: 1.1729713010204084
| [0m52       [0m | [0m1.6      [0m | [0m1e-08    [0m | [0m23.4     [0m | [0m0.3335   [0m |
[0.   0.07 0.17 0.46 0.55 0.57 0.6  0.63 0.67 0.71 0.79 0.8  0.82 0.88
 0.89 0.89 0.91 0.97 1.09 1.13 1.2  1.22 1.24 1.3  1.33 1.38 1.4  1.4
 1.43 1.44 1.53 1.54 1.55 1.58 1.66 1.71 1.76 1.81 1.91 1.92 1.92 1.92
 1.93 2.04 2.06 2.07 2.11 2.14 2.17 2.18 2.61 2.78 2.85 2.89 3.62 4.41]
var: 0.6963318558673467
| [0m53       [0m | [0m1.493    [0m | [0m0.04811  [0m | [0m15.34    [0m | [0m0.2469   [0m |
[0.38 0.51 0.51 0.53 0.58 0.59 0.65 0.71 0.74 0.76 0.77 0.89 1.   1.
 1.07 1.14 1.16 1.21 1.24 1.3  1.35 1.38 1.42 1.45 1.46 1.46 1.47 1.49
 1.5  1.53 1.53 1.54 1.54 1.62 1.64 1.67 1.7  1.77 1.83 1.85 1.94 1.98
 1.99 2.   2.02 2.51 2.59 2.78 3.   3.22 4.1  4.43 4.66]
var: 0.8633274474902101
| [0m54       [0m | [0m1.607    [0m | [0m0.05512  [0m | [0m23.3     [0m | [0m0.2183   [0m |
[0.04 0.08 0.09 0.09 0.1  0.12 0.22 0.22 0.23 0.35 0.35 0.37 0.37 0.38
 0.39 0.4  0.42 0.42 0.42 0.43 0.46 0.46 0.5  0.51 0.56 0.65 0.71 0.71
 0.75 0.76 0.78 0.81 0.84 0.88 0.91 0.91 0.96 0.99 0.99 1.02 1.03 1.05
 1.06 1.09 1.15 1.17 1.18 1.18 1.34 1.35 1.51 1.52 1.63 1.77 1.82 1.93
 2.22 2.37]
var: 0.3007236623067778
| [0m55       [0m | [0m0.8107   [0m | [0m0.1949   [0m | [0m15.36    [0m | [0m0.3495   [0m |
[0.   0.07 0.5  0.64 0.7  0.71 0.76 0.86 1.02 1.03 1.07 1.11 1.13 1.21
 1.23 1.3  1.31 1.4  1.41 1.42 1.48 1.54 1.74 1.81 1.83 1.84 1.87 1.96
 1.97 1.98 2.02 2.04 2.05 2.08 2.13 2.15 2.26 2.45 2.52 2.54 2.71 2.87
 2.93 2.94 2.96 2.98 3.08 3.36 3.44 3.49 3.58 3.63 3.66 5.14 5.42]
var: 1.2497261487603304
| [95m56       [0m | [95m2.024    [0m | [95m0.01015  [0m | [95m15.48    [0m | [95m0.154    [0m |
[0.   0.   0.   0.   0.02 0.12 0.13 0.32 0.33 0.34 0.4  0.49 0.59 0.6
 0.61 0.7  0.81 0.85 0.87 0.9  0.99 1.07 1.12 1.34 1.35 1.47 1.52 1.58
 1.61 1.66 1.67 1.72 1.76 2.   2.12 2.23 2.24 2.39 2.41 2.44 2.55 2.69
 2.75 2.92 3.06 3.08 3.17 3.21 3.33 3.55 3.61 3.64 3.81 4.95 5.29 5.46
 6.47]
var: 2.25951271160357
| [0m57       [0m | [0m1.865    [0m | [0m1e-08    [0m | [0m15.57    [0m | [0m0.1338   [0m |
[0.01 0.03 0.06 0.06 0.06 0.06 0.08 0.08 0.08 0.09 0.09 0.11 0.11 0.13
 0.14 0.15 0.15 0.16 0.19 0.21 0.21 0.21 0.25 0.26 0.26 0.31 0.32 0.34
 0.36 0.4  0.4  0.43 0.43 0.43 0.44 0.45 0.47 0.47 0.48 0.48 0.57 0.58
 0.58 0.63 0.64 0.66 0.68 0.76 0.77 0.88 0.91 0.95 1.33 1.63 1.64 1.66]
var: 0.15807448979591868
| [0m58       [0m | [0m0.4343   [0m | [0m0.219    [0m | [0m40.48    [0m | [0m0.6305   [0m |
[0.09 0.11 0.11 0.12 0.12 0.17 0.21 0.22 0.3  0.35 0.35 0.36 0.38 0.38
 0.41 0.41 0.42 0.43 0.44 0.46 0.49 0.5  0.53 0.54 0.6  0.63 0.63 0.64
 0.65 0.66 0.7  0.77 0.77 0.84 0.87 0.94 1.08 1.14 1.19 1.29 1.38 1.53
 1.6  1.61 1.62 1.65 1.73 1.73 1.96 2.21 2.68 3.22 3.29 3.39 3.39 3.67
 4.14]
var: 1.0325944598337946
| [0m59       [0m | [0m1.089    [0m | [0m1e-08    [0m | [0m15.46    [0m | [0m0.04248  [0m |
[0.3  0.42 0.42 0.47 0.51 0.55 0.63 0.65 0.72 0.72 0.77 0.82 0.83 0.86
 0.88 0.88 0.97 1.   1.17 1.17 1.2  1.21 1.33 1.35 1.35 1.36 1.37 1.38
 1.4  1.4  1.47 1.51 1.53 1.53 1.54 1.55 1.57 1.59 1.66 1.68 1.69 1.72
 1.77 1.82 1.84 1.85 1.92 2.02 2.45 2.71 2.78 3.19 3.22 3.32 3.46 3.52
 4.76]
var: 0.8020560172360723
| [0m60       [0m | [0m1.54     [0m | [0m0.1299   [0m | [0m15.49    [0m | [0m0.1327   [0m |
[0.01 0.04 0.08 0.49 0.52 0.56 0.61 0.65 0.66 0.69 0.71 0.72 0.74 0.82
 0.82 0.86 0.96 1.07 1.08 1.16 1.2  1.21 1.21 1.22 1.29 1.33 1.35 1.39
 1.4  1.43 1.46 1.54 1.59 1.67 1.72 1.73 1.87 1.89 1.91 1.96 1.98 2.01
 2.02 2.11 2.25 2.26 2.27 2.38 2.61 2.75 3.24 3.49 5.2 ]
var: 0.8371909576361701
| [0m61       [0m | [0m1.475    [0m | [0m0.04888  [0m | [0m15.57    [0m | [0m0.2785   [0m |
[0.52 0.56 0.61 0.67 0.77 0.86 0.87 0.88 0.95 0.95 0.97 1.01 1.02 1.07
 1.08 1.11 1.13 1.14 1.17 1.23 1.23 1.26 1.36 1.45 1.45 1.46 1.46 1.6
 1.61 1.61 1.66 1.67 1.74 1.75 1.75 1.76 1.85 1.85 1.97 1.99 2.11 2.12
 2.15 2.19 2.31 2.38 2.39 2.43 2.49 2.69 2.75 2.8  2.8  3.24]
var: 0.43026611796982167
| [0m62       [0m | [0m1.591    [0m | [0m0.09362  [0m | [0m15.59    [0m | [0m0.1615   [0m |
[0.02 0.05 0.15 0.29 0.37 0.43 0.43 0.5  0.5  0.52 0.53 0.65 0.65 0.65
 0.7  0.8  0.81 0.81 0.96 1.05 1.1  1.21 1.22 1.26 1.36 1.36 1.39 1.51
 1.56 1.59 1.6  1.62 1.68 1.7  1.71 1.86 1.93 1.94 1.96 2.07 2.09 2.19
 2.41 2.44 2.67 2.81 3.13 3.27 3.32 3.63 3.72 4.42 4.54 6.07 6.28]
var: 1.8916672396694214
| [0m63       [0m | [0m1.736    [0m | [0m1e-08    [0m | [0m23.17    [0m | [0m0.1901   [0m |
[0.3  0.44 0.45 0.46 0.55 0.58 0.6  0.61 0.65 0.7  0.71 0.76 0.81 0.83
 0.84 0.85 0.86 0.87 0.89 0.91 0.93 0.94 0.96 1.04 1.06 1.08 1.18 1.2
 1.24 1.25 1.28 1.32 1.36 1.37 1.39 1.47 1.53 1.56 1.6  1.62 1.63 1.67
 1.69 1.76 1.84 1.93 1.99 2.05 2.22 2.33 2.45 2.69 2.7  2.77 2.78 3.15]
var: 0.4700702806122448
| [0m64       [0m | [0m1.334    [0m | [0m0.1351   [0m | [0m17.55    [0m | [0m0.259    [0m |
[0.   0.   0.01 0.03 0.07 0.07 0.08 0.1  0.12 0.13 0.17 0.17 0.2  0.21
 0.24 0.24 0.26 0.27 0.28 0.38 0.38 0.41 0.42 0.43 0.5  0.53 0.54 0.55
 0.61 0.63 0.65 0.67 0.68 0.71 0.73 0.75 0.75 0.77 0.78 0.78 0.79 0.82
 0.83 0.84 0.84 0.89 0.94 0.98 1.   1.21 1.21 1.22 1.26 1.48 1.66 1.67
 1.82]
var: 0.2006824253616499
| [0m65       [0m | [0m0.6098   [0m | [0m0.137    [0m | [0m18.45    [0m | [0m1.57     [0m |
[0.42 0.6  0.69 0.69 0.74 0.75 0.79 0.85 0.97 1.   1.01 1.01 1.04 1.07
 1.13 1.16 1.22 1.26 1.26 1.28 1.28 1.29 1.38 1.38 1.41 1.58 1.62 1.8
 1.85 1.89 1.89 1.9  1.93 1.95 2.03 2.11 2.35 2.54 2.72 2.83 2.89 2.99
 3.03 3.15 3.22 3.4  3.47 3.56 3.62 3.88 3.97 4.45]
var: 1.0602306213017751
| [0m66       [0m | [0m1.89     [0m | [0m0.009897 [0m | [0m23.32    [0m | [0m0.3322   [0m |
[0.55 0.62 0.63 0.73 0.76 0.8  0.87 0.9  0.96 0.99 0.99 1.   1.07 1.08
 1.1  1.18 1.24 1.27 1.28 1.3  1.32 1.35 1.43 1.51 1.53 1.53 1.6  1.61
 1.67 1.67 1.81 1.82 1.84 1.9  1.91 1.95 1.97 1.97 1.98 2.   2.06 2.23
 2.24 2.4  2.45 2.67 2.71 2.87 3.09 3.42 4.03 4.25 4.68 4.85 4.91 5.02]
var: 1.2866331313775514
| [0m67       [0m | [0m1.921    [0m | [0m0.04607  [0m | [0m15.8     [0m | [0m0.1081   [0m |
[0.   0.   0.   0.01 0.02 0.02 0.03 0.03 0.04 0.04 0.04 0.05 0.06 0.06
 0.06 0.11 0.12 0.12 0.12 0.16 0.16 0.18 0.22 0.23 0.26 0.26 0.27 0.28
 0.32 0.39 0.4  0.41 0.42 0.42 0.42 0.42 0.43 0.47 0.47 0.48 0.48 0.5
 0.5  0.51 0.51 0.51 0.57 0.58 0.58 0.58 0.59 0.61 0.61 0.65 0.72 0.78
 0.78 1.02 1.08 1.14]
var: 0.07887499999999989
| [0m68       [0m | [0m0.355    [0m | [0m0.05056  [0m | [0m38.78    [0m | [0m2.064    [0m |
[0.34 0.5  0.56 0.61 0.61 0.66 0.68 0.69 0.73 0.8  0.83 0.85 0.86 0.92
 0.93 0.98 1.03 1.04 1.08 1.08 1.09 1.09 1.1  1.11 1.11 1.12 1.13 1.19
 1.21 1.22 1.24 1.25 1.25 1.29 1.35 1.36 1.39 1.39 1.45 1.54 1.67 1.68
 1.85 1.93 2.02 2.05 2.23 2.32 2.51 2.52 2.55 2.62 2.78 3.51 4.32]
var: 0.5866203636363635
| [0m69       [0m | [0m1.404    [0m | [0m0.1522   [0m | [0m6.869    [0m | [0m0.1184   [0m |
[0.   0.   0.   0.01 0.01 0.01 0.01 0.02 0.03 0.03 0.04 0.04 0.05 0.05
 0.08 0.08 0.1  0.1  0.1  0.1  0.16 0.18 0.2  0.2  0.2  0.22 0.24 0.24
 0.28 0.29 0.3  0.32 0.32 0.34 0.34 0.35 0.35 0.37 0.41 0.42 0.44 0.45
 0.45 0.49 0.49 0.53 0.54 0.58 0.58 0.58 0.6  0.6  0.63 0.66 0.79 0.84]
var: 0.05147040816326543
| [0m70       [0m | [0m0.2829   [0m | [0m0.255    [0m | [0m27.47    [0m | [0m2.585    [0m |
[0.   0.   0.   0.   0.   0.   0.   0.01 0.02 0.04 0.05 0.05 0.06 0.06
 0.06 0.08 0.1  0.1  0.11 0.12 0.13 0.14 0.15 0.17 0.17 0.18 0.23 0.24
 0.26 0.26 0.27 0.27 0.29 0.3  0.3  0.3  0.31 0.32 0.32 0.33 0.35 0.37
 0.37 0.39 0.4  0.4  0.43 0.47 0.49 0.52 0.53 0.55 0.58 0.68 0.69 0.94
 1.34]
var: 0.0629957525392428
| [0m71       [0m | [0m0.2684   [0m | [0m0.1376   [0m | [0m30.84    [0m | [0m2.964    [0m |
[0.19 0.62 0.66 0.87 0.96 1.03 1.05 1.16 1.16 1.2  1.2  1.21 1.22 1.25
 1.29 1.3  1.34 1.36 1.38 1.39 1.41 1.46 1.48 1.51 1.65 1.68 1.72 1.75
 1.78 1.79 1.8  1.81 1.82 1.86 1.86 1.99 2.01 2.06 2.1  2.16 2.17 2.22
 2.25 2.26 2.3  2.33 2.37 2.39 2.39 2.42 2.6  2.63 2.77 3.11 3.34]
var: 0.3893624462809919
| [0m72       [0m | [0m1.729    [0m | [0m0.09327  [0m | [0m15.8     [0m | [0m0.03225  [0m |
[0.51 0.63 0.63 0.67 0.74 0.75 0.77 0.81 0.9  0.93 1.01 1.07 1.16 1.17
 1.18 1.18 1.19 1.21 1.23 1.3  1.39 1.39 1.42 1.48 1.5  1.52 1.56 1.6
 1.6  1.62 1.65 1.66 1.66 1.74 1.74 1.74 1.82 1.85 1.85 2.04 2.13 2.14
 2.21 2.39 2.45 2.46 2.65 2.67 2.7  2.72 2.8  2.82 2.94 3.09 3.35 3.43]
var: 0.5492253826530612
| [0m73       [0m | [0m1.693    [0m | [0m0.1106   [0m | [0m15.95    [0m | [0m0.1764   [0m |
[0.45 0.57 0.59 0.6  0.6  0.64 0.66 0.66 0.71 0.73 0.74 0.8  0.81 0.92
 0.95 0.96 0.96 0.97 0.97 0.99 1.01 1.02 1.1  1.1  1.11 1.19 1.28 1.33
 1.37 1.52 1.52 1.53 1.63 1.65 1.78 1.79 1.84 1.85 1.86 1.91 1.92 1.93
 2.05 2.16 2.2  2.27 2.49 2.72 2.75 2.8  3.94 4.02 4.63 4.75]
var: 0.9901406035665293
| [0m74       [0m | [0m1.58     [0m | [0m0.07628  [0m | [0m15.8     [0m | [0m0.2358   [0m |
[0.   0.02 0.03 0.04 0.05 0.1  0.12 0.18 0.21 0.27 0.33 0.33 0.42 0.45
 0.48 0.49 0.51 0.53 0.54 0.55 0.57 0.65 0.69 0.77 0.78 0.85 0.87 0.94
 0.97 1.03 1.04 1.13 1.24 1.26 1.26 1.31 1.38 1.5  1.78 1.85 1.85 1.86
 1.96 2.03 2.28 2.57 2.61 2.8  3.07 3.07 3.59 3.62 4.16 4.48 4.71]
var: 1.4487235041322322
| [0m75       [0m | [0m1.312    [0m | [0m1e-08    [0m | [0m15.95    [0m | [0m0.04172  [0m |
[0.41 0.49 0.53 0.54 0.55 0.58 0.59 0.63 0.63 0.8  0.9  0.92 0.93 1.05
 1.17 1.17 1.2  1.29 1.32 1.36 1.38 1.42 1.43 1.43 1.43 1.48 1.49 1.52
 1.53 1.54 1.59 1.76 1.76 1.81 1.83 1.85 1.89 1.9  1.92 1.92 1.93 2.15
 2.27 2.27 2.3  2.33 2.4  2.48 2.49 2.5  3.14 3.35]
var: 0.4690826553254434
| [0m76       [0m | [0m1.53     [0m | [0m0.2593   [0m | [0m15.85    [0m | [0m0.1227   [0m |
[0.07 0.09 0.09 0.19 0.2  0.22 0.24 0.26 0.29 0.32 0.35 0.39 0.46 0.53
 0.54 0.54 0.57 0.59 0.64 0.66 0.74 0.76 0.76 0.77 0.78 0.81 0.84 0.86
 0.88 0.88 0.89 0.96 0.99 1.01 1.01 1.02 1.03 1.06 1.09 1.09 1.13 1.15
 1.2  1.23 1.24 1.4  1.4  1.42 1.5  1.75 1.77 2.22 2.71 2.87 2.88]
var: 0.4103098842975205
| [0m77       [0m | [0m0.9335   [0m | [0m0.1735   [0m | [0m16.12    [0m | [0m0.3413   [0m |
[0.   0.   0.   0.16 0.16 0.24 0.27 0.31 0.32 0.37 0.48 0.52 0.52 0.56
 0.57 0.6  0.6  0.61 0.62 0.71 0.74 0.74 0.75 0.87 0.89 0.9  0.9  0.91
 0.92 0.93 0.94 0.96 1.03 1.05 1.06 1.08 1.08 1.09 1.15 1.17 1.18 1.33
 1.39 1.5  1.6  1.63 1.64 1.74 1.74 1.77 1.96 2.29 2.4  2.44 2.52 2.58
 2.67 3.01 3.64]
var: 0.6246553289284681
| [0m78       [0m | [0m1.115    [0m | [0m1e-08    [0m | [0m37.42    [0m | [0m0.5982   [0m |
[0.   0.   0.08 0.09 0.1  0.1  0.12 0.24 0.29 0.29 0.36 0.37 0.5  0.53
 0.55 0.58 0.61 0.62 0.64 0.65 0.72 0.74 0.75 0.8  0.84 0.92 0.96 0.99
 1.01 1.07 1.1  1.13 1.16 1.25 1.37 1.44 1.62 1.74 1.83 1.87 1.87 1.93
 1.93 1.97 2.05 2.19 2.2  2.31 2.89 2.95 3.1  3.28 3.44 3.6  4.52 5.22
 5.71 6.25]
var: 2.013294173602854
| [0m79       [0m | [0m1.508    [0m | [0m1e-08    [0m | [0m22.99    [0m | [0m0.2978   [0m |
[0.   0.02 0.04 0.07 0.12 0.13 0.15 0.17 0.21 0.25 0.26 0.28 0.3  0.3
 0.3  0.3  0.31 0.34 0.35 0.4  0.41 0.43 0.43 0.45 0.49 0.54 0.55 0.56
 0.61 0.63 0.63 0.65 0.67 0.68 0.71 0.72 0.73 0.73 0.75 0.8  0.81 0.82
 0.83 0.84 0.87 0.9  0.94 1.08 1.18 1.24 1.29 1.3  1.3  1.34 1.45 1.45
 1.58]
var: 0.16384475223145586
| [0m80       [0m | [0m0.6261   [0m | [0m0.2902   [0m | [0m5.781    [0m | [0m2.202    [0m |
=============================================================
None
num_trials:  40  inits,  40  iters,  60  per
rho:  0.1
pthin:  0.70

Best VPT: 2.0241818181818187
Best result: {'a': 0.010154411498010628, 'g': 15.475375824301164, 's': 0.15395637734361856}

KERNEL: nu=1.5, lengthscale=2.0, alpha=0.0005
