|   iter    |  target   |     a     |     g     |     s     |
-------------------------------------------------------------
[0.   0.01 0.02 0.02 0.02 0.03 0.03 0.04 0.04 0.05 0.07 0.07 0.09 0.1
 0.12 0.14 0.14 0.14 0.15 0.2  0.2  0.2  0.22 0.25 0.26 0.28 0.28 0.32
 0.32 0.35 0.36 0.36 0.36 0.37 0.37 0.39 0.4  0.4  0.41 0.41 0.42 0.43
 0.44 0.44 0.47 0.49 0.51 0.52 0.53 0.56 0.57 0.59 0.61 0.67 0.69 0.81
 1.06 1.13 1.32 1.38]
var: 0.09327141666666676
| [0m1        [0m | [0m0.3605   [0m | [0m0.1676   [0m | [0m19.27    [0m | [0m2.513    [0m |
[0.   0.   0.01 0.01 0.01 0.01 0.02 0.03 0.04 0.04 0.05 0.05 0.06 0.06
 0.07 0.07 0.08 0.1  0.13 0.13 0.13 0.17 0.19 0.23 0.23 0.23 0.26 0.26
 0.28 0.29 0.29 0.3  0.32 0.34 0.34 0.36 0.36 0.37 0.37 0.39 0.4  0.4
 0.4  0.4  0.41 0.42 0.42 0.47 0.54 0.57 0.57 0.57 0.57 0.57 0.6  0.64
 0.65 0.76 0.9  0.92]
var: 0.053597888888888744
| [0m2        [0m | [0m0.2977   [0m | [0m0.2228   [0m | [0m35.82    [0m | [0m1.875    [0m |
[0.   0.   0.   0.   0.   0.   0.   0.   0.   0.   0.   0.   0.   0.
 0.   0.   0.   0.   0.   0.   0.   0.   0.   0.   0.   0.   0.   0.01
 0.01 0.01 0.01 0.02 0.02 0.02 0.02 0.03 0.03 0.03 0.04 0.04 0.04 0.04
 0.04 0.04 0.05 0.05 0.05 0.06 0.06 0.06 0.06 0.06 0.06 0.06 0.11 0.11
 0.12 0.12 0.13 0.15]
var: 0.0014628888888888983
| [0m3        [0m | [0m0.02933  [0m | [0m0.2368   [0m | [0m28.27    [0m | [0m0.001757 [0m |
[0.5  0.59 0.62 0.63 0.66 0.66 0.68 0.7  0.71 0.78 0.86 0.89 0.94 0.98
 1.03 1.03 1.04 1.06 1.1  1.17 1.21 1.27 1.27 1.3  1.32 1.35 1.36 1.42
 1.47 1.49 1.49 1.5  1.6  1.61 1.61 1.68 1.7  1.71 1.72 1.75 1.76 1.86
 1.87 1.96 1.96 1.97 2.01 2.11 2.16 2.18 2.2  2.33 2.36 2.42 2.43 2.59
 2.59 2.66 3.32 4.15]
var: 0.5048076388888885
| [95m4        [0m | [95m1.556    [0m | [95m0.1778   [0m | [95m17.52    [0m | [95m0.09453  [0m |
[0.04 0.05 0.07 0.09 0.09 0.12 0.12 0.12 0.14 0.15 0.17 0.18 0.18 0.19
 0.2  0.22 0.24 0.25 0.25 0.29 0.3  0.33 0.34 0.34 0.35 0.37 0.39 0.4
 0.4  0.42 0.42 0.45 0.46 0.47 0.48 0.5  0.5  0.5  0.51 0.52 0.53 0.54
 0.57 0.57 0.58 0.59 0.59 0.66 0.71 0.71 0.8  0.84 0.87 0.89 0.95 0.97
 1.06 1.08 1.11 1.13]
var: 0.08358733333333346
| [0m5        [0m | [0m0.456    [0m | [0m0.2783   [0m | [0m4.48     [0m | [0m1.698    [0m |
[0.   0.   0.   0.   0.   0.   0.   0.01 0.02 0.02 0.04 0.06 0.06 0.06
 0.06 0.08 0.08 0.08 0.08 0.1  0.11 0.12 0.13 0.13 0.14 0.15 0.16 0.19
 0.19 0.19 0.2  0.24 0.25 0.26 0.26 0.27 0.3  0.3  0.31 0.33 0.33 0.37
 0.38 0.41 0.43 0.43 0.43 0.44 0.44 0.46 0.47 0.48 0.48 0.53 0.59 0.65
 0.66 0.69 0.75 0.93]
var: 0.04848808333333336
| [0m6        [0m | [0m0.2555   [0m | [0m0.06019  [0m | [0m45.29    [0m | [0m2.076    [0m |
[0.   0.01 0.02 0.04 0.07 0.1  0.1  0.11 0.14 0.14 0.16 0.17 0.19 0.2
 0.2  0.21 0.22 0.23 0.24 0.25 0.25 0.3  0.34 0.34 0.35 0.41 0.42 0.42
 0.44 0.46 0.46 0.47 0.5  0.51 0.52 0.59 0.6  0.61 0.63 0.64 0.69 0.72
 0.74 0.76 0.78 0.82 0.84 0.85 0.87 0.92 1.02 1.05 1.19 1.25 1.3  1.35
 1.37 2.03 2.15 2.6 ]
var: 0.27756288888888864
| [0m7        [0m | [0m0.5893   [0m | [0m0.1532   [0m | [0m26.1     [0m | [0m1.25     [0m |
[0.   0.   0.   0.01 0.02 0.02 0.05 0.06 0.07 0.08 0.08 0.12 0.12 0.12
 0.12 0.12 0.13 0.14 0.16 0.17 0.17 0.19 0.19 0.2  0.21 0.21 0.23 0.25
 0.25 0.26 0.27 0.27 0.29 0.29 0.29 0.32 0.33 0.34 0.35 0.39 0.4  0.42
 0.43 0.43 0.44 0.46 0.47 0.49 0.53 0.59 0.59 0.61 0.61 0.73 0.76 0.91
 1.06 1.15 1.42 2.  ]
var: 0.12885608333333348
| [0m8        [0m | [0m0.3565   [0m | [0m0.2228   [0m | [0m30.74    [0m | [0m2.889    [0m |
[0.   0.   0.01 0.01 0.01 0.03 0.04 0.04 0.05 0.05 0.08 0.08 0.09 0.09
 0.1  0.12 0.17 0.17 0.17 0.21 0.21 0.22 0.22 0.26 0.29 0.33 0.36 0.36
 0.36 0.37 0.39 0.39 0.4  0.42 0.44 0.44 0.44 0.47 0.5  0.51 0.51 0.52
 0.54 0.54 0.6  0.62 0.65 0.69 0.7  0.74 0.74 0.76 0.85 0.94 0.97 0.99
 1.06 1.22 1.28 1.51]
var: 0.12261363888888879
| [0m9        [0m | [0m0.4222   [0m | [0m0.2166   [0m | [0m42.1     [0m | [0m1.075    [0m |
[0.   0.02 0.03 0.04 0.04 0.05 0.08 0.09 0.1  0.11 0.11 0.13 0.14 0.15
 0.16 0.16 0.16 0.17 0.2  0.28 0.29 0.3  0.31 0.32 0.34 0.35 0.35 0.37
 0.41 0.41 0.43 0.44 0.45 0.46 0.46 0.46 0.47 0.48 0.48 0.57 0.62 0.63
 0.64 0.68 0.68 0.69 0.7  0.73 0.76 0.78 0.82 0.85 0.85 0.87 0.95 0.98
 1.   1.21 1.41 1.59]
var: 0.12326275000000007
| [0m10       [0m | [0m0.4635   [0m | [0m0.2771   [0m | [0m21.38    [0m | [0m2.175    [0m |
[0.02 0.03 0.04 0.05 0.06 0.06 0.06 0.08 0.09 0.1  0.12 0.13 0.17 0.17
 0.19 0.2  0.21 0.22 0.22 0.22 0.24 0.31 0.33 0.37 0.38 0.39 0.39 0.42
 0.44 0.45 0.47 0.51 0.55 0.55 0.55 0.57 0.59 0.6  0.62 0.64 0.64 0.7
 0.71 0.71 0.71 0.74 0.77 0.78 0.8  0.89 0.9  0.96 0.98 1.08 1.08 1.09
 1.11 1.3  1.38 1.47]
var: 0.1368049722222223
| [0m11       [0m | [0m0.5102   [0m | [0m0.03295  [0m | [0m3.943    [0m | [0m2.066    [0m |
[0.   0.03 0.04 0.05 0.07 0.08 0.09 0.09 0.09 0.09 0.09 0.11 0.11 0.13
 0.14 0.14 0.15 0.15 0.16 0.18 0.18 0.19 0.2  0.2  0.21 0.21 0.21 0.21
 0.22 0.22 0.25 0.25 0.29 0.31 0.31 0.33 0.34 0.34 0.36 0.36 0.36 0.38
 0.39 0.39 0.4  0.43 0.44 0.45 0.45 0.46 0.47 0.47 0.48 0.52 0.57 0.57
 0.62 0.8  0.85 1.05]
var: 0.04330475000000008
| [0m12       [0m | [0m0.2955   [0m | [0m0.02136  [0m | [0m48.12    [0m | [0m1.8      [0m |
[0.02 0.02 0.02 0.03 0.03 0.03 0.08 0.09 0.11 0.15 0.17 0.2  0.26 0.27
 0.28 0.29 0.29 0.3  0.3  0.33 0.34 0.36 0.37 0.39 0.39 0.4  0.4  0.42
 0.43 0.44 0.45 0.45 0.5  0.5  0.5  0.51 0.52 0.53 0.55 0.59 0.62 0.63
 0.65 0.74 0.79 0.79 0.81 0.82 0.83 0.86 0.9  0.99 1.05 1.07 1.19 1.24
 1.56 1.7  2.05 4.92]
var: 0.4871315555555558
| [0m13       [0m | [0m0.6087   [0m | [0m0.1139   [0m | [0m29.89    [0m | [0m1.446    [0m |
[0.01 0.03 0.04 0.04 0.05 0.07 0.08 0.09 0.1  0.14 0.16 0.18 0.19 0.23
 0.24 0.25 0.28 0.33 0.34 0.36 0.36 0.36 0.37 0.37 0.4  0.41 0.41 0.44
 0.45 0.45 0.47 0.49 0.49 0.58 0.59 0.6  0.61 0.62 0.62 0.67 0.67 0.76
 0.8  0.81 0.87 0.88 0.88 0.92 0.95 1.02 1.03 1.2  1.24 1.27 1.32 1.48
 1.53 1.69 2.6  3.63]
var: 0.3854060000000005
| [0m14       [0m | [0m0.642    [0m | [0m0.2786   [0m | [0m9.612    [0m | [0m1.71     [0m |
[0.57 0.98 0.98 1.06 1.06 1.06 1.08 1.15 1.27 1.41 1.47 1.48 1.48 1.51
 1.51 1.56 1.59 1.63 1.63 1.68 1.68 1.69 1.72 1.73 1.79 1.8  1.82 1.85
 1.88 1.89 1.91 1.92 1.93 1.94 1.98 2.04 2.08 2.12 2.16 2.2  2.26 2.28
 2.3  2.31 2.34 2.36 2.39 2.39 2.41 2.44 2.45 2.5  2.54 2.6  2.63 2.64
 2.78 2.85 2.86 2.96]
var: 0.2924865555555553
| [95m15       [0m | [95m1.91     [0m | [95m0.06267  [0m | [95m39.62    [0m | [95m0.03796  [0m |
[0.02 0.05 0.07 0.08 0.12 0.22 0.23 0.24 0.25 0.27 0.28 0.35 0.37 0.38
 0.39 0.39 0.4  0.41 0.43 0.43 0.47 0.47 0.48 0.51 0.53 0.53 0.53 0.54
 0.58 0.63 0.63 0.64 0.7  0.72 0.74 0.82 0.83 0.89 0.93 0.95 0.96 1.01
 1.02 1.13 1.14 1.15 1.17 1.17 1.17 1.29 1.31 1.34 1.37 1.38 1.47 1.6
 1.84 2.05 2.15 2.76]
var: 0.30998433333333336
| [0m16       [0m | [0m0.783    [0m | [0m0.1099   [0m | [0m36.65    [0m | [0m0.4762   [0m |
[0.04 0.04 0.05 0.05 0.05 0.07 0.09 0.12 0.14 0.14 0.16 0.16 0.16 0.18
 0.18 0.21 0.26 0.28 0.29 0.29 0.35 0.37 0.37 0.37 0.4  0.43 0.44 0.45
 0.46 0.47 0.49 0.49 0.49 0.5  0.5  0.5  0.53 0.58 0.6  0.61 0.63 0.64
 0.69 0.77 0.79 0.79 0.81 0.81 0.85 0.92 1.02 1.05 1.27 1.27 1.29 1.48
 1.67 2.02 2.04 3.15]
var: 0.32165488888888905
| [0m17       [0m | [0m0.6053   [0m | [0m0.2522   [0m | [0m18.08    [0m | [0m1.661    [0m |
[0.01 0.05 0.07 0.08 0.08 0.09 0.1  0.11 0.14 0.15 0.16 0.17 0.18 0.18
 0.2  0.22 0.22 0.23 0.23 0.24 0.27 0.27 0.28 0.3  0.33 0.34 0.34 0.35
 0.37 0.38 0.38 0.41 0.42 0.42 0.42 0.44 0.44 0.44 0.45 0.46 0.47 0.47
 0.48 0.51 0.52 0.53 0.56 0.64 0.64 0.68 0.72 0.79 0.79 1.04 1.12 1.22
 1.28 1.31 1.34 1.34]
var: 0.11648363888888882
| [0m18       [0m | [0m0.4478   [0m | [0m0.1984   [0m | [0m2.927    [0m | [0m1.873    [0m |
[0.   0.   0.   0.   0.01 0.02 0.02 0.05 0.06 0.06 0.07 0.07 0.07 0.08
 0.1  0.12 0.14 0.15 0.16 0.18 0.19 0.2  0.21 0.21 0.23 0.24 0.24 0.25
 0.27 0.28 0.28 0.29 0.29 0.31 0.33 0.37 0.38 0.38 0.4  0.43 0.43 0.44
 0.45 0.46 0.48 0.48 0.49 0.57 0.63 0.63 0.64 0.64 0.72 0.76 0.78 0.82
 0.83 0.96 1.03 1.92]
var: 0.10881833333333332
| [0m19       [0m | [0m0.355    [0m | [0m0.2558   [0m | [0m38.5     [0m | [0m1.189    [0m |
[0.   0.01 0.04 0.07 0.07 0.08 0.09 0.1  0.11 0.11 0.11 0.11 0.16 0.17
 0.18 0.18 0.19 0.19 0.19 0.21 0.22 0.22 0.24 0.24 0.24 0.26 0.29 0.3
 0.31 0.32 0.33 0.34 0.35 0.35 0.37 0.38 0.4  0.41 0.41 0.52 0.53 0.56
 0.57 0.63 0.64 0.68 0.71 0.71 0.71 0.73 0.74 0.76 0.77 0.8  0.94 1.07
 1.12 1.24 1.46 2.11]
var: 0.15011763888888902
| [0m20       [0m | [0m0.4392   [0m | [0m0.2625   [0m | [0m4.058    [0m | [0m2.842    [0m |
[0.01 0.03 0.06 0.07 0.09 0.1  0.1  0.13 0.14 0.16 0.17 0.17 0.18 0.24
 0.25 0.26 0.27 0.27 0.28 0.33 0.33 0.34 0.34 0.34 0.35 0.35 0.36 0.38
 0.38 0.39 0.39 0.4  0.42 0.43 0.44 0.45 0.48 0.5  0.51 0.51 0.55 0.57
 0.59 0.59 0.63 0.65 0.68 0.69 0.7  0.71 0.71 0.73 0.75 0.76 0.77 0.89
 0.93 1.06 1.18 1.22]
var: 0.0770673333333332
| [0m21       [0m | [0m0.446    [0m | [0m0.268    [0m | [0m20.65    [0m | [0m2.028    [0m |
[0.   0.   0.01 0.01 0.01 0.03 0.04 0.07 0.07 0.11 0.13 0.14 0.14 0.14
 0.14 0.15 0.16 0.16 0.17 0.2  0.2  0.2  0.2  0.21 0.21 0.21 0.22 0.23
 0.23 0.23 0.25 0.25 0.25 0.25 0.29 0.29 0.31 0.31 0.32 0.32 0.35 0.35
 0.35 0.36 0.36 0.37 0.38 0.38 0.38 0.39 0.41 0.43 0.43 0.46 0.49 0.59
 0.6  0.64 0.66 0.69]
var: 0.027928083333333447
| [0m22       [0m | [0m0.2655   [0m | [0m0.1377   [0m | [0m26.42    [0m | [0m2.443    [0m |
[0.01 0.03 0.05 0.05 0.05 0.08 0.17 0.19 0.21 0.23 0.24 0.25 0.28 0.3
 0.34 0.35 0.37 0.39 0.4  0.43 0.44 0.47 0.48 0.5  0.5  0.5  0.53 0.56
 0.57 0.58 0.58 0.59 0.6  0.63 0.65 0.67 0.68 0.7  0.73 0.73 0.77 0.8
 0.92 0.93 0.94 1.06 1.08 1.16 1.17 1.23 1.25 1.32 1.34 1.47 1.47 1.56
 1.83 2.11 2.3  2.72]
var: 0.3235678888888887
| [0m23       [0m | [0m0.7257   [0m | [0m0.112    [0m | [0m19.01    [0m | [0m0.6433   [0m |
[0.   0.01 0.02 0.04 0.05 0.05 0.07 0.13 0.13 0.14 0.17 0.22 0.24 0.3
 0.31 0.31 0.31 0.33 0.39 0.4  0.4  0.4  0.42 0.48 0.48 0.5  0.51 0.54
 0.55 0.57 0.59 0.6  0.61 0.62 0.67 0.68 0.7  0.71 0.75 0.76 0.78 0.79
 0.8  0.81 0.81 0.83 0.84 0.88 0.92 0.94 0.98 1.   1.04 1.23 1.24 1.29
 1.3  1.52 2.37 2.57]
var: 0.24608166666666653
| [0m24       [0m | [0m0.635    [0m | [0m0.2994   [0m | [0m22.04    [0m | [0m1.463    [0m |
[0.   0.   0.   0.   0.   0.   0.01 0.02 0.02 0.03 0.03 0.03 0.03 0.03
 0.03 0.03 0.03 0.06 0.07 0.07 0.08 0.09 0.11 0.12 0.13 0.13 0.15 0.17
 0.18 0.18 0.2  0.2  0.24 0.24 0.25 0.25 0.3  0.3  0.3  0.32 0.33 0.4
 0.41 0.42 0.44 0.48 0.48 0.48 0.49 0.51 0.51 0.51 0.51 0.53 0.53 0.55
 0.61 0.64 1.03 1.04]
var: 0.0592580833333333
| [0m25       [0m | [0m0.2555   [0m | [0m0.06989  [0m | [0m42.08    [0m | [0m2.056    [0m |
[0.02 0.02 0.03 0.03 0.04 0.07 0.09 0.1  0.11 0.12 0.13 0.13 0.17 0.18
 0.28 0.29 0.35 0.35 0.35 0.35 0.37 0.37 0.38 0.41 0.45 0.45 0.47 0.48
 0.55 0.56 0.56 0.56 0.58 0.59 0.61 0.65 0.65 0.65 0.66 0.67 0.68 0.7
 0.79 0.81 0.82 0.84 0.85 0.86 0.87 0.88 0.9  0.91 0.93 0.93 1.   1.02
 1.04 1.34 1.36 1.45]
var: 0.12568455555555552
| [0m26       [0m | [0m0.5477   [0m | [0m0.2445   [0m | [0m40.71    [0m | [0m0.506    [0m |
[0.06 0.06 0.07 0.09 0.09 0.1  0.11 0.15 0.15 0.17 0.17 0.19 0.19 0.19
 0.19 0.2  0.2  0.27 0.3  0.31 0.32 0.36 0.36 0.38 0.39 0.42 0.43 0.44
 0.48 0.51 0.51 0.52 0.53 0.58 0.59 0.59 0.6  0.6  0.61 0.62 0.63 0.65
 0.66 0.69 0.77 0.78 0.79 0.79 0.8  0.82 0.87 1.07 1.1  1.12 1.22 1.3
 1.38 1.45 1.81 2.34]
var: 0.20051900000000028
| [0m27       [0m | [0m0.569    [0m | [0m0.1824   [0m | [0m12.83    [0m | [0m2.184    [0m |
[0.03 0.04 0.06 0.08 0.08 0.12 0.14 0.15 0.18 0.2  0.2  0.21 0.22 0.24
 0.24 0.27 0.28 0.29 0.31 0.31 0.32 0.34 0.37 0.43 0.43 0.44 0.45 0.49
 0.49 0.52 0.53 0.58 0.59 0.59 0.61 0.63 0.66 0.69 0.71 0.81 0.82 0.84
 0.89 0.91 0.96 0.96 0.98 1.   1.01 1.02 1.09 1.11 1.15 1.15 1.2  1.41
 1.47 1.59 1.61 2.66]
var: 0.23819066666666705
| [0m28       [0m | [0m0.636    [0m | [0m0.2802   [0m | [0m35.43    [0m | [0m0.4205   [0m |
[0.03 0.1  0.11 0.15 0.16 0.16 0.17 0.18 0.18 0.18 0.19 0.19 0.19 0.2
 0.2  0.23 0.25 0.29 0.29 0.29 0.3  0.35 0.36 0.37 0.37 0.38 0.4  0.41
 0.42 0.45 0.45 0.48 0.49 0.57 0.58 0.58 0.58 0.58 0.58 0.6  0.66 0.7
 0.71 0.74 0.74 0.77 0.78 0.79 0.83 0.87 0.89 0.96 1.01 1.01 1.08 1.37
 1.56 1.56 1.73 1.81]
var: 0.16980497222222232
| [0m29       [0m | [0m0.5602   [0m | [0m0.05401  [0m | [0m7.803    [0m | [0m2.461    [0m |
[0.09 0.15 0.16 0.33 0.36 0.43 0.43 0.43 0.5  0.53 0.57 0.58 0.58 0.6
 0.61 0.65 0.73 0.75 0.78 0.82 0.84 0.86 0.88 0.89 0.91 0.92 0.96 0.97
 0.99 1.05 1.08 1.1  1.11 1.15 1.16 1.17 1.21 1.22 1.39 1.42 1.42 1.43
 1.44 1.51 1.54 1.75 1.9  1.93 2.05 2.22 2.26 2.39 2.45 2.51 2.56 2.61
 2.9  3.22 4.19 5.92]
var: 1.0295639999999995
| [0m30       [0m | [0m1.326    [0m | [0m0.0592   [0m | [0m43.47    [0m | [0m0.3672   [0m |
[0.   0.   0.   0.   0.   0.   0.01 0.01 0.02 0.02 0.03 0.03 0.04 0.04
 0.05 0.06 0.07 0.07 0.07 0.08 0.09 0.09 0.1  0.1  0.11 0.11 0.12 0.14
 0.15 0.16 0.18 0.18 0.18 0.18 0.22 0.24 0.24 0.25 0.27 0.27 0.29 0.31
 0.32 0.33 0.33 0.34 0.37 0.38 0.38 0.41 0.41 0.41 0.43 0.45 0.47 0.48
 0.48 0.49 0.79 0.93]
var: 0.03832100000000011
| [0m31       [0m | [0m0.213    [0m | [0m0.05221  [0m | [0m48.17    [0m | [0m2.044    [0m |
[0.   0.   0.   0.01 0.01 0.02 0.04 0.04 0.06 0.07 0.1  0.1  0.13 0.14
 0.15 0.16 0.16 0.17 0.19 0.19 0.2  0.2  0.22 0.26 0.28 0.29 0.29 0.29
 0.3  0.32 0.33 0.35 0.37 0.37 0.39 0.4  0.4  0.41 0.41 0.44 0.45 0.46
 0.47 0.48 0.5  0.52 0.53 0.54 0.54 0.57 0.6  0.61 0.62 0.69 0.78 1.02
 1.08 1.21 1.71 1.89]
var: 0.13641697222222227
| [0m32       [0m | [0m0.3922   [0m | [0m0.2183   [0m | [0m47.09    [0m | [0m1.089    [0m |
[0.58 0.61 0.77 0.82 0.84 0.85 0.89 1.06 1.1  1.13 1.22 1.29 1.33 1.35
 1.35 1.42 1.44 1.51 1.52 1.54 1.56 1.57 1.58 1.62 1.64 1.67 1.67 1.76
 1.8  1.85 1.87 1.91 1.91 2.05 2.07 2.12 2.14 2.14 2.24 2.28 2.28 2.33
 2.34 2.35 2.37 2.42 2.48 2.58 2.6  2.62 2.63 2.65 2.82 2.82 3.07 3.59
 3.6  3.85 3.93 4.64]
var: 0.7139995555555557
| [95m33       [0m | [95m1.967    [0m | [95m0.03425  [0m | [95m25.76    [0m | [95m0.1158   [0m |
[0.   0.09 0.1  0.13 0.16 0.17 0.2  0.21 0.26 0.27 0.29 0.31 0.33 0.39
 0.4  0.43 0.43 0.44 0.46 0.48 0.49 0.5  0.5  0.51 0.51 0.53 0.53 0.53
 0.54 0.55 0.57 0.58 0.58 0.61 0.62 0.63 0.65 0.65 0.7  0.71 0.76 0.76
 0.77 0.78 0.82 0.83 0.9  0.92 0.94 1.   1.04 1.11 1.19 1.38 1.41 1.61
 1.66 1.88 2.45 2.87]
var: 0.2840226666666666
| [0m34       [0m | [0m0.702    [0m | [0m0.09507  [0m | [0m43.96    [0m | [0m0.5117   [0m |
[0.   0.   0.02 0.02 0.03 0.05 0.08 0.11 0.11 0.18 0.21 0.22 0.28 0.28
 0.31 0.33 0.39 0.39 0.4  0.41 0.41 0.41 0.42 0.44 0.47 0.49 0.51 0.52
 0.53 0.55 0.58 0.58 0.61 0.63 0.64 0.65 0.66 0.66 0.7  0.73 0.74 0.75
 0.75 0.87 0.88 0.89 0.9  0.91 0.91 0.94 0.96 1.03 1.03 1.08 1.17 1.28
 1.37 1.41 1.85 2.29]
var: 0.1976009999999999
| [0m35       [0m | [0m0.617    [0m | [0m0.1527   [0m | [0m16.36    [0m | [0m1.551    [0m |
[0.   0.   0.   0.01 0.01 0.04 0.05 0.05 0.06 0.07 0.08 0.13 0.14 0.16
 0.17 0.18 0.19 0.2  0.24 0.24 0.24 0.25 0.26 0.27 0.27 0.27 0.28 0.29
 0.31 0.32 0.32 0.33 0.38 0.43 0.43 0.44 0.45 0.46 0.47 0.48 0.5  0.52
 0.53 0.54 0.56 0.56 0.59 0.59 0.61 0.63 0.63 0.68 0.76 0.9  0.91 1.03
 1.25 1.3  1.7  1.77]
var: 0.14369808333333367
| [0m36       [0m | [0m0.4255   [0m | [0m0.2142   [0m | [0m18.4     [0m | [0m2.618    [0m |
[0.   0.   0.03 0.04 0.05 0.07 0.07 0.09 0.1  0.14 0.16 0.18 0.19 0.2
 0.2  0.2  0.2  0.21 0.25 0.25 0.26 0.27 0.27 0.27 0.28 0.29 0.29 0.32
 0.34 0.36 0.39 0.41 0.42 0.42 0.44 0.45 0.47 0.49 0.5  0.5  0.5  0.52
 0.54 0.56 0.57 0.61 0.63 0.72 0.74 0.75 0.77 0.78 0.79 0.89 1.02 1.22
 1.22 1.28 1.82 1.95]
var: 0.16003763888888883
| [0m37       [0m | [0m0.4658   [0m | [0m0.008404 [0m | [0m15.91    [0m | [0m2.176    [0m |
[0.   0.02 0.03 0.04 0.04 0.05 0.05 0.06 0.06 0.07 0.07 0.08 0.08 0.1
 0.14 0.14 0.14 0.16 0.17 0.18 0.18 0.18 0.19 0.2  0.2  0.22 0.24 0.25
 0.26 0.28 0.31 0.31 0.35 0.38 0.39 0.41 0.44 0.46 0.48 0.48 0.5  0.5
 0.5  0.57 0.59 0.6  0.6  0.61 0.62 0.74 0.79 0.81 0.81 0.84 0.85 0.91
 0.96 1.11 1.21 1.34]
var: 0.10502763888888901
| [0m38       [0m | [0m0.3892   [0m | [0m0.1615   [0m | [0m31.35    [0m | [0m1.83     [0m |
[0.   0.   0.   0.   0.04 0.04 0.04 0.05 0.06 0.13 0.17 0.19 0.2  0.3
 0.34 0.39 0.43 0.44 0.46 0.47 0.48 0.49 0.5  0.5  0.52 0.53 0.53 0.54
 0.55 0.59 0.61 0.62 0.63 0.63 0.65 0.65 0.67 0.71 0.72 0.76 0.76 0.77
 0.83 0.84 0.88 0.9  0.91 0.94 1.03 1.04 1.06 1.06 1.12 1.15 1.45 1.51
 1.63 1.65 2.04 2.33]
var: 0.24378697222222187
| [0m39       [0m | [0m0.6588   [0m | [0m0.1168   [0m | [0m15.39    [0m | [0m1.121    [0m |
[0.   0.01 0.02 0.02 0.04 0.08 0.08 0.08 0.08 0.09 0.09 0.1  0.1  0.11
 0.11 0.11 0.11 0.11 0.12 0.12 0.13 0.14 0.19 0.22 0.22 0.24 0.25 0.31
 0.32 0.35 0.36 0.38 0.4  0.42 0.44 0.47 0.48 0.5  0.52 0.54 0.54 0.54
 0.56 0.61 0.65 0.66 0.67 0.68 0.77 0.78 0.83 0.84 0.9  0.97 0.98 1.09
 1.19 1.28 1.28 1.39]
var: 0.13345697222222244
| [0m40       [0m | [0m0.4278   [0m | [0m0.1594   [0m | [0m22.22    [0m | [0m2.395    [0m |
[0.34 0.39 0.48 0.58 0.62 0.65 0.71 0.79 0.81 0.82 0.86 1.1  1.15 1.17
 1.21 1.24 1.29 1.3  1.33 1.33 1.36 1.38 1.4  1.42 1.43 1.44 1.46 1.48
 1.55 1.58 1.61 1.7  1.71 1.72 1.73 1.76 1.77 1.79 1.79 1.86 1.86 1.87
 1.9  1.95 1.96 2.02 2.07 2.12 2.27 2.3  2.3  2.41 2.42 2.45 2.52 2.54
 2.59 2.74 2.78 3.01]
var: 0.40376830555555593
| [0m41       [0m | [0m1.603    [0m | [0m0.11     [0m | [0m25.49    [0m | [0m0.09152  [0m |
[0.   0.   0.   0.   0.   0.   0.   0.   0.   0.   0.   0.   0.   0.
 0.   0.   0.   0.   0.   0.   0.   0.   0.   0.   0.01 0.01 0.01 0.01
 0.01 0.01 0.01 0.01 0.02 0.03 0.03 0.03 0.03 0.04 0.04 0.04 0.04 0.04
 0.05 0.05 0.05 0.05 0.05 0.05 0.06 0.06 0.06 0.06 0.07 0.07 0.09 0.09
 0.12 0.12 0.13 0.24]
var: 0.0018660833333333877
| [0m42       [0m | [0m0.0315   [0m | [0m0.2265   [0m | [0m26.0     [0m | [0m0.001    [0m |
[0.   0.   0.   0.01 0.03 0.04 0.05 0.08 0.08 0.08 0.09 0.1  0.14 0.15
 0.16 0.17 0.18 0.2  0.2  0.2  0.22 0.24 0.25 0.27 0.28 0.29 0.29 0.3
 0.3  0.3  0.33 0.34 0.34 0.35 0.45 0.47 0.5  0.51 0.52 0.55 0.56 0.58
 0.58 0.6  0.61 0.61 0.65 0.67 0.7  0.73 0.76 0.78 0.79 0.95 0.97 1.1
 1.26 1.34 1.52 2.34]
var: 0.17902622222222245
| [0m43       [0m | [0m0.4527   [0m | [0m0.1468   [0m | [0m20.6     [0m | [0m2.239    [0m |
[0.01 0.01 0.02 0.03 0.03 0.04 0.04 0.04 0.04 0.05 0.05 0.06 0.09 0.1
 0.12 0.14 0.18 0.19 0.2  0.2  0.21 0.23 0.27 0.28 0.28 0.29 0.3  0.31
 0.32 0.33 0.35 0.36 0.36 0.38 0.39 0.4  0.44 0.44 0.45 0.46 0.5  0.51
 0.53 0.54 0.55 0.55 0.59 0.59 0.6  0.67 0.68 0.69 0.69 0.7  0.71 0.74
 0.83 0.97 1.21 1.51]
var: 0.0914443055555554
| [0m44       [0m | [0m0.3808   [0m | [0m0.2828   [0m | [0m22.01    [0m | [0m2.057    [0m |
[0.05 0.05 0.06 0.07 0.08 0.09 0.09 0.1  0.13 0.15 0.19 0.19 0.2  0.2
 0.2  0.21 0.23 0.25 0.25 0.27 0.28 0.3  0.31 0.31 0.34 0.38 0.39 0.44
 0.45 0.47 0.48 0.49 0.49 0.49 0.5  0.5  0.52 0.53 0.53 0.55 0.55 0.56
 0.62 0.64 0.65 0.67 0.69 0.75 0.85 0.89 0.89 0.92 0.96 1.06 1.32 1.33
 1.33 1.43 1.43 1.64]
var: 0.15198941666666618
| [0m45       [0m | [0m0.5165   [0m | [0m0.1609   [0m | [0m8.838    [0m | [0m0.8141   [0m |
[0.58 0.58 0.6  0.63 0.65 0.65 0.75 0.82 0.83 0.87 0.89 0.93 0.93 0.94
 0.95 0.98 1.05 1.09 1.09 1.2  1.2  1.23 1.24 1.28 1.33 1.33 1.36 1.37
 1.41 1.43 1.49 1.51 1.54 1.61 1.65 1.66 1.69 1.7  1.78 1.79 1.79 1.85
 1.88 1.9  1.98 2.01 2.12 2.23 2.34 2.39 2.43 2.46 2.49 2.49 2.51 2.66
 2.76 2.78 3.17 3.9 ]
var: 0.512117638888889
| [0m46       [0m | [0m1.579    [0m | [0m0.0663   [0m | [0m25.67    [0m | [0m0.1128   [0m |
[0.45 0.59 0.59 0.61 0.65 0.66 0.75 0.82 0.91 0.91 0.93 1.2  1.21 1.24
 1.26 1.3  1.32 1.34 1.41 1.46 1.49 1.52 1.57 1.61 1.63 1.64 1.72 1.74
 1.76 1.76 1.82 1.89 1.96 1.96 1.98 1.98 1.98 2.02 2.03 2.03 2.07 2.09
 2.09 2.1  2.14 2.46 2.47 2.5  2.61 2.61 2.63 2.84 2.87 3.   3.01 3.4
 3.42 4.43 5.54 5.94]
var: 1.1207359999999984
| [0m47       [0m | [0m1.932    [0m | [0m0.05635  [0m | [0m39.54    [0m | [0m0.05409  [0m |
[0.03 0.04 0.05 0.06 0.09 0.11 0.12 0.15 0.16 0.26 0.26 0.28 0.29 0.3
 0.31 0.31 0.31 0.32 0.34 0.38 0.39 0.42 0.44 0.47 0.48 0.52 0.52 0.53
 0.53 0.57 0.58 0.6  0.6  0.64 0.65 0.67 0.69 0.71 0.73 0.74 0.75 0.78
 0.78 0.8  0.82 0.97 0.98 0.99 1.01 1.06 1.08 1.14 1.17 1.21 1.23 1.26
 1.29 1.32 1.63 1.67]
var: 0.16245275000000003
| [0m48       [0m | [0m0.6265   [0m | [0m0.1104   [0m | [0m43.96    [0m | [0m0.4862   [0m |
[0.11 0.49 0.55 0.55 0.55 0.56 0.6  0.67 0.71 0.75 0.8  0.89 0.95 0.96
 1.01 1.05 1.05 1.12 1.15 1.16 1.17 1.17 1.18 1.18 1.21 1.23 1.23 1.24
 1.24 1.24 1.25 1.27 1.29 1.31 1.34 1.36 1.36 1.37 1.44 1.56 1.57 1.69
 1.73 1.74 1.75 1.77 1.8  1.92 1.99 2.   2.03 2.04 2.15 2.15 2.21 2.3
 2.36 2.42 2.43 2.57]
var: 0.316174555555555
| [0m49       [0m | [0m1.366    [0m | [0m0.2485   [0m | [0m39.61    [0m | [0m0.0323   [0m |
[0.11 0.51 0.54 0.54 0.62 0.64 0.74 0.75 0.76 0.88 0.89 0.89 0.91 0.94
 0.96 0.97 0.99 1.09 1.11 1.12 1.14 1.16 1.17 1.2  1.21 1.21 1.22 1.25
 1.26 1.29 1.34 1.37 1.4  1.42 1.43 1.46 1.47 1.5  1.53 1.59 1.59 1.63
 1.68 1.74 1.86 1.9  1.93 1.97 2.08 2.09 2.17 2.38 2.38 2.63 2.64 2.67
 2.69 2.79 3.52 4.04]
var: 0.5501162222222226
| [0m50       [0m | [0m1.483    [0m | [0m0.09037  [0m | [0m39.55    [0m | [0m0.1416   [0m |
[0.   0.   0.03 0.07 0.07 0.07 0.1  0.12 0.24 0.28 0.35 0.39 0.41 0.43
 0.44 0.45 0.5  0.6  0.63 0.66 0.67 0.68 0.69 0.73 0.79 0.81 0.84 0.89
 0.91 0.99 1.04 1.11 1.15 1.15 1.15 1.17 1.19 1.45 1.51 1.52 1.56 1.58
 1.59 1.61 1.64 1.73 1.77 1.84 2.02 2.15 2.37 2.44 2.51 2.66 2.87 3.13
 3.14 3.35 3.46 5.85]
var: 1.1831343055555557
| [0m51       [0m | [0m1.259    [0m | [0m1e-08    [0m | [0m25.77    [0m | [0m0.2245   [0m |
[0.   0.   0.02 0.02 0.03 0.04 0.04 0.06 0.06 0.06 0.09 0.09 0.1  0.1
 0.11 0.15 0.15 0.16 0.16 0.16 0.16 0.19 0.2  0.22 0.22 0.23 0.25 0.25
 0.25 0.25 0.25 0.28 0.28 0.28 0.3  0.31 0.33 0.33 0.34 0.37 0.38 0.39
 0.4  0.41 0.42 0.44 0.45 0.46 0.47 0.47 0.48 0.5  0.51 0.52 0.52 0.54
 0.55 0.63 0.92 1.05]
var: 0.04445000000000006
| [0m52       [0m | [0m0.29     [0m | [0m0.2959   [0m | [0m41.43    [0m | [0m2.39     [0m |
[0.52 0.76 1.19 1.29 1.36 1.37 1.43 1.52 1.6  1.72 1.82 1.82 1.86 1.91
 1.91 1.93 1.97 1.99 2.   2.06 2.15 2.21 2.22 2.23 2.23 2.25 2.27 2.28
 2.35 2.37 2.39 2.42 2.44 2.46 2.49 2.53 2.56 2.57 2.7  2.75 2.76 2.84
 2.88 2.99 3.05 3.18 3.2  3.25 3.52 3.65 3.79 3.81 3.91 3.93 4.1  4.15
 4.71 4.9  6.32 6.69]
var: 1.3271580833333332
| [95m53       [0m | [95m2.626    [0m | [95m0.01328  [0m | [95m25.78    [0m | [95m0.05275  [0m |
[1.17 1.17 1.29 1.47 1.59 1.66 1.67 1.81 1.89 2.01 2.02 2.08 2.15 2.16
 2.18 2.19 2.25 2.25 2.26 2.4  2.45 2.49 2.54 2.58 2.58 2.68 2.72 2.74
 2.78 2.78 2.8  2.88 2.91 2.91 2.92 2.93 2.97 3.09 3.11 3.12 3.21 3.23
 3.25 3.39 3.4  3.47 3.47 3.48 3.5  3.5  3.62 3.86 3.87 4.05 4.07 4.4
 4.46 4.8  5.8  6.81]
var: 1.0673116388888895
| [95m54       [0m | [95m2.888    [0m | [95m0.0008517[0m | [95m39.64    [0m | [95m0.06785  [0m |
[0.01 0.01 0.02 0.03 0.03 0.03 0.06 0.09 0.09 0.11 0.13 0.16 0.16 0.18
 0.19 0.2  0.23 0.24 0.24 0.24 0.24 0.29 0.32 0.34 0.35 0.35 0.35 0.36
 0.36 0.37 0.43 0.47 0.48 0.48 0.5  0.51 0.52 0.53 0.54 0.56 0.59 0.66
 0.67 0.68 0.69 0.72 0.77 0.82 0.83 0.86 0.91 1.11 1.13 1.26 1.27 1.29
 1.39 1.57 1.63 1.8 ]
var: 0.19146430555555546
| [0m55       [0m | [0m0.5242   [0m | [0m0.1242   [0m | [0m42.78    [0m | [0m0.8651   [0m |
[0.44 0.46 0.61 0.68 0.8  0.8  0.96 0.99 0.99 1.09 1.14 1.18 1.24 1.31
 1.32 1.33 1.34 1.48 1.51 1.52 1.53 1.53 1.59 1.63 1.63 1.69 1.72 1.73
 1.76 1.79 1.8  1.81 1.82 1.88 1.89 1.9  1.9  1.92 1.98 2.   2.   2.03
 2.08 2.13 2.27 2.33 2.4  2.4  2.41 2.42 2.45 2.53 2.55 2.62 2.93 3.2
 3.3  3.31 3.49 3.55]
var: 0.5274716388888893
| [0m56       [0m | [0m1.818    [0m | [0m0.02235  [0m | [0m39.58    [0m | [0m0.08077  [0m |
[0.48 0.52 0.53 0.54 0.6  0.62 0.64 0.65 0.65 0.67 0.72 0.93 0.93 0.94
 0.96 1.01 1.02 1.07 1.25 1.27 1.42 1.44 1.45 1.55 1.6  1.62 1.64 1.65
 1.71 1.72 1.72 1.76 1.82 1.89 1.89 1.93 2.03 2.04 2.16 2.19 2.23 2.24
 2.26 2.26 2.31 2.32 2.33 2.36 2.37 2.41 2.46 2.47 2.55 2.63 2.67 2.67
 2.71 2.75 3.28 3.74]
var: 0.5931676388888893
| [0m57       [0m | [0m1.704    [0m | [0m0.06993  [0m | [0m25.76    [0m | [0m0.06876  [0m |
[0.   0.05 0.05 0.11 0.13 0.13 0.14 0.17 0.2  0.2  0.21 0.23 0.25 0.26
 0.31 0.32 0.32 0.33 0.35 0.36 0.37 0.39 0.4  0.42 0.43 0.46 0.46 0.52
 0.54 0.54 0.54 0.56 0.56 0.56 0.57 0.57 0.58 0.63 0.65 0.75 0.84 0.92
 0.96 1.15 1.33 1.58 1.68 1.7  1.97 1.99 2.01 2.04 2.16 2.54 2.65 2.74
 2.98 3.02 4.03 4.98]
var: 1.0901283055555557
| [0m58       [0m | [0m0.9648   [0m | [0m1e-08    [0m | [0m39.69    [0m | [0m0.07603  [0m |
[0.04 0.08 0.18 0.18 0.33 0.33 0.35 0.38 0.39 0.4  0.4  0.4  0.49 0.5
 0.54 0.6  0.62 0.62 0.62 0.63 0.63 0.63 0.64 0.64 0.64 0.64 0.65 0.67
 0.72 0.72 0.72 0.8  0.82 0.82 0.84 0.85 0.85 0.91 0.94 0.94 0.99 1.
 1.07 1.11 1.13 1.15 1.16 1.2  1.24 1.26 1.27 1.3  1.31 1.44 1.46 1.67
 1.72 1.74 1.87 3.06]
var: 0.2556050000000004
| [0m59       [0m | [0m0.855    [0m | [0m0.0478   [0m | [0m39.67    [0m | [0m0.01437  [0m |
[0.   0.01 0.01 0.01 0.02 0.02 0.02 0.02 0.03 0.04 0.05 0.05 0.05 0.05
 0.06 0.06 0.09 0.1  0.11 0.11 0.12 0.12 0.14 0.16 0.16 0.16 0.18 0.18
 0.19 0.19 0.19 0.2  0.21 0.22 0.24 0.24 0.27 0.27 0.28 0.29 0.29 0.3
 0.31 0.33 0.36 0.37 0.4  0.4  0.42 0.45 0.47 0.48 0.52 0.58 0.68 0.85
 0.89 0.91 1.03 1.24]
var: 0.07250666666666668
| [0m60       [0m | [0m0.27     [0m | [0m0.2408   [0m | [0m32.57    [0m | [0m2.663    [0m |
[0.   0.   0.   0.   0.02 0.02 0.04 0.05 0.05 0.06 0.06 0.07 0.07 0.08
 0.08 0.09 0.11 0.13 0.14 0.15 0.2  0.21 0.21 0.22 0.22 0.23 0.24 0.24
 0.25 0.26 0.27 0.28 0.29 0.29 0.32 0.33 0.34 0.39 0.4  0.42 0.45 0.5
 0.51 0.52 0.52 0.54 0.54 0.61 0.62 0.65 0.65 0.68 0.77 0.96 1.05 1.15
 1.23 1.33 1.48 2.03]
var: 0.16515322222222223
| [0m61       [0m | [0m0.3937   [0m | [0m0.2829   [0m | [0m37.38    [0m | [0m1.856    [0m |
[0.16 0.17 0.19 0.46 0.51 0.52 0.61 0.72 0.72 0.76 0.78 0.82 0.83 0.83
 0.84 0.87 0.96 0.97 1.01 1.13 1.13 1.13 1.16 1.21 1.21 1.24 1.26 1.26
 1.29 1.3  1.3  1.34 1.37 1.43 1.51 1.54 1.54 1.57 1.62 1.62 1.67 1.69
 1.71 1.72 1.77 1.87 1.91 1.92 1.98 2.02 2.18 2.34 2.41 2.43 2.48 2.48
 2.51 2.71 2.76 2.93]
var: 0.4508898888888893
| [0m62       [0m | [0m1.406    [0m | [0m0.03569  [0m | [0m4.007    [0m | [0m0.2446   [0m |
[0.   0.01 0.01 0.02 0.03 0.04 0.13 0.13 0.14 0.2  0.24 0.24 0.26 0.28
 0.29 0.3  0.3  0.31 0.33 0.35 0.35 0.36 0.41 0.45 0.46 0.48 0.51 0.53
 0.57 0.59 0.59 0.61 0.61 0.61 0.62 0.66 0.68 0.7  0.71 0.72 0.72 0.74
 0.8  0.84 0.84 0.88 0.9  1.14 1.16 1.26 1.36 1.41 1.57 1.72 1.98 2.45
 2.52 2.62 3.86 5.94]
var: 0.9683345555555547
| [0m63       [0m | [0m0.8257   [0m | [0m1e-08    [0m | [0m39.62    [0m | [0m0.04926  [0m |
[0.12 0.15 0.55 0.61 0.68 1.01 1.02 1.02 1.02 1.03 1.05 1.05 1.11 1.19
 1.21 1.25 1.3  1.31 1.33 1.34 1.37 1.38 1.38 1.44 1.48 1.48 1.48 1.48
 1.49 1.49 1.51 1.52 1.57 1.58 1.6  1.62 1.66 1.71 1.8  1.82 1.82 1.85
 1.91 1.93 1.98 2.01 2.05 2.15 2.17 2.29 2.31 2.32 2.46 2.6  2.63 2.65
 2.78 2.97 3.14 3.8 ]
var: 0.4692669722222224
| [0m64       [0m | [0m1.634    [0m | [0m0.02553  [0m | [0m25.75    [0m | [0m0.03875  [0m |
[0.   0.01 0.01 0.01 0.01 0.01 0.02 0.02 0.02 0.02 0.02 0.04 0.07 0.09
 0.09 0.1  0.1  0.11 0.11 0.12 0.12 0.14 0.17 0.2  0.21 0.21 0.22 0.25
 0.28 0.29 0.31 0.31 0.33 0.36 0.39 0.41 0.42 0.43 0.46 0.5  0.52 0.54
 0.57 0.57 0.59 0.6  0.63 0.64 0.66 0.71 0.74 0.8  0.83 0.83 0.88 0.88
 0.94 0.98 1.03 1.47]
var: 0.11009222222222234
| [0m65       [0m | [0m0.3733   [0m | [0m0.1624   [0m | [0m36.95    [0m | [0m1.276    [0m |
[0.44 0.6  0.65 0.7  0.7  0.78 0.83 0.95 1.14 1.2  1.24 1.28 1.28 1.29
 1.3  1.35 1.38 1.53 1.57 1.58 1.67 1.72 1.78 1.8  1.81 1.84 1.84 1.86
 1.91 1.92 1.93 1.93 1.96 2.   2.01 2.02 2.03 2.06 2.06 2.11 2.11 2.13
 2.16 2.2  2.22 2.37 2.43 2.51 2.53 2.55 2.55 2.61 2.75 2.8  3.02 3.14
 3.48 3.55 4.13 4.18]
var: 0.6404647500000004
| [0m66       [0m | [0m1.925    [0m | [0m0.0201   [0m | [0m39.6     [0m | [0m0.08392  [0m |
[0.14 0.65 0.66 0.67 0.68 0.72 0.76 0.79 0.8  0.81 0.81 0.83 0.86 0.87
 0.89 0.91 0.94 0.94 1.04 1.05 1.05 1.05 1.05 1.06 1.12 1.19 1.21 1.24
 1.33 1.33 1.33 1.35 1.4  1.42 1.46 1.48 1.5  1.51 1.51 1.53 1.54 1.55
 1.57 1.58 1.58 1.66 1.66 1.71 1.72 1.75 1.8  1.9  1.94 1.97 2.05 2.51
 2.61 2.86 3.69 3.88]
var: 0.4521136388888886
| [0m67       [0m | [0m1.391    [0m | [0m0.1818   [0m | [0m18.03    [0m | [0m0.0447   [0m |
[0.06 0.09 0.09 0.11 0.15 0.17 0.19 0.19 0.2  0.2  0.21 0.22 0.24 0.26
 0.26 0.27 0.28 0.29 0.3  0.3  0.3  0.31 0.31 0.31 0.31 0.32 0.32 0.33
 0.34 0.34 0.37 0.39 0.45 0.48 0.48 0.48 0.56 0.56 0.56 0.59 0.59 0.59
 0.6  0.61 0.63 0.67 0.67 0.67 0.73 0.73 0.74 0.76 0.79 0.83 0.85 0.89
 0.96 0.97 1.36 1.36]
var: 0.08224497222222209
| [0m68       [0m | [0m0.4698   [0m | [0m0.01785  [0m | [0m1.241    [0m | [0m2.544    [0m |
[0.61 0.64 0.69 1.12 1.22 1.29 1.29 1.31 1.33 1.33 1.44 1.45 1.49 1.5
 1.5  1.55 1.56 1.58 1.62 1.62 1.65 1.67 1.71 1.72 1.73 1.79 1.8  1.8
 1.81 1.82 1.85 2.01 2.07 2.07 2.09 2.1  2.11 2.13 2.14 2.16 2.18 2.21
 2.37 2.39 2.41 2.46 2.56 2.58 2.58 2.61 2.67 2.72 2.88 2.9  3.12 3.13
 3.63 4.89 4.9  5.46]
var: 0.8406932222222224
| [0m69       [0m | [0m2.084    [0m | [0m0.04969  [0m | [0m25.7     [0m | [0m0.04919  [0m |
[0.   0.   0.   0.   0.03 0.04 0.04 0.05 0.08 0.08 0.08 0.09 0.09 0.11
 0.12 0.13 0.16 0.18 0.21 0.22 0.25 0.29 0.33 0.33 0.33 0.34 0.4  0.41
 0.41 0.44 0.44 0.45 0.47 0.49 0.5  0.52 0.53 0.53 0.58 0.58 0.59 0.6
 0.61 0.62 0.62 0.64 0.64 0.64 0.65 0.71 0.73 0.75 0.89 1.02 1.07 1.34
 1.34 1.49 1.56 2.06]
var: 0.17953722222222268
| [0m70       [0m | [0m0.4817   [0m | [0m0.1657   [0m | [0m26.36    [0m | [0m1.356    [0m |
[0.45 0.52 0.55 0.59 0.66 0.71 0.83 0.87 0.95 0.99 0.99 1.06 1.07 1.16
 1.18 1.28 1.3  1.38 1.4  1.42 1.49 1.54 1.54 1.56 1.66 1.7  1.76 1.78
 1.79 1.79 1.85 1.89 1.89 1.91 1.94 1.95 2.03 2.13 2.14 2.15 2.25 2.26
 2.27 2.28 2.36 2.38 2.38 2.43 2.45 2.51 2.56 2.6  2.65 2.78 3.01 3.2
 3.36 3.42 3.44 3.8 ]
var: 0.627479555555555
| [0m71       [0m | [0m1.837    [0m | [0m0.1635   [0m | [0m17.55    [0m | [0m0.07452  [0m |
[0.43 0.46 0.49 0.55 0.56 0.57 0.62 0.72 0.73 0.77 0.84 0.87 0.87 0.92
 0.93 0.95 0.98 1.01 1.04 1.05 1.05 1.08 1.09 1.09 1.17 1.17 1.18 1.22
 1.22 1.29 1.3  1.31 1.31 1.35 1.41 1.44 1.44 1.46 1.48 1.55 1.56 1.61
 1.63 1.64 1.76 1.79 1.81 1.81 1.82 1.88 2.05 2.11 2.26 2.33 2.37 2.49
 2.5  2.59 3.16 4.27]
var: 0.48885830555555565
| [0m72       [0m | [0m1.407    [0m | [0m0.22     [0m | [0m17.54    [0m | [0m0.1212   [0m |
[0.   0.03 0.07 0.09 0.11 0.12 0.17 0.17 0.19 0.2  0.21 0.24 0.25 0.33
 0.36 0.37 0.38 0.39 0.42 0.44 0.46 0.48 0.49 0.49 0.5  0.51 0.54 0.57
 0.57 0.6  0.62 0.64 0.65 0.66 0.74 0.75 0.76 0.77 0.77 0.83 0.85 0.86
 0.91 0.93 0.96 0.98 1.01 1.1  1.15 1.22 1.42 1.53 1.67 1.68 1.82 1.88
 2.05 2.18 2.54 2.82]
var: 0.39239166666666686
| [0m73       [0m | [0m0.775    [0m | [0m0.06592  [0m | [0m19.76    [0m | [0m0.6699   [0m |
[0.19 0.21 0.23 0.33 0.4  0.4  0.42 0.44 0.44 0.45 0.46 0.49 0.57 0.64
 0.7  0.8  0.8  0.8  0.82 0.85 0.87 0.88 0.95 0.96 0.98 0.99 1.01 1.02
 1.02 1.03 1.08 1.08 1.09 1.11 1.19 1.19 1.2  1.21 1.27 1.27 1.28 1.3
 1.36 1.37 1.43 1.45 1.47 1.47 1.53 1.68 1.68 1.74 1.76 1.77 2.24 2.24
 2.32 2.64 4.85 6.83]
var: 1.048902083333333
| [0m74       [0m | [0m1.238    [0m | [0m0.2906   [0m | [0m4.87     [0m | [0m0.08454  [0m |
[0.   0.   0.01 0.01 0.01 0.02 0.03 0.03 0.04 0.04 0.05 0.05 0.05 0.07
 0.07 0.09 0.1  0.1  0.11 0.13 0.15 0.16 0.17 0.18 0.22 0.23 0.28 0.29
 0.31 0.32 0.33 0.34 0.34 0.34 0.38 0.39 0.41 0.41 0.44 0.44 0.45 0.48
 0.48 0.48 0.51 0.51 0.51 0.53 0.54 0.54 0.59 0.61 0.67 0.67 0.71 0.73
 0.74 1.16 1.21 1.4 ]
var: 0.09206455555555558
| [0m75       [0m | [0m0.3443   [0m | [0m0.06537  [0m | [0m38.68    [0m | [0m1.852    [0m |
[0.51 0.56 0.57 0.59 0.62 0.73 0.81 0.81 0.83 0.91 0.93 0.95 0.97 0.99
 1.01 1.11 1.17 1.18 1.21 1.21 1.22 1.24 1.27 1.28 1.28 1.34 1.34 1.44
 1.82 1.88 1.88 1.89 1.97 1.98 1.99 2.   2.06 2.07 2.16 2.23 2.32 2.34
 2.38 2.39 2.55 2.6  2.63 2.65 2.91 2.94 3.02 3.05 3.08 3.14 3.22 3.32
 3.41 3.96 4.1  4.71]
var: 0.9716036388888892
| [0m76       [0m | [0m1.879    [0m | [0m0.08354  [0m | [0m25.81    [0m | [0m0.06599  [0m |
[0.53 0.54 0.55 0.63 0.69 0.74 0.75 0.76 0.78 0.84 0.87 0.95 1.01 1.1
 1.11 1.13 1.15 1.15 1.17 1.19 1.2  1.25 1.25 1.28 1.29 1.3  1.31 1.31
 1.32 1.33 1.36 1.37 1.39 1.4  1.4  1.41 1.45 1.56 1.57 1.58 1.63 1.63
 1.64 1.65 1.65 1.69 1.7  1.71 1.75 1.8  1.84 1.89 2.13 2.26 2.46 2.49
 2.91 3.16 3.18 3.34]
var: 0.3932360000000006
| [0m77       [0m | [0m1.458    [0m | [0m0.109    [0m | [0m25.67    [0m | [0m0.18     [0m |
[0.   0.   0.   0.   0.01 0.01 0.01 0.03 0.03 0.05 0.06 0.08 0.08 0.08
 0.09 0.09 0.09 0.11 0.12 0.12 0.13 0.13 0.14 0.15 0.16 0.19 0.19 0.2
 0.2  0.21 0.25 0.27 0.28 0.31 0.31 0.34 0.35 0.36 0.36 0.37 0.37 0.38
 0.38 0.4  0.42 0.43 0.45 0.46 0.49 0.49 0.5  0.54 0.54 0.56 0.61 0.63
 0.7  0.89 0.95 0.97]
var: 0.05713822222222234
| [0m78       [0m | [0m0.2853   [0m | [0m0.08096  [0m | [0m31.43    [0m | [0m2.444    [0m |
[0.41 0.58 0.6  0.6  0.62 0.62 0.66 0.92 0.95 0.96 1.05 1.09 1.1  1.14
 1.21 1.22 1.23 1.25 1.26 1.28 1.34 1.45 1.47 1.56 1.62 1.63 1.7  1.73
 1.75 1.76 1.84 1.86 1.89 1.9  2.01 2.05 2.11 2.13 2.16 2.33 2.37 2.39
 2.43 2.46 2.54 2.72 2.75 2.79 2.79 2.89 2.95 3.09 3.12 3.21 3.32 3.45
 3.58 3.69 4.36 4.74]
var: 0.9527015555555548
| [0m79       [0m | [0m1.945    [0m | [0m0.06817  [0m | [0m25.72    [0m | [0m0.06593  [0m |
[0.   0.03 0.04 0.04 0.06 0.07 0.08 0.08 0.08 0.09 0.09 0.1  0.15 0.16
 0.18 0.25 0.25 0.27 0.29 0.29 0.3  0.31 0.32 0.34 0.34 0.35 0.35 0.37
 0.4  0.46 0.47 0.47 0.49 0.52 0.55 0.6  0.61 0.66 0.7  0.71 0.71 0.72
 0.73 0.75 0.79 0.81 0.83 0.83 0.86 1.06 1.11 1.24 1.24 1.33 1.44 1.47
 1.88 1.89 2.33 2.79]
var: 0.33298030555555524
| [0m80       [0m | [0m0.6122   [0m | [0m0.231    [0m | [0m8.55     [0m | [0m1.126    [0m |
=============================================================
None
num_trials:  40  inits,  40  iters,  60  per
rho:  1.1
pthin:  0.92

Best VPT: 2.8881666666666677
Best result: {'a': 0.0008516643105291177, 'g': 39.63703795831627, 's': 0.06785471139786861}

KERNEL: nu=1.5, lengthscale=2.0, alpha=0.0005
