|   iter    |  target   |     a     |     g     |     s     |
-------------------------------------------------------------
[0.03 0.06 0.06 0.07 0.11 0.16 0.17 0.19 0.28 0.29 0.29 0.33 0.37 0.39
 0.4  0.4  0.41 0.42 0.45 0.46 0.52 0.53 0.57 0.59 0.59 0.61 0.69 0.7
 0.72 0.76 0.77 0.8  0.85 0.89 0.9  0.93 0.97 0.97 0.99 1.   1.01 1.04
 1.04 1.13 1.16 1.31 1.34 1.37 1.39 1.43 1.54 1.84 1.98 2.06 2.23 2.24
 4.14]
var: 0.4970646968297942
| [0m1        [0m | [0m0.8586   [0m | [0m0.04472  [0m | [0m24.94    [0m | [0m1.179    [0m |
[0.01 0.01 0.02 0.08 0.09 0.1  0.13 0.16 0.17 0.19 0.2  0.23 0.27 0.27
 0.27 0.27 0.27 0.29 0.33 0.34 0.36 0.37 0.41 0.41 0.43 0.44 0.44 0.48
 0.48 0.52 0.54 0.57 0.63 0.64 0.65 0.67 0.72 0.73 0.74 0.8  0.81 0.88
 0.89 0.91 0.95 1.01 1.02 1.07 1.17 1.35 1.51 1.56 1.63 1.76 2.52]
var: 0.2503949090909091
| [0m2        [0m | [0m0.614    [0m | [0m0.05331  [0m | [0m8.844    [0m | [0m2.295    [0m |
[0.02 0.09 0.15 0.16 0.2  0.2  0.21 0.21 0.26 0.28 0.29 0.36 0.38 0.45
 0.55 0.56 0.59 0.61 0.63 0.64 0.65 0.65 0.68 0.68 0.68 0.68 0.7  0.73
 0.75 0.77 0.81 0.83 0.93 0.96 0.99 1.01 1.16 1.33 1.34 1.38 1.39 1.39
 1.4  1.41 1.42 1.64 1.65 1.67 1.83 2.15 2.31 2.43 2.79 3.01 5.1 ]
var: 0.7761085619834703
| [95m3        [0m | [95m1.021    [0m | [95m0.2913   [0m | [95m10.79    [0m | [95m1.031    [0m |
[0.21 0.3  0.32 0.35 0.42 0.61 0.61 0.71 0.77 0.8  0.86 0.87 0.92 0.93
 0.95 0.97 0.99 1.07 1.08 1.11 1.11 1.13 1.19 1.24 1.26 1.29 1.36 1.37
 1.37 1.38 1.38 1.42 1.42 1.43 1.44 1.46 1.56 1.62 1.65 1.72 1.81 1.93
 1.95 2.   2.16 2.23 2.24 2.46 2.53 2.82 2.84 2.96 2.96 3.08 3.24 3.38
 3.69]
var: 0.6954670975684828
| [95m4        [0m | [95m1.525    [0m | [95m0.1854   [0m | [95m20.1     [0m | [95m0.4263   [0m |
[0.   0.01 0.02 0.03 0.04 0.04 0.05 0.05 0.06 0.11 0.11 0.11 0.11 0.14
 0.14 0.15 0.16 0.17 0.22 0.24 0.24 0.27 0.27 0.28 0.31 0.34 0.35 0.37
 0.37 0.39 0.39 0.4  0.43 0.45 0.48 0.49 0.51 0.54 0.54 0.54 0.57 0.59
 0.63 0.64 0.64 0.68 0.7  0.72 0.83 0.86 0.98 1.02 1.07 1.08 1.17 1.25]
var: 0.10582828443877546
| [0m5        [0m | [0m0.417    [0m | [0m0.2791   [0m | [0m39.26    [0m | [0m2.172    [0m |
[0.06 0.08 0.12 0.16 0.18 0.2  0.21 0.21 0.26 0.27 0.29 0.29 0.3  0.3
 0.32 0.34 0.39 0.48 0.54 0.55 0.56 0.58 0.59 0.6  0.6  0.62 0.65 0.66
 0.69 0.7  0.71 0.73 0.74 0.76 0.78 0.78 0.8  0.9  0.91 0.93 1.04 1.04
 1.1  1.14 1.15 1.19 1.21 1.34 1.34 1.66 1.84 2.11 2.12 2.37 2.53 2.62
 4.45]
var: 0.6063862111418896
| [0m6        [0m | [0m0.8788   [0m | [0m0.2248   [0m | [0m19.51    [0m | [0m1.002    [0m |
[0.01 0.04 0.07 0.07 0.08 0.19 0.22 0.25 0.36 0.41 0.46 0.46 0.47 0.52
 0.54 0.54 0.55 0.57 0.57 0.6  0.6  0.61 0.63 0.64 0.66 0.66 0.69 0.69
 0.69 0.7  0.73 0.73 0.74 0.78 0.8  0.85 0.9  0.96 0.98 1.03 1.09 1.13
 1.14 1.33 1.41 1.52 1.54 1.55 1.64 1.67 1.78 1.89 2.17 2.37 2.48 2.63
 3.04 3.91]
var: 0.602729131985732
| [0m7        [0m | [0m0.9714   [0m | [0m0.1848   [0m | [0m15.74    [0m | [0m1.273    [0m |
[0.01 0.01 0.04 0.04 0.04 0.05 0.06 0.1  0.19 0.2  0.2  0.22 0.22 0.25
 0.25 0.27 0.29 0.3  0.32 0.34 0.36 0.37 0.39 0.39 0.4  0.41 0.44 0.45
 0.45 0.47 0.48 0.51 0.54 0.54 0.57 0.57 0.62 0.62 0.63 0.64 0.64 0.65
 0.65 0.65 0.66 0.68 0.7  0.93 0.95 1.01 1.04 1.15 1.19 1.3  1.32 1.53
 1.66 1.89]
var: 0.17456649821640913
| [0m8        [0m | [0m0.5491   [0m | [0m0.06721  [0m | [0m24.13    [0m | [0m1.898    [0m |
[0.   0.   0.01 0.01 0.01 0.02 0.04 0.04 0.05 0.07 0.07 0.09 0.09 0.1
 0.1  0.11 0.12 0.12 0.12 0.12 0.13 0.14 0.14 0.15 0.17 0.18 0.22 0.22
 0.23 0.27 0.27 0.27 0.27 0.28 0.3  0.3  0.31 0.33 0.34 0.35 0.38 0.39
 0.41 0.42 0.42 0.45 0.46 0.46 0.48 0.49 0.5  0.51 0.55 0.6  0.63 0.86
 1.07]
var: 0.04732816251154222
| [0m9        [0m | [0m0.2674   [0m | [0m0.1938   [0m | [0m39.34    [0m | [0m2.577    [0m |
[0.   0.02 0.03 0.04 0.09 0.1  0.11 0.12 0.12 0.13 0.17 0.17 0.23 0.26
 0.3  0.33 0.33 0.35 0.37 0.38 0.39 0.39 0.39 0.41 0.43 0.45 0.46 0.47
 0.49 0.5  0.5  0.53 0.53 0.58 0.59 0.6  0.63 0.63 0.64 0.68 0.69 0.73
 0.74 0.94 0.95 0.95 0.98 1.02 1.03 1.1  1.21 1.29 1.38 1.45 1.89]
var: 0.16305038016528947
| [0m10       [0m | [0m0.5507   [0m | [0m0.2932   [0m | [0m24.79    [0m | [0m2.106    [0m |
[0.   0.01 0.01 0.03 0.04 0.04 0.05 0.05 0.06 0.06 0.07 0.08 0.08 0.1
 0.1  0.11 0.12 0.13 0.14 0.14 0.17 0.19 0.2  0.21 0.22 0.22 0.23 0.24
 0.25 0.25 0.26 0.27 0.27 0.28 0.3  0.32 0.33 0.33 0.34 0.34 0.36 0.38
 0.41 0.41 0.41 0.42 0.49 0.51 0.55 0.57 0.58 0.59 0.6  0.62 0.64 0.78
 0.85 0.96 1.22]
var: 0.06318092502154557
| [0m11       [0m | [0m0.3049   [0m | [0m0.2056   [0m | [0m36.8     [0m | [0m1.626    [0m |
[0.04 0.04 0.06 0.08 0.1  0.15 0.2  0.2  0.2  0.21 0.22 0.23 0.25 0.28
 0.28 0.33 0.33 0.35 0.36 0.37 0.38 0.39 0.39 0.43 0.45 0.47 0.48 0.49
 0.51 0.54 0.55 0.57 0.59 0.6  0.61 0.62 0.7  0.7  0.75 0.79 0.81 0.81
 0.82 0.86 0.87 0.89 0.93 0.98 1.02 1.08 1.14 1.2  1.28 1.28 1.43 1.66
 1.88 2.5 ]
var: 0.22622892390011917
| [0m12       [0m | [0m0.6333   [0m | [0m0.2725   [0m | [0m27.69    [0m | [0m1.274    [0m |
[0.06 0.09 0.31 0.33 0.35 0.38 0.44 0.5  0.52 0.55 0.65 0.66 0.66 0.71
 0.73 0.73 0.83 0.84 0.85 0.85 0.89 0.89 0.9  0.98 1.   1.06 1.07 1.12
 1.12 1.14 1.14 1.16 1.17 1.23 1.27 1.31 1.35 1.38 1.46 1.55 1.55 1.58
 1.61 1.61 1.64 1.68 1.68 1.9  2.17 2.17 2.25 2.31 2.49 2.63 2.67 2.72
 2.85 2.86 3.76]
var: 0.6076549267451876
| [0m13       [0m | [0m1.294    [0m | [0m0.07492  [0m | [0m30.34    [0m | [0m0.4135   [0m |
[0.43 0.43 0.58 0.66 0.81 0.84 0.91 0.98 1.   1.05 1.12 1.18 1.35 1.49
 1.49 1.53 1.56 1.56 1.57 1.62 1.65 1.69 1.71 1.79 1.81 1.84 1.9  1.91
 1.97 2.05 2.08 2.13 2.19 2.2  2.22 2.23 2.24 2.25 2.25 2.27 2.32 2.42
 2.44 2.6  2.61 2.68 2.75 2.77 3.01 3.05 3.28 3.31 3.4  3.4  4.86 4.88
 5.45]
var: 1.056037734687596
| [95m14       [0m | [95m2.066    [0m | [95m0.1144   [0m | [95m5.894    [0m | [95m0.2709   [0m |
[0.05 0.06 0.14 0.15 0.16 0.16 0.17 0.22 0.22 0.22 0.25 0.26 0.26 0.27
 0.29 0.34 0.37 0.39 0.44 0.45 0.45 0.47 0.49 0.49 0.52 0.54 0.56 0.58
 0.58 0.6  0.6  0.62 0.63 0.66 0.66 0.68 0.71 0.76 0.76 0.76 0.78 0.83
 0.9  0.95 0.97 0.97 0.98 0.99 1.   1.05 1.08 1.15 1.18 1.22 1.34 1.36
 1.77 2.39]
var: 0.189336385255648
| [0m15       [0m | [0m0.6534   [0m | [0m0.2584   [0m | [0m1.76     [0m | [0m1.03     [0m |
[0.   0.   0.   0.01 0.02 0.03 0.03 0.03 0.04 0.07 0.08 0.09 0.1  0.1
 0.1  0.11 0.12 0.14 0.15 0.17 0.19 0.19 0.2  0.22 0.23 0.24 0.24 0.24
 0.25 0.28 0.29 0.29 0.31 0.32 0.32 0.32 0.32 0.33 0.33 0.34 0.35 0.39
 0.4  0.43 0.43 0.47 0.5  0.58 0.67 0.67 0.72 0.78 0.88 0.95 1.12 1.21
 1.59]
var: 0.10396478916589734
| [0m16       [0m | [0m0.333    [0m | [0m0.1474   [0m | [0m26.38    [0m | [0m2.804    [0m |
[0.02 0.06 0.11 0.13 0.15 0.17 0.23 0.26 0.27 0.28 0.3  0.34 0.38 0.41
 0.45 0.46 0.47 0.48 0.56 0.6  0.61 0.69 0.7  0.74 0.75 0.76 0.77 0.84
 0.87 0.89 0.9  0.9  0.9  0.96 0.96 0.97 0.99 1.02 1.04 1.06 1.11 1.23
 1.23 1.24 1.38 1.44 1.44 1.51 1.53 1.54 1.63 1.86 2.05 2.15 2.27 2.51
 8.87]
var: 1.4337056325023085
| [0m17       [0m | [0m1.025    [0m | [0m0.01395  [0m | [0m8.001    [0m | [0m1.183    [0m |
[0.11 0.61 0.93 0.94 1.03 1.08 1.17 1.24 1.32 1.44 1.52 1.54 1.68 1.73
 1.8  1.92 1.96 2.   2.   2.04 2.1  2.16 2.18 2.31 2.31 2.35 2.44 2.44
 2.5  2.54 2.55 2.56 2.72 2.83 2.96 3.15 3.17 3.24 3.41 3.55 3.58 3.64
 3.69 3.71 3.72 3.77 3.93 4.12 4.24 4.63 4.64 4.77 4.84 5.53 5.56 7.17]
var: 1.9037117028061237
| [95m18       [0m | [95m2.733    [0m | [95m0.03082  [0m | [95m30.51    [0m | [95m0.05287  [0m |
[0.   0.04 0.06 0.08 0.09 0.13 0.17 0.19 0.24 0.26 0.27 0.3  0.35 0.38
 0.41 0.44 0.45 0.45 0.49 0.53 0.53 0.57 0.59 0.6  0.6  0.62 0.65 0.65
 0.66 0.66 0.68 0.7  0.73 0.77 0.78 0.79 0.87 0.91 0.91 1.05 1.05 1.05
 1.07 1.13 1.13 1.2  1.28 1.29 1.31 1.34 1.35 1.69 1.78 1.78 1.92 1.98
 2.79]
var: 0.3142770083102494
| [0m19       [0m | [0m0.7858   [0m | [0m0.106    [0m | [0m14.35    [0m | [0m1.622    [0m |
[0.05 0.08 0.1  0.12 0.12 0.13 0.15 0.18 0.18 0.19 0.26 0.26 0.39 0.41
 0.41 0.45 0.5  0.55 0.58 0.59 0.61 0.66 0.67 0.69 0.7  0.72 0.72 0.72
 0.73 0.74 0.76 0.8  0.86 0.89 0.91 0.93 0.97 1.02 1.05 1.07 1.1  1.13
 1.14 1.15 1.16 1.21 1.26 1.29 1.35 1.45 1.63 1.68 1.72 1.97 2.1  2.37
 2.87 3.17 3.65]
var: 0.5586452168916975
| [0m20       [0m | [0m0.9376   [0m | [0m0.2088   [0m | [0m7.059    [0m | [0m1.289    [0m |
[0.   0.   0.01 0.01 0.02 0.03 0.03 0.04 0.04 0.06 0.06 0.07 0.07 0.08
 0.09 0.1  0.11 0.12 0.13 0.14 0.15 0.17 0.17 0.18 0.18 0.19 0.2  0.23
 0.24 0.25 0.26 0.3  0.33 0.34 0.35 0.35 0.38 0.39 0.4  0.41 0.42 0.43
 0.43 0.43 0.45 0.47 0.51 0.52 0.53 0.56 0.56 0.64 0.7  0.75 0.82 1.1
 1.18 1.55 2.23]
var: 0.15280120654984242
| [0m21       [0m | [0m0.3553   [0m | [0m0.2368   [0m | [0m48.46    [0m | [0m1.473    [0m |
[0.18 0.26 0.35 0.35 0.37 0.38 0.45 0.45 0.46 0.46 0.55 0.55 0.6  0.66
 0.81 0.9  0.94 1.02 1.04 1.06 1.07 1.13 1.19 1.2  1.23 1.24 1.32 1.34
 1.35 1.35 1.36 1.39 1.46 1.48 1.58 1.58 1.74 1.78 1.85 1.86 1.99 2.01
 2.03 2.12 2.14 2.18 2.27 2.3  2.46 2.81 2.91 2.92 3.35 3.44 3.97]
var: 0.765868561983471
| [0m22       [0m | [0m1.441    [0m | [0m0.1957   [0m | [0m16.72    [0m | [0m0.6417   [0m |
[0.   0.04 0.07 0.08 0.1  0.11 0.14 0.2  0.21 0.22 0.25 0.26 0.26 0.26
 0.28 0.29 0.38 0.4  0.49 0.53 0.54 0.55 0.56 0.56 0.57 0.65 0.68 0.69
 0.7  0.74 0.74 0.75 0.75 0.75 0.78 0.87 0.91 0.93 0.96 0.98 1.05 1.06
 1.1  1.14 1.16 1.2  1.23 1.28 1.3  1.32 1.42 1.45 1.48 1.48 1.61 1.69
 1.86 1.96 4.44]
var: 0.47161511060040245
| [0m23       [0m | [0m0.8214   [0m | [0m0.0531   [0m | [0m22.95    [0m | [0m1.13     [0m |
[0.   0.   0.01 0.05 0.07 0.11 0.13 0.13 0.14 0.16 0.18 0.19 0.27 0.27
 0.28 0.29 0.3  0.3  0.31 0.31 0.31 0.34 0.34 0.34 0.34 0.35 0.35 0.35
 0.37 0.38 0.39 0.4  0.41 0.41 0.43 0.43 0.43 0.45 0.46 0.46 0.49 0.5
 0.51 0.52 0.52 0.58 0.61 0.61 0.65 0.65 0.73 0.8  0.89 0.91 1.01 1.48
 1.52 1.73 1.77]
var: 0.1443440390692333
| [0m24       [0m | [0m0.4698   [0m | [0m0.1922   [0m | [0m24.19    [0m | [0m2.38     [0m |
[0.   0.   0.01 0.01 0.01 0.01 0.02 0.03 0.03 0.04 0.04 0.06 0.08 0.08
 0.08 0.09 0.1  0.11 0.11 0.12 0.12 0.12 0.12 0.13 0.15 0.15 0.15 0.17
 0.17 0.18 0.18 0.19 0.2  0.22 0.22 0.23 0.23 0.23 0.24 0.26 0.27 0.3
 0.33 0.33 0.34 0.34 0.4  0.43 0.46 0.47 0.47 0.49 0.49 0.51 0.68 0.76]
var: 0.030592857142857196
| [0m25       [0m | [0m0.21     [0m | [0m0.03338  [0m | [0m46.41    [0m | [0m2.673    [0m |
[0.01 0.02 0.02 0.03 0.04 0.04 0.04 0.06 0.09 0.09 0.09 0.14 0.16 0.18
 0.19 0.22 0.22 0.22 0.25 0.26 0.26 0.29 0.3  0.3  0.3  0.33 0.36 0.38
 0.39 0.4  0.4  0.41 0.42 0.43 0.44 0.45 0.46 0.48 0.53 0.55 0.56 0.56
 0.56 0.59 0.6  0.62 0.62 0.68 0.7  0.71 0.74 0.74 0.75 0.79 0.8  1.04]
var: 0.061062213010204106
| [0m26       [0m | [0m0.3805   [0m | [0m0.08362  [0m | [0m18.94    [0m | [0m2.926    [0m |
[0.   0.05 0.13 0.14 0.14 0.21 0.21 0.25 0.26 0.26 0.28 0.3  0.32 0.39
 0.4  0.43 0.47 0.47 0.49 0.49 0.5  0.55 0.59 0.62 0.63 0.63 0.65 0.68
 0.68 0.69 0.71 0.72 0.74 0.92 0.96 0.98 1.05 1.11 1.15 1.17 1.22 1.29
 1.33 1.38 1.42 1.47 1.49 1.51 1.55 1.66 1.78 1.79 1.84 2.25 2.54 3.57]
var: 0.46727420280612236
| [0m27       [0m | [0m0.8841   [0m | [0m0.144    [0m | [0m25.1     [0m | [0m0.8051   [0m |
[0.53 0.55 0.91 0.92 0.95 0.96 0.97 1.   1.05 1.13 1.14 1.16 1.18 1.19
 1.19 1.28 1.48 1.55 1.64 1.7  1.79 1.82 1.87 1.89 1.93 1.95 1.95 1.96
 2.01 2.01 2.03 2.06 2.07 2.08 2.25 2.3  2.39 2.54 2.61 2.65 2.84 2.96
 3.   3.11 3.12 3.25 3.38 3.42 3.5  3.51 3.64 3.68 3.71 4.16 4.2  4.24
 5.91 6.39]
var: 1.4922061831153386
| [0m28       [0m | [0m2.287    [0m | [0m0.2662   [0m | [0m20.71    [0m | [0m0.02393  [0m |
[0.03 0.11 0.14 0.14 0.19 0.23 0.26 0.34 0.35 0.38 0.43 0.43 0.45 0.47
 0.5  0.52 0.52 0.53 0.55 0.56 0.61 0.62 0.73 0.77 0.99 1.03 1.05 1.09
 1.11 1.12 1.13 1.13 1.18 1.18 1.19 1.19 1.21 1.22 1.24 1.25 1.4  1.5
 1.58 1.61 1.63 1.77 1.87 1.91 1.93 1.94 1.97 2.05 2.09 2.15 2.24 2.56
 3.09 3.25]
var: 0.5565072829964327
| [0m29       [0m | [0m1.116    [0m | [0m0.2542   [0m | [0m8.765    [0m | [0m1.041    [0m |
[0.   0.02 0.07 0.1  0.1  0.11 0.16 0.21 0.21 0.25 0.33 0.34 0.44 0.45
 0.45 0.47 0.49 0.51 0.51 0.54 0.57 0.58 0.59 0.6  0.61 0.62 0.63 0.64
 0.67 0.71 0.83 0.84 0.91 0.98 1.05 1.06 1.12 1.18 1.2  1.23 1.39 1.46
 1.46 1.7  1.79 1.82 1.84 1.86 1.89 1.89 1.9  1.94 1.99 2.04 2.37 2.53
 2.59 4.1 ]
var: 0.6539821640903686
| [0m30       [0m | [0m1.016    [0m | [0m0.02276  [0m | [0m24.74    [0m | [0m1.184    [0m |
[0.09 0.2  0.2  0.27 0.37 0.43 0.46 0.53 0.61 0.65 0.68 0.7  0.75 0.81
 0.82 0.84 0.87 0.88 0.89 0.92 1.09 1.1  1.11 1.19 1.19 1.2  1.25 1.27
 1.3  1.37 1.37 1.38 1.4  1.46 1.5  1.55 1.64 1.65 1.66 1.71 1.75 1.83
 1.88 1.9  2.   2.03 2.12 2.16 2.16 2.37 2.38 2.5  2.72 3.6  3.84 3.88
 4.76 8.35]
var: 1.6843009809750298
| [0m31       [0m | [0m1.579    [0m | [0m0.04019  [0m | [0m32.03    [0m | [0m0.4042   [0m |
[0.   0.   0.   0.01 0.06 0.06 0.1  0.11 0.13 0.14 0.15 0.17 0.19 0.19
 0.19 0.21 0.21 0.22 0.23 0.24 0.24 0.26 0.29 0.29 0.3  0.3  0.32 0.34
 0.35 0.35 0.36 0.37 0.38 0.38 0.4  0.45 0.46 0.49 0.49 0.49 0.51 0.53
 0.53 0.54 0.57 0.57 0.59 0.63 0.64 0.64 0.71 0.72 0.92 0.98 1.11 1.72
 2.13 2.56]
var: 0.2167337693222357
| [0m32       [0m | [0m0.4572   [0m | [0m0.03225  [0m | [0m21.82    [0m | [0m2.901    [0m |
[0.   0.04 0.05 0.08 0.1  0.13 0.19 0.19 0.21 0.21 0.21 0.25 0.25 0.27
 0.28 0.3  0.35 0.39 0.41 0.47 0.49 0.55 0.57 0.57 0.57 0.58 0.58 0.58
 0.61 0.63 0.64 0.65 0.71 0.72 0.75 0.8  0.86 0.88 0.89 0.98 1.   1.01
 1.02 1.03 1.07 1.12 1.16 1.34 1.42 1.49 1.61 1.65 1.95 2.35 2.38 2.47
 2.58]
var: 0.4015865189289012
| [0m33       [0m | [0m0.7832   [0m | [0m0.02708  [0m | [0m22.48    [0m | [0m1.488    [0m |
[0.84 0.89 1.   1.13 1.14 1.15 1.25 1.26 1.28 1.65 1.66 1.7  1.72 1.83
 2.   2.02 2.03 2.07 2.08 2.23 2.42 2.54 2.55 2.58 2.59 2.68 2.7  2.82
 2.82 2.9  2.92 2.93 2.96 3.   3.16 3.26 3.35 3.37 3.39 3.4  3.41 3.42
 3.52 3.59 3.62 3.73 3.78 3.79 3.86 3.91 4.34 4.5  5.05 5.21 5.25 5.42
 5.79]
var: 1.4565772853185597
| [95m34       [0m | [95m2.833    [0m | [95m0.05139  [0m | [95m7.365    [0m | [95m0.0374   [0m |
[0.56 0.9  0.93 0.95 1.04 1.48 1.62 1.73 1.76 1.98 2.   2.01 2.02 2.03
 2.12 2.13 2.14 2.19 2.2  2.25 2.27 2.27 2.35 2.4  2.45 2.49 2.49 2.52
 2.53 2.57 2.57 2.6  2.66 2.81 2.82 2.89 2.98 3.21 3.51 3.54 3.57 3.76
 3.93 3.95 3.99 4.02 4.05 4.07 4.1  4.11 4.55 4.7  4.83 5.83 5.86 5.97]
var: 1.5217917091836732
| [95m35       [0m | [95m2.844    [0m | [95m0.133    [0m | [95m11.48    [0m | [95m0.1002   [0m |
[0.16 0.17 0.46 0.53 0.64 0.7  0.77 0.88 0.91 0.91 0.97 1.08 1.11 1.24
 1.26 1.36 1.38 1.4  1.5  1.53 1.59 1.61 1.63 1.65 1.67 1.76 1.85 1.9
 1.93 1.99 2.05 2.06 2.06 2.06 2.07 2.1  2.12 2.16 2.21 2.22 2.27 2.32
 2.49 2.52 2.62 2.63 2.66 2.71 2.74 2.82 2.98 3.22 3.23 3.33 4.18 4.34
 5.17]
var: 0.9768491843644199
| [0m36       [0m | [0m1.928    [0m | [0m0.07727  [0m | [0m24.12    [0m | [0m0.3448   [0m |
[0.21 0.34 0.34 0.49 0.56 0.58 0.62 0.79 0.8  0.96 0.97 1.13 1.24 1.3
 1.31 1.33 1.41 1.47 1.5  1.51 1.53 1.59 1.6  1.61 1.66 1.69 1.72 1.75
 1.78 1.79 1.79 1.8  1.84 1.88 1.88 1.89 1.92 2.06 2.07 2.26 2.26 2.28
 2.32 2.48 2.58 2.62 2.67 2.69 2.75 2.9  2.9  2.92 3.09 3.22 3.23 3.61
 4.48]
var: 0.7649959987688516
| [0m37       [0m | [0m1.824    [0m | [0m0.1126   [0m | [0m12.37    [0m | [0m0.4424   [0m |
[0.   0.   0.   0.01 0.03 0.03 0.03 0.04 0.07 0.07 0.12 0.13 0.14 0.16
 0.16 0.16 0.17 0.18 0.18 0.2  0.21 0.21 0.22 0.28 0.29 0.29 0.32 0.33
 0.33 0.36 0.37 0.37 0.38 0.38 0.47 0.48 0.48 0.53 0.53 0.53 0.55 0.56
 0.57 0.58 0.6  0.61 0.62 0.78 0.9  0.92 0.94 0.97 1.1  1.22 1.25 1.39
 1.71]
var: 0.14485263157894726
| [0m38       [0m | [0m0.43     [0m | [0m0.2209   [0m | [0m48.92    [0m | [0m1.177    [0m |
[0.   0.   0.   0.   0.02 0.03 0.03 0.05 0.06 0.08 0.09 0.11 0.11 0.12
 0.15 0.16 0.17 0.17 0.18 0.19 0.19 0.19 0.2  0.2  0.2  0.21 0.22 0.25
 0.25 0.25 0.27 0.29 0.3  0.31 0.31 0.36 0.36 0.41 0.41 0.43 0.46 0.5
 0.51 0.53 0.56 0.57 0.58 0.6  0.6  0.63 0.64 0.74 0.75 0.88 1.23 1.36]
var: 0.08190532525510215
| [0m39       [0m | [0m0.3298   [0m | [0m0.1089   [0m | [0m40.63    [0m | [0m2.139    [0m |
[0.   0.02 0.02 0.03 0.05 0.05 0.05 0.07 0.08 0.09 0.11 0.13 0.15 0.15
 0.17 0.17 0.18 0.18 0.19 0.19 0.2  0.23 0.24 0.25 0.25 0.25 0.27 0.29
 0.34 0.35 0.37 0.37 0.39 0.4  0.46 0.47 0.47 0.48 0.49 0.5  0.53 0.53
 0.56 0.56 0.56 0.59 0.63 0.64 0.65 0.68 0.69 0.85 0.86 1.04 1.07 1.16
 1.25 1.86 1.93]
var: 0.1612950876185002
| [0m40       [0m | [0m0.4371   [0m | [0m0.1006   [0m | [0m25.24    [0m | [0m2.437    [0m |
[0.05 0.25 0.32 0.35 0.37 0.44 0.5  0.56 0.62 0.67 0.72 0.75 0.76 0.83
 0.88 0.91 0.96 0.99 1.04 1.05 1.1  1.13 1.23 1.24 1.33 1.37 1.41 1.6
 1.62 1.66 1.69 1.69 1.78 1.88 2.   2.07 2.16 2.22 2.24 2.35 2.36 2.39
 2.42 2.45 2.59 2.6  2.67 2.68 2.75 2.78 2.78 3.57 3.62 4.06 4.26 4.42
 4.47 5.32 6.01]
var: 1.6875426601551275
| [0m41       [0m | [0m1.881    [0m | [0m1e-08    [0m | [0m6.805    [0m | [0m0.001    [0m |
[0.49 0.79 0.81 0.9  0.93 0.97 1.   1.   1.05 1.06 1.09 1.18 1.36 1.39
 1.47 1.52 1.59 1.61 1.67 1.73 1.76 1.77 1.78 1.85 1.85 1.9  1.92 1.95
 1.95 2.01 2.06 2.08 2.08 2.12 2.13 2.22 2.23 2.32 2.37 2.37 2.38 2.53
 2.55 2.59 2.6  2.6  2.61 2.65 2.68 2.77 2.79 3.01 3.03 3.2  3.24 3.56
 3.65 3.72 4.18 4.64]
var: 0.7517227499999998
| [0m42       [0m | [0m2.089    [0m | [0m0.2425   [0m | [0m31.08    [0m | [0m0.02939  [0m |
[0.53 0.78 0.82 0.83 0.91 1.01 1.04 1.15 1.18 1.19 1.24 1.31 1.39 1.41
 1.52 1.58 1.72 1.82 1.91 1.93 1.96 1.99 1.99 2.02 2.06 2.06 2.15 2.22
 2.25 2.29 2.3  2.36 2.41 2.41 2.43 2.54 2.64 2.67 2.67 2.74 2.75 2.79
 2.81 2.97 3.07 3.08 3.09 3.13 3.26 3.33 3.4  3.41 3.63 3.77 4.64 4.68
 5.12]
var: 0.9967577716220374
| [0m43       [0m | [0m2.287    [0m | [0m0.08283  [0m | [0m7.801    [0m | [0m0.02738  [0m |
[0.2  0.24 0.25 0.27 0.31 0.32 0.37 0.39 0.41 0.42 0.49 0.56 0.57 0.58
 0.61 0.66 0.74 0.79 0.82 0.84 0.87 0.87 0.95 0.96 0.98 0.98 1.02 1.2
 1.25 1.3  1.34 1.37 1.37 1.38 1.42 1.43 1.46 1.52 1.68 1.68 1.7  1.81
 2.05 2.13 2.17 2.18 2.2  2.27 2.3  2.38 2.41 3.1  3.25 3.34 3.67 3.77
 4.43 4.97]
var: 1.1744799048751489
| [0m44       [0m | [0m1.466    [0m | [0m1e-08    [0m | [0m11.04    [0m | [0m0.001    [0m |
[0.   0.   0.   0.   0.   0.   0.   0.   0.   0.   0.   0.   0.   0.
 0.   0.   0.   0.   0.   0.   0.01 0.01 0.01 0.01 0.02 0.02 0.03 0.03
 0.03 0.04 0.04 0.04 0.05 0.05 0.05 0.05 0.06 0.06 0.06 0.06 0.07 0.09
 0.09 0.1  0.11 0.15 0.15 0.15 0.15 0.16 0.18 0.22 0.23 0.24 0.24 0.31
 0.31 0.32]
var: 0.007923067776456669
| [0m45       [0m | [0m0.06897  [0m | [0m0.3      [0m | [0m11.82    [0m | [0m0.001    [0m |
[0.   0.   0.01 0.02 0.07 0.07 0.07 0.09 0.12 0.15 0.18 0.18 0.19 0.27
 0.27 0.3  0.3  0.31 0.31 0.32 0.33 0.34 0.34 0.35 0.36 0.37 0.38 0.39
 0.44 0.45 0.45 0.46 0.48 0.49 0.5  0.51 0.53 0.55 0.57 0.58 0.63 0.64
 0.67 0.68 0.74 0.75 0.8  0.81 0.9  1.04 1.27 1.39 1.85 1.9  2.15 2.25]
var: 0.25772777423469373
| [0m46       [0m | [0m0.5459   [0m | [0m0.2147   [0m | [0m37.63    [0m | [0m1.625    [0m |
[0.45 0.48 0.58 1.05 1.09 1.11 1.12 1.13 1.16 1.17 1.24 1.31 1.62 1.72
 1.78 1.85 1.94 1.95 1.97 2.01 2.14 2.26 2.3  2.32 2.34 2.37 2.41 2.45
 2.5  2.59 2.61 2.61 2.63 2.64 2.68 2.72 2.78 2.79 2.82 2.96 2.96 3.14
 3.15 3.34 3.44 3.53 3.57 3.67 3.73 3.73 3.81 3.83 3.86 4.01 4.11 4.13
 4.17 4.77]
var: 1.0823662306777644
| [0m47       [0m | [0m2.493    [0m | [0m0.02958  [0m | [0m11.4     [0m | [0m0.2672   [0m |
[0.   0.   0.   0.   0.   0.   0.   0.   0.   0.   0.   0.   0.   0.
 0.   0.   0.   0.   0.   0.   0.01 0.01 0.01 0.02 0.02 0.02 0.03 0.03
 0.03 0.03 0.04 0.04 0.04 0.05 0.05 0.06 0.06 0.07 0.07 0.07 0.08 0.08
 0.08 0.1  0.11 0.12 0.14 0.15 0.17 0.18 0.2  0.21 0.21 0.25]
var: 0.004393278463648849
| [0m48       [0m | [0m0.05259  [0m | [0m0.2872   [0m | [0m7.457    [0m | [0m0.001    [0m |
[0.   0.01 0.03 0.04 0.05 0.05 0.07 0.09 0.1  0.1  0.1  0.12 0.13 0.13
 0.15 0.18 0.18 0.18 0.18 0.19 0.2  0.21 0.21 0.26 0.27 0.27 0.32 0.33
 0.36 0.36 0.38 0.39 0.41 0.41 0.41 0.42 0.43 0.43 0.44 0.44 0.46 0.46
 0.46 0.49 0.51 0.52 0.55 0.59 0.6  0.66 0.66 0.71 0.73 0.79 0.96 1.28]
var: 0.06391517857142871
| [0m49       [0m | [0m0.3475   [0m | [0m0.2286   [0m | [0m39.1     [0m | [0m2.554    [0m |
[0.01 0.03 0.06 0.1  0.11 0.16 0.22 0.24 0.26 0.27 0.32 0.33 0.35 0.4
 0.4  0.41 0.43 0.45 0.47 0.49 0.54 0.55 0.55 0.56 0.58 0.61 0.61 0.61
 0.62 0.62 0.63 0.66 0.69 0.71 0.76 0.78 0.79 0.82 0.83 0.93 1.15 1.17
 1.17 1.2  1.25 1.28 1.31 1.36 1.37 1.41 1.48 1.49 1.53 1.81 1.92 2.27
 2.32]
var: 0.29767891658972023
| [0m50       [0m | [0m0.7798   [0m | [0m0.1184   [0m | [0m9.568    [0m | [0m1.332    [0m |
[0.   0.   0.   0.   0.01 0.01 0.02 0.03 0.04 0.05 0.1  0.11 0.11 0.16
 0.16 0.18 0.2  0.2  0.2  0.25 0.25 0.26 0.29 0.29 0.3  0.32 0.33 0.34
 0.37 0.37 0.37 0.39 0.4  0.41 0.43 0.45 0.46 0.51 0.57 0.59 0.61 0.63
 0.63 0.64 0.69 0.71 1.08 1.13 1.16 1.17 1.28 1.3  1.39 1.87]
var: 0.17421728395061734
| [0m51       [0m | [0m0.4411   [0m | [0m0.2046   [0m | [0m31.2     [0m | [0m1.737    [0m |
[0.15 0.33 0.75 0.91 1.05 1.07 1.16 1.22 1.32 1.34 1.52 1.52 1.66 1.67
 1.85 1.93 2.08 2.09 2.16 2.23 2.35 2.44 2.48 2.54 2.54 2.6  2.65 2.69
 2.79 2.8  2.83 2.87 2.89 2.9  2.94 3.15 3.18 3.31 3.51 3.55 3.65 3.75
 3.77 3.85 3.89 3.93 4.02 4.33 4.34 4.37 4.38 4.39 4.42 4.58 6.76 7.25]
var: 1.9484468112244886
| [0m52       [0m | [0m2.798    [0m | [0m0.1448   [0m | [0m11.5     [0m | [0m0.08071  [0m |
[0.   0.   0.02 0.02 0.03 0.07 0.1  0.1  0.1  0.11 0.11 0.12 0.13 0.14
 0.18 0.21 0.26 0.26 0.29 0.29 0.33 0.34 0.35 0.36 0.41 0.44 0.44 0.44
 0.44 0.47 0.48 0.48 0.5  0.52 0.52 0.52 0.54 0.56 0.59 0.62 0.65 0.66
 0.71 0.71 0.77 0.8  0.88 0.91 0.99 1.01 1.06 1.06 1.14 1.33 1.34 1.34
 1.47 1.67]
var: 0.16597565398335343
| [0m53       [0m | [0m0.524    [0m | [0m0.2511   [0m | [0m15.45    [0m | [0m2.341    [0m |
[1.02 1.16 1.24 1.37 1.48 1.48 1.62 1.8  2.05 2.1  2.3  2.59 2.61 2.64
 2.67 2.73 2.79 2.98 3.   3.21 3.25 3.28 3.3  3.35 3.4  3.45 3.53 3.55
 3.6  3.66 3.73 3.85 3.92 4.   4.02 4.04 4.25 4.48 4.56 4.71 4.86 4.92
 4.92 5.07 5.23 5.24 5.52 5.6  5.78 5.9  5.97 6.19 6.2  6.37 7.22 8.74]
var: 2.6914748724489783
| [95m54       [0m | [95m3.795    [0m | [95m0.0005737[0m | [95m7.473    [0m | [95m0.06584  [0m |
[0.51 1.   1.47 1.51 1.54 1.6  1.7  1.83 1.84 1.89 2.02 2.02 2.11 2.13
 2.15 2.18 2.24 2.33 2.34 2.36 2.46 2.46 2.54 2.56 2.59 2.64 2.64 2.65
 2.73 2.93 2.94 2.97 2.98 3.03 3.12 3.28 3.32 3.46 3.47 3.49 3.59 3.63
 3.63 3.68 3.84 3.89 4.   4.16 4.33 4.39 4.67 4.69 4.89 5.26 5.4  5.47
 5.57 5.81 6.51]
var: 1.6164239586325766
| [0m55       [0m | [0m3.092    [0m | [0m0.07451  [0m | [0m7.639    [0m | [0m0.09462  [0m |
[0.05 0.05 0.08 0.09 0.1  0.11 0.12 0.12 0.16 0.17 0.18 0.2  0.24 0.26
 0.27 0.28 0.34 0.38 0.39 0.4  0.44 0.45 0.45 0.48 0.48 0.51 0.51 0.52
 0.55 0.56 0.58 0.59 0.6  0.63 0.65 0.65 0.67 0.68 0.72 0.73 0.75 0.79
 0.85 0.88 0.93 0.97 1.04 1.07 1.08 1.09 1.17 1.39 1.45 1.49 1.49 1.78]
var: 0.17163099489795913
| [0m56       [0m | [0m0.6011   [0m | [0m0.1369   [0m | [0m49.03    [0m | [0m0.747    [0m |
[0.1  0.17 0.31 0.31 0.32 0.34 0.42 0.46 0.47 0.58 0.68 0.73 0.78 0.86
 0.92 1.07 1.08 1.13 1.21 1.21 1.27 1.27 1.27 1.27 1.39 1.43 1.44 1.47
 1.49 1.51 1.54 1.56 1.59 1.6  1.75 1.81 1.92 1.93 2.06 2.14 2.23 2.28
 2.44 2.6  2.67 2.71 2.74 2.88 3.06 3.07 3.08 3.21 3.47 3.5  3.52 3.53
 3.53 3.77 4.48 5.15]
var: 1.3276643333333333
| [0m57       [0m | [0m1.813    [0m | [0m1e-08    [0m | [0m7.561    [0m | [0m0.001    [0m |
[0.5  0.61 0.7  1.01 1.12 1.25 1.37 1.38 1.38 1.52 1.58 1.96 1.96 1.98
 1.99 2.07 2.08 2.37 2.44 2.49 2.54 2.63 2.72 2.73 2.85 2.96 3.13 3.15
 3.25 3.26 3.44 3.61 3.61 3.68 3.75 3.83 3.89 3.96 3.98 3.99 4.01 4.19
 4.2  4.21 4.37 4.49 4.49 4.57 4.63 4.92 4.98 5.33 5.86 5.94 8.13 8.2 ]
var: 2.6909122448979597
| [0m58       [0m | [0m3.236    [0m | [0m0.01784  [0m | [0m7.473    [0m | [0m0.1457   [0m |
[0.53 0.58 0.81 1.1  1.11 1.45 1.55 1.6  1.65 1.66 1.7  1.71 1.74 1.75
 1.85 2.1  2.16 2.39 2.39 2.61 2.74 2.85 2.86 2.97 2.97 3.02 3.02 3.09
 3.11 3.14 3.19 3.41 3.42 3.44 3.47 3.63 3.72 3.72 3.75 4.07 4.18 4.18
 4.3  4.45 4.5  4.57 4.84 5.32 5.47 5.64 5.88 5.9  6.1  6.16 6.38 7.63
 7.64 8.51]
var: 3.2958130796670626
| [0m59       [0m | [0m3.443    [0m | [0m0.003698 [0m | [0m11.5     [0m | [0m0.1353   [0m |
[0.   0.   0.   0.   0.   0.01 0.02 0.02 0.02 0.06 0.08 0.08 0.09 0.09
 0.1  0.12 0.12 0.12 0.12 0.12 0.14 0.14 0.14 0.15 0.15 0.15 0.16 0.21
 0.24 0.24 0.25 0.25 0.26 0.27 0.27 0.28 0.31 0.31 0.34 0.35 0.37 0.39
 0.39 0.39 0.42 0.43 0.46 0.47 0.48 0.54 0.55 0.55 0.59 0.59 0.62 0.73
 0.75 0.86]
var: 0.045449108204518605
| [0m60       [0m | [0m0.2648   [0m | [0m0.13     [0m | [0m47.15    [0m | [0m2.959    [0m |
[0.05 0.07 0.11 0.14 0.17 0.2  0.21 0.26 0.28 0.28 0.3  0.3  0.38 0.43
 0.47 0.48 0.5  0.5  0.51 0.55 0.57 0.59 0.61 0.61 0.62 0.64 0.65 0.65
 0.65 0.66 0.68 0.71 0.72 0.73 0.76 0.9  0.96 0.98 1.05 1.06 1.13 1.13
 1.18 1.2  1.21 1.23 1.26 1.33 1.38 1.42 1.43 1.58 2.06 2.1  2.12 2.2
 2.24 2.3 ]
var: 0.34614271700356736
| [0m61       [0m | [0m0.8533   [0m | [0m0.03947  [0m | [0m8.462    [0m | [0m1.399    [0m |
[0.16 0.18 0.63 0.79 0.86 1.17 1.54 1.62 1.7  1.84 1.91 1.93 1.96 2.06
 2.13 2.21 2.23 2.28 2.32 2.34 2.39 2.52 2.54 2.58 2.63 2.69 2.76 2.79
 2.81 2.86 2.94 2.95 2.97 2.98 3.31 3.34 3.47 3.47 3.53 3.59 3.77 3.81
 3.85 3.86 3.87 3.9  3.99 4.   4.   4.01 4.01 4.36 4.4  4.55 4.81 4.98
 5.   5.4  5.98]
var: 1.5766375754093649
| [0m62       [0m | [0m2.941    [0m | [0m0.07948  [0m | [0m7.432    [0m | [0m0.1028   [0m |
[0.   0.04 0.14 0.15 0.2  0.23 0.31 0.32 0.33 0.36 0.39 0.41 0.48 0.49
 0.52 0.54 0.55 0.58 0.61 0.63 0.65 0.66 0.73 0.74 0.74 0.75 0.77 0.79
 0.79 0.8  0.81 0.82 0.83 0.84 0.85 0.86 0.88 1.02 1.04 1.13 1.19 1.2
 1.24 1.26 1.32 1.34 1.4  1.41 1.43 1.49 1.51 1.6  1.76 1.81 1.89 1.92
 2.48 2.52 3.2 ]
var: 0.39811651824188476
| [0m63       [0m | [0m0.9449   [0m | [0m0.2784   [0m | [0m27.67    [0m | [0m0.7384   [0m |
[0.06 0.13 0.36 0.41 0.43 0.48 0.9  1.14 1.15 1.26 1.4  1.42 1.46 1.47
 1.6  1.67 1.89 2.01 2.06 2.16 2.17 2.19 2.24 2.29 2.3  2.42 2.44 2.53
 2.62 2.71 2.76 2.79 2.86 2.91 2.95 2.97 3.12 3.12 3.15 3.26 3.38 3.42
 3.55 3.59 3.59 3.69 3.81 4.51 4.58 4.72 4.75 4.88 4.92 4.96 5.95 6.18
 6.56]
var: 2.2860946137273004
| [0m64       [0m | [0m2.707    [0m | [0m0.01082  [0m | [0m11.52    [0m | [0m0.1698   [0m |
[0.06 0.08 0.14 0.14 0.16 0.17 0.17 0.18 0.19 0.2  0.21 0.21 0.23 0.24
 0.25 0.34 0.35 0.37 0.39 0.42 0.43 0.44 0.45 0.47 0.48 0.49 0.49 0.52
 0.53 0.54 0.55 0.56 0.59 0.59 0.6  0.74 0.78 0.79 0.85 0.86 0.88 0.9
 0.94 0.96 0.97 1.08 1.1  1.13 1.21 1.23 1.24 1.32 1.36 1.51 1.67 1.86
 1.9 ]
var: 0.2108857494613724
| [0m65       [0m | [0m0.6581   [0m | [0m0.2977   [0m | [0m8.616    [0m | [0m2.303    [0m |
[0.18 0.39 0.4  0.52 0.63 0.95 1.32 1.37 1.38 1.46 1.49 1.53 1.56 1.63
 1.65 1.68 1.71 1.73 1.75 1.75 1.85 1.99 2.01 2.09 2.1  2.18 2.22 2.31
 2.35 2.37 2.44 2.47 2.48 2.54 2.59 2.6  2.73 2.73 2.82 2.95 3.02 3.07
 3.14 3.14 3.52 3.53 3.64 3.67 3.71 3.76 3.86 3.89 3.92 4.33 4.54 4.54
 4.71 5.17 5.59 5.64]
var: 1.6049483055555553
| [0m66       [0m | [0m2.555    [0m | [0m0.1192   [0m | [0m11.49    [0m | [0m0.1152   [0m |
[0.48 0.52 0.8  0.83 1.09 1.25 1.43 1.44 1.57 1.72 1.84 2.01 2.01 2.05
 2.05 2.23 2.28 2.43 2.43 2.46 2.46 2.46 2.47 2.53 2.54 2.59 2.77 2.78
 2.78 2.78 2.8  2.95 2.97 3.   3.01 3.03 3.12 3.21 3.25 3.3  3.31 3.37
 3.42 3.44 3.45 3.64 3.65 3.74 4.3  4.32 4.35 4.45 4.49 4.62 4.76 4.9
 5.08 5.75]
var: 1.3437133174791904
| [0m67       [0m | [0m2.841    [0m | [0m0.09306  [0m | [0m11.43    [0m | [0m0.03025  [0m |
[0.   0.04 0.06 0.11 0.12 0.12 0.12 0.14 0.15 0.15 0.16 0.17 0.17 0.18
 0.22 0.23 0.28 0.32 0.33 0.33 0.35 0.36 0.37 0.39 0.39 0.39 0.39 0.41
 0.45 0.47 0.49 0.49 0.49 0.5  0.51 0.53 0.53 0.54 0.56 0.59 0.59 0.64
 0.68 0.69 0.71 0.72 0.72 0.73 0.76 0.84 0.88 0.97 0.98 1.06 1.16 1.22
 1.68]
var: 0.10861089566020339
| [0m68       [0m | [0m0.4847   [0m | [0m0.03764  [0m | [0m2.276    [0m | [0m2.192    [0m |
[0.04 0.06 0.12 0.17 0.18 0.23 0.24 0.24 0.26 0.28 0.3  0.3  0.31 0.32
 0.35 0.36 0.44 0.47 0.51 0.51 0.54 0.54 0.56 0.57 0.58 0.6  0.6  0.62
 0.64 0.68 0.68 0.73 0.82 0.83 0.92 0.93 0.94 0.99 1.02 1.04 1.05 1.1
 1.11 1.21 1.24 1.29 1.31 1.32 1.55 1.58 1.73 1.93 2.27 2.58]
var: 0.301897839506173
| [0m69       [0m | [0m0.7739   [0m | [0m0.2768   [0m | [0m37.32    [0m | [0m0.6306   [0m |
[0.   0.01 0.02 0.04 0.05 0.05 0.05 0.06 0.07 0.07 0.11 0.13 0.13 0.15
 0.15 0.15 0.17 0.18 0.18 0.2  0.2  0.21 0.21 0.22 0.23 0.23 0.23 0.24
 0.24 0.27 0.27 0.27 0.28 0.29 0.31 0.32 0.32 0.33 0.35 0.35 0.35 0.36
 0.36 0.37 0.39 0.39 0.47 0.47 0.47 0.49 0.51 0.61 0.62 0.76]
var: 0.027175582990397545
| [0m70       [0m | [0m0.2585   [0m | [0m0.03216  [0m | [0m47.03    [0m | [0m2.661    [0m |
[0.   0.   0.   0.   0.   0.01 0.01 0.01 0.02 0.02 0.02 0.03 0.03 0.03
 0.03 0.04 0.04 0.04 0.04 0.04 0.05 0.05 0.06 0.06 0.07 0.07 0.07 0.07
 0.07 0.08 0.08 0.09 0.1  0.11 0.11 0.11 0.12 0.12 0.12 0.12 0.12 0.14
 0.14 0.19 0.19 0.22 0.23 0.23 0.24 0.26 0.27 0.29 0.32 0.32 0.33 0.34
 0.35]
var: 0.010313265620190843
| [0m71       [0m | [0m0.1109   [0m | [0m0.2811   [0m | [0m20.71    [0m | [0m0.003076 [0m |
[0.13 0.2  0.26 0.4  0.43 0.73 0.9  1.32 1.58 1.7  1.72 1.8  1.95 1.99
 2.12 2.14 2.16 2.17 2.25 2.31 2.39 2.41 2.55 2.7  2.76 2.82 2.91 3.01
 3.02 3.07 3.1  3.13 3.27 3.32 3.59 3.67 3.82 3.85 3.87 3.9  3.93 3.98
 4.01 4.11 4.31 4.34 4.7  4.71 4.87 5.01 5.08 5.16 5.54 5.55 5.99 6.61
 7.08]
var: 2.6010494921514304
| [0m72       [0m | [0m3.095    [0m | [0m0.02355  [0m | [0m7.418    [0m | [0m0.1689   [0m |
[0.02 0.03 0.04 0.09 0.1  0.11 0.12 0.17 0.17 0.17 0.18 0.19 0.2  0.2
 0.29 0.3  0.32 0.37 0.41 0.42 0.44 0.45 0.46 0.46 0.46 0.49 0.49 0.49
 0.49 0.52 0.55 0.61 0.63 0.65 0.67 0.67 0.68 0.72 0.73 0.75 0.77 0.83
 0.84 0.85 0.86 0.88 0.91 1.04 1.05 1.07 1.13 1.31 1.54 1.56 1.64 1.71
 1.84 1.94 2.31]
var: 0.26696047112898597
| [0m73       [0m | [0m0.6676   [0m | [0m0.1597   [0m | [0m6.369    [0m | [0m1.823    [0m |
[0.   0.   0.   0.01 0.01 0.02 0.03 0.03 0.04 0.04 0.05 0.07 0.07 0.09
 0.1  0.11 0.16 0.19 0.2  0.22 0.23 0.25 0.26 0.26 0.27 0.29 0.29 0.32
 0.37 0.38 0.39 0.39 0.4  0.42 0.46 0.48 0.53 0.63 0.68 0.7  0.76 0.79
 0.8  0.91 0.92 0.95 0.97 1.07 1.08 1.09 1.11 1.19 1.27 1.29 1.35 1.47
 1.98 2.11]
var: 0.25577719976218805
| [0m74       [0m | [0m0.5267   [0m | [0m0.1709   [0m | [0m41.51    [0m | [0m1.451    [0m |
[0.15 0.16 0.34 0.39 0.44 0.47 0.5  0.55 0.6  0.63 0.73 0.95 1.01 1.06
 1.08 1.13 1.33 1.48 1.65 1.69 1.77 1.83 1.87 1.89 1.91 1.95 1.97 1.99
 2.14 2.16 2.2  2.24 2.25 2.29 2.38 2.47 2.58 2.59 2.63 2.65 2.79 2.82
 2.82 2.94 2.97 3.28 3.37 3.59 3.77 3.94 4.33 4.43 4.54 4.61 4.89 4.9 ]
var: 1.6329497130102026
| [0m75       [0m | [0m2.144    [0m | [0m0.005059 [0m | [0m15.67    [0m | [0m0.3065   [0m |
[0.69 0.95 1.36 1.37 1.49 1.65 1.76 2.05 2.14 2.16 2.25 2.29 2.39 2.46
 2.57 2.68 2.75 2.86 2.93 2.97 2.99 3.17 3.19 3.2  3.27 3.33 3.4  3.44
 3.48 3.49 3.56 3.59 3.6  3.67 3.68 3.7  3.73 3.8  3.83 3.88 3.92 4.
 4.12 4.15 4.21 4.26 4.32 4.34 4.34 4.53 4.66 4.76 4.81 4.85 4.91 6.01
 6.05 6.11 8.58]
var: 1.8417675380637752
| [0m76       [0m | [0m3.469    [0m | [0m0.01091  [0m | [0m7.432    [0m | [0m0.09359  [0m |
[0.15 0.5  1.08 1.3  1.39 1.42 1.44 1.56 1.58 1.66 1.68 1.73 1.86 1.86
 1.95 1.95 1.96 2.07 2.08 2.09 2.1  2.18 2.26 2.3  2.31 2.33 2.36 2.46
 2.53 2.59 2.9  2.94 2.95 2.98 3.01 3.02 3.03 3.1  3.11 3.15 3.17 3.18
 3.18 3.22 3.31 3.47 3.74 3.76 3.77 3.94 4.13 4.18 4.18 4.25 4.89 5.08
 5.41 5.46 5.61 7.23]
var: 1.7040482222222226
| [0m77       [0m | [0m2.835    [0m | [0m0.1138   [0m | [0m7.531    [0m | [0m0.1354   [0m |
[0.95 0.95 0.95 0.99 1.   1.01 1.27 1.35 1.43 1.45 1.53 1.54 1.6  1.6
 1.77 1.81 1.94 2.06 2.09 2.21 2.21 2.25 2.26 2.29 2.3  2.36 2.38 2.39
 2.41 2.44 2.47 2.59 2.67 2.71 2.8  2.86 2.89 2.9  2.93 2.94 2.98 3.
 3.03 3.26 3.48 3.53 3.7  3.85 4.04 4.11 4.13 4.16 4.2  4.24 4.32 4.72
 4.85 5.66 6.12]
var: 1.416198103993105
| [0m78       [0m | [0m2.677    [0m | [0m0.2845   [0m | [0m13.96    [0m | [0m0.08575  [0m |
[0.87 1.07 1.08 1.34 1.49 1.5  1.52 2.09 2.09 2.14 2.18 2.2  2.24 2.29
 2.32 2.39 2.45 2.48 2.48 2.49 2.58 2.69 2.7  2.7  2.76 2.8  2.85 2.86
 2.87 2.97 3.01 3.02 3.05 3.07 3.09 3.49 3.6  3.68 3.68 3.69 3.76 3.78
 3.78 3.85 3.9  4.16 4.22 4.27 4.28 4.28 4.31 4.64 4.66 4.77 5.07 5.39
 5.75]
var: 1.218210587873192
| [0m79       [0m | [0m3.066    [0m | [0m0.03499  [0m | [0m11.47    [0m | [0m0.09108  [0m |
[0.   0.01 0.04 0.07 0.09 0.11 0.13 0.13 0.15 0.16 0.17 0.18 0.19 0.2
 0.21 0.21 0.23 0.24 0.26 0.27 0.29 0.3  0.31 0.31 0.32 0.32 0.37 0.38
 0.39 0.41 0.42 0.42 0.47 0.48 0.48 0.5  0.54 0.55 0.57 0.63 0.64 0.67
 0.67 0.78 0.84 0.91 0.91 0.92 0.96 0.98 0.99 1.08 1.1  1.19 1.38 1.41
 1.75]
var: 0.15177660818713468
| [0m80       [0m | [0m0.5033   [0m | [0m0.08     [0m | [0m3.24     [0m | [0m1.974    [0m |
=============================================================
None
num_trials:  40  inits,  40  iters,  60  per
rho:  1.1
pthin:  0.30

Best VPT: 3.7946428571428585
Best result: {'a': 0.0005737356341685564, 'g': 7.47343781935758, 's': 0.0658398279712942}

KERNEL: nu=1.5, lengthscale=2.0, alpha=0.0005
