|   iter    |  target   |     a     |     g     |     s     |
-------------------------------------------------------------
[0.   0.   0.   0.   0.   0.   0.02 0.02 0.03 0.03 0.03 0.04 0.06 0.06
 0.07 0.07 0.08 0.1  0.1  0.1  0.11 0.11 0.13 0.14 0.15 0.15 0.16 0.18
 0.26 0.27 0.28 0.28 0.28 0.29 0.29 0.3  0.32 0.32 0.32 0.33 0.36 0.36
 0.37 0.37 0.38 0.38 0.39 0.4  0.41 0.42 0.45 0.45 0.46 0.49 0.5  0.51
 0.53 0.57 1.03 1.21]
var: 0.0538948888888889
| [0m1        [0m | [0m0.2587   [0m | [0m0.2573   [0m | [0m45.9     [0m | [0m2.829    [0m |
[0.   0.   0.06 0.1  0.13 0.14 0.15 0.15 0.16 0.2  0.23 0.23 0.23 0.24
 0.29 0.3  0.33 0.33 0.34 0.37 0.38 0.4  0.41 0.45 0.46 0.48 0.48 0.48
 0.49 0.51 0.57 0.6  0.61 0.62 0.63 0.65 0.65 0.68 0.69 0.69 0.73 0.75
 0.75 0.76 0.76 0.81 0.85 0.87 0.9  0.94 1.04 1.08 1.24 1.24 1.43 1.53
 2.06 2.15 2.18 2.49]
var: 0.29004030555555516
| [95m2        [0m | [95m0.6578   [0m | [95m0.0995   [0m | [95m1.82     [0m | [95m1.711    [0m |
[0.01 0.03 0.05 0.08 0.09 0.1  0.1  0.11 0.12 0.2  0.22 0.24 0.27 0.28
 0.29 0.3  0.31 0.33 0.36 0.36 0.36 0.37 0.38 0.42 0.47 0.49 0.5  0.5
 0.51 0.52 0.52 0.55 0.57 0.58 0.64 0.68 0.74 0.77 0.79 0.79 0.93 0.94
 0.96 0.99 1.03 1.12 1.17 1.17 1.32 1.33 1.34 1.35 1.4  1.44 1.46 1.67
 1.76 1.78 1.81 3.29]
var: 0.3589389999999996
| [95m3        [0m | [95m0.721    [0m | [95m0.1761   [0m | [95m29.37    [0m | [95m1.226    [0m |
[0.01 0.06 0.11 0.11 0.12 0.12 0.16 0.19 0.2  0.29 0.31 0.31 0.35 0.36
 0.36 0.45 0.47 0.51 0.54 0.56 0.56 0.62 0.66 0.67 0.67 0.69 0.69 0.72
 0.72 0.72 0.75 0.87 0.88 0.88 0.94 0.95 1.03 1.04 1.13 1.15 1.22 1.26
 1.27 1.31 1.34 1.47 1.48 1.61 1.62 1.78 1.81 1.93 1.93 2.22 2.44 2.72
 2.77 2.86 3.23 3.63]
var: 0.6954947500000004
| [95m4        [0m | [95m1.031    [0m | [95m0.2664   [0m | [95m28.24    [0m | [95m0.7749   [0m |
[0.   0.   0.   0.   0.   0.   0.01 0.02 0.03 0.04 0.04 0.05 0.05 0.05
 0.07 0.08 0.09 0.1  0.1  0.11 0.11 0.13 0.13 0.16 0.16 0.18 0.19 0.21
 0.22 0.22 0.24 0.25 0.27 0.27 0.28 0.29 0.29 0.29 0.3  0.3  0.3  0.31
 0.32 0.32 0.32 0.37 0.38 0.41 0.41 0.41 0.41 0.45 0.47 0.48 0.5  0.5
 0.53 0.54 0.57 1.3 ]
var: 0.046126972222222395
| [0m5        [0m | [0m0.2438   [0m | [0m0.03311  [0m | [0m46.78    [0m | [0m2.258    [0m |
[0.04 0.29 0.32 0.43 0.51 0.84 0.9  0.95 0.99 1.03 1.12 1.15 1.24 1.25
 1.27 1.33 1.35 1.57 1.59 1.7  1.71 1.74 1.81 1.95 1.98 1.99 2.04 2.06
 2.08 2.12 2.19 2.24 2.28 2.48 2.51 2.55 2.57 2.62 2.62 2.8  2.81 2.83
 2.83 2.92 2.96 3.07 3.18 3.25 3.32 3.38 3.52 3.75 3.76 3.84 4.17 4.4
 4.74 5.05 5.09 5.41]
var: 1.5575649722222238
| [95m6        [0m | [95m2.308    [0m | [95m0.2287   [0m | [95m9.459    [0m | [95m0.1583   [0m |
[0.   0.   0.04 0.05 0.05 0.07 0.09 0.11 0.12 0.12 0.12 0.12 0.13 0.14
 0.18 0.18 0.19 0.2  0.21 0.22 0.23 0.24 0.24 0.25 0.31 0.33 0.33 0.34
 0.35 0.37 0.37 0.38 0.39 0.4  0.41 0.41 0.42 0.44 0.44 0.46 0.46 0.46
 0.47 0.47 0.47 0.5  0.52 0.53 0.53 0.55 0.57 0.58 0.6  0.76 0.85 1.02
 1.11 1.11 1.19 1.62]
var: 0.09773433333333317
| [0m7        [0m | [0m0.397    [0m | [0m0.2279   [0m | [0m39.64    [0m | [0m1.497    [0m |
[0.   0.01 0.02 0.02 0.03 0.03 0.03 0.04 0.05 0.05 0.09 0.12 0.17 0.17
 0.18 0.19 0.19 0.22 0.22 0.23 0.24 0.26 0.28 0.3  0.31 0.33 0.33 0.34
 0.38 0.41 0.42 0.46 0.46 0.47 0.48 0.48 0.5  0.51 0.52 0.53 0.54 0.57
 0.59 0.6  0.63 0.67 0.67 0.68 0.69 0.7  0.74 0.78 0.79 0.83 0.9  1.04
 1.05 1.34 1.8  2.08]
var: 0.16253955555555558
| [0m8        [0m | [0m0.4627   [0m | [0m0.1927   [0m | [0m34.29    [0m | [0m2.005    [0m |
[0.06 0.06 0.08 0.09 0.11 0.11 0.14 0.15 0.2  0.21 0.23 0.27 0.28 0.34
 0.38 0.39 0.39 0.41 0.43 0.43 0.44 0.5  0.55 0.63 0.63 0.68 0.69 0.74
 0.77 0.77 0.79 0.94 1.07 1.09 1.09 1.13 1.2  1.21 1.23 1.27 1.27 1.39
 1.54 1.6  1.61 1.65 1.67 1.7  1.73 1.8  1.81 1.84 2.   2.02 2.05 2.1
 2.11 2.18 2.19 2.27]
var: 0.4798194166666669
| [0m9        [0m | [0m0.9785   [0m | [0m0.04192  [0m | [0m8.385    [0m | [0m1.254    [0m |
[0.01 0.01 0.04 0.05 0.07 0.08 0.1  0.11 0.11 0.17 0.18 0.24 0.26 0.3
 0.33 0.33 0.35 0.36 0.36 0.36 0.38 0.38 0.39 0.4  0.43 0.43 0.44 0.45
 0.51 0.51 0.52 0.53 0.54 0.56 0.56 0.57 0.58 0.59 0.61 0.61 0.61 0.62
 0.63 0.63 0.69 0.81 0.84 0.89 0.91 0.97 1.18 1.22 1.23 1.26 1.27 1.56
 1.62 1.82 1.99 2.24]
var: 0.24144888888888924
| [0m10       [0m | [0m0.6133   [0m | [0m0.2114   [0m | [0m19.51    [0m | [0m2.144    [0m |
[0.   0.   0.   0.   0.   0.02 0.03 0.04 0.04 0.04 0.06 0.07 0.09 0.1
 0.12 0.12 0.12 0.12 0.13 0.14 0.16 0.16 0.17 0.17 0.19 0.21 0.24 0.26
 0.26 0.28 0.3  0.31 0.32 0.35 0.35 0.38 0.38 0.39 0.39 0.4  0.41 0.42
 0.42 0.42 0.48 0.48 0.48 0.49 0.53 0.53 0.54 0.56 0.56 0.6  0.61 0.66
 0.69 0.72 1.25 1.66]
var: 0.08629322222222248
| [0m11       [0m | [0m0.3237   [0m | [0m0.06328  [0m | [0m45.43    [0m | [0m1.913    [0m |
[0.   0.   0.   0.01 0.03 0.04 0.04 0.05 0.05 0.06 0.08 0.09 0.11 0.11
 0.14 0.15 0.19 0.2  0.21 0.22 0.22 0.24 0.26 0.28 0.28 0.3  0.31 0.32
 0.33 0.34 0.34 0.34 0.37 0.38 0.38 0.39 0.41 0.42 0.42 0.44 0.44 0.45
 0.47 0.52 0.52 0.52 0.53 0.58 0.6  0.61 0.61 0.73 0.79 0.88 1.11 1.17
 1.32 1.83 1.99 3.12]
var: 0.2773178888888886
| [0m12       [0m | [0m0.4557   [0m | [0m0.006193 [0m | [0m40.16    [0m | [0m1.519    [0m |
[0.09 0.09 0.13 0.17 0.18 0.28 0.3  0.3  0.33 0.36 0.37 0.37 0.43 0.44
 0.48 0.54 0.57 0.58 0.61 0.69 0.74 0.76 0.79 0.79 0.8  0.82 0.87 0.92
 1.   1.02 1.03 1.04 1.05 1.13 1.16 1.18 1.18 1.22 1.22 1.32 1.35 1.37
 1.39 1.44 1.46 1.53 1.6  1.63 1.65 1.71 1.74 1.74 1.87 1.92 1.99 2.24
 2.62 2.71 3.19 3.52]
var: 0.5560732222222221
| [0m13       [0m | [0m1.1      [0m | [0m0.241    [0m | [0m17.89    [0m | [0m1.004    [0m |
[0.01 0.03 0.06 0.08 0.08 0.09 0.09 0.1  0.11 0.11 0.15 0.16 0.19 0.2
 0.21 0.21 0.22 0.22 0.23 0.23 0.24 0.26 0.27 0.28 0.28 0.29 0.29 0.29
 0.34 0.34 0.36 0.36 0.41 0.42 0.42 0.43 0.44 0.45 0.45 0.46 0.46 0.46
 0.49 0.52 0.54 0.57 0.57 0.57 0.59 0.64 0.71 0.73 0.88 0.88 0.92 1.04
 1.16 1.38 1.52 1.54]
var: 0.12012030555555582
| [0m14       [0m | [0m0.4338   [0m | [0m0.1747   [0m | [0m20.12    [0m | [0m2.465    [0m |
[0.04 0.11 0.12 0.12 0.17 0.18 0.21 0.22 0.27 0.29 0.34 0.35 0.36 0.37
 0.39 0.42 0.43 0.44 0.46 0.48 0.51 0.51 0.52 0.58 0.59 0.62 0.63 0.72
 0.74 0.76 0.79 0.84 0.87 0.88 0.88 0.93 0.93 1.05 1.05 1.11 1.11 1.14
 1.21 1.24 1.28 1.4  1.46 1.46 1.55 1.61 1.7  1.73 1.73 1.78 1.83 2.05
 2.06 2.1  2.68 2.91]
var: 0.43353163888888985
| [0m15       [0m | [0m0.9218   [0m | [0m0.145    [0m | [0m28.85    [0m | [0m1.109    [0m |
[0.01 0.04 0.04 0.05 0.09 0.14 0.14 0.18 0.22 0.26 0.28 0.3  0.31 0.33
 0.35 0.39 0.43 0.46 0.48 0.49 0.52 0.53 0.53 0.59 0.6  0.62 0.65 0.65
 0.65 0.65 0.66 0.66 0.7  0.7  0.74 0.8  0.83 0.84 0.88 0.9  0.97 0.97
 0.97 1.07 1.18 1.2  1.2  1.22 1.28 1.49 1.63 1.73 2.03 2.17 2.74 2.79
 3.27 3.37 3.66 4.36]
var: 0.8852460833333335
| [0m16       [0m | [0m0.9665   [0m | [0m0.03058  [0m | [0m11.5     [0m | [0m1.921    [0m |
[0.   0.   0.01 0.02 0.05 0.06 0.13 0.14 0.16 0.18 0.19 0.21 0.22 0.23
 0.26 0.26 0.27 0.31 0.32 0.32 0.32 0.33 0.34 0.4  0.41 0.48 0.48 0.56
 0.59 0.6  0.62 0.62 0.63 0.65 0.66 0.68 0.68 0.76 0.79 0.8  0.86 0.93
 1.1  1.27 1.29 1.31 1.31 1.41 1.46 1.48 1.51 1.53 1.55 1.75 1.84 1.89
 1.95 1.95 2.64 2.73]
var: 0.44311500000000054
| [0m17       [0m | [0m0.775    [0m | [0m0.2038   [0m | [0m32.93    [0m | [0m0.9183   [0m |
[0.01 0.03 0.04 0.05 0.06 0.08 0.13 0.14 0.15 0.16 0.17 0.19 0.2  0.23
 0.24 0.25 0.26 0.27 0.29 0.29 0.31 0.31 0.31 0.32 0.33 0.35 0.36 0.36
 0.37 0.43 0.43 0.46 0.48 0.48 0.49 0.5  0.52 0.53 0.53 0.53 0.55 0.56
 0.56 0.61 0.61 0.62 0.62 0.62 0.63 0.63 0.66 0.69 0.73 0.75 0.77 0.93
 0.94 1.21 1.24 1.31]
var: 0.08324933333333337
| [0m18       [0m | [0m0.448    [0m | [0m0.1387   [0m | [0m29.28    [0m | [0m2.442    [0m |
[0.01 0.04 0.06 0.06 0.06 0.07 0.1  0.11 0.16 0.18 0.2  0.2  0.2  0.21
 0.27 0.28 0.32 0.34 0.36 0.38 0.39 0.42 0.42 0.46 0.47 0.48 0.55 0.57
 0.59 0.63 0.71 0.71 0.72 0.77 0.77 0.79 0.8  0.8  0.83 0.86 0.92 0.95
 0.95 0.98 0.99 1.06 1.08 1.1  1.2  1.22 1.25 1.27 1.34 1.38 1.49 1.51
 1.59 1.99 2.27 2.64]
var: 0.3152614166666668
| [0m19       [0m | [0m0.7255   [0m | [0m0.1651   [0m | [0m3.018    [0m | [0m1.881    [0m |
[0.48 0.56 0.63 0.68 0.77 0.77 0.8  0.83 0.9  0.99 1.03 1.1  1.22 1.24
 1.25 1.27 1.28 1.33 1.33 1.34 1.36 1.36 1.4  1.43 1.44 1.45 1.48 1.5
 1.55 1.62 1.62 1.62 1.81 1.83 1.86 1.88 1.9  2.04 2.06 2.07 2.12 2.17
 2.18 2.22 2.25 2.27 2.41 2.47 2.55 2.63 2.97 3.15 3.6  3.68 3.69 3.72
 3.78 4.4  4.74 7.99]
var: 1.5401636388888882
| [0m20       [0m | [0m1.968    [0m | [0m0.06342  [0m | [0m39.95    [0m | [0m0.04117  [0m |
[0.   0.   0.01 0.02 0.03 0.04 0.04 0.06 0.08 0.09 0.09 0.09 0.09 0.09
 0.1  0.16 0.17 0.19 0.19 0.2  0.21 0.21 0.22 0.22 0.23 0.25 0.25 0.26
 0.26 0.26 0.28 0.3  0.3  0.31 0.32 0.34 0.34 0.37 0.39 0.39 0.53 0.54
 0.55 0.55 0.56 0.61 0.7  0.7  0.71 0.71 0.74 0.79 1.01 1.02 1.03 1.04
 1.13 1.19 1.77 1.77]
var: 0.16019055555555572
| [0m21       [0m | [0m0.4183   [0m | [0m0.07984  [0m | [0m28.43    [0m | [0m2.102    [0m |
[0.02 0.03 0.06 0.08 0.2  0.21 0.24 0.27 0.29 0.32 0.33 0.38 0.41 0.41
 0.44 0.46 0.47 0.47 0.49 0.5  0.61 0.63 0.7  0.73 0.77 0.78 0.78 0.78
 0.79 0.83 0.85 0.87 0.91 0.92 0.93 0.97 1.08 1.14 1.15 1.15 1.17 1.17
 1.31 1.45 1.45 1.46 1.49 1.51 1.6  1.61 1.61 1.61 1.64 1.65 2.22 2.38
 3.2  3.42 4.68 4.93]
var: 0.9544994166666663
| [0m22       [0m | [0m1.084    [0m | [0m0.1322   [0m | [0m35.19    [0m | [0m0.4428   [0m |
[0.   0.02 0.05 0.05 0.06 0.06 0.07 0.08 0.09 0.11 0.13 0.14 0.15 0.18
 0.18 0.19 0.2  0.21 0.26 0.3  0.33 0.34 0.43 0.43 0.44 0.45 0.46 0.47
 0.49 0.51 0.59 0.61 0.65 0.65 0.68 0.69 0.71 0.72 0.72 0.73 0.76 0.77
 0.83 0.89 0.92 0.95 0.98 1.02 1.05 1.18 1.28 1.29 1.3  1.38 1.39 1.4
 1.45 1.62 1.65 2.43]
var: 0.26172030555555537
| [0m23       [0m | [0m0.6362   [0m | [0m0.2468   [0m | [0m6.273    [0m | [0m2.569    [0m |
[0.   0.02 0.05 0.11 0.18 0.22 0.24 0.29 0.3  0.3  0.32 0.33 0.38 0.42
 0.48 0.54 0.58 0.6  0.6  0.61 0.67 0.68 0.71 0.72 0.76 0.77 0.77 0.78
 0.79 0.87 0.9  0.94 0.95 0.98 1.04 1.12 1.23 1.24 1.29 1.37 1.4  1.48
 1.56 1.73 1.77 1.8  1.85 1.97 2.   2.25 2.25 2.41 2.44 2.47 2.55 2.55
 2.65 2.85 3.07 3.56]
var: 0.757539555555556
| [0m24       [0m | [0m1.163    [0m | [0m0.09083  [0m | [0m30.13    [0m | [0m0.6244   [0m |
[0.02 0.04 0.06 0.07 0.2  0.2  0.2  0.21 0.26 0.28 0.28 0.29 0.31 0.31
 0.32 0.33 0.34 0.35 0.37 0.4  0.43 0.44 0.45 0.52 0.53 0.55 0.56 0.59
 0.59 0.61 0.62 0.63 0.66 0.67 0.7  0.73 0.81 0.83 0.86 0.88 0.89 0.94
 0.96 0.97 1.01 1.02 1.03 1.05 1.17 1.2  1.31 1.67 1.78 2.01 2.01 2.1
 2.32 2.34 2.45 2.83]
var: 0.4348128888888887
| [0m25       [0m | [0m0.8093   [0m | [0m0.02332  [0m | [0m7.881    [0m | [0m2.033    [0m |
[0.   0.03 0.05 0.07 0.07 0.07 0.09 0.09 0.09 0.1  0.12 0.18 0.22 0.25
 0.25 0.26 0.29 0.32 0.32 0.34 0.38 0.4  0.45 0.45 0.46 0.48 0.49 0.49
 0.52 0.54 0.55 0.55 0.57 0.58 0.6  0.6  0.6  0.61 0.64 0.65 0.74 0.74
 0.77 0.79 0.86 0.89 0.97 0.98 1.01 1.03 1.07 1.13 1.14 1.15 1.2  1.29
 1.49 1.64 2.34 3.74]
var: 0.3626360833333335
| [0m26       [0m | [0m0.6465   [0m | [0m0.2812   [0m | [0m43.62    [0m | [0m1.174    [0m |
[0.   0.   0.   0.04 0.04 0.04 0.06 0.06 0.09 0.11 0.12 0.12 0.13 0.14
 0.16 0.16 0.16 0.18 0.19 0.24 0.26 0.27 0.29 0.3  0.31 0.31 0.35 0.35
 0.38 0.38 0.39 0.41 0.41 0.42 0.43 0.44 0.46 0.51 0.54 0.54 0.55 0.56
 0.56 0.57 0.59 0.59 0.66 0.71 0.72 0.74 0.79 0.82 0.84 0.97 1.08 1.1
 1.17 1.17 1.19 1.82]
var: 0.13400497222222219
| [0m27       [0m | [0m0.4498   [0m | [0m0.2083   [0m | [0m46.4     [0m | [0m1.285    [0m |
[0.01 0.04 0.08 0.09 0.09 0.17 0.18 0.18 0.18 0.19 0.19 0.24 0.27 0.33
 0.34 0.34 0.38 0.4  0.42 0.53 0.53 0.54 0.54 0.56 0.57 0.58 0.59 0.61
 0.63 0.63 0.63 0.64 0.65 0.68 0.71 0.71 0.72 0.75 0.8  0.82 0.85 0.96
 0.97 1.07 1.11 1.12 1.19 1.24 1.29 1.31 1.39 1.41 1.48 1.75 1.79 1.86
 1.91 1.95 2.41 2.51]
var: 0.34762497222222244
| [0m28       [0m | [0m0.7852   [0m | [0m0.02822  [0m | [0m19.92    [0m | [0m1.347    [0m |
[0.01 0.01 0.02 0.03 0.08 0.09 0.1  0.14 0.15 0.2  0.21 0.25 0.25 0.27
 0.29 0.31 0.34 0.39 0.43 0.43 0.44 0.45 0.52 0.54 0.57 0.59 0.59 0.6
 0.61 0.61 0.62 0.63 0.64 0.67 0.68 0.7  0.73 0.73 0.76 0.78 0.8  0.83
 0.84 0.86 0.89 0.89 0.9  0.93 1.02 1.03 1.06 1.09 1.22 1.41 1.67 1.75
 1.78 1.93 2.98 3.52]
var: 0.4161956666666672
| [0m29       [0m | [0m0.731    [0m | [0m0.07486  [0m | [0m25.31    [0m | [0m1.73     [0m |
[0.   0.   0.   0.   0.   0.01 0.01 0.02 0.02 0.03 0.03 0.03 0.03 0.03
 0.05 0.05 0.06 0.09 0.11 0.12 0.14 0.17 0.17 0.19 0.2  0.21 0.21 0.21
 0.22 0.23 0.28 0.29 0.31 0.38 0.38 0.39 0.4  0.4  0.41 0.41 0.42 0.42
 0.42 0.43 0.44 0.44 0.47 0.51 0.52 0.53 0.54 0.58 0.59 0.66 0.72 0.72
 0.75 0.98 1.07 1.1 ]
var: 0.07475666666666664
| [0m30       [0m | [0m0.31     [0m | [0m0.2074   [0m | [0m42.99    [0m | [0m2.191    [0m |
[0.06 0.13 0.18 0.19 0.19 0.2  0.26 0.32 0.4  0.42 0.44 0.5  0.52 0.57
 0.58 0.6  0.61 0.72 0.76 0.77 0.79 0.85 0.92 0.99 1.01 1.02 1.06 1.09
 1.17 1.18 1.19 1.19 1.21 1.23 1.24 1.25 1.3  1.33 1.46 1.54 1.54 1.57
 1.6  1.66 1.7  1.7  1.79 1.82 1.94 2.27 2.45 2.54 2.6  2.61 2.74 2.76
 2.87 3.03 3.72 4.11]
var: 0.8285178888888889
| [0m31       [0m | [0m1.308    [0m | [0m0.2483   [0m | [0m31.91    [0m | [0m0.3264   [0m |
[0.06 0.08 0.09 0.11 0.14 0.16 0.21 0.22 0.23 0.26 0.27 0.28 0.32 0.36
 0.38 0.38 0.41 0.42 0.44 0.48 0.49 0.52 0.53 0.55 0.57 0.57 0.59 0.62
 0.62 0.63 0.67 0.68 0.69 0.7  0.7  0.76 0.79 0.82 0.84 0.84 0.9  0.93
 0.97 0.98 1.02 1.09 1.14 1.17 1.32 1.37 1.39 1.44 1.48 1.72 1.79 1.8
 1.88 1.9  2.2  2.3 ]
var: 0.30606363888888904
| [0m32       [0m | [0m0.7878   [0m | [0m0.03938  [0m | [0m21.14    [0m | [0m1.627    [0m |
[0.52 0.69 0.86 1.   1.05 1.09 1.13 1.18 1.2  1.2  1.26 1.34 1.38 1.39
 1.4  1.44 1.44 1.59 1.59 1.74 1.9  1.9  1.99 2.06 2.07 2.07 2.11 2.17
 2.33 2.35 2.37 2.39 2.44 2.5  2.52 2.55 2.59 2.71 2.75 2.77 2.79 2.81
 3.02 3.03 3.06 3.11 3.21 3.21 3.22 3.25 3.46 3.54 3.6  3.87 3.87 4.43
 5.14 5.17 5.35 6.61]
var: 1.491736555555555
| [95m33       [0m | [95m2.446    [0m | [95m0.08625  [0m | [95m12.7     [0m | [95m0.06551  [0m |
[0.   0.   0.   0.02 0.03 0.03 0.04 0.06 0.07 0.07 0.08 0.08 0.09 0.11
 0.11 0.13 0.15 0.16 0.17 0.17 0.18 0.18 0.18 0.18 0.19 0.21 0.21 0.24
 0.24 0.24 0.26 0.26 0.27 0.3  0.32 0.32 0.33 0.33 0.34 0.34 0.35 0.35
 0.37 0.37 0.38 0.39 0.41 0.41 0.41 0.47 0.49 0.49 0.5  0.65 0.67 0.73
 0.73 0.75 1.46 1.52]
var: 0.08360497222222246
| [0m34       [0m | [0m0.3098   [0m | [0m0.1866   [0m | [0m39.81    [0m | [0m2.635    [0m |
[0.   0.   0.   0.   0.   0.01 0.02 0.03 0.03 0.04 0.05 0.05 0.06 0.06
 0.08 0.09 0.1  0.11 0.12 0.12 0.12 0.13 0.13 0.16 0.17 0.17 0.18 0.18
 0.19 0.19 0.19 0.2  0.24 0.27 0.29 0.3  0.3  0.32 0.34 0.34 0.34 0.4
 0.42 0.43 0.43 0.44 0.45 0.46 0.48 0.51 0.54 0.54 0.54 0.56 0.57 0.6
 0.66 0.67 0.76 0.78]
var: 0.04621400000000001
| [0m35       [0m | [0m0.266    [0m | [0m0.2169   [0m | [0m43.28    [0m | [0m2.729    [0m |
[0.   0.01 0.03 0.05 0.05 0.05 0.08 0.09 0.1  0.14 0.18 0.19 0.2  0.21
 0.23 0.26 0.26 0.29 0.37 0.37 0.39 0.39 0.39 0.43 0.43 0.44 0.47 0.47
 0.48 0.49 0.5  0.5  0.52 0.54 0.57 0.58 0.65 0.67 0.67 0.69 0.7  0.7
 0.72 0.72 0.77 0.86 0.91 0.94 0.94 1.01 1.02 1.07 1.08 1.08 1.27 1.49
 1.58 1.69 1.74 2.08]
var: 0.21440888888888854
| [0m36       [0m | [0m0.5967   [0m | [0m0.2074   [0m | [0m33.12    [0m | [0m1.194    [0m |
[0.   0.02 0.02 0.05 0.06 0.12 0.13 0.16 0.19 0.23 0.24 0.25 0.25 0.33
 0.33 0.36 0.37 0.37 0.38 0.39 0.39 0.4  0.41 0.41 0.42 0.44 0.45 0.46
 0.49 0.49 0.51 0.51 0.56 0.57 0.57 0.6  0.6  0.65 0.67 0.67 0.73 0.73
 0.74 0.81 0.81 0.82 0.98 1.02 1.03 1.04 1.06 1.09 1.15 1.34 1.36 1.72
 1.82 1.87 1.95 1.98]
var: 0.24011363888888893
| [0m37       [0m | [0m0.6428   [0m | [0m0.2557   [0m | [0m18.77    [0m | [0m2.066    [0m |
[0.   0.   0.   0.   0.01 0.02 0.02 0.02 0.03 0.04 0.05 0.05 0.1  0.1
 0.1  0.11 0.11 0.11 0.13 0.13 0.13 0.14 0.15 0.16 0.18 0.19 0.2  0.2
 0.21 0.21 0.23 0.24 0.24 0.25 0.27 0.28 0.3  0.31 0.32 0.32 0.33 0.33
 0.34 0.36 0.37 0.37 0.37 0.38 0.38 0.38 0.4  0.4  0.4  0.41 0.41 0.43
 0.46 0.48 0.5  0.75]
var: 0.025678305555555486
| [0m38       [0m | [0m0.2318   [0m | [0m0.06053  [0m | [0m37.8     [0m | [0m2.87     [0m |
[0.   0.12 0.12 0.16 0.17 0.22 0.25 0.27 0.28 0.29 0.32 0.32 0.35 0.37
 0.4  0.41 0.41 0.42 0.43 0.43 0.43 0.44 0.45 0.5  0.51 0.51 0.52 0.53
 0.53 0.53 0.53 0.54 0.54 0.55 0.57 0.59 0.6  0.62 0.69 0.73 0.74 0.75
 0.79 0.84 0.85 0.97 1.01 1.11 1.14 1.14 1.15 1.2  1.32 1.35 1.36 1.39
 1.39 1.43 1.46 1.62]
var: 0.15958233333333324
| [0m39       [0m | [0m0.661    [0m | [0m0.04835  [0m | [0m7.356    [0m | [0m2.274    [0m |
[0.02 0.05 0.06 0.09 0.11 0.12 0.12 0.14 0.15 0.15 0.16 0.16 0.21 0.22
 0.22 0.25 0.27 0.27 0.27 0.33 0.41 0.43 0.43 0.45 0.45 0.48 0.49 0.53
 0.54 0.58 0.58 0.59 0.6  0.62 0.63 0.64 0.65 0.69 0.74 0.78 0.78 0.87
 0.89 1.03 1.06 1.15 1.2  1.22 1.25 1.32 1.46 1.47 1.49 1.52 1.73 1.78
 2.23 2.27 2.42 2.89]
var: 0.4202416388888892
| [0m40       [0m | [0m0.7452   [0m | [0m0.2772   [0m | [0m40.89    [0m | [0m0.7491   [0m |
[0.   0.   0.   0.   0.   0.   0.   0.   0.   0.   0.   0.   0.   0.
 0.   0.   0.   0.   0.   0.   0.   0.   0.   0.   0.   0.   0.   0.
 0.   0.   0.   0.   0.   0.   0.   0.   0.   0.   0.   0.   0.   0.
 0.   0.   0.   0.   0.   0.   0.   0.01 0.02 0.02 0.03 0.03 0.04 0.06
 0.07 0.1  0.11 0.24]
var: 0.0013936388888889126
| [0m41       [0m | [0m0.01217  [0m | [0m0.3      [0m | [0m11.05    [0m | [0m0.001    [0m |
[1.69 1.73 1.8  1.85 2.19 2.31 2.4  2.44 2.44 2.47 2.51 2.51 2.59 2.63
 2.67 2.71 2.8  2.92 2.98 3.04 3.23 3.28 3.28 3.33 3.53 3.53 3.64 3.64
 3.69 3.78 3.83 3.84 3.85 3.99 4.   4.04 4.08 4.11 4.28 4.28 4.31 4.32
 4.33 4.33 4.71 4.71 4.84 5.01 5.16 5.19 5.2  5.47 5.5  5.68 6.24 6.37
 6.55 6.64 6.66 8.23]
var: 1.9710328888888895
| [95m42       [0m | [95m3.889    [0m | [95m0.01918  [0m | [95m13.14    [0m | [95m0.1296   [0m |
[0.   0.01 0.08 0.1  0.11 0.13 0.19 0.2  0.23 0.3  0.33 0.34 0.35 0.36
 0.39 0.39 0.4  0.4  0.45 0.46 0.49 0.56 0.6  0.68 0.7  0.74 0.76 0.8
 0.93 0.94 0.98 1.07 1.1  1.2  1.34 1.37 1.52 1.52 1.52 1.53 1.58 1.66
 1.72 1.74 1.95 2.07 2.41 2.42 2.42 2.54 2.56 2.82 2.84 3.39 3.4  3.64
 3.89 4.21 5.22 5.44]
var: 1.6758694166666663
| [0m43       [0m | [0m1.392    [0m | [0m1e-08    [0m | [0m13.56    [0m | [0m0.1875   [0m |
[0.05 0.06 0.08 0.19 0.21 0.22 0.26 0.26 0.29 0.3  0.3  0.32 0.36 0.36
 0.37 0.37 0.38 0.44 0.45 0.48 0.49 0.56 0.57 0.6  0.61 0.68 0.68 0.68
 0.68 0.69 0.71 0.77 0.86 0.87 0.91 0.93 0.95 0.96 0.97 1.05 1.09 1.14
 1.15 1.2  1.23 1.25 1.26 1.27 1.28 1.29 1.34 1.41 1.57 1.74 1.88 2.01
 2.12 2.13 2.29 3.29]
var: 0.40263497222222216
| [0m44       [0m | [0m0.8818   [0m | [0m0.06607  [0m | [0m23.21    [0m | [0m1.123    [0m |
[0.21 0.27 0.27 0.36 0.36 0.4  0.41 0.42 0.43 0.44 0.45 0.46 0.47 0.48
 0.49 0.49 0.53 0.53 0.54 0.59 0.6  0.69 0.7  0.72 0.82 0.85 0.86 0.86
 0.89 0.91 0.95 0.95 0.96 1.01 1.06 1.12 1.13 1.15 1.18 1.2  1.21 1.23
 1.43 1.45 1.48 1.8  1.84 1.97 1.98 1.98 2.15 2.25 2.38 2.53 2.55 2.74
 2.93 3.28 5.29 7.82]
var: 1.5595438888888888
| [0m45       [0m | [0m1.292    [0m | [0m1e-08    [0m | [0m13.06    [0m | [0m0.01129  [0m |
[0.   0.   0.   0.   0.   0.   0.   0.   0.   0.02 0.02 0.03 0.04 0.04
 0.04 0.04 0.05 0.05 0.06 0.06 0.08 0.08 0.09 0.09 0.09 0.12 0.15 0.16
 0.16 0.17 0.17 0.18 0.2  0.21 0.22 0.23 0.23 0.24 0.25 0.28 0.29 0.31
 0.35 0.36 0.37 0.38 0.4  0.41 0.43 0.46 0.48 0.49 0.5  0.55 0.56 0.68
 0.71 0.74 0.92 1.78]
var: 0.08693655555555566
| [0m46       [0m | [0m0.2503   [0m | [0m0.2405   [0m | [0m48.95    [0m | [0m2.394    [0m |
[0.02 0.04 0.2  0.22 0.32 0.33 0.36 0.4  0.41 0.47 0.5  0.53 0.55 0.55
 0.55 0.58 0.62 0.65 0.66 0.66 0.7  0.72 0.73 0.78 0.79 0.85 0.85 0.87
 0.89 0.9  0.96 0.98 0.98 1.   1.04 1.05 1.1  1.12 1.16 1.19 1.24 1.25
 1.3  1.34 1.45 1.45 1.45 1.59 1.63 1.7  1.71 1.82 1.84 1.89 1.99 2.06
 2.39 2.48 2.6  3.8 ]
var: 0.4811623333333342
| [0m47       [0m | [0m1.071    [0m | [0m0.05971  [0m | [0m12.22    [0m | [0m1.282    [0m |
[0.01 0.06 0.06 0.08 0.08 0.13 0.14 0.15 0.16 0.19 0.2  0.2  0.21 0.23
 0.33 0.38 0.38 0.41 0.42 0.42 0.43 0.44 0.45 0.51 0.52 0.55 0.58 0.6
 0.65 0.65 0.7  0.78 0.83 0.87 0.88 0.9  0.96 0.97 0.97 0.99 1.11 1.12
 1.21 1.24 1.25 1.26 1.27 1.27 1.31 1.36 1.39 1.41 1.46 1.56 1.56 1.66
 1.68 1.82 2.24 2.33]
var: 0.3236932222222222
| [0m48       [0m | [0m0.7997   [0m | [0m0.03953  [0m | [0m19.15    [0m | [0m1.563    [0m |
[0.06 0.13 0.23 0.3  0.31 0.39 0.41 0.49 0.57 0.61 0.62 0.66 0.84 0.84
 0.89 0.94 1.1  1.11 1.14 1.15 1.17 1.23 1.25 1.25 1.32 1.38 1.47 1.56
 1.57 1.77 1.8  1.97 1.99 2.03 2.06 2.1  2.16 2.22 2.24 2.27 2.39 2.43
 2.5  2.57 2.65 2.68 2.68 2.72 2.8  3.07 3.21 3.3  3.68 3.69 3.99 4.11
 4.16 4.58 4.84 4.89]
var: 1.5433989999999995
| [0m49       [0m | [0m1.909    [0m | [0m0.01622  [0m | [0m13.14    [0m | [0m0.2036   [0m |
[0.   0.   0.03 0.04 0.05 0.06 0.07 0.1  0.14 0.15 0.16 0.22 0.23 0.25
 0.27 0.32 0.33 0.33 0.34 0.34 0.4  0.4  0.4  0.44 0.45 0.45 0.45 0.46
 0.48 0.48 0.51 0.51 0.51 0.52 0.53 0.53 0.54 0.54 0.55 0.56 0.57 0.58
 0.59 0.62 0.62 0.63 0.66 0.67 0.69 0.72 0.78 0.81 0.88 1.06 1.08 1.17
 1.27 1.39 1.47 2.7 ]
var: 0.1869816666666667
| [0m50       [0m | [0m0.535    [0m | [0m0.2236   [0m | [0m16.69    [0m | [0m2.816    [0m |
[0.4  0.42 0.57 0.58 0.65 0.83 0.86 0.92 1.07 1.12 1.2  1.21 1.23 1.29
 1.33 1.38 1.4  1.41 1.43 1.44 1.45 1.46 1.47 1.48 1.52 1.52 1.55 1.57
 1.58 1.61 1.61 1.67 1.72 1.78 1.9  1.94 1.94 1.96 1.97 2.   2.   2.03
 2.05 2.06 2.12 2.16 2.16 2.39 2.4  2.74 2.83 2.87 2.93 3.47 3.6  3.69
 3.84 3.95 4.2  6.96]
var: 1.1783249722222224
| [0m51       [0m | [0m1.915    [0m | [0m0.07565  [0m | [0m12.68    [0m | [0m0.03369  [0m |
[0.02 0.02 0.03 0.09 0.19 0.27 0.31 0.31 0.31 0.34 0.39 0.41 0.42 0.43
 0.56 0.61 0.71 0.79 0.83 0.83 0.98 0.98 1.01 1.02 1.04 1.04 1.07 1.22
 1.23 1.23 1.29 1.33 1.36 1.39 1.42 1.5  1.5  1.5  1.53 1.63 1.66 1.66
 1.82 1.88 2.01 2.03 2.05 2.17 2.41 2.42 2.43 2.44 2.48 2.54 2.91 3.39
 3.46 3.69 4.17 5.94]
var: 1.2612116666666657
| [0m52       [0m | [0m1.445    [0m | [0m0.1979   [0m | [0m11.59    [0m | [0m0.7422   [0m |
[0.07 0.15 0.31 0.41 0.49 0.54 0.56 0.62 0.63 0.69 0.71 0.73 0.77 0.83
 0.85 0.88 0.91 1.14 1.15 1.16 1.4  1.42 1.46 1.46 1.67 1.68 1.8  1.94
 2.03 2.06 2.06 2.11 2.14 2.18 2.19 2.2  2.32 2.55 2.6  2.62 2.96 3.11
 3.18 3.2  3.26 3.29 3.3  3.36 3.48 3.7  3.71 3.91 3.96 4.13 4.21 4.29
 4.39 4.44 5.12 5.41]
var: 1.8794883333333332
| [0m53       [0m | [0m2.165    [0m | [0m0.2109   [0m | [0m9.447    [0m | [0m0.182    [0m |
[0.16 0.22 0.29 0.35 0.37 0.47 0.65 0.68 0.68 0.69 0.71 0.72 0.86 0.93
 0.94 0.97 1.   1.11 1.11 1.14 1.21 1.23 1.23 1.28 1.33 1.36 1.37 1.45
 1.45 1.46 1.53 1.53 1.6  1.65 1.67 1.67 1.7  1.7  1.72 1.79 1.96 2.01
 2.12 2.17 2.21 2.22 2.23 2.23 2.29 2.3  2.47 2.61 2.89 3.14 3.15 3.37
 3.48 3.76 3.81]
var: 0.7902983050847462
| [0m54       [0m | [0m1.6      [0m | [0m0.2827   [0m | [0m20.17    [0m | [0m0.3201   [0m |
[0.57 1.   1.01 1.49 1.67 1.71 1.84 1.85 1.87 1.88 1.88 1.89 1.9  1.9
 2.   2.18 2.29 2.38 2.4  2.46 2.52 2.59 2.75 2.8  2.86 2.94 3.06 3.08
 3.25 3.34 3.39 3.62 3.63 3.7  3.72 3.74 3.76 3.78 3.81 3.82 3.88 3.91
 3.93 4.06 4.07 4.07 4.15 4.21 4.33 4.44 4.54 5.01 5.3  5.79 5.96 6.24
 6.26 6.83 7.11 7.55]
var: 2.386378083333333
| [0m55       [0m | [0m3.4      [0m | [0m0.05031  [0m | [0m13.02    [0m | [0m0.1505   [0m |
[0.25 0.54 0.94 1.16 1.22 1.27 1.36 1.49 1.5  1.52 1.65 1.75 1.86 1.87
 2.05 2.08 2.37 2.46 2.57 2.59 2.69 2.71 2.72 2.84 2.98 2.99 3.01 3.1
 3.16 3.17 3.39 3.53 3.53 3.59 3.67 3.69 3.75 3.87 3.88 3.88 3.88 3.9
 3.9  3.91 4.02 4.06 4.08 4.17 4.21 4.27 4.34 4.36 4.44 4.6  4.78 4.83
 5.1  5.28 5.67 6.28]
var: 1.7131914166666677
| [0m56       [0m | [0m3.146    [0m | [0m0.09433  [0m | [0m13.05    [0m | [0m0.1081   [0m |
[0.91 1.39 1.56 1.69 1.85 1.88 1.93 1.97 2.12 2.12 2.12 2.18 2.29 2.32
 2.34 2.36 2.37 2.39 2.49 2.54 2.61 2.62 2.89 2.9  2.95 2.97 3.02 3.05
 3.05 3.09 3.16 3.18 3.19 3.2  3.39 3.43 3.44 3.47 3.48 3.49 3.52 3.52
 3.67 3.71 3.91 4.   4.06 4.09 4.16 4.21 4.57 4.58 4.85 4.98 5.13 5.63
 5.65 5.99 7.   8.32]
var: 1.8292243055555564
| [0m57       [0m | [0m3.316    [0m | [0m0.1264   [0m | [0m12.97    [0m | [0m0.1127   [0m |
[0.24 0.25 0.26 0.33 0.34 0.57 0.66 0.68 0.69 0.7  0.72 0.76 0.83 0.87
 0.9  0.92 1.02 1.05 1.18 1.24 1.24 1.28 1.29 1.31 1.32 1.33 1.52 1.6
 1.8  1.83 1.89 1.91 1.92 1.98 2.01 2.04 2.13 2.16 2.19 2.19 2.24 2.28
 2.34 2.35 2.36 2.4  2.51 2.6  2.67 2.85 2.89 3.05 3.16 3.21 3.32 3.34
 3.62 4.16 5.03 5.34]
var: 1.2592869722222229
| [0m58       [0m | [0m1.848    [0m | [0m0.08195  [0m | [0m9.475    [0m | [0m0.2265   [0m |
[0.02 0.28 0.41 0.48 0.51 0.58 1.01 1.08 1.19 1.21 1.25 1.27 1.3  1.33
 1.35 1.38 1.39 1.54 1.73 1.73 1.78 1.81 2.14 2.23 2.34 2.37 2.76 2.82
 2.86 2.88 2.9  2.95 3.05 3.07 3.17 3.25 3.29 3.35 3.4  3.41 3.43 3.8
 3.87 3.9  4.01 4.11 4.2  4.21 4.27 4.54 4.76 5.13 5.22 5.24 5.43 5.62
 5.74 6.46 7.08 7.16]
var: 3.0215987499999994
| [0m59       [0m | [0m2.918    [0m | [0m0.0005404[0m | [0m13.14    [0m | [0m0.148    [0m |
[0.06 0.08 0.12 0.16 0.16 0.19 0.21 0.21 0.21 0.22 0.23 0.23 0.26 0.31
 0.32 0.33 0.34 0.39 0.41 0.42 0.46 0.47 0.51 0.52 0.53 0.56 0.56 0.62
 0.63 0.64 0.66 0.69 0.7  0.7  0.71 0.74 0.74 0.77 0.78 0.79 0.8  0.9
 0.95 0.95 0.97 1.04 1.06 1.2  1.41 1.47 1.52 1.53 1.55 1.58 1.64 2.11
 2.3  2.62 2.75 3.47]
var: 0.49053455555555525
| [0m60       [0m | [0m0.8243   [0m | [0m0.06434  [0m | [0m14.31    [0m | [0m1.747    [0m |
[0.39 0.78 0.79 0.88 1.06 1.29 1.33 1.34 1.43 1.45 1.6  1.63 1.66 1.76
 1.78 2.03 2.04 2.1  2.11 2.12 2.15 2.18 2.23 2.23 2.43 2.43 2.47 2.47
 2.54 2.63 2.68 2.71 2.8  2.81 2.85 2.92 2.92 3.02 3.06 3.09 3.14 3.19
 3.21 3.28 3.29 3.37 3.52 3.76 3.87 4.09 4.11 4.13 4.16 4.36 4.53 5.84
 5.86 6.05 6.25 8.  ]
var: 2.1052288888888895
| [0m61       [0m | [0m2.837    [0m | [0m0.06766  [0m | [0m13.13    [0m | [0m0.07539  [0m |
[0.76 0.87 0.98 1.3  1.35 1.37 1.77 1.8  1.81 1.88 1.9  2.17 2.32 2.35
 2.35 2.36 2.36 2.39 2.47 2.53 2.55 2.68 2.7  2.75 2.82 2.87 2.96 3.06
 3.08 3.09 3.32 3.41 3.5  3.52 3.54 3.62 3.66 3.71 3.77 3.87 4.   4.06
 4.07 4.15 4.15 4.2  4.31 4.32 4.53 4.55 4.59 4.7  4.85 4.89 4.96 5.09
 5.14 5.72 6.06 6.41]
var: 1.6903060000000008
| [0m62       [0m | [0m3.272    [0m | [0m0.04078  [0m | [0m13.18    [0m | [0m0.1221   [0m |
[0.2  0.23 0.24 0.33 0.34 0.44 0.5  0.5  0.58 0.67 0.71 0.73 0.85 0.87
 0.89 0.9  0.96 0.97 1.01 1.02 1.04 1.09 1.11 1.12 1.15 1.21 1.28 1.34
 1.4  1.43 1.47 1.48 1.51 1.53 1.65 1.68 1.76 1.82 1.95 1.96 1.96 1.97
 1.97 1.99 2.08 2.16 2.24 2.24 2.25 2.26 2.43 2.54 2.6  2.78 2.95 3.32
 4.01 4.1  4.49 5.13]
var: 1.1010983055555559
| [0m63       [0m | [0m1.623    [0m | [0m0.03744  [0m | [0m12.36    [0m | [0m0.7335   [0m |
[0.01 0.01 0.02 0.03 0.04 0.04 0.05 0.08 0.08 0.1  0.11 0.18 0.2  0.21
 0.21 0.24 0.24 0.26 0.27 0.27 0.31 0.32 0.35 0.38 0.39 0.39 0.41 0.41
 0.42 0.43 0.46 0.46 0.47 0.48 0.5  0.5  0.51 0.53 0.54 0.54 0.61 0.63
 0.64 0.65 0.65 0.67 0.71 0.75 0.87 0.91 0.94 0.94 0.99 1.   1.13 1.27
 1.33 1.5  1.57 2.06]
var: 0.17814697222222226
| [0m64       [0m | [0m0.5212   [0m | [0m0.07698  [0m | [0m23.65    [0m | [0m1.862    [0m |
[0.21 0.57 0.87 1.42 1.45 1.47 1.52 1.69 1.73 1.8  1.83 1.86 2.04 2.08
 2.28 2.28 2.29 2.36 2.37 2.46 2.91 2.92 3.1  3.16 3.36 3.37 3.39 3.4
 3.43 3.45 3.48 3.55 3.61 3.63 3.8  3.89 3.91 3.92 3.94 4.01 4.04 4.35
 4.37 4.44 4.55 4.6  4.63 4.64 4.75 4.95 4.96 5.43 5.48 5.71 5.76 6.39
 6.45 7.36 8.51 8.83]
var: 3.134016083333333
| [0m65       [0m | [0m3.584    [0m | [0m0.03189  [0m | [0m13.1     [0m | [0m0.1166   [0m |
[0.   0.04 0.07 0.11 0.11 0.11 0.16 0.16 0.18 0.18 0.19 0.19 0.21 0.23
 0.24 0.27 0.29 0.31 0.34 0.39 0.4  0.41 0.44 0.47 0.48 0.48 0.5  0.5
 0.5  0.51 0.51 0.52 0.52 0.54 0.54 0.55 0.56 0.56 0.57 0.59 0.59 0.61
 0.66 0.7  0.73 0.77 0.82 0.83 0.97 1.02 1.09 1.14 1.18 1.28 1.32 1.36
 1.36 1.62 2.15 3.08]
var: 0.2806316388888884
| [0m66       [0m | [0m0.6202   [0m | [0m0.2128   [0m | [0m40.71    [0m | [0m0.9168   [0m |
[0.17 0.27 0.36 0.38 0.44 0.46 0.47 0.49 0.58 0.6  0.62 0.74 0.75 0.77
 0.78 0.83 0.86 1.   1.05 1.11 1.11 1.2  1.26 1.26 1.29 1.41 1.45 1.46
 1.52 1.6  1.66 1.78 1.79 1.82 1.82 1.84 1.98 2.05 2.09 2.17 2.27 2.28
 2.28 2.39 2.48 2.54 2.55 2.59 2.7  2.78 2.91 2.94 2.94 3.2  3.31 3.49
 4.4  4.64 6.59 7.79]
var: 2.0025495555555564
| [0m67       [0m | [0m1.873    [0m | [0m0.1849   [0m | [0m12.99    [0m | [0m0.2519   [0m |
[0.52 0.6  0.85 0.86 0.92 1.04 1.14 1.33 1.52 1.66 1.83 2.   2.12 2.18
 2.25 2.39 2.4  2.43 2.51 2.51 2.51 2.57 2.59 2.59 2.61 2.68 2.7  2.88
 2.93 3.11 3.14 3.18 3.31 3.51 3.54 3.54 3.69 3.7  3.79 3.83 3.89 3.89
 3.9  4.04 4.06 4.08 4.23 4.35 4.41 4.45 4.46 4.5  4.53 4.58 4.86 5.05
 6.25 6.32 6.46 8.01]
var: 2.270909888888889
| [0m68       [0m | [0m3.196    [0m | [0m0.08285  [0m | [0m13.0     [0m | [0m0.1022   [0m |
[0.   0.   0.01 0.03 0.03 0.07 0.07 0.07 0.08 0.1  0.1  0.1  0.1  0.11
 0.14 0.15 0.16 0.2  0.22 0.22 0.22 0.24 0.28 0.28 0.3  0.3  0.3  0.31
 0.33 0.34 0.34 0.35 0.37 0.37 0.39 0.41 0.42 0.42 0.42 0.49 0.52 0.54
 0.54 0.54 0.55 0.56 0.56 0.59 0.6  0.62 0.63 0.68 0.69 0.71 0.78 0.93
 1.04 1.06 1.83 2.25]
var: 0.1560745555555554
| [0m69       [0m | [0m0.4177   [0m | [0m0.0003816[0m | [0m17.22    [0m | [0m2.206    [0m |
[0.28 0.31 0.37 0.56 0.87 0.91 0.92 0.96 1.03 1.05 1.11 1.12 1.47 1.48
 1.5  1.52 1.56 1.61 1.64 1.65 1.74 1.82 1.87 1.94 1.99 2.01 2.02 2.05
 2.07 2.25 2.27 2.37 2.37 2.7  2.75 2.77 2.8  2.82 2.86 2.94 3.09 3.13
 3.23 3.49 3.5  3.55 3.57 3.67 3.69 3.74 3.91 4.1  4.72 4.88 4.95 5.19
 6.14 6.18 7.77 7.77]
var: 2.7733122222222235
| [0m70       [0m | [0m2.643    [0m | [0m0.1832   [0m | [0m12.95    [0m | [0m0.08121  [0m |
[0.   0.02 0.03 0.04 0.04 0.05 0.07 0.09 0.14 0.15 0.21 0.22 0.23 0.23
 0.23 0.24 0.25 0.25 0.26 0.27 0.28 0.3  0.3  0.31 0.32 0.33 0.34 0.47
 0.47 0.5  0.51 0.54 0.57 0.58 0.58 0.59 0.6  0.61 0.63 0.63 0.7  0.81
 0.82 0.86 0.87 0.9  0.93 0.96 1.02 1.03 1.08 1.09 1.1  1.14 1.16 1.22
 1.45 1.49 1.7  1.84]
var: 0.19552875000000014
| [0m71       [0m | [0m0.5775   [0m | [0m0.04855  [0m | [0m14.14    [0m | [0m2.187    [0m |
[0.04 0.05 0.08 0.27 0.27 0.46 0.6  0.61 0.69 0.82 0.9  0.93 0.93 0.96
 0.97 1.11 1.11 1.25 1.29 1.35 1.39 1.48 1.58 1.6  1.6  1.6  1.6  1.64
 1.66 1.72 1.72 1.75 1.8  1.84 1.95 1.98 1.99 2.02 2.17 2.18 2.18 2.19
 2.23 2.28 2.32 2.48 2.5  2.66 2.68 2.75 2.99 3.   3.02 3.4  3.41 3.78
 4.29 4.3  5.12 6.2 ]
var: 1.4515545555555562
| [0m72       [0m | [0m1.896    [0m | [0m0.1942   [0m | [0m12.96    [0m | [0m0.2573   [0m |
[0.29 1.23 1.28 1.54 1.72 1.85 1.91 2.02 2.04 2.3  2.34 2.53 2.61 2.63
 2.65 2.66 2.69 2.72 2.74 2.76 2.79 2.88 2.88 2.9  2.95 2.96 2.98 3.01
 3.07 3.08 3.09 3.1  3.13 3.16 3.4  3.47 3.48 3.7  3.74 3.76 3.79 3.82
 3.84 3.86 3.94 4.01 4.06 4.08 4.37 4.37 4.43 4.53 4.74 4.8  5.05 5.05
 5.07 5.95 6.45 7.74]
var: 1.6067049722222229
| [0m73       [0m | [0m3.333    [0m | [0m0.06686  [0m | [0m12.89    [0m | [0m0.1324   [0m |
[0.66 0.84 0.9  0.92 1.   1.05 1.09 1.31 1.36 1.37 1.46 1.46 1.52 1.73
 1.8  1.84 2.03 2.07 2.09 2.17 2.28 2.32 2.33 2.37 2.44 2.65 2.66 2.69
 2.69 2.7  2.71 2.73 2.81 2.86 2.89 2.93 2.95 2.95 2.96 3.03 3.07 3.12
 3.13 3.37 3.48 3.49 3.55 3.57 3.58 3.59 3.67 3.78 3.84 4.25 4.45 4.54
 4.68 4.77 5.29 5.65]
var: 1.3058327499999993
| [0m74       [0m | [0m2.692    [0m | [0m0.08077  [0m | [0m12.81    [0m | [0m0.07381  [0m |
[0.59 0.97 0.99 0.99 1.5  1.6  1.66 1.8  1.82 1.83 1.9  1.99 2.06 2.09
 2.16 2.17 2.18 2.21 2.26 2.38 2.39 2.45 2.57 2.71 2.73 2.74 2.77 2.79
 2.86 2.88 2.9  2.92 3.03 3.08 3.09 3.12 3.23 3.26 3.27 3.37 3.37 3.41
 3.42 3.6  3.61 3.71 3.73 3.81 3.85 4.09 4.22 4.34 4.36 4.37 4.4  4.44
 4.52 5.16 5.17 5.84]
var: 1.2134347499999998
| [0m75       [0m | [0m2.946    [0m | [0m0.1243   [0m | [0m12.94    [0m | [0m0.1353   [0m |
[0.39 0.61 0.65 0.65 0.68 0.77 0.85 0.9  0.9  0.98 0.98 1.01 1.08 1.11
 1.15 1.16 1.18 1.18 1.23 1.3  1.37 1.37 1.44 1.47 1.49 1.5  1.57 1.6
 1.6  1.61 1.64 1.64 1.74 1.76 1.8  1.81 1.91 2.02 2.22 2.23 2.28 2.38
 2.46 2.47 2.48 2.48 2.74 2.81 2.83 2.92 2.99 3.   3.04 3.05 3.23 3.38
 3.55 3.57 3.66 6.29]
var: 1.0623862222222233
| [0m76       [0m | [0m1.903    [0m | [0m0.1145   [0m | [0m12.86    [0m | [0m0.2639   [0m |
[0.   0.   0.03 0.05 0.05 0.06 0.07 0.08 0.08 0.09 0.1  0.12 0.16 0.16
 0.17 0.19 0.19 0.2  0.26 0.27 0.28 0.28 0.34 0.36 0.38 0.42 0.45 0.45
 0.45 0.48 0.49 0.5  0.51 0.52 0.54 0.54 0.55 0.57 0.58 0.58 0.59 0.62
 0.62 0.64 0.65 0.66 0.7  0.75 0.77 0.85 0.85 0.89 1.05 1.15 1.19 1.21
 1.25 1.58 1.93 2.32]
var: 0.21112363888888858
| [0m77       [0m | [0m0.5312   [0m | [0m0.07085  [0m | [0m38.92    [0m | [0m1.109    [0m |
[0.05 0.08 0.1  0.49 0.57 0.73 0.74 0.82 0.83 0.91 1.08 1.14 1.16 1.2
 1.24 1.25 1.28 1.32 1.33 1.34 1.38 1.4  1.41 1.43 1.44 1.55 1.58 1.59
 1.62 1.66 1.86 1.9  2.   2.04 2.12 2.17 2.23 2.23 2.25 2.27 2.38 2.39
 2.39 2.45 2.53 2.54 2.61 2.7  2.75 2.97 3.02 3.04 3.22 3.42 3.73 4.29
 4.55 4.72 4.91 7.57]
var: 1.7024436388888888
| [0m78       [0m | [0m2.033    [0m | [0m0.08908  [0m | [0m12.85    [0m | [0m0.2861   [0m |
[0.   0.02 0.08 0.1  0.1  0.21 0.33 0.42 0.45 0.46 0.48 0.73 0.74 0.75
 0.78 0.91 0.93 0.96 0.97 0.97 1.12 1.13 1.18 1.2  1.21 1.24 1.25 1.27
 1.35 1.41 1.41 1.5  1.53 1.61 1.62 1.63 1.72 1.75 1.76 1.79 1.79 1.8
 1.85 1.89 2.06 2.07 2.24 2.29 2.34 2.88 2.96 2.97 3.23 3.45 3.63 4.11
 4.26 4.27 5.48 5.67]
var: 1.6119816388888892
| [0m79       [0m | [0m1.672    [0m | [0m0.1095   [0m | [0m16.1     [0m | [0m0.6132   [0m |
[0.01 0.01 0.04 0.04 0.07 0.08 0.09 0.12 0.12 0.12 0.17 0.2  0.26 0.32
 0.36 0.39 0.41 0.43 0.46 0.47 0.55 0.55 0.56 0.61 0.63 0.69 0.76 0.77
 1.   1.15 1.16 1.23 1.24 1.26 1.29 1.32 1.37 1.37 1.4  1.47 1.6  1.67
 1.69 1.69 1.77 1.83 1.86 1.94 1.95 2.1  2.2  2.28 2.4  2.58 2.68 2.7
 2.92 3.02 4.05 5.11]
var: 1.108984972222223
| [0m80       [0m | [0m1.21     [0m | [0m1e-08    [0m | [0m12.93    [0m | [0m0.1649   [0m |
=============================================================
None
num_trials:  40  inits,  40  iters,  60  per
rho:  5
pthin:  0.10

Best VPT: 3.8893333333333344
Best result: {'a': 0.019178330739543423, 'g': 13.14255246118848, 's': 0.12959816696446644}

KERNEL: nu=1.5, lengthscale=2.0, alpha=0.0005
