|   iter    |  target   |     a     |     g     |     s     |
-------------------------------------------------------------
[0.   0.   0.02 0.02 0.03 0.04 0.04 0.05 0.06 0.07 0.08 0.09 0.09 0.11
 0.11 0.12 0.13 0.13 0.13 0.14 0.15 0.19 0.2  0.2  0.22 0.23 0.23 0.23
 0.26 0.29 0.29 0.3  0.31 0.37 0.4  0.41 0.42 0.43 0.44 0.47 0.48 0.52
 0.54 0.56 0.58 0.59 0.62 0.62 0.64 0.72 0.75 0.79 0.81 0.91 0.92 0.96
 1.07 1.07 1.15 1.17]
var: 0.1044903055555554
| [0m1        [0m | [0m0.3828   [0m | [0m0.183    [0m | [0m47.39    [0m | [0m1.666    [0m |
[0.   0.   0.   0.   0.01 0.01 0.03 0.03 0.03 0.03 0.03 0.04 0.04 0.05
 0.05 0.06 0.06 0.07 0.08 0.08 0.08 0.08 0.1  0.11 0.13 0.17 0.19 0.19
 0.2  0.22 0.23 0.25 0.25 0.27 0.29 0.31 0.33 0.35 0.37 0.38 0.38 0.39
 0.4  0.4  0.41 0.44 0.45 0.48 0.5  0.51 0.53 0.54 0.54 0.61 0.62 0.63
 0.66 0.68 0.71 0.97]
var: 0.05351874999999999
| [0m2        [0m | [0m0.2675   [0m | [0m0.05898  [0m | [0m43.45    [0m | [0m2.547    [0m |
[0.03 0.06 0.08 0.09 0.1  0.1  0.11 0.11 0.12 0.13 0.17 0.17 0.21 0.22
 0.22 0.25 0.28 0.29 0.29 0.29 0.3  0.3  0.32 0.38 0.4  0.4  0.4  0.42
 0.43 0.43 0.44 0.47 0.48 0.5  0.5  0.56 0.6  0.62 0.62 0.62 0.68 0.69
 0.69 0.7  0.75 0.79 0.81 0.84 0.86 0.95 0.96 1.   1.17 1.32 1.34 1.34
 1.54 1.54 1.7  1.71]
var: 0.18742163888888902
| [95m3        [0m | [95m0.5648   [0m | [95m0.2997   [0m | [95m9.244    [0m | [95m1.919    [0m |
[0.08 0.18 0.21 0.33 0.34 0.41 0.48 0.71 0.71 0.72 0.82 0.83 0.84 0.91
 0.92 0.93 0.95 0.96 1.04 1.07 1.08 1.09 1.22 1.24 1.3  1.38 1.48 1.48
 1.55 1.61 1.85 1.92 1.92 1.96 2.   2.05 2.09 2.1  2.16 2.17 2.44 2.45
 2.47 2.51 2.52 2.61 2.63 2.68 2.81 2.92 3.06 3.77 3.78 3.88 4.04 4.14
 4.41 4.86 4.95 5.49]
var: 1.6664649722222225
| [95m4        [0m | [95m1.925    [0m | [95m0.002418 [0m | [95m35.12    [0m | [95m0.1881   [0m |
[0.22 0.25 0.28 0.41 0.43 0.53 0.64 0.64 0.73 0.77 0.78 0.81 0.85 0.87
 0.9  0.93 0.95 0.96 1.11 1.16 1.19 1.19 1.25 1.26 1.27 1.29 1.33 1.37
 1.41 1.42 1.44 1.45 1.46 1.47 1.47 1.53 1.56 1.58 1.58 1.63 1.69 1.72
 1.75 1.84 1.85 1.89 1.93 2.01 2.04 2.05 2.08 2.16 2.33 2.45 2.47 2.54
 2.79 3.31 5.15 5.65]
var: 0.930301416666666
| [0m5        [0m | [0m1.535    [0m | [0m0.1372   [0m | [0m4.332    [0m | [0m0.4178   [0m |
[0.01 0.03 0.03 0.04 0.05 0.05 0.07 0.08 0.08 0.12 0.14 0.14 0.16 0.18
 0.2  0.21 0.26 0.27 0.27 0.27 0.32 0.34 0.34 0.35 0.38 0.39 0.43 0.46
 0.47 0.47 0.48 0.49 0.49 0.5  0.54 0.57 0.59 0.6  0.62 0.62 0.65 0.68
 0.7  0.72 0.73 0.81 0.83 0.85 1.07 1.14 1.19 1.21 1.25 1.51 1.92 1.92
 2.12 2.2  2.39 2.97]
var: 0.41238808333333304
| [0m6        [0m | [0m0.6495   [0m | [0m0.1719   [0m | [0m37.49    [0m | [0m1.046    [0m |
[0.   0.01 0.02 0.03 0.04 0.05 0.06 0.07 0.08 0.08 0.09 0.12 0.13 0.13
 0.13 0.14 0.14 0.15 0.15 0.19 0.21 0.21 0.26 0.27 0.28 0.29 0.29 0.3
 0.31 0.32 0.33 0.34 0.34 0.38 0.41 0.44 0.45 0.45 0.47 0.48 0.49 0.49
 0.49 0.52 0.52 0.52 0.53 0.57 0.62 0.63 0.67 0.72 0.73 0.73 0.87 0.95
 0.97 1.3  1.37 1.73]
var: 0.11917233333333357
| [0m7        [0m | [0m0.401    [0m | [0m0.05946  [0m | [0m25.59    [0m | [0m2.772    [0m |
[1.   1.33 1.39 1.41 1.51 1.55 1.56 1.58 1.62 1.66 1.67 1.69 1.94 1.94
 1.95 1.97 1.99 2.13 2.22 2.22 2.25 2.4  2.42 2.45 2.45 2.5  2.51 2.51
 2.61 2.65 2.66 2.67 2.73 2.75 2.76 2.76 2.93 3.01 3.06 3.11 3.28 3.34
 3.48 3.65 3.67 3.7  3.85 3.87 3.94 4.16 4.25 4.36 4.41 4.45 4.46 4.53
 4.81 5.06 5.38 6.36]
var: 1.3214814166666675
| [95m8        [0m | [95m2.876    [0m | [95m0.182    [0m | [95m9.062    [0m | [95m0.07249  [0m |
[0.03 0.14 0.14 0.21 0.21 0.22 0.22 0.24 0.33 0.39 0.42 0.48 0.59 0.59
 0.6  0.6  0.62 0.63 0.63 0.63 0.65 0.67 0.67 0.73 0.75 0.75 0.81 0.88
 0.89 0.95 0.97 0.97 0.98 0.99 0.99 1.11 1.26 1.33 1.34 1.37 1.37 1.45
 1.52 1.52 1.53 1.55 1.59 1.64 1.84 1.9  1.92 2.07 2.18 2.22 2.36 2.53
 2.55 2.79 3.36 3.47]
var: 0.634432333333333
| [0m9        [0m | [0m1.139    [0m | [0m0.1934   [0m | [0m10.92    [0m | [0m0.7685   [0m |
[0.01 0.04 0.04 0.05 0.06 0.09 0.11 0.12 0.13 0.13 0.13 0.15 0.16 0.18
 0.19 0.22 0.23 0.26 0.26 0.28 0.29 0.29 0.32 0.34 0.38 0.41 0.42 0.43
 0.49 0.49 0.49 0.49 0.51 0.52 0.56 0.57 0.57 0.58 0.59 0.59 0.61 0.63
 0.64 0.7  0.77 0.77 0.8  0.81 0.89 0.9  1.02 1.11 1.13 1.15 1.22 1.26
 1.37 1.4  1.55 1.75]
var: 0.1718076388888888
| [0m10       [0m | [0m0.5442   [0m | [0m0.08254  [0m | [0m10.32    [0m | [0m2.552    [0m |
[0.   0.02 0.02 0.04 0.05 0.06 0.08 0.08 0.1  0.11 0.11 0.14 0.14 0.15
 0.16 0.19 0.19 0.2  0.21 0.24 0.26 0.28 0.28 0.3  0.35 0.35 0.39 0.41
 0.41 0.44 0.44 0.44 0.45 0.46 0.5  0.52 0.52 0.59 0.59 0.65 0.66 0.73
 0.76 0.83 0.87 0.89 0.93 0.98 0.99 1.03 1.1  1.12 1.19 1.32 1.35 1.36
 1.45 1.5  1.57 2.22]
var: 0.23321697222222199
| [0m11       [0m | [0m0.5628   [0m | [0m0.04524  [0m | [0m25.89    [0m | [0m1.816    [0m |
[0.   0.   0.   0.02 0.02 0.02 0.03 0.04 0.05 0.06 0.06 0.08 0.09 0.09
 0.11 0.12 0.13 0.13 0.14 0.14 0.15 0.15 0.16 0.2  0.2  0.2  0.21 0.23
 0.24 0.24 0.24 0.26 0.26 0.27 0.27 0.31 0.33 0.35 0.35 0.35 0.36 0.36
 0.38 0.4  0.4  0.41 0.41 0.43 0.45 0.45 0.45 0.48 0.5  0.52 0.54 0.54
 0.74 0.79 1.05 1.29]
var: 0.060242083333333286
| [0m12       [0m | [0m0.2875   [0m | [0m0.02889  [0m | [0m44.49    [0m | [0m2.342    [0m |
[0.01 0.04 0.06 0.08 0.13 0.15 0.17 0.19 0.22 0.23 0.23 0.27 0.27 0.28
 0.33 0.35 0.4  0.42 0.44 0.45 0.46 0.46 0.46 0.46 0.47 0.47 0.51 0.54
 0.54 0.55 0.56 0.58 0.59 0.6  0.61 0.63 0.67 0.68 0.69 0.73 0.75 0.8
 0.84 0.91 0.92 0.97 0.97 1.02 1.03 1.05 1.07 1.14 1.15 1.31 1.36 1.48
 1.52 2.08 2.16 2.35]
var: 0.2521723333333337
| [0m13       [0m | [0m0.681    [0m | [0m0.06917  [0m | [0m24.21    [0m | [0m1.782    [0m |
[0.   0.   0.   0.   0.   0.01 0.02 0.02 0.03 0.05 0.05 0.07 0.08 0.09
 0.1  0.11 0.13 0.13 0.13 0.15 0.17 0.18 0.2  0.2  0.23 0.23 0.28 0.28
 0.28 0.28 0.3  0.31 0.32 0.34 0.34 0.34 0.38 0.46 0.49 0.51 0.52 0.62
 0.63 0.65 0.68 0.68 0.7  0.72 0.75 0.77 0.78 0.81 0.84 0.87 0.9  0.9
 0.91 0.95 1.47 1.73]
var: 0.13719030555555545
| [0m14       [0m | [0m0.4028   [0m | [0m0.03859  [0m | [0m23.35    [0m | [0m2.357    [0m |
[0.   0.   0.01 0.03 0.04 0.07 0.1  0.1  0.13 0.16 0.17 0.18 0.2  0.2
 0.21 0.23 0.32 0.32 0.33 0.34 0.34 0.35 0.36 0.37 0.38 0.38 0.41 0.42
 0.42 0.42 0.43 0.47 0.48 0.48 0.56 0.56 0.56 0.58 0.6  0.6  0.61 0.64
 0.66 0.68 0.71 0.8  0.85 0.87 0.92 0.96 1.1  1.11 1.14 1.15 1.17 1.17
 1.45 1.7  2.67 2.92]
var: 0.30837163888888913
| [0m15       [0m | [0m0.5932   [0m | [0m0.03155  [0m | [0m27.96    [0m | [0m2.042    [0m |
[0.09 0.09 0.16 0.24 0.24 0.33 0.34 0.35 0.52 0.53 0.57 0.59 0.62 0.66
 0.7  0.75 0.75 0.77 0.79 0.84 0.87 0.89 0.9  0.91 0.93 1.03 1.03 1.06
 1.1  1.13 1.17 1.18 1.19 1.2  1.2  1.28 1.37 1.43 1.51 1.52 1.52 1.67
 1.68 1.72 1.76 1.78 1.78 1.81 1.9  2.12 2.13 2.14 2.38 2.54 2.61 2.68
 2.77 3.11 3.17 5.36]
var: 0.8482045555555546
| [0m16       [0m | [0m1.324    [0m | [0m0.2323   [0m | [0m9.624    [0m | [0m0.5544   [0m |
[0.   0.01 0.01 0.02 0.03 0.04 0.04 0.08 0.12 0.12 0.13 0.13 0.17 0.17
 0.21 0.21 0.25 0.27 0.28 0.32 0.35 0.38 0.41 0.42 0.42 0.43 0.46 0.46
 0.46 0.47 0.48 0.48 0.49 0.49 0.5  0.5  0.53 0.54 0.55 0.55 0.56 0.58
 0.6  0.6  0.61 0.61 0.64 0.65 0.65 0.66 0.7  0.73 0.86 0.86 1.02 1.03
 1.4  1.53 1.64 1.82]
var: 0.14937141666666673
| [0m17       [0m | [0m0.4955   [0m | [0m0.2152   [0m | [0m22.63    [0m | [0m1.947    [0m |
[0.   0.01 0.01 0.02 0.03 0.03 0.03 0.04 0.07 0.07 0.07 0.08 0.09 0.1
 0.11 0.13 0.14 0.14 0.14 0.15 0.16 0.21 0.24 0.25 0.25 0.27 0.28 0.31
 0.35 0.39 0.41 0.41 0.44 0.45 0.45 0.45 0.45 0.49 0.49 0.5  0.5  0.52
 0.53 0.56 0.57 0.59 0.62 0.63 0.64 0.64 0.67 0.73 0.74 0.75 0.8  0.84
 0.87 0.88 1.02 1.12]
var: 0.08146030555555574
| [0m18       [0m | [0m0.3822   [0m | [0m0.2352   [0m | [0m39.91    [0m | [0m1.674    [0m |
[0.03 0.08 0.08 0.1  0.12 0.14 0.15 0.15 0.17 0.19 0.19 0.22 0.23 0.25
 0.27 0.31 0.33 0.33 0.34 0.35 0.35 0.36 0.36 0.36 0.38 0.44 0.48 0.51
 0.52 0.52 0.53 0.53 0.56 0.57 0.62 0.63 0.63 0.67 0.69 0.72 0.74 0.75
 0.79 0.8  0.82 0.87 0.88 0.89 0.9  0.96 0.99 1.1  1.11 1.12 1.15 1.38
 1.44 1.58 1.8  1.95]
var: 0.18554600000000018
| [0m19       [0m | [0m0.608    [0m | [0m0.2469   [0m | [0m45.28    [0m | [0m0.8786   [0m |
[0.   0.04 0.06 0.06 0.08 0.08 0.09 0.09 0.09 0.1  0.13 0.14 0.15 0.16
 0.17 0.17 0.18 0.19 0.2  0.2  0.21 0.24 0.26 0.27 0.28 0.28 0.29 0.31
 0.34 0.35 0.36 0.37 0.4  0.41 0.41 0.42 0.46 0.47 0.49 0.53 0.54 0.55
 0.55 0.55 0.56 0.62 0.63 0.63 0.65 0.69 0.7  0.76 0.79 0.86 0.87 0.88
 0.9  1.01 1.02 1.53]
var: 0.0925498888888887
| [0m20       [0m | [0m0.4137   [0m | [0m0.2438   [0m | [0m1.699    [0m | [0m2.369    [0m |
[0.   0.   0.01 0.02 0.04 0.05 0.08 0.1  0.18 0.19 0.22 0.24 0.25 0.25
 0.25 0.28 0.29 0.3  0.33 0.33 0.35 0.36 0.37 0.4  0.42 0.43 0.43 0.43
 0.44 0.48 0.48 0.49 0.5  0.53 0.54 0.57 0.58 0.58 0.58 0.6  0.6  0.61
 0.61 0.64 0.65 0.66 0.7  0.7  0.73 0.78 0.81 0.81 0.83 0.87 1.06 1.07
 1.29 1.31 2.01 2.02]
var: 0.16308363888888905
| [0m21       [0m | [0m0.5288   [0m | [0m0.1096   [0m | [0m28.43    [0m | [0m1.652    [0m |
[0.   0.02 0.03 0.05 0.07 0.07 0.08 0.08 0.09 0.21 0.23 0.24 0.25 0.25
 0.26 0.38 0.43 0.46 0.46 0.46 0.47 0.51 0.55 0.56 0.58 0.6  0.62 0.63
 0.63 0.68 0.68 0.75 0.76 0.87 0.88 0.91 0.93 0.94 0.99 1.02 1.03 1.07
 1.11 1.13 1.14 1.23 1.25 1.41 1.43 1.45 1.46 1.52 1.66 1.72 1.78 1.79
 1.86 1.89 1.98 2.45]
var: 0.35228622222222256
| [0m22       [0m | [0m0.8173   [0m | [0m0.04051  [0m | [0m39.06    [0m | [0m0.8004   [0m |
[0.05 0.05 0.07 0.07 0.08 0.11 0.16 0.2  0.21 0.23 0.24 0.27 0.29 0.31
 0.35 0.4  0.43 0.43 0.46 0.47 0.49 0.49 0.51 0.52 0.55 0.59 0.6  0.61
 0.64 0.67 0.7  0.7  0.71 0.73 0.78 0.8  0.8  0.8  0.88 1.03 1.13 1.2
 1.26 1.3  1.31 1.34 1.35 1.36 1.38 1.4  1.44 1.63 1.82 1.9  2.22 2.53
 2.77 3.28 3.52 3.99]
var: 0.7429860833333334
| [0m23       [0m | [0m0.9435   [0m | [0m0.1072   [0m | [0m17.87    [0m | [0m1.217    [0m |
[0.01 0.01 0.02 0.03 0.09 0.13 0.14 0.15 0.16 0.17 0.19 0.21 0.23 0.24
 0.26 0.26 0.28 0.29 0.31 0.31 0.34 0.36 0.37 0.39 0.41 0.42 0.43 0.43
 0.44 0.45 0.47 0.47 0.48 0.5  0.5  0.5  0.51 0.51 0.53 0.54 0.57 0.58
 0.6  0.61 0.71 0.74 0.76 0.78 0.8  0.82 0.83 0.87 1.03 1.08 1.17 1.2
 1.22 1.28 1.4  2.07]
var: 0.15090788888888873
| [0m24       [0m | [0m0.5277   [0m | [0m0.2598   [0m | [0m17.66    [0m | [0m2.401    [0m |
[0.01 0.06 0.15 0.22 0.24 0.24 0.25 0.27 0.33 0.42 0.52 0.62 0.66 0.72
 0.82 0.84 0.86 0.88 0.9  0.98 1.05 1.08 1.1  1.11 1.19 1.22 1.23 1.29
 1.31 1.45 1.45 1.47 1.51 1.51 1.56 1.63 1.65 1.66 1.67 1.7  1.76 1.82
 1.82 1.89 1.93 1.95 2.05 2.08 2.16 2.2  2.34 2.69 2.74 2.75 2.76 2.81
 2.86 2.94 3.37 4.19]
var: 0.8079323333333327
| [0m25       [0m | [0m1.449    [0m | [0m0.1118   [0m | [0m7.341    [0m | [0m0.6175   [0m |
[0.01 0.02 0.02 0.04 0.07 0.07 0.07 0.19 0.29 0.3  0.31 0.32 0.34 0.35
 0.35 0.37 0.38 0.4  0.42 0.46 0.47 0.5  0.52 0.53 0.54 0.54 0.55 0.6
 0.61 0.63 0.64 0.65 0.66 0.7  0.72 0.8  0.83 0.89 0.92 0.94 0.98 1.
 1.07 1.13 1.22 1.28 1.29 1.3  1.31 1.33 1.44 1.48 1.55 1.75 1.82 1.92
 1.93 1.95 2.07 2.47]
var: 0.34785497222222234
| [0m26       [0m | [0m0.8052   [0m | [0m0.07403  [0m | [0m37.64    [0m | [0m1.008    [0m |
[0.   0.   0.   0.   0.01 0.03 0.03 0.04 0.04 0.05 0.07 0.07 0.07 0.08
 0.09 0.09 0.1  0.1  0.12 0.12 0.13 0.14 0.16 0.16 0.18 0.21 0.21 0.21
 0.22 0.22 0.23 0.23 0.24 0.27 0.3  0.3  0.3  0.32 0.32 0.32 0.32 0.33
 0.36 0.36 0.38 0.4  0.41 0.43 0.47 0.48 0.49 0.49 0.56 0.58 0.59 0.7
 0.79 0.97 1.12 1.19]
var: 0.06847888888888874
| [0m27       [0m | [0m0.2867   [0m | [0m0.09955  [0m | [0m31.85    [0m | [0m2.798    [0m |
[0.32 0.34 0.73 0.75 0.96 1.01 1.05 1.1  1.17 1.33 1.36 1.36 1.44 1.46
 1.46 1.53 1.53 1.54 1.54 1.56 1.57 1.58 1.59 1.63 1.71 1.73 1.74 1.78
 1.8  1.87 1.95 1.96 2.   2.06 2.08 2.27 2.3  2.3  2.35 2.41 2.45 2.47
 2.57 2.68 2.69 2.73 2.81 2.89 2.89 3.04 3.23 3.34 3.42 3.43 3.99 4.24
 4.31 4.35 4.7  5.72]
var: 1.169101416666667
| [0m28       [0m | [0m2.17     [0m | [0m0.2429   [0m | [0m4.661    [0m | [0m0.3022   [0m |
[0.   0.   0.04 0.05 0.05 0.14 0.14 0.14 0.14 0.17 0.22 0.27 0.27 0.3
 0.3  0.3  0.31 0.31 0.32 0.33 0.34 0.37 0.38 0.39 0.4  0.49 0.5  0.51
 0.51 0.51 0.53 0.56 0.58 0.58 0.58 0.62 0.65 0.65 0.66 0.77 0.79 0.8
 0.83 0.84 0.85 0.86 0.9  0.91 0.98 1.   1.05 1.05 1.07 1.08 1.09 1.28
 1.36 1.56 1.93 2.3 ]
var: 0.20794830555555574
| [0m29       [0m | [0m0.6152   [0m | [0m0.2934   [0m | [0m20.68    [0m | [0m1.599    [0m |
[0.   0.   0.03 0.04 0.05 0.06 0.11 0.13 0.16 0.17 0.19 0.2  0.2  0.21
 0.21 0.25 0.27 0.28 0.3  0.32 0.32 0.37 0.37 0.39 0.4  0.44 0.45 0.48
 0.5  0.5  0.5  0.5  0.51 0.53 0.53 0.54 0.6  0.61 0.61 0.62 0.63 0.63
 0.65 0.66 0.69 0.7  0.7  0.75 0.79 0.79 0.82 0.86 0.98 1.02 1.05 1.08
 1.15 1.78 1.84 1.86]
var: 0.16802655555555557
| [0m30       [0m | [0m0.5397   [0m | [0m0.2419   [0m | [0m27.59    [0m | [0m1.72     [0m |
[0.09 0.19 0.28 0.33 0.43 0.51 0.61 0.61 0.64 0.68 0.69 0.7  0.74 0.83
 0.84 0.87 0.9  0.95 0.97 0.98 1.07 1.07 1.14 1.15 1.2  1.21 1.25 1.27
 1.27 1.29 1.3  1.31 1.39 1.41 1.42 1.43 1.44 1.44 1.77 1.82 1.86 1.93
 2.06 2.14 2.17 2.2  2.33 2.42 2.43 2.49 2.49 2.5  2.63 2.65 2.66 2.66
 2.69 3.27 4.04 5.43]
var: 0.9385945555555558
| [0m31       [0m | [0m1.542    [0m | [0m0.2616   [0m | [0m42.23    [0m | [0m0.169    [0m |
[0.   0.01 0.02 0.02 0.03 0.04 0.06 0.06 0.06 0.07 0.07 0.08 0.09 0.1
 0.1  0.13 0.15 0.16 0.16 0.16 0.17 0.18 0.2  0.2  0.21 0.22 0.24 0.25
 0.26 0.34 0.35 0.36 0.36 0.38 0.39 0.39 0.4  0.41 0.41 0.43 0.46 0.47
 0.48 0.49 0.51 0.53 0.55 0.58 0.59 0.64 0.64 0.65 0.69 0.81 0.97 0.99
 1.01 1.05 1.12 1.34]
var: 0.09734941666666655
| [0m32       [0m | [0m0.3715   [0m | [0m0.2052   [0m | [0m49.4     [0m | [0m1.657    [0m |
[0.01 0.05 0.07 0.07 0.1  0.12 0.12 0.16 0.18 0.19 0.2  0.24 0.26 0.26
 0.27 0.29 0.3  0.33 0.36 0.37 0.41 0.43 0.43 0.44 0.44 0.44 0.45 0.49
 0.49 0.5  0.51 0.51 0.53 0.54 0.6  0.61 0.62 0.64 0.64 0.66 0.69 0.71
 0.73 0.75 0.78 0.84 0.85 0.86 0.92 0.98 1.01 1.03 1.04 1.06 1.07 1.09
 1.25 1.27 1.36 2.57]
var: 0.17974275000000023
| [0m33       [0m | [0m0.5865   [0m | [0m0.1418   [0m | [0m31.18    [0m | [0m1.633    [0m |
[0.   0.   0.   0.   0.01 0.01 0.04 0.04 0.04 0.05 0.05 0.05 0.05 0.06
 0.06 0.07 0.08 0.08 0.11 0.11 0.11 0.13 0.15 0.15 0.15 0.15 0.16 0.17
 0.18 0.19 0.23 0.24 0.27 0.27 0.28 0.3  0.35 0.35 0.38 0.39 0.4  0.41
 0.42 0.45 0.47 0.47 0.48 0.48 0.49 0.5  0.51 0.58 0.58 0.62 0.65 0.66
 0.68 0.7  0.76 0.94]
var: 0.05465622222222214
| [0m34       [0m | [0m0.2793   [0m | [0m0.1597   [0m | [0m46.08    [0m | [0m1.941    [0m |
[0.   0.02 0.09 0.11 0.12 0.12 0.14 0.15 0.19 0.19 0.19 0.21 0.21 0.22
 0.23 0.24 0.24 0.25 0.25 0.27 0.29 0.33 0.34 0.35 0.36 0.37 0.37 0.38
 0.4  0.4  0.4  0.41 0.44 0.44 0.44 0.48 0.55 0.57 0.59 0.6  0.63 0.69
 0.71 0.74 0.75 0.78 0.84 0.84 0.88 0.88 0.9  0.92 0.96 1.01 1.13 1.3
 1.3  1.32 1.45 1.51]
var: 0.13974497222222265
| [0m35       [0m | [0m0.5248   [0m | [0m0.1549   [0m | [0m48.33    [0m | [0m0.8948   [0m |
[0.   0.01 0.05 0.08 0.1  0.11 0.11 0.14 0.15 0.16 0.17 0.17 0.18 0.18
 0.21 0.21 0.22 0.23 0.26 0.28 0.29 0.3  0.33 0.34 0.34 0.35 0.35 0.36
 0.37 0.37 0.38 0.39 0.41 0.41 0.42 0.42 0.42 0.43 0.46 0.49 0.53 0.54
 0.57 0.6  0.62 0.62 0.62 0.69 0.74 0.75 0.9  0.9  0.91 0.93 1.05 1.12
 1.19 1.94 2.68 2.92]
var: 0.2929880833333331
| [0m36       [0m | [0m0.5245   [0m | [0m0.06832  [0m | [0m3.252    [0m | [0m2.504    [0m |
[0.   0.01 0.02 0.05 0.06 0.06 0.08 0.09 0.1  0.11 0.13 0.16 0.17 0.17
 0.18 0.19 0.23 0.23 0.25 0.25 0.26 0.27 0.28 0.28 0.3  0.32 0.33 0.33
 0.34 0.35 0.36 0.36 0.39 0.41 0.41 0.42 0.42 0.42 0.44 0.46 0.46 0.48
 0.49 0.5  0.5  0.5  0.51 0.51 0.52 0.55 0.59 0.6  0.62 0.67 0.72 0.73
 0.9  1.02 1.04 1.81]
var: 0.08776830555555552
| [0m37       [0m | [0m0.3902   [0m | [0m0.2825   [0m | [0m40.36    [0m | [0m1.538    [0m |
[0.   0.02 0.03 0.07 0.1  0.15 0.21 0.21 0.44 0.44 0.48 0.48 0.59 0.6
 0.64 0.66 0.76 0.76 0.81 0.81 0.87 0.88 0.91 0.91 0.92 0.99 1.09 1.19
 1.24 1.31 1.31 1.33 1.34 1.35 1.48 1.5  1.52 1.56 1.6  1.62 1.62 1.68
 1.72 1.74 1.78 1.8  1.84 1.84 1.95 2.   2.09 2.11 2.24 2.46 2.52 2.56
 2.66 3.23 4.04 4.07]
var: 0.8097236388888891
| [0m38       [0m | [0m1.319    [0m | [0m0.02729  [0m | [0m47.0     [0m | [0m0.4162   [0m |
[0.02 0.06 0.08 0.08 0.14 0.19 0.19 0.32 0.33 0.39 0.46 0.47 0.48 0.5
 0.53 0.53 0.55 0.58 0.59 0.6  0.61 0.62 0.64 0.65 0.69 0.73 0.76 0.8
 0.84 0.89 0.95 1.02 1.03 1.12 1.17 1.18 1.21 1.32 1.34 1.35 1.38 1.41
 1.43 1.46 1.51 1.56 1.58 1.61 1.64 1.66 1.78 1.86 2.09 2.09 2.46 2.56
 2.62 2.89 2.98 3.73]
var: 0.6410449722222231
| [0m39       [0m | [0m1.105    [0m | [0m0.2674   [0m | [0m25.37    [0m | [0m0.5704   [0m |
[0.   0.   0.   0.   0.   0.01 0.02 0.02 0.02 0.04 0.04 0.05 0.07 0.08
 0.1  0.1  0.12 0.12 0.12 0.12 0.13 0.13 0.16 0.17 0.17 0.18 0.24 0.25
 0.29 0.31 0.31 0.34 0.35 0.36 0.37 0.38 0.39 0.4  0.4  0.41 0.41 0.43
 0.43 0.46 0.46 0.47 0.51 0.52 0.52 0.56 0.56 0.58 0.84 0.9  1.08 1.11
 1.24 1.61 1.68 1.92]
var: 0.17612455555555553
| [0m40       [0m | [0m0.3843   [0m | [0m0.1686   [0m | [0m41.95    [0m | [0m1.591    [0m |
[ 0.45  0.58  0.88  0.94  1.14  1.24  1.31  1.36  1.41  1.42  1.45  1.45
  1.58  1.61  1.61  1.68  1.74  1.77  1.85  1.91  1.92  1.96  2.2   2.4
  2.41  2.54  2.61  2.64  2.69  2.73  2.75  2.76  2.77  2.97  2.97  3.
  3.    3.07  3.11  3.12  3.12  3.13  3.15  3.2   3.25  3.41  3.53  3.73
  3.8   3.98  4.08  4.28  4.41  4.44  4.53  4.7   5.5   5.75  6.06 10.07]
var: 2.4458682222222223
| [0m41       [0m | [0m2.819    [0m | [0m0.2284   [0m | [0m8.643    [0m | [0m0.06842  [0m |
[0.18 0.63 0.88 0.99 0.99 1.04 1.1  1.4  1.44 1.49 1.63 1.75 1.76 1.82
 1.83 1.89 2.01 2.15 2.19 2.2  2.21 2.26 2.3  2.39 2.49 2.49 2.5  2.51
 2.54 2.55 2.59 2.6  2.72 2.72 2.93 3.03 3.06 3.13 3.14 3.15 3.16 3.22
 3.45 3.63 3.65 3.65 3.69 3.77 3.85 3.96 3.96 4.1  4.18 4.56 4.73 4.8
 5.04 5.12 5.15 5.68]
var: 1.508000305555556
| [0m42       [0m | [0m2.767    [0m | [0m1e-08    [0m | [0m8.844    [0m | [0m0.001    [0m |
[0.   0.   0.   0.   0.   0.   0.   0.   0.   0.   0.   0.   0.   0.
 0.   0.   0.   0.   0.   0.   0.   0.   0.   0.   0.   0.   0.   0.
 0.   0.   0.   0.   0.   0.   0.01 0.01 0.01 0.02 0.02 0.03 0.03 0.03
 0.04 0.04 0.04 0.05 0.05 0.06 0.06 0.06 0.08 0.09 0.1  0.12 0.13 0.14
 0.16 0.18 0.19 0.2 ]
var: 0.002842083333333374
| [0m43       [0m | [0m0.0325   [0m | [0m0.3      [0m | [0m5.581    [0m | [0m0.001    [0m |
[0.13 0.21 0.35 0.68 0.71 0.91 0.94 1.02 1.09 1.28 1.38 1.39 1.5  1.57
 1.6  1.66 1.71 1.82 1.84 1.84 1.85 1.88 2.01 2.05 2.16 2.19 2.19 2.24
 2.27 2.32 2.34 2.56 2.75 2.79 2.98 2.99 3.06 3.2  3.22 3.22 3.27 3.39
 3.45 3.51 3.56 3.59 3.61 3.67 3.8  3.88 3.89 4.   4.27 4.41 4.53 4.65
 4.75 4.82 4.86 5.21]
var: 1.6518332222222218
| [0m44       [0m | [0m2.584    [0m | [0m0.007257 [0m | [0m8.739    [0m | [0m0.4186   [0m |
[0.08 0.09 0.09 0.13 0.3  0.32 0.34 0.34 0.35 0.37 0.4  0.47 0.52 0.53
 0.58 0.58 0.58 0.65 0.67 0.73 0.77 0.8  0.83 0.84 0.93 0.94 0.94 0.97
 1.05 1.05 1.07 1.1  1.1  1.15 1.16 1.17 1.18 1.26 1.29 1.36 1.4  1.42
 1.49 1.51 1.55 1.57 1.58 1.6  1.65 1.71 1.75 2.04 2.16 2.23 2.23 2.34
 2.37 2.64 3.35 3.47]
var: 0.5684145555555555
| [0m45       [0m | [0m1.152    [0m | [0m0.1951   [0m | [0m19.91    [0m | [0m0.7248   [0m |
[0.72 1.09 1.16 1.17 1.25 1.28 1.42 1.44 1.61 1.64 1.68 1.77 1.94 2.02
 2.04 2.44 2.51 2.55 2.55 2.55 2.65 2.7  2.73 2.74 2.75 2.76 2.77 2.79
 2.87 3.23 3.25 3.25 3.33 3.33 3.35 3.38 3.39 3.44 3.52 3.63 3.66 3.68
 3.82 3.96 4.08 4.11 4.19 4.19 4.68 4.7  5.01 5.01 5.03 5.09 5.39 5.43
 5.67 5.7  5.88 7.74]
var: 2.061129416666667
| [95m46       [0m | [95m3.229    [0m | [95m0.02391  [0m | [95m8.123    [0m | [95m0.036    [0m |
[0.03 0.04 0.05 0.09 0.09 0.1  0.34 0.37 0.52 0.55 0.59 0.63 0.66 0.67
 0.74 0.74 0.78 0.9  0.92 0.93 1.01 1.07 1.07 1.1  1.19 1.2  1.21 1.21
 1.22 1.23 1.24 1.25 1.25 1.3  1.33 1.37 1.4  1.52 1.53 1.53 1.58 1.65
 1.66 1.66 1.66 1.67 1.69 1.89 1.92 2.01 2.01 2.19 2.2  2.34 2.38 2.41
 2.47 2.86 3.1  4.17]
var: 0.6437016388888883
| [0m47       [0m | [0m1.308    [0m | [0m0.1663   [0m | [0m30.19    [0m | [0m0.3882   [0m |
[0.   0.   0.   0.   0.   0.   0.   0.   0.   0.   0.   0.   0.   0.
 0.   0.   0.   0.   0.   0.   0.   0.   0.   0.   0.   0.   0.   0.
 0.   0.   0.   0.   0.01 0.01 0.02 0.02 0.02 0.02 0.02 0.02 0.02 0.02
 0.03 0.03 0.05 0.05 0.05 0.06 0.07 0.08 0.08 0.09 0.1  0.11 0.12 0.14
 0.19 0.19 0.2  0.21]
var: 0.003096972222222217
| [0m48       [0m | [0m0.03383  [0m | [0m0.3      [0m | [0m7.996    [0m | [0m0.001    [0m |
[0.   0.   0.   0.   0.   0.   0.01 0.01 0.01 0.02 0.02 0.03 0.03 0.03
 0.03 0.05 0.05 0.06 0.07 0.07 0.09 0.09 0.12 0.13 0.13 0.16 0.16 0.18
 0.19 0.2  0.21 0.21 0.21 0.24 0.26 0.28 0.29 0.32 0.33 0.4  0.4  0.43
 0.45 0.5  0.5  0.53 0.54 0.6  0.67 0.74 0.92 1.07 1.16 1.26 1.42 1.57
 1.62 2.04 3.51 4.9 ]
var: 0.7002159999999992
| [0m49       [0m | [0m0.492    [0m | [0m1e-08    [0m | [0m8.355    [0m | [0m0.09802  [0m |
[0.   0.   0.01 0.01 0.03 0.04 0.05 0.05 0.06 0.06 0.08 0.08 0.08 0.09
 0.09 0.12 0.12 0.12 0.17 0.17 0.17 0.18 0.2  0.21 0.23 0.24 0.28 0.3
 0.31 0.32 0.32 0.33 0.33 0.34 0.34 0.36 0.36 0.36 0.37 0.38 0.39 0.4
 0.41 0.42 0.42 0.43 0.44 0.44 0.48 0.48 0.51 0.53 0.54 0.54 0.56 0.6
 0.62 0.72 0.81 1.18]
var: 0.050688222222222176
| [0m50       [0m | [0m0.3047   [0m | [0m0.1472   [0m | [0m38.93    [0m | [0m2.816    [0m |
[0.49 0.56 1.   1.11 1.18 1.2  1.23 1.47 1.49 1.62 1.72 1.76 1.77 1.82
 2.01 2.05 2.08 2.16 2.23 2.25 2.29 2.3  2.3  2.32 2.33 2.35 2.38 2.49
 2.49 2.56 2.68 2.7  2.72 2.81 2.82 2.89 2.91 2.92 2.93 2.95 3.01 3.02
 3.05 3.2  3.23 3.29 3.4  3.51 3.53 3.65 4.04 4.06 4.24 4.32 4.56 4.57
 4.7  5.01 5.17 5.25]
var: 1.234592083333333
| [0m51       [0m | [0m2.703    [0m | [0m0.1495   [0m | [0m8.85     [0m | [0m0.09133  [0m |
[0.   0.   0.03 0.03 0.03 0.03 0.04 0.05 0.05 0.05 0.06 0.07 0.07 0.07
 0.08 0.09 0.1  0.1  0.11 0.11 0.12 0.14 0.17 0.18 0.18 0.21 0.21 0.23
 0.23 0.25 0.26 0.26 0.27 0.27 0.29 0.29 0.3  0.3  0.3  0.31 0.37 0.38
 0.39 0.44 0.45 0.45 0.45 0.46 0.47 0.48 0.48 0.53 0.54 0.64 0.69 0.72
 0.73 0.75 0.85 1.06]
var: 0.05607030555555557
| [0m52       [0m | [0m0.2878   [0m | [0m0.0479   [0m | [0m31.42    [0m | [0m2.837    [0m |
[0.22 0.38 0.68 0.81 0.89 1.32 1.63 1.68 1.83 1.88 1.91 1.99 2.02 2.04
 2.05 2.17 2.18 2.21 2.28 2.29 2.38 2.4  2.43 2.64 2.66 2.67 2.7  2.72
 2.72 2.92 3.05 3.09 3.15 3.15 3.23 3.25 3.38 3.47 3.51 3.61 3.65 3.77
 3.81 3.81 3.87 3.9  3.97 4.08 4.2  4.25 4.48 4.57 4.65 4.67 4.92 5.26
 5.57 6.61 7.33 7.36]
var: 2.230481555555554
| [0m53       [0m | [0m3.105    [0m | [0m0.04928  [0m | [0m8.983    [0m | [0m0.09206  [0m |
[0.58 0.71 0.77 0.81 0.91 1.   1.01 1.06 1.14 1.18 1.36 1.47 1.53 1.62
 1.7  1.73 1.8  1.82 1.86 1.91 1.93 1.96 2.03 2.06 2.09 2.09 2.13 2.17
 2.19 2.19 2.22 2.22 2.23 2.25 2.44 2.44 2.53 2.57 2.57 2.59 2.65 2.69
 2.71 2.76 2.85 2.93 2.97 3.   3.   3.16 3.26 3.56 3.61 3.61 3.66 3.67
 4.03 4.57 4.73 5.01]
var: 0.9841705555555554
| [0m54       [0m | [0m2.322    [0m | [0m0.07862  [0m | [0m8.806    [0m | [0m0.2857   [0m |
[0.21 0.26 0.3  0.53 0.65 0.66 0.69 0.85 0.91 0.96 0.98 1.04 1.04 1.11
 1.22 1.34 1.37 1.41 1.42 1.46 1.54 1.58 1.6  1.61 1.7  1.79 1.81 1.86
 1.88 2.09 2.15 2.17 2.2  2.21 2.26 2.27 2.46 2.48 2.49 2.64 2.65 2.65
 2.69 2.78 2.92 3.01 3.03 3.07 3.12 3.28 3.33 3.34 3.45 3.49 3.8  4.15
 4.35 4.84 5.34 5.92]
var: 1.5254994166666669
| [0m55       [0m | [0m2.174    [0m | [0m0.1776   [0m | [0m9.001    [0m | [0m0.2334   [0m |
[0.69 1.04 1.09 1.18 1.3  1.56 1.58 1.71 1.75 1.8  1.84 1.89 1.95 2.08
 2.18 2.2  2.23 2.32 2.34 2.38 2.41 2.43 2.43 2.46 2.59 2.63 2.74 2.77
 2.8  2.96 3.   3.03 3.07 3.13 3.19 3.25 3.28 3.59 3.67 3.73 3.78 3.87
 3.88 4.   4.17 4.48 4.52 4.66 4.72 4.72 5.07 5.21 5.27 5.34 5.36 5.4
 6.21 6.4  6.6  6.9 ]
var: 2.2327136388888884
| [95m56       [0m | [95m3.247    [0m | [95m0.05337  [0m | [95m9.105    [0m | [95m0.0829   [0m |
[0.01 0.01 0.01 0.07 0.11 0.12 0.16 0.17 0.18 0.19 0.2  0.21 0.21 0.22
 0.24 0.27 0.29 0.3  0.3  0.32 0.34 0.35 0.35 0.35 0.38 0.39 0.39 0.4
 0.43 0.44 0.44 0.46 0.48 0.53 0.54 0.56 0.57 0.57 0.6  0.61 0.62 0.62
 0.63 0.63 0.64 0.65 0.66 0.81 0.84 0.91 0.94 1.01 1.09 1.09 1.1  1.25
 1.32 1.71 1.83 1.96]
var: 0.18155822222222232
| [0m57       [0m | [0m0.5513   [0m | [0m0.2869   [0m | [0m24.32    [0m | [0m1.387    [0m |
[0.4  0.47 0.51 0.52 0.61 0.73 0.78 0.82 0.91 1.03 1.18 1.24 1.34 1.35
 1.37 1.43 1.52 1.57 1.67 1.68 1.74 1.86 2.1  2.13 2.29 2.32 2.34 2.52
 2.54 2.64 2.69 2.74 2.74 2.78 2.78 2.82 2.91 3.01 3.04 3.12 3.43 3.46
 3.63 3.88 3.88 3.89 4.2  4.27 4.38 4.41 4.68 4.95 5.17 5.53 5.66 5.68
 5.82 5.99 6.96 9.74]
var: 3.4140376388888907
| [0m58       [0m | [0m2.864    [0m | [0m1e-08    [0m | [0m9.052    [0m | [0m0.001    [0m |
[0.09 0.11 0.23 0.35 0.38 0.39 0.44 0.56 0.59 0.66 0.73 0.74 0.74 0.79
 0.8  0.8  0.8  0.81 0.95 0.98 0.99 1.   1.02 1.02 1.07 1.1  1.13 1.14
 1.15 1.18 1.18 1.21 1.24 1.25 1.27 1.29 1.32 1.34 1.35 1.38 1.43 1.45
 1.48 1.5  1.62 1.71 1.75 1.98 2.01 2.03 2.04 2.15 2.38 2.39 2.53 2.76
 3.35 3.41 4.37 5.51]
var: 0.9410865555555542
| [0m59       [0m | [0m1.39     [0m | [0m0.03158  [0m | [0m41.87    [0m | [0m0.3157   [0m |
[0.05 0.06 0.19 0.19 0.24 0.27 0.28 0.31 0.33 0.34 0.36 0.45 0.51 0.53
 0.56 0.56 0.58 0.6  0.6  0.61 0.65 0.67 0.67 0.71 0.76 0.76 0.81 0.84
 0.89 0.9  0.94 1.   1.01 1.09 1.17 1.2  1.23 1.23 1.28 1.31 1.32 1.38
 1.46 1.5  1.51 1.55 1.56 1.57 1.66 1.72 1.93 1.96 2.03 2.08 2.19 2.28
 2.52 2.71 2.8  3.24]
var: 0.5360249722222225
| [0m60       [0m | [0m1.095    [0m | [0m0.2736   [0m | [0m18.24    [0m | [0m0.6361   [0m |
[0.43 0.48 0.8  0.95 1.03 1.25 1.25 1.27 1.3  1.35 1.39 1.42 1.47 1.5
 1.64 1.67 1.7  1.85 1.88 1.9  2.06 2.09 2.1  2.13 2.2  2.2  2.28 2.3
 2.45 2.56 2.64 2.76 2.8  2.81 2.99 3.   3.04 3.05 3.17 3.17 3.17 3.23
 3.38 3.41 3.45 3.55 3.58 3.66 3.82 3.97 4.02 4.58 4.61 4.62 5.16 5.34
 5.55 5.94 6.65 8.77]
var: 2.460308305555554
| [0m61       [0m | [0m2.813    [0m | [0m0.1377   [0m | [0m9.291    [0m | [0m0.1128   [0m |
[0.05 0.42 0.44 0.48 0.48 0.89 0.94 1.06 1.17 1.19 1.3  1.38 1.42 1.47
 1.49 1.55 1.61 1.64 1.68 1.68 1.73 1.75 1.78 1.9  2.   2.   2.07 2.09
 2.09 2.22 2.28 2.34 2.38 2.4  2.4  2.54 2.61 2.65 2.71 2.84 2.9  2.93
 2.95 2.95 3.01 3.01 3.16 3.25 3.32 3.36 3.36 3.4  3.62 3.63 3.76 4.38
 4.57 5.   7.1  7.31]
var: 1.8934660833333326
| [0m62       [0m | [0m2.402    [0m | [0m1e-08    [0m | [0m8.009    [0m | [0m0.001    [0m |
[0.28 0.56 1.19 1.32 1.62 1.65 1.65 1.66 1.7  1.74 1.74 1.74 1.76 1.85
 1.89 1.9  1.94 1.94 1.96 1.98 2.07 2.09 2.11 2.18 2.25 2.27 2.29 2.31
 2.4  2.48 2.5  2.57 2.67 2.69 2.77 2.87 2.95 3.   3.15 3.16 3.18 3.23
 3.26 3.28 3.34 3.38 3.39 3.44 3.46 3.59 3.69 3.69 4.03 4.23 4.27 4.92
 5.01 5.43 5.84 5.99]
var: 1.3696450000000007
| [0m63       [0m | [0m2.725    [0m | [0m0.1654   [0m | [0m8.858    [0m | [0m0.08599  [0m |
[0.   0.   0.   0.   0.   0.   0.   0.   0.01 0.01 0.01 0.02 0.02 0.02
 0.03 0.03 0.04 0.06 0.07 0.08 0.08 0.09 0.12 0.13 0.14 0.14 0.15 0.17
 0.17 0.18 0.19 0.19 0.2  0.21 0.21 0.26 0.27 0.28 0.28 0.29 0.31 0.37
 0.38 0.41 0.44 0.44 0.47 0.48 0.49 0.53 0.55 0.56 0.61 0.77 0.94 1.15
 1.32 1.38 1.85 2.82]
var: 0.24272655555555572
| [0m64       [0m | [0m0.3403   [0m | [0m1e-08    [0m | [0m9.191    [0m | [0m0.2234   [0m |
[0.   0.   0.   0.01 0.04 0.04 0.05 0.07 0.08 0.08 0.1  0.1  0.11 0.11
 0.12 0.13 0.17 0.18 0.19 0.2  0.2  0.21 0.22 0.24 0.26 0.27 0.31 0.32
 0.37 0.38 0.39 0.39 0.39 0.4  0.41 0.42 0.42 0.44 0.44 0.45 0.46 0.46
 0.47 0.47 0.49 0.53 0.54 0.55 0.58 0.64 0.64 0.66 0.69 0.7  0.8  0.82
 1.14 1.15 1.32 2.03]
var: 0.12714208333333346
| [0m65       [0m | [0m0.3975   [0m | [0m0.2397   [0m | [0m21.9     [0m | [0m2.867    [0m |
[0.   0.   0.   0.   0.02 0.02 0.03 0.04 0.05 0.05 0.05 0.06 0.07 0.1
 0.1  0.1  0.1  0.12 0.13 0.15 0.16 0.16 0.17 0.19 0.2  0.2  0.2  0.22
 0.23 0.23 0.25 0.25 0.27 0.27 0.29 0.29 0.3  0.31 0.33 0.35 0.36 0.36
 0.4  0.43 0.44 0.45 0.46 0.47 0.48 0.5  0.55 0.56 0.57 0.59 0.59 0.71
 0.74 0.75 1.12 1.96]
var: 0.09809097222222209
| [0m66       [0m | [0m0.3092   [0m | [0m0.08729  [0m | [0m45.4     [0m | [0m2.393    [0m |
[0.13 0.33 0.34 0.36 0.39 0.44 0.48 0.55 0.82 0.84 0.93 0.97 1.   1.
 1.01 1.03 1.03 1.09 1.09 1.11 1.12 1.14 1.19 1.25 1.27 1.28 1.3  1.3
 1.46 1.51 1.57 1.66 1.67 1.68 1.7  1.7  1.76 1.81 2.01 2.04 2.1  2.11
 2.12 2.12 2.17 2.32 2.35 2.44 2.52 2.58 2.63 2.79 2.97 3.05 3.13 3.43
 3.93 4.14 4.36 4.44]
var: 1.0340445555555546
| [0m67       [0m | [0m1.718    [0m | [0m0.2549   [0m | [0m9.149    [0m | [0m0.01817  [0m |
[0.06 0.1  0.17 0.18 0.2  0.23 0.23 0.27 0.27 0.28 0.31 0.31 0.33 0.38
 0.39 0.47 0.47 0.49 0.49 0.51 0.51 0.53 0.59 0.6  0.63 0.64 0.74 0.77
 0.79 0.8  0.82 0.82 0.83 0.83 0.88 0.91 0.92 0.94 0.97 1.   1.09 1.11
 1.14 1.14 1.16 1.21 1.25 1.27 1.39 1.47 1.6  1.6  1.79 1.89 1.97 2.
 2.19 2.25 2.31 2.77]
var: 0.38923122222222184
| [0m68       [0m | [0m0.9043   [0m | [0m0.1213   [0m | [0m9.263    [0m | [0m0.01083  [0m |
[0.62 0.67 0.99 1.03 1.14 1.19 1.25 1.35 1.5  1.9  1.92 1.95 2.11 2.16
 2.21 2.23 2.26 2.29 2.32 2.35 2.35 2.51 2.52 2.53 2.57 2.65 2.65 2.66
 2.69 2.76 2.81 2.88 2.88 2.9  2.92 2.93 3.06 3.25 3.27 3.37 3.37 3.37
 3.42 3.43 3.59 3.63 3.84 3.89 4.02 4.11 4.21 4.3  4.3  4.43 4.48 4.52
 4.93 5.34 5.45 6.92]
var: 1.513464305555557
| [0m69       [0m | [0m2.919    [0m | [0m0.1133   [0m | [0m9.012    [0m | [0m0.06281  [0m |
[0.11 0.18 0.59 0.96 1.   1.   1.06 1.18 1.25 1.27 1.34 1.4  1.51 1.54
 1.57 1.57 1.6  1.62 1.64 1.74 1.8  1.8  2.07 2.1  2.1  2.33 2.41 2.43
 2.5  2.52 2.64 2.7  2.74 2.78 2.8  2.82 2.84 2.89 2.92 2.93 3.04 3.17
 3.24 3.25 3.44 3.46 3.47 3.67 3.77 3.84 3.94 3.95 4.1  4.27 4.39 4.49
 5.06 5.16 5.42 6.77]
var: 1.7778654166666676
| [0m70       [0m | [0m2.603    [0m | [0m0.1523   [0m | [0m8.692    [0m | [0m0.1789   [0m |
[0.25 0.5  0.59 0.82 1.25 1.79 1.89 1.9  1.97 2.   2.12 2.21 2.24 2.31
 2.53 2.62 2.73 2.81 2.81 2.84 2.88 2.99 3.19 3.32 3.33 3.37 3.39 3.45
 3.46 3.6  3.61 3.66 3.66 3.71 3.71 3.72 3.73 3.8  3.87 3.87 3.89 3.9
 4.   4.07 4.1  4.11 4.14 4.19 4.39 4.44 4.68 4.78 4.86 5.05 5.08 5.38
 5.6  6.05 6.76 7.78]
var: 2.0287343055555556
| [95m71       [0m | [95m3.429    [0m | [95m0.007643 [0m | [95m8.888    [0m | [95m0.1176   [0m |
[0.32 0.36 0.36 0.91 0.99 0.99 1.1  1.21 1.37 1.63 1.64 1.66 1.77 1.91
 2.18 2.36 2.38 2.4  2.5  2.66 2.77 2.85 2.89 2.9  2.9  2.94 3.01 3.06
 3.08 3.12 3.16 3.22 3.24 3.24 3.28 3.3  3.33 3.43 3.44 3.45 3.47 3.54
 3.57 3.63 3.68 3.69 3.69 3.91 3.93 3.95 3.98 4.05 4.43 4.48 4.51 4.64
 4.91 5.01 5.26 5.38]
var: 1.4910598888888886
| [0m72       [0m | [0m2.95     [0m | [0m0.03781  [0m | [0m8.929    [0m | [0m0.1765   [0m |
[0.   0.04 0.06 0.07 0.08 0.08 0.09 0.11 0.12 0.12 0.13 0.17 0.17 0.18
 0.21 0.21 0.22 0.22 0.22 0.23 0.24 0.25 0.27 0.29 0.29 0.29 0.35 0.38
 0.4  0.41 0.41 0.43 0.45 0.46 0.48 0.49 0.52 0.56 0.58 0.6  0.6  0.6
 0.6  0.65 0.66 0.7  0.7  0.7  0.73 0.73 0.76 0.84 0.91 0.92 1.   1.1
 1.38 1.78 1.82 2.27]
var: 0.19785808333333382
| [0m73       [0m | [0m0.5055   [0m | [0m0.06551  [0m | [0m4.769    [0m | [0m2.743    [0m |
[0.   0.   0.   0.   0.01 0.01 0.01 0.01 0.01 0.02 0.03 0.03 0.04 0.06
 0.06 0.07 0.07 0.08 0.1  0.1  0.1  0.11 0.12 0.12 0.13 0.14 0.14 0.14
 0.16 0.17 0.17 0.19 0.21 0.24 0.25 0.26 0.26 0.26 0.28 0.3  0.3  0.31
 0.33 0.35 0.35 0.37 0.4  0.42 0.42 0.45 0.46 0.47 0.5  0.55 0.57 0.67
 0.91 1.06 1.1  1.3 ]
var: 0.07829208333333375
| [0m74       [0m | [0m0.2625   [0m | [0m0.2747   [0m | [0m43.43    [0m | [0m2.198    [0m |
[0.   0.   0.   0.   0.   0.01 0.01 0.01 0.01 0.02 0.02 0.02 0.02 0.02
 0.02 0.03 0.03 0.03 0.04 0.04 0.05 0.05 0.06 0.07 0.08 0.08 0.08 0.09
 0.09 0.12 0.15 0.17 0.17 0.18 0.19 0.19 0.2  0.23 0.24 0.25 0.28 0.38
 0.44 0.44 0.45 0.47 0.58 0.65 0.87 1.01 1.03 1.12 1.15 1.19 1.41 1.52
 2.6  3.08 3.78 3.93]
var: 0.7486043055555551
| [0m75       [0m | [0m0.4908   [0m | [0m1e-08    [0m | [0m8.082    [0m | [0m0.1339   [0m |
[0.06 0.07 0.12 0.32 0.34 0.34 0.43 0.44 0.45 0.51 0.76 0.78 0.81 0.87
 0.88 0.96 0.97 0.97 0.99 1.01 1.03 1.19 1.28 1.33 1.35 1.38 1.42 1.44
 1.48 1.52 1.69 1.81 1.82 1.9  1.91 1.94 1.98 2.03 2.15 2.18 2.2  2.25
 2.25 2.27 2.28 2.36 2.41 2.43 2.5  3.   3.01 3.03 3.1  3.22 3.36 3.38
 3.96 4.22 4.84 4.97]
var: 1.312797638888889
| [0m76       [0m | [0m1.766    [0m | [0m0.1019   [0m | [0m31.31    [0m | [0m0.1601   [0m |
[0.   0.   0.   0.   0.   0.   0.   0.   0.   0.   0.   0.   0.   0.
 0.   0.   0.   0.01 0.01 0.01 0.02 0.02 0.03 0.03 0.06 0.07 0.07 0.09
 0.09 0.1  0.11 0.12 0.13 0.15 0.17 0.22 0.23 0.26 0.29 0.3  0.3  0.31
 0.33 0.33 0.36 0.37 0.43 0.44 0.44 0.49 0.52 0.62 0.69 0.7  0.75 1.18
 1.22 1.23 1.45 3.67]
var: 0.30760766666666695
| [0m77       [0m | [0m0.307    [0m | [0m1e-08    [0m | [0m8.78     [0m | [0m0.1333   [0m |
[0.01 0.03 0.06 0.1  0.11 0.18 0.19 0.22 0.23 0.25 0.26 0.28 0.31 0.33
 0.34 0.35 0.37 0.37 0.44 0.46 0.46 0.47 0.47 0.51 0.57 0.58 0.59 0.62
 0.65 0.66 0.71 0.71 0.72 0.73 0.73 0.74 0.74 0.8  0.94 1.   1.03 1.07
 1.17 1.17 1.2  1.26 1.29 1.32 1.48 1.58 1.65 1.67 1.71 1.72 1.74 1.79
 2.06 2.07 2.4  2.75]
var: 0.40125322222222237
| [0m78       [0m | [0m0.8403   [0m | [0m0.2041   [0m | [0m26.79    [0m | [0m0.7289   [0m |
[0.   0.02 0.05 0.06 0.06 0.08 0.12 0.12 0.13 0.14 0.14 0.14 0.15 0.16
 0.21 0.22 0.23 0.24 0.25 0.27 0.27 0.32 0.33 0.34 0.34 0.35 0.35 0.41
 0.41 0.47 0.48 0.49 0.51 0.51 0.52 0.55 0.56 0.56 0.57 0.6  0.6  0.6
 0.61 0.63 0.64 0.65 0.68 0.72 0.77 0.78 0.82 0.82 0.83 1.03 1.08 1.1
 1.35 1.41 1.97 2.67]
var: 0.2161383055555555
| [0m79       [0m | [0m0.5248   [0m | [0m0.2004   [0m | [0m3.624    [0m | [0m2.158    [0m |
[0.49 0.73 0.75 0.82 0.87 0.88 0.9  0.9  0.94 1.07 1.21 1.22 1.26 1.36
 1.37 1.58 1.66 1.74 1.86 1.91 2.09 2.18 2.21 2.23 2.28 2.3  2.35 2.39
 2.49 2.53 2.59 2.7  2.7  2.77 2.82 2.88 2.93 3.04 3.06 3.12 3.15 3.17
 3.46 3.51 3.53 3.56 3.61 3.63 3.65 3.79 3.87 4.2  4.24 4.47 4.62 5.06
 5.17 5.47 5.57 8.7 ]
var: 2.252669416666667
| [0m80       [0m | [0m2.694    [0m | [0m0.1972   [0m | [0m8.634    [0m | [0m0.1694   [0m |
=============================================================
None
num_trials:  40  inits,  40  iters,  60  per
rho:  1.1
pthin:  0.20

Best VPT: 3.4291666666666676
Best result: {'a': 0.007642611483825677, 'g': 8.88760306220679, 's': 0.11764068387705233}

KERNEL: nu=1.5, lengthscale=2.0, alpha=0.0005
