|   iter    |  target   |     a     |     g     |     s     |
-------------------------------------------------------------
[0.   0.   0.   0.   0.   0.   0.   0.   0.   0.   0.   0.05 0.08 0.09
 0.09 0.09 0.12 0.13 0.15 0.2  0.28 0.31 0.35 0.38 0.4  0.41 0.41 0.41
 0.45 0.46 0.46 0.46 0.46 0.49 0.5  0.5  0.51 0.55 0.55 0.56 0.59 0.61
 0.61 0.64 0.64 0.66 0.75 0.77 0.85 0.88 0.98 1.02 1.05 1.1  1.32 1.48
 1.83 2.69 5.1 ]
var: 0.5941316288422869
| [0m1        [0m | [0m0.5673   [0m | [0m0.05151  [0m | [0m37.9     [0m | [0m0.5467   [0m |
[0.06 0.22 0.26 0.33 0.34 0.36 0.38 0.38 0.39 0.4  0.42 0.43 0.45 0.5
 0.52 0.55 0.55 0.56 0.57 0.57 0.57 0.58 0.58 0.58 0.64 0.65 0.68 0.69
 0.73 0.73 0.74 0.78 0.84 0.86 0.88 0.89 0.96 1.03 1.14 1.15 1.17 1.17
 1.19 1.36 1.41 1.43 1.44 1.44 1.46 1.71 1.92 2.08 2.11 2.12 2.32 2.32
 2.33 2.42 2.46]
var: 0.412643952887101
| [95m2        [0m | [95m0.9797   [0m | [95m0.06832  [0m | [95m5.318    [0m | [95m2.636    [0m |
[0.   0.   0.   0.   0.   0.01 0.04 0.06 0.08 0.09 0.12 0.18 0.19 0.2
 0.2  0.23 0.26 0.34 0.38 0.38 0.39 0.41 0.42 0.42 0.45 0.47 0.49 0.51
 0.52 0.55 0.55 0.56 0.57 0.58 0.62 0.67 0.68 0.7  0.72 0.72 0.73 0.74
 0.76 0.79 0.9  0.92 0.92 0.98 1.03 1.03 1.03 1.05 1.07 1.2  1.25 1.33]
var: 0.13204027423469406
| [0m3        [0m | [0m0.5266   [0m | [0m0.129    [0m | [0m16.81    [0m | [0m2.506    [0m |
[0.   0.   0.   0.   0.   0.   0.   0.   0.   0.   0.   0.   0.   0.01
 0.01 0.02 0.04 0.05 0.05 0.05 0.06 0.07 0.07 0.07 0.08 0.09 0.09 0.09
 0.1  0.1  0.11 0.12 0.14 0.15 0.16 0.19 0.23 0.23 0.24 0.24 0.24 0.24
 0.28 0.32 0.33 0.34 0.39 0.4  0.43 0.45 0.45 0.47 0.5  0.57 0.58 0.59
 0.61 1.01]
var: 0.04510297265160517
| [0m4        [0m | [0m0.1907   [0m | [0m0.2803   [0m | [0m33.69    [0m | [0m2.819    [0m |
[0.43 0.46 0.57 0.65 0.71 0.74 0.74 0.75 0.78 0.82 0.86 0.87 1.02 1.02
 1.09 1.16 1.2  1.25 1.32 1.33 1.4  1.4  1.42 1.48 1.48 1.53 1.55 1.57
 1.63 1.68 1.71 1.71 1.75 1.76 1.82 1.88 1.89 1.93 1.94 1.98 2.03 2.04
 2.07 2.14 2.23 2.29 2.35 2.36 2.51 2.56 2.56 2.62 2.62 2.67 2.85 2.96
 3.09 4.07 4.22 4.79]
var: 0.8026549722222219
| [95m5        [0m | [95m1.772    [0m | [95m0.05132  [0m | [95m11.18    [0m | [95m0.1235   [0m |
[0.01 0.08 0.13 0.15 0.35 0.36 0.37 0.39 0.4  0.43 0.43 0.46 0.49 0.51
 0.52 0.53 0.54 0.56 0.57 0.66 0.67 0.67 0.67 0.72 0.76 0.76 0.81 0.84
 0.85 0.93 0.94 0.94 0.96 0.96 0.98 0.98 0.99 1.02 1.02 1.04 1.09 1.1
 1.1  1.13 1.17 1.25 1.29 1.37 1.38 1.4  1.56 1.63 1.7  1.95 2.15 2.26
 2.78 2.86]
var: 0.35507978596908457
| [0m6        [0m | [0m0.9417   [0m | [0m0.1787   [0m | [0m6.043    [0m | [0m2.789    [0m |
[0.   0.01 0.06 0.09 0.1  0.11 0.14 0.14 0.15 0.17 0.19 0.19 0.2  0.21
 0.23 0.24 0.33 0.38 0.4  0.41 0.41 0.41 0.46 0.51 0.53 0.53 0.55 0.55
 0.55 0.55 0.56 0.56 0.57 0.59 0.62 0.63 0.63 0.68 0.69 0.7  0.76 0.78
 0.78 0.95 0.97 0.99 1.06 1.23 1.23 1.24 1.29 1.39 1.55 1.78 2.03 2.31
 2.76 2.99]
var: 0.410229964328181
| [0m7        [0m | [0m0.709    [0m | [0m0.2085   [0m | [0m24.1     [0m | [0m0.7413   [0m |
[0.   0.   0.   0.   0.   0.   0.   0.02 0.02 0.02 0.03 0.03 0.03 0.03
 0.04 0.04 0.04 0.05 0.05 0.06 0.06 0.07 0.08 0.08 0.08 0.08 0.09 0.09
 0.09 0.09 0.1  0.11 0.12 0.12 0.12 0.13 0.13 0.14 0.17 0.21 0.21 0.24
 0.25 0.26 0.26 0.27 0.28 0.28 0.28 0.3  0.3  0.34 0.35 0.37 0.48 0.5
 0.5  0.57]
var: 0.020709869203329397
| [0m8        [0m | [0m0.1493   [0m | [0m0.09341  [0m | [0m0.1385   [0m | [0m1.344    [0m |
[0.   0.   0.   0.   0.   0.   0.   0.   0.   0.   0.   0.   0.   0.
 0.   0.   0.   0.   0.   0.   0.   0.   0.   0.01 0.02 0.02 0.03 0.03
 0.06 0.07 0.07 0.07 0.09 0.1  0.11 0.12 0.12 0.14 0.14 0.16 0.16 0.16
 0.17 0.18 0.19 0.19 0.19 0.19 0.2  0.2  0.22 0.27 0.35 0.36 0.42 0.46
 0.48 0.49 0.56 0.81]
var: 0.028634972222222395
| [0m9        [0m | [0m0.1268   [0m | [0m0.2468   [0m | [0m43.5     [0m | [0m2.942    [0m |
[0.   0.   0.   0.   0.   0.   0.   0.   0.   0.   0.   0.   0.   0.01
 0.01 0.03 0.03 0.04 0.05 0.05 0.06 0.06 0.07 0.1  0.12 0.12 0.16 0.16
 0.18 0.2  0.2  0.2  0.2  0.22 0.25 0.26 0.26 0.31 0.33 0.37 0.4  0.42
 0.43 0.43 0.44 0.52 0.58 0.59 0.62 0.62 0.71 1.06 1.35]
var: 0.07825062299750803
| [0m10       [0m | [0m0.2306   [0m | [0m0.2524   [0m | [0m35.41    [0m | [0m2.099    [0m |
[0.   0.   0.   0.   0.   0.   0.   0.   0.   0.   0.   0.   0.   0.
 0.   0.   0.   0.   0.01 0.01 0.01 0.02 0.02 0.02 0.03 0.03 0.03 0.05
 0.05 0.07 0.11 0.12 0.12 0.13 0.15 0.18 0.18 0.19 0.22 0.24 0.25 0.25
 0.26 0.27 0.29 0.3  0.33 0.34 0.4  0.43 0.43 0.45 0.49 0.5  0.59 0.68
 0.83 0.94]
var: 0.048961355529131945
| [0m11       [0m | [0m0.1728   [0m | [0m0.02139  [0m | [0m37.99    [0m | [0m2.039    [0m |
[0.   0.   0.   0.   0.   0.   0.   0.   0.   0.   0.   0.   0.   0.
 0.   0.   0.   0.   0.   0.   0.   0.   0.01 0.02 0.03 0.04 0.04 0.06
 0.06 0.06 0.07 0.08 0.08 0.16 0.16 0.16 0.22 0.23 0.27 0.29 0.3  0.3
 0.34 0.36 0.36 0.37 0.39 0.4  0.41 0.41 0.43 0.46 0.46 0.48 0.48 0.52
 0.56 0.58 0.58]
var: 0.03830715311692062
| [0m12       [0m | [0m0.1734   [0m | [0m0.1848   [0m | [0m39.51    [0m | [0m2.448    [0m |
[0.   0.   0.   0.02 0.03 0.03 0.03 0.03 0.04 0.05 0.05 0.06 0.06 0.07
 0.07 0.08 0.08 0.09 0.12 0.12 0.13 0.13 0.13 0.14 0.16 0.18 0.19 0.21
 0.29 0.3  0.33 0.34 0.37 0.4  0.42 0.43 0.44 0.45 0.45 0.46 0.46 0.47
 0.47 0.48 0.5  0.52 0.59 0.6  0.71 0.74 0.74 0.86 0.87 0.94 0.99 1.18
 1.27 1.32 1.42]
var: 0.13056052858374026
| [0m13       [0m | [0m0.3747   [0m | [0m0.1703   [0m | [0m23.18    [0m | [0m2.383    [0m |
[0.   0.   0.   0.   0.   0.   0.   0.   0.   0.   0.   0.02 0.03 0.06
 0.07 0.08 0.08 0.1  0.1  0.1  0.11 0.11 0.13 0.13 0.17 0.17 0.2  0.2
 0.2  0.25 0.26 0.28 0.32 0.35 0.36 0.36 0.37 0.38 0.39 0.43 0.45 0.46
 0.46 0.5  0.5  0.57 0.62 0.62 0.63 0.65 0.65 0.66 0.67 0.72 0.87 1.06
 1.15 1.99]
var: 0.1271763376932223
| [0m14       [0m | [0m0.3283   [0m | [0m0.05861  [0m | [0m35.68    [0m | [0m1.334    [0m |
[0.14 0.34 0.42 0.64 0.64 0.69 0.76 0.88 0.93 0.96 0.97 1.05 1.08 1.1
 1.11 1.13 1.15 1.16 1.22 1.27 1.29 1.32 1.32 1.33 1.42 1.52 1.53 1.56
 1.58 1.61 1.7  1.74 1.77 1.85 1.86 1.88 1.88 1.91 1.92 2.06 2.07 2.1
 2.1  2.14 2.21 2.27 2.43 2.5  2.52 2.63 2.63 2.66 2.82 2.95 3.44 3.93
 5.47 6.77]
var: 1.2463106123662309
| [95m15       [0m | [95m1.799    [0m | [95m0.1968   [0m | [95m7.951    [0m | [95m0.1176   [0m |
[0.01 0.04 0.05 0.08 0.08 0.09 0.09 0.2  0.21 0.22 0.23 0.23 0.26 0.3
 0.3  0.34 0.35 0.36 0.37 0.37 0.38 0.4  0.42 0.48 0.49 0.49 0.52 0.53
 0.57 0.59 0.59 0.61 0.61 0.62 0.63 0.64 0.65 0.65 0.7  0.73 0.75 0.77
 0.78 0.78 0.83 0.88 0.9  0.96 0.98 1.   1.06 1.16 1.2  1.41 1.43 1.44
 1.45 2.04]
var: 0.17328430439952436
| [0m16       [0m | [0m0.6086   [0m | [0m0.293    [0m | [0m3.1      [0m | [0m2.254    [0m |
[0.   0.   0.   0.   0.   0.   0.   0.   0.   0.   0.   0.   0.   0.
 0.   0.   0.   0.   0.   0.   0.   0.   0.   0.   0.   0.   0.   0.01
 0.02 0.02 0.03 0.04 0.04 0.07 0.07 0.09 0.09 0.1  0.1  0.1  0.11 0.12
 0.12 0.12 0.14 0.14 0.16 0.17 0.2  0.24 0.24 0.25 0.3  0.31 0.32 0.34
 0.35 0.43 0.43 0.55]
var: 0.017701000000000168
| [0m17       [0m | [0m0.097    [0m | [0m0.1188   [0m | [0m44.44    [0m | [0m2.152    [0m |
[0.   0.   0.02 0.07 0.07 0.08 0.1  0.1  0.13 0.13 0.16 0.19 0.19 0.21
 0.22 0.23 0.23 0.25 0.27 0.29 0.33 0.34 0.34 0.37 0.37 0.39 0.43 0.45
 0.47 0.48 0.49 0.54 0.55 0.57 0.57 0.57 0.58 0.64 0.65 0.66 0.67 0.97
 1.03 1.05 1.12 1.19 1.29 1.42 1.43 1.45 1.84 2.1  2.38 2.81]
var: 0.37507037037037066
| [0m18       [0m | [0m0.62     [0m | [0m0.1823   [0m | [0m23.35    [0m | [0m0.7775   [0m |
[0.   0.06 0.09 0.13 0.18 0.21 0.27 0.31 0.33 0.36 0.4  0.46 0.52 0.56
 0.56 0.58 0.59 0.6  0.6  0.66 0.73 0.74 0.77 0.78 0.81 0.81 0.81 0.82
 0.83 0.83 0.91 0.92 0.92 0.95 1.   1.02 1.04 1.07 1.11 1.13 1.2  1.2
 1.22 1.25 1.25 1.26 1.32 1.37 1.4  1.45 1.46 1.58 1.87 1.9  1.94 2.44
 2.94 3.1 ]
var: 0.4009023781212832
| [0m19       [0m | [0m0.959    [0m | [0m0.2898   [0m | [0m15.41    [0m | [0m1.305    [0m |
[0.   0.   0.   0.   0.   0.   0.   0.   0.   0.   0.   0.   0.   0.
 0.   0.   0.   0.   0.   0.03 0.05 0.05 0.06 0.06 0.07 0.11 0.11 0.11
 0.14 0.19 0.2  0.2  0.22 0.22 0.25 0.28 0.29 0.32 0.32 0.35 0.37 0.41
 0.46 0.51 0.53 0.56 0.56 0.58 0.59 0.68 0.73 0.73 0.73 0.83 0.95 1.14
 1.37 1.63 1.75 2.56]
var: 0.24581500000000028
| [0m20       [0m | [0m0.355    [0m | [0m0.2276   [0m | [0m39.66    [0m | [0m0.7973   [0m |
[0.   0.   0.   0.   0.   0.   0.   0.   0.   0.   0.   0.   0.   0.
 0.   0.   0.01 0.01 0.02 0.03 0.03 0.04 0.04 0.05 0.07 0.07 0.07 0.09
 0.11 0.12 0.12 0.14 0.15 0.16 0.16 0.16 0.16 0.16 0.17 0.17 0.19 0.21
 0.22 0.24 0.25 0.25 0.25 0.28 0.29 0.35 0.36 0.36 0.37 0.39 0.41 0.49
 0.56 0.6  0.66]
var: 0.02777776501005473
| [0m21       [0m | [0m0.1532   [0m | [0m0.1666   [0m | [0m38.55    [0m | [0m2.884    [0m |
[0.   0.   0.   0.   0.   0.   0.   0.   0.01 0.01 0.01 0.04 0.08 0.09
 0.09 0.1  0.12 0.12 0.12 0.12 0.13 0.15 0.15 0.15 0.24 0.24 0.27 0.27
 0.29 0.36 0.36 0.4  0.42 0.44 0.48 0.49 0.51 0.55 0.56 0.56 0.58 0.63
 0.64 0.64 0.65 0.66 0.68 0.74 0.74 0.88 0.89 0.96 1.15 1.16 1.38 1.49
 1.91 2.58]
var: 0.251859958382878
| [0m22       [0m | [0m0.4533   [0m | [0m0.2108   [0m | [0m27.93    [0m | [0m0.5002   [0m |
[0.   0.   0.   0.06 0.08 0.09 0.1  0.13 0.14 0.19 0.2  0.21 0.23 0.3
 0.32 0.33 0.34 0.34 0.36 0.37 0.43 0.47 0.48 0.48 0.5  0.5  0.51 0.52
 0.52 0.53 0.53 0.53 0.59 0.6  0.6  0.6  0.62 0.64 0.64 0.65 0.68 0.69
 0.75 0.8  0.82 0.99 1.01 1.03 1.04 1.05 1.08 1.1  1.16 1.33 1.38 1.4
 1.75 1.91]
var: 0.18043840665873956
| [0m23       [0m | [0m0.5983   [0m | [0m0.1863   [0m | [0m21.87    [0m | [0m2.058    [0m |
[0.03 0.08 0.11 0.11 0.12 0.13 0.15 0.17 0.25 0.27 0.29 0.32 0.34 0.34
 0.38 0.39 0.4  0.4  0.41 0.42 0.46 0.55 0.56 0.57 0.6  0.69 0.71 0.78
 0.78 0.81 0.81 0.83 0.87 0.87 0.89 0.92 0.96 0.96 1.01 1.07 1.09 1.12
 1.15 1.18 1.18 1.25 1.27 1.33 1.34 1.36 1.43 1.48 1.51 1.64 1.83 2.24
 2.36]
var: 0.2868049861495844
| [0m24       [0m | [0m0.7995   [0m | [0m0.1439   [0m | [0m10.96    [0m | [0m0.7279   [0m |
[0.   0.   0.01 0.01 0.03 0.04 0.05 0.06 0.06 0.1  0.11 0.11 0.12 0.16
 0.17 0.19 0.2  0.2  0.21 0.21 0.22 0.23 0.24 0.25 0.25 0.26 0.26 0.26
 0.28 0.29 0.3  0.31 0.32 0.35 0.37 0.39 0.46 0.46 0.48 0.51 0.53 0.53
 0.56 0.63 0.66 0.67 0.67 0.68 0.7  0.74 0.74 0.75 0.78 0.86 0.89 0.91
 1.12 1.37]
var: 0.09152841854934601
| [0m25       [0m | [0m0.3848   [0m | [0m0.2433   [0m | [0m24.81    [0m | [0m2.157    [0m |
[0.02 0.07 0.09 0.18 0.18 0.24 0.3  0.31 0.32 0.32 0.33 0.35 0.44 0.44
 0.44 0.45 0.46 0.52 0.54 0.56 0.57 0.57 0.61 0.63 0.63 0.64 0.65 0.65
 0.66 0.68 0.72 0.74 0.76 0.77 0.79 0.82 1.02 1.04 1.04 1.05 1.06 1.06
 1.06 1.06 1.1  1.19 1.25 1.29 1.34 1.38 1.42 1.43 1.45 1.72 1.73 1.83
 1.94 2.24 2.59]
var: 0.29666187877046835
| [0m26       [0m | [0m0.8431   [0m | [0m0.1864   [0m | [0m4.861    [0m | [0m1.96     [0m |
[0.17 0.25 0.26 0.32 0.44 0.44 0.53 0.65 0.73 0.75 0.75 0.75 0.76 0.83
 0.84 0.87 0.89 0.98 1.   1.02 1.03 1.07 1.1  1.11 1.11 1.15 1.18 1.19
 1.33 1.33 1.35 1.37 1.38 1.38 1.42 1.45 1.48 1.53 1.58 1.59 1.71 1.74
 1.8  2.   2.04 2.1  2.42 2.45 2.5  2.58 2.78 2.8  2.91 3.09 3.35 3.36
 3.6  3.99]
var: 0.8118682520808573
| [0m27       [0m | [0m1.493    [0m | [0m0.09191  [0m | [0m18.75    [0m | [0m0.2505   [0m |
[0.   0.   0.   0.   0.   0.   0.   0.   0.   0.   0.   0.   0.   0.
 0.   0.   0.   0.   0.   0.   0.   0.   0.   0.   0.   0.   0.   0.
 0.01 0.05 0.05 0.07 0.08 0.14 0.2  0.2  0.21 0.29 0.3  0.3  0.34 0.34
 0.38 0.42 0.44 0.51 0.52 0.52 0.53 0.55 0.59 0.66 0.67 0.74 0.79 1.14
 1.48 1.51]
var: 0.12646019619500626
| [0m28       [0m | [0m0.2419   [0m | [0m0.2469   [0m | [0m47.46    [0m | [0m1.056    [0m |
[0.27 0.29 0.29 0.3  0.34 0.36 0.37 0.38 0.4  0.44 0.47 0.48 0.5  0.53
 0.6  0.62 0.62 0.66 0.68 0.72 0.72 0.76 0.78 0.81 0.83 0.83 0.85 0.86
 0.92 0.92 0.95 0.98 0.99 1.01 1.05 1.07 1.07 1.09 1.1  1.14 1.25 1.26
 1.3  1.34 1.34 1.4  1.42 1.52 1.52 1.62 1.67 1.79 1.82 1.88 1.92 1.95
 2.05 2.23 2.7 ]
var: 0.30430370583165833
| [0m29       [0m | [0m1.017    [0m | [0m0.2473   [0m | [0m4.899    [0m | [0m0.676    [0m |
[0.   0.   0.   0.03 0.05 0.05 0.08 0.09 0.11 0.16 0.18 0.18 0.22 0.23
 0.24 0.29 0.3  0.32 0.34 0.35 0.38 0.39 0.42 0.42 0.43 0.43 0.44 0.44
 0.48 0.5  0.5  0.5  0.51 0.51 0.52 0.54 0.59 0.6  0.63 0.63 0.66 0.69
 0.72 0.73 0.73 0.73 0.76 0.77 0.77 0.79 0.8  0.85 0.86 0.87 0.97 1.01
 1.09 1.1  1.38 2.3 ]
var: 0.1481678888888891
| [0m30       [0m | [0m0.5277   [0m | [0m0.2199   [0m | [0m19.22    [0m | [0m2.003    [0m |
[0.   0.   0.   0.   0.   0.01 0.02 0.02 0.05 0.05 0.06 0.07 0.09 0.09
 0.11 0.12 0.13 0.13 0.16 0.18 0.19 0.19 0.21 0.21 0.21 0.22 0.22 0.23
 0.23 0.26 0.31 0.31 0.33 0.34 0.38 0.4  0.4  0.43 0.43 0.43 0.44 0.45
 0.51 0.52 0.52 0.53 0.54 0.54 0.54 0.56 0.57 0.57 0.61 0.68 0.69 0.71
 0.79 0.88 1.02 1.07]
var: 0.06889955555555544
| [0m31       [0m | [0m0.3327   [0m | [0m0.1599   [0m | [0m26.4     [0m | [0m1.793    [0m |
[0.   0.   0.   0.   0.   0.   0.   0.   0.   0.   0.   0.   0.01 0.02
 0.02 0.05 0.06 0.07 0.09 0.11 0.15 0.26 0.3  0.31 0.32 0.32 0.37 0.37
 0.38 0.41 0.44 0.45 0.46 0.47 0.49 0.5  0.51 0.55 0.66 0.75 0.75 0.84
 0.89 0.93 0.97 1.07 1.09 1.09 1.14 1.16 1.16 1.16 1.16 1.2  1.26 1.54]
var: 0.19796603954081668
| [0m32       [0m | [0m0.4698   [0m | [0m0.1418   [0m | [0m35.97    [0m | [0m0.53     [0m |
[0.   0.   0.   0.   0.   0.   0.   0.   0.   0.   0.   0.01 0.01 0.03
 0.06 0.06 0.07 0.07 0.09 0.11 0.11 0.13 0.18 0.26 0.27 0.28 0.29 0.34
 0.4  0.46 0.54 0.55 0.55 0.57 0.62 0.65 0.65 0.67 0.71 0.75 0.77 0.8
 0.86 0.9  0.94 1.02 1.09 1.22 1.26 1.33 1.79 1.8  1.92 2.1  2.2  2.43
 2.53]
var: 0.4642281317328412
| [0m33       [0m | [0m0.6044   [0m | [0m0.1082   [0m | [0m23.44    [0m | [0m0.5926   [0m |
[0.   0.   0.   0.   0.   0.   0.   0.   0.   0.   0.   0.   0.   0.
 0.   0.   0.   0.   0.   0.   0.   0.   0.   0.   0.   0.   0.03 0.07
 0.09 0.09 0.09 0.11 0.17 0.23 0.23 0.23 0.24 0.26 0.27 0.29 0.3  0.3
 0.31 0.33 0.34 0.36 0.36 0.38 0.38 0.38 0.39 0.49 0.5  0.56 0.64 0.72
 0.95 1.15 1.16]
var: 0.0771745475438095
| [0m34       [0m | [0m0.2102   [0m | [0m0.005916 [0m | [0m33.77    [0m | [0m2.545    [0m |
[0.   0.   0.   0.   0.   0.   0.   0.   0.   0.   0.   0.   0.   0.
 0.   0.   0.   0.   0.   0.   0.04 0.04 0.04 0.04 0.05 0.06 0.06 0.09
 0.1  0.1  0.11 0.13 0.16 0.18 0.18 0.19 0.21 0.25 0.31 0.32 0.36 0.37
 0.4  0.41 0.41 0.42 0.47 0.49 0.54 0.54 0.57 0.58 0.64 0.75 0.77 1.05
 1.68]
var: 0.09866666666666679
| [0m35       [0m | [0m0.23     [0m | [0m0.0353   [0m | [0m30.13    [0m | [0m2.009    [0m |
[0.   0.   0.   0.   0.   0.   0.   0.   0.   0.   0.   0.   0.   0.
 0.   0.   0.   0.   0.   0.   0.   0.   0.   0.   0.   0.   0.   0.
 0.   0.   0.   0.02 0.03 0.03 0.05 0.08 0.09 0.1  0.11 0.11 0.13 0.13
 0.16 0.16 0.16 0.2  0.27 0.27 0.31 0.34 0.37 0.45 0.45 0.45 0.45 0.59]
var: 0.023470631377551305
| [0m36       [0m | [0m0.09839  [0m | [0m0.2533   [0m | [0m38.49    [0m | [0m2.676    [0m |
[0.   0.   0.   0.   0.   0.   0.   0.   0.   0.   0.   0.   0.   0.
 0.   0.   0.   0.   0.   0.   0.   0.   0.   0.   0.   0.   0.01 0.04
 0.05 0.05 0.08 0.09 0.13 0.16 0.23 0.26 0.37 0.37 0.4  0.4  0.42 0.45
 0.53 0.55 0.62 0.74 0.78 0.86 0.89 0.95 1.   1.08 1.17 1.32 1.93 2.37]
var: 0.2563253826530611
| [0m37       [0m | [0m0.3268   [0m | [0m0.05344  [0m | [0m39.06    [0m | [0m0.7938   [0m |
[0.   0.   0.   0.   0.   0.   0.   0.   0.   0.   0.   0.   0.   0.
 0.05 0.09 0.11 0.2  0.2  0.25 0.3  0.31 0.32 0.33 0.33 0.34 0.37 0.43
 0.44 0.45 0.45 0.49 0.54 0.59 0.61 0.62 0.63 0.63 0.68 0.68 0.71 0.71
 0.73 0.77 0.79 0.81 0.82 0.83 0.93 0.96 0.97 0.98 1.06 1.1  1.18 1.37
 1.37 1.47 1.93 2.13]
var: 0.23829122222222215
| [0m38       [0m | [0m0.5343   [0m | [0m0.1657   [0m | [0m12.79    [0m | [0m2.096    [0m |
[0.   0.   0.   0.   0.   0.   0.   0.   0.01 0.02 0.04 0.04 0.05 0.07
 0.08 0.08 0.09 0.13 0.15 0.16 0.2  0.21 0.21 0.22 0.29 0.3  0.3  0.31
 0.32 0.34 0.36 0.39 0.4  0.42 0.43 0.44 0.46 0.48 0.49 0.49 0.5  0.51
 0.58 0.59 0.62 0.67 0.67 0.67 0.73 0.73 0.76 0.8  0.95 1.21 1.29 1.81
 2.32]
var: 0.1942244382887044
| [0m39       [0m | [0m0.4104   [0m | [0m0.2191   [0m | [0m23.35    [0m | [0m1.67     [0m |
[0.   0.   0.   0.   0.01 0.01 0.01 0.03 0.04 0.04 0.05 0.06 0.07 0.08
 0.08 0.09 0.1  0.1  0.11 0.11 0.11 0.13 0.13 0.14 0.19 0.21 0.21 0.22
 0.23 0.24 0.24 0.24 0.24 0.26 0.26 0.26 0.29 0.3  0.32 0.33 0.33 0.36
 0.36 0.36 0.38 0.39 0.41 0.44 0.47 0.47 0.53 0.53 0.56 0.57 0.58 0.59
 0.69 0.72 0.74]
var: 0.04052651536914681
| [0m40       [0m | [0m0.2546   [0m | [0m0.1392   [0m | [0m0.4254   [0m | [0m0.9689   [0m |
[0.   0.   0.   0.   0.   0.   0.   0.   0.   0.   0.   0.   0.   0.
 0.   0.   0.   0.   0.   0.   0.   0.   0.   0.   0.   0.   0.   0.34
 0.58 0.81 0.99 1.02 1.25 1.56 1.63 1.66 1.77 1.79 1.87 1.94 2.05 2.09
 2.23 2.31 2.35 2.44 2.5  2.54 2.55 2.68 2.82 2.83 2.87 3.05 3.26 3.3
 3.93 4.32 4.66 4.83]
var: 1.9781965555555563
| [0m41       [0m | [0m1.28     [0m | [0m0.004628 [0m | [0m9.21     [0m | [0m0.03289  [0m |
[0.   0.   0.   0.   0.   0.   0.   0.   0.   0.   0.   0.   0.   0.
 0.   0.08 0.33 0.37 0.38 0.46 0.54 0.57 0.63 0.7  0.77 0.96 0.98 1.14
 1.17 1.19 1.21 1.27 1.28 1.32 1.32 1.37 1.38 1.47 1.57 1.61 1.65 1.69
 1.78 1.81 1.83 1.84 1.92 2.02 2.06 2.15 2.17 2.72 3.44 3.53 3.64 4.04]
var: 1.067708673469388
| [0m42       [0m | [0m1.114    [0m | [0m0.1691   [0m | [0m12.28    [0m | [0m0.02707  [0m |
[0.2  0.21 0.22 0.22 0.24 0.24 0.26 0.27 0.29 0.32 0.32 0.33 0.35 0.36
 0.36 0.36 0.36 0.38 0.38 0.41 0.42 0.44 0.46 0.49 0.51 0.53 0.6  0.64
 0.66 0.66 0.67 0.68 0.75 0.86 0.9  0.93 0.95 0.96 1.   1.   1.01 1.03
 1.04 1.07 1.15 1.16 1.26 1.33 1.35 1.41 1.52 1.67 1.92 1.96 1.96 2.04
 2.29 2.36 2.59]
var: 0.37361298477449023
| [0m43       [0m | [0m0.8527   [0m | [0m1e-08    [0m | [0m7.046    [0m | [0m0.001    [0m |
[0.   0.   0.   0.   0.   0.   0.   0.   0.   0.   0.   0.   0.   0.
 0.   0.   0.   0.   0.   0.   0.   0.   0.12 0.12 0.19 0.2  0.22 0.33
 0.34 0.34 0.35 0.42 0.45 0.46 0.54 0.63 0.63 0.66 0.67 0.72 0.73 0.8
 0.84 0.86 0.95 0.96 1.01 1.17 1.22 1.37 1.44 1.45 1.57 1.67 1.7  1.78
 1.96 3.49]
var: 0.4714922711058269
| [0m44       [0m | [0m0.5579   [0m | [0m0.3      [0m | [0m8.205    [0m | [0m0.7197   [0m |
[0.   0.   0.   0.   0.   0.   0.   0.   0.   0.   0.   0.   0.   0.
 0.02 0.19 0.25 0.34 0.35 0.36 0.41 0.44 0.49 0.63 0.67 0.72 0.73 0.73
 0.78 0.82 0.83 0.84 0.85 0.93 0.95 0.95 0.99 1.   1.03 1.05 1.06 1.07
 1.14 1.24 1.36 1.37 1.51 1.61 1.64 1.7  1.86 1.86 1.9  1.91 2.07 2.23
 2.44 2.63 2.66]
var: 0.5586748060902044
| [0m45       [0m | [0m0.8578   [0m | [0m0.04235  [0m | [0m8.482    [0m | [0m0.01349  [0m |
[0.   0.   0.1  0.13 0.13 0.18 0.21 0.22 0.25 0.33 0.37 0.43 0.46 0.46
 0.48 0.5  0.51 0.55 0.66 0.67 0.74 0.76 0.76 0.78 0.79 0.81 0.81 0.83
 0.92 0.93 0.93 0.94 0.95 1.   1.01 1.1  1.12 1.13 1.21 1.26 1.26 1.31
 1.32 1.42 1.48 1.52 1.57 1.6  1.65 1.71 1.87 1.89 1.97 2.   2.02 2.58]
var: 0.35104027423469375
| [0m46       [0m | [0m0.9391   [0m | [0m0.06405  [0m | [0m8.811    [0m | [0m1.919    [0m |
[0.   0.   0.   0.   0.   0.   0.   0.   0.   0.   0.   0.   0.   0.15
 0.66 0.75 0.85 0.93 1.04 1.05 1.11 1.22 1.3  1.32 1.54 1.55 1.64 1.66
 1.71 1.81 1.87 1.88 1.91 1.92 1.92 2.03 2.15 2.15 2.21 2.23 2.46 2.5
 2.5  2.56 2.6  2.62 2.73 2.76 2.76 2.96 3.2  3.38 3.49 3.94 4.07 4.18
 4.19 4.23 4.96]
var: 1.7573101407641485
| [0m47       [0m | [0m1.74     [0m | [0m0.00585  [0m | [0m14.11    [0m | [0m0.4129   [0m |
[0.02 0.08 0.19 0.23 0.24 0.25 0.26 0.28 0.31 0.31 0.33 0.33 0.35 0.39
 0.41 0.48 0.55 0.67 0.67 0.68 0.77 0.79 0.79 0.81 0.82 0.84 0.91 0.91
 1.04 1.05 1.06 1.07 1.11 1.12 1.14 1.14 1.15 1.18 1.19 1.19 1.2  1.27
 1.28 1.31 1.46 1.57 1.57 1.74 1.79 1.87 2.01 2.74 2.76 2.81 3.23]
var: 0.5084868099173552
| [0m48       [0m | [0m1.013    [0m | [0m1e-08    [0m | [0m11.52    [0m | [0m0.001    [0m |
[0.   0.05 0.05 0.07 0.07 0.08 0.09 0.09 0.09 0.11 0.11 0.12 0.12 0.13
 0.13 0.14 0.16 0.16 0.17 0.17 0.19 0.21 0.21 0.21 0.23 0.26 0.29 0.3
 0.31 0.32 0.32 0.33 0.36 0.38 0.38 0.39 0.4  0.4  0.41 0.41 0.42 0.46
 0.47 0.49 0.52 0.54 0.54 0.54 0.55 0.56 0.6  0.6  0.62 0.65 0.73 0.74
 1.09 1.24]
var: 0.06134720570749114
| [0m49       [0m | [0m0.341    [0m | [0m0.06263  [0m | [0m10.87    [0m | [0m0.001    [0m |
[0.   0.   0.   0.   0.   0.   0.   0.26 0.31 0.45 0.5  0.52 0.65 0.65
 0.72 0.75 0.87 0.99 1.03 1.04 1.07 1.08 1.19 1.22 1.37 1.43 1.45 1.48
 1.52 1.54 1.57 1.64 1.65 1.68 1.69 1.7  1.76 1.77 1.83 1.88 1.89 1.9
 1.95 2.03 2.07 2.09 2.09 2.22 2.4  2.43 2.5  2.54 2.7  2.98 3.35 3.42
 3.45 3.95]
var: 0.916637455410227
| [0m50       [0m | [0m1.469    [0m | [0m0.04398  [0m | [0m11.33    [0m | [0m0.2225   [0m |
[0.   0.   0.   0.   0.   0.   0.01 0.01 0.01 0.01 0.02 0.03 0.03 0.05
 0.05 0.07 0.09 0.1  0.1  0.11 0.12 0.14 0.14 0.16 0.16 0.18 0.18 0.19
 0.19 0.19 0.2  0.2  0.21 0.21 0.22 0.27 0.29 0.31 0.35 0.36 0.4  0.4
 0.43 0.43 0.44 0.48 0.51 0.51 0.54 0.58 0.62 0.62 0.68 0.72 0.75 0.8
 0.89 0.98 1.06 1.14]
var: 0.08463566666666669
| [0m51       [0m | [0m0.299    [0m | [0m0.1344   [0m | [0m7.82     [0m | [0m0.001    [0m |
[0.   0.   0.   0.   0.   0.   0.   0.   0.   0.   0.   0.   0.   0.
 0.   0.   0.   0.05 0.05 0.06 0.18 0.2  0.22 0.24 0.31 0.33 0.34 0.35
 0.35 0.35 0.37 0.46 0.48 0.48 0.5  0.51 0.54 0.57 0.6  0.61 0.61 0.67
 0.69 0.71 0.74 0.81 0.85 0.86 0.97 1.06 1.07 1.14 1.15 1.28 1.34 1.39
 1.46 1.82 5.03]
var: 0.5561515081873024
| [0m52       [0m | [0m0.539    [0m | [0m0.08982  [0m | [0m27.79    [0m | [0m0.4599   [0m |
[0.   0.   0.   0.   0.72 0.79 0.8  0.85 0.87 0.88 0.89 0.97 0.99 0.99
 1.01 1.11 1.14 1.18 1.23 1.28 1.34 1.34 1.36 1.37 1.44 1.5  1.55 1.55
 1.55 1.56 1.62 1.65 1.71 1.79 1.82 1.84 1.93 1.98 1.99 2.01 2.04 2.05
 2.05 2.09 2.19 2.24 2.4  2.47 2.54 2.6  2.67 2.92 3.17 3.34 3.43 3.52
 5.06]
var: 0.8730362573099424
| [0m53       [0m | [0m1.673    [0m | [0m0.09607  [0m | [0m11.33    [0m | [0m0.07622  [0m |
[0.   0.   0.   0.   0.   0.   0.   0.   0.   0.   0.48 0.51 0.65 0.7
 0.82 0.9  0.9  0.94 0.99 0.99 1.03 1.05 1.07 1.41 1.47 1.48 1.52 1.55
 1.58 1.6  1.7  1.73 1.78 1.83 1.87 1.88 1.89 1.89 1.92 1.98 1.99 2.01
 2.03 2.08 2.14 2.23 2.43 2.48 2.54 2.72 2.75 3.12 3.13 3.33 4.64]
var: 1.021396231404959
| [0m54       [0m | [0m1.45     [0m | [0m0.2428   [0m | [0m7.978    [0m | [0m0.06819  [0m |
[0.09 0.63 0.72 0.76 0.83 0.84 0.9  0.92 1.04 1.08 1.11 1.15 1.19 1.22
 1.24 1.3  1.4  1.42 1.45 1.46 1.48 1.54 1.61 1.69 1.7  1.7  1.7  1.71
 1.72 1.73 1.76 1.76 1.85 1.87 1.94 1.99 2.01 2.05 2.08 2.11 2.18 2.19
 2.23 2.53 2.53 2.55 2.7  2.8  2.84 2.92 3.08 3.33 3.34 3.35 3.51 3.55
 3.68 3.89 4.36 4.78]
var: 0.9449083055555558
| [95m55       [0m | [95m1.985    [0m | [95m0.0355   [0m | [95m11.18    [0m | [95m0.1271   [0m |
[0.27 0.55 0.71 0.71 0.79 0.91 0.91 0.92 1.14 1.16 1.17 1.17 1.18 1.29
 1.42 1.43 1.51 1.54 1.59 1.65 1.65 1.7  1.78 1.8  1.81 1.84 1.85 1.86
 1.89 1.89 1.92 1.94 2.03 2.03 2.04 2.08 2.1  2.1  2.18 2.2  2.22 2.44
 2.45 2.47 2.64 2.82 2.83 2.86 2.9  2.93 2.98 3.36 3.42 3.42 3.44 3.63
 3.64 4.23 4.79]
var: 0.8671974719908065
| [95m56       [0m | [95m2.037    [0m | [95m0.03695  [0m | [95m11.35    [0m | [95m0.11     [0m |
[0.   0.   0.   0.   0.   0.   0.   0.03 0.03 0.04 0.04 0.05 0.06 0.06
 0.07 0.07 0.07 0.08 0.09 0.1  0.14 0.16 0.18 0.18 0.22 0.22 0.22 0.25
 0.26 0.29 0.3  0.32 0.33 0.33 0.34 0.35 0.37 0.39 0.39 0.39 0.4  0.4
 0.41 0.42 0.42 0.42 0.43 0.44 0.48 0.53 0.56 0.62 0.63 0.64 0.67 0.88
 1.13 1.21]
var: 0.0705732758620691
| [0m57       [0m | [0m0.295    [0m | [0m0.1743   [0m | [0m25.02    [0m | [0m2.768    [0m |
[0.   0.   0.   0.01 0.03 0.03 0.03 0.06 0.07 0.09 0.09 0.09 0.11 0.11
 0.13 0.13 0.14 0.14 0.16 0.16 0.18 0.18 0.21 0.22 0.23 0.24 0.24 0.26
 0.28 0.29 0.31 0.32 0.32 0.32 0.33 0.33 0.35 0.35 0.42 0.42 0.43 0.44
 0.45 0.47 0.52 0.57 0.62 0.7  0.7  0.7  0.7  0.88 0.91 0.94 1.08 1.12
 1.16 1.31 1.45]
var: 0.12148635449583464
| [0m58       [0m | [0m0.3819   [0m | [0m0.2501   [0m | [0m27.33    [0m | [0m1.835    [0m |
[0.05 0.1  0.11 0.13 0.13 0.16 0.35 0.36 0.42 0.42 0.51 0.51 0.53 0.54
 0.6  0.61 0.65 0.71 0.77 0.8  0.81 0.85 0.85 0.86 0.88 0.91 0.95 0.99
 1.07 1.11 1.19 1.2  1.24 1.29 1.31 1.34 1.35 1.37 1.39 1.43 1.44 1.49
 1.51 1.71 1.73 2.01 2.09 2.13 2.17 2.21 2.21 2.51 2.76 3.41]
var: 0.5352211591220848
| [0m59       [0m | [0m1.115    [0m | [0m0.09163  [0m | [0m6.438    [0m | [0m0.5156   [0m |
[0.   0.   0.   0.   0.   0.   0.   0.   0.   0.   0.   0.   0.   0.
 0.   0.01 0.02 0.03 0.05 0.06 0.06 0.09 0.1  0.1  0.1  0.1  0.11 0.13
 0.13 0.13 0.15 0.16 0.17 0.19 0.19 0.2  0.21 0.22 0.26 0.28 0.28 0.33
 0.35 0.35 0.39 0.41 0.41 0.41 0.41 0.42 0.44 0.48 0.5  0.75 0.84 0.88
 0.92 0.93 1.86]
var: 0.10597403045101991
| [0m60       [0m | [0m0.2476   [0m | [0m0.2754   [0m | [0m37.91    [0m | [0m1.941    [0m |
[0.04 0.23 0.24 0.24 0.29 0.34 0.35 0.38 0.52 0.55 0.59 0.63 0.65 0.77
 0.78 0.8  0.85 0.85 0.87 0.88 0.97 0.99 1.02 1.06 1.12 1.14 1.16 1.2
 1.21 1.24 1.26 1.27 1.29 1.37 1.38 1.5  1.63 1.66 1.67 1.67 1.69 1.7
 1.77 1.86 1.89 1.97 2.01 2.07 2.1  2.16 2.22 2.25 2.27 2.48 2.71 3.3
 3.33 4.67]
var: 0.7452032401902493
| [0m61       [0m | [0m1.364    [0m | [0m0.2115   [0m | [0m8.022    [0m | [0m0.1559   [0m |
[0.   0.05 0.08 0.12 0.14 0.14 0.16 0.16 0.18 0.19 0.22 0.24 0.25 0.26
 0.27 0.28 0.29 0.3  0.33 0.34 0.34 0.35 0.37 0.37 0.39 0.4  0.42 0.42
 0.44 0.45 0.45 0.45 0.48 0.49 0.52 0.53 0.54 0.56 0.58 0.58 0.59 0.59
 0.63 0.63 0.64 0.65 0.65 0.68 0.77 0.8  0.82 0.84 0.86 0.87 0.88 1.02
 1.1  1.12 2.23]
var: 0.1197016949152545
| [0m62       [0m | [0m0.5      [0m | [0m0.01283  [0m | [0m11.22    [0m | [0m0.004358 [0m |
[0.59 0.6  0.7  0.7  0.79 0.81 0.94 0.99 1.05 1.09 1.19 1.2  1.21 1.28
 1.28 1.32 1.33 1.34 1.38 1.39 1.42 1.44 1.5  1.53 1.56 1.56 1.61 1.63
 1.64 1.65 1.66 1.67 1.69 1.74 1.78 1.8  1.85 1.86 1.91 2.   2.08 2.11
 2.15 2.15 2.22 2.27 2.56 2.58 2.67 2.76 2.77 2.79 2.98 3.   3.64 3.71
 3.86]
var: 0.5764378578024002
| [0m63       [0m | [0m1.772    [0m | [0m0.05582  [0m | [0m11.43    [0m | [0m0.1065   [0m |
[0.29 0.35 0.36 0.6  0.69 0.72 0.92 0.95 0.96 1.23 1.34 1.36 1.43 1.44
 1.45 1.5  1.58 1.73 1.77 1.78 1.83 1.84 1.84 1.9  1.98 2.06 2.09 2.24
 2.26 2.31 2.31 2.33 2.4  2.46 2.48 2.57 2.63 2.68 2.69 2.71 2.76 2.79
 2.8  2.81 2.9  3.05 3.07 3.11 3.12 3.18 3.22 3.36 3.41 3.6  3.76 3.82
 4.13 4.37 4.94]
var: 1.056895432347026
| [95m64       [0m | [95m2.242    [0m | [95m0.005353 [0m | [95m11.29    [0m | [95m0.1146   [0m |
[0.04 0.08 0.12 0.15 0.22 0.22 0.37 0.38 0.42 0.42 0.42 0.44 0.47 0.48
 0.49 0.54 0.57 0.61 0.63 0.67 0.73 0.75 0.78 0.8  0.84 0.86 0.88 0.9
 0.91 0.92 0.96 0.96 1.14 1.14 1.22 1.27 1.29 1.29 1.3  1.34 1.36 1.38
 1.39 1.43 1.45 1.54 1.55 1.61 1.62 1.62 1.66 1.74 1.78 2.09 2.14 2.32
 2.33 2.55 2.88]
var: 0.4222049411088774
| [0m65       [0m | [0m1.059    [0m | [0m0.05155  [0m | [0m14.04    [0m | [0m0.4619   [0m |
[0.02 0.14 0.17 0.19 0.21 0.25 0.31 0.33 0.42 0.44 0.5  0.54 0.59 0.63
 0.7  0.76 0.87 1.1  1.12 1.13 1.2  1.35 1.48 1.5  1.73 1.77 2.04 2.11
 2.29 2.56 2.68 2.72 2.76 2.83 2.84 2.95 2.99 3.06 3.15 3.16 3.19 3.25
 3.59 3.71 3.74 3.76 3.84 3.86 3.93 3.96 4.02 4.03 4.29 4.32 4.42 5.01
 6.07 6.12 6.89]
var: 2.8635461648951446
| [95m66       [0m | [95m2.366    [0m | [95m1e-08    [0m | [95m11.37    [0m | [95m0.07163  [0m |
[0.   0.   0.   0.   0.   0.   0.   0.   0.01 0.01 0.02 0.04 0.05 0.05
 0.07 0.09 0.09 0.12 0.14 0.14 0.16 0.16 0.18 0.18 0.19 0.2  0.21 0.26
 0.27 0.28 0.32 0.33 0.33 0.34 0.34 0.36 0.38 0.41 0.43 0.47 0.47 0.47
 0.5  0.5  0.5  0.52 0.56 0.58 0.59 0.62 0.75 0.89]
var: 0.049790976331360905
| [0m67       [0m | [0m0.2612   [0m | [0m0.2491   [0m | [0m31.07    [0m | [0m2.193    [0m |
[0.   0.06 0.26 0.48 0.65 0.66 0.68 0.75 0.79 0.83 0.85 0.88 0.9  0.95
 1.06 1.16 1.22 1.35 1.41 1.55 1.56 1.57 1.69 1.73 1.83 1.84 1.85 2.02
 2.35 2.42 2.51 2.64 2.67 2.7  3.69]
var: 0.6962639999999999
| [0m68       [0m | [0m1.416    [0m | [0m0.01934  [0m | [0m11.26    [0m | [0m0.1161   [0m |
[0.3  0.46 0.66 0.69 0.72 0.73 0.84 0.87 0.91 1.07 1.08 1.09 1.17 1.18
 1.22 1.23 1.24 1.25 1.26 1.27 1.28 1.31 1.35 1.36 1.38 1.38 1.39 1.41
 1.48 1.56 1.58 1.59 1.6  1.61 1.64 1.74 1.77 1.77 1.8  1.87 1.89 1.95
 2.   2.   2.32 2.36 2.55 2.58 2.63 2.69 2.85 2.88 2.89 3.47 3.66 4.46]
var: 0.6556849170918365
| [0m69       [0m | [0m1.666    [0m | [0m0.1228   [0m | [0m11.41    [0m | [0m0.03251  [0m |
[0.26 0.36 0.42 0.42 0.52 0.52 0.53 0.55 0.6  0.62 0.62 0.68 0.69 0.75
 0.78 0.78 0.81 0.86 0.99 1.1  1.14 1.15 1.15 1.19 1.27 1.28 1.28 1.33
 1.33 1.4  1.41 1.43 1.43 1.43 1.45 1.46 1.58 1.69 1.74 1.8  1.83 2.02
 2.03 2.04 2.23 2.25 2.3  2.32 2.35 2.39 2.88 2.89 3.35 3.55 3.72 3.89
 4.21]
var: 0.8896482610033863
| [0m70       [0m | [0m1.527    [0m | [0m0.1518   [0m | [0m11.42    [0m | [0m0.1118   [0m |
[0.   0.   0.05 0.06 0.07 0.11 0.13 0.18 0.22 0.22 0.24 0.26 0.29 0.3
 0.41 0.45 0.48 0.5  0.51 0.56 0.56 0.64 0.68 0.71 0.73 0.74 0.77 0.78
 0.78 0.81 0.9  0.91 0.91 0.92 0.95 1.06 1.08 1.08 1.08 1.18 1.2  1.21
 1.21 1.21 1.29 1.35 1.41 1.49 1.5  1.61 1.61 1.73 1.86 1.87 1.94 2.01
 2.4  2.98 3.47]
var: 0.5126461361677673
| [0m71       [0m | [0m0.9434   [0m | [0m0.03652  [0m | [0m14.17    [0m | [0m0.4019   [0m |
[0.   0.   0.   0.   0.   0.   0.   0.   0.   0.01 0.03 0.06 0.07 0.08
 0.08 0.09 0.09 0.13 0.17 0.19 0.2  0.23 0.3  0.34 0.34 0.34 0.36 0.36
 0.37 0.4  0.41 0.45 0.46 0.47 0.52 0.61 0.66 0.66 0.73 0.73 0.74 0.83
 0.84 0.85 0.86 1.09 1.13 1.24 1.25 1.28 1.41 1.62 1.66 1.67 2.02 2.17
 2.45 2.47 2.62]
var: 0.48229411088767604
| [0m72       [0m | [0m0.6464   [0m | [0m0.04284  [0m | [0m18.96    [0m | [0m1.68     [0m |
[0.   0.   0.   0.   0.   0.   0.   0.   0.04 0.05 0.07 0.08 0.09 0.1
 0.16 0.28 0.31 0.34 0.36 0.4  0.41 0.44 0.45 0.46 0.5  0.51 0.51 0.51
 0.54 0.55 0.55 0.56 0.56 0.58 0.59 0.6  0.6  0.6  0.61 0.66 0.71 0.74
 0.76 0.76 0.77 0.84 0.84 0.85 0.87 0.87 0.96 0.97 1.03 1.05 1.11 1.15
 2.27 2.47 3.25]
var: 0.3426599827635737
| [0m73       [0m | [0m0.599    [0m | [0m0.05842  [0m | [0m11.42    [0m | [0m0.009204 [0m |
[0.   0.   0.   0.   0.   0.   0.   0.   0.   0.   0.   0.   0.   0.
 0.   0.   0.   0.   0.   0.   0.   0.   0.   0.   0.   0.33 0.34 0.43
 0.59 0.64 0.66 0.79 0.79 1.   1.   1.01 1.03 1.08 1.12 1.14 1.16 1.19
 1.24 1.44 1.6  1.63 1.73 1.73 1.76 1.81 1.9  1.95 2.29 2.41 2.63 2.9
 3.07 4.44 5.44]
var: 1.308577937374318
| [0m74       [0m | [0m0.9198   [0m | [0m0.07117  [0m | [0m11.37    [0m | [0m0.1883   [0m |
[0.   0.   0.   0.   0.   0.   0.   0.   0.   0.   0.   0.   0.   0.
 0.   0.   0.   0.   0.   0.   0.   0.   0.   0.   0.   0.38 0.59 0.61
 0.65 0.71 0.76 0.79 0.79 0.91 0.92 0.97 1.05 1.09 1.14 1.22 1.37 1.42
 1.54 1.59 1.63 1.72 1.86 1.89 1.97 1.98 2.07 2.24 2.29 2.31 2.32 2.36
 2.6  2.92 4.2 ]
var: 0.9653292157426036
| [0m75       [0m | [0m0.8959   [0m | [0m0.1841   [0m | [0m7.988    [0m | [0m0.06928  [0m |
[0.   0.   0.   0.   0.   0.   0.   0.   0.   0.   0.   0.   0.   0.
 0.   0.   0.   0.   0.   0.   0.   0.   0.39 0.39 0.57 0.68 0.71 0.71
 0.78 0.81 0.87 0.88 0.9  0.91 1.   1.02 1.03 1.04 1.04 1.19 1.19 1.31
 1.33 1.36 1.55 1.63 1.84 1.85 1.87 1.99 2.07 2.14 2.44 2.52 3.93 4.71
 5.35]
var: 1.3254650046168057
| [0m76       [0m | [0m0.9474   [0m | [0m0.2249   [0m | [0m7.975    [0m | [0m0.1164   [0m |
[0.   0.   0.   0.   0.   0.   0.   0.25 0.3  0.32 0.36 0.41 0.45 0.55
 0.61 0.63 0.65 0.68 0.72 0.72 0.73 0.75 0.75 0.76 0.77 0.79 0.81 0.82
 1.08 1.09 1.19 1.22 1.25 1.26 1.31 1.33 1.33 1.4  1.43 1.47 1.48 1.52
 1.52 1.62 1.69 1.78 1.91 1.95 2.07 2.08 2.12 2.12 2.27 2.62 3.   3.02
 3.06 3.59]
var: 0.7318279726516055
| [0m77       [0m | [0m1.166    [0m | [0m0.09982  [0m | [0m6.34     [0m | [0m0.3817   [0m |
[0.   0.   0.   0.   0.   0.   0.   0.   0.   0.   0.02 0.02 0.02 0.08
 0.11 0.12 0.12 0.16 0.16 0.18 0.19 0.19 0.22 0.25 0.25 0.28 0.29 0.31
 0.31 0.31 0.32 0.33 0.38 0.39 0.41 0.42 0.42 0.43 0.44 0.46 0.48 0.53
 0.55 0.64 0.72 0.78 0.79 0.91 1.01 1.02 1.1  1.21 1.25 1.27 1.28 1.31]
var: 0.15218163265306148
| [0m78       [0m | [0m0.4007   [0m | [0m0.1465   [0m | [0m23.95    [0m | [0m1.596    [0m |
[0.   0.   0.   0.   0.   0.   0.   0.   0.   0.   0.   0.   0.   0.
 0.01 0.01 0.03 0.03 0.04 0.05 0.06 0.09 0.09 0.12 0.12 0.14 0.2  0.21
 0.21 0.22 0.22 0.23 0.23 0.26 0.28 0.29 0.3  0.38 0.43 0.46 0.46 0.5
 0.5  0.51 0.54 0.56 0.57 0.58 0.6  0.62 0.65 0.66 0.83 0.85 0.88 0.95
 1.1  1.27 1.89]
var: 0.1410580293019249
| [0m79       [0m | [0m0.3259   [0m | [0m0.2837   [0m | [0m38.18    [0m | [0m0.9721   [0m |
[0.   0.   0.   0.2  0.34 0.38 0.62 0.77 0.87 0.89 0.94 1.04 1.23 1.27
 1.32 1.48 1.5  1.54 1.57 1.59 1.66 1.67 1.69 1.7  1.73 1.74 1.75 1.8
 1.82 1.97 1.98 1.99 2.07 2.08 2.25 2.28 2.53 2.58 2.61 2.66 2.77 2.81
 2.85 2.96 2.98 3.32 3.35 3.41 3.5  3.58 3.61 3.66 3.77 4.23 4.29 4.43
 4.8  4.81]
var: 1.502018073721761
| [0m80       [0m | [0m2.125    [0m | [0m0.005968 [0m | [0m11.36    [0m | [0m0.03263  [0m |
=============================================================
None
num_trials:  40  inits,  40  iters,  60  per
rho:  50
pthin:  1.00

Best VPT: 2.365932203389831
Best result: {'a': 1e-08, 'g': 11.365709572525004, 's': 0.07163084988477066}

KERNEL: nu=1.5, lengthscale=2.0, alpha=0.0005
