|   iter    |  target   |     a     |     g     |     s     |
-------------------------------------------------------------
[0.02 0.03 0.04 0.07 0.08 0.08 0.1  0.11 0.15 0.21 0.26 0.28 0.29 0.3
 0.35 0.39 0.39 0.41 0.42 0.45 0.48 0.49 0.53 0.54 0.55 0.56 0.56 0.57
 0.58 0.61 0.61 0.62 0.63 0.64 0.64 0.65 0.66 0.67 0.68 0.68 0.82 0.84
 0.86 0.89 0.9  0.94 0.95 1.   1.02 1.02 1.05 1.08 1.11 1.12 1.2  1.26
 1.29 1.37 1.42 1.53]
var: 0.1458576388888888
| [0m1        [0m | [0m0.6342   [0m | [0m0.1017   [0m | [0m16.39    [0m | [0m2.01     [0m |
[0.   0.02 0.08 0.09 0.1  0.1  0.1  0.12 0.13 0.14 0.14 0.15 0.15 0.18
 0.18 0.19 0.22 0.24 0.24 0.25 0.25 0.27 0.28 0.31 0.33 0.35 0.35 0.37
 0.39 0.4  0.43 0.45 0.46 0.48 0.48 0.51 0.53 0.55 0.56 0.57 0.57 0.58
 0.62 0.62 0.63 0.68 0.72 0.73 0.73 0.77 0.78 0.82 0.87 0.91 0.98 1.
 1.03 1.07 1.38 2.34]
var: 0.15054697222222263
| [0m2        [0m | [0m0.4828   [0m | [0m0.1232   [0m | [0m19.14    [0m | [0m2.726    [0m |
[0.   0.   0.   0.01 0.07 0.08 0.1  0.11 0.12 0.13 0.13 0.14 0.14 0.15
 0.15 0.16 0.17 0.18 0.2  0.21 0.24 0.24 0.27 0.28 0.28 0.29 0.31 0.31
 0.33 0.33 0.34 0.34 0.34 0.35 0.38 0.38 0.39 0.4  0.41 0.41 0.41 0.42
 0.42 0.45 0.45 0.47 0.47 0.47 0.48 0.58 0.64 0.68 0.69 0.71 0.76 0.9
 0.94 1.09 1.18 1.56]
var: 0.08887288888888886
| [0m3        [0m | [0m0.3773   [0m | [0m0.1552   [0m | [0m34.85    [0m | [0m2.878    [0m |
[0.   0.03 0.06 0.08 0.09 0.1  0.17 0.18 0.19 0.22 0.22 0.24 0.25 0.27
 0.27 0.27 0.29 0.3  0.31 0.34 0.37 0.38 0.38 0.38 0.39 0.4  0.4  0.41
 0.43 0.43 0.43 0.45 0.49 0.49 0.5  0.51 0.53 0.55 0.56 0.58 0.65 0.65
 0.67 0.72 0.74 0.74 0.75 0.89 0.91 0.93 0.99 1.01 1.04 1.08 1.13 1.13
 1.28 1.28 1.83 2.58]
var: 0.19965788888888852
| [0m4        [0m | [0m0.5657   [0m | [0m0.2023   [0m | [0m21.37    [0m | [0m1.916    [0m |
[0.   0.01 0.01 0.02 0.06 0.07 0.12 0.14 0.15 0.16 0.17 0.18 0.22 0.23
 0.23 0.24 0.24 0.25 0.28 0.37 0.41 0.42 0.44 0.51 0.56 0.61 0.61 0.62
 0.64 0.64 0.65 0.65 0.65 0.67 0.69 0.7  0.7  0.71 0.75 0.75 0.81 0.84
 0.85 0.92 0.93 0.94 0.97 0.99 1.   1.04 1.06 1.11 1.16 1.32 1.32 1.37
 1.49 1.63 1.7  2.13]
var: 0.21860497222222244
| [95m5        [0m | [95m0.6518   [0m | [95m0.02663  [0m | [95m11.53    [0m | [95m1.816    [0m |
[0.   0.   0.03 0.03 0.04 0.05 0.05 0.05 0.05 0.07 0.07 0.08 0.09 0.13
 0.13 0.14 0.14 0.15 0.2  0.2  0.23 0.23 0.24 0.28 0.28 0.3  0.31 0.33
 0.39 0.41 0.46 0.48 0.49 0.49 0.5  0.5  0.52 0.56 0.59 0.64 0.66 0.69
 0.7  0.7  0.75 0.76 0.8  0.87 0.93 0.97 0.99 1.01 1.06 1.08 1.11 1.26
 1.33 1.55 1.56 1.66]
var: 0.1874203055555553
| [0m6        [0m | [0m0.5062   [0m | [0m0.1612   [0m | [0m29.5     [0m | [0m1.338    [0m |
[0.   0.02 0.03 0.03 0.04 0.08 0.09 0.14 0.17 0.18 0.19 0.23 0.23 0.24
 0.25 0.26 0.28 0.29 0.31 0.33 0.33 0.34 0.38 0.4  0.47 0.5  0.53 0.53
 0.53 0.54 0.57 0.61 0.61 0.63 0.66 0.69 0.69 0.7  0.7  0.71 0.72 0.81
 0.83 0.84 0.88 0.88 0.89 0.91 0.95 0.97 1.   1.09 1.11 1.14 1.2  1.25
 1.26 1.45 1.89 2.09]
var: 0.19651363888888915
| [0m7        [0m | [0m0.6112   [0m | [0m0.09179  [0m | [0m19.3     [0m | [0m1.949    [0m |
[0.12 0.15 0.18 0.22 0.25 0.25 0.35 0.35 0.41 0.42 0.42 0.44 0.46 0.46
 0.48 0.5  0.51 0.55 0.58 0.58 0.66 0.67 0.7  0.71 0.72 0.78 0.82 0.83
 0.84 0.85 0.86 0.88 0.9  0.92 0.92 0.96 0.98 0.99 0.99 1.02 1.05 1.05
 1.06 1.08 1.09 1.21 1.23 1.23 1.31 1.41 1.43 1.44 1.48 1.61 1.69 1.98
 2.11 2.12 2.18 3.58]
var: 0.36335655555555546
| [95m8        [0m | [95m0.9337   [0m | [95m0.04923  [0m | [95m0.9741   [0m | [95m0.06431  [0m |
[0.   0.   0.03 0.03 0.03 0.04 0.04 0.05 0.05 0.1  0.12 0.13 0.14 0.14
 0.16 0.19 0.19 0.19 0.2  0.2  0.21 0.21 0.23 0.24 0.27 0.3  0.31 0.33
 0.35 0.36 0.38 0.4  0.41 0.42 0.43 0.43 0.44 0.47 0.48 0.48 0.49 0.5
 0.5  0.5  0.51 0.52 0.53 0.53 0.53 0.57 0.57 0.6  0.6  0.61 0.64 0.73
 0.73 0.81 0.93 1.23]
var: 0.06174275000000012
| [0m9        [0m | [0m0.3635   [0m | [0m0.1051   [0m | [0m31.36    [0m | [0m2.462    [0m |
[0.   0.   0.   0.   0.   0.   0.01 0.02 0.03 0.03 0.03 0.04 0.06 0.06
 0.07 0.08 0.08 0.09 0.11 0.12 0.15 0.19 0.21 0.21 0.26 0.26 0.27 0.27
 0.28 0.31 0.34 0.37 0.38 0.39 0.41 0.43 0.45 0.47 0.48 0.48 0.48 0.49
 0.49 0.5  0.56 0.56 0.57 0.6  0.63 0.64 0.65 0.68 0.7  0.81 1.06 1.08
 1.23 1.33 1.71 1.93]
var: 0.16785788888888903
| [0m10       [0m | [0m0.4023   [0m | [0m0.2428   [0m | [0m46.21    [0m | [0m1.526    [0m |
[0.   0.   0.02 0.02 0.03 0.03 0.04 0.06 0.07 0.07 0.11 0.15 0.17 0.17
 0.18 0.2  0.23 0.24 0.24 0.26 0.28 0.29 0.34 0.37 0.39 0.42 0.42 0.44
 0.47 0.48 0.52 0.57 0.57 0.58 0.58 0.59 0.62 0.66 0.67 0.68 0.72 0.74
 0.74 0.77 0.79 0.8  0.89 0.99 1.05 1.17 1.18 1.3  1.36 1.39 1.58 1.65
 1.65 1.67 1.7  1.99]
var: 0.26299733333333336
| [0m11       [0m | [0m0.606    [0m | [0m0.2969   [0m | [0m28.51    [0m | [0m1.028    [0m |
[0.   0.   0.01 0.01 0.04 0.04 0.06 0.06 0.06 0.07 0.09 0.09 0.11 0.12
 0.12 0.13 0.13 0.18 0.19 0.19 0.19 0.19 0.21 0.21 0.22 0.24 0.27 0.29
 0.31 0.31 0.32 0.33 0.34 0.37 0.39 0.39 0.41 0.43 0.5  0.5  0.5  0.58
 0.59 0.59 0.63 0.65 0.65 0.65 0.65 0.68 0.73 0.8  0.84 0.91 1.07 1.09
 1.13 1.2  1.27 1.42]
var: 0.12432541666666717
| [0m12       [0m | [0m0.4125   [0m | [0m0.1313   [0m | [0m15.23    [0m | [0m2.718    [0m |
[0.04 0.05 0.05 0.07 0.13 0.16 0.16 0.21 0.22 0.28 0.31 0.33 0.35 0.39
 0.39 0.39 0.4  0.42 0.48 0.54 0.55 0.57 0.58 0.58 0.59 0.6  0.63 0.64
 0.66 0.7  0.7  0.7  0.72 0.73 0.76 0.76 0.78 0.82 0.84 0.89 0.92 0.92
 0.95 1.03 1.06 1.07 1.08 1.14 1.29 1.39 1.4  1.52 1.58 1.6  1.68 1.9
 2.03 2.14 2.14 3.35]
var: 0.3873328888888885
| [0m13       [0m | [0m0.8227   [0m | [0m0.2434   [0m | [0m5.287    [0m | [0m0.5941   [0m |
[0.   0.   0.   0.   0.01 0.01 0.03 0.03 0.04 0.04 0.04 0.04 0.05 0.08
 0.08 0.08 0.11 0.11 0.12 0.12 0.15 0.16 0.17 0.18 0.18 0.18 0.18 0.19
 0.19 0.19 0.21 0.24 0.24 0.26 0.26 0.26 0.27 0.29 0.3  0.3  0.31 0.31
 0.31 0.31 0.32 0.34 0.35 0.35 0.38 0.39 0.43 0.44 0.44 0.48 0.56 0.56
 0.59 0.61 0.68 0.73]
var: 0.03312600000000028
| [0m14       [0m | [0m0.238    [0m | [0m0.2591   [0m | [0m45.98    [0m | [0m2.83     [0m |
[0.   0.   0.   0.   0.   0.   0.   0.   0.   0.01 0.03 0.04 0.04 0.05
 0.05 0.06 0.06 0.07 0.07 0.1  0.11 0.11 0.12 0.14 0.15 0.17 0.21 0.22
 0.22 0.23 0.23 0.24 0.24 0.24 0.25 0.27 0.3  0.31 0.32 0.33 0.34 0.34
 0.35 0.35 0.36 0.37 0.39 0.39 0.4  0.4  0.41 0.42 0.44 0.51 0.53 0.55
 0.65 0.65 0.74 1.73]
var: 0.07209163888888907
| [0m15       [0m | [0m0.2552   [0m | [0m0.07541  [0m | [0m44.67    [0m | [0m2.712    [0m |
[0.02 0.04 0.05 0.06 0.07 0.09 0.09 0.11 0.13 0.18 0.18 0.2  0.23 0.23
 0.32 0.36 0.37 0.38 0.39 0.39 0.42 0.45 0.49 0.5  0.53 0.59 0.59 0.61
 0.62 0.63 0.63 0.65 0.65 0.66 0.67 0.67 0.7  0.7  0.71 0.74 0.76 0.83
 0.84 0.88 0.88 0.89 0.92 0.93 0.94 0.97 0.98 0.99 1.   1.08 1.18 1.19
 1.21 1.25 1.37 1.65]
var: 0.14105399999999949
| [0m16       [0m | [0m0.614    [0m | [0m0.1115   [0m | [0m39.13    [0m | [0m0.873    [0m |
[0.   0.01 0.03 0.04 0.05 0.07 0.08 0.1  0.16 0.18 0.2  0.2  0.22 0.22
 0.24 0.25 0.27 0.29 0.3  0.3  0.31 0.33 0.33 0.37 0.39 0.39 0.4  0.41
 0.47 0.47 0.48 0.5  0.51 0.51 0.53 0.53 0.55 0.56 0.6  0.61 0.62 0.64
 0.64 0.66 0.66 0.69 0.7  0.71 0.74 0.75 0.83 0.83 0.84 1.01 1.1  1.11
 1.29 1.5  1.8  1.99]
var: 0.16429363888888898
| [0m17       [0m | [0m0.5262   [0m | [0m0.2148   [0m | [0m5.552    [0m | [0m1.599    [0m |
[0.31 0.36 0.44 0.68 0.74 0.75 0.76 0.88 0.9  0.9  0.9  0.91 0.97 1.07
 1.07 1.08 1.12 1.17 1.21 1.22 1.27 1.37 1.45 1.46 1.58 1.66 1.71 1.78
 1.79 1.79 1.95 2.16 2.19 2.21 2.22 2.24 2.25 2.26 2.26 2.35 2.35 2.36
 2.36 2.41 2.48 2.5  2.5  2.54 2.66 2.8  3.06 3.07 3.36 3.38 3.45 3.49
 3.92 3.94 4.1  4.29]
var: 0.987794972222223
| [95m18       [0m | [95m1.94     [0m | [95m0.2607   [0m | [95m5.02     [0m | [95m0.2127   [0m |
[0.02 0.03 0.06 0.1  0.15 0.16 0.18 0.19 0.22 0.23 0.26 0.3  0.32 0.35
 0.35 0.36 0.38 0.38 0.4  0.4  0.4  0.41 0.44 0.47 0.48 0.5  0.55 0.55
 0.56 0.58 0.62 0.65 0.66 0.67 0.68 0.72 0.75 0.83 0.83 0.83 0.84 0.98
 0.98 0.99 1.01 1.05 1.06 1.07 1.07 1.07 1.12 1.13 1.13 1.13 1.19 1.3
 1.43 1.54 2.02 2.16]
var: 0.20803830555555577
| [0m19       [0m | [0m0.6882   [0m | [0m0.2495   [0m | [0m14.36    [0m | [0m1.263    [0m |
[0.01 0.02 0.05 0.07 0.1  0.11 0.14 0.14 0.15 0.17 0.21 0.24 0.25 0.25
 0.29 0.31 0.32 0.33 0.35 0.35 0.36 0.36 0.37 0.37 0.37 0.39 0.39 0.4
 0.42 0.47 0.48 0.48 0.5  0.52 0.54 0.55 0.56 0.57 0.61 0.63 0.65 0.69
 0.72 0.74 0.74 0.76 0.77 0.78 0.84 0.86 0.87 0.89 0.96 0.98 1.04 1.17
 1.21 1.23 1.48 1.66]
var: 0.1285862222222226
| [0m20       [0m | [0m0.5373   [0m | [0m0.1597   [0m | [0m16.67    [0m | [0m2.716    [0m |
[0.03 0.05 0.06 0.08 0.1  0.12 0.14 0.15 0.19 0.19 0.25 0.25 0.3  0.31
 0.34 0.37 0.38 0.39 0.41 0.45 0.46 0.49 0.49 0.49 0.51 0.52 0.53 0.55
 0.56 0.56 0.58 0.61 0.69 0.72 0.82 0.88 0.9  0.96 0.96 1.   1.05 1.14
 1.16 1.21 1.22 1.25 1.32 1.38 1.43 1.43 1.57 1.6  1.9  1.9  1.93 1.94
 1.97 2.42 2.56 3.19]
var: 0.483478305555555
| [0m21       [0m | [0m0.8568   [0m | [0m0.1188   [0m | [0m16.18    [0m | [0m1.106    [0m |
[0.01 0.02 0.09 0.1  0.1  0.15 0.16 0.21 0.23 0.25 0.27 0.27 0.28 0.33
 0.34 0.34 0.34 0.36 0.37 0.39 0.4  0.4  0.4  0.41 0.41 0.42 0.44 0.46
 0.51 0.52 0.53 0.55 0.57 0.57 0.59 0.62 0.62 0.62 0.63 0.69 0.75 0.76
 0.78 0.79 0.8  0.81 0.85 0.88 0.91 1.02 1.16 1.45 1.49 1.57 1.7  1.81
 2.   2.04 2.25 2.92]
var: 0.34931497222222224
| [0m22       [0m | [0m0.6952   [0m | [0m0.264    [0m | [0m6.183    [0m | [0m1.303    [0m |
[0.   0.   0.02 0.04 0.08 0.12 0.13 0.13 0.14 0.14 0.15 0.16 0.17 0.18
 0.18 0.2  0.2  0.21 0.21 0.22 0.23 0.27 0.27 0.28 0.28 0.32 0.32 0.34
 0.35 0.36 0.36 0.36 0.37 0.44 0.47 0.48 0.49 0.5  0.51 0.56 0.56 0.62
 0.71 0.74 0.79 0.83 0.87 0.88 0.9  0.93 0.94 0.94 1.03 1.08 1.16 1.19
 1.25 1.3  1.54 1.92]
var: 0.17332766666666646
| [0m23       [0m | [0m0.507    [0m | [0m0.2753   [0m | [0m8.602    [0m | [0m1.703    [0m |
[0.   0.02 0.03 0.03 0.04 0.05 0.05 0.06 0.08 0.09 0.11 0.12 0.14 0.14
 0.14 0.15 0.16 0.18 0.21 0.22 0.26 0.33 0.35 0.36 0.37 0.38 0.38 0.39
 0.4  0.41 0.42 0.42 0.43 0.43 0.45 0.5  0.51 0.51 0.51 0.53 0.57 0.64
 0.65 0.66 0.7  0.7  0.72 0.78 0.79 0.86 0.87 0.89 0.94 1.04 1.06 1.24
 1.36 1.54 1.86 2.24]
var: 0.20532030555555533
| [0m24       [0m | [0m0.5078   [0m | [0m0.1745   [0m | [0m36.87    [0m | [0m1.275    [0m |
[0.   0.01 0.02 0.04 0.05 0.07 0.08 0.1  0.12 0.12 0.12 0.13 0.14 0.15
 0.15 0.18 0.2  0.21 0.22 0.24 0.27 0.29 0.31 0.33 0.33 0.34 0.37 0.37
 0.38 0.39 0.39 0.4  0.41 0.43 0.45 0.46 0.47 0.48 0.49 0.51 0.51 0.55
 0.58 0.58 0.63 0.65 0.67 0.67 0.71 0.72 0.76 0.79 0.79 0.84 0.97 1.
 1.   1.01 1.21 2.2 ]
var: 0.13546900000000014
| [0m25       [0m | [0m0.451    [0m | [0m0.16     [0m | [0m30.23    [0m | [0m2.34     [0m |
[0.21 0.95 1.   1.05 1.11 1.13 1.22 1.25 1.29 1.32 1.53 1.53 1.59 1.6
 1.62 1.65 1.76 1.77 1.77 1.81 1.85 1.89 2.04 2.07 2.08 2.33 2.34 2.38
 2.39 2.39 2.67 2.72 2.77 2.78 2.88 2.9  2.93 2.94 2.94 2.95 3.17 3.19
 3.2  3.24 3.29 3.48 3.57 3.67 3.67 3.75 4.   4.08 4.33 4.76 4.87 5.51
 5.61 5.63 5.73 5.88]
var: 1.7921080833333332
| [95m26       [0m | [95m2.701    [0m | [95m0.03585  [0m | [95m11.27    [0m | [95m0.1866   [0m |
[0.03 0.03 0.05 0.06 0.06 0.07 0.09 0.1  0.11 0.12 0.13 0.14 0.23 0.23
 0.25 0.28 0.32 0.33 0.35 0.36 0.36 0.36 0.36 0.37 0.39 0.4  0.4  0.41
 0.41 0.41 0.43 0.44 0.45 0.47 0.48 0.48 0.52 0.53 0.55 0.56 0.56 0.57
 0.58 0.59 0.62 0.67 0.67 0.73 0.79 0.82 0.87 0.89 0.9  0.94 0.95 1.11
 1.12 1.19 1.19 1.4 ]
var: 0.10515933333333286
| [0m27       [0m | [0m0.488    [0m | [0m0.1915   [0m | [0m13.71    [0m | [0m2.497    [0m |
[0.   0.01 0.02 0.02 0.06 0.07 0.12 0.16 0.21 0.23 0.24 0.28 0.29 0.32
 0.33 0.35 0.38 0.39 0.4  0.4  0.4  0.42 0.42 0.44 0.47 0.49 0.51 0.51
 0.52 0.53 0.53 0.59 0.61 0.64 0.65 0.66 0.67 0.69 0.69 0.7  0.75 0.75
 0.77 0.8  0.84 0.87 0.88 0.89 1.01 1.03 1.1  1.12 1.15 1.17 1.21 1.25
 1.31 1.31 1.32 2.43]
var: 0.18596099999999993
| [0m28       [0m | [0m0.623    [0m | [0m0.2955   [0m | [0m2.979    [0m | [0m1.49     [0m |
[0.   0.   0.   0.02 0.03 0.04 0.05 0.06 0.09 0.11 0.12 0.13 0.14 0.18
 0.18 0.18 0.21 0.21 0.23 0.23 0.23 0.23 0.23 0.24 0.24 0.24 0.25 0.26
 0.27 0.29 0.3  0.31 0.31 0.31 0.31 0.32 0.34 0.37 0.37 0.37 0.4  0.41
 0.43 0.44 0.44 0.44 0.44 0.46 0.46 0.47 0.51 0.51 0.52 0.55 0.67 0.73
 0.8  0.86 0.94 1.17]
var: 0.05493541666666657
| [0m29       [0m | [0m0.3275   [0m | [0m0.06697  [0m | [0m31.46    [0m | [0m2.852    [0m |
[0.1  0.11 0.11 0.11 0.14 0.15 0.16 0.17 0.17 0.21 0.21 0.21 0.25 0.26
 0.31 0.33 0.4  0.41 0.47 0.49 0.51 0.52 0.59 0.6  0.61 0.62 0.62 0.63
 0.64 0.65 0.66 0.66 0.67 0.69 0.72 0.78 0.81 0.82 0.84 0.85 0.86 0.87
 0.91 0.91 0.95 0.99 1.04 1.08 1.14 1.15 1.19 1.35 1.38 1.39 1.49 1.54
 1.68 2.21 2.8  2.8 ]
var: 0.34039608333333393
| [0m30       [0m | [0m0.7665   [0m | [0m0.1123   [0m | [0m22.88    [0m | [0m0.6171   [0m |
[0.   0.02 0.03 0.12 0.17 0.19 0.21 0.23 0.24 0.25 0.26 0.28 0.34 0.37
 0.38 0.38 0.41 0.42 0.42 0.43 0.44 0.45 0.47 0.48 0.49 0.49 0.5  0.52
 0.53 0.57 0.59 0.6  0.6  0.61 0.61 0.62 0.62 0.66 0.69 0.7  0.7  0.71
 0.71 0.74 0.76 0.76 0.79 0.79 0.79 0.8  0.81 1.09 1.1  1.11 1.22 1.22
 1.27 1.51 1.52 2.31]
var: 0.16172055555555562
| [0m31       [0m | [0m0.6183   [0m | [0m0.09847  [0m | [0m18.75    [0m | [0m2.427    [0m |
[0.   0.   0.05 0.05 0.06 0.08 0.09 0.09 0.09 0.17 0.2  0.2  0.21 0.22
 0.23 0.24 0.24 0.24 0.26 0.29 0.36 0.37 0.42 0.42 0.44 0.46 0.47 0.47
 0.5  0.51 0.53 0.55 0.56 0.62 0.64 0.65 0.7  0.72 0.74 0.74 0.77 0.78
 0.8  0.83 0.87 0.89 0.9  0.97 0.98 0.98 1.16 1.21 1.28 1.42 1.73 2.03
 2.24 2.45 3.   3.24]
var: 0.47802830555555587
| [0m32       [0m | [0m0.7068   [0m | [0m0.1877   [0m | [0m20.56    [0m | [0m1.353    [0m |
[0.   0.   0.   0.   0.   0.   0.   0.   0.   0.   0.   0.   0.   0.
 0.   0.   0.   0.   0.01 0.01 0.01 0.01 0.01 0.02 0.02 0.02 0.03 0.03
 0.03 0.03 0.03 0.03 0.04 0.05 0.05 0.05 0.05 0.05 0.06 0.06 0.07 0.07
 0.07 0.08 0.08 0.08 0.09 0.09 0.1  0.1  0.11 0.11 0.12 0.13 0.14 0.14
 0.15 0.16 0.17 0.17]
var: 0.002600305555555592
| [0m33       [0m | [0m0.04883  [0m | [0m0.2584   [0m | [0m5.733    [0m | [0m0.003482 [0m |
[0.06 0.08 0.14 0.14 0.14 0.16 0.17 0.17 0.17 0.18 0.22 0.23 0.23 0.23
 0.24 0.26 0.28 0.28 0.29 0.31 0.32 0.33 0.33 0.34 0.35 0.38 0.41 0.44
 0.44 0.44 0.45 0.47 0.47 0.48 0.5  0.51 0.52 0.52 0.58 0.58 0.6  0.66
 0.68 0.77 0.81 0.82 0.83 0.83 0.88 0.98 0.98 0.98 1.01 1.03 1.11 1.48
 1.71 1.79 1.86 1.94]
var: 0.2009894166666665
| [0m34       [0m | [0m0.5765   [0m | [0m0.1705   [0m | [0m3.491    [0m | [0m2.346    [0m |
[0.07 0.1  0.1  0.14 0.2  0.22 0.28 0.29 0.4  0.45 0.46 0.48 0.49 0.58
 0.6  0.62 0.64 0.65 0.66 0.69 0.74 0.74 0.74 0.76 0.77 0.85 0.88 0.88
 0.88 0.88 0.92 0.94 0.95 1.03 1.03 1.13 1.19 1.28 1.28 1.31 1.34 1.44
 1.5  1.51 1.52 1.62 1.65 1.8  1.8  1.86 1.99 2.07 2.15 2.34 2.46 2.58
 3.24 3.5  4.03 5.7 ]
var: 1.0328555555555556
| [0m35       [0m | [0m1.223    [0m | [0m0.133    [0m | [0m14.46    [0m | [0m0.7022   [0m |
[0.   0.   0.01 0.01 0.02 0.03 0.03 0.07 0.07 0.1  0.15 0.18 0.18 0.19
 0.22 0.22 0.22 0.24 0.24 0.24 0.25 0.27 0.27 0.29 0.3  0.3  0.3  0.32
 0.36 0.38 0.38 0.38 0.38 0.4  0.41 0.43 0.47 0.47 0.48 0.48 0.49 0.5
 0.5  0.51 0.51 0.51 0.51 0.53 0.56 0.66 0.74 0.76 0.79 0.81 0.9  0.91
 1.   1.76 2.1  3.43]
var: 0.2850832222222221
| [0m36       [0m | [0m0.4703   [0m | [0m0.2937   [0m | [0m20.63    [0m | [0m2.107    [0m |
[0.   0.03 0.04 0.04 0.05 0.1  0.1  0.12 0.14 0.16 0.18 0.22 0.27 0.28
 0.3  0.32 0.4  0.4  0.4  0.42 0.43 0.43 0.44 0.44 0.44 0.46 0.46 0.46
 0.48 0.5  0.5  0.51 0.55 0.56 0.58 0.61 0.65 0.65 0.66 0.7  0.7  0.74
 0.75 0.77 0.79 0.8  0.89 0.93 0.94 0.99 1.06 1.12 1.19 1.2  1.23 1.24
 1.27 1.38 1.66 1.79]
var: 0.16789155555555582
| [0m37       [0m | [0m0.5987   [0m | [0m0.1044   [0m | [0m25.36    [0m | [0m1.609    [0m |
[0.02 0.05 0.06 0.07 0.07 0.09 0.1  0.13 0.17 0.18 0.18 0.22 0.26 0.27
 0.27 0.32 0.33 0.37 0.4  0.41 0.42 0.42 0.43 0.45 0.5  0.54 0.56 0.59
 0.6  0.63 0.65 0.67 0.73 0.8  0.82 0.87 0.89 0.89 0.91 0.95 0.98 1.02
 1.13 1.15 1.18 1.22 1.23 1.24 1.29 1.3  1.34 1.43 1.44 1.49 1.66 1.74
 1.84 2.04 2.15 2.57]
var: 0.3459103055555555
| [0m38       [0m | [0m0.7788   [0m | [0m0.09446  [0m | [0m31.47    [0m | [0m0.5803   [0m |
[0.03 0.04 0.07 0.1  0.1  0.11 0.12 0.21 0.24 0.24 0.27 0.3  0.31 0.31
 0.32 0.33 0.34 0.37 0.37 0.38 0.39 0.41 0.42 0.42 0.44 0.47 0.53 0.55
 0.57 0.57 0.57 0.59 0.6  0.6  0.6  0.64 0.65 0.66 0.67 0.68 0.72 0.74
 0.77 0.8  0.82 0.83 0.96 1.03 1.05 1.06 1.13 1.22 1.27 1.41 1.42 1.53
 1.71 1.99 2.43 2.85]
var: 0.31001030555555575
| [0m39       [0m | [0m0.6888   [0m | [0m0.125    [0m | [0m21.35    [0m | [0m1.522    [0m |
[0.09 0.1  0.25 0.27 0.39 0.59 0.59 0.6  0.6  0.61 0.63 0.64 0.72 0.72
 0.72 0.72 0.8  0.83 0.84 0.94 1.05 1.13 1.14 1.15 1.15 1.15 1.2  1.23
 1.29 1.3  1.31 1.35 1.44 1.54 1.55 1.57 1.59 1.61 1.63 1.67 1.8  1.85
 1.85 1.91 1.96 2.06 2.06 2.07 2.1  2.32 2.46 2.51 2.62 2.71 2.73 2.96
 3.11 3.31 3.45 4.84]
var: 0.8497765555555559
| [0m40       [0m | [0m1.49     [0m | [0m0.04178  [0m | [0m39.29    [0m | [0m0.07287  [0m |
[0.56 0.58 0.61 0.76 0.8  0.89 0.92 0.92 0.98 1.05 1.06 1.11 1.15 1.17
 1.18 1.23 1.25 1.26 1.27 1.28 1.37 1.39 1.39 1.48 1.51 1.54 1.55 1.57
 1.62 1.75 1.81 1.81 1.83 1.83 1.85 1.85 1.87 1.93 2.04 2.05 2.13 2.16
 2.17 2.19 2.21 2.29 2.48 2.58 2.62 2.66 2.69 2.7  2.82 2.86 3.04 3.05
 3.17 3.65 3.71 4.76]
var: 0.7139027499999996
| [0m41       [0m | [0m1.834    [0m | [0m0.08847  [0m | [0m23.78    [0m | [0m0.1264   [0m |
[0.1  0.23 0.39 0.4  0.81 0.82 0.84 0.91 0.97 1.   1.06 1.21 1.22 1.39
 1.39 1.43 1.44 1.47 1.51 1.54 1.54 1.57 1.6  1.67 1.7  1.87 1.96 1.96
 2.   2.05 2.05 2.1  2.13 2.23 2.35 2.37 2.37 2.38 2.45 2.5  2.52 2.52
 2.54 2.55 2.55 2.71 2.72 2.75 2.84 2.91 3.18 3.21 3.22 3.28 3.31 3.32
 3.39 3.69 3.99 3.99]
var: 0.8668469722222223
| [0m42       [0m | [0m2.036    [0m | [0m0.1126   [0m | [0m11.22    [0m | [0m0.2115   [0m |
[ 0.48  1.04  1.19  1.34  1.83  1.85  1.87  1.95  2.1   2.14  2.16  2.25
  2.25  2.29  2.41  2.46  2.47  2.5   2.52  2.55  2.68  2.68  2.7   2.76
  2.87  2.88  2.91  2.92  3.01  3.06  3.24  3.33  3.34  3.34  3.38  3.4
  3.4   3.41  3.41  3.49  3.55  3.8   3.85  3.87  4.05  4.07  4.35  4.44
  4.69  4.83  4.93  4.94  4.95  5.06  5.23  5.27  5.39  5.74  5.86 11.22]
var: 2.4998509722222213
| [95m43       [0m | [95m3.366    [0m | [95m0.00814  [0m | [95m11.36    [0m | [95m0.06808  [0m |
[0.25 0.49 0.92 0.92 0.95 0.95 0.97 0.99 0.99 1.03 1.15 1.43 1.43 1.46
 1.47 1.51 1.52 1.54 1.71 1.71 1.72 1.91 1.91 1.93 1.94 1.97 1.99 2.01
 2.03 2.04 2.05 2.13 2.23 2.33 2.37 2.37 2.42 2.49 2.52 2.54 2.59 2.64
 2.84 2.87 2.91 2.96 2.97 2.98 3.19 3.42 3.47 3.48 3.61 3.72 3.95 3.99
 4.09 4.23 4.95 5.13]
var: 1.144148222222223
| [0m44       [0m | [0m2.271    [0m | [0m0.05455  [0m | [0m11.51    [0m | [0m0.06252  [0m |
[0.26 0.28 0.29 0.3  0.3  0.3  0.31 0.31 0.31 0.32 0.33 0.33 0.34 0.34
 0.34 0.34 0.35 0.36 0.37 0.37 0.37 0.37 0.38 0.38 0.38 0.38 0.39 0.41
 0.41 0.42 0.42 0.42 0.43 0.43 0.44 0.45 0.46 0.48 0.49 0.49 0.51 0.51
 0.52 0.54 0.55 0.55 0.55 0.56 0.57 0.58 0.59 0.6  0.63 0.64 0.69 0.7
 0.72 0.74 0.8  0.93]
var: 0.020354749999999998
| [0m45       [0m | [0m0.4555   [0m | [0m1e-08    [0m | [0m11.28    [0m | [0m0.005933 [0m |
[0.14 0.39 0.44 0.68 0.78 0.86 0.93 0.96 1.01 1.14 1.22 1.26 1.29 1.42
 1.47 1.54 1.61 1.7  1.77 1.77 1.79 1.81 1.87 1.87 1.88 1.89 1.95 2.02
 2.04 2.06 2.06 2.06 2.07 2.08 2.12 2.2  2.24 2.37 2.46 2.49 2.55 2.57
 2.6  2.62 2.64 2.65 2.86 3.06 3.08 3.27 3.3  3.31 3.35 3.47 3.63 3.94
 4.   4.08 4.54 4.61]
var: 1.0216540000000003
| [0m46       [0m | [0m2.164    [0m | [0m0.1388   [0m | [0m11.28    [0m | [0m0.1584   [0m |
[0.12 0.16 0.21 0.42 0.77 0.92 0.98 1.01 1.04 1.11 1.14 1.2  1.22 1.22
 1.23 1.3  1.31 1.36 1.37 1.4  1.43 1.44 1.5  1.56 1.61 1.65 1.75 1.78
 1.8  1.81 1.82 1.86 1.86 1.87 1.95 1.98 2.   2.12 2.17 2.22 2.23 2.24
 2.29 2.3  2.33 2.42 2.48 2.6  2.65 2.66 2.84 2.9  3.09 3.29 3.3  3.61
 3.74 4.18 5.42 5.52]
var: 1.1422362222222229
| [0m47       [0m | [0m1.963    [0m | [0m0.1954   [0m | [0m11.32    [0m | [0m0.1825   [0m |
[0.07 0.08 0.08 0.1  0.1  0.13 0.15 0.17 0.18 0.19 0.21 0.21 0.25 0.26
 0.28 0.3  0.33 0.34 0.34 0.41 0.43 0.43 0.44 0.47 0.5  0.51 0.53 0.57
 0.57 0.58 0.6  0.61 0.63 0.63 0.65 0.65 0.69 0.71 0.71 0.74 0.78 0.78
 0.81 0.81 0.93 0.95 0.97 1.11 1.17 1.32 1.34 1.35 1.4  1.54 1.62 1.66
 1.83 2.23 2.26 2.68]
var: 0.33677697222222225
| [0m48       [0m | [0m0.7228   [0m | [0m0.0711   [0m | [0m4.402    [0m | [0m1.361    [0m |
[0.48 0.54 0.86 1.02 1.03 1.04 1.05 1.07 1.14 1.26 1.26 1.3  1.33 1.38
 1.39 1.42 1.45 1.45 1.48 1.49 1.56 1.57 1.58 1.64 1.65 1.68 1.73 1.75
 1.8  1.83 1.91 1.92 2.01 2.04 2.06 2.1  2.15 2.16 2.19 2.21 2.37 2.51
 2.52 2.61 2.62 2.66 2.71 2.76 2.76 2.77 2.96 2.97 2.98 3.07 3.27 3.6
 3.61 3.73 4.7  6.1 ]
var: 0.9706790000000002
| [0m49       [0m | [0m2.071    [0m | [0m0.1022   [0m | [0m11.4     [0m | [0m0.1926   [0m |
[0.02 0.03 0.05 0.07 0.07 0.11 0.11 0.12 0.12 0.12 0.13 0.14 0.15 0.19
 0.2  0.26 0.26 0.28 0.29 0.3  0.31 0.35 0.36 0.38 0.38 0.39 0.44 0.48
 0.52 0.53 0.57 0.6  0.64 0.64 0.66 0.73 0.74 0.74 0.81 0.81 0.86 0.88
 0.91 0.95 0.96 1.   1.02 1.04 1.12 1.28 1.46 1.49 1.49 1.54 1.75 1.75
 1.96 1.97 2.12 2.18]
var: 0.3384069722222221
| [0m50       [0m | [0m0.6972   [0m | [0m0.1611   [0m | [0m46.12    [0m | [0m0.7522   [0m |
[0.   0.   0.   0.01 0.01 0.03 0.05 0.06 0.06 0.07 0.08 0.08 0.1  0.11
 0.11 0.11 0.11 0.12 0.12 0.12 0.13 0.14 0.15 0.19 0.2  0.2  0.2  0.21
 0.22 0.23 0.24 0.27 0.28 0.31 0.32 0.32 0.33 0.35 0.35 0.36 0.36 0.39
 0.42 0.44 0.45 0.47 0.49 0.5  0.5  0.53 0.53 0.55 0.57 0.59 0.6  0.68
 0.8  0.89 1.09 1.12]
var: 0.06566155555555576
| [0m51       [0m | [0m0.3053   [0m | [0m0.2092   [0m | [0m36.29    [0m | [0m2.717    [0m |
[0.47 0.57 0.59 0.62 0.63 0.93 0.99 0.99 1.33 1.34 1.36 1.44 1.48 1.56
 1.58 1.64 1.68 1.71 1.72 1.8  1.82 1.86 1.9  1.95 1.96 1.96 2.02 2.03
 2.06 2.12 2.18 2.28 2.37 2.37 2.38 2.44 2.47 2.52 2.55 2.57 2.64 2.65
 2.67 2.7  2.74 2.82 2.86 2.9  2.93 2.94 2.95 2.98 3.07 3.31 3.97 4.01
 4.05 4.28 4.36 4.94]
var: 0.9537994166666663
| [0m52       [0m | [0m2.234    [0m | [0m0.1025   [0m | [0m11.38    [0m | [0m0.05079  [0m |
[0.03 0.05 0.07 0.07 0.14 0.18 0.42 0.52 0.6  0.73 0.75 0.76 0.78 0.86
 0.9  0.91 0.96 0.99 1.08 1.14 1.3  1.32 1.32 1.36 1.43 1.43 1.45 1.46
 1.5  1.6  1.69 1.7  1.75 1.79 1.8  1.85 1.89 2.05 2.08 2.13 2.17 2.24
 2.31 2.33 2.51 2.56 2.59 2.66 2.79 2.81 2.9  2.91 2.96 3.   3.13 3.33
 3.4  4.13 5.06 6.48]
var: 1.4784416388888895
| [0m53       [0m | [0m1.785    [0m | [0m0.002552 [0m | [0m14.15    [0m | [0m0.6299   [0m |
[0.32 0.34 0.55 0.67 0.71 0.77 0.92 1.09 1.26 1.27 1.28 1.31 1.39 1.43
 1.45 1.47 1.48 1.6  1.64 1.71 1.75 1.76 1.77 1.78 1.79 1.92 1.94 2.01
 2.05 2.12 2.12 2.19 2.23 2.27 2.3  2.34 2.36 2.4  2.51 2.57 2.63 2.68
 2.69 2.82 2.87 2.92 2.94 2.96 3.   3.06 3.07 3.2  3.21 3.54 3.6  3.64
 3.88 4.22 4.5  6.21]
var: 1.1536759999999993
| [0m54       [0m | [0m2.208    [0m | [0m0.1178   [0m | [0m11.3     [0m | [0m0.1892   [0m |
[0.   0.   0.   0.01 0.02 0.05 0.1  0.12 0.12 0.17 0.18 0.18 0.19 0.29
 0.3  0.3  0.3  0.32 0.33 0.36 0.36 0.38 0.38 0.38 0.38 0.39 0.39 0.4
 0.41 0.43 0.44 0.44 0.47 0.47 0.48 0.48 0.49 0.5  0.5  0.52 0.55 0.55
 0.55 0.56 0.63 0.72 0.72 0.72 0.75 0.75 0.9  0.93 0.95 1.03 1.14 1.3
 1.38 1.53 1.9  2.23]
var: 0.19283988888888912
| [0m55       [0m | [0m0.5303   [0m | [0m0.1394   [0m | [0m34.01    [0m | [0m1.268    [0m |
[0.47 0.54 0.7  0.84 0.89 0.99 1.04 1.04 1.11 1.13 1.32 1.46 1.47 1.53
 1.61 1.61 1.64 1.65 1.66 1.68 1.71 1.72 1.75 1.85 1.99 2.   2.06 2.18
 2.23 2.3  2.3  2.39 2.42 2.42 2.48 2.52 2.54 2.55 2.6  2.65 2.79 2.88
 2.97 3.05 3.17 3.19 3.3  3.33 3.34 3.42 3.47 3.55 3.6  3.77 3.79 3.83
 4.42 4.61 4.88 5.59]
var: 1.2363360833333341
| [0m56       [0m | [0m2.367    [0m | [0m0.05039  [0m | [0m11.15    [0m | [0m0.1753   [0m |
[0.   0.   0.   0.   0.   0.   0.   0.   0.   0.   0.   0.   0.   0.01
 0.01 0.01 0.01 0.02 0.03 0.04 0.06 0.07 0.12 0.12 0.12 0.13 0.15 0.18
 0.18 0.18 0.18 0.21 0.21 0.23 0.24 0.26 0.3  0.36 0.36 0.39 0.4  0.41
 0.43 0.43 0.43 0.44 0.49 0.58 0.61 0.87 1.08 1.3  1.75 1.92 2.53 2.72
 2.8  3.03 3.07 3.37]
var: 0.7834395555555559
| [0m57       [0m | [0m0.5473   [0m | [0m1e-08    [0m | [0m11.39    [0m | [0m0.1193   [0m |
[0.08 0.1  0.11 0.13 0.14 0.15 0.16 0.17 0.18 0.21 0.24 0.38 0.51 0.51
 0.56 0.6  0.62 0.62 0.71 0.72 0.74 0.75 0.79 0.8  0.83 0.84 0.98 1.05
 1.08 1.1  1.11 1.11 1.26 1.3  1.35 1.42 1.51 1.54 1.56 1.61 1.65 1.75
 1.75 1.77 1.79 1.83 1.92 2.04 2.05 2.21 2.21 2.21 2.22 2.33 2.34 2.37
 2.45 2.59 2.72 3.34]
var: 0.6598580833333334
| [0m58       [0m | [0m1.22     [0m | [0m0.2047   [0m | [0m11.66    [0m | [0m0.4296   [0m |
[0.09 0.31 0.64 0.64 0.83 0.87 0.87 0.9  0.93 0.98 1.09 1.21 1.27 1.31
 1.42 1.49 1.54 1.59 1.64 1.69 1.84 1.84 1.85 1.86 1.89 1.91 1.92 2.03
 2.05 2.07 2.08 2.14 2.14 2.23 2.42 2.45 2.47 2.53 2.55 2.58 2.64 2.7
 2.81 2.84 2.99 3.04 3.14 3.19 3.22 3.23 3.25 3.34 3.38 3.47 3.53 3.86
 4.16 4.64 4.76 5.54]
var: 1.246059416666666
| [0m59       [0m | [0m2.232    [0m | [0m0.159    [0m | [0m11.22    [0m | [0m0.1374   [0m |
[0.36 0.43 0.53 0.57 0.67 0.69 0.93 0.95 1.01 1.04 1.14 1.21 1.23 1.26
 1.3  1.41 1.42 1.43 1.46 1.54 1.57 1.59 1.65 1.66 1.67 1.68 1.7  1.72
 1.73 1.73 1.82 1.84 1.86 1.87 1.88 1.9  1.91 1.98 1.99 2.05 2.11 2.17
 2.2  2.29 2.4  2.46 2.58 2.68 2.71 2.75 2.75 2.78 3.06 3.25 3.5  3.54
 3.72 3.85 4.03 5.27]
var: 0.9102782222222224
| [0m60       [0m | [0m1.941    [0m | [0m0.1145   [0m | [0m11.25    [0m | [0m0.2159   [0m |
[0.42 0.53 0.66 0.67 0.89 0.89 0.91 0.97 1.01 1.02 1.04 1.07 1.16 1.25
 1.29 1.36 1.39 1.42 1.47 1.48 1.49 1.54 1.58 1.62 1.63 1.74 1.76 1.87
 1.89 1.9  2.01 2.01 2.05 2.11 2.16 2.19 2.22 2.23 2.25 2.27 2.32 2.45
 2.54 2.56 2.63 2.65 2.66 2.8  2.94 3.13 3.31 3.37 3.58 3.76 3.78 3.93
 4.02 4.21 4.25 4.32]
var: 1.0268069722222217
| [0m61       [0m | [0m2.077    [0m | [0m0.1226   [0m | [0m11.49    [0m | [0m0.07187  [0m |
[0.1  0.55 0.72 1.13 1.3  1.36 1.39 1.44 1.5  1.52 1.53 1.61 1.68 1.72
 1.75 1.76 1.84 1.85 1.89 1.89 2.04 2.06 2.12 2.15 2.18 2.21 2.28 2.35
 2.37 2.44 2.51 2.53 2.64 2.89 2.91 2.96 3.   3.05 3.1  3.12 3.15 3.17
 3.17 3.21 3.22 3.26 3.49 3.57 3.64 3.69 3.88 4.12 4.44 4.56 4.6  4.88
 5.11 5.43 5.44 9.37]
var: 2.1354595555555558
| [0m62       [0m | [0m2.747    [0m | [0m0.02099  [0m | [0m11.31    [0m | [0m0.2611   [0m |
[0.   0.06 0.06 0.07 0.09 0.1  0.11 0.11 0.13 0.14 0.16 0.19 0.23 0.25
 0.43 0.43 0.44 0.48 0.48 0.5  0.51 0.52 0.53 0.56 0.57 0.6  0.66 0.7
 0.71 0.74 0.74 0.75 0.75 0.85 0.86 0.89 0.92 0.94 1.   1.01 1.03 1.14
 1.17 1.21 1.26 1.4  1.54 1.59 1.69 1.7  1.7  1.83 1.85 1.87 2.08 2.24
 2.28 2.42 2.86 3.38]
var: 0.5699716388888885
| [0m63       [0m | [0m0.9252   [0m | [0m0.1286   [0m | [0m8.487    [0m | [0m0.8059   [0m |
[0.23 0.31 0.59 0.66 0.94 1.   1.06 1.28 1.39 1.55 1.57 1.6  1.74 1.76
 1.77 1.79 1.91 1.96 1.96 1.98 2.02 2.03 2.05 2.1  2.11 2.17 2.18 2.2
 2.33 2.41 2.44 2.46 2.52 2.63 2.65 2.69 2.7  2.78 2.79 2.84 2.88 2.93
 2.96 3.03 3.06 3.1  3.2  3.27 3.38 3.39 3.55 3.66 4.17 4.25 4.29 4.85
 5.02 5.18 5.53 6.13]
var: 1.5169765555555557
| [0m64       [0m | [0m2.55     [0m | [0m0.05664  [0m | [0m11.24    [0m | [0m0.1617   [0m |
[0.07 0.19 0.22 0.49 0.53 0.56 0.58 0.62 0.68 0.7  0.72 0.73 0.78 0.84
 0.86 0.89 0.94 1.02 1.03 1.06 1.11 1.17 1.21 1.22 1.23 1.28 1.31 1.36
 1.4  1.42 1.43 1.44 1.45 1.45 1.47 1.49 1.55 1.57 1.59 1.62 1.63 1.63
 1.71 1.72 1.74 1.81 1.95 1.99 2.02 2.31 2.36 2.37 2.41 2.51 2.53 2.93
 3.31 3.55 3.83 4.5 ]
var: 0.762349416666667
| [0m65       [0m | [0m1.502    [0m | [0m0.223    [0m | [0m21.48    [0m | [0m0.1982   [0m |
[0.09 0.33 0.63 0.64 0.72 0.82 0.89 0.93 0.97 0.97 1.03 1.08 1.11 1.12
 1.33 1.33 1.35 1.42 1.43 1.51 1.59 1.65 1.72 1.76 1.79 1.87 1.88 1.99
 1.99 2.05 2.09 2.14 2.16 2.16 2.2  2.31 2.4  2.43 2.44 2.54 2.58 2.63
 2.86 2.9  2.91 2.94 3.01 3.05 3.08 3.16 3.34 3.57 3.57 3.72 4.15 4.22
 4.39 4.59 4.69 5.1 ]
var: 1.3302148888888894
| [0m66       [0m | [0m2.189    [0m | [0m0.1086   [0m | [0m11.4     [0m | [0m0.147    [0m |
[0.18 0.39 0.89 1.15 1.18 1.22 1.27 1.29 1.3  1.4  1.44 1.47 1.5  1.5
 1.55 1.62 1.63 1.64 1.65 1.66 1.71 1.72 1.73 1.77 1.78 1.81 1.94 1.95
 2.08 2.1  2.11 2.2  2.23 2.25 2.31 2.34 2.39 2.52 2.56 2.58 2.59 2.63
 2.71 2.71 2.75 2.78 2.9  2.95 3.15 3.25 3.32 3.37 3.52 3.64 3.77 3.85
 4.29 4.76 6.14 6.63]
var: 1.374551555555556
| [0m67       [0m | [0m2.329    [0m | [0m0.09958  [0m | [0m11.29    [0m | [0m0.09978  [0m |
[0.   0.   0.02 0.03 0.04 0.06 0.09 0.12 0.16 0.2  0.23 0.27 0.27 0.29
 0.31 0.33 0.34 0.35 0.37 0.39 0.4  0.4  0.41 0.41 0.42 0.43 0.44 0.45
 0.45 0.48 0.48 0.5  0.53 0.54 0.55 0.56 0.57 0.58 0.58 0.59 0.59 0.73
 0.74 0.75 0.75 0.76 0.77 0.82 0.85 0.87 0.87 0.88 0.96 0.97 0.98 1.14
 1.34 1.69 1.76 2.13]
var: 0.17552274999999978
| [0m68       [0m | [0m0.5665   [0m | [0m0.2197   [0m | [0m19.7     [0m | [0m2.179    [0m |
[0.02 0.05 0.06 0.08 0.08 0.1  0.11 0.12 0.15 0.18 0.2  0.22 0.22 0.24
 0.27 0.28 0.28 0.3  0.32 0.34 0.36 0.41 0.41 0.42 0.43 0.48 0.48 0.49
 0.49 0.5  0.51 0.51 0.53 0.54 0.56 0.61 0.61 0.61 0.72 0.75 0.76 0.78
 0.79 0.8  0.8  0.86 0.87 1.02 1.06 1.06 1.13 1.14 1.16 1.27 1.28 1.42
 1.55 1.58 2.11 2.93]
var: 0.28125830555555564
| [0m69       [0m | [0m0.6402   [0m | [0m0.2113   [0m | [0m2.168    [0m | [0m1.545    [0m |
[0.02 0.06 0.08 0.11 0.14 0.17 0.18 0.18 0.2  0.21 0.25 0.26 0.27 0.29
 0.29 0.31 0.34 0.35 0.35 0.37 0.38 0.4  0.4  0.42 0.43 0.45 0.47 0.48
 0.49 0.49 0.53 0.55 0.56 0.57 0.57 0.58 0.58 0.59 0.6  0.62 0.63 0.67
 0.71 0.77 0.77 0.8  0.82 0.85 0.88 0.89 1.   1.02 1.17 1.42 1.46 1.48
 1.57 2.04 2.22 2.53]
var: 0.2643616388888889
| [0m70       [0m | [0m0.6382   [0m | [0m0.216    [0m | [0m28.26    [0m | [0m1.304    [0m |
[0.   0.01 0.01 0.01 0.02 0.05 0.06 0.07 0.07 0.08 0.09 0.1  0.11 0.12
 0.14 0.16 0.17 0.21 0.23 0.27 0.27 0.29 0.3  0.32 0.34 0.34 0.35 0.35
 0.36 0.37 0.37 0.41 0.41 0.44 0.44 0.46 0.46 0.46 0.46 0.47 0.48 0.48
 0.49 0.5  0.53 0.54 0.55 0.58 0.58 0.59 0.62 0.65 0.67 0.69 0.77 0.79
 0.85 1.13 1.13 1.49]
var: 0.08690733333333343
| [0m71       [0m | [0m0.396    [0m | [0m0.002952 [0m | [0m38.62    [0m | [0m1.79     [0m |
[0.   0.03 0.06 0.09 0.1  0.15 0.17 0.2  0.21 0.22 0.24 0.26 0.27 0.28
 0.3  0.31 0.32 0.37 0.37 0.41 0.41 0.42 0.43 0.44 0.44 0.44 0.5  0.52
 0.55 0.63 0.63 0.63 0.68 0.69 0.7  0.71 0.71 0.72 0.73 0.73 0.76 0.8
 0.81 0.81 0.82 0.82 0.84 0.88 0.92 0.93 0.94 0.97 0.97 1.17 1.18 1.22
 1.3  1.34 1.56 1.9 ]
var: 0.1523216388888889
| [0m72       [0m | [0m0.6168   [0m | [0m0.2653   [0m | [0m6.031    [0m | [0m2.607    [0m |
[0.04 0.05 0.09 0.11 0.14 0.14 0.15 0.19 0.22 0.26 0.26 0.29 0.29 0.37
 0.49 0.51 0.51 0.54 0.54 0.55 0.56 0.58 0.59 0.62 0.63 0.63 0.63 0.66
 0.68 0.7  0.7  0.71 0.73 0.74 0.75 0.75 0.75 0.78 0.79 0.8  0.81 0.83
 0.85 0.95 0.97 1.04 1.11 1.16 1.19 1.21 1.31 1.41 1.42 1.46 1.55 1.57
 1.69 2.02 3.06 3.1 ]
var: 0.36939697222222273
| [0m73       [0m | [0m0.8038   [0m | [0m0.1297   [0m | [0m16.79    [0m | [0m1.137    [0m |
[0.29 0.42 0.68 1.   1.03 1.05 1.08 1.11 1.3  1.3  1.37 1.39 1.53 1.53
 1.54 1.65 1.68 1.69 1.9  1.93 1.98 2.09 2.09 2.12 2.18 2.21 2.25 2.29
 2.4  2.46 2.54 2.71 2.82 2.83 2.98 3.01 3.06 3.07 3.12 3.15 3.21 3.21
 3.22 3.25 3.29 3.29 3.36 3.39 3.56 3.64 3.94 4.08 4.14 4.15 4.16 4.29
 4.31 4.43 5.24 6.34]
var: 1.4862736388888889
| [0m74       [0m | [0m2.589    [0m | [0m0.00125  [0m | [0m11.4     [0m | [0m0.03316  [0m |
[0.84 0.97 0.97 1.13 1.19 1.25 1.34 1.44 1.46 1.5  1.57 1.6  1.62 1.62
 1.65 1.66 1.66 1.8  1.83 1.94 2.02 2.03 2.03 2.05 2.05 2.1  2.1  2.12
 2.19 2.21 2.25 2.26 2.26 2.32 2.49 2.54 2.56 2.65 2.68 2.7  2.7  2.74
 2.8  2.81 2.81 2.83 2.99 3.02 3.14 3.23 3.35 3.37 3.41 3.71 4.18 4.24
 4.29 4.38 4.54 4.95]
var: 0.8946545555555562
| [0m75       [0m | [0m2.402    [0m | [0m0.03292  [0m | [0m11.4     [0m | [0m0.03846  [0m |
[0.28 0.49 0.57 0.59 0.6  0.74 0.84 0.86 0.93 0.99 1.08 1.09 1.11 1.26
 1.29 1.33 1.51 1.54 1.57 1.57 1.65 1.77 1.81 1.84 1.96 2.04 2.09 2.09
 2.09 2.16 2.16 2.2  2.23 2.23 2.23 2.32 2.4  2.45 2.54 2.65 2.74 2.75
 2.81 2.82 2.9  2.93 3.24 3.33 3.47 3.49 3.54 3.57 3.63 3.63 3.72 3.82
 4.   4.21 4.87 5.47]
var: 1.3031116388888881
| [0m76       [0m | [0m2.235    [0m | [0m0.1015   [0m | [0m11.31    [0m | [0m0.1149   [0m |
[0.79 0.9  0.99 1.02 1.09 1.15 1.29 1.39 1.6  1.62 1.64 1.67 1.74 1.75
 1.76 1.79 1.8  1.81 1.89 1.94 2.01 2.01 2.02 2.02 2.04 2.15 2.32 2.32
 2.39 2.52 2.52 2.52 2.52 2.67 2.72 2.78 2.79 2.96 2.99 3.03 3.05 3.05
 3.07 3.22 3.26 3.33 3.36 3.45 3.5  3.83 3.83 3.89 4.21 4.24 4.81 5.
 5.2  5.48 5.58 6.27]
var: 1.5336606666666674
| [0m77       [0m | [0m2.676    [0m | [0m0.02845  [0m | [0m11.36    [0m | [0m0.04305  [0m |
[0.   0.01 0.01 0.02 0.02 0.05 0.08 0.1  0.1  0.11 0.13 0.14 0.19 0.2
 0.21 0.22 0.24 0.26 0.27 0.28 0.29 0.29 0.32 0.33 0.33 0.36 0.36 0.37
 0.38 0.41 0.42 0.46 0.5  0.5  0.6  0.62 0.65 0.67 0.68 0.73 0.77 0.8
 0.81 0.82 0.83 0.88 0.89 0.9  1.05 1.06 1.11 1.13 1.25 1.26 1.28 1.3
 1.51 1.53 1.8  2.24]
var: 0.23950141666666702
| [0m78       [0m | [0m0.5855   [0m | [0m0.2635   [0m | [0m10.82    [0m | [0m2.754    [0m |
[0.   0.   0.01 0.03 0.04 0.04 0.08 0.09 0.1  0.1  0.1  0.11 0.11 0.11
 0.12 0.14 0.15 0.15 0.16 0.21 0.21 0.21 0.22 0.22 0.22 0.23 0.24 0.26
 0.27 0.29 0.32 0.34 0.38 0.39 0.41 0.41 0.45 0.45 0.46 0.46 0.47 0.48
 0.48 0.5  0.51 0.51 0.54 0.55 0.57 0.58 0.6  0.64 0.68 0.69 0.75 0.8
 0.88 1.05 1.22 1.35]
var: 0.08528566666666691
| [0m79       [0m | [0m0.369    [0m | [0m0.08192  [0m | [0m47.89    [0m | [0m2.092    [0m |
[0.3  0.3  0.34 0.48 0.61 0.73 0.74 0.78 0.87 0.88 0.9  0.99 1.11 1.16
 1.16 1.26 1.31 1.33 1.33 1.33 1.37 1.42 1.49 1.54 1.6  1.65 1.67 1.7
 1.74 1.81 1.81 1.93 1.94 2.   2.19 2.21 2.24 2.26 2.31 2.36 2.4  2.48
 2.53 2.54 2.55 2.63 2.68 2.68 2.97 3.03 3.13 3.28 3.4  3.41 3.47 3.56
 3.64 3.71 4.   4.47]
var: 1.0123649722222214
| [0m80       [0m | [0m1.962    [0m | [0m0.07795  [0m | [0m11.27    [0m | [0m0.2637   [0m |
=============================================================
None
num_trials:  40  inits,  40  iters,  60  per
rho:  0.9
pthin:  0.70

Best VPT: 3.3658333333333346
Best result: {'a': 0.008139648260287232, 'g': 11.360676425805458, 's': 0.06808337515637826}

KERNEL: nu=1.5, lengthscale=2.0, alpha=0.0005
