|   iter    |  target   |     a     |     g     |     s     |
-------------------------------------------------------------
[0.02 0.03 0.03 0.03 0.05 0.06 0.07 0.07 0.08 0.11 0.12 0.15 0.15 0.15
 0.17 0.18 0.18 0.18 0.2  0.22 0.27 0.27 0.29 0.3  0.31 0.31 0.32 0.33
 0.35 0.35 0.36 0.38 0.38 0.39 0.41 0.42 0.43 0.45 0.47 0.48 0.49 0.51
 0.56 0.59 0.61 0.61 0.63 0.64 0.67 0.79 0.82 0.85 0.92 0.95 1.   1.04
 1.11 1.28 1.59 4.49]
var: 0.38256475000000034
| [0m1        [0m | [0m0.4945   [0m | [0m0.1574   [0m | [0m44.34    [0m | [0m0.9343   [0m |
[0.08 0.1  0.12 0.21 0.25 0.3  0.33 0.34 0.36 0.39 0.42 0.43 0.51 0.53
 0.55 0.56 0.57 0.57 0.58 0.58 0.59 0.62 0.64 0.68 0.68 0.69 0.7  0.73
 0.77 0.82 0.84 0.85 0.88 0.89 0.9  0.9  0.93 0.99 1.01 1.04 1.04 1.07
 1.13 1.15 1.17 1.17 1.2  1.22 1.23 1.26 1.3  1.38 1.55 1.61 2.01 2.07
 2.24 2.33 3.17 4.37]
var: 0.5294999999999997
| [95m2        [0m | [95m0.96     [0m | [95m0.2745   [0m | [95m11.65    [0m | [95m0.3076   [0m |
[0.   0.01 0.02 0.05 0.08 0.09 0.09 0.1  0.12 0.12 0.15 0.2  0.2  0.2
 0.21 0.24 0.24 0.26 0.26 0.27 0.28 0.29 0.29 0.34 0.34 0.34 0.35 0.37
 0.38 0.39 0.41 0.41 0.42 0.42 0.44 0.45 0.45 0.46 0.46 0.47 0.48 0.5
 0.5  0.51 0.52 0.55 0.56 0.59 0.61 0.62 0.63 0.64 0.7  0.77 0.77 0.8
 0.86 1.16 1.33 1.36]
var: 0.08229363888888894
| [0m3        [0m | [0m0.4188   [0m | [0m0.1213   [0m | [0m17.8     [0m | [0m2.624    [0m |
[0.01 0.08 0.08 0.14 0.16 0.17 0.2  0.27 0.27 0.32 0.36 0.37 0.38 0.42
 0.42 0.45 0.45 0.45 0.49 0.5  0.55 0.59 0.61 0.66 0.67 0.73 0.73 0.74
 0.76 0.77 0.79 0.79 0.8  0.81 0.84 0.84 0.87 0.87 0.9  0.93 0.99 0.99
 1.12 1.14 1.14 1.15 1.34 1.45 1.48 1.51 1.57 1.65 1.68 1.68 1.77 1.88
 1.89 1.93 2.2  2.71]
var: 0.34337163888888883
| [0m4        [0m | [0m0.8752   [0m | [0m0.2424   [0m | [0m15.56    [0m | [0m0.3625   [0m |
[0.   0.03 0.04 0.06 0.1  0.1  0.11 0.2  0.2  0.25 0.26 0.29 0.3  0.31
 0.35 0.37 0.37 0.38 0.39 0.4  0.41 0.42 0.45 0.47 0.5  0.5  0.51 0.51
 0.53 0.54 0.54 0.56 0.58 0.64 0.64 0.66 0.66 0.67 0.72 0.72 0.77 0.78
 0.79 0.84 0.88 0.91 0.91 0.91 0.91 0.91 0.92 0.96 1.04 1.04 1.07 1.1
 1.15 1.21 1.37 1.41]
var: 0.11811322222222234
| [0m5        [0m | [0m0.5937   [0m | [0m0.1692   [0m | [0m12.86    [0m | [0m0.5162   [0m |
[0.   0.   0.01 0.02 0.02 0.03 0.04 0.04 0.05 0.06 0.06 0.06 0.06 0.07
 0.07 0.08 0.1  0.13 0.13 0.16 0.18 0.19 0.19 0.19 0.2  0.27 0.28 0.28
 0.29 0.3  0.33 0.34 0.34 0.35 0.37 0.4  0.4  0.41 0.42 0.42 0.43 0.44
 0.45 0.45 0.49 0.5  0.51 0.54 0.57 0.58 0.59 0.59 0.71 0.76 0.77 0.79
 0.89 0.89 1.05 1.15]
var: 0.0770960833333333
| [0m6        [0m | [0m0.3415   [0m | [0m0.2385   [0m | [0m21.92    [0m | [0m2.902    [0m |
[0.04 0.28 0.33 0.36 0.37 0.38 0.39 0.42 0.45 0.46 0.48 0.48 0.48 0.48
 0.53 0.54 0.54 0.7  0.7  0.73 0.75 0.77 0.79 0.82 0.83 0.83 0.84 0.85
 0.9  0.9  0.91 0.97 0.98 0.99 1.08 1.15 1.17 1.2  1.29 1.34 1.34 1.39
 1.43 1.46 1.56 1.56 1.57 1.59 1.63 1.74 1.94 1.94 2.04 2.18 2.26 2.36
 2.36 2.73 2.82 3.73]
var: 0.53465475
| [95m7        [0m | [95m1.136    [0m | [95m0.2593   [0m | [95m7.865    [0m | [95m0.2817   [0m |
[0.   0.01 0.01 0.02 0.02 0.03 0.03 0.03 0.04 0.04 0.06 0.06 0.06 0.07
 0.09 0.09 0.09 0.09 0.11 0.14 0.15 0.15 0.16 0.16 0.16 0.18 0.2  0.2
 0.22 0.23 0.23 0.25 0.25 0.25 0.25 0.26 0.26 0.27 0.28 0.28 0.3  0.3
 0.31 0.31 0.33 0.34 0.34 0.34 0.36 0.42 0.43 0.44 0.45 0.46 0.52 0.54
 0.54 0.63 0.69 0.72]
var: 0.03128541666666658
| [0m8        [0m | [0m0.2375   [0m | [0m0.1325   [0m | [0m47.99    [0m | [0m2.51     [0m |
[0.   0.01 0.01 0.03 0.04 0.04 0.05 0.05 0.06 0.08 0.09 0.09 0.09 0.1
 0.12 0.13 0.13 0.14 0.14 0.14 0.14 0.14 0.16 0.17 0.18 0.18 0.21 0.25
 0.26 0.27 0.31 0.31 0.32 0.33 0.33 0.34 0.35 0.36 0.37 0.37 0.4  0.41
 0.42 0.42 0.44 0.45 0.45 0.48 0.5  0.6  0.61 0.65 0.66 0.67 0.77 0.87
 0.98 1.   1.   2.66]
var: 0.15536808333333355
| [0m9        [0m | [0m0.3555   [0m | [0m0.1089   [0m | [0m28.83    [0m | [0m2.065    [0m |
[0.05 0.05 0.06 0.07 0.09 0.09 0.1  0.12 0.14 0.15 0.16 0.17 0.19 0.2
 0.23 0.23 0.25 0.27 0.27 0.27 0.28 0.28 0.28 0.29 0.31 0.32 0.33 0.33
 0.35 0.35 0.36 0.36 0.36 0.37 0.38 0.39 0.4  0.41 0.44 0.48 0.49 0.5
 0.54 0.57 0.58 0.58 0.58 0.6  0.6  0.67 0.68 0.68 0.76 0.78 0.83 1.1
 1.13 1.36 1.77 2.72]
var: 0.18810874999999969
| [0m10       [0m | [0m0.4625   [0m | [0m0.2      [0m | [0m16.7     [0m | [0m2.874    [0m |
[0.08 0.15 0.38 0.39 0.42 0.45 0.46 0.47 0.49 0.49 0.52 0.54 0.55 0.55
 0.57 0.57 0.58 0.61 0.63 0.68 0.69 0.7  0.7  0.71 0.72 0.73 0.81 0.86
 0.87 0.88 0.93 0.95 0.98 1.   1.04 1.05 1.15 1.17 1.2  1.26 1.26 1.32
 1.4  1.52 1.53 1.53 1.58 1.59 1.62 1.68 1.74 1.76 1.76 1.82 1.84 1.91
 2.02 2.04 2.22 2.99]
var: 0.3437116388888887
| [0m11       [0m | [0m1.052    [0m | [0m0.2642   [0m | [0m32.86    [0m | [0m0.2193   [0m |
[0.29 0.36 0.39 0.49 0.52 0.61 0.79 0.82 0.87 0.9  0.92 0.98 1.1  1.17
 1.2  1.2  1.23 1.28 1.31 1.34 1.34 1.36 1.41 1.41 1.43 1.47 1.49 1.49
 1.51 1.55 1.6  1.62 1.64 1.66 1.69 1.71 1.76 1.76 1.79 1.83 1.84 1.84
 1.87 1.87 1.89 1.89 1.94 1.94 1.96 2.06 2.08 2.19 2.52 2.55 2.7  2.76
 2.84 3.04 3.21 3.37]
var: 0.46732097222222196
| [95m12       [0m | [95m1.594    [0m | [95m0.09667  [0m | [95m21.24    [0m | [95m0.1661   [0m |
[0.   0.   0.02 0.02 0.07 0.07 0.08 0.11 0.11 0.12 0.14 0.14 0.14 0.17
 0.23 0.23 0.25 0.26 0.28 0.34 0.35 0.35 0.36 0.37 0.38 0.4  0.4  0.41
 0.41 0.41 0.41 0.41 0.42 0.42 0.43 0.47 0.47 0.47 0.49 0.5  0.51 0.51
 0.54 0.54 0.56 0.57 0.57 0.59 0.6  0.64 0.66 0.71 0.73 0.73 0.91 1.19
 1.24 1.52 1.74 2.27]
var: 0.16770400000000033
| [0m13       [0m | [0m0.474    [0m | [0m0.1014   [0m | [0m12.31    [0m | [0m2.47     [0m |
[0.   0.01 0.01 0.02 0.03 0.08 0.12 0.15 0.15 0.19 0.2  0.2  0.23 0.27
 0.28 0.28 0.28 0.3  0.31 0.34 0.34 0.36 0.4  0.4  0.4  0.41 0.42 0.42
 0.44 0.44 0.45 0.45 0.47 0.48 0.48 0.49 0.5  0.5  0.51 0.52 0.55 0.56
 0.6  0.61 0.61 0.65 0.66 0.69 0.69 0.69 0.73 0.77 0.78 1.1  1.15 1.15
 1.25 1.33 1.4  1.7 ]
var: 0.1268999999999999
| [0m14       [0m | [0m0.5      [0m | [0m0.197    [0m | [0m35.56    [0m | [0m0.8163   [0m |
[0.   0.03 0.04 0.05 0.05 0.08 0.09 0.11 0.15 0.19 0.2  0.22 0.23 0.25
 0.25 0.26 0.27 0.29 0.29 0.31 0.32 0.35 0.38 0.39 0.41 0.46 0.49 0.49
 0.49 0.5  0.52 0.52 0.53 0.57 0.57 0.58 0.58 0.59 0.59 0.62 0.65 0.68
 0.69 0.75 0.75 0.8  0.81 0.93 0.94 1.05 1.06 1.11 1.2  1.25 1.42 1.53
 1.59 1.69 1.83 2.26]
var: 0.23479833333333305
| [0m15       [0m | [0m0.605    [0m | [0m0.2435   [0m | [0m15.72    [0m | [0m0.6739   [0m |
[0.   0.   0.   0.   0.   0.01 0.01 0.02 0.02 0.02 0.03 0.04 0.04 0.04
 0.06 0.06 0.06 0.06 0.06 0.07 0.09 0.11 0.11 0.12 0.13 0.13 0.14 0.17
 0.2  0.2  0.2  0.22 0.24 0.31 0.32 0.33 0.34 0.34 0.38 0.39 0.39 0.41
 0.44 0.45 0.49 0.5  0.5  0.5  0.53 0.55 0.55 0.56 0.57 0.61 0.62 0.62
 0.78 0.97 1.01 1.01]
var: 0.07151141666666647
| [0m16       [0m | [0m0.2855   [0m | [0m0.2013   [0m | [0m37.94    [0m | [0m2.114    [0m |
[0.   0.02 0.03 0.03 0.03 0.04 0.07 0.07 0.08 0.08 0.09 0.1  0.11 0.11
 0.11 0.15 0.16 0.16 0.16 0.17 0.19 0.19 0.19 0.21 0.21 0.27 0.28 0.28
 0.31 0.32 0.33 0.34 0.35 0.35 0.35 0.38 0.4  0.41 0.42 0.44 0.45 0.45
 0.49 0.5  0.52 0.52 0.53 0.54 0.57 0.57 0.63 0.64 0.65 0.65 0.66 0.8
 0.81 1.17 1.22 1.47]
var: 0.08977030555555558
| [0m17       [0m | [0m0.3638   [0m | [0m0.2429   [0m | [0m23.5     [0m | [0m2.27     [0m |
[0.   0.   0.   0.   0.   0.   0.   0.   0.03 0.03 0.04 0.05 0.05 0.05
 0.05 0.05 0.06 0.06 0.07 0.08 0.08 0.08 0.11 0.12 0.13 0.14 0.15 0.15
 0.15 0.16 0.17 0.17 0.19 0.2  0.2  0.21 0.22 0.22 0.23 0.23 0.24 0.24
 0.25 0.25 0.25 0.26 0.27 0.29 0.3  0.3  0.31 0.31 0.31 0.31 0.32 0.42
 0.46 0.51 0.6  0.66]
var: 0.022021638888888966
| [0m18       [0m | [0m0.1798   [0m | [0m0.2109   [0m | [0m0.1268   [0m | [0m1.411    [0m |
[0.01 0.01 0.14 0.22 0.24 0.25 0.25 0.27 0.28 0.29 0.32 0.33 0.37 0.37
 0.38 0.39 0.4  0.4  0.4  0.42 0.45 0.49 0.49 0.49 0.5  0.52 0.53 0.54
 0.54 0.55 0.56 0.6  0.63 0.63 0.63 0.63 0.64 0.67 0.67 0.69 0.73 0.73
 0.73 0.74 0.75 0.76 0.77 0.8  0.8  0.82 0.83 0.87 1.08 1.15 1.18 1.19
 1.2  1.37 1.48 1.49]
var: 0.10802900000000017
| [0m19       [0m | [0m0.611    [0m | [0m0.03688  [0m | [0m3.199    [0m | [0m0.6961   [0m |
[0.   0.   0.   0.02 0.03 0.06 0.07 0.07 0.09 0.14 0.14 0.15 0.16 0.18
 0.19 0.22 0.22 0.23 0.24 0.24 0.25 0.25 0.27 0.28 0.28 0.29 0.31 0.32
 0.33 0.33 0.37 0.42 0.42 0.42 0.45 0.46 0.46 0.49 0.49 0.5  0.51 0.54
 0.55 0.59 0.59 0.63 0.64 0.69 0.72 0.72 0.75 0.76 0.79 0.79 0.81 0.87
 0.93 1.03 1.09 1.2 ]
var: 0.0849262222222222
| [0m20       [0m | [0m0.4173   [0m | [0m0.1021   [0m | [0m23.53    [0m | [0m2.314    [0m |
[0.   0.   0.02 0.04 0.04 0.05 0.07 0.07 0.07 0.09 0.1  0.12 0.12 0.16
 0.17 0.18 0.18 0.2  0.21 0.25 0.25 0.26 0.27 0.27 0.29 0.29 0.3  0.3
 0.32 0.34 0.36 0.36 0.37 0.38 0.39 0.4  0.43 0.43 0.46 0.48 0.52 0.52
 0.53 0.53 0.55 0.56 0.58 0.58 0.63 0.69 0.71 0.73 0.75 0.77 0.78 0.78
 0.79 0.8  0.81 1.48]
var: 0.07781988888888916
| [0m21       [0m | [0m0.3863   [0m | [0m0.1627   [0m | [0m24.73    [0m | [0m2.65     [0m |
[0.   0.   0.01 0.02 0.02 0.04 0.05 0.06 0.14 0.17 0.18 0.18 0.21 0.21
 0.21 0.23 0.24 0.28 0.29 0.3  0.32 0.32 0.34 0.34 0.35 0.35 0.36 0.39
 0.39 0.4  0.4  0.41 0.45 0.46 0.49 0.5  0.51 0.52 0.54 0.56 0.65 0.69
 0.7  0.7  0.73 0.74 0.79 0.81 0.81 0.84 0.88 0.88 0.95 0.97 0.99 1.3
 1.33 1.71 1.75 2.02]
var: 0.18737822222222236
| [0m22       [0m | [0m0.5247   [0m | [0m0.1964   [0m | [0m4.543    [0m | [0m2.018    [0m |
[0.   0.01 0.02 0.03 0.03 0.05 0.06 0.06 0.06 0.08 0.09 0.11 0.14 0.14
 0.15 0.15 0.17 0.2  0.21 0.21 0.24 0.26 0.26 0.28 0.28 0.28 0.29 0.29
 0.3  0.33 0.34 0.41 0.42 0.43 0.43 0.44 0.44 0.48 0.5  0.51 0.52 0.59
 0.61 0.65 0.65 0.65 0.69 0.71 0.74 0.75 0.76 0.78 0.86 0.91 0.96 0.97
 0.97 1.09 1.23 1.37]
var: 0.10937955555555541
| [0m23       [0m | [0m0.4273   [0m | [0m0.1729   [0m | [0m14.24    [0m | [0m2.245    [0m |
[0.02 0.04 0.04 0.08 0.08 0.1  0.1  0.12 0.15 0.18 0.24 0.28 0.28 0.29
 0.32 0.32 0.34 0.4  0.41 0.41 0.41 0.43 0.45 0.48 0.48 0.51 0.52 0.54
 0.55 0.56 0.56 0.57 0.59 0.63 0.63 0.64 0.66 0.67 0.68 0.68 0.7  0.75
 0.76 0.84 0.84 0.85 0.91 1.   1.02 1.06 1.07 1.07 1.17 1.19 1.25 1.42
 1.42 1.69 1.71 1.75]
var: 0.1831749722222222
| [0m24       [0m | [0m0.6318   [0m | [0m0.2591   [0m | [0m8.332    [0m | [0m1.174    [0m |
[0.   0.01 0.02 0.06 0.06 0.08 0.15 0.17 0.19 0.21 0.22 0.24 0.24 0.26
 0.29 0.3  0.3  0.3  0.33 0.35 0.38 0.4  0.41 0.44 0.44 0.44 0.45 0.46
 0.47 0.49 0.49 0.49 0.51 0.52 0.53 0.54 0.58 0.6  0.62 0.62 0.63 0.63
 0.67 0.72 0.73 0.78 0.89 0.95 1.01 1.02 1.02 1.18 1.18 1.32 1.57 1.6
 1.62 1.62 1.69 1.92]
var: 0.21476163888888863
| [0m25       [0m | [0m0.6068   [0m | [0m0.1833   [0m | [0m25.21    [0m | [0m0.6479   [0m |
[0.   0.01 0.01 0.03 0.07 0.09 0.1  0.12 0.12 0.12 0.14 0.16 0.17 0.17
 0.2  0.21 0.27 0.29 0.3  0.33 0.33 0.34 0.36 0.37 0.37 0.38 0.39 0.39
 0.41 0.42 0.42 0.42 0.46 0.48 0.48 0.49 0.49 0.5  0.59 0.59 0.6  0.61
 0.63 0.63 0.67 0.71 0.72 0.74 0.74 0.76 0.78 0.88 0.97 0.99 1.05 1.05
 1.11 1.14 1.17 2.04]
var: 0.1356843333333335
| [0m26       [0m | [0m0.493    [0m | [0m0.1205   [0m | [0m18.59    [0m | [0m1.491    [0m |
[0.01 0.02 0.03 0.04 0.04 0.06 0.13 0.13 0.15 0.17 0.18 0.19 0.19 0.19
 0.2  0.2  0.24 0.24 0.25 0.26 0.26 0.28 0.28 0.29 0.3  0.31 0.31 0.31
 0.32 0.35 0.38 0.39 0.4  0.42 0.43 0.44 0.45 0.48 0.49 0.49 0.52 0.52
 0.53 0.54 0.54 0.56 0.57 0.57 0.64 0.73 0.73 0.74 0.75 0.8  0.82 0.86
 0.92 1.07 1.45 1.54]
var: 0.09764388888888906
| [0m27       [0m | [0m0.4283   [0m | [0m0.2459   [0m | [0m19.34    [0m | [0m2.077    [0m |
[0.01 0.03 0.03 0.03 0.05 0.08 0.09 0.09 0.12 0.13 0.14 0.18 0.21 0.21
 0.24 0.29 0.31 0.33 0.35 0.37 0.38 0.4  0.43 0.46 0.51 0.52 0.54 0.56
 0.56 0.57 0.58 0.58 0.59 0.62 0.62 0.62 0.63 0.66 0.68 0.69 0.72 0.8
 0.87 0.88 0.92 0.92 0.93 0.94 0.94 1.   1.   1.03 1.2  1.25 1.26 1.27
 1.31 1.35 1.42 1.63]
var: 0.16599697222222226
| [0m28       [0m | [0m0.6022   [0m | [0m0.2083   [0m | [0m26.36    [0m | [0m0.4375   [0m |
[0.   0.   0.   0.   0.   0.01 0.01 0.01 0.02 0.04 0.04 0.05 0.05 0.06
 0.09 0.09 0.09 0.09 0.11 0.11 0.11 0.12 0.12 0.12 0.12 0.13 0.13 0.14
 0.15 0.16 0.17 0.17 0.19 0.21 0.22 0.24 0.25 0.26 0.26 0.27 0.29 0.3
 0.3  0.3  0.32 0.33 0.34 0.34 0.36 0.4  0.4  0.41 0.44 0.45 0.46 0.48
 0.64 0.73 0.74 1.04]
var: 0.04250822222222233
| [0m29       [0m | [0m0.2247   [0m | [0m0.002837 [0m | [0m44.66    [0m | [0m2.245    [0m |
[0.   0.   0.   0.02 0.02 0.04 0.06 0.1  0.1  0.16 0.17 0.21 0.21 0.22
 0.24 0.27 0.27 0.3  0.31 0.32 0.34 0.34 0.36 0.36 0.36 0.36 0.4  0.4
 0.42 0.42 0.42 0.44 0.44 0.46 0.46 0.47 0.47 0.48 0.49 0.5  0.52 0.56
 0.57 0.63 0.64 0.68 0.69 0.72 0.72 0.82 0.83 0.86 0.9  1.04 1.09 1.33
 1.36 1.47 1.62 2.16]
var: 0.17657988888888854
| [0m30       [0m | [0m0.5103   [0m | [0m0.1269   [0m | [0m45.9     [0m | [0m0.8632   [0m |
[0.   0.   0.01 0.01 0.01 0.05 0.06 0.08 0.08 0.1  0.11 0.13 0.13 0.16
 0.17 0.19 0.2  0.2  0.2  0.24 0.29 0.31 0.32 0.33 0.33 0.33 0.38 0.4
 0.42 0.42 0.43 0.45 0.47 0.47 0.48 0.48 0.48 0.48 0.48 0.5  0.5  0.52
 0.53 0.53 0.54 0.56 0.6  0.63 0.64 0.68 0.71 0.8  0.86 0.9  0.96 1.
 1.15 1.2  3.2  3.51]
var: 0.36154222222222215
| [0m31       [0m | [0m0.5067   [0m | [0m0.2743   [0m | [0m46.61    [0m | [0m1.254    [0m |
[0.26 0.41 0.45 0.56 0.57 0.58 0.59 0.7  0.7  0.71 0.75 0.95 1.05 1.17
 1.19 1.2  1.21 1.24 1.26 1.28 1.29 1.3  1.31 1.35 1.39 1.42 1.46 1.49
 1.54 1.55 1.57 1.6  1.62 1.65 1.65 1.67 1.71 1.71 1.71 1.71 1.74 1.8
 1.83 1.87 1.94 1.94 1.94 2.13 2.19 2.23 2.24 2.35 2.39 2.42 2.69 2.78
 2.78 2.93 4.28 4.63]
var: 0.6673547499999997
| [95m32       [0m | [95m1.611    [0m | [95m0.1145   [0m | [95m38.93    [0m | [95m0.06644  [0m |
[0.   0.08 0.13 0.15 0.17 0.24 0.25 0.26 0.29 0.34 0.34 0.37 0.38 0.39
 0.39 0.42 0.48 0.48 0.49 0.52 0.53 0.58 0.61 0.65 0.65 0.67 0.68 0.68
 0.7  0.71 0.72 0.72 0.73 0.78 0.81 0.88 0.89 0.89 0.92 0.93 0.94 0.96
 0.96 1.02 1.04 1.08 1.16 1.23 1.23 1.23 1.24 1.26 1.45 1.51 1.53 1.58
 1.81 2.12 2.53 3.19]
var: 0.33987697222222196
| [0m33       [0m | [0m0.8328   [0m | [0m0.04393  [0m | [0m18.6     [0m | [0m0.7656   [0m |
[0.03 0.06 0.09 0.09 0.1  0.13 0.16 0.17 0.19 0.19 0.19 0.21 0.24 0.25
 0.29 0.29 0.3  0.31 0.36 0.38 0.38 0.39 0.41 0.41 0.44 0.45 0.45 0.47
 0.5  0.51 0.51 0.52 0.53 0.54 0.56 0.56 0.57 0.65 0.67 0.68 0.68 0.71
 0.73 0.75 0.77 0.77 0.78 0.8  0.84 0.85 0.87 0.87 0.89 0.93 0.99 1.02
 1.08 1.24 1.31 2.05]
var: 0.1294295555555557
| [0m34       [0m | [0m0.5527   [0m | [0m0.2042   [0m | [0m2.891    [0m | [0m1.037    [0m |
[0.01 0.01 0.04 0.06 0.06 0.06 0.08 0.09 0.1  0.11 0.11 0.12 0.13 0.13
 0.15 0.16 0.17 0.17 0.19 0.21 0.23 0.23 0.26 0.27 0.29 0.3  0.31 0.32
 0.32 0.32 0.37 0.37 0.37 0.39 0.4  0.41 0.44 0.45 0.47 0.49 0.5  0.51
 0.54 0.54 0.57 0.57 0.59 0.61 0.62 0.62 0.71 0.78 0.82 0.84 0.86 0.97
 1.   1.11 1.26 1.58]
var: 0.10601030555555528
| [0m35       [0m | [0m0.4128   [0m | [0m0.249    [0m | [0m20.24    [0m | [0m2.058    [0m |
[0.   0.03 0.03 0.03 0.08 0.08 0.09 0.09 0.09 0.1  0.13 0.13 0.14 0.15
 0.15 0.16 0.16 0.17 0.18 0.19 0.21 0.24 0.27 0.29 0.31 0.33 0.34 0.34
 0.36 0.37 0.39 0.4  0.4  0.42 0.45 0.45 0.47 0.49 0.5  0.5  0.51 0.52
 0.53 0.6  0.6  0.62 0.63 0.64 0.73 0.83 0.85 0.87 0.92 0.94 1.12 1.14
 1.17 1.22 1.44 1.49]
var: 0.1318182222222219
| [0m36       [0m | [0m0.4513   [0m | [0m0.2942   [0m | [0m33.54    [0m | [0m1.237    [0m |
[0.   0.03 0.05 0.1  0.15 0.26 0.29 0.33 0.35 0.36 0.37 0.39 0.39 0.41
 0.42 0.43 0.43 0.49 0.5  0.51 0.51 0.52 0.52 0.53 0.54 0.56 0.56 0.57
 0.58 0.6  0.63 0.64 0.65 0.65 0.69 0.69 0.7  0.71 0.71 0.73 0.74 0.74
 0.77 0.79 0.84 0.85 0.87 0.89 0.92 0.93 0.95 1.14 1.26 1.35 1.4  1.45
 1.63 1.64 2.19 4.04]
var: 0.3511945555555554
| [0m37       [0m | [0m0.7323   [0m | [0m0.1849   [0m | [0m18.72    [0m | [0m1.406    [0m |
[0.02 0.02 0.03 0.05 0.05 0.07 0.08 0.08 0.09 0.09 0.13 0.14 0.16 0.18
 0.21 0.23 0.23 0.29 0.29 0.29 0.29 0.3  0.33 0.36 0.37 0.37 0.4  0.4
 0.45 0.45 0.45 0.46 0.48 0.51 0.52 0.54 0.54 0.56 0.62 0.64 0.65 0.67
 0.68 0.69 0.71 0.72 0.77 0.83 0.86 0.89 0.92 0.99 1.07 1.1  1.12 1.14
 1.15 1.61 1.78 2.32]
var: 0.2020328888888884
| [0m38       [0m | [0m0.5407   [0m | [0m0.2782   [0m | [0m17.42    [0m | [0m1.255    [0m |
[0.02 0.02 0.03 0.03 0.05 0.06 0.08 0.08 0.09 0.1  0.15 0.16 0.17 0.17
 0.19 0.22 0.22 0.23 0.24 0.26 0.26 0.27 0.28 0.3  0.31 0.31 0.32 0.33
 0.33 0.33 0.34 0.37 0.37 0.38 0.38 0.39 0.39 0.4  0.4  0.41 0.43 0.44
 0.48 0.48 0.49 0.52 0.53 0.53 0.53 0.55 0.59 0.61 0.62 0.72 0.77 0.9
 0.91 0.92 1.66 3.41]
var: 0.226221416666667
| [0m39       [0m | [0m0.4255   [0m | [0m0.2791   [0m | [0m38.6     [0m | [0m1.777    [0m |
[0.   0.01 0.01 0.02 0.02 0.04 0.04 0.05 0.08 0.08 0.1  0.12 0.12 0.14
 0.14 0.15 0.16 0.16 0.16 0.17 0.17 0.18 0.18 0.18 0.19 0.19 0.2  0.21
 0.24 0.25 0.32 0.32 0.37 0.39 0.41 0.42 0.44 0.45 0.46 0.48 0.48 0.49
 0.5  0.51 0.52 0.52 0.54 0.57 0.57 0.6  0.62 0.66 0.7  0.72 0.75 0.77
 0.89 0.96 1.19 1.27]
var: 0.08403097222222236
| [0m40       [0m | [0m0.3608   [0m | [0m0.06744  [0m | [0m48.62    [0m | [0m1.49     [0m |
[0.   0.   0.   0.   0.   0.   0.   0.   0.   0.   0.   0.   0.   0.
 0.   0.   0.01 0.01 0.01 0.02 0.02 0.02 0.02 0.02 0.02 0.03 0.03 0.03
 0.03 0.03 0.04 0.04 0.04 0.04 0.04 0.05 0.05 0.05 0.05 0.06 0.06 0.06
 0.06 0.06 0.07 0.07 0.08 0.08 0.08 0.08 0.08 0.08 0.08 0.09 0.1  0.1
 0.11 0.12 0.12 0.13]
var: 0.0013669722222222143
| [0m41       [0m | [0m0.04117  [0m | [0m0.04382  [0m | [0m39.23    [0m | [0m0.001    [0m |
[0.35 0.48 0.49 0.55 0.57 0.57 0.61 0.65 0.65 0.68 0.69 0.7  0.79 0.89
 0.9  0.99 1.1  1.13 1.21 1.23 1.28 1.38 1.45 1.46 1.48 1.51 1.52 1.55
 1.59 1.64 1.71 1.73 1.73 1.8  1.86 1.88 1.91 1.91 1.92 1.93 1.95 1.96
 2.03 2.04 2.05 2.06 2.08 2.08 2.19 2.31 2.4  2.43 2.43 2.5  2.54 2.61
 2.75 3.21 3.23 3.28]
var: 0.5443933333333333
| [0m42       [0m | [0m1.61     [0m | [0m0.1211   [0m | [0m21.28    [0m | [0m0.0995   [0m |
[0.02 0.02 0.07 0.08 0.09 0.15 0.22 0.22 0.23 0.25 0.26 0.28 0.29 0.31
 0.33 0.33 0.35 0.38 0.41 0.42 0.42 0.44 0.45 0.5  0.54 0.55 0.56 0.56
 0.57 0.59 0.6  0.6  0.61 0.61 0.63 0.64 0.67 0.68 0.68 0.7  0.72 0.72
 0.73 0.74 0.75 0.77 0.78 0.8  0.89 0.99 0.99 0.99 1.01 1.01 1.03 1.05
 1.28 1.32 1.88 4.52]
var: 0.372481555555556
| [0m43       [0m | [0m0.6547   [0m | [0m0.1233   [0m | [0m4.96     [0m | [0m1.642    [0m |
[0.37 0.57 0.58 0.64 0.66 0.66 0.69 0.7  0.7  0.71 0.85 0.86 0.89 0.95
 1.11 1.14 1.19 1.29 1.31 1.34 1.43 1.43 1.45 1.48 1.49 1.55 1.56 1.58
 1.6  1.61 1.62 1.73 1.75 1.84 1.84 1.88 1.88 1.88 1.97 2.04 2.05 2.14
 2.23 2.23 2.28 2.38 2.43 2.45 2.48 2.56 2.62 2.68 2.73 2.76 3.01 3.12
 3.69 4.19 4.51 5.08]
var: 0.9491495555555546
| [95m44       [0m | [95m1.807    [0m | [95m0.03162  [0m | [95m21.27    [0m | [95m0.1076   [0m |
[0.6  0.76 0.8  0.85 0.88 0.9  0.99 1.05 1.07 1.12 1.18 1.2  1.25 1.25
 1.36 1.36 1.66 1.73 1.73 1.74 1.78 1.83 1.83 1.9  1.91 1.92 1.93 1.96
 1.96 2.05 2.07 2.08 2.23 2.27 2.33 2.45 2.46 2.48 2.52 2.65 2.7  2.73
 2.78 2.86 2.93 2.98 3.04 3.05 3.07 3.13 3.38 3.41 3.43 3.47 3.48 3.83
 4.58 5.04 7.09 7.14]
var: 1.690911638888889
| [95m45       [0m | [95m2.337    [0m | [95m0.00531  [0m | [95m21.2     [0m | [95m0.08835  [0m |
[0.28 0.77 0.77 0.83 0.85 0.85 0.88 0.95 0.95 0.95 0.95 0.96 0.96 1.01
 1.09 1.12 1.13 1.14 1.16 1.18 1.21 1.22 1.23 1.24 1.28 1.32 1.33 1.34
 1.39 1.39 1.4  1.41 1.41 1.45 1.58 1.59 1.62 1.65 1.66 1.68 1.82 1.84
 1.85 1.9  1.92 1.96 1.98 2.01 2.1  2.25 2.28 2.3  2.31 2.38 2.58 2.61
 2.75 2.86 2.97 3.47]
var: 0.40520822222222164
| [0m46       [0m | [0m1.555    [0m | [0m0.03229  [0m | [0m21.16    [0m | [0m0.03944  [0m |
[0.   0.   0.02 0.03 0.05 0.07 0.1  0.11 0.13 0.14 0.15 0.17 0.24 0.25
 0.26 0.3  0.3  0.3  0.3  0.3  0.31 0.32 0.32 0.33 0.36 0.38 0.39 0.41
 0.41 0.47 0.49 0.5  0.5  0.51 0.51 0.51 0.53 0.55 0.57 0.57 0.58 0.64
 0.64 0.64 0.66 0.67 0.68 0.69 0.75 0.79 0.91 0.95 1.   1.07 1.2  1.22
 1.27 1.37 1.49 1.63]
var: 0.14369163888888878
| [0m47       [0m | [0m0.5168   [0m | [0m0.188    [0m | [0m14.61    [0m | [0m1.887    [0m |
[0.06 0.08 0.1  0.11 0.12 0.12 0.17 0.2  0.28 0.3  0.33 0.36 0.4  0.46
 0.49 0.5  0.51 0.55 0.55 0.62 0.62 0.62 0.66 0.68 0.69 0.69 0.76 0.8
 0.87 0.87 0.88 1.07 1.07 1.11 1.18 1.2  1.24 1.27 1.3  1.31 1.36 1.4
 1.43 1.55 1.62 1.66 1.72 1.74 1.83 1.88 1.96 2.13 2.14 2.42 2.7  2.72
 2.82 3.   3.84 4.26]
var: 0.8551998888888893
| [0m48       [0m | [0m1.156    [0m | [0m1e-08    [0m | [0m21.19    [0m | [0m0.1342   [0m |
[0.   0.01 0.01 0.02 0.02 0.03 0.05 0.06 0.07 0.09 0.13 0.14 0.14 0.17
 0.18 0.2  0.2  0.23 0.28 0.28 0.3  0.31 0.32 0.34 0.34 0.36 0.4  0.4
 0.45 0.47 0.5  0.52 0.52 0.55 0.56 0.58 0.58 0.59 0.61 0.64 0.65 0.65
 0.67 0.67 0.7  0.72 0.73 0.73 0.73 0.76 0.88 0.91 1.02 1.04 1.1  1.13
 1.48 1.96 1.99 2.03]
var: 0.21669222222222234
| [0m49       [0m | [0m0.5367   [0m | [0m0.1598   [0m | [0m18.7     [0m | [0m1.454    [0m |
[0.   0.   0.   0.   0.02 0.03 0.03 0.04 0.04 0.04 0.05 0.06 0.1  0.1
 0.11 0.12 0.12 0.12 0.12 0.13 0.14 0.15 0.18 0.18 0.19 0.19 0.21 0.22
 0.23 0.23 0.24 0.26 0.28 0.28 0.3  0.32 0.33 0.34 0.35 0.38 0.39 0.39
 0.39 0.4  0.45 0.47 0.47 0.49 0.5  0.52 0.54 0.58 0.61 0.67 0.68 0.73
 0.95 1.01 1.17 1.31]
var: 0.08251430555555571
| [0m50       [0m | [0m0.3158   [0m | [0m0.092    [0m | [0m45.66    [0m | [0m1.629    [0m |
[0.34 0.44 0.45 0.53 0.55 0.56 0.57 0.61 0.64 0.66 0.69 0.69 0.71 0.71
 0.71 0.72 0.76 0.76 0.76 0.77 0.78 0.8  0.86 0.92 0.92 0.95 0.96 0.98
 1.   1.02 1.03 1.05 1.07 1.13 1.15 1.18 1.23 1.23 1.32 1.34 1.45 1.49
 1.52 1.58 1.66 1.68 1.72 1.72 1.73 1.73 1.74 1.75 1.75 1.81 1.81 2.13
 2.44 2.6  2.72 4.18]
var: 0.44719288888888875
| [0m51       [0m | [0m1.213    [0m | [0m0.1726   [0m | [0m38.94    [0m | [0m0.1376   [0m |
[0.   0.02 0.04 0.06 0.07 0.09 0.09 0.14 0.15 0.15 0.16 0.17 0.17 0.18
 0.19 0.2  0.22 0.23 0.27 0.28 0.29 0.29 0.31 0.32 0.32 0.33 0.33 0.34
 0.35 0.35 0.36 0.37 0.39 0.41 0.43 0.46 0.49 0.49 0.5  0.58 0.58 0.59
 0.61 0.62 0.62 0.63 0.66 0.67 0.7  0.81 0.81 0.81 0.94 0.98 1.   1.25
 1.33 1.35 1.47 1.7 ]
var: 0.1416615555555555
| [0m52       [0m | [0m0.4787   [0m | [0m0.0418   [0m | [0m9.697    [0m | [0m2.861    [0m |
[0.   0.   0.   0.   0.   0.   0.   0.   0.01 0.01 0.01 0.01 0.02 0.02
 0.02 0.04 0.05 0.06 0.07 0.07 0.07 0.11 0.11 0.12 0.12 0.12 0.12 0.14
 0.14 0.17 0.19 0.19 0.2  0.21 0.22 0.22 0.24 0.25 0.26 0.27 0.31 0.32
 0.34 0.34 0.35 0.36 0.37 0.37 0.38 0.39 0.42 0.42 0.43 0.46 0.47 0.47
 0.49 0.49 0.5  0.67]
var: 0.03041941666666678
| [0m53       [0m | [0m0.2035   [0m | [0m0.2807   [0m | [0m45.2     [0m | [0m2.726    [0m |
[0.02 0.02 0.05 0.06 0.07 0.07 0.09 0.1  0.12 0.12 0.14 0.14 0.14 0.18
 0.2  0.24 0.24 0.31 0.32 0.35 0.35 0.38 0.42 0.44 0.45 0.47 0.47 0.48
 0.48 0.49 0.51 0.54 0.55 0.57 0.58 0.58 0.59 0.59 0.62 0.64 0.64 0.65
 0.65 0.65 0.7  0.73 0.73 0.74 0.79 0.85 0.9  0.94 1.05 1.11 1.14 1.37
 1.48 1.7  2.11 3.28]
var: 0.2950616388888887
| [0m54       [0m | [0m0.5898   [0m | [0m0.1582   [0m | [0m20.7     [0m | [0m0.7014   [0m |
[0.   0.   0.   0.02 0.06 0.06 0.06 0.07 0.09 0.09 0.1  0.11 0.14 0.15
 0.16 0.22 0.23 0.24 0.28 0.28 0.28 0.3  0.31 0.31 0.34 0.35 0.35 0.35
 0.36 0.36 0.38 0.38 0.38 0.38 0.42 0.42 0.48 0.49 0.53 0.53 0.54 0.55
 0.59 0.64 0.66 0.68 0.69 0.7  0.7  0.71 0.73 0.73 0.76 0.79 0.84 1.05
 1.06 1.22 1.27 1.86]
var: 0.12460030555555554
| [0m55       [0m | [0m0.4472   [0m | [0m0.08286  [0m | [0m47.4     [0m | [0m1.041    [0m |
[0.04 0.1  0.22 0.38 0.38 0.39 0.43 0.46 0.49 0.5  0.51 0.51 0.51 0.57
 0.57 0.6  0.6  0.64 0.69 0.72 0.78 0.82 0.83 0.9  0.9  0.95 0.97 0.98
 1.02 1.04 1.07 1.1  1.12 1.13 1.13 1.13 1.14 1.14 1.29 1.3  1.31 1.39
 1.49 1.53 1.58 1.61 1.61 1.72 1.76 1.79 1.79 1.8  1.84 1.85 1.87 1.98
 2.21 2.31 2.47 2.74]
var: 0.3725072222222226
| [0m56       [0m | [0m1.112    [0m | [0m0.2105   [0m | [0m5.27     [0m | [0m0.2487   [0m |
[0.41 0.53 0.58 0.63 0.71 0.75 0.78 0.87 0.98 0.98 0.99 1.02 1.04 1.06
 1.2  1.27 1.27 1.32 1.33 1.34 1.35 1.35 1.37 1.37 1.4  1.42 1.43 1.5
 1.5  1.57 1.61 1.62 1.68 1.72 1.73 1.75 1.78 1.82 1.86 1.88 1.89 1.98
 2.   2.08 2.21 2.31 2.44 2.44 2.46 2.47 2.5  2.54 2.72 3.15 3.25 3.25
 3.57 3.67 4.05 4.38]
var: 0.7661103055555555
| [0m57       [0m | [0m1.769    [0m | [0m0.05518  [0m | [0m21.3     [0m | [0m0.1322   [0m |
[0.14 0.16 0.2  0.29 0.29 0.3  0.31 0.32 0.32 0.32 0.34 0.37 0.38 0.38
 0.47 0.49 0.52 0.53 0.53 0.54 0.54 0.55 0.58 0.59 0.6  0.61 0.61 0.62
 0.62 0.63 0.63 0.64 0.64 0.65 0.69 0.69 0.69 0.7  0.71 0.78 0.78 0.81
 0.86 1.01 1.05 1.05 1.05 1.06 1.07 1.12 1.18 1.18 1.19 1.2  1.21 1.24
 1.26 1.36 1.38 1.4 ]
var: 0.11474030555555538
| [0m58       [0m | [0m0.7072   [0m | [0m0.09201  [0m | [0m21.27    [0m | [0m0.01544  [0m |
[0.44 0.53 0.61 0.65 0.73 0.74 0.75 0.79 0.81 0.86 0.87 0.9  0.91 0.97
 0.97 0.98 0.99 0.99 1.07 1.09 1.1  1.13 1.14 1.14 1.15 1.17 1.17 1.26
 1.27 1.27 1.28 1.28 1.31 1.31 1.35 1.35 1.37 1.37 1.38 1.38 1.39 1.43
 1.54 1.59 1.62 1.62 1.63 1.64 1.64 1.68 1.68 1.71 1.75 1.79 2.05 2.38
 2.68 3.   3.23 4.08]
var: 0.40845066666666674
| [0m59       [0m | [0m1.366    [0m | [0m0.1318   [0m | [0m38.88    [0m | [0m0.08402  [0m |
[0.17 0.23 0.4  0.44 0.44 0.49 0.51 0.55 0.56 0.68 0.73 0.77 0.79 0.81
 0.81 0.82 0.82 0.84 0.94 0.97 0.97 0.98 0.99 1.01 1.03 1.04 1.05 1.06
 1.08 1.09 1.09 1.17 1.19 1.2  1.28 1.29 1.31 1.33 1.33 1.34 1.34 1.34
 1.37 1.38 1.39 1.41 1.43 1.44 1.48 1.51 1.52 1.57 1.66 1.67 1.75 1.76
 2.05 2.06 2.08 2.59]
var: 0.22334333333333342
| [0m60       [0m | [0m1.14     [0m | [0m0.2863   [0m | [0m38.69    [0m | [0m0.02735  [0m |
[0.01 0.03 0.04 0.04 0.05 0.06 0.06 0.1  0.1  0.12 0.13 0.14 0.16 0.16
 0.17 0.17 0.27 0.28 0.32 0.35 0.35 0.36 0.36 0.41 0.44 0.45 0.45 0.46
 0.47 0.48 0.49 0.5  0.5  0.5  0.52 0.52 0.59 0.59 0.6  0.63 0.71 0.76
 0.76 0.78 0.8  0.83 0.91 0.92 0.97 1.1  1.11 1.14 1.15 1.19 1.22 1.27
 1.35 1.7  1.7  1.75]
var: 0.1988143055555554
| [0m61       [0m | [0m0.5758   [0m | [0m0.2612   [0m | [0m28.25    [0m | [0m0.4827   [0m |
[0.38 0.54 0.66 0.87 0.89 0.92 0.93 0.99 1.   1.04 1.1  1.13 1.15 1.16
 1.17 1.21 1.28 1.28 1.28 1.31 1.32 1.44 1.49 1.51 1.51 1.54 1.56 1.65
 1.67 1.67 1.7  1.73 1.74 1.74 1.76 1.8  1.85 1.86 1.86 1.87 1.92 2.03
 2.1  2.11 2.13 2.18 2.23 2.27 2.37 2.41 2.45 2.5  2.6  2.63 2.65 2.95
 3.56 3.79 3.89 4.49]
var: 0.649126555555556
| [0m62       [0m | [0m1.78     [0m | [0m0.07513  [0m | [0m21.29    [0m | [0m0.1107   [0m |
[0.3  0.6  0.63 0.8  0.82 0.82 0.82 0.84 0.92 0.92 0.97 1.07 1.1  1.12
 1.19 1.22 1.31 1.33 1.37 1.39 1.42 1.45 1.55 1.55 1.55 1.58 1.61 1.66
 1.67 1.69 1.75 1.76 1.85 1.85 1.91 2.   2.01 2.03 2.04 2.09 2.12 2.24
 2.25 2.27 2.28 2.35 2.37 2.37 2.47 2.49 2.54 2.59 2.66 2.73 2.79 2.9
 3.01 3.01 3.07 3.93]
var: 0.5474888888888881
| [0m63       [0m | [0m1.783    [0m | [0m0.05312  [0m | [0m21.26    [0m | [0m0.1379   [0m |
[0.44 0.47 0.5  0.51 0.52 0.52 0.53 0.54 0.55 0.55 0.57 0.67 0.73 0.76
 0.8  0.88 0.93 0.95 0.96 1.04 1.11 1.12 1.15 1.17 1.17 1.18 1.21 1.29
 1.3  1.31 1.38 1.39 1.4  1.43 1.43 1.48 1.49 1.5  1.55 1.6  1.61 1.63
 1.67 1.69 1.7  1.71 1.76 1.81 1.86 1.94 1.95 2.   2.1  2.22 2.26 2.27
 2.33 2.74 2.76 4.15]
var: 0.4742395555555551
| [0m64       [0m | [0m1.371    [0m | [0m0.1754   [0m | [0m21.2     [0m | [0m0.09638  [0m |
[0.   0.01 0.03 0.03 0.07 0.11 0.11 0.12 0.12 0.14 0.15 0.16 0.24 0.24
 0.24 0.25 0.26 0.29 0.31 0.32 0.34 0.34 0.34 0.34 0.35 0.35 0.35 0.37
 0.38 0.39 0.39 0.4  0.41 0.42 0.45 0.46 0.48 0.5  0.52 0.52 0.54 0.54
 0.56 0.56 0.61 0.61 0.61 0.63 0.63 0.64 0.64 0.79 0.79 0.81 0.91 0.94
 1.05 1.08 1.16 1.91]
var: 0.10759830555555584
| [0m65       [0m | [0m0.4552   [0m | [0m0.2138   [0m | [0m13.64    [0m | [0m2.971    [0m |
[0.31 0.48 0.55 0.55 0.56 0.59 0.6  0.63 0.65 0.65 0.68 0.68 0.69 0.73
 0.74 0.78 0.78 0.82 0.95 0.98 1.   1.03 1.04 1.09 1.11 1.14 1.15 1.16
 1.17 1.22 1.23 1.24 1.25 1.26 1.26 1.27 1.28 1.28 1.31 1.37 1.38 1.43
 1.5  1.51 1.55 1.6  1.69 1.71 1.71 1.83 2.09 2.35 2.35 2.5  2.54 2.67
 2.67 2.86 2.88 4.11]
var: 0.5357827499999995
| [0m66       [0m | [0m1.337    [0m | [0m0.127    [0m | [0m21.3     [0m | [0m0.2495   [0m |
[0.   0.   0.02 0.05 0.05 0.08 0.12 0.15 0.21 0.23 0.25 0.28 0.29 0.31
 0.36 0.4  0.41 0.45 0.49 0.51 0.51 0.53 0.54 0.56 0.57 0.62 0.62 0.63
 0.63 0.64 0.65 0.65 0.67 0.69 0.79 0.79 0.81 0.84 0.85 0.87 0.88 0.93
 0.98 1.05 1.06 1.08 1.15 1.15 1.16 1.2  1.33 1.34 1.35 1.36 1.4  1.4
 1.45 1.46 1.83 2.01]
var: 0.22197830555555537
| [0m67       [0m | [0m0.7282   [0m | [0m0.1398   [0m | [0m25.73    [0m | [0m0.9224   [0m |
[0.51 0.6  0.63 0.71 0.73 0.74 0.79 0.85 0.86 0.91 0.92 0.92 0.93 0.98
 1.   1.02 1.07 1.09 1.09 1.1  1.11 1.16 1.19 1.21 1.25 1.28 1.29 1.36
 1.41 1.44 1.52 1.6  1.7  1.71 1.71 1.72 1.72 1.75 1.82 1.91 1.91 1.99
 2.09 2.15 2.24 2.28 2.33 2.37 2.41 2.43 2.52 2.53 2.58 2.61 2.62 2.63
 2.63 3.2  3.48 4.15]
var: 0.6013289999999998
| [0m68       [0m | [0m1.641    [0m | [0m0.01815  [0m | [0m21.36    [0m | [0m0.2125   [0m |
[0.3  0.32 0.49 0.52 0.57 0.57 0.58 0.61 0.71 0.84 0.89 0.96 1.04 1.08
 1.09 1.12 1.14 1.14 1.15 1.16 1.23 1.24 1.24 1.32 1.33 1.34 1.34 1.35
 1.38 1.39 1.4  1.41 1.41 1.45 1.5  1.52 1.54 1.62 1.63 1.67 1.67 1.73
 1.74 1.76 1.78 1.79 1.79 1.82 1.83 1.83 1.84 1.91 1.97 1.99 2.21 2.21
 2.42 2.44 2.54 2.68]
var: 0.29661233333333303
| [0m69       [0m | [0m1.409    [0m | [0m0.1661   [0m | [0m21.17    [0m | [0m0.12     [0m |
[0.01 0.01 0.01 0.02 0.05 0.05 0.1  0.11 0.12 0.14 0.15 0.16 0.19 0.2
 0.2  0.21 0.22 0.23 0.25 0.25 0.25 0.28 0.3  0.31 0.31 0.34 0.34 0.35
 0.35 0.36 0.39 0.42 0.42 0.47 0.48 0.51 0.52 0.52 0.56 0.57 0.6  0.62
 0.64 0.67 0.69 0.7  0.73 0.76 0.84 0.86 0.86 0.92 0.95 0.97 1.11 1.51
 1.73 1.75 2.28 4.18]
var: 0.42222055555555543
| [0m70       [0m | [0m0.5683   [0m | [0m0.2668   [0m | [0m22.0     [0m | [0m0.7924   [0m |
[0.05 0.37 0.42 0.46 0.47 0.48 0.5  0.5  0.54 0.55 0.69 0.73 0.75 0.76
 0.78 0.82 0.86 0.88 0.91 0.95 0.97 0.99 1.05 1.07 1.08 1.15 1.18 1.19
 1.2  1.21 1.21 1.23 1.26 1.28 1.29 1.31 1.57 1.58 1.65 1.66 1.75 1.76
 1.77 1.77 1.79 1.83 1.92 1.94 2.05 2.09 2.19 2.21 2.27 2.43 2.55 2.59
 2.64 3.22 3.3  3.37]
var: 0.5790906666666668
| [0m71       [0m | [0m1.384    [0m | [0m0.1984   [0m | [0m21.22    [0m | [0m0.1745   [0m |
[0.   0.02 0.03 0.04 0.07 0.1  0.1  0.1  0.1  0.11 0.12 0.2  0.2  0.23
 0.32 0.33 0.33 0.33 0.35 0.36 0.41 0.41 0.42 0.43 0.45 0.49 0.5  0.51
 0.52 0.56 0.58 0.6  0.62 0.63 0.63 0.66 0.71 0.76 0.78 0.79 0.82 0.82
 0.85 0.96 0.97 0.99 1.02 1.13 1.16 1.24 1.41 1.42 1.49 1.64 1.69 1.72
 1.81 1.92 1.95 2.65]
var: 0.33640622222222233
| [0m72       [0m | [0m0.7093   [0m | [0m0.01158  [0m | [0m40.51    [0m | [0m0.9276   [0m |
[0.51 0.6  0.62 0.64 0.66 0.75 0.79 0.8  0.84 0.86 0.87 0.91 0.93 0.93
 0.98 1.05 1.12 1.13 1.18 1.18 1.19 1.21 1.22 1.22 1.25 1.25 1.27 1.28
 1.3  1.36 1.41 1.42 1.44 1.46 1.51 1.59 1.61 1.62 1.8  1.82 1.86 1.89
 1.98 2.06 2.07 2.09 2.14 2.16 2.23 2.23 2.24 2.32 2.37 2.43 2.44 2.55
 3.05 3.14 3.23 4.56]
var: 0.5827576666666675
| [0m73       [0m | [0m1.577    [0m | [0m0.07024  [0m | [0m21.42    [0m | [0m0.09118  [0m |
[0.47 0.54 0.54 0.54 0.55 0.61 0.63 0.67 0.71 0.74 0.74 0.8  0.82 0.83
 0.85 0.86 0.98 1.02 1.08 1.1  1.17 1.22 1.24 1.3  1.33 1.35 1.37 1.38
 1.39 1.39 1.4  1.47 1.47 1.48 1.48 1.49 1.62 1.63 1.64 1.79 1.82 1.92
 1.96 1.96 2.03 2.11 2.28 2.29 2.38 2.4  2.42 2.48 2.51 2.61 2.63 2.65
 2.76 2.89 2.9  3.75]
var: 0.5606462222222216
| [0m74       [0m | [0m1.541    [0m | [0m0.1213   [0m | [0m21.37    [0m | [0m0.1845   [0m |
[0.69 0.75 0.75 0.82 0.85 0.89 1.   1.02 1.21 1.21 1.34 1.38 1.41 1.41
 1.47 1.52 1.6  1.61 1.65 1.66 1.7  1.73 1.74 1.81 1.84 1.84 1.86 1.86
 1.87 1.94 2.04 2.06 2.06 2.06 2.08 2.12 2.18 2.19 2.23 2.28 2.3  2.32
 2.44 2.52 2.65 2.69 2.71 2.77 2.84 3.01 3.17 3.18 3.34 3.37 3.42 3.58
 3.64 3.89 4.91 7.11]
var: 1.1636383055555555
| [0m75       [0m | [0m2.16     [0m | [0m0.004491 [0m | [0m21.51    [0m | [0m0.2577   [0m |
[0.32 0.33 0.41 0.41 0.47 0.49 0.52 0.53 0.54 0.55 0.61 0.68 0.71 0.74
 0.76 0.81 0.85 0.87 0.88 0.89 0.92 0.94 0.96 0.96 1.   1.01 1.01 1.02
 1.04 1.09 1.1  1.13 1.15 1.18 1.24 1.25 1.31 1.31 1.33 1.34 1.34 1.4
 1.44 1.46 1.46 1.49 1.5  1.51 1.51 1.51 1.55 1.56 1.7  1.76 1.86 1.94
 2.09 2.09 2.17 3.63]
var: 0.3134647500000001
| [0m76       [0m | [0m1.161    [0m | [0m0.0843   [0m | [0m21.54    [0m | [0m0.2306   [0m |
[0.   0.01 0.03 0.05 0.05 0.06 0.06 0.06 0.08 0.09 0.1  0.12 0.13 0.13
 0.14 0.2  0.21 0.23 0.26 0.27 0.27 0.31 0.34 0.35 0.35 0.36 0.39 0.39
 0.41 0.41 0.42 0.43 0.47 0.48 0.48 0.48 0.49 0.5  0.53 0.54 0.55 0.56
 0.6  0.63 0.66 0.66 0.67 0.68 0.72 0.84 0.84 0.91 1.14 1.16 1.19 1.24
 1.48 1.6  2.06 2.28]
var: 0.2259109722222223
| [0m77       [0m | [0m0.5192   [0m | [0m0.07325  [0m | [0m15.19    [0m | [0m2.318    [0m |
[0.19 0.28 0.53 0.6  0.6  0.79 0.81 0.82 0.86 0.88 0.89 0.89 0.89 0.9
 1.01 1.02 1.07 1.08 1.1  1.1  1.17 1.26 1.36 1.37 1.37 1.4  1.4  1.42
 1.42 1.49 1.5  1.59 1.69 1.74 1.74 1.75 1.78 1.84 1.87 1.94 1.99 2.
 2.04 2.08 2.08 2.12 2.14 2.37 2.38 2.42 2.47 2.57 2.63 2.76 2.99 3.22
 3.25 3.39 3.89 4.83]
var: 0.7965369722222219
| [0m78       [0m | [0m1.684    [0m | [0m0.02085  [0m | [0m21.48    [0m | [0m0.2825   [0m |
[0.12 0.13 0.21 0.21 0.41 0.5  0.51 0.58 0.63 0.65 0.65 0.66 0.69 0.72
 0.74 0.75 0.88 0.89 0.95 0.99 1.04 1.07 1.07 1.11 1.12 1.26 1.33 1.33
 1.33 1.37 1.39 1.4  1.41 1.44 1.45 1.47 1.48 1.51 1.54 1.55 1.55 1.61
 1.64 1.66 1.68 1.71 1.72 1.77 1.84 1.86 2.12 2.13 2.19 2.35 2.47 2.58
 2.6  3.07 3.47 4.16]
var: 0.6195715555555558
| [0m79       [0m | [0m1.379    [0m | [0m0.04991  [0m | [0m21.55    [0m | [0m0.3719   [0m |
[0.02 0.09 0.14 0.16 0.17 0.2  0.29 0.29 0.29 0.3  0.31 0.31 0.32 0.33
 0.34 0.36 0.36 0.39 0.49 0.57 0.58 0.6  0.6  0.61 0.62 0.62 0.63 0.65
 0.65 0.67 0.68 0.75 0.75 0.83 0.83 0.91 0.92 0.96 1.   1.   1.02 1.06
 1.06 1.07 1.08 1.09 1.21 1.22 1.23 1.25 1.26 1.27 1.29 1.34 1.34 1.38
 1.5  1.55 1.91 2.14]
var: 0.21445566666666685
| [0m80       [0m | [0m0.781    [0m | [0m0.2465   [0m | [0m15.56    [0m | [0m0.3849   [0m |
=============================================================
None
num_trials:  40  inits,  40  iters,  60  per
rho:  2
pthin:  0.94

Best VPT: 2.336833333333335
Best result: {'a': 0.005310223385466501, 'g': 21.204287378520792, 's': 0.08835372256877169}

KERNEL: nu=1.5, lengthscale=2.0, alpha=0.0005
