|   iter    |  target   |     a     |     g     |     s     |
-------------------------------------------------------------
[0.01 0.01 0.02 0.04 0.04 0.08 0.09 0.13 0.15 0.15 0.16 0.17 0.18 0.21
 0.21 0.22 0.24 0.24 0.24 0.24 0.24 0.28 0.29 0.29 0.3  0.31 0.32 0.32
 0.32 0.33 0.37 0.38 0.4  0.42 0.44 0.47 0.47 0.48 0.51 0.51 0.52 0.56
 0.62 0.63 0.64 0.65 0.65 0.69 0.71 0.72 0.73 0.73 0.79 0.82 0.84 0.96
 1.03 1.04 1.05 1.1 ]
var: 0.08245955555555566
| [0m1        [0m | [0m0.4293   [0m | [0m0.104    [0m | [0m37.34    [0m | [0m1.236    [0m |
[0.07 0.31 0.33 0.38 0.38 0.42 0.43 0.48 0.48 0.49 0.51 0.52 0.53 0.53
 0.6  0.6  0.6  0.64 0.65 0.65 0.65 0.68 0.78 0.79 0.87 0.92 1.01 1.01
 1.05 1.06 1.06 1.09 1.12 1.15 1.17 1.21 1.25 1.25 1.27 1.38 1.4  1.42
 1.46 1.52 1.53 1.54 1.56 1.56 1.58 1.66 1.67 1.76 1.76 2.19 2.58 2.63
 3.   3.02 3.58 4.74]
var: 0.7278336388888886
| [95m2        [0m | [95m1.209    [0m | [95m0.1595   [0m | [95m44.25    [0m | [95m0.2861   [0m |
[0.   0.   0.   0.   0.02 0.03 0.04 0.05 0.06 0.07 0.07 0.09 0.12 0.12
 0.12 0.13 0.14 0.14 0.15 0.16 0.17 0.18 0.19 0.2  0.21 0.24 0.24 0.25
 0.27 0.27 0.28 0.29 0.29 0.3  0.32 0.33 0.34 0.34 0.34 0.36 0.36 0.37
 0.38 0.38 0.41 0.42 0.42 0.43 0.43 0.46 0.48 0.48 0.49 0.55 0.55 0.56
 0.66 0.69 0.76 1.12]
var: 0.04541155555555557
| [0m3        [0m | [0m0.2887   [0m | [0m0.1789   [0m | [0m44.23    [0m | [0m1.927    [0m |
[0.   0.   0.   0.01 0.01 0.01 0.03 0.04 0.05 0.05 0.05 0.07 0.08 0.09
 0.1  0.1  0.1  0.1  0.11 0.14 0.16 0.22 0.23 0.23 0.25 0.25 0.28 0.28
 0.28 0.29 0.31 0.31 0.32 0.33 0.34 0.38 0.39 0.4  0.41 0.42 0.42 0.44
 0.45 0.45 0.47 0.47 0.5  0.6  0.6  0.61 0.68 0.69 0.71 0.72 0.74 0.83
 0.95 1.01 1.02 1.09]
var: 0.08053808333333333
| [0m4        [0m | [0m0.3445   [0m | [0m0.2555   [0m | [0m44.88    [0m | [0m1.618    [0m |
[0.   0.01 0.03 0.03 0.05 0.06 0.1  0.11 0.11 0.11 0.12 0.13 0.15 0.16
 0.16 0.17 0.19 0.21 0.22 0.24 0.24 0.25 0.25 0.27 0.27 0.28 0.28 0.29
 0.29 0.3  0.33 0.37 0.46 0.49 0.51 0.51 0.52 0.52 0.53 0.53 0.59 0.62
 0.62 0.63 0.63 0.67 0.68 0.68 0.7  0.71 0.81 0.82 0.82 0.83 0.89 0.95
 1.08 1.45 1.57 1.65]
var: 0.13635430555555547
| [0m5        [0m | [0m0.4542   [0m | [0m0.2423   [0m | [0m23.67    [0m | [0m2.109    [0m |
[0.01 0.02 0.03 0.09 0.09 0.12 0.12 0.13 0.15 0.16 0.19 0.22 0.23 0.23
 0.24 0.26 0.27 0.28 0.3  0.32 0.33 0.37 0.4  0.4  0.42 0.45 0.46 0.46
 0.46 0.47 0.49 0.5  0.51 0.52 0.55 0.55 0.57 0.59 0.6  0.61 0.63 0.63
 0.65 0.65 0.66 0.67 0.75 0.76 0.77 0.77 0.81 0.88 0.91 0.97 1.05 1.09
 1.11 1.34 1.61 2.04]
var: 0.14568266666666674
| [0m6        [0m | [0m0.532    [0m | [0m0.1943   [0m | [0m4.495    [0m | [0m1.742    [0m |
[0.   0.   0.01 0.01 0.01 0.01 0.03 0.03 0.04 0.06 0.1  0.1  0.1  0.11
 0.12 0.18 0.18 0.18 0.18 0.21 0.22 0.23 0.23 0.24 0.25 0.28 0.32 0.32
 0.33 0.33 0.33 0.34 0.35 0.35 0.35 0.36 0.39 0.39 0.4  0.42 0.42 0.45
 0.46 0.47 0.47 0.47 0.48 0.49 0.5  0.51 0.52 0.57 0.62 0.63 0.64 0.68
 0.9  0.93 1.1  1.37]
var: 0.07382363888888886
| [0m7        [0m | [0m0.3462   [0m | [0m0.008869 [0m | [0m36.1     [0m | [0m2.27     [0m |
[0.   0.   0.   0.02 0.02 0.02 0.03 0.04 0.05 0.05 0.06 0.06 0.08 0.09
 0.1  0.1  0.11 0.11 0.11 0.13 0.13 0.14 0.15 0.15 0.15 0.16 0.18 0.19
 0.19 0.19 0.19 0.2  0.23 0.23 0.27 0.27 0.3  0.31 0.32 0.33 0.33 0.34
 0.35 0.35 0.35 0.39 0.43 0.45 0.45 0.47 0.51 0.52 0.56 0.6  0.63 0.69
 0.72 0.77 0.89 0.99]
var: 0.05355763888888886
| [0m8        [0m | [0m0.2708   [0m | [0m0.1896   [0m | [0m36.14    [0m | [0m2.387    [0m |
[0.   0.02 0.02 0.03 0.04 0.04 0.04 0.05 0.06 0.08 0.1  0.1  0.11 0.13
 0.14 0.15 0.16 0.19 0.23 0.23 0.24 0.28 0.32 0.33 0.36 0.37 0.38 0.39
 0.39 0.4  0.43 0.46 0.47 0.48 0.48 0.49 0.5  0.53 0.53 0.56 0.57 0.58
 0.6  0.61 0.62 0.63 0.63 0.66 0.69 0.78 0.8  0.92 1.03 1.24 1.25 1.25
 1.39 1.41 1.47 1.66]
var: 0.1661416666666668
| [0m9        [0m | [0m0.485    [0m | [0m0.2887   [0m | [0m41.94    [0m | [0m0.8351   [0m |
[0.   0.   0.   0.02 0.04 0.05 0.06 0.06 0.06 0.07 0.09 0.1  0.11 0.12
 0.14 0.15 0.15 0.16 0.17 0.17 0.2  0.21 0.22 0.23 0.23 0.3  0.34 0.35
 0.4  0.4  0.4  0.42 0.42 0.44 0.46 0.46 0.46 0.47 0.48 0.53 0.56 0.56
 0.57 0.61 0.62 0.63 0.67 0.68 0.68 0.7  0.71 0.73 0.74 0.75 0.83 0.84
 0.94 1.43 1.95 2.03]
var: 0.16576141666666663
| [0m10       [0m | [0m0.4395   [0m | [0m0.2629   [0m | [0m42.67    [0m | [0m1.265    [0m |
[0.   0.   0.01 0.02 0.02 0.03 0.04 0.04 0.04 0.05 0.05 0.06 0.06 0.07
 0.07 0.07 0.08 0.1  0.11 0.11 0.12 0.13 0.13 0.14 0.14 0.15 0.18 0.22
 0.22 0.23 0.23 0.23 0.23 0.23 0.24 0.24 0.25 0.27 0.28 0.3  0.31 0.35
 0.35 0.36 0.38 0.38 0.4  0.43 0.43 0.46 0.47 0.48 0.48 0.52 0.55 0.57
 0.58 0.62 0.79 0.81]
var: 0.039549416666666684
| [0m11       [0m | [0m0.2485   [0m | [0m0.2178   [0m | [0m44.8     [0m | [0m2.354    [0m |
[0.   0.02 0.04 0.04 0.06 0.06 0.06 0.1  0.1  0.1  0.11 0.13 0.15 0.18
 0.21 0.23 0.24 0.27 0.27 0.3  0.32 0.37 0.39 0.41 0.41 0.42 0.42 0.43
 0.46 0.52 0.53 0.53 0.53 0.56 0.59 0.59 0.6  0.62 0.63 0.64 0.65 0.65
 0.66 0.67 0.67 0.69 0.7  0.71 0.73 0.78 0.8  0.83 0.87 0.89 0.92 1.04
 1.07 1.51 1.84 1.95]
var: 0.1596903055555555
| [0m12       [0m | [0m0.5212   [0m | [0m0.2173   [0m | [0m9.847    [0m | [0m0.6486   [0m |
[0.05 0.35 0.44 0.47 0.48 0.6  0.63 0.66 0.67 0.68 0.71 0.73 0.85 0.88
 0.92 0.95 1.   1.02 1.02 1.09 1.23 1.28 1.3  1.32 1.33 1.35 1.36 1.46
 1.54 1.59 1.62 1.63 1.64 1.64 1.7  1.71 1.72 1.74 1.74 1.8  1.82 1.83
 1.86 1.92 2.01 2.03 2.09 2.1  2.1  2.24 2.29 2.46 2.49 2.63 2.64 2.86
 3.06 3.37 3.44 3.99]
var: 0.6624236388888882
| [95m13       [0m | [95m1.569    [0m | [95m0.01804  [0m | [95m20.37    [0m | [95m0.4028   [0m |
[0.   0.01 0.01 0.02 0.05 0.07 0.11 0.13 0.13 0.14 0.14 0.17 0.2  0.21
 0.25 0.26 0.27 0.28 0.29 0.3  0.31 0.35 0.35 0.39 0.39 0.39 0.4  0.42
 0.42 0.43 0.43 0.45 0.46 0.47 0.51 0.51 0.52 0.56 0.6  0.62 0.62 0.64
 0.65 0.67 0.69 0.69 0.7  0.77 0.81 0.88 0.88 1.07 1.09 1.16 1.18 1.27
 1.31 1.49 2.02 3.3 ]
var: 0.28593830555555616
| [0m14       [0m | [0m0.5652   [0m | [0m0.1759   [0m | [0m16.77    [0m | [0m2.007    [0m |
[0.   0.   0.   0.03 0.04 0.05 0.07 0.07 0.08 0.08 0.1  0.11 0.11 0.12
 0.13 0.15 0.16 0.16 0.18 0.2  0.2  0.21 0.21 0.21 0.22 0.26 0.26 0.28
 0.29 0.29 0.31 0.32 0.35 0.35 0.38 0.39 0.4  0.41 0.41 0.41 0.45 0.45
 0.46 0.49 0.49 0.53 0.55 0.55 0.57 0.58 0.67 0.71 0.72 0.75 0.79 0.89
 0.92 0.93 1.08 1.25]
var: 0.08063030555555556
| [0m15       [0m | [0m0.3638   [0m | [0m0.09697  [0m | [0m40.76    [0m | [0m1.649    [0m |
[0.   0.   0.01 0.03 0.04 0.06 0.07 0.08 0.08 0.09 0.1  0.11 0.12 0.12
 0.13 0.15 0.15 0.17 0.18 0.19 0.2  0.25 0.25 0.27 0.28 0.28 0.29 0.32
 0.34 0.36 0.37 0.39 0.41 0.42 0.44 0.44 0.45 0.46 0.46 0.47 0.47 0.47
 0.49 0.49 0.49 0.49 0.55 0.56 0.57 0.59 0.64 0.65 0.65 0.71 0.74 0.82
 0.97 1.   1.04 1.31]
var: 0.078893638888889
| [0m16       [0m | [0m0.3788   [0m | [0m0.2261   [0m | [0m19.75    [0m | [0m2.527    [0m |
[0.   0.02 0.05 0.08 0.14 0.14 0.16 0.16 0.16 0.18 0.19 0.2  0.21 0.22
 0.22 0.24 0.24 0.25 0.25 0.28 0.29 0.31 0.32 0.33 0.34 0.35 0.37 0.37
 0.4  0.41 0.41 0.42 0.47 0.48 0.48 0.49 0.51 0.53 0.6  0.62 0.62 0.63
 0.64 0.68 0.69 0.72 0.73 0.77 0.82 0.83 0.85 0.88 0.95 0.95 0.99 1.13
 1.16 1.33 1.46 2.13]
var: 0.15152097222222236
| [0m17       [0m | [0m0.5142   [0m | [0m0.2732   [0m | [0m6.052    [0m | [0m1.947    [0m |
[0.   0.03 0.08 0.09 0.1  0.11 0.12 0.13 0.15 0.15 0.16 0.16 0.18 0.18
 0.2  0.21 0.26 0.29 0.29 0.3  0.33 0.34 0.34 0.36 0.36 0.37 0.38 0.41
 0.42 0.43 0.44 0.46 0.46 0.47 0.47 0.48 0.51 0.52 0.54 0.54 0.56 0.58
 0.62 0.62 0.63 0.64 0.65 0.66 0.67 0.7  0.74 0.75 0.78 0.8  0.81 0.82
 0.89 1.02 1.41 1.48]
var: 0.09051097222222254
| [0m18       [0m | [0m0.4608   [0m | [0m0.2837   [0m | [0m2.613    [0m | [0m1.551    [0m |
[0.   0.06 0.06 0.09 0.13 0.14 0.17 0.23 0.3  0.33 0.33 0.34 0.36 0.36
 0.36 0.37 0.38 0.4  0.45 0.47 0.48 0.49 0.5  0.51 0.54 0.56 0.57 0.6
 0.6  0.61 0.63 0.64 0.64 0.7  0.7  0.72 0.72 0.73 0.73 0.75 0.76 0.76
 0.77 0.78 0.9  0.92 0.95 1.02 1.03 1.12 1.14 1.14 1.17 1.2  1.29 1.31
 1.32 1.49 1.61 2.41]
var: 0.18830288888888894
| [0m19       [0m | [0m0.6807   [0m | [0m0.2051   [0m | [0m9.458    [0m | [0m1.061    [0m |
[0.01 0.03 0.04 0.05 0.06 0.08 0.1  0.11 0.12 0.13 0.14 0.18 0.23 0.24
 0.26 0.28 0.28 0.3  0.33 0.33 0.34 0.36 0.36 0.37 0.44 0.45 0.45 0.45
 0.46 0.47 0.49 0.49 0.5  0.57 0.59 0.6  0.62 0.63 0.64 0.64 0.65 0.66
 0.68 0.72 0.74 0.77 0.78 0.86 0.87 0.88 0.94 0.97 0.97 1.07 1.07 1.09
 1.14 1.23 1.33 2.27]
var: 0.16095608333333347
| [0m20       [0m | [0m0.5485   [0m | [0m0.2184   [0m | [0m14.17    [0m | [0m0.9683   [0m |
[0.   0.01 0.02 0.02 0.03 0.04 0.04 0.04 0.11 0.12 0.12 0.15 0.17 0.17
 0.18 0.18 0.19 0.2  0.2  0.21 0.21 0.22 0.27 0.27 0.27 0.28 0.31 0.32
 0.33 0.34 0.36 0.36 0.38 0.39 0.41 0.42 0.44 0.44 0.52 0.53 0.57 0.58
 0.63 0.65 0.65 0.66 0.67 0.68 0.68 0.75 0.8  0.85 0.87 0.89 0.93 1.03
 1.11 1.24 2.41 3.21]
var: 0.2809280833333337
| [0m21       [0m | [0m0.4855   [0m | [0m0.2186   [0m | [0m14.96    [0m | [0m2.84     [0m |
[0.   0.01 0.02 0.02 0.03 0.06 0.07 0.07 0.08 0.1  0.1  0.11 0.11 0.13
 0.16 0.17 0.18 0.19 0.19 0.19 0.19 0.2  0.21 0.22 0.23 0.28 0.3  0.3
 0.31 0.31 0.33 0.34 0.34 0.35 0.35 0.37 0.38 0.39 0.39 0.39 0.4  0.44
 0.45 0.46 0.46 0.48 0.52 0.52 0.54 0.54 0.55 0.57 0.58 0.58 0.63 0.71
 0.75 1.   1.21 1.87]
var: 0.09461697222222207
| [0m22       [0m | [0m0.3572   [0m | [0m0.06017  [0m | [0m15.77    [0m | [0m2.588    [0m |
[0.   0.   0.01 0.05 0.08 0.1  0.15 0.17 0.22 0.27 0.28 0.3  0.32 0.32
 0.33 0.35 0.38 0.42 0.42 0.43 0.43 0.44 0.45 0.45 0.47 0.47 0.48 0.48
 0.5  0.5  0.5  0.51 0.51 0.55 0.59 0.59 0.59 0.61 0.63 0.69 0.82 0.83
 0.86 0.89 0.91 0.92 0.92 0.94 1.04 1.09 1.2  1.28 1.33 1.34 1.4  1.41
 1.53 1.61 1.75 1.87]
var: 0.20588655555555546
| [0m23       [0m | [0m0.6497   [0m | [0m0.009085 [0m | [0m18.73    [0m | [0m1.682    [0m |
[0.12 0.14 0.26 0.28 0.37 0.37 0.4  0.41 0.41 0.42 0.43 0.48 0.61 0.61
 0.63 0.63 0.64 0.64 0.66 0.68 0.68 0.69 0.69 0.71 0.72 0.72 0.74 0.77
 0.77 0.89 0.89 0.89 0.91 0.94 0.96 0.97 1.04 1.1  1.13 1.19 1.19 1.21
 1.22 1.22 1.25 1.25 1.27 1.3  1.32 1.38 1.41 1.47 1.55 1.63 1.68 1.71
 1.98 2.12 2.13 2.37]
var: 0.25416763888888905
| [0m24       [0m | [0m0.9542   [0m | [0m0.1423   [0m | [0m35.18    [0m | [0m0.01973  [0m |
[0.01 0.02 0.04 0.07 0.07 0.08 0.1  0.1  0.11 0.13 0.14 0.15 0.2  0.2
 0.21 0.22 0.22 0.22 0.25 0.27 0.28 0.29 0.3  0.31 0.32 0.32 0.34 0.36
 0.37 0.37 0.38 0.38 0.39 0.4  0.42 0.42 0.42 0.43 0.45 0.46 0.47 0.49
 0.52 0.54 0.54 0.56 0.61 0.64 0.64 0.69 0.71 0.77 0.77 0.78 0.86 0.94
 0.95 1.02 1.21 1.29]
var: 0.08338322222222226
| [0m25       [0m | [0m0.4203   [0m | [0m0.1541   [0m | [0m6.199    [0m | [0m2.685    [0m |
[0.   0.   0.01 0.01 0.01 0.02 0.02 0.03 0.03 0.04 0.09 0.1  0.1  0.12
 0.14 0.15 0.16 0.16 0.18 0.18 0.19 0.22 0.23 0.25 0.25 0.26 0.27 0.27
 0.27 0.27 0.31 0.31 0.32 0.33 0.34 0.35 0.36 0.36 0.37 0.37 0.38 0.39
 0.39 0.4  0.41 0.41 0.41 0.41 0.43 0.45 0.49 0.51 0.53 0.57 0.58 0.59
 0.6  0.66 0.81 1.03]
var: 0.04387722222222237
| [0m26       [0m | [0m0.2983   [0m | [0m0.2795   [0m | [0m33.55    [0m | [0m2.311    [0m |
[0.   0.03 0.09 0.13 0.13 0.13 0.16 0.18 0.18 0.19 0.21 0.22 0.22 0.22
 0.24 0.25 0.26 0.26 0.27 0.28 0.28 0.29 0.29 0.3  0.31 0.32 0.33 0.33
 0.34 0.35 0.36 0.36 0.37 0.4  0.41 0.41 0.41 0.41 0.42 0.42 0.43 0.45
 0.47 0.47 0.48 0.49 0.5  0.53 0.54 0.55 0.58 0.6  0.64 0.66 0.73 0.74
 0.81 0.95 1.   1.33]
var: 0.055988305555555604
| [0m27       [0m | [0m0.3952   [0m | [0m0.2496   [0m | [0m2.247    [0m | [0m2.921    [0m |
[0.   0.03 0.03 0.1  0.13 0.14 0.16 0.16 0.19 0.22 0.25 0.25 0.26 0.28
 0.3  0.31 0.31 0.33 0.34 0.35 0.37 0.39 0.42 0.43 0.48 0.53 0.55 0.56
 0.57 0.58 0.6  0.6  0.6  0.61 0.63 0.63 0.65 0.66 0.66 0.67 0.68 0.68
 0.69 0.7  0.73 0.75 0.77 0.88 0.9  0.96 0.97 0.98 0.98 1.02 1.02 1.08
 1.31 1.51 1.64 1.96]
var: 0.15302788888888888
| [0m28       [0m | [0m0.5923   [0m | [0m0.2769   [0m | [0m19.74    [0m | [0m0.9351   [0m |
[0.   0.05 0.07 0.09 0.09 0.11 0.12 0.12 0.22 0.23 0.23 0.24 0.26 0.28
 0.29 0.29 0.31 0.32 0.4  0.42 0.42 0.43 0.47 0.47 0.48 0.48 0.49 0.5
 0.5  0.5  0.51 0.53 0.54 0.54 0.55 0.56 0.59 0.6  0.63 0.64 0.65 0.68
 0.69 0.7  0.71 0.72 0.72 0.75 0.82 0.87 0.95 0.98 1.06 1.22 1.26 1.36
 1.43 1.44 2.16 2.92]
var: 0.2473556666666667
| [0m29       [0m | [0m0.611    [0m | [0m0.1321   [0m | [0m4.875    [0m | [0m1.139    [0m |
[0.   0.02 0.05 0.07 0.11 0.12 0.12 0.14 0.14 0.16 0.16 0.17 0.18 0.22
 0.23 0.25 0.26 0.26 0.26 0.27 0.28 0.3  0.31 0.32 0.33 0.33 0.34 0.35
 0.38 0.38 0.38 0.39 0.39 0.39 0.41 0.43 0.44 0.47 0.49 0.49 0.51 0.52
 0.52 0.55 0.59 0.6  0.65 0.68 0.69 0.73 0.75 0.75 0.89 0.94 0.99 1.04
 1.06 1.17 1.2  1.22]
var: 0.09303622222222216
| [0m30       [0m | [0m0.4473   [0m | [0m0.008495 [0m | [0m3.299    [0m | [0m2.544    [0m |
[0.   0.   0.01 0.02 0.03 0.04 0.05 0.06 0.07 0.08 0.09 0.11 0.11 0.13
 0.13 0.13 0.18 0.19 0.2  0.21 0.21 0.27 0.31 0.32 0.36 0.37 0.37 0.37
 0.39 0.39 0.4  0.5  0.52 0.52 0.53 0.55 0.63 0.65 0.66 0.67 0.71 0.73
 0.76 0.77 0.77 0.86 0.92 0.93 1.01 1.02 1.07 1.07 1.08 1.11 1.16 1.18
 1.22 1.33 1.6  2.71]
var: 0.2429862222222221
| [0m31       [0m | [0m0.5473   [0m | [0m0.2144   [0m | [0m14.18    [0m | [0m2.014    [0m |
[0.   0.01 0.01 0.02 0.02 0.02 0.03 0.04 0.06 0.06 0.06 0.07 0.09 0.09
 0.1  0.11 0.12 0.14 0.14 0.16 0.16 0.16 0.17 0.19 0.24 0.24 0.25 0.27
 0.3  0.3  0.31 0.34 0.34 0.34 0.37 0.41 0.42 0.42 0.45 0.45 0.46 0.47
 0.49 0.51 0.53 0.54 0.58 0.59 0.64 0.66 0.67 0.68 0.74 0.77 0.9  0.9
 0.91 0.93 1.21 1.47]
var: 0.10086697222222203
| [0m32       [0m | [0m0.3688   [0m | [0m0.1232   [0m | [0m34.58    [0m | [0m1.88     [0m |
[0.   0.   0.   0.01 0.02 0.02 0.02 0.02 0.02 0.03 0.03 0.05 0.05 0.05
 0.05 0.06 0.07 0.07 0.08 0.1  0.12 0.12 0.12 0.12 0.13 0.14 0.15 0.16
 0.17 0.18 0.18 0.2  0.2  0.2  0.2  0.21 0.21 0.23 0.24 0.25 0.29 0.29
 0.32 0.32 0.33 0.37 0.38 0.39 0.41 0.44 0.44 0.44 0.46 0.47 0.49 0.57
 0.63 0.77 0.98 0.99]
var: 0.0499678888888889
| [0m33       [0m | [0m0.2343   [0m | [0m0.05008  [0m | [0m34.19    [0m | [0m2.899    [0m |
[0.   0.01 0.02 0.03 0.05 0.06 0.06 0.09 0.09 0.12 0.13 0.13 0.15 0.16
 0.16 0.2  0.21 0.22 0.24 0.25 0.26 0.27 0.28 0.3  0.31 0.32 0.32 0.33
 0.34 0.34 0.35 0.35 0.35 0.36 0.36 0.39 0.39 0.39 0.41 0.42 0.45 0.46
 0.47 0.5  0.51 0.51 0.52 0.52 0.53 0.59 0.64 0.7  0.84 0.89 0.96 0.99
 1.2  1.22 1.83 1.97]
var: 0.14928155555555525
| [0m34       [0m | [0m0.4253   [0m | [0m0.2596   [0m | [0m24.9     [0m | [0m2.071    [0m |
[0.   0.04 0.04 0.05 0.08 0.08 0.08 0.1  0.11 0.11 0.16 0.17 0.17 0.18
 0.2  0.26 0.29 0.3  0.32 0.34 0.34 0.35 0.36 0.4  0.4  0.43 0.44 0.44
 0.44 0.45 0.46 0.47 0.5  0.5  0.54 0.55 0.57 0.58 0.6  0.62 0.65 0.65
 0.67 0.68 0.69 0.7  0.77 0.77 0.84 0.84 0.9  0.94 1.08 1.14 1.2  1.21
 1.29 1.36 1.45 1.46]
var: 0.14215163888888901
| [0m35       [0m | [0m0.5302   [0m | [0m0.295    [0m | [0m15.71    [0m | [0m0.6001   [0m |
[0.03 0.04 0.07 0.15 0.16 0.16 0.2  0.21 0.25 0.27 0.27 0.29 0.3  0.31
 0.32 0.33 0.33 0.34 0.36 0.38 0.42 0.42 0.44 0.46 0.5  0.51 0.53 0.54
 0.55 0.56 0.56 0.57 0.57 0.58 0.6  0.62 0.63 0.65 0.66 0.66 0.68 0.68
 0.73 0.73 0.74 0.76 0.8  0.81 0.81 0.82 0.83 0.83 0.85 0.95 0.96 0.98
 1.25 1.51 1.76 1.86]
var: 0.13316122222222196
| [0m36       [0m | [0m0.5857   [0m | [0m0.1347   [0m | [0m13.5     [0m | [0m2.144    [0m |
[0.   0.   0.   0.01 0.03 0.03 0.05 0.06 0.08 0.11 0.12 0.13 0.19 0.19
 0.2  0.21 0.23 0.25 0.26 0.28 0.28 0.31 0.31 0.31 0.32 0.32 0.33 0.34
 0.34 0.34 0.36 0.39 0.39 0.39 0.4  0.41 0.42 0.43 0.45 0.47 0.47 0.48
 0.49 0.5  0.52 0.53 0.54 0.56 0.61 0.61 0.65 0.66 0.68 0.74 0.83 0.86
 0.87 0.87 0.96 1.26]
var: 0.07022808333333316
| [0m37       [0m | [0m0.3905   [0m | [0m0.1367   [0m | [0m14.86    [0m | [0m2.923    [0m |
[0.   0.   0.   0.   0.   0.   0.   0.01 0.02 0.03 0.04 0.05 0.05 0.06
 0.06 0.07 0.09 0.1  0.1  0.1  0.11 0.13 0.13 0.13 0.16 0.19 0.19 0.19
 0.2  0.21 0.21 0.22 0.22 0.23 0.24 0.25 0.25 0.25 0.26 0.28 0.29 0.29
 0.3  0.31 0.31 0.34 0.34 0.38 0.39 0.4  0.41 0.41 0.43 0.45 0.59 0.59
 0.64 0.66 0.77 0.81]
var: 0.038954555555555756
| [0m38       [0m | [0m0.2323   [0m | [0m0.0865   [0m | [0m48.25    [0m | [0m2.78     [0m |
[0.   0.   0.   0.01 0.01 0.01 0.01 0.02 0.02 0.03 0.03 0.04 0.05 0.06
 0.07 0.07 0.09 0.09 0.1  0.1  0.1  0.11 0.12 0.12 0.12 0.12 0.14 0.14
 0.14 0.15 0.15 0.16 0.16 0.17 0.17 0.17 0.18 0.18 0.21 0.23 0.23 0.24
 0.24 0.25 0.29 0.33 0.35 0.36 0.37 0.39 0.41 0.41 0.43 0.46 0.51 0.53
 0.59 0.65 0.7  1.07]
var: 0.04187566666666672
| [0m39       [0m | [0m0.211    [0m | [0m0.2411   [0m | [0m41.4     [0m | [0m2.768    [0m |
[0.   0.02 0.02 0.03 0.04 0.04 0.04 0.05 0.05 0.05 0.06 0.06 0.07 0.08
 0.08 0.09 0.12 0.12 0.12 0.13 0.13 0.13 0.13 0.14 0.14 0.18 0.18 0.18
 0.18 0.21 0.22 0.23 0.24 0.24 0.25 0.29 0.29 0.29 0.3  0.3  0.31 0.31
 0.33 0.33 0.39 0.4  0.4  0.4  0.42 0.46 0.47 0.48 0.53 0.54 0.56 0.61
 0.93 0.94 0.97 1.01]
var: 0.0582916388888886
| [0m40       [0m | [0m0.2718   [0m | [0m0.0386   [0m | [0m24.41    [0m | [0m2.786    [0m |
[0.14 0.15 0.31 0.48 0.57 0.61 0.68 0.7  0.7  0.71 0.76 0.77 0.82 0.82
 0.83 0.85 0.87 0.93 0.99 0.99 1.   1.   1.01 1.02 1.11 1.17 1.18 1.2
 1.21 1.21 1.23 1.25 1.29 1.33 1.35 1.37 1.47 1.48 1.58 1.59 1.6  1.61
 1.62 1.72 1.75 1.78 1.8  1.85 1.86 1.87 1.94 1.99 2.02 2.07 2.12 2.13
 2.37 2.56 2.79 3.69]
var: 0.4247003055555551
| [0m41       [0m | [0m1.331    [0m | [0m0.07178  [0m | [0m20.36    [0m | [0m0.3683   [0m |
[0.   0.03 0.05 0.08 0.14 0.14 0.16 0.25 0.27 0.28 0.31 0.32 0.32 0.37
 0.37 0.39 0.42 0.42 0.43 0.45 0.45 0.45 0.46 0.48 0.48 0.49 0.49 0.5
 0.51 0.52 0.56 0.56 0.57 0.59 0.61 0.62 0.64 0.64 0.65 0.69 0.7  0.73
 0.76 0.78 0.79 0.83 0.83 1.08 1.16 1.37 1.4  1.46 1.49 1.63 1.8  1.8
 2.05 2.29 2.33 3.12]
var: 0.39054955555555526
| [0m42       [0m | [0m0.7427   [0m | [0m0.1263   [0m | [0m20.37    [0m | [0m0.5814   [0m |
[0.   0.04 0.05 0.05 0.06 0.06 0.07 0.11 0.13 0.21 0.22 0.23 0.24 0.25
 0.25 0.26 0.28 0.28 0.29 0.29 0.29 0.34 0.35 0.35 0.39 0.4  0.41 0.43
 0.48 0.5  0.54 0.57 0.57 0.59 0.61 0.62 0.62 0.65 0.69 0.7  0.72 0.72
 0.78 0.82 0.87 0.87 0.88 0.98 1.05 1.15 1.16 1.18 1.2  1.26 1.28 1.38
 1.59 2.22 2.26 3.16]
var: 0.34461333333333327
| [0m43       [0m | [0m0.65     [0m | [0m0.2378   [0m | [0m9.447    [0m | [0m1.044    [0m |
[0.03 0.09 0.12 0.29 0.37 0.43 0.49 0.5  0.51 0.53 0.57 0.59 0.6  0.6
 0.66 0.68 0.68 0.68 0.71 0.71 0.73 0.76 0.83 0.86 0.86 0.87 0.89 0.94
 0.95 0.95 0.97 1.02 1.03 1.04 1.06 1.12 1.14 1.18 1.22 1.25 1.27 1.35
 1.45 1.45 1.46 1.47 1.54 1.6  1.67 1.78 1.82 1.84 1.88 2.09 2.12 2.16
 2.63 2.72 2.82 3.09]
var: 0.45683488888888946
| [0m44       [0m | [0m1.129    [0m | [0m0.06267  [0m | [0m20.48    [0m | [0m0.4153   [0m |
[0.11 0.12 0.16 0.24 0.24 0.34 0.36 0.38 0.46 0.48 0.55 0.55 0.58 0.63
 0.7  0.72 0.77 0.8  0.82 0.86 0.87 0.88 0.88 0.89 0.92 0.95 1.02 1.02
 1.08 1.09 1.14 1.17 1.19 1.19 1.22 1.28 1.3  1.33 1.34 1.39 1.39 1.4
 1.43 1.47 1.48 1.48 1.53 1.59 1.69 1.7  1.72 1.76 1.81 1.89 1.93 1.94
 1.97 1.99 2.05 3.56]
var: 0.3779366666666663
| [0m45       [0m | [0m1.13     [0m | [0m0.02718  [0m | [0m20.32    [0m | [0m0.4903   [0m |
[0.02 0.07 0.09 0.23 0.32 0.41 0.43 0.47 0.5  0.51 0.51 0.54 0.61 0.61
 0.61 0.62 0.66 0.67 0.7  0.75 0.75 0.75 0.76 0.76 0.77 0.84 0.84 0.85
 0.86 0.86 0.88 1.01 1.03 1.03 1.07 1.09 1.1  1.13 1.13 1.15 1.17 1.28
 1.31 1.36 1.4  1.42 1.44 1.52 1.59 1.59 1.62 1.7  1.77 1.87 2.01 2.16
 2.22 2.48 2.58 3.66]
var: 0.4411390000000002
| [0m46       [0m | [0m1.069    [0m | [0m0.05449  [0m | [0m44.22    [0m | [0m0.3629   [0m |
[0.14 0.42 0.44 0.45 0.71 0.71 0.73 0.75 0.76 0.79 0.84 0.84 1.03 1.05
 1.06 1.1  1.17 1.2  1.24 1.28 1.31 1.32 1.39 1.7  1.8  1.84 1.85 1.89
 1.92 1.92 1.96 1.99 2.08 2.1  2.1  2.11 2.17 2.2  2.22 2.31 2.38 2.4
 2.44 2.44 2.47 2.53 2.56 2.6  2.68 2.84 2.9  2.96 3.06 3.4  4.12 4.41
 4.62 4.88 5.2  5.34]
var: 1.4233982222222221
| [95m47       [0m | [95m2.019    [0m | [95m0.003266 [0m | [95m20.28    [0m | [95m0.3953   [0m |
[0.01 0.02 0.07 0.09 0.11 0.12 0.16 0.17 0.18 0.19 0.21 0.24 0.27 0.27
 0.29 0.34 0.4  0.41 0.42 0.42 0.45 0.46 0.49 0.51 0.53 0.55 0.56 0.57
 0.59 0.6  0.61 0.63 0.64 0.67 0.72 0.81 0.86 0.87 0.9  0.95 0.96 0.99
 0.99 1.02 1.07 1.1  1.14 1.2  1.25 1.38 1.42 1.43 1.55 1.57 1.63 1.64
 1.71 1.96 3.16 3.36]
var: 0.4453649722222223
| [0m48       [0m | [0m0.7982   [0m | [0m0.0557   [0m | [0m20.12    [0m | [0m0.4997   [0m |
[0.18 0.25 0.45 0.56 0.63 0.66 0.67 0.68 0.7  0.71 0.91 0.95 0.95 0.95
 0.97 0.98 1.01 1.03 1.09 1.1  1.11 1.12 1.16 1.16 1.22 1.25 1.27 1.29
 1.38 1.38 1.39 1.4  1.42 1.46 1.49 1.53 1.62 1.63 1.64 1.65 1.72 1.73
 1.78 1.79 1.79 1.85 1.95 2.04 2.26 2.4  2.47 2.52 2.77 2.82 3.   3.22
 3.24 3.42 3.72 4.18]
var: 0.7395203055555548
| [0m49       [0m | [0m1.561    [0m | [0m0.08384  [0m | [0m20.19    [0m | [0m0.2838   [0m |
[0.52 0.55 0.56 0.65 0.69 0.74 0.74 0.75 0.76 0.76 0.77 0.86 0.92 0.96
 0.98 1.   1.02 1.05 1.12 1.19 1.23 1.25 1.34 1.34 1.34 1.37 1.38 1.39
 1.4  1.4  1.42 1.44 1.44 1.44 1.45 1.55 1.59 1.59 1.65 1.67 1.72 1.73
 1.74 1.75 1.76 1.79 1.81 1.81 1.82 1.84 1.96 2.35 2.4  2.51 2.51 2.53
 2.7  2.86 3.03 3.06]
var: 0.3956987499999999
| [0m50       [0m | [0m1.483    [0m | [0m0.05064  [0m | [0m20.05    [0m | [0m0.2074   [0m |
[0.15 0.39 0.48 0.53 0.53 0.58 0.61 0.71 0.72 0.77 0.78 0.79 0.84 0.85
 0.88 0.91 0.98 1.14 1.15 1.15 1.16 1.17 1.18 1.24 1.28 1.28 1.34 1.34
 1.39 1.41 1.41 1.46 1.49 1.49 1.51 1.52 1.53 1.55 1.56 1.58 1.61 1.65
 1.7  1.77 1.81 1.86 1.88 1.91 1.94 1.95 1.96 2.05 2.07 2.14 2.33 2.67
 2.69 2.78 2.8  4.15]
var: 0.48636874999999985
| [0m51       [0m | [0m1.443    [0m | [0m0.09841  [0m | [0m20.3     [0m | [0m0.1175   [0m |
[0.18 0.41 0.55 0.6  0.66 0.67 0.76 0.78 0.78 0.85 0.85 0.9  0.94 0.95
 0.97 1.02 1.03 1.04 1.09 1.13 1.14 1.15 1.16 1.17 1.2  1.25 1.25 1.28
 1.3  1.38 1.38 1.39 1.4  1.41 1.47 1.48 1.51 1.52 1.59 1.65 1.66 1.69
 1.75 1.78 1.83 1.85 1.88 1.91 1.92 2.18 2.19 2.31 2.4  2.42 2.51 2.64
 2.8  3.08 3.14 3.39]
var: 0.4745136388888883
| [0m52       [0m | [0m1.476    [0m | [0m0.0562   [0m | [0m20.39    [0m | [0m0.2074   [0m |
[0.   0.   0.01 0.01 0.03 0.04 0.05 0.06 0.07 0.1  0.13 0.14 0.17 0.23
 0.25 0.25 0.28 0.29 0.31 0.31 0.33 0.35 0.37 0.4  0.41 0.43 0.46 0.48
 0.48 0.48 0.49 0.5  0.54 0.54 0.56 0.57 0.58 0.62 0.62 0.62 0.64 0.66
 0.66 0.68 0.68 0.72 0.78 0.81 0.82 0.85 0.85 0.87 0.91 0.98 1.05 1.07
 1.09 1.18 1.26 1.29]
var: 0.1154216388888889
| [0m53       [0m | [0m0.5068   [0m | [0m0.2561   [0m | [0m24.28    [0m | [0m0.9484   [0m |
[0.11 0.21 0.42 0.44 0.46 0.46 0.49 0.54 0.54 0.55 0.57 0.59 0.6  0.61
 0.61 0.61 0.63 0.63 0.63 0.65 0.68 0.69 0.7  0.75 0.78 0.82 0.82 0.83
 0.91 0.91 0.94 0.99 1.   1.02 1.04 1.08 1.12 1.12 1.19 1.22 1.29 1.3
 1.31 1.35 1.4  1.4  1.43 1.46 1.46 1.51 1.51 1.57 1.58 1.62 1.63 1.7
 2.31 2.81 3.38 4.21]
var: 0.49929608333333353
| [0m54       [0m | [0m1.087    [0m | [0m0.288    [0m | [0m11.1     [0m | [0m0.278    [0m |
[0.   0.   0.03 0.04 0.05 0.05 0.06 0.07 0.07 0.09 0.09 0.09 0.11 0.12
 0.14 0.15 0.15 0.16 0.18 0.21 0.25 0.26 0.27 0.28 0.28 0.29 0.3  0.32
 0.34 0.34 0.35 0.36 0.38 0.39 0.39 0.41 0.43 0.45 0.45 0.46 0.49 0.52
 0.53 0.54 0.55 0.56 0.57 0.61 0.62 0.64 0.64 0.64 0.67 0.68 0.72 0.75
 0.86 1.17 1.28 1.45]
var: 0.09233430555555554
| [0m55       [0m | [0m0.3892   [0m | [0m0.1306   [0m | [0m49.7     [0m | [0m1.31     [0m |
[0.49 0.53 0.54 0.55 0.68 0.69 0.69 0.84 1.03 1.07 1.12 1.21 1.25 1.25
 1.28 1.28 1.29 1.39 1.43 1.43 1.46 1.47 1.51 1.51 1.53 1.56 1.58 1.59
 1.6  1.6  1.67 1.73 1.73 1.74 1.78 1.8  1.85 1.99 2.   2.04 2.06 2.09
 2.12 2.15 2.17 2.25 2.29 2.4  2.47 2.61 2.61 2.63 2.69 2.9  3.27 3.44
 3.68 3.74 4.08 5.25]
var: 0.8443982222222217
| [0m56       [0m | [0m1.845    [0m | [0m0.0272   [0m | [0m20.14    [0m | [0m0.04494  [0m |
[0.01 0.01 0.01 0.04 0.05 0.07 0.07 0.08 0.1  0.12 0.14 0.14 0.15 0.16
 0.18 0.18 0.18 0.19 0.19 0.19 0.2  0.21 0.23 0.32 0.34 0.35 0.35 0.35
 0.35 0.37 0.38 0.4  0.41 0.42 0.43 0.43 0.45 0.48 0.48 0.5  0.51 0.52
 0.52 0.54 0.54 0.58 0.61 0.63 0.65 0.67 0.68 0.78 0.94 0.94 1.   1.03
 1.1  1.36 1.44 1.96]
var: 0.1432649722222222
| [0m57       [0m | [0m0.4452   [0m | [0m0.01645  [0m | [0m40.29    [0m | [0m1.575    [0m |
[0.08 0.09 0.17 0.2  0.22 0.22 0.23 0.25 0.26 0.26 0.27 0.27 0.3  0.31
 0.31 0.44 0.44 0.45 0.46 0.49 0.49 0.5  0.5  0.5  0.51 0.51 0.52 0.53
 0.54 0.55 0.56 0.56 0.56 0.57 0.57 0.57 0.59 0.68 0.73 0.76 0.79 0.8
 0.85 0.87 0.91 0.96 0.98 1.01 1.01 1.05 1.05 1.06 1.1  1.11 1.14 1.14
 1.17 1.19 1.22 1.92]
var: 0.1283976388888889
| [0m58       [0m | [0m0.6392   [0m | [0m1e-08    [0m | [0m20.02    [0m | [0m0.001    [0m |
[0.   0.   0.01 0.06 0.08 0.08 0.08 0.1  0.1  0.11 0.12 0.13 0.16 0.19
 0.21 0.21 0.22 0.25 0.26 0.27 0.32 0.35 0.41 0.42 0.43 0.45 0.46 0.49
 0.5  0.5  0.5  0.52 0.52 0.55 0.55 0.58 0.59 0.59 0.61 0.63 0.65 0.65
 0.68 0.76 0.76 0.86 0.88 0.89 0.93 0.94 0.98 1.06 1.14 1.17 1.27 1.39
 1.41 1.46 1.51 2.17]
var: 0.20095141666666694
| [0m59       [0m | [0m0.5695   [0m | [0m0.2842   [0m | [0m27.16    [0m | [0m1.519    [0m |
[0.28 0.46 0.58 0.58 0.59 0.6  0.64 0.66 0.7  0.71 0.75 0.82 0.84 0.84
 1.04 1.18 1.23 1.23 1.25 1.25 1.27 1.32 1.32 1.38 1.42 1.44 1.44 1.45
 1.47 1.49 1.5  1.52 1.57 1.64 1.67 1.68 1.68 1.69 1.69 1.7  1.81 1.83
 1.94 2.07 2.15 2.17 2.28 2.42 2.48 2.53 2.56 2.76 2.79 3.01 3.05 3.22
 3.35 3.4  3.44 4.48]
var: 0.7743883055555554
| [0m60       [0m | [0m1.672    [0m | [0m0.04982  [0m | [0m20.22    [0m | [0m0.1482   [0m |
[0.25 0.33 0.45 0.56 0.58 0.63 0.66 0.7  0.71 0.74 0.78 0.8  0.86 0.89
 0.91 0.91 0.92 0.93 0.95 0.96 0.98 0.98 1.05 1.1  1.13 1.14 1.14 1.17
 1.2  1.23 1.24 1.25 1.26 1.29 1.31 1.34 1.36 1.36 1.37 1.38 1.4  1.47
 1.47 1.49 1.5  1.51 1.55 1.57 1.58 1.59 1.63 1.99 2.03 2.09 2.18 2.19
 2.24 2.59 2.86 2.88]
var: 0.3184149722222221
| [0m61       [0m | [0m1.277    [0m | [0m0.09972  [0m | [0m20.29    [0m | [0m0.02992  [0m |
[0.46 0.6  0.61 0.76 0.76 0.92 0.96 0.97 1.05 1.1  1.11 1.21 1.25 1.32
 1.32 1.35 1.39 1.4  1.41 1.42 1.52 1.52 1.63 1.65 1.71 1.73 1.74 1.79
 1.81 1.95 2.03 2.03 2.04 2.06 2.07 2.11 2.11 2.19 2.45 2.53 2.57 2.58
 2.67 2.74 2.79 2.87 2.91 2.96 2.97 2.97 3.05 3.09 3.09 3.14 3.16 3.23
 3.31 3.33 3.67 6.23]
var: 0.9828436388888897
| [95m62       [0m | [95m2.056    [0m | [95m0.1129   [0m | [95m22.55    [0m | [95m0.06744  [0m |
[0.31 0.43 0.45 0.47 0.48 0.54 0.54 0.73 0.75 0.77 0.79 0.87 0.88 0.89
 0.89 0.93 0.94 0.95 0.99 1.   1.01 1.13 1.13 1.14 1.14 1.16 1.24 1.24
 1.25 1.27 1.27 1.32 1.32 1.34 1.34 1.35 1.36 1.37 1.41 1.42 1.45 1.48
 1.48 1.5  1.54 1.61 1.69 1.8  1.81 1.82 1.84 1.87 2.05 2.06 2.21 2.27
 2.27 2.78 3.24 4.  ]
var: 0.4415976666666669
| [0m63       [0m | [0m1.343    [0m | [0m0.04138  [0m | [0m22.66    [0m | [0m0.03356  [0m |
[0.16 0.25 0.26 0.27 0.31 0.63 0.69 0.72 0.74 0.74 0.76 0.82 0.83 0.85
 0.86 0.91 0.97 0.97 0.99 1.04 1.04 1.05 1.06 1.13 1.15 1.16 1.16 1.17
 1.17 1.18 1.2  1.23 1.25 1.25 1.27 1.28 1.34 1.37 1.37 1.39 1.41 1.42
 1.42 1.42 1.43 1.49 1.51 1.54 1.55 1.57 1.58 1.61 1.65 1.76 1.77 1.8
 1.87 2.06 2.32 2.32]
var: 0.21584941666666657
| [0m64       [0m | [0m1.192    [0m | [0m0.0177   [0m | [0m20.13    [0m | [0m0.02615  [0m |
[0.01 0.03 0.04 0.06 0.06 0.08 0.1  0.1  0.11 0.12 0.12 0.2  0.22 0.22
 0.23 0.24 0.25 0.28 0.28 0.32 0.34 0.34 0.35 0.36 0.38 0.39 0.39 0.39
 0.44 0.44 0.46 0.51 0.52 0.54 0.6  0.61 0.61 0.63 0.63 0.66 0.67 0.67
 0.67 0.68 0.69 0.72 0.73 0.73 0.77 0.77 0.78 0.78 0.79 0.8  0.82 0.87
 1.02 1.1  1.31 1.39]
var: 0.09871655555555582
| [0m65       [0m | [0m0.4903   [0m | [0m0.02556  [0m | [0m5.415    [0m | [0m1.677    [0m |
[0.05 0.28 0.44 0.61 0.63 0.68 0.77 0.86 0.88 0.88 0.89 0.91 0.91 1.02
 1.04 1.05 1.06 1.11 1.14 1.17 1.17 1.23 1.31 1.33 1.34 1.35 1.35 1.35
 1.39 1.4  1.43 1.47 1.49 1.51 1.54 1.55 1.57 1.59 1.74 1.81 1.81 1.82
 1.82 1.84 1.87 1.89 1.92 1.94 1.98 1.98 2.04 2.21 2.22 2.24 2.29 2.42
 2.52 2.59 3.28 4.  ]
var: 0.4666398888888886
| [0m66       [0m | [0m1.5      [0m | [0m0.1506   [0m | [0m20.14    [0m | [0m0.04704  [0m |
[0.75 0.75 0.87 0.94 1.01 1.01 1.12 1.2  1.23 1.37 1.37 1.37 1.39 1.47
 1.47 1.48 1.58 1.59 1.59 1.62 1.64 1.66 1.67 1.68 1.79 1.81 1.81 1.82
 1.86 1.94 2.01 2.02 2.1  2.16 2.19 2.21 2.25 2.25 2.26 2.36 2.39 2.41
 2.46 2.49 2.51 2.55 2.56 2.73 2.74 2.75 2.85 2.86 2.92 3.05 3.07 3.16
 3.26 4.02 4.08 4.21]
var: 0.6241645555555565
| [95m67       [0m | [95m2.062    [0m | [95m0.02922  [0m | [95m20.13    [0m | [95m0.09014  [0m |
[0.09 0.17 0.41 0.44 0.47 0.5  0.51 0.51 0.51 0.53 0.56 0.6  0.73 0.75
 0.76 0.77 0.78 0.8  0.8  0.8  0.87 0.88 0.88 0.9  0.99 1.   1.   1.06
 1.08 1.08 1.1  1.12 1.15 1.15 1.2  1.22 1.24 1.24 1.26 1.28 1.33 1.34
 1.34 1.36 1.38 1.38 1.4  1.4  1.42 1.48 1.52 1.57 1.66 1.67 1.67 1.71
 1.84 1.9  1.97 1.97]
var: 0.1981316666666667
| [0m68       [0m | [0m1.075    [0m | [0m0.1465   [0m | [0m22.58    [0m | [0m0.02514  [0m |
[0.3  0.53 0.65 0.67 0.78 0.79 0.8  0.89 0.9  0.96 0.99 1.01 1.05 1.05
 1.06 1.12 1.15 1.2  1.21 1.23 1.24 1.25 1.25 1.26 1.28 1.29 1.34 1.36
 1.39 1.4  1.41 1.45 1.47 1.49 1.52 1.64 1.65 1.66 1.74 1.76 1.77 1.81
 1.81 1.82 1.84 1.88 1.98 2.   2.01 2.06 2.09 2.21 2.45 2.56 2.56 2.59
 2.64 2.95 2.95 3.12]
var: 0.39115497222222245
| [0m69       [0m | [0m1.538    [0m | [0m0.1494   [0m | [0m11.88    [0m | [0m0.1682   [0m |
[0.01 0.01 0.03 0.08 0.09 0.13 0.13 0.14 0.15 0.16 0.17 0.18 0.22 0.24
 0.26 0.28 0.29 0.3  0.34 0.38 0.38 0.4  0.42 0.43 0.43 0.52 0.53 0.54
 0.57 0.58 0.59 0.6  0.6  0.64 0.66 0.66 0.67 0.7  0.7  0.71 0.72 0.72
 0.73 0.74 0.76 0.8  0.8  0.96 0.97 1.03 1.06 1.08 1.15 1.21 1.23 1.42
 1.48 1.52 1.64 2.27]
var: 0.2045383055555559
| [0m70       [0m | [0m0.6202   [0m | [0m0.1991   [0m | [0m13.69    [0m | [0m1.615    [0m |
[0.21 0.5  0.62 0.64 0.66 0.67 0.68 0.7  0.73 0.76 0.79 0.81 0.82 0.82
 0.83 0.84 0.84 0.85 0.89 0.96 0.98 1.   1.03 1.06 1.08 1.12 1.16 1.23
 1.3  1.36 1.38 1.39 1.45 1.46 1.56 1.59 1.63 1.64 1.67 1.72 1.74 1.78
 1.82 1.86 1.91 2.02 2.06 2.19 2.2  2.23 2.25 2.52 2.53 2.59 2.62 2.65
 2.67 2.95 3.11 3.48]
var: 0.5499383055555558
| [0m71       [0m | [0m1.477    [0m | [0m0.02975  [0m | [0m20.26    [0m | [0m0.3146   [0m |
[0.48 0.53 0.58 0.59 0.62 0.64 0.64 0.68 0.69 0.87 0.93 1.14 1.15 1.17
 1.22 1.22 1.26 1.26 1.27 1.27 1.28 1.42 1.43 1.5  1.5  1.52 1.6  1.6
 1.67 1.67 1.71 1.71 1.71 1.73 1.77 1.78 1.86 1.92 1.94 1.98 2.01 2.04
 2.07 2.14 2.22 2.24 2.33 2.34 2.41 2.53 2.54 2.63 2.68 2.73 2.74 2.81
 3.1  3.3  4.03 4.13]
var: 0.6609203055555566
| [0m72       [0m | [0m1.742    [0m | [0m0.08074  [0m | [0m20.08    [0m | [0m0.07857  [0m |
[0.05 0.08 0.27 0.33 0.36 0.36 0.39 0.39 0.4  0.48 0.49 0.53 0.57 0.59
 0.63 0.64 0.64 0.65 0.66 0.69 0.72 0.73 0.75 0.82 0.84 0.89 0.98 0.98
 0.99 1.   1.   1.01 1.07 1.08 1.08 1.11 1.12 1.17 1.2  1.26 1.26 1.27
 1.27 1.29 1.31 1.39 1.42 1.5  1.55 1.55 1.56 1.56 1.59 1.64 1.69 1.86
 2.15 2.3  2.39 2.66]
var: 0.3125149722222224
| [0m73       [0m | [0m1.037    [0m | [0m0.1224   [0m | [0m38.54    [0m | [0m0.3539   [0m |
[0.29 0.71 0.82 0.84 0.93 0.98 1.03 1.04 1.17 1.18 1.19 1.23 1.3  1.31
 1.43 1.48 1.5  1.53 1.57 1.64 1.7  1.73 1.75 1.79 1.82 1.85 1.88 1.88
 1.89 1.91 1.92 1.93 1.94 1.94 1.97 1.99 2.02 2.03 2.04 2.09 2.1  2.12
 2.21 2.22 2.23 2.27 2.5  2.5  2.52 2.59 2.69 2.83 2.87 3.05 3.06 3.15
 3.17 3.18 3.25 3.54]
var: 0.498206083333333
| [0m74       [0m | [0m1.922    [0m | [0m0.04284  [0m | [0m20.24    [0m | [0m0.07086  [0m |
[0.01 0.02 0.02 0.04 0.07 0.09 0.1  0.11 0.11 0.12 0.15 0.15 0.17 0.17
 0.19 0.2  0.24 0.25 0.25 0.27 0.27 0.28 0.31 0.31 0.35 0.35 0.36 0.37
 0.39 0.39 0.42 0.48 0.49 0.5  0.53 0.54 0.54 0.54 0.54 0.54 0.58 0.58
 0.59 0.68 0.7  0.76 0.78 0.8  0.84 0.86 0.91 0.94 0.99 1.16 1.25 1.26
 1.27 1.28 1.31 1.45]
var: 0.14290988888888911
| [0m75       [0m | [0m0.5037   [0m | [0m0.2175   [0m | [0m8.098    [0m | [0m2.189    [0m |
[0.29 0.52 0.57 0.58 0.67 0.8  0.85 0.95 0.95 0.99 1.03 1.06 1.09 1.16
 1.18 1.22 1.25 1.26 1.26 1.34 1.36 1.38 1.4  1.43 1.44 1.54 1.72 1.73
 1.74 1.75 1.75 1.78 1.79 1.8  1.81 1.83 1.85 1.88 1.9  1.92 1.98 1.99
 2.03 2.06 2.07 2.14 2.15 2.18 2.2  2.24 2.33 2.35 2.46 2.46 2.55 2.56
 2.86 3.62 4.3  4.33]
var: 0.6226659999999998
| [0m76       [0m | [0m1.728    [0m | [0m0.05597  [0m | [0m22.52    [0m | [0m0.1311   [0m |
[0.   0.01 0.06 0.07 0.12 0.13 0.17 0.18 0.2  0.21 0.24 0.24 0.26 0.28
 0.3  0.32 0.32 0.32 0.36 0.38 0.39 0.4  0.41 0.42 0.42 0.43 0.43 0.47
 0.51 0.52 0.54 0.54 0.54 0.58 0.6  0.62 0.63 0.63 0.63 0.64 0.68 0.69
 0.7  0.71 0.72 0.73 0.77 0.77 0.77 0.81 0.84 0.97 1.08 1.14 1.31 1.46
 1.49 1.6  1.67 3.44]
var: 0.2792114166666665
| [0m77       [0m | [0m0.6145   [0m | [0m0.1522   [0m | [0m4.387    [0m | [0m1.516    [0m |
[0.21 0.28 0.34 0.51 0.52 0.53 0.64 0.68 0.73 0.76 0.77 0.82 0.83 0.84
 0.86 0.87 0.92 1.01 1.08 1.14 1.16 1.17 1.24 1.27 1.31 1.35 1.36 1.37
 1.45 1.49 1.49 1.57 1.59 1.68 1.69 1.7  1.72 1.72 1.75 1.78 1.79 1.84
 1.89 1.9  1.92 1.94 2.02 2.09 2.12 2.27 2.34 2.65 2.68 2.76 2.8  2.95
 3.13 3.2  3.2  3.82]
var: 0.6532494166666669
| [0m78       [0m | [0m1.559    [0m | [0m0.1467   [0m | [0m22.5     [0m | [0m0.1281   [0m |
[0.41 0.47 0.51 0.6  0.62 0.64 0.66 0.67 0.78 0.9  0.95 0.95 0.96 0.98
 1.05 1.13 1.19 1.21 1.22 1.24 1.24 1.29 1.3  1.31 1.32 1.33 1.34 1.35
 1.37 1.37 1.39 1.45 1.47 1.49 1.5  1.51 1.52 1.52 1.54 1.54 1.58 1.58
 1.62 1.66 1.67 1.67 1.73 1.82 1.87 1.94 1.98 2.07 2.22 2.23 2.29 2.3
 2.39 2.42 2.8  2.91]
var: 0.30886066666666684
| [0m79       [0m | [0m1.434    [0m | [0m0.07607  [0m | [0m20.19    [0m | [0m0.04052  [0m |
[0.2  0.24 0.68 0.73 0.78 0.79 0.9  0.91 1.06 1.06 1.12 1.19 1.26 1.35
 1.36 1.38 1.43 1.43 1.44 1.45 1.48 1.53 1.58 1.58 1.64 1.68 1.71 1.75
 1.78 1.82 1.83 1.85 1.93 1.98 1.98 2.06 2.08 2.09 2.1  2.2  2.34 2.34
 2.42 2.45 2.56 2.62 2.71 2.71 2.86 3.09 3.18 3.27 3.31 3.36 3.54 3.61
 3.82 3.88 4.04 4.15]
var: 0.9017947499999999
| [0m80       [0m | [0m1.995    [0m | [0m0.004921 [0m | [0m20.14    [0m | [0m0.3561   [0m |
=============================================================
None
num_trials:  40  inits,  40  iters,  60  per
rho:  2
pthin:  1.00

Best VPT: 2.062333333333334
Best result: {'a': 0.029216081283188984, 'g': 20.12680985768533, 's': 0.09013921991304356}

KERNEL: nu=1.5, lengthscale=2.0, alpha=0.0005
