|   iter    |  target   |     a     |     g     |     s     |
-------------------------------------------------------------
[0.   0.   0.   0.   0.   0.   0.   0.   0.   0.   0.   0.   0.   0.
 0.   0.   0.   0.   0.   0.   0.   0.   0.   0.   0.   0.05 0.08 0.12
 0.15 0.15 0.16 0.16 0.17 0.18 0.29 0.3  0.31 0.35 0.39 0.41 0.41 0.44
 0.46 0.47 0.52 0.53 0.56 0.61 0.62 0.66 0.76 0.8  0.8  0.9  0.91 1.25
 1.83]
var: 0.13635703293321036
| [0m1        [0m | [0m0.2772   [0m | [0m0.1393   [0m | [0m35.63    [0m | [0m2.303    [0m |
[0.   0.   0.   0.   0.   0.   0.   0.   0.   0.   0.   0.   0.   0.
 0.   0.   0.   0.   0.   0.   0.   0.   0.01 0.04 0.04 0.04 0.06 0.09
 0.14 0.15 0.17 0.19 0.19 0.22 0.26 0.28 0.29 0.38 0.39 0.4  0.54 0.56
 0.59 0.6  0.63 0.69 0.71 0.9  1.02 1.39 1.47 1.53 1.53]
var: 0.1825920968316129
| [95m2        [0m | [95m0.2925   [0m | [95m0.07038  [0m | [95m34.02    [0m | [95m2.232    [0m |
[0.   0.   0.   0.   0.   0.   0.   0.   0.   0.   0.   0.   0.01 0.03
 0.05 0.05 0.06 0.07 0.08 0.08 0.1  0.11 0.13 0.19 0.2  0.2  0.24 0.25
 0.26 0.3  0.31 0.38 0.41 0.42 0.42 0.44 0.45 0.47 0.49 0.49 0.51 0.54
 0.54 0.57 0.65 0.75 0.75 0.89 0.99 1.21 1.29 1.33 1.47 1.89 3.38]
var: 0.3429613223140497
| [95m3        [0m | [95m0.4264   [0m | [95m0.1788   [0m | [95m23.68    [0m | [95m2.978    [0m |
[0.   0.   0.   0.   0.   0.   0.   0.   0.   0.   0.   0.   0.   0.
 0.   0.02 0.06 0.12 0.14 0.15 0.22 0.23 0.28 0.34 0.34 0.35 0.36 0.39
 0.4  0.47 0.52 0.55 0.56 0.57 0.57 0.63 0.66 0.66 0.75 0.78 0.79 0.86
 0.86 0.89 1.05 1.13 1.15 1.26 1.37 1.39 1.76 1.8  1.81 1.94]
var: 0.29439286694101513
| [95m4        [0m | [95m0.5219   [0m | [95m0.1141   [0m | [95m22.21    [0m | [95m1.543    [0m |
[0.02 0.06 0.1  0.13 0.14 0.14 0.14 0.2  0.23 0.25 0.28 0.33 0.42 0.44
 0.49 0.51 0.53 0.58 0.6  0.64 0.67 0.82 0.85 0.9  0.91 0.91 0.93 0.94
 0.95 0.95 0.97 0.99 1.01 1.19 1.24 1.33 1.35 1.38 1.39 1.5  1.58 1.65
 1.7  1.74 1.76 1.78 1.85 1.88 1.91 1.96 2.08 2.1  2.13 2.57 2.57]
var: 0.4739489586776857
| [95m5        [0m | [95m1.03     [0m | [95m0.1218   [0m | [95m6.812    [0m | [95m2.21     [0m |
[0.   0.   0.   0.   0.   0.   0.   0.   0.   0.   0.   0.   0.   0.01
 0.01 0.01 0.02 0.02 0.03 0.04 0.06 0.06 0.07 0.09 0.12 0.12 0.13 0.14
 0.14 0.15 0.15 0.16 0.18 0.2  0.2  0.2  0.2  0.22 0.27 0.32 0.36 0.36
 0.36 0.36 0.37 0.44 0.44 0.49 0.55 0.61 0.66 0.7  0.72 0.81 1.4 ]
var: 0.07302347107438019
| [0m6        [0m | [0m0.2173   [0m | [0m0.2466   [0m | [0m0.4748   [0m | [0m0.09101  [0m |
[0.09 0.12 0.22 0.23 0.25 0.25 0.25 0.27 0.3  0.31 0.31 0.32 0.33 0.35
 0.36 0.36 0.42 0.43 0.48 0.49 0.5  0.51 0.52 0.54 0.55 0.56 0.57 0.59
 0.61 0.62 0.64 0.65 0.65 0.67 0.67 0.68 0.71 0.76 0.76 0.84 0.89 0.9
 0.93 1.03 1.06 1.18 1.2  1.25 1.42 1.5  1.85 1.88 2.36 2.43 3.27 4.19]
var: 0.5761525510204079
| [0m7        [0m | [0m0.8229   [0m | [0m0.2487   [0m | [0m3.552    [0m | [0m2.076    [0m |
[0.   0.   0.   0.   0.   0.   0.   0.   0.   0.   0.   0.   0.   0.
 0.   0.   0.   0.   0.   0.   0.   0.   0.   0.   0.   0.   0.   0.03
 0.04 0.05 0.05 0.05 0.06 0.07 0.08 0.09 0.11 0.14 0.17 0.17 0.21 0.36
 0.38 0.39 0.41 0.41 0.47 0.48 0.5  0.57 0.58 0.61 0.66 0.78 0.96 0.99
 1.01 1.11 1.89 2.66]
var: 0.23249455555555582
| [0m8        [0m | [0m0.2757   [0m | [0m0.08061  [0m | [0m29.78    [0m | [0m2.543    [0m |
[0.   0.07 0.08 0.12 0.13 0.15 0.24 0.3  0.3  0.34 0.36 0.37 0.39 0.42
 0.45 0.47 0.5  0.52 0.63 0.64 0.65 0.65 0.66 0.68 0.68 0.69 0.7  0.72
 0.76 0.76 0.89 0.89 0.91 0.92 0.94 0.95 1.   1.18 1.18 1.19 1.25 1.27
 1.3  1.39 1.41 1.41 1.45 1.56 1.71 1.96 1.96 1.98 2.25 2.5  3.28 4.08]
var: 0.6048908163265307
| [0m9        [0m | [0m0.9686   [0m | [0m0.02679  [0m | [0m11.77    [0m | [0m1.661    [0m |
[0.   0.   0.   0.   0.   0.   0.   0.   0.   0.   0.   0.   0.   0.
 0.   0.   0.   0.   0.   0.   0.   0.03 0.04 0.04 0.05 0.06 0.06 0.06
 0.07 0.08 0.11 0.12 0.12 0.12 0.13 0.14 0.15 0.16 0.17 0.19 0.22 0.26
 0.26 0.27 0.29 0.3  0.41 0.47 0.57 0.79 1.26]
var: 0.05154932718185304
| [0m10       [0m | [0m0.1373   [0m | [0m0.1237   [0m | [0m49.35    [0m | [0m1.307    [0m |
[0.   0.   0.   0.   0.   0.   0.   0.   0.   0.   0.   0.   0.   0.
 0.   0.   0.   0.   0.   0.   0.05 0.08 0.08 0.11 0.13 0.17 0.18 0.18
 0.19 0.22 0.22 0.27 0.27 0.28 0.3  0.32 0.32 0.34 0.37 0.38 0.42 0.44
 0.45 0.46 0.49 0.64 0.67 0.72 0.73 0.95 1.24 1.33 2.21]
var: 0.1669606977572092
| [0m11       [0m | [0m0.287    [0m | [0m0.05936  [0m | [0m43.26    [0m | [0m2.686    [0m |
[0.   0.   0.   0.   0.   0.   0.   0.   0.   0.   0.   0.02 0.08 0.09
 0.1  0.15 0.16 0.18 0.22 0.23 0.31 0.35 0.44 0.48 0.48 0.55 0.55 0.56
 0.61 0.62 0.64 0.64 0.66 0.68 0.73 0.76 0.77 0.78 0.8  0.87 0.87 0.9
 0.93 0.93 1.07 1.07 1.11 1.12 1.18 1.37 1.4  1.57 2.14]
var: 0.23533948024207862
| [0m12       [0m | [0m0.5504   [0m | [0m0.1593   [0m | [0m21.02    [0m | [0m0.4213   [0m |
[0.   0.   0.   0.   0.   0.   0.   0.   0.   0.   0.   0.   0.   0.
 0.   0.   0.   0.01 0.13 0.4  0.46 0.46 0.47 0.52 0.54 0.56 0.57 0.7
 0.79 0.84 0.94 1.04 1.17 1.24 1.26 1.28 1.34 1.43 1.44 1.44 1.47 1.47
 1.48 1.53 1.71 1.71 1.72 1.72 1.94 2.13 2.23 2.23 3.15 3.52 3.55]
var: 0.8576890578512407
| [0m13       [0m | [0m0.9198   [0m | [0m0.1501   [0m | [0m25.51    [0m | [0m0.1825   [0m |
[0.   0.   0.   0.02 0.15 0.2  0.26 0.28 0.29 0.3  0.4  0.45 0.48 0.6
 0.61 0.62 0.66 0.66 0.69 0.71 0.75 0.81 0.84 0.85 0.86 0.86 0.86 0.91
 0.93 1.06 1.08 1.1  1.12 1.17 1.18 1.19 1.31 1.32 1.39 1.39 1.4  1.43
 1.5  1.57 1.66 1.73 1.74 1.75 1.86 1.88 2.15 3.31]
var: 0.4068232248520711
| [0m14       [0m | [0m0.9681   [0m | [0m0.1768   [0m | [0m14.73    [0m | [0m1.547    [0m |
[0.   0.   0.   0.   0.   0.   0.   0.   0.   0.   0.   0.   0.   0.
 0.   0.   0.   0.   0.   0.   0.   0.   0.09 0.18 0.18 0.19 0.2  0.26
 0.26 0.29 0.38 0.41 0.46 0.48 0.54 0.55 0.55 0.56 0.63 0.65 0.76 0.78
 0.79 0.82 0.89 0.97 1.04 1.05 1.13 1.36 1.39 1.46 1.66 3.31]
var: 0.36196080246913626
| [0m15       [0m | [0m0.4494   [0m | [0m0.2136   [0m | [0m32.76    [0m | [0m0.5572   [0m |
[0.   0.   0.   0.   0.   0.   0.   0.   0.   0.   0.   0.   0.   0.
 0.   0.03 0.07 0.07 0.18 0.22 0.24 0.24 0.27 0.31 0.32 0.32 0.42 0.48
 0.53 0.53 0.53 0.54 0.56 0.58 0.61 0.67 0.85 0.92 0.93 0.93 0.94 0.94
 0.96 1.04 1.09 1.12 1.13 1.4  5.04]
var: 0.5913753436068303
| [0m16       [0m | [0m0.5104   [0m | [0m0.2467   [0m | [0m30.31    [0m | [0m0.8476   [0m |
[0.07 0.08 0.09 0.1  0.12 0.13 0.13 0.13 0.14 0.18 0.18 0.2  0.2  0.21
 0.21 0.23 0.24 0.26 0.29 0.34 0.36 0.36 0.38 0.39 0.41 0.48 0.49 0.49
 0.52 0.53 0.54 0.55 0.56 0.7  0.73 0.81 0.83 0.95 0.96 1.04 1.04 1.06
 1.07 1.1  1.16 1.28 1.34 1.48 1.55 1.62 1.68 2.09 2.3 ]
var: 0.294864293342827
| [0m17       [0m | [0m0.6487   [0m | [0m0.04796  [0m | [0m3.007    [0m | [0m1.776    [0m |
[0.   0.11 0.12 0.13 0.14 0.14 0.15 0.16 0.18 0.21 0.21 0.23 0.23 0.24
 0.28 0.31 0.31 0.32 0.34 0.35 0.36 0.38 0.43 0.43 0.43 0.44 0.45 0.46
 0.47 0.49 0.5  0.52 0.54 0.56 0.59 0.62 0.63 0.68 0.73 0.74 0.76 0.76
 0.8  0.83 0.86 0.87 0.88 0.94 1.   1.04 1.12 1.28 1.35 1.38 1.41 3.17]
var: 0.2425141581632653
| [0m18       [0m | [0m0.5904   [0m | [0m0.2311   [0m | [0m1.29     [0m | [0m0.8216   [0m |
[0.   0.   0.   0.   0.   0.   0.   0.   0.   0.   0.   0.   0.   0.
 0.   0.   0.   0.   0.   0.   0.   0.16 0.36 0.38 0.39 0.46 0.48 0.51
 0.56 0.6  0.64 0.67 0.71 0.82 0.85 0.87 0.9  0.96 0.99 1.13 1.15 1.15
 1.24 1.24 1.32 1.4  1.41 1.52 1.84 1.91 2.01 2.32 4.07]
var: 0.6213767888928448
| [0m19       [0m | [0m0.6608   [0m | [0m0.2314   [0m | [0m41.47    [0m | [0m0.131    [0m |
[0.   0.03 0.08 0.19 0.21 0.21 0.23 0.24 0.25 0.26 0.27 0.28 0.29 0.32
 0.39 0.4  0.41 0.43 0.48 0.5  0.53 0.54 0.59 0.61 0.63 0.66 0.76 0.76
 0.77 0.77 0.78 0.82 0.85 0.85 0.86 0.86 0.89 0.9  0.93 0.93 1.14 1.17
 1.17 1.17 1.19 1.31 1.36 1.39 1.43 1.5  1.76 1.91 2.44 2.48 2.81]
var: 0.3712305454545456
| [0m20       [0m | [0m0.818    [0m | [0m0.08651  [0m | [0m4.606    [0m | [0m2.5      [0m |
[0.   0.   0.   0.   0.   0.   0.   0.   0.   0.   0.   0.   0.   0.03
 0.1  0.11 0.12 0.13 0.14 0.14 0.29 0.31 0.31 0.37 0.4  0.42 0.45 0.47
 0.54 0.58 0.59 0.61 0.68 0.68 0.69 0.71 0.74 0.77 0.91 0.96 1.05 1.07
 1.27 1.35 1.35 1.39 1.39 1.42 1.6  1.63 2.13 2.21 2.38]
var: 0.39964371662513437
| [0m21       [0m | [0m0.613    [0m | [0m0.07458  [0m | [0m31.82    [0m | [0m0.4067   [0m |
[0.   0.   0.   0.   0.   0.   0.   0.   0.   0.   0.   0.   0.   0.
 0.   0.   0.   0.   0.   0.   0.   0.   0.   0.   0.   0.   0.   0.08
 0.1  0.21 0.34 0.35 0.41 0.44 0.45 0.49 0.54 0.58 0.64 0.67 0.69 0.75
 0.81 0.81 0.87 1.17 1.3  2.42]
var: 0.21789097222222267
| [0m22       [0m | [0m0.2942   [0m | [0m0.2815   [0m | [0m41.03    [0m | [0m0.4985   [0m |
[0.   0.   0.   0.   0.   0.   0.   0.   0.   0.   0.   0.   0.   0.
 0.03 0.04 0.06 0.08 0.13 0.14 0.19 0.23 0.25 0.28 0.32 0.33 0.35 0.35
 0.41 0.41 0.43 0.43 0.44 0.49 0.61 0.64 0.67 0.7  0.74 0.74 0.78 0.81
 0.84 0.87 0.89 0.95 0.96 1.06 1.09 1.21 1.4  1.75 1.93 1.95 2.42 3.86]
var: 0.5094917091836738
| [0m23       [0m | [0m0.5761   [0m | [0m0.05371  [0m | [0m24.88    [0m | [0m1.922    [0m |
[0.   0.   0.   0.   0.   0.   0.   0.   0.   0.   0.   0.   0.   0.
 0.   0.   0.   0.   0.   0.   0.   0.   0.   0.   0.   0.   0.   0.
 0.   0.01 0.03 0.03 0.08 0.11 0.14 0.17 0.19 0.21 0.22 0.23 0.24 0.26
 0.28 0.32 0.37 0.39 0.39 0.4  0.58 0.58 0.59 0.6  0.66 1.1  2.  ]
var: 0.11454135537190094
| [0m24       [0m | [0m0.1851   [0m | [0m0.2183   [0m | [0m44.97    [0m | [0m0.9531   [0m |
[0.02 0.05 0.07 0.09 0.09 0.11 0.13 0.13 0.14 0.14 0.16 0.17 0.21 0.21
 0.21 0.21 0.22 0.22 0.23 0.23 0.25 0.25 0.26 0.27 0.27 0.31 0.37 0.38
 0.41 0.41 0.42 0.43 0.45 0.46 0.51 0.55 0.55 0.57 0.57 0.65 0.66 0.7
 0.71 0.73 0.73 0.74 0.77 0.89 0.92 1.06 1.06 1.2  1.38 1.53 1.54 2.41]
var: 0.20144818239795934
| [0m25       [0m | [0m0.5073   [0m | [0m0.09799  [0m | [0m2.223    [0m | [0m1.857    [0m |
[0.   0.   0.   0.   0.   0.   0.   0.   0.   0.   0.   0.   0.   0.1
 0.12 0.13 0.15 0.23 0.24 0.24 0.29 0.3  0.34 0.37 0.39 0.39 0.48 0.55
 0.69 0.69 0.71 0.77 0.78 0.81 0.81 0.82 0.83 0.87 0.88 1.07 1.13 1.15
 1.16 1.24 1.37 1.67 1.71 1.84 1.87 2.04 2.16 2.23 2.55 2.67]
var: 0.5361735253772297
| [0m26       [0m | [0m0.7193   [0m | [0m0.1136   [0m | [0m23.33    [0m | [0m0.9537   [0m |
[0.   0.   0.   0.   0.   0.   0.   0.   0.   0.   0.   0.   0.   0.
 0.   0.   0.   0.   0.   0.05 0.09 0.11 0.11 0.13 0.15 0.17 0.22 0.25
 0.26 0.29 0.32 0.33 0.34 0.35 0.35 0.45 0.52 0.55 0.57 0.6  0.61 0.61
 0.67 0.68 0.71 0.71 0.71 0.8  0.82 0.83 1.04 1.05 1.07 1.21 1.21 4.1 ]
var: 0.37776581632653095
| [0m27       [0m | [0m0.4114   [0m | [0m0.2081   [0m | [0m41.62    [0m | [0m0.5202   [0m |
[0.   0.13 0.19 0.3  0.31 0.33 0.42 0.44 0.44 0.44 0.46 0.51 0.51 0.53
 0.56 0.64 0.67 0.68 0.72 0.72 0.75 0.78 0.85 1.01 1.06 1.08 1.1  1.24
 1.31 1.31 1.33 1.34 1.35 1.38 1.47 1.5  1.56 1.58 1.63 1.75 1.81 1.96
 1.99 1.99 2.05 2.08 2.12 2.24 2.4  2.55 2.55 2.6 ]
var: 0.5043408284023677
| [95m28       [0m | [95m1.168    [0m | [95m0.1567   [0m | [95m9.972    [0m | [95m1.722    [0m |
[0.02 0.03 0.04 0.05 0.05 0.08 0.09 0.11 0.11 0.14 0.14 0.16 0.2  0.21
 0.23 0.26 0.26 0.29 0.3  0.31 0.34 0.35 0.36 0.38 0.43 0.43 0.47 0.47
 0.48 0.5  0.52 0.52 0.53 0.55 0.59 0.6  0.61 0.64 0.67 0.69 0.7  0.7
 0.71 0.73 0.9  0.92 0.93 1.01 1.02 1.15 1.2  1.28 1.3  1.48 1.48 2.13
 3.11]
var: 0.2990068328716528
| [0m29       [0m | [0m0.5958   [0m | [0m0.07364  [0m | [0m2.132    [0m | [0m0.5661   [0m |
[0.   0.   0.   0.   0.   0.   0.   0.   0.   0.   0.   0.   0.   0.
 0.   0.   0.   0.02 0.02 0.02 0.03 0.09 0.09 0.1  0.11 0.12 0.13 0.16
 0.19 0.2  0.23 0.24 0.29 0.3  0.31 0.32 0.36 0.52 0.52 0.53 0.54 0.56
 0.58 0.6  0.66 0.76 0.89 0.97 3.58]
var: 0.2948798000832983
| [0m30       [0m | [0m0.2865   [0m | [0m0.1212   [0m | [0m35.72    [0m | [0m2.419    [0m |
[0.04 0.1  0.11 0.13 0.17 0.21 0.26 0.34 0.36 0.37 0.4  0.44 0.44 0.5
 0.57 0.59 0.6  0.63 0.7  0.74 0.74 0.78 0.83 0.91 0.99 1.01 1.04 1.08
 1.14 1.17 1.19 1.2  1.24 1.25 1.27 1.32 1.43 1.44 1.44 1.45 1.46 1.52
 1.59 1.64 1.7  1.74 1.75 1.84 1.87 1.9  1.99 2.13 2.28 2.3  2.56 2.9 ]
var: 0.4629724170918371
| [0m31       [0m | [0m1.103    [0m | [0m0.2413   [0m | [0m12.03    [0m | [0m0.454    [0m |
[0.   0.   0.   0.   0.   0.   0.   0.   0.   0.   0.   0.   0.   0.
 0.   0.   0.   0.   0.   0.   0.01 0.05 0.06 0.06 0.07 0.08 0.1  0.12
 0.12 0.14 0.16 0.19 0.21 0.23 0.27 0.27 0.3  0.33 0.37 0.42 0.42 0.48
 0.49 0.52 0.55 0.57 0.67 0.82 0.85 0.98 1.38 2.04 2.57]
var: 0.2480377358490569
| [0m32       [0m | [0m0.3      [0m | [0m0.03644  [0m | [0m37.86    [0m | [0m0.9635   [0m |
[0.   0.   0.   0.   0.   0.   0.   0.   0.   0.   0.   0.   0.   0.
 0.   0.   0.   0.   0.   0.   0.   0.   0.02 0.03 0.04 0.1  0.11 0.15
 0.17 0.18 0.19 0.2  0.21 0.24 0.29 0.39 0.39 0.45 0.47 0.51 0.53 0.57
 0.61 0.71 0.72 0.73 0.75 0.75 0.78 0.79 0.89 1.18 1.24]
var: 0.11442036311854763
| [0m33       [0m | [0m0.2715   [0m | [0m0.05062  [0m | [0m48.09    [0m | [0m0.5339   [0m |
[0.   0.   0.   0.   0.   0.   0.   0.   0.   0.   0.   0.   0.   0.
 0.   0.   0.   0.   0.   0.   0.   0.   0.   0.   0.   0.   0.   0.
 0.01 0.01 0.02 0.04 0.06 0.08 0.08 0.09 0.09 0.09 0.11 0.11 0.13 0.14
 0.14 0.16 0.17 0.19 0.23 0.26 0.27 0.28 0.32 0.43 0.45 0.45 0.58 0.59]
var: 0.023328443877551168
| [0m34       [0m | [0m0.09964  [0m | [0m0.191    [0m | [0m47.93    [0m | [0m1.19     [0m |
[0.11 0.12 0.13 0.16 0.16 0.16 0.19 0.22 0.24 0.25 0.27 0.34 0.38 0.41
 0.45 0.48 0.49 0.54 0.55 0.56 0.62 0.69 0.7  0.75 0.76 0.77 0.79 0.79
 0.8  0.84 0.84 0.89 0.91 0.94 1.   1.03 1.04 1.05 1.14 1.15 1.24 1.32
 1.37 1.44 1.44 1.47 1.49 1.51 1.6  1.71 1.73 1.8  1.84 2.01 2.02 2.36
 2.55]
var: 0.36601040320098477
| [0m35       [0m | [0m0.923    [0m | [0m0.04023  [0m | [0m3.552    [0m | [0m0.6502   [0m |
[0.   0.   0.   0.   0.   0.   0.   0.   0.   0.   0.   0.   0.   0.
 0.   0.   0.   0.   0.   0.   0.   0.   0.   0.   0.   0.02 0.04 0.05
 0.06 0.08 0.12 0.15 0.21 0.21 0.21 0.22 0.22 0.26 0.26 0.28 0.3  0.31
 0.32 0.32 0.33 0.33 0.35 0.36 0.41 0.45 0.5  0.5  0.57 0.63 1.18 1.25]
var: 0.07024017857142864
| [0m36       [0m | [0m0.1875   [0m | [0m0.06566  [0m | [0m49.9     [0m | [0m2.59     [0m |
[0.16 0.36 0.37 0.37 0.45 0.5  0.54 0.57 0.57 0.6  0.63 0.65 0.67 0.67
 0.68 0.71 0.72 0.77 0.77 0.86 0.98 0.98 1.01 1.05 1.09 1.15 1.18 1.21
 1.23 1.25 1.26 1.29 1.34 1.36 1.39 1.39 1.41 1.47 1.5  1.52 1.52 1.57
 1.68 1.7  1.7  1.73 1.91 2.21 2.22 2.34 2.35 2.5  2.59 2.72 2.91 3.02
 3.4 ]
var: 0.5539243459526012
| [95m37       [0m | [95m1.311    [0m | [95m0.2849   [0m | [95m6.357    [0m | [95m0.4541   [0m |
[0.03 0.06 0.13 0.14 0.17 0.18 0.22 0.22 0.23 0.26 0.3  0.3  0.3  0.35
 0.39 0.43 0.43 0.45 0.45 0.48 0.49 0.58 0.59 0.71 0.76 0.76 0.76 0.77
 0.81 0.86 0.91 0.95 0.99 1.01 1.03 1.03 1.07 1.1  1.12 1.14 1.15 1.16
 1.24 1.3  1.34 1.48 1.51 1.56 1.72 1.97 2.19 2.25 2.35 3.3 ]
var: 0.43962167352537707
| [0m38       [0m | [0m0.8793   [0m | [0m0.279    [0m | [0m8.184    [0m | [0m2.583    [0m |
[0.02 0.09 0.1  0.12 0.17 0.2  0.22 0.27 0.29 0.31 0.31 0.32 0.4  0.42
 0.53 0.54 0.55 0.55 0.59 0.59 0.61 0.62 0.67 0.67 0.68 0.7  0.77 0.83
 0.86 0.87 0.89 0.97 0.98 0.98 0.99 1.   1.02 1.02 1.14 1.17 1.24 1.38
 1.38 1.42 1.47 1.57 1.58 1.6  1.62 1.67 1.74 1.74 1.75 1.83 3.38]
var: 0.37380396694214874
| [0m39       [0m | [0m0.8982   [0m | [0m0.2437   [0m | [0m3.965    [0m | [0m1.483    [0m |
[0.   0.   0.   0.   0.   0.   0.   0.   0.   0.   0.   0.   0.   0.
 0.   0.   0.   0.   0.   0.   0.   0.   0.02 0.1  0.1  0.16 0.18 0.21
 0.22 0.24 0.26 0.27 0.27 0.28 0.33 0.36 0.37 0.39 0.39 0.4  0.41 0.41
 0.42 0.49 0.55 0.57 0.59 0.65 0.65 0.66 0.69 0.72 0.74 0.85 0.97 1.47
 2.43]
var: 0.176647460757156
| [0m40       [0m | [0m0.3126   [0m | [0m0.1654   [0m | [0m30.79    [0m | [0m2.927    [0m |
[0.01 0.06 0.06 0.08 0.09 0.14 0.17 0.22 0.26 0.3  0.31 0.33 0.39 0.42
 0.43 0.47 0.47 0.47 0.48 0.48 0.48 0.5  0.52 0.55 0.55 0.59 0.6  0.64
 0.68 0.69 0.71 0.85 0.86 0.88 0.9  0.93 0.99 1.   1.07 1.08 1.11 1.13
 1.17 1.2  1.25 1.27 1.28 1.29 1.33 1.5  1.5  1.52 1.53 1.98 2.13 2.15]
var: 0.2746938456632653
| [0m41       [0m | [0m0.7866   [0m | [0m0.04642  [0m | [0m8.468    [0m | [0m0.001    [0m |
[0.08 0.09 0.16 0.18 0.2  0.2  0.22 0.24 0.25 0.25 0.26 0.3  0.34 0.36
 0.36 0.39 0.4  0.4  0.42 0.42 0.46 0.47 0.48 0.53 0.53 0.54 0.55 0.55
 0.55 0.59 0.59 0.6  0.61 0.62 0.62 0.66 0.66 0.69 0.7  0.76 0.79 0.81
 0.99 1.   1.   1.1  1.12 1.16 1.2  1.43 1.44 2.07]
var: 0.14887703402366845
| [0m42       [0m | [0m0.6037   [0m | [0m0.2598   [0m | [0m5.431    [0m | [0m0.01497  [0m |
[0.04 0.1  0.16 0.18 0.2  0.22 0.28 0.44 0.45 0.49 0.49 0.5  0.53 0.58
 0.65 0.73 0.76 0.76 0.8  0.81 0.85 0.9  0.93 0.93 0.95 0.95 0.96 1.01
 1.05 1.05 1.05 1.06 1.06 1.11 1.12 1.12 1.15 1.21 1.23 1.26 1.29 1.29
 1.69 1.91 1.91 1.95 2.22 2.26 2.33 3.03 3.32 4.48]
var: 0.6990976331360949
| [0m43       [0m | [0m1.112    [0m | [0m0.3      [0m | [0m7.018    [0m | [0m0.9374   [0m |
[0.01 0.11 0.11 0.15 0.18 0.19 0.2  0.2  0.21 0.39 0.4  0.42 0.44 0.54
 0.59 0.61 0.65 0.67 0.76 0.82 0.84 1.   1.05 1.06 1.14 1.16 1.17 1.17
 1.17 1.2  1.29 1.29 1.33 1.35 1.37 1.39 1.43 1.44 1.46 1.51 1.56 1.65
 1.66 1.67 1.69 1.79 1.82 1.99 2.   2.11 2.19 2.33 2.39 2.4  4.4 ]
var: 0.6223152396694213
| [0m44       [0m | [0m1.166    [0m | [0m0.3      [0m | [0m10.6     [0m | [0m0.4985   [0m |
[0.   0.06 0.1  0.11 0.12 0.13 0.16 0.19 0.21 0.23 0.23 0.25 0.26 0.26
 0.3  0.31 0.32 0.34 0.35 0.36 0.48 0.49 0.52 0.61 0.63 0.71 0.75 0.9
 0.91 0.91 0.91 0.98 0.99 1.01 1.03 1.06 1.16 1.2  1.21 1.23 1.27 1.28
 1.42 1.46 1.54 1.63 1.76 1.92 2.14 2.39 2.57 2.72]
var: 0.4623369822485205
| [0m45       [0m | [0m0.8477   [0m | [0m1e-08    [0m | [0m6.148    [0m | [0m1.14     [0m |
[0.29 0.67 0.68 0.69 0.7  0.71 0.82 0.85 0.89 0.92 1.   1.08 1.08 1.28
 1.29 1.33 1.39 1.41 1.45 1.47 1.5  1.54 1.56 1.59 1.61 1.66 1.68 1.76
 1.79 1.91 1.93 1.97 1.98 2.   2.02 2.04 2.09 2.17 2.17 2.19 2.27 2.28
 2.64 2.7  2.89 2.93 3.11 3.12 3.42 3.65 3.75 4.3  5.7 ]
var: 1.0335569953720192
| [95m46       [0m | [95m1.885    [0m | [95m0.07021  [0m | [95m6.784    [0m | [95m0.04429  [0m |
[0.15 0.21 0.22 0.26 0.27 0.27 0.29 0.31 0.32 0.32 0.34 0.41 0.49 0.55
 0.56 0.58 0.6  0.64 0.65 0.73 0.79 0.82 0.92 0.93 0.95 0.96 0.96 1.
 1.03 1.09 1.09 1.13 1.13 1.16 1.21 1.23 1.28 1.3  1.38 1.47 1.48 1.67
 1.69 1.73 1.74 1.82 1.84 2.09 2.58 3.04 3.57]
var: 0.5164908881199538
| [0m47       [0m | [0m1.044    [0m | [0m0.2138   [0m | [0m7.136    [0m | [0m0.02126  [0m |
[0.   0.   0.   0.   0.   0.   0.   0.   0.   0.   0.   0.   0.   0.
 0.   0.   0.   0.05 0.06 0.07 0.08 0.08 0.09 0.26 0.32 0.32 0.33 0.34
 0.38 0.45 0.48 0.49 0.53 0.58 0.6  0.62 0.64 0.65 0.65 0.66 0.67 0.7
 0.75 0.77 0.77 0.93 0.98 1.01 1.17 1.42 1.42 1.45 1.7  1.84 1.9 ]
var: 0.2696407933884303
| [0m48       [0m | [0m0.4765   [0m | [0m0.1354   [0m | [0m27.24    [0m | [0m2.217    [0m |
[0.   0.   0.   0.   0.   0.   0.   0.   0.   0.   0.   0.   0.   0.
 0.   0.   0.03 0.04 0.07 0.08 0.08 0.12 0.17 0.17 0.19 0.22 0.22 0.24
 0.24 0.28 0.28 0.3  0.33 0.33 0.33 0.33 0.36 0.4  0.4  0.4  0.41 0.42
 0.51 0.69 0.7  0.7  0.72 0.74 0.86 0.94 1.27]
var: 0.08597285659361795
| [0m49       [0m | [0m0.2661   [0m | [0m0.05516  [0m | [0m36.26    [0m | [0m1.127    [0m |
[0.01 0.3  0.33 0.54 0.57 0.68 0.71 0.71 0.77 0.94 0.98 0.99 1.11 1.11
 1.17 1.21 1.3  1.32 1.46 1.48 1.53 1.55 1.61 1.63 1.7  1.7  1.81 1.9
 1.92 2.04 2.06 2.13 2.18 2.2  2.23 2.24 2.26 2.31 2.34 2.39 2.49 2.65
 2.66 2.87 2.94 3.12 3.13 3.33 3.55 3.87 3.91 3.94 3.99 4.17]
var: 1.0797148148148146
| [95m50       [0m | [95m1.927    [0m | [95m0.06292  [0m | [95m6.477    [0m | [95m0.121    [0m |
[0.07 0.16 0.31 0.31 0.32 0.33 0.4  0.41 0.45 0.46 0.56 0.6  0.6  0.7
 0.73 0.73 0.76 0.79 0.83 0.87 0.87 1.   1.01 1.04 1.07 1.08 1.11 1.16
 1.17 1.31 1.6  1.6  1.61 1.62 1.71 1.72 1.73 1.79 1.87 2.04 2.11 2.18
 2.18 2.22 2.31 2.32 2.37 2.44 2.55 2.58 2.68 2.69 3.1  3.23 3.29]
var: 0.742504793388429
| [0m51       [0m | [0m1.395    [0m | [0m0.005563 [0m | [0m6.664    [0m | [0m0.301    [0m |
[0.   0.08 0.17 0.18 0.18 0.18 0.18 0.19 0.22 0.29 0.31 0.32 0.32 0.32
 0.33 0.34 0.35 0.35 0.35 0.37 0.38 0.44 0.44 0.44 0.48 0.51 0.52 0.56
 0.58 0.6  0.63 0.7  0.71 0.71 0.72 0.76 0.84 0.86 0.93 0.96 0.96 0.98
 1.05 1.11 1.14 1.25 1.26 1.28 1.36 1.38 1.48 1.79 1.83 1.94 2.15]
var: 0.2555921983471074
| [0m52       [0m | [0m0.7047   [0m | [0m0.1112   [0m | [0m6.449    [0m | [0m0.005369 [0m |
[0.49 0.66 0.76 0.78 0.83 0.84 0.96 1.01 1.01 1.04 1.13 1.31 1.32 1.43
 1.47 1.52 1.7  1.74 1.78 1.81 1.83 1.96 2.01 2.04 2.08 2.22 2.23 2.34
 2.34 2.43 2.45 2.47 2.53 2.59 2.6  2.64 2.85 2.95 3.08 3.14 3.25 3.29
 3.34 3.46 3.56 3.74 4.13 4.34 4.67 5.01 5.16 5.68 7.82]
var: 2.0478053399786407
| [95m53       [0m | [95m2.449    [0m | [95m0.006587 [0m | [95m6.678    [0m | [95m0.1619   [0m |
[0.   0.32 0.33 0.33 0.38 0.44 0.52 0.54 0.63 0.66 0.77 0.78 0.83 0.84
 0.85 0.89 0.9  0.93 0.93 0.97 0.97 0.98 1.06 1.12 1.15 1.17 1.21 1.23
 1.25 1.27 1.32 1.33 1.35 1.4  1.4  1.49 1.57 1.65 1.75 1.85 1.89 1.94
 1.97 2.09 2.2  2.24 2.25 2.34 2.42 2.48 2.69 2.72 4.41 5.08]
var: 0.8629839506172842
| [0m54       [0m | [0m1.409    [0m | [0m0.01789  [0m | [0m6.617    [0m | [0m0.2817   [0m |
[0.   0.   0.   0.64 0.65 0.93 0.99 1.12 1.16 1.22 1.28 1.39 1.62 1.62
 1.85 1.96 2.02 2.03 2.22 2.23 2.24 2.25 2.32 2.43 2.46 2.46 2.52 2.55
 2.57 2.62 2.66 2.66 2.71 2.76 2.86 2.86 2.91 2.91 3.16 3.22 3.32 3.4
 3.5  3.7  3.73 3.74 3.75 3.8  3.89 4.33 4.64 5.17 5.7 ]
var: 1.5207997864008558
| [95m55       [0m | [95m2.467    [0m | [95m0.003052 [0m | [95m6.635    [0m | [95m0.09549  [0m |
[0.   0.04 0.04 0.05 0.07 0.07 0.08 0.08 0.08 0.1  0.11 0.14 0.15 0.18
 0.19 0.19 0.22 0.22 0.22 0.23 0.24 0.25 0.29 0.3  0.33 0.33 0.35 0.35
 0.36 0.41 0.42 0.43 0.44 0.45 0.46 0.5  0.54 0.55 0.56 0.56 0.58 0.6
 0.61 0.62 0.66 0.69 0.69 0.71 0.71 0.73 0.76 0.77 0.78 0.79 0.84 0.94
 1.32 2.8 ]
var: 0.17303258026159385
| [0m56       [0m | [0m0.4514   [0m | [0m0.1369   [0m | [0m1.665    [0m | [0m0.5657   [0m |
[0.02 0.16 0.45 0.5  0.54 0.55 0.64 0.64 0.67 0.72 0.77 0.78 0.81 0.83
 0.85 0.91 0.94 1.11 1.11 1.12 1.18 1.3  1.36 1.51 1.57 1.59 1.6  1.64
 1.75 1.78 1.81 1.84 1.85 1.88 1.92 1.93 1.96 1.97 2.06 2.28 2.3  2.43
 2.46 2.56 2.57 2.71 2.72 3.19 3.51 3.61 3.64 3.98 4.01 5.33 7.8 ]
var: 1.8255724297520657
| [0m57       [0m | [0m1.849    [0m | [0m0.0721   [0m | [0m6.632    [0m | [0m0.09028  [0m |
[0.   0.   0.38 0.41 0.51 0.64 0.72 1.03 1.07 1.09 1.39 1.52 1.53 1.63
 1.66 1.85 1.88 1.94 1.97 2.01 2.5  2.61 2.62 2.77 2.81 2.84 3.   3.05
 3.14 3.15 3.15 3.18 3.26 3.3  3.39 3.42 3.49 3.52 3.71 3.9  3.92 3.96
 3.98 4.27 4.79 4.95 5.11 5.22 5.23 5.3  5.43 5.86 5.95 6.18 6.31]
var: 2.799206611570248
| [95m58       [0m | [95m2.955    [0m | [95m1e-08    [0m | [95m6.719    [0m | [95m0.1001   [0m |
[0.07 0.35 0.37 0.37 0.54 0.55 0.58 0.7  0.99 1.14 1.21 1.72 1.76 1.86
 1.86 1.87 1.91 1.95 1.96 2.11 2.28 2.33 2.37 2.52 2.62 2.63 2.66 2.71
 2.83 2.9  3.03 3.11 3.12 3.2  3.38 3.39 3.42 3.54 3.65 3.93 3.98 4.31
 4.44 4.7  4.78 5.58 5.69 5.72 5.88 5.96 6.13 6.41]
var: 2.8431258505917167
| [0m59       [0m | [0m2.828    [0m | [0m1e-08    [0m | [0m6.772    [0m | [0m0.1324   [0m |
[0.2  0.24 0.4  0.47 0.52 0.7  0.86 0.93 0.96 0.99 1.02 1.19 1.19 1.39
 1.51 1.82 1.84 2.13 2.29 2.33 2.43 2.48 2.51 2.51 2.54 2.56 2.62 2.79
 3.08 3.12 3.13 3.36 3.43 3.46 3.51 3.55 3.87 4.83]
var: 1.344177285318558
| [0m60       [0m | [0m2.073    [0m | [0m0.0345   [0m | [0m6.865    [0m | [0m0.06011  [0m |
[0.12 0.25 0.29 0.33 0.54 0.59 0.8  0.92 0.92 0.96 1.02 1.04 1.17 1.43
 1.43 1.51 1.66 1.72 1.88 1.89 1.94 2.   2.07 2.1  2.15 2.15 2.21 2.33
 2.38 2.42 2.56 2.74 2.8  2.83 2.9  2.92 2.96 3.11 3.31 3.33 3.35 3.49
 3.55 3.86 3.91 4.06 4.18 4.88 5.16 5.22 5.68 6.3  7.48]
var: 2.5414358846564626
| [0m61       [0m | [0m2.506    [0m | [0m1e-08    [0m | [0m6.86     [0m | [0m0.1936   [0m |
[0.   0.   0.   0.   0.   0.   0.   0.   0.   0.   0.   0.   0.   0.
 0.   0.   0.   0.   0.   0.01 0.01 0.02 0.04 0.08 0.11 0.13 0.14 0.15
 0.15 0.19 0.21 0.22 0.23 0.24 0.24 0.25 0.27 0.29 0.29 0.32 0.32 0.33
 0.34 0.43 0.46 0.53 0.57 0.58 0.62 0.75 1.  ]
var: 0.05177124183006536
| [0m62       [0m | [0m0.1867   [0m | [0m0.005802 [0m | [0m47.56    [0m | [0m1.11     [0m |
[0.   0.04 0.5  0.73 0.79 0.8  0.81 0.91 0.98 1.1  1.11 1.14 1.15 1.18
 1.2  1.22 1.24 1.25 1.27 1.27 1.35 1.41 1.55 1.6  1.6  1.61 1.67 1.7
 1.73 1.75 1.85 1.93 2.01 2.27 2.29 2.36 2.4  2.41 2.5  2.53 2.54 2.55
 2.74 2.87 2.9  2.93 2.94 3.43 3.43 3.44 3.51 3.65 3.9  4.17 4.61 5.25
 6.42 7.52]
var: 2.034353656361474
| [0m63       [0m | [0m2.173    [0m | [0m1e-08    [0m | [0m7.007    [0m | [0m0.2318   [0m |
[0.   0.   0.   0.09 0.11 0.19 0.26 0.39 0.45 0.46 0.5  0.51 0.51 0.54
 0.56 0.74 0.74 0.91 0.93 1.   1.03 1.12 1.16 1.19 1.35 1.47 1.53 1.65
 1.7  1.73 1.82 1.83 1.95 1.99 2.01 2.02 2.17 2.25 2.33 2.59 2.76 2.8
 2.94 3.15 3.25 3.29 3.32 3.45 4.01 4.24 5.78]
var: 1.6036011534025376
| [0m64       [0m | [0m1.623    [0m | [0m1e-08    [0m | [0m6.951    [0m | [0m0.3888   [0m |
[0.   0.   0.   0.   0.   0.   0.   0.   0.   0.   0.   0.   0.   0.
 0.   0.   0.   0.   0.   0.   0.   0.   0.   0.01 0.05 0.05 0.06 0.06
 0.07 0.12 0.15 0.15 0.16 0.23 0.24 0.25 0.25 0.27 0.31 0.33 0.34 0.35
 0.39 0.49 0.5  0.54 0.54 0.55 0.55 0.57 0.6  0.61 0.63 0.77 0.79 1.11
 1.32 1.35]
var: 0.11027300832342467
| [0m65       [0m | [0m0.2545   [0m | [0m0.1671   [0m | [0m47.65    [0m | [0m2.527    [0m |
[0.04 0.05 0.06 0.14 0.31 0.36 0.36 0.36 0.41 0.42 0.43 0.44 0.45 0.5
 0.59 0.64 0.74 0.77 0.78 0.8  0.81 0.86 0.88 0.93 0.94 0.95 1.   1.09
 1.11 1.18 1.21 1.22 1.23 1.26 1.27 1.27 1.28 1.28 1.28 1.31 1.35 1.37
 1.41 1.43 1.44 1.46 1.46 1.51 1.55 1.62 1.69 1.7  1.74 1.78 1.83 1.97
 2.15 2.42 2.56 3.23]
var: 0.4047982222222221
| [0m66       [0m | [0m1.111    [0m | [0m0.235    [0m | [0m12.02    [0m | [0m0.4897   [0m |
[0.   0.21 0.41 0.43 0.55 0.68 0.9  0.95 1.   1.16 1.17 1.19 1.23 1.27
 1.29 1.33 1.44 1.48 1.62 1.73 1.75 1.75 1.79 1.8  1.91 2.   2.05 2.14
 2.5  2.61 2.77 2.86 2.89 3.02 3.03 3.19 3.29 3.31 3.51 3.52 3.61 3.76
 3.97 4.01 4.02 4.1  4.13 4.58 4.87 5.39 5.42 5.43 6.42 6.69]
var: 2.591945850480108
| [0m67       [0m | [0m2.558    [0m | [0m1e-08    [0m | [0m6.742    [0m | [0m0.06176  [0m |
[0.   0.   0.   0.07 0.09 0.1  0.18 0.22 0.24 0.28 0.29 0.31 0.33 0.35
 0.37 0.39 0.39 0.43 0.51 0.58 0.62 0.64 0.66 0.68 0.72 0.73 0.74 0.8
 0.82 0.83 0.85 0.86 0.95 0.96 1.06 1.08 1.08 1.13 1.3  1.31 1.31 1.33
 1.33 1.37 1.56 1.58 1.76 1.77 1.79 2.   2.18 2.27 2.54 3.27]
var: 0.49362568587105643
| [0m68       [0m | [0m0.9076   [0m | [0m0.0831   [0m | [0m16.43    [0m | [0m0.399    [0m |
[0.13 0.17 0.22 0.22 0.25 0.34 0.37 0.4  0.42 0.5  0.51 0.63 0.67 0.68
 0.73 0.81 0.86 0.86 0.9  0.94 0.96 0.99 1.04 1.05 1.07 1.1  1.14 1.15
 1.17 1.17 1.19 1.2  1.21 1.21 1.22 1.24 1.26 1.3  1.31 1.33 1.34 1.45
 1.57 1.68 1.75 1.78 1.79 1.83 1.87 1.91 2.79 2.86 3.15 3.18]
var: 0.48636148834019155
| [0m69       [0m | [0m1.164    [0m | [0m0.1736   [0m | [0m6.849    [0m | [0m0.2714   [0m |
[0.07 0.16 0.17 0.28 0.4  0.43 0.49 0.51 0.6  0.65 0.67 0.73 0.74 0.77
 0.83 0.84 0.86 0.89 1.05 1.1  1.21 1.27 1.29 1.34 1.35 1.36 1.43 1.51
 1.53 1.58 1.68 1.69 1.71 1.86 1.9  1.95 2.08 2.21 2.25 2.32 2.43 2.7
 3.81]
var: 0.5989560843699294
| [0m70       [0m | [0m1.272    [0m | [0m0.2742   [0m | [0m6.357    [0m | [0m0.4535   [0m |
[0.15 0.33 0.4  0.47 0.65 0.69 0.76 0.81 0.82 0.85 0.9  0.95 0.96 0.99
 1.03 1.26 1.26 1.3  1.31 1.31 1.37 1.38 1.39 1.45 1.45 1.45 1.49 1.49
 1.51 1.52 1.57 1.61 1.62 1.67 1.69 1.78 1.87 1.95 1.95 2.25 2.27 2.28
 2.35 2.5  2.64 2.67 2.93 3.   3.21 3.23 3.35 3.61 3.9  4.43]
var: 0.8798800068587112
| [0m71       [0m | [0m1.704    [0m | [0m0.05791  [0m | [0m6.775    [0m | [0m0.1422   [0m |
[0.   0.   0.   0.   0.   0.   0.   0.   0.   0.   0.   0.   0.   0.
 0.   0.   0.   0.   0.   0.   0.07 0.08 0.09 0.1  0.15 0.16 0.17 0.19
 0.2  0.22 0.24 0.29 0.29 0.34 0.38 0.39 0.5  0.56 0.57 0.58 0.59 0.63
 0.71 0.8  0.97 1.   1.16 1.25 2.39]
var: 0.20222665556018357
| [0m72       [0m | [0m0.3076   [0m | [0m0.2717   [0m | [0m27.85    [0m | [0m2.708    [0m |
[0.   0.   0.   0.01 0.04 0.05 0.13 0.2  0.21 0.22 0.31 0.35 0.45 0.56
 0.61 0.67 0.69 0.78 0.79 0.83 0.85 0.98 1.35 1.36 1.37 1.38 1.44 1.57
 1.64 1.77 1.91 2.03 2.04 2.48 2.63 2.75 2.78 2.81 2.84 3.56 3.87 4.06
 4.08 4.18 4.22 4.46 4.53 4.58 6.26]
var: 2.513413244481465
| [0m73       [0m | [0m1.769    [0m | [0m1e-08    [0m | [0m6.952    [0m | [0m0.131    [0m |
[0.   0.   0.   0.04 0.06 0.1  0.14 0.16 0.17 0.19 0.22 0.24 0.32 0.32
 0.36 0.38 0.4  0.4  0.45 0.48 0.51 0.57 0.6  0.7  0.74 0.74 0.93 0.94
 1.06 1.09 1.09 1.1  1.18 1.2  1.24 1.25 1.33 1.36 1.36 1.73 1.83 2.01
 2.13 2.3  2.33 2.48 2.62 3.05 3.41 3.68 3.89 6.05]
var: 1.4484373890532554
| [0m74       [0m | [0m1.172    [0m | [0m1e-08    [0m | [0m7.151    [0m | [0m0.3016   [0m |
[0.   0.   0.14 0.28 0.36 0.4  0.46 0.47 0.58 0.63 0.74 0.75 0.96 1.04
 1.08 1.11 1.11 1.13 1.14 1.17 1.19 1.22 1.22 1.4  1.5  1.7  1.71 1.75
 1.77 1.78 1.79 1.81 1.89 1.92 1.96 2.2  2.38 2.6  2.62 2.76 2.81 2.87
 2.88 3.08 3.26 3.28 3.37 3.37 3.4  3.7  3.72 4.11 4.14 4.23]
var: 1.3536432098765434
| [0m75       [0m | [0m1.832    [0m | [0m0.02165  [0m | [0m6.265    [0m | [0m0.167    [0m |
[0.19 0.25 0.39 0.43 0.51 0.56 0.76 0.92 0.98 0.99 1.03 1.12 1.24 1.26
 1.34 1.38 1.4  1.41 1.7  1.74 1.74 1.82 1.87 1.89 2.09 2.13 2.31 2.35
 2.39 2.4  2.41 2.42 2.45 2.54 2.54 2.89 2.95 2.98 3.1  3.13 3.16 3.2
 3.2  3.33 3.49 3.62 3.71 3.78 3.87 3.87 4.11 4.14 4.18 4.26 4.53 4.62
 5.17 5.28]
var: 1.7118730083234242
| [0m76       [0m | [0m2.406    [0m | [0m0.0008744[0m | [0m6.407    [0m | [0m0.2535   [0m |
[0.   0.   0.   0.07 0.16 0.21 0.22 0.27 0.3  0.31 0.32 0.47 0.5  0.54
 0.54 0.58 0.6  0.6  0.61 0.64 0.66 0.71 0.73 0.73 0.84 0.84 0.89 0.92
 0.93 0.95 0.99 1.09 1.13 1.15 1.15 1.17 1.3  1.32 1.45 1.45 1.48 1.49
 1.56 1.58 1.77 1.8  1.82 1.99 2.03 2.09 2.18 2.44 2.56 3.03 3.16 5.34]
var: 0.881150382653062
| [0m77       [0m | [0m1.137    [0m | [0m0.01263  [0m | [0m6.454    [0m | [0m0.4831   [0m |
[0.11 0.2  0.27 0.29 0.33 0.34 0.37 0.38 0.39 0.43 0.53 0.58 0.62 0.62
 0.64 0.66 0.67 0.67 0.68 0.74 0.74 0.76 0.77 0.77 0.79 0.81 0.83 0.86
 0.91 0.96 0.97 0.99 1.05 1.05 1.08 1.1  1.12 1.14 1.14 1.19 1.22 1.28
 1.28 1.41 1.51 1.62 1.68 1.69 1.87 1.97 2.51 2.67 2.75 2.76 2.87 3.41]
var: 0.5422374681122444
| [0m78       [0m | [0m1.09     [0m | [0m0.2047   [0m | [0m6.232    [0m | [0m0.2899   [0m |
[0.18 0.25 0.3  0.36 0.41 0.42 0.42 0.48 0.5  0.55 0.56 0.58 0.61 0.62
 0.68 0.69 0.76 0.79 0.79 0.8  0.81 0.82 0.83 0.83 0.86 0.92 0.94 0.98
 0.99 1.01 1.07 1.13 1.17 1.24 1.27 1.39 1.48 1.68 1.7  1.71 1.74 1.78
 1.84 1.93 2.   2.13 2.32 2.45 2.55 2.66 2.73 2.81 2.93 3.5  3.75 4.7 ]
var: 0.9265693877551028
| [0m79       [0m | [0m1.346    [0m | [0m0.1466   [0m | [0m6.45     [0m | [0m0.235    [0m |
[0.   0.   0.   0.   0.   0.   0.   0.   0.   0.   0.   0.   0.   0.
 0.   0.   0.   0.   0.   0.   0.   0.   0.02 0.02 0.03 0.04 0.12 0.13
 0.15 0.16 0.2  0.2  0.22 0.24 0.37 0.46 0.48 0.52 0.6  0.64 0.74 0.79
 0.93 1.05 1.1  1.15 1.24 1.29 1.34 1.47 2.15]
var: 0.25671372549019617
| [0m80       [0m | [0m0.35     [0m | [0m0.08129  [0m | [0m27.74    [0m | [0m1.756    [0m |
=============================================================
None
num_trials:  40  inits,  40  iters,  60  per
rho:  25
pthin:  1.00

Best VPT: 2.9545454545454555
Best result: {'a': 1e-08, 'g': 6.719007395180863, 's': 0.10012253237211081}

KERNEL: nu=1.5, lengthscale=2.0, alpha=0.0005
