|   iter    |  target   |     a     |     g     |     s     |
-------------------------------------------------------------
[0.   0.   0.   0.   0.   0.   0.01 0.01 0.01 0.02 0.02 0.02 0.03 0.04
 0.05 0.05 0.07 0.09 0.09 0.09 0.09 0.11 0.12 0.13 0.14 0.14 0.16 0.16
 0.16 0.17 0.17 0.18 0.18 0.18 0.19 0.19 0.25 0.27 0.29 0.29 0.3  0.3
 0.31 0.33 0.34 0.36 0.38 0.39 0.4  0.43 0.44 0.44 0.53 0.53 0.53 0.54
 0.59 0.6  0.87]
var: 0.03773427176098811
| [0m1        [0m | [0m0.2166   [0m | [0m0.1195   [0m | [0m31.23    [0m | [0m2.985    [0m |
[0.03 0.09 0.09 0.11 0.11 0.12 0.16 0.19 0.22 0.23 0.26 0.27 0.27 0.33
 0.35 0.37 0.38 0.4  0.43 0.43 0.44 0.47 0.48 0.63 0.63 0.64 0.66 0.68
 0.68 0.74 0.78 0.78 0.81 0.82 0.86 0.88 0.89 0.96 0.96 1.06 1.12 1.18
 1.24 1.26 1.27 1.29 1.41 1.42 1.44 1.49 1.57 1.62 1.75 1.84 1.91 2.
 2.47]
var: 0.32646137273007075
| [95m2        [0m | [95m0.8065   [0m | [95m0.01294  [0m | [95m10.14    [0m | [95m1.417    [0m |
[0.   0.   0.   0.01 0.01 0.03 0.04 0.04 0.04 0.05 0.09 0.11 0.13 0.14
 0.14 0.15 0.16 0.16 0.18 0.18 0.18 0.18 0.19 0.19 0.2  0.21 0.21 0.23
 0.23 0.24 0.24 0.25 0.27 0.29 0.32 0.32 0.33 0.34 0.35 0.35 0.35 0.36
 0.37 0.37 0.38 0.38 0.41 0.41 0.47 0.48 0.48 0.52 0.58 0.62 0.74 0.77
 0.77 1.06 1.11]
var: 0.057265670784257566
| [0m3        [0m | [0m0.2951   [0m | [0m0.002309 [0m | [0m23.53    [0m | [0m2.755    [0m |
[0.53 0.56 0.56 0.57 0.59 0.64 0.7  0.85 0.87 0.96 0.96 1.01 1.03 1.04
 1.2  1.23 1.25 1.25 1.3  1.35 1.39 1.39 1.4  1.41 1.45 1.56 1.57 1.58
 1.61 1.62 1.66 1.74 1.74 1.75 1.77 1.87 1.93 1.94 1.96 2.   2.   2.01
 2.02 2.06 2.07 2.07 2.08 2.21 2.34 2.47 2.49 2.55 2.63 3.47 3.72 4.79
 6.34]
var: 0.9990423514927668
| [95m4        [0m | [95m1.739    [0m | [95m0.1073   [0m | [95m25.3     [0m | [95m0.09465  [0m |
[0.07 0.07 0.08 0.1  0.1  0.14 0.14 0.16 0.16 0.17 0.18 0.18 0.18 0.2
 0.2  0.2  0.21 0.22 0.24 0.26 0.27 0.28 0.29 0.29 0.3  0.31 0.33 0.33
 0.34 0.35 0.35 0.35 0.35 0.36 0.4  0.4  0.41 0.41 0.44 0.45 0.46 0.48
 0.51 0.53 0.54 0.56 0.57 0.58 0.6  0.68 0.69 0.71 0.75 0.84 0.85 0.87
 0.98 1.12 1.13]
var: 0.06536196495259976
| [0m5        [0m | [0m0.402    [0m | [0m0.05238  [0m | [0m3.289    [0m | [0m2.772    [0m |
[0.06 0.07 0.07 0.09 0.12 0.13 0.15 0.17 0.26 0.28 0.29 0.3  0.34 0.37
 0.38 0.38 0.39 0.39 0.42 0.44 0.44 0.46 0.49 0.52 0.56 0.56 0.56 0.67
 0.68 0.69 0.72 0.72 0.77 0.78 0.92 0.92 0.98 0.98 1.   1.07 1.11 1.11
 1.11 1.17 1.26 1.29 1.3  1.35 1.35 1.39 1.46 1.52 1.56 1.57 1.68 1.72
 1.8  2.1  2.15]
var: 0.2961274920999713
| [0m6        [0m | [0m0.8066   [0m | [0m0.1351   [0m | [0m15.86    [0m | [0m0.4369   [0m |
[0.   0.02 0.09 0.1  0.11 0.13 0.14 0.17 0.17 0.2  0.24 0.25 0.25 0.27
 0.32 0.36 0.37 0.37 0.38 0.4  0.4  0.41 0.42 0.43 0.44 0.45 0.46 0.46
 0.51 0.52 0.54 0.55 0.56 0.59 0.6  0.6  0.62 0.69 0.74 0.74 0.76 0.81
 0.87 0.92 0.96 0.99 1.04 1.07 1.08 1.11 1.12 1.2  1.22 1.3  1.33 1.36
 1.83 2.37]
var: 0.20974842449464864
| [0m7        [0m | [0m0.6278   [0m | [0m0.0717   [0m | [0m17.87    [0m | [0m1.756    [0m |
[0.01 0.04 0.04 0.04 0.07 0.07 0.16 0.19 0.2  0.2  0.25 0.27 0.31 0.31
 0.31 0.32 0.33 0.34 0.4  0.5  0.51 0.54 0.55 0.57 0.58 0.6  0.62 0.65
 0.66 0.66 0.67 0.67 0.72 0.72 0.78 0.8  0.8  0.81 0.89 0.91 0.92 0.93
 0.99 1.03 1.04 1.06 1.06 1.09 1.09 1.11 1.18 1.24 1.3  1.36 1.38 1.41
 1.54 1.58 2.15 3.52]
var: 0.33462097222222265
| [0m8        [0m | [0m0.7508   [0m | [0m0.1591   [0m | [0m37.96    [0m | [0m0.464    [0m |
[0.   0.01 0.03 0.04 0.08 0.11 0.16 0.18 0.19 0.22 0.22 0.23 0.25 0.26
 0.27 0.32 0.41 0.43 0.44 0.45 0.45 0.46 0.46 0.48 0.5  0.52 0.56 0.59
 0.63 0.65 0.65 0.65 0.66 0.67 0.67 0.68 0.7  0.71 0.73 0.73 0.76 0.76
 0.81 0.81 0.82 0.83 0.89 0.91 0.92 0.93 0.97 1.03 1.04 1.18 1.19 1.22
 1.27 1.46]
var: 0.11961180142687287
| [0m9        [0m | [0m0.5905   [0m | [0m0.08997  [0m | [0m11.24    [0m | [0m1.079    [0m |
[0.   0.   0.   0.02 0.03 0.04 0.04 0.04 0.05 0.05 0.06 0.07 0.08 0.09
 0.1  0.1  0.14 0.14 0.17 0.18 0.2  0.2  0.2  0.23 0.24 0.24 0.24 0.25
 0.28 0.29 0.29 0.3  0.3  0.31 0.31 0.31 0.31 0.32 0.34 0.34 0.34 0.36
 0.36 0.36 0.36 0.39 0.39 0.4  0.43 0.43 0.44 0.48 0.5  0.52 0.55 0.56
 0.7  0.89]
var: 0.03362497027348398
| [0m10       [0m | [0m0.2648   [0m | [0m0.07258  [0m | [0m32.31    [0m | [0m2.595    [0m |
[0.   0.   0.   0.   0.01 0.01 0.02 0.03 0.03 0.03 0.04 0.07 0.08 0.12
 0.13 0.13 0.15 0.15 0.17 0.17 0.2  0.21 0.22 0.27 0.27 0.28 0.29 0.31
 0.31 0.4  0.45 0.45 0.45 0.5  0.51 0.52 0.52 0.52 0.53 0.54 0.56 0.56
 0.59 0.6  0.61 0.67 0.68 0.69 0.7  0.71 0.72 0.73 0.94 0.95 1.09 1.32
 1.35 1.71]
var: 0.13636483353151033
| [0m11       [0m | [0m0.4184   [0m | [0m0.1344   [0m | [0m26.96    [0m | [0m1.808    [0m |
[0.   0.   0.   0.01 0.01 0.01 0.11 0.12 0.12 0.14 0.15 0.16 0.17 0.21
 0.23 0.25 0.25 0.31 0.32 0.34 0.35 0.36 0.39 0.39 0.4  0.4  0.4  0.4
 0.4  0.41 0.41 0.41 0.43 0.44 0.45 0.46 0.46 0.47 0.48 0.48 0.49 0.5
 0.51 0.6  0.6  0.61 0.61 0.62 0.63 0.68 0.74 0.79 0.89 0.91 0.98 0.98
 1.06 1.25 1.32 1.68]
var: 0.11346208333333364
| [0m12       [0m | [0m0.4625   [0m | [0m0.07473  [0m | [0m27.42    [0m | [0m1.729    [0m |
[0.   0.01 0.02 0.03 0.03 0.04 0.05 0.05 0.05 0.05 0.07 0.07 0.08 0.08
 0.09 0.11 0.11 0.13 0.13 0.13 0.14 0.14 0.14 0.16 0.19 0.19 0.19 0.24
 0.24 0.25 0.25 0.26 0.27 0.29 0.3  0.3  0.32 0.33 0.34 0.34 0.38 0.38
 0.41 0.42 0.42 0.44 0.45 0.5  0.51 0.53 0.55 0.55 0.56 0.63 0.68 0.7
 0.86 1.04]
var: 0.05085160523186682
| [0m13       [0m | [0m0.2797   [0m | [0m0.05204  [0m | [0m38.77    [0m | [0m2.669    [0m |
[0.   0.   0.   0.   0.   0.01 0.01 0.06 0.06 0.07 0.07 0.1  0.16 0.16
 0.16 0.18 0.2  0.2  0.2  0.2  0.21 0.21 0.22 0.24 0.24 0.25 0.26 0.26
 0.27 0.28 0.28 0.28 0.28 0.31 0.31 0.31 0.32 0.34 0.34 0.34 0.35 0.36
 0.39 0.4  0.4  0.41 0.41 0.42 0.43 0.45 0.48 0.52 0.62 0.69 0.7  0.74
 0.74 0.79 0.94 0.97]
var: 0.05205333333333325
| [0m14       [0m | [0m0.31     [0m | [0m0.1175   [0m | [0m0.5281   [0m | [0m2.961    [0m |
[0.   0.   0.   0.01 0.02 0.02 0.02 0.07 0.07 0.07 0.08 0.08 0.11 0.13
 0.15 0.15 0.16 0.17 0.17 0.19 0.24 0.24 0.25 0.28 0.34 0.34 0.34 0.35
 0.37 0.38 0.43 0.44 0.46 0.49 0.51 0.52 0.52 0.54 0.55 0.57 0.59 0.61
 0.61 0.62 0.66 0.67 0.68 0.7  0.75 0.96 1.   1.07 1.07 1.07 1.09 1.1
 1.13 1.31 1.53 1.69]
var: 0.16388566666666673
| [0m15       [0m | [0m0.479    [0m | [0m0.003455 [0m | [0m30.65    [0m | [0m1.568    [0m |
[0.32 0.37 0.5  0.65 0.66 0.68 0.72 0.73 0.73 0.75 0.79 0.83 0.84 0.9
 0.97 1.01 1.04 1.05 1.09 1.12 1.14 1.16 1.17 1.19 1.22 1.28 1.33 1.35
 1.4  1.44 1.51 1.52 1.53 1.6  1.62 1.63 1.65 1.69 1.69 1.77 1.82 1.82
 1.87 1.88 1.99 2.01 2.05 2.09 2.1  2.32 2.41 2.46 2.5  2.68 2.88 3.66
 3.72 3.95 4.91]
var: 0.8041772479172663
| [0m16       [0m | [0m1.589    [0m | [0m0.1139   [0m | [0m6.482    [0m | [0m0.06164  [0m |
[0.   0.   0.   0.01 0.02 0.02 0.02 0.04 0.05 0.05 0.05 0.06 0.1  0.13
 0.13 0.14 0.14 0.17 0.17 0.17 0.18 0.18 0.19 0.2  0.21 0.23 0.24 0.25
 0.25 0.27 0.28 0.28 0.31 0.33 0.39 0.41 0.42 0.43 0.44 0.44 0.45 0.45
 0.46 0.46 0.47 0.47 0.48 0.5  0.52 0.52 0.57 0.59 0.61 0.64 0.64 0.8
 0.83 0.94 1.22]
var: 0.06495708129847722
| [0m17       [0m | [0m0.3224   [0m | [0m0.07089  [0m | [0m36.8     [0m | [0m2.089    [0m |
[0.   0.01 0.02 0.05 0.05 0.07 0.09 0.09 0.09 0.12 0.13 0.13 0.17 0.18
 0.18 0.2  0.23 0.25 0.26 0.26 0.27 0.27 0.28 0.31 0.31 0.36 0.37 0.37
 0.38 0.38 0.39 0.4  0.4  0.42 0.44 0.45 0.46 0.49 0.5  0.54 0.55 0.58
 0.58 0.62 0.62 0.64 0.67 0.68 0.71 0.72 0.79 0.82 0.87 0.91 0.92 1.08
 1.17 1.22 2.28]
var: 0.14368882505027258
| [0m18       [0m | [0m0.4542   [0m | [0m0.124    [0m | [0m22.48    [0m | [0m2.343    [0m |
[0.   0.   0.   0.01 0.01 0.03 0.04 0.04 0.05 0.05 0.06 0.06 0.07 0.07
 0.08 0.09 0.1  0.1  0.11 0.12 0.13 0.13 0.14 0.15 0.15 0.15 0.15 0.17
 0.18 0.19 0.22 0.22 0.23 0.26 0.26 0.27 0.28 0.28 0.28 0.29 0.29 0.3
 0.32 0.34 0.34 0.35 0.36 0.4  0.43 0.43 0.45 0.49 0.6  0.6  0.61 0.65
 0.72 0.84 0.96]
var: 0.04635690893421438
| [0m19       [0m | [0m0.2492   [0m | [0m0.1074   [0m | [0m34.7     [0m | [0m1.963    [0m |
[0.01 0.02 0.03 0.03 0.04 0.05 0.06 0.08 0.08 0.1  0.11 0.17 0.19 0.21
 0.23 0.26 0.32 0.35 0.36 0.4  0.41 0.41 0.43 0.46 0.46 0.5  0.51 0.52
 0.56 0.59 0.61 0.61 0.62 0.62 0.63 0.64 0.67 0.68 0.68 0.68 0.7  0.72
 0.72 0.8  0.85 0.88 0.88 0.89 0.92 0.96 1.   1.11 1.14 1.18 1.28 1.33
 1.35 1.72 1.73]
var: 0.17291956334386677
| [0m20       [0m | [0m0.5856   [0m | [0m0.1127   [0m | [0m20.46    [0m | [0m1.429    [0m |
[0.   0.   0.03 0.05 0.05 0.05 0.06 0.07 0.09 0.09 0.13 0.14 0.19 0.19
 0.21 0.21 0.21 0.23 0.25 0.25 0.26 0.28 0.28 0.29 0.32 0.33 0.34 0.35
 0.37 0.37 0.4  0.4  0.4  0.4  0.41 0.41 0.42 0.42 0.42 0.44 0.45 0.46
 0.47 0.48 0.5  0.56 0.59 0.62 0.65 0.72 0.83 0.95 0.98 0.98 1.   1.01
 1.03 1.11 1.43 1.81]
var: 0.12966955555555548
| [0m21       [0m | [0m0.4407   [0m | [0m0.05166  [0m | [0m32.05    [0m | [0m1.728    [0m |
[0.   0.   0.   0.   0.   0.   0.   0.   0.02 0.03 0.03 0.03 0.04 0.05
 0.06 0.07 0.08 0.08 0.1  0.11 0.11 0.12 0.12 0.13 0.13 0.13 0.13 0.15
 0.16 0.16 0.18 0.21 0.21 0.21 0.23 0.23 0.27 0.27 0.28 0.28 0.28 0.31
 0.33 0.33 0.36 0.36 0.37 0.41 0.41 0.45 0.49 0.52 0.55 0.62 0.73 1.28]
var: 0.05070507015306138
| [0m22       [0m | [0m0.218    [0m | [0m0.2445   [0m | [0m45.88    [0m | [0m2.563    [0m |
[0.   0.   0.01 0.06 0.06 0.08 0.09 0.1  0.11 0.12 0.13 0.15 0.15 0.15
 0.15 0.16 0.17 0.19 0.2  0.23 0.25 0.33 0.38 0.4  0.4  0.4  0.42 0.44
 0.44 0.45 0.47 0.48 0.48 0.53 0.57 0.57 0.58 0.58 0.59 0.59 0.63 0.66
 0.69 0.7  0.74 0.78 0.8  0.81 0.83 0.87 0.92 0.93 1.07 1.09 1.14 1.18
 1.3  1.49 2.37]
var: 0.1850676817006608
| [0m23       [0m | [0m0.5197   [0m | [0m0.09659  [0m | [0m16.94    [0m | [0m2.374    [0m |
[0.01 0.02 0.05 0.07 0.08 0.1  0.11 0.15 0.16 0.21 0.21 0.25 0.28 0.29
 0.29 0.3  0.32 0.33 0.36 0.39 0.39 0.39 0.41 0.42 0.46 0.47 0.48 0.52
 0.52 0.52 0.53 0.53 0.53 0.58 0.59 0.62 0.62 0.62 0.68 0.69 0.69 0.74
 0.77 0.83 0.87 0.9  0.92 1.09 1.16 1.21 1.32 1.35 1.36 1.39 1.39 1.47
 1.81 2.04 2.37]
var: 0.2583992530881928
| [0m24       [0m | [0m0.648    [0m | [0m0.1128   [0m | [0m5.352    [0m | [0m2.122    [0m |
[0.04 0.06 0.06 0.12 0.13 0.15 0.16 0.17 0.18 0.2  0.22 0.28 0.28 0.34
 0.37 0.37 0.42 0.48 0.48 0.49 0.53 0.53 0.56 0.58 0.6  0.63 0.65 0.67
 0.71 0.71 0.73 0.78 0.83 0.83 0.83 0.86 0.91 0.94 0.96 0.97 1.   1.06
 1.12 1.14 1.18 1.19 1.2  1.27 1.3  1.55 1.81 1.84 1.85 1.97 1.99 2.46
 2.74]
var: 0.3727335795629427
| [0m25       [0m | [0m0.8154   [0m | [0m0.08546  [0m | [0m10.71    [0m | [0m0.778    [0m |
[0.   0.   0.02 0.02 0.02 0.04 0.04 0.11 0.13 0.14 0.15 0.17 0.17 0.18
 0.21 0.23 0.28 0.34 0.35 0.39 0.4  0.42 0.43 0.44 0.46 0.49 0.54 0.55
 0.55 0.58 0.59 0.59 0.6  0.6  0.63 0.65 0.66 0.66 0.66 0.69 0.69 0.69
 0.71 0.78 0.82 0.85 0.88 0.92 0.93 0.94 0.97 1.02 1.06 1.14 1.16 1.21
 1.91 2.07 2.5 ]
var: 0.2389743177247918
| [0m26       [0m | [0m0.6005   [0m | [0m0.1772   [0m | [0m17.1     [0m | [0m0.824    [0m |
[0.   0.   0.   0.01 0.01 0.01 0.02 0.02 0.03 0.05 0.06 0.06 0.06 0.07
 0.07 0.08 0.09 0.1  0.11 0.11 0.13 0.13 0.13 0.13 0.15 0.17 0.18 0.2
 0.2  0.21 0.21 0.23 0.25 0.27 0.3  0.3  0.34 0.35 0.36 0.38 0.39 0.41
 0.42 0.42 0.43 0.46 0.47 0.48 0.49 0.51 0.51 0.52 0.52 0.52 0.6  0.66
 0.68 1.23 1.51 1.8 ]
var: 0.11474830555555572
| [0m27       [0m | [0m0.3102   [0m | [0m0.2548   [0m | [0m40.1     [0m | [0m2.082    [0m |
[0.   0.   0.   0.05 0.09 0.11 0.14 0.16 0.17 0.18 0.2  0.21 0.21 0.21
 0.27 0.27 0.28 0.39 0.44 0.44 0.46 0.47 0.48 0.49 0.49 0.5  0.52 0.55
 0.55 0.55 0.55 0.61 0.61 0.63 0.66 0.71 0.72 0.75 0.77 0.78 0.83 0.85
 0.86 0.9  0.91 0.96 1.   1.07 1.1  1.13 1.18 1.32 1.34 1.59 1.72 1.83
 1.84 1.98 2.14]
var: 0.26911238149956906
| [0m28       [0m | [0m0.6817   [0m | [0m0.1052   [0m | [0m7.518    [0m | [0m1.614    [0m |
[0.   0.   0.01 0.03 0.05 0.06 0.06 0.07 0.11 0.11 0.14 0.15 0.15 0.15
 0.16 0.16 0.16 0.17 0.17 0.17 0.2  0.21 0.25 0.25 0.26 0.26 0.3  0.3
 0.3  0.31 0.32 0.34 0.34 0.35 0.35 0.37 0.4  0.42 0.43 0.43 0.47 0.47
 0.48 0.48 0.5  0.59 0.61 0.62 0.62 0.67 0.68 0.75 0.78 0.82 0.9  1.17
 1.17 1.29 1.39]
var: 0.10256087331226643
| [0m29       [0m | [0m0.3886   [0m | [0m0.132    [0m | [0m10.56    [0m | [0m2.675    [0m |
[0.03 0.03 0.04 0.05 0.06 0.06 0.07 0.09 0.1  0.1  0.12 0.12 0.15 0.2
 0.2  0.2  0.2  0.2  0.21 0.22 0.24 0.26 0.27 0.28 0.29 0.31 0.34 0.37
 0.37 0.37 0.39 0.39 0.42 0.43 0.45 0.46 0.46 0.49 0.49 0.5  0.52 0.57
 0.59 0.62 0.62 0.64 0.65 0.75 0.77 0.81 0.88 0.91 0.94 0.97 1.08 1.19
 1.22 1.61 2.35]
var: 0.17523556449296152
| [0m30       [0m | [0m0.4698   [0m | [0m0.2584   [0m | [0m17.44    [0m | [0m2.08     [0m |
[0.   0.   0.   0.02 0.02 0.02 0.03 0.04 0.05 0.05 0.06 0.06 0.07 0.07
 0.07 0.07 0.08 0.08 0.08 0.09 0.11 0.11 0.11 0.14 0.17 0.18 0.19 0.2
 0.22 0.24 0.26 0.26 0.27 0.28 0.29 0.29 0.29 0.3  0.31 0.33 0.36 0.37
 0.38 0.39 0.41 0.43 0.45 0.45 0.45 0.47 0.49 0.49 0.51 0.56 0.56 0.58
 0.62 0.63 0.8  0.83]
var: 0.04375455555555555
| [0m31       [0m | [0m0.2623   [0m | [0m0.07797  [0m | [0m28.56    [0m | [0m2.947    [0m |
[0.53 0.59 0.66 0.67 0.68 0.77 0.86 0.89 0.99 1.05 1.07 1.08 1.13 1.14
 1.21 1.21 1.29 1.29 1.3  1.4  1.45 1.45 1.56 1.61 1.62 1.67 1.77 1.85
 1.92 1.95 2.08 2.13 2.13 2.16 2.2  2.22 2.26 2.31 2.32 2.33 2.34 2.36
 2.43 2.43 2.46 2.46 2.51 2.67 2.75 2.93 2.97 3.01 3.02 3.12 3.13 3.92
 4.17 4.45 5.63]
var: 1.014127434645217
| [95m32       [0m | [95m1.993    [0m | [95m0.01975  [0m | [95m16.28    [0m | [95m0.1446   [0m |
[0.02 0.06 0.07 0.07 0.08 0.08 0.09 0.09 0.17 0.19 0.24 0.25 0.3  0.32
 0.33 0.38 0.41 0.42 0.45 0.46 0.47 0.48 0.48 0.51 0.52 0.54 0.54 0.54
 0.55 0.55 0.56 0.56 0.57 0.62 0.65 0.65 0.66 0.66 0.66 0.7  0.71 0.76
 0.79 0.81 0.86 0.86 0.9  0.91 0.91 1.06 1.11 1.21 1.27 1.28 1.31 1.32
 1.4  1.55 1.56]
var: 0.154539959781672
| [0m33       [0m | [0m0.6192   [0m | [0m0.06043  [0m | [0m10.09    [0m | [0m2.053    [0m |
[0.   0.   0.   0.   0.01 0.01 0.01 0.01 0.03 0.05 0.07 0.08 0.11 0.11
 0.12 0.12 0.13 0.13 0.14 0.14 0.17 0.18 0.19 0.21 0.21 0.23 0.23 0.26
 0.27 0.28 0.32 0.34 0.34 0.37 0.38 0.39 0.39 0.41 0.42 0.43 0.44 0.44
 0.45 0.47 0.47 0.48 0.5  0.5  0.52 0.53 0.54 0.56 0.65 0.68 0.8  0.9
 1.07 1.69 2.76]
var: 0.18578241884515923
| [0m34       [0m | [0m0.3685   [0m | [0m0.0002507[0m | [0m42.16    [0m | [0m1.938    [0m |
[0.   0.   0.01 0.01 0.04 0.04 0.06 0.08 0.08 0.11 0.12 0.13 0.13 0.13
 0.14 0.14 0.15 0.16 0.17 0.17 0.18 0.18 0.19 0.2  0.21 0.21 0.23 0.25
 0.25 0.27 0.27 0.28 0.29 0.29 0.29 0.31 0.31 0.31 0.32 0.32 0.33 0.35
 0.36 0.36 0.36 0.39 0.42 0.49 0.5  0.52 0.53 0.55 0.58 0.61 0.66 0.67
 0.81 1.25]
var: 0.04955270511296094
| [0m35       [0m | [0m0.2891   [0m | [0m0.1485   [0m | [0m37.66    [0m | [0m2.268    [0m |
[0.26 0.4  0.43 0.5  0.51 0.53 0.54 0.55 0.56 0.59 0.59 0.59 0.59 0.62
 0.66 0.67 0.73 0.78 0.84 0.89 0.9  0.91 0.92 0.93 0.95 0.99 1.03 1.03
 1.06 1.08 1.21 1.25 1.25 1.28 1.34 1.35 1.39 1.39 1.39 1.47 1.49 1.53
 1.56 1.6  1.6  1.62 1.64 1.66 1.67 1.85 1.9  1.99 2.18 2.19 2.2  2.31
 2.6  2.69 2.76]
var: 0.3783406492387242
| [0m36       [0m | [0m1.22     [0m | [0m0.1328   [0m | [0m26.44    [0m | [0m0.2354   [0m |
[0.   0.   0.01 0.01 0.02 0.06 0.06 0.1  0.1  0.1  0.1  0.11 0.12 0.15
 0.18 0.2  0.24 0.26 0.27 0.27 0.29 0.31 0.33 0.34 0.36 0.36 0.36 0.4
 0.4  0.4  0.43 0.43 0.43 0.44 0.44 0.45 0.46 0.46 0.46 0.46 0.47 0.48
 0.48 0.48 0.53 0.54 0.62 0.64 0.68 0.68 0.72 0.75 0.82 0.88 0.94 0.96
 1.03 1.04 1.08 1.16]
var: 0.08641541666666663
| [0m37       [0m | [0m0.4225   [0m | [0m0.1466   [0m | [0m26.57    [0m | [0m2.171    [0m |
[0.01 0.01 0.02 0.02 0.04 0.05 0.05 0.05 0.05 0.08 0.08 0.08 0.08 0.08
 0.09 0.09 0.12 0.13 0.13 0.14 0.14 0.15 0.15 0.16 0.16 0.16 0.18 0.19
 0.22 0.27 0.28 0.3  0.3  0.3  0.31 0.31 0.33 0.35 0.35 0.36 0.37 0.4
 0.4  0.42 0.42 0.42 0.43 0.43 0.44 0.46 0.47 0.48 0.49 0.5  0.53 0.62
 0.79 0.83 0.9  1.16]
var: 0.0552469722222221
| [0m38       [0m | [0m0.2888   [0m | [0m0.01384  [0m | [0m45.26    [0m | [0m2.127    [0m |
[0.   0.   0.   0.01 0.02 0.03 0.04 0.04 0.06 0.06 0.11 0.12 0.12 0.12
 0.13 0.15 0.15 0.16 0.19 0.2  0.21 0.22 0.23 0.23 0.23 0.28 0.28 0.28
 0.28 0.29 0.29 0.31 0.31 0.31 0.32 0.32 0.32 0.33 0.35 0.38 0.39 0.41
 0.43 0.43 0.44 0.45 0.47 0.48 0.5  0.52 0.53 0.55 0.55 0.56 0.57 0.61
 0.65 0.69 0.98]
var: 0.04142878483194501
| [0m39       [0m | [0m0.2998   [0m | [0m0.1723   [0m | [0m32.49    [0m | [0m2.42     [0m |
[0.   0.   0.   0.   0.01 0.01 0.02 0.03 0.03 0.03 0.04 0.05 0.06 0.07
 0.08 0.11 0.11 0.12 0.14 0.15 0.15 0.2  0.2  0.21 0.23 0.24 0.28 0.29
 0.3  0.31 0.31 0.35 0.35 0.35 0.4  0.41 0.43 0.43 0.44 0.44 0.45 0.47
 0.47 0.5  0.5  0.5  0.52 0.53 0.53 0.6  0.61 0.61 0.66 0.68 0.68 0.73
 0.74 0.75 0.76 1.52]
var: 0.07809275000000014
| [0m40       [0m | [0m0.3365   [0m | [0m0.226    [0m | [0m33.96    [0m | [0m1.738    [0m |
[0.04 0.38 0.44 0.45 0.49 0.53 0.57 0.58 0.67 0.79 0.81 0.83 0.95 0.99
 1.03 1.05 1.16 1.17 1.21 1.26 1.27 1.28 1.29 1.3  1.35 1.36 1.36 1.38
 1.42 1.46 1.47 1.47 1.48 1.49 1.49 1.53 1.53 1.53 1.57 1.59 1.74 1.77
 1.8  1.86 1.94 1.98 2.05 2.05 2.15 2.25 2.28 2.61 2.65 2.83 2.97 3.18
 4.23]
var: 0.5745894736842105
| [0m41       [0m | [0m1.48     [0m | [0m0.1879   [0m | [0m16.52    [0m | [0m0.09754  [0m |
[0.06 0.12 0.14 0.19 0.19 0.22 0.22 0.23 0.24 0.26 0.26 0.27 0.28 0.29
 0.3  0.31 0.32 0.32 0.33 0.38 0.39 0.48 0.49 0.49 0.51 0.53 0.53 0.53
 0.58 0.59 0.62 0.63 0.65 0.66 0.68 0.7  0.72 0.78 0.81 0.89 0.9  0.96
 1.01 1.02 1.08 1.1  1.22 1.27 1.31 1.53 1.53 1.54 1.55 1.55 1.57 1.69
 1.8  1.83 1.87 2.68]
var: 0.3168033333333333
| [0m42       [0m | [0m0.77     [0m | [0m1e-08    [0m | [0m16.19    [0m | [0m0.001    [0m |
[0.   0.   0.05 0.06 0.06 0.07 0.07 0.07 0.08 0.09 0.09 0.11 0.12 0.19
 0.21 0.26 0.3  0.33 0.33 0.35 0.36 0.37 0.37 0.37 0.39 0.43 0.45 0.46
 0.47 0.48 0.48 0.5  0.55 0.57 0.59 0.59 0.61 0.63 0.64 0.65 0.66 0.71
 0.76 0.79 0.79 0.79 0.8  0.83 0.89 0.91 0.94 0.97 1.01 1.06 1.13 1.15
 1.2  1.42 1.54 2.18]
var: 0.17952141666666663
| [0m43       [0m | [0m0.5555   [0m | [0m0.009188 [0m | [0m32.64    [0m | [0m1.289    [0m |
[0.   0.   0.01 0.01 0.02 0.02 0.02 0.05 0.06 0.06 0.07 0.07 0.08 0.09
 0.1  0.11 0.11 0.11 0.12 0.13 0.16 0.17 0.18 0.19 0.2  0.22 0.25 0.26
 0.29 0.29 0.3  0.32 0.34 0.35 0.37 0.38 0.39 0.4  0.41 0.42 0.44 0.44
 0.48 0.5  0.55 0.6  0.63 0.63 0.7  0.74 0.77 0.88 0.91 1.14 1.24 1.35
 1.75]
var: 0.1337109879963068
| [0m44       [0m | [0m0.3663   [0m | [0m0.04345  [0m | [0m44.5     [0m | [0m2.066    [0m |
[0.46 0.49 0.55 0.59 0.62 0.65 0.75 0.81 0.81 0.82 0.88 0.99 1.   1.07
 1.18 1.18 1.18 1.2  1.21 1.24 1.25 1.25 1.39 1.4  1.42 1.45 1.47 1.48
 1.49 1.5  1.57 1.58 1.63 1.68 1.72 1.73 1.73 1.73 1.75 1.76 1.78 1.82
 1.85 2.02 2.13 2.15 2.18 2.19 2.23 2.29 2.39 2.41 2.54 2.55 2.71 3.2
 3.35 3.88 4.22]
var: 0.6190466532605573
| [0m45       [0m | [0m1.636    [0m | [0m0.047    [0m | [0m43.5     [0m | [0m0.03097  [0m |
[0.02 0.03 0.03 0.04 0.05 0.12 0.13 0.13 0.14 0.15 0.22 0.28 0.3  0.33
 0.34 0.37 0.37 0.38 0.41 0.41 0.44 0.45 0.46 0.46 0.46 0.5  0.55 0.56
 0.57 0.57 0.59 0.66 0.66 0.67 0.68 0.7  0.7  0.72 0.73 0.79 0.83 0.87
 0.88 0.97 1.   1.01 1.15 1.16 1.16 1.23 1.24 1.26 1.38 1.43 1.48 1.75
 1.78 1.81 4.83]
var: 0.5004010916403329
| [0m46       [0m | [0m0.7354   [0m | [0m0.1095   [0m | [0m45.63    [0m | [0m0.3968   [0m |
[0.22 0.43 0.52 0.53 0.55 0.57 0.62 0.7  0.82 0.82 0.85 0.87 0.94 0.96
 0.98 1.01 1.13 1.16 1.24 1.24 1.27 1.28 1.32 1.35 1.35 1.36 1.37 1.38
 1.41 1.43 1.43 1.44 1.44 1.48 1.53 1.55 1.55 1.58 1.59 1.62 1.69 1.76
 1.76 1.79 1.8  1.87 1.93 1.94 1.95 1.99 2.05 2.09 2.1  2.25 2.3  2.59
 2.93 3.08 3.21]
var: 0.39771881643205975
| [0m47       [0m | [0m1.457    [0m | [0m0.0654   [0m | [0m43.46    [0m | [0m0.07473  [0m |
[0.28 0.58 0.62 0.63 0.64 0.66 0.68 0.69 0.71 0.71 0.71 0.73 0.75 0.84
 0.86 0.94 1.06 1.11 1.16 1.16 1.24 1.25 1.27 1.29 1.29 1.3  1.3  1.39
 1.4  1.44 1.44 1.52 1.54 1.56 1.57 1.64 1.68 1.69 1.74 1.75 1.79 1.83
 1.91 1.96 1.98 2.   2.07 2.07 2.14 2.15 2.22 2.26 2.34 2.41 2.68 2.75
 2.87 2.98 3.08]
var: 0.4522896294168341
| [0m48       [0m | [0m1.497    [0m | [0m0.06581  [0m | [0m16.37    [0m | [0m0.1865   [0m |
[0.58 0.69 0.76 0.81 0.94 1.03 1.27 1.29 1.31 1.32 1.38 1.44 1.51 1.55
 1.55 1.62 1.65 1.66 1.67 1.84 1.87 1.9  1.91 2.02 2.02 2.04 2.1  2.16
 2.18 2.2  2.32 2.32 2.43 2.46 2.54 2.54 2.55 2.61 2.64 2.68 2.69 2.7
 2.7  2.77 2.85 2.93 2.97 3.07 3.17 3.2  3.22 3.23 3.42 3.5  3.62 4.13
 4.18 4.21 4.26]
var: 0.8259295030163748
| [95m49       [0m | [95m2.274    [0m | [95m0.006118 [0m | [95m16.29    [0m | [95m0.1181   [0m |
[0.25 0.29 0.41 0.45 0.59 0.68 0.78 0.93 0.93 0.95 0.95 0.96 0.96 0.97
 0.97 1.   1.   1.05 1.08 1.13 1.15 1.18 1.21 1.25 1.26 1.27 1.29 1.29
 1.31 1.37 1.38 1.4  1.5  1.52 1.55 1.66 1.76 1.77 1.79 1.96 1.99 2.03
 2.03 2.11 2.17 2.18 2.19 2.3  2.56 2.69 2.7  2.72 2.78 2.84 3.   3.04
 3.11 3.11]
var: 0.5781179845422113
| [0m50       [0m | [0m1.565    [0m | [0m0.2374   [0m | [0m10.85    [0m | [0m0.1673   [0m |
[0.02 0.06 0.06 0.08 0.1  0.11 0.12 0.13 0.14 0.18 0.2  0.22 0.23 0.31
 0.31 0.32 0.32 0.35 0.35 0.36 0.38 0.42 0.44 0.48 0.53 0.55 0.56 0.57
 0.59 0.6  0.62 0.63 0.69 0.76 0.77 0.87 0.9  0.95 0.96 0.99 1.02 1.08
 1.11 1.19 1.2  1.22 1.28 1.38 1.49 1.52 1.74 1.92 2.01 2.08 2.13 2.2
 2.77 3.33]
var: 0.5176414982164089
| [0m51       [0m | [0m0.8259   [0m | [0m0.03975  [0m | [0m16.44    [0m | [0m1.165    [0m |
[0.43 0.44 0.47 0.53 0.55 0.55 0.61 0.63 0.64 0.65 0.71 0.73 0.75 0.75
 0.77 0.81 0.82 0.84 0.85 0.89 0.9  0.92 0.92 0.96 0.98 0.99 1.09 1.13
 1.14 1.14 1.16 1.2  1.21 1.26 1.26 1.27 1.28 1.3  1.36 1.37 1.37 1.39
 1.39 1.4  1.49 1.51 1.59 1.67 1.74 1.74 1.74 1.76 1.78 2.11 2.22 2.36
 2.62 3.21]
var: 0.309938317479191
| [0m52       [0m | [0m1.196    [0m | [0m0.1592   [0m | [0m25.28    [0m | [0m0.1819   [0m |
[0.48 0.53 0.54 0.56 0.58 0.59 0.59 0.6  0.65 0.78 0.78 0.78 0.81 0.82
 0.83 0.87 0.89 0.92 0.92 0.95 0.98 1.   1.02 1.03 1.16 1.17 1.19 1.2
 1.21 1.24 1.24 1.36 1.38 1.39 1.39 1.4  1.44 1.45 1.46 1.48 1.5  1.55
 1.58 1.61 1.64 1.78 1.82 1.86 1.88 1.89 1.93 1.96 2.07 2.23 2.39 2.71
 2.86 3.72]
var: 0.40123947681331706
| [0m53       [0m | [0m1.321    [0m | [0m0.04359  [0m | [0m43.46    [0m | [0m0.08637  [0m |
[0.66 0.67 0.75 0.82 0.84 0.91 0.96 1.04 1.09 1.12 1.17 1.26 1.27 1.29
 1.38 1.39 1.39 1.39 1.46 1.54 1.56 1.79 1.85 1.88 1.91 1.93 1.93 1.94
 1.95 1.97 1.98 1.99 1.99 1.99 2.01 2.07 2.08 2.09 2.22 2.27 2.3  2.34
 2.55 2.59 2.59 2.64 2.66 2.68 2.72 2.76 2.79 2.81 2.87 2.88 3.55 3.75
 3.83]
var: 0.567456571252693
| [0m54       [0m | [0m1.932    [0m | [0m0.03093  [0m | [0m16.36    [0m | [0m0.1377   [0m |
[0.   0.03 0.09 0.1  0.3  0.31 0.32 0.42 0.47 0.49 0.51 0.51 0.51 0.52
 0.57 0.6  0.65 0.69 0.69 0.69 0.8  0.84 0.88 0.93 0.99 1.26 1.42 1.44
 1.44 1.64 1.76 1.78 1.84 1.85 1.89 2.   2.15 2.22 2.32 2.37 2.37 2.58
 2.6  2.61 2.85 2.93 2.96 3.13 3.13 3.13 3.14 3.34 3.36 3.53 3.65 3.65
 3.81 4.73 5.03]
var: 1.6144672220626262
| [0m55       [0m | [0m1.743    [0m | [0m1e-08    [0m | [0m16.34    [0m | [0m0.06161  [0m |
[0.   0.   0.01 0.01 0.02 0.03 0.03 0.04 0.04 0.07 0.08 0.11 0.11 0.15
 0.17 0.18 0.18 0.19 0.2  0.2  0.21 0.23 0.24 0.25 0.25 0.25 0.27 0.29
 0.31 0.32 0.33 0.34 0.34 0.36 0.38 0.39 0.39 0.4  0.4  0.41 0.42 0.44
 0.46 0.47 0.5  0.5  0.52 0.52 0.56 0.57 0.58 0.58 0.63 0.67 0.78 0.87
 1.   1.12 1.17 1.25]
var: 0.08359163888888889
| [0m56       [0m | [0m0.3632   [0m | [0m0.2601   [0m | [0m41.78    [0m | [0m1.491    [0m |
[0.22 0.42 0.58 0.59 0.64 0.67 0.73 0.75 0.75 0.85 0.98 1.02 1.06 1.07
 1.11 1.16 1.2  1.25 1.28 1.29 1.31 1.34 1.39 1.45 1.47 1.54 1.63 1.7
 1.74 1.74 1.83 1.87 1.93 1.94 1.99 2.08 2.1  2.16 2.21 2.21 2.27 2.28
 2.3  2.35 2.36 2.39 2.4  2.42 2.61 2.63 2.64 2.73 2.79 2.95 2.96 3.02
 3.11 3.64 3.89]
var: 0.682248893995978
| [0m57       [0m | [0m1.779    [0m | [0m0.09176  [0m | [0m16.38    [0m | [0m0.06942  [0m |
[0.51 0.56 0.61 0.61 0.67 0.75 0.76 0.89 0.9  0.9  0.91 0.93 1.18 1.2
 1.25 1.28 1.3  1.33 1.34 1.4  1.52 1.58 1.58 1.59 1.59 1.6  1.6  1.66
 1.74 1.82 1.83 1.85 1.87 1.96 2.02 2.04 2.1  2.19 2.3  2.39 2.43 2.46
 2.46 2.47 2.56 2.61 2.65 2.66 2.7  2.79 2.84 3.02 3.08 3.12 3.37 3.92
 4.25 4.28]
var: 0.8235475624256836
| [0m58       [0m | [0m1.893    [0m | [0m0.03137  [0m | [0m25.27    [0m | [0m0.08439  [0m |
[0.05 0.36 0.41 0.51 0.54 0.57 0.58 0.6  0.74 0.76 0.84 0.87 0.88 0.88
 1.02 1.04 1.04 1.06 1.13 1.13 1.13 1.21 1.22 1.28 1.28 1.29 1.4  1.42
 1.42 1.42 1.43 1.44 1.48 1.49 1.51 1.51 1.56 1.63 1.7  1.71 1.72 1.72
 1.75 1.75 1.79 1.84 1.85 1.87 1.9  1.91 1.95 2.01 2.03 2.17 2.2  2.25
 2.36 2.51 2.53 3.02]
var: 0.3559236388888888
| [0m59       [0m | [0m1.411    [0m | [0m0.07549  [0m | [0m25.19    [0m | [0m0.1543   [0m |
[0.   0.   0.   0.   0.   0.   0.   0.   0.01 0.01 0.01 0.01 0.01 0.01
 0.01 0.02 0.02 0.02 0.03 0.03 0.03 0.03 0.03 0.04 0.04 0.04 0.04 0.04
 0.05 0.05 0.05 0.05 0.05 0.05 0.05 0.06 0.06 0.06 0.07 0.07 0.07 0.07
 0.08 0.08 0.08 0.1  0.1  0.1  0.1  0.1  0.11 0.13 0.13 0.14 0.14 0.18
 0.19 0.31 0.34]
var: 0.004487561045676584
| [0m60       [0m | [0m0.06271  [0m | [0m0.02086  [0m | [0m25.34    [0m | [0m0.001    [0m |
[0.   0.   0.   0.01 0.02 0.03 0.03 0.04 0.06 0.06 0.06 0.07 0.08 0.09
 0.1  0.11 0.11 0.14 0.14 0.15 0.19 0.2  0.2  0.2  0.23 0.24 0.24 0.28
 0.3  0.31 0.31 0.33 0.36 0.38 0.44 0.47 0.5  0.51 0.51 0.54 0.55 0.56
 0.57 0.59 0.61 0.63 0.68 0.72 0.77 0.82 0.82 0.84 0.91 1.   1.21 1.22
 1.23 1.34]
var: 0.12477862663495852
| [0m61       [0m | [0m0.3984   [0m | [0m0.1966   [0m | [0m25.67    [0m | [0m1.489    [0m |
[0.05 0.06 0.08 0.08 0.09 0.09 0.13 0.13 0.13 0.17 0.25 0.26 0.28 0.29
 0.29 0.31 0.32 0.34 0.36 0.41 0.43 0.44 0.44 0.45 0.45 0.46 0.46 0.47
 0.47 0.5  0.53 0.53 0.59 0.59 0.64 0.65 0.66 0.66 0.71 0.72 0.72 0.72
 0.76 0.77 1.05 1.06 1.08 1.15 1.16 1.23 1.23 1.27 1.45 1.46 1.5  1.6
 1.68 1.82 2.28]
var: 0.24976598678540657
| [0m62       [0m | [0m0.6603   [0m | [0m0.1945   [0m | [0m12.49    [0m | [0m1.707    [0m |
[0.52 0.56 0.56 0.6  0.62 0.69 0.74 0.79 0.84 0.9  0.91 0.93 1.03 1.04
 1.05 1.07 1.22 1.23 1.29 1.29 1.31 1.34 1.36 1.42 1.53 1.55 1.61 1.77
 1.78 1.81 1.83 1.83 1.84 1.85 1.86 1.97 2.16 2.2  2.33 2.44 2.47 2.47
 2.49 2.51 2.54 2.54 2.56 2.61 2.75 2.98 3.01 3.18 3.21 3.42 3.44 4.11
 5.05]
var: 0.9228070791012615
| [0m63       [0m | [0m1.842    [0m | [0m0.05173  [0m | [0m16.46    [0m | [0m0.09919  [0m |
[0.45 0.53 0.57 0.59 0.65 0.66 0.71 0.87 0.89 1.12 1.21 1.26 1.29 1.35
 1.36 1.37 1.41 1.42 1.49 1.51 1.52 1.53 1.54 1.54 1.58 1.64 1.65 1.68
 1.69 1.73 1.73 1.79 1.85 1.9  1.95 2.04 2.08 2.1  2.21 2.21 2.24 2.24
 2.28 2.35 2.44 2.52 2.57 2.63 2.65 2.68 2.71 2.72 2.97 3.05 3.3  3.5
 3.56 3.62 4.81 6.24]
var: 1.0554020833333337
| [0m64       [0m | [0m1.963    [0m | [0m0.05766  [0m | [0m16.25    [0m | [0m0.1191   [0m |
[0.45 0.71 0.78 0.87 0.92 0.95 0.99 1.02 1.07 1.16 1.18 1.18 1.2  1.24
 1.26 1.3  1.36 1.36 1.37 1.56 1.59 1.62 1.67 1.68 1.73 1.79 1.92 1.94
 1.94 1.94 2.02 2.02 2.04 2.09 2.21 2.21 2.22 2.27 2.3  2.39 2.43 2.51
 2.52 2.52 2.64 2.7  2.79 2.89 3.11 3.15 3.4  3.44 3.69 3.82 3.9 ]
var: 0.6961730909090901
| [0m65       [0m | [0m1.946    [0m | [0m0.05177  [0m | [0m16.31    [0m | [0m0.08617  [0m |
[0.21 0.48 0.54 0.57 0.61 0.67 0.71 0.72 0.72 0.76 0.77 0.77 0.78 0.86
 0.88 0.89 0.98 0.98 1.   1.01 1.09 1.18 1.21 1.22 1.22 1.25 1.26 1.28
 1.29 1.38 1.4  1.41 1.45 1.5  1.5  1.55 1.61 1.65 1.73 1.77 1.82 1.85
 1.9  1.94 2.06 2.14 2.18 2.23 2.28 2.3  2.37 2.55 2.57 2.63 2.7  2.8
 2.87 4.94 6.59]
var: 1.0712102269462802
| [0m66       [0m | [0m1.586    [0m | [0m0.06851  [0m | [0m16.5     [0m | [0m0.1949   [0m |
[0.   0.   0.02 0.02 0.03 0.04 0.04 0.05 0.06 0.07 0.09 0.13 0.13 0.14
 0.16 0.17 0.17 0.2  0.21 0.22 0.23 0.25 0.27 0.28 0.28 0.29 0.29 0.3
 0.31 0.35 0.35 0.35 0.37 0.37 0.39 0.39 0.4  0.42 0.42 0.47 0.47 0.48
 0.49 0.49 0.51 0.51 0.52 0.52 0.52 0.55 0.58 0.66 0.7  0.77 0.82 0.83
 0.84 1.18 1.85]
var: 0.0975540361964952
| [0m67       [0m | [0m0.3732   [0m | [0m0.2952   [0m | [0m20.95    [0m | [0m2.566    [0m |
[0.53 0.53 0.59 0.6  0.61 0.63 0.68 0.72 0.74 0.8  0.82 0.89 0.95 1.01
 1.01 1.07 1.14 1.17 1.19 1.22 1.33 1.33 1.34 1.35 1.48 1.49 1.67 1.7
 1.71 1.79 1.88 1.89 1.92 1.98 2.03 2.04 2.11 2.26 2.27 2.46 2.48 2.52
 2.53 2.55 2.62 2.72 2.76 2.83 3.   3.   3.   3.22 3.39 3.4  3.78 4.06
 4.24]
var: 0.936805355493998
| [0m68       [0m | [0m1.843    [0m | [0m0.01012  [0m | [0m25.29    [0m | [0m0.1694   [0m |
[0.   0.   0.   0.01 0.02 0.04 0.04 0.08 0.09 0.11 0.16 0.18 0.18 0.19
 0.21 0.21 0.22 0.23 0.29 0.3  0.3  0.32 0.32 0.33 0.41 0.42 0.43 0.44
 0.47 0.49 0.51 0.55 0.56 0.57 0.61 0.64 0.65 0.67 0.68 0.69 0.69 0.73
 0.73 0.77 0.8  0.81 0.81 0.81 0.84 0.85 1.01 1.07 1.13 1.25 1.25 1.33
 1.44 1.49 2.34]
var: 0.20298075265728263
| [0m69       [0m | [0m0.5554   [0m | [0m0.1341   [0m | [0m40.2     [0m | [0m0.8723   [0m |
[0.59 0.63 0.92 0.96 1.05 1.13 1.23 1.5  1.54 1.57 1.58 1.69 1.74 1.75
 1.76 1.78 1.84 1.84 1.85 1.87 1.87 1.88 2.01 2.01 2.04 2.06 2.13 2.14
 2.2  2.21 2.24 2.26 2.29 2.36 2.38 2.38 2.45 2.46 2.48 2.53 2.57 2.58
 2.6  2.73 2.78 3.11 3.13 3.18 3.2  3.28 3.32 3.45 3.52 3.53 3.71 3.77
 3.8  3.94 4.53 4.95]
var: 0.8309626666666668
| [95m70       [0m | [95m2.348    [0m | [95m0.006014 [0m | [95m16.66    [0m | [95m0.03613  [0m |
[0.17 0.39 0.43 0.5  0.64 0.83 1.11 1.18 1.22 1.26 1.29 1.34 1.36 1.43
 1.46 1.5  1.52 1.58 1.59 1.6  1.64 1.66 1.66 1.7  1.81 1.82 1.89 1.9
 1.91 1.92 1.92 1.94 1.98 2.02 2.06 2.08 2.14 2.17 2.22 2.27 2.31 2.37
 2.38 2.43 2.44 2.45 2.67 2.73 2.96 3.03 3.1  3.38 3.4  3.52 3.75 3.81
 4.16 4.25 4.35]
var: 0.8978681987934509
| [0m71       [0m | [0m2.044    [0m | [0m0.0369   [0m | [0m16.71    [0m | [0m0.1093   [0m |
[0.54 0.57 0.58 0.76 0.77 0.77 1.06 1.06 1.07 1.07 1.16 1.2  1.25 1.25
 1.28 1.29 1.33 1.37 1.39 1.49 1.54 1.57 1.58 1.61 1.83 1.85 1.92 1.94
 2.   2.01 2.09 2.1  2.13 2.13 2.31 2.32 2.33 2.35 2.47 2.51 2.55 2.56
 2.64 2.67 2.68 2.68 2.77 2.79 2.82 2.94 3.14 3.24 3.28 3.32 3.33 3.73
 3.78 4.   4.68]
var: 0.8690671646078715
| [0m72       [0m | [0m2.058    [0m | [0m0.04617  [0m | [0m16.64    [0m | [0m0.06679  [0m |
[0.24 0.29 0.37 0.39 0.43 0.45 0.48 0.55 0.57 0.6  0.63 0.73 0.73 0.74
 0.74 0.75 0.76 0.77 0.78 0.81 0.84 0.87 0.89 0.96 1.08 1.11 1.15 1.18
 1.19 1.23 1.25 1.27 1.27 1.3  1.35 1.39 1.42 1.44 1.49 1.54 1.55 1.59
 1.6  1.6  1.64 1.81 1.91 1.93 2.05 2.07 2.12 2.38 2.7  2.71 2.76 2.77
 2.87 3.61 3.82 4.7 ]
var: 0.823653222222222
| [0m73       [0m | [0m1.404    [0m | [0m0.03309  [0m | [0m16.64    [0m | [0m0.01932  [0m |
[0.03 0.1  0.14 0.16 0.25 0.29 0.29 0.3  0.33 0.38 0.42 0.45 0.47 0.47
 0.47 0.48 0.5  0.64 0.64 0.71 0.72 0.75 0.75 0.79 0.81 0.93 1.29 1.34
 1.39 1.39 1.41 1.41 1.45 1.75 1.75 1.84 1.93 2.2  2.3  2.41 2.44 2.54
 2.56 2.58 2.73 2.93 2.96 2.97 3.08 3.09 3.12 3.21 3.24 3.28 3.89 3.9
 4.73 5.96 6.9  7.33]
var: 2.648116972222222
| [0m74       [0m | [0m1.826    [0m | [0m1e-08    [0m | [0m16.64    [0m | [0m0.1111   [0m |
[0.04 0.05 0.12 0.15 0.18 0.19 0.25 0.28 0.29 0.3  0.32 0.32 0.36 0.39
 0.54 0.58 0.6  0.62 0.66 0.67 0.68 0.69 0.72 0.73 0.73 0.74 0.77 0.84
 0.88 0.93 0.96 0.97 0.99 1.01 1.01 1.03 1.07 1.07 1.09 1.17 1.18 1.21
 1.34 1.34 1.35 1.51 1.55 1.55 1.56 1.58 1.64 1.71 1.79 1.92 1.99 2.07
 2.17 2.37]
var: 0.33642152199762215
| [0m75       [0m | [0m0.9452   [0m | [0m0.07379  [0m | [0m42.74    [0m | [0m0.4169   [0m |
[0.49 0.57 0.6  0.77 0.86 0.87 0.89 0.95 0.98 0.99 1.   1.18 1.18 1.19
 1.21 1.23 1.27 1.27 1.34 1.36 1.37 1.37 1.58 1.59 1.61 1.63 1.75 1.76
 1.84 1.84 1.85 1.86 1.89 1.9  1.94 1.97 1.97 1.98 1.99 1.99 2.03 2.06
 2.07 2.21 2.23 2.26 2.41 2.45 2.51 2.59 2.6  2.67 2.76 2.76 2.81 2.86
 2.87 3.43 3.63 4.19]
var: 0.5903215555555551
| [0m76       [0m | [0m1.821    [0m | [0m0.05431  [0m | [0m16.81    [0m | [0m0.08864  [0m |
[0.33 0.36 0.42 0.46 0.73 0.77 0.8  0.83 0.95 1.05 1.07 1.13 1.14 1.16
 1.22 1.3  1.34 1.34 1.36 1.36 1.41 1.43 1.48 1.54 1.58 1.59 1.64 1.67
 1.72 1.72 1.76 1.85 1.87 1.88 1.89 1.92 1.96 2.05 2.2  2.24 2.31 2.36
 2.39 2.54 2.59 2.63 2.65 2.65 2.92 2.98 3.03 3.25 3.29 3.58 3.75 3.97
 4.05 4.06 4.81]
var: 1.0199290433783395
| [0m77       [0m | [0m1.938    [0m | [0m0.05419  [0m | [0m16.69    [0m | [0m0.05987  [0m |
[0.3  0.45 0.48 0.53 0.56 0.62 0.75 0.83 0.87 1.06 1.08 1.11 1.13 1.13
 1.14 1.17 1.17 1.17 1.18 1.21 1.22 1.26 1.31 1.32 1.35 1.38 1.41 1.49
 1.49 1.52 1.52 1.53 1.53 1.6  1.64 1.64 1.69 1.69 1.72 1.73 1.78 1.84
 1.93 1.98 2.02 2.03 2.19 2.25 2.29 2.39 2.51 2.53 2.71 2.74 2.74 3.
 3.4  3.98 4.07]
var: 0.6323336972134442
| [0m78       [0m | [0m1.633    [0m | [0m0.04162  [0m | [0m16.71    [0m | [0m0.1961   [0m |
[0.09 0.55 0.56 0.57 0.63 0.65 0.73 0.76 0.76 0.8  0.81 0.82 0.83 1.09
 1.13 1.15 1.17 1.18 1.2  1.23 1.24 1.29 1.29 1.42 1.44 1.51 1.51 1.53
 1.53 1.54 1.62 1.64 1.76 1.82 1.85 1.87 1.88 1.91 1.94 1.95 1.97 1.99
 2.   2.07 2.08 2.09 2.11 2.13 2.16 2.27 2.38 2.59 2.65 2.97 3.16 4.76]
var: 0.6034160395408159
| [0m79       [0m | [0m1.583    [0m | [0m0.07572  [0m | [0m16.55    [0m | [0m0.1251   [0m |
[0.51 0.53 0.55 0.56 0.56 0.58 0.59 0.6  0.76 0.8  0.8  0.86 0.86 0.95
 1.03 1.07 1.19 1.22 1.24 1.35 1.38 1.4  1.41 1.45 1.5  1.52 1.55 1.55
 1.56 1.58 1.59 1.65 1.69 1.73 1.74 1.8  1.82 1.84 1.85 1.87 1.88 1.9
 2.04 2.16 2.2  2.28 2.29 2.32 2.32 2.42 2.42 2.62 2.9  3.03 3.14 3.24
 3.59 4.66]
var: 0.7077890606420929
| [0m80       [0m | [0m1.664    [0m | [0m0.1493   [0m | [0m16.62    [0m | [0m0.1688   [0m |
=============================================================
None
num_trials:  40  inits,  40  iters,  60  per
rho:  2
pthin:  0.80

Best VPT: 2.3480000000000008
Best result: {'a': 0.0060136317898969146, 'g': 16.655833416955897, 's': 0.03612904730061415}

KERNEL: nu=1.5, lengthscale=2.0, alpha=0.0005
