|   iter    |  target   |     a     |     g     |     s     |
-------------------------------------------------------------
[0.01 0.01 0.02 0.04 0.05 0.05 0.05 0.05 0.08 0.09 0.09 0.15 0.16 0.16
 0.17 0.18 0.23 0.23 0.29 0.3  0.33 0.35 0.42 0.42 0.43 0.43 0.43 0.45
 0.45 0.46 0.46 0.47 0.48 0.49 0.52 0.53 0.57 0.57 0.58 0.61 0.62 0.65
 0.66 0.71 0.74 0.75 0.75 0.76 0.77 0.78 0.83 0.84 0.9  0.96 0.97 0.99
 1.04 1.1  1.32 1.83]
var: 0.1302569722222218
| [0m1        [0m | [0m0.4972   [0m | [0m0.1098   [0m | [0m46.14    [0m | [0m0.7802   [0m |
[0.01 0.01 0.02 0.04 0.05 0.07 0.08 0.1  0.11 0.12 0.12 0.12 0.12 0.14
 0.15 0.15 0.22 0.24 0.27 0.27 0.27 0.3  0.3  0.34 0.35 0.36 0.41 0.42
 0.46 0.47 0.47 0.51 0.51 0.51 0.52 0.53 0.54 0.56 0.59 0.59 0.6  0.6
 0.61 0.69 0.72 0.75 0.76 0.79 0.96 0.96 1.   1.07 1.11 1.16 1.25 1.33
 1.34 1.36 1.98 2.16]
var: 0.21513988888888932
| [95m2        [0m | [95m0.5437   [0m | [95m0.1919   [0m | [95m28.44    [0m | [95m1.082    [0m |
[0.35 0.43 0.55 0.6  0.64 0.65 0.67 0.79 0.88 0.91 0.94 0.98 1.   1.01
 1.04 1.05 1.05 1.05 1.15 1.16 1.2  1.2  1.26 1.28 1.29 1.3  1.31 1.34
 1.35 1.35 1.36 1.4  1.42 1.42 1.52 1.54 1.56 1.6  1.68 1.69 1.73 1.74
 1.74 1.75 1.75 1.76 1.79 1.8  1.84 1.88 1.9  2.13 2.29 2.36 2.4  2.4
 2.44 2.55 2.61 5.48]
var: 0.5614694166666666
| [95m3        [0m | [95m1.489    [0m | [95m0.1491   [0m | [95m8.199    [0m | [95m0.1086   [0m |
[0.   0.01 0.01 0.02 0.03 0.03 0.03 0.04 0.04 0.04 0.1  0.11 0.12 0.12
 0.12 0.13 0.17 0.17 0.17 0.21 0.24 0.25 0.25 0.26 0.26 0.28 0.29 0.3
 0.3  0.3  0.3  0.31 0.32 0.36 0.37 0.38 0.4  0.4  0.45 0.45 0.45 0.49
 0.54 0.55 0.55 0.56 0.57 0.57 0.66 0.69 0.72 0.78 0.81 0.81 0.86 0.88
 1.1  1.13 1.32 1.4 ]
var: 0.10809100000000017
| [0m4        [0m | [0m0.393    [0m | [0m0.0707   [0m | [0m41.78    [0m | [0m1.753    [0m |
[0.01 0.02 0.11 0.13 0.14 0.17 0.2  0.21 0.22 0.22 0.23 0.25 0.26 0.26
 0.27 0.28 0.29 0.3  0.3  0.3  0.31 0.31 0.32 0.32 0.33 0.34 0.34 0.36
 0.38 0.42 0.42 0.43 0.45 0.47 0.5  0.51 0.51 0.52 0.55 0.56 0.57 0.57
 0.59 0.63 0.66 0.68 0.73 0.76 0.78 0.8  0.9  0.91 1.03 1.09 1.09 1.13
 1.33 1.51 1.56 1.93]
var: 0.15054808333333328
| [0m5        [0m | [0m0.5295   [0m | [0m0.1733   [0m | [0m7.564    [0m | [0m2.849    [0m |
[0.   0.03 0.05 0.05 0.05 0.06 0.07 0.11 0.13 0.13 0.13 0.14 0.17 0.17
 0.19 0.2  0.26 0.26 0.27 0.28 0.28 0.3  0.31 0.35 0.37 0.42 0.43 0.44
 0.44 0.44 0.44 0.44 0.45 0.48 0.48 0.51 0.53 0.57 0.57 0.59 0.6  0.61
 0.63 0.66 0.67 0.82 0.84 0.85 0.89 0.9  0.9  0.98 1.03 1.06 1.08 1.08
 1.12 1.48 1.69 3.2 ]
var: 0.2553348888888888
| [0m6        [0m | [0m0.5447   [0m | [0m0.1135   [0m | [0m13.82    [0m | [0m2.019    [0m |
[0.01 0.03 0.03 0.03 0.05 0.06 0.07 0.08 0.08 0.09 0.12 0.13 0.13 0.15
 0.17 0.18 0.19 0.2  0.23 0.24 0.24 0.26 0.28 0.29 0.33 0.34 0.41 0.51
 0.51 0.52 0.52 0.52 0.52 0.53 0.55 0.57 0.58 0.58 0.59 0.59 0.62 0.62
 0.63 0.65 0.66 0.67 0.69 0.69 0.72 0.77 0.79 0.99 1.   1.01 1.11 1.42
 1.45 1.51 1.87 2.08]
var: 0.20053455555555513
| [0m7        [0m | [0m0.5243   [0m | [0m0.2636   [0m | [0m24.76    [0m | [0m0.6998   [0m |
[0.07 0.07 0.07 0.09 0.1  0.12 0.15 0.16 0.18 0.19 0.22 0.27 0.27 0.31
 0.31 0.32 0.34 0.35 0.39 0.4  0.43 0.46 0.46 0.47 0.49 0.51 0.51 0.51
 0.52 0.54 0.57 0.57 0.59 0.6  0.63 0.66 0.67 0.69 0.7  0.71 0.73 0.85
 0.85 0.9  0.9  0.92 0.97 1.02 1.04 1.1  1.13 1.16 1.21 1.4  1.59 1.61
 1.86 1.92 1.94 2.02]
var: 0.2477883055555556
| [0m8        [0m | [0m0.6798   [0m | [0m0.2596   [0m | [0m36.33    [0m | [0m0.4049   [0m |
[0.   0.   0.01 0.02 0.04 0.06 0.07 0.07 0.08 0.08 0.09 0.12 0.12 0.15
 0.15 0.16 0.17 0.2  0.21 0.22 0.28 0.29 0.33 0.37 0.42 0.44 0.44 0.46
 0.47 0.48 0.51 0.52 0.52 0.53 0.57 0.57 0.59 0.6  0.6  0.6  0.61 0.61
 0.62 0.62 0.67 0.68 0.68 0.69 0.71 0.71 0.75 0.79 0.81 0.83 0.88 0.91
 0.93 0.95 1.75 2.38]
var: 0.16483608333333366
| [0m9        [0m | [0m0.4865   [0m | [0m0.2842   [0m | [0m24.9     [0m | [0m0.8394   [0m |
[0.01 0.01 0.02 0.03 0.04 0.05 0.05 0.06 0.08 0.08 0.09 0.1  0.1  0.12
 0.13 0.14 0.27 0.3  0.31 0.33 0.35 0.36 0.38 0.42 0.42 0.43 0.43 0.43
 0.44 0.44 0.46 0.47 0.49 0.5  0.51 0.52 0.53 0.55 0.58 0.59 0.61 0.63
 0.64 0.68 0.73 0.73 0.73 0.85 0.89 0.9  0.91 0.92 0.92 0.98 0.99 1.06
 1.13 1.3  1.34 1.78]
var: 0.14369788888888926
| [0m10       [0m | [0m0.5057   [0m | [0m0.2882   [0m | [0m44.63    [0m | [0m0.4922   [0m |
[0.6  0.6  0.74 0.77 0.86 0.89 0.98 1.1  1.1  1.16 1.19 1.19 1.22 1.35
 1.37 1.38 1.38 1.4  1.41 1.41 1.41 1.42 1.5  1.51 1.53 1.57 1.58 1.6
 1.61 1.62 1.68 1.8  1.82 1.87 1.92 1.95 1.98 1.98 2.05 2.11 2.19 2.2
 2.2  2.25 2.31 2.39 2.69 2.71 2.71 2.74 2.75 2.75 2.79 2.84 2.87 3.
 3.47 4.22 4.72 5.59]
var: 0.8948655555555549
| [95m11       [0m | [95m1.933    [0m | [95m0.01065  [0m | [95m32.79    [0m | [95m0.08986  [0m |
[0.   0.01 0.01 0.03 0.06 0.07 0.07 0.1  0.11 0.11 0.12 0.13 0.16 0.19
 0.2  0.22 0.25 0.3  0.3  0.31 0.32 0.32 0.35 0.43 0.43 0.45 0.48 0.49
 0.49 0.52 0.53 0.53 0.53 0.54 0.54 0.56 0.57 0.58 0.58 0.6  0.6  0.62
 0.62 0.62 0.66 0.66 0.66 0.68 0.68 0.68 0.68 0.71 0.73 0.79 0.81 1.11
 1.25 1.44 1.61 1.95]
var: 0.14409541666666664
| [0m12       [0m | [0m0.5025   [0m | [0m0.2168   [0m | [0m26.13    [0m | [0m1.651    [0m |
[0.09 0.09 0.33 0.35 0.37 0.38 0.38 0.39 0.46 0.48 0.5  0.52 0.65 0.66
 0.66 0.67 0.67 0.69 0.69 0.7  0.7  0.7  0.71 0.75 0.75 0.77 0.78 0.83
 0.83 0.91 0.91 0.96 1.02 1.1  1.14 1.16 1.16 1.17 1.17 1.17 1.19 1.22
 1.22 1.23 1.23 1.24 1.25 1.26 1.27 1.34 1.4  1.43 1.52 1.66 1.68 1.76
 1.83 1.83 1.93 2.14]
var: 0.21466874999999966
| [0m13       [0m | [0m0.9675   [0m | [0m0.0894   [0m | [0m48.13    [0m | [0m0.01905  [0m |
[0.   0.02 0.03 0.03 0.07 0.07 0.12 0.17 0.18 0.21 0.25 0.26 0.26 0.28
 0.32 0.35 0.37 0.4  0.44 0.44 0.45 0.46 0.47 0.49 0.52 0.53 0.54 0.54
 0.55 0.61 0.61 0.62 0.72 0.73 0.75 0.81 0.82 0.82 0.83 0.88 0.96 0.96
 1.03 1.07 1.1  1.13 1.14 1.14 1.17 1.29 1.36 1.36 1.7  1.7  1.71 2.16
 2.39 2.51 2.62 2.72]
var: 0.4427106666666667
| [0m14       [0m | [0m0.804    [0m | [0m0.06078  [0m | [0m27.35    [0m | [0m0.61     [0m |
[0.   0.   0.   0.02 0.02 0.05 0.05 0.06 0.06 0.06 0.07 0.07 0.09 0.1
 0.11 0.16 0.16 0.17 0.19 0.21 0.23 0.26 0.27 0.28 0.28 0.28 0.32 0.33
 0.33 0.35 0.36 0.36 0.37 0.38 0.39 0.4  0.43 0.43 0.44 0.44 0.45 0.45
 0.46 0.47 0.48 0.5  0.5  0.52 0.54 0.57 0.63 0.66 0.67 0.68 0.7  0.73
 0.74 0.86 0.92 0.95]
var: 0.05938899999999995
| [0m15       [0m | [0m0.351    [0m | [0m0.03202  [0m | [0m22.79    [0m | [0m2.737    [0m |
[0.   0.   0.   0.   0.   0.02 0.02 0.03 0.03 0.04 0.04 0.05 0.05 0.06
 0.07 0.09 0.1  0.1  0.11 0.11 0.11 0.15 0.18 0.18 0.19 0.2  0.2  0.2
 0.23 0.24 0.26 0.26 0.27 0.27 0.27 0.28 0.29 0.29 0.29 0.31 0.33 0.34
 0.34 0.36 0.38 0.38 0.4  0.44 0.45 0.46 0.48 0.5  0.56 0.57 0.6  0.63
 0.66 0.76 1.08 2.31]
var: 0.1160265555555556
| [0m16       [0m | [0m0.2937   [0m | [0m0.2514   [0m | [0m42.72    [0m | [0m1.825    [0m |
[0.   0.05 0.07 0.13 0.15 0.16 0.18 0.19 0.2  0.22 0.23 0.24 0.25 0.25
 0.26 0.26 0.26 0.26 0.29 0.31 0.32 0.33 0.33 0.33 0.35 0.35 0.37 0.37
 0.38 0.39 0.4  0.44 0.44 0.44 0.44 0.45 0.48 0.49 0.5  0.55 0.56 0.67
 0.68 0.72 0.72 0.73 0.77 0.79 0.81 0.85 0.87 1.02 1.06 1.34 1.43 1.5
 1.53 1.65 2.02 2.54]
var: 0.24380697222222245
| [0m17       [0m | [0m0.5728   [0m | [0m0.02171  [0m | [0m0.4673   [0m | [0m0.3558   [0m |
[0.02 0.02 0.04 0.04 0.04 0.06 0.08 0.13 0.16 0.18 0.19 0.2  0.2  0.2
 0.23 0.27 0.28 0.29 0.29 0.3  0.32 0.32 0.33 0.35 0.37 0.38 0.39 0.39
 0.43 0.44 0.44 0.47 0.47 0.47 0.48 0.51 0.53 0.53 0.59 0.63 0.63 0.69
 0.7  0.79 0.83 0.86 0.88 0.9  0.99 1.   1.   1.07 1.14 1.16 1.18 1.22
 1.26 1.47 1.72 1.76]
var: 0.17876163888888846
| [0m18       [0m | [0m0.5552   [0m | [0m0.1723   [0m | [0m6.417    [0m | [0m0.6486   [0m |
[0.   0.   0.   0.01 0.02 0.02 0.03 0.06 0.07 0.09 0.1  0.1  0.13 0.14
 0.17 0.17 0.18 0.19 0.21 0.28 0.3  0.31 0.31 0.32 0.32 0.32 0.33 0.34
 0.34 0.35 0.36 0.37 0.37 0.38 0.42 0.42 0.43 0.44 0.46 0.47 0.47 0.48
 0.49 0.53 0.56 0.59 0.59 0.6  0.6  0.61 0.61 0.62 0.64 0.8  0.81 1.08
 1.11 1.12 1.68 1.7 ]
var: 0.12592766666666655
| [0m19       [0m | [0m0.417    [0m | [0m0.2774   [0m | [0m31.55    [0m | [0m1.807    [0m |
[0.   0.   0.   0.   0.01 0.02 0.04 0.06 0.06 0.08 0.08 0.1  0.11 0.11
 0.14 0.15 0.18 0.18 0.18 0.18 0.2  0.21 0.23 0.24 0.26 0.26 0.27 0.3
 0.3  0.31 0.31 0.31 0.33 0.35 0.36 0.37 0.39 0.39 0.42 0.43 0.43 0.44
 0.46 0.48 0.51 0.51 0.52 0.53 0.55 0.58 0.62 0.65 0.68 0.7  0.72 0.77
 0.78 0.87 0.95 1.27]
var: 0.0706090000000001
| [0m20       [0m | [0m0.349    [0m | [0m0.1761   [0m | [0m39.3     [0m | [0m1.593    [0m |
[0.   0.   0.   0.   0.01 0.03 0.03 0.04 0.05 0.06 0.07 0.07 0.09 0.09
 0.1  0.11 0.12 0.14 0.15 0.16 0.16 0.17 0.18 0.21 0.23 0.3  0.3  0.33
 0.36 0.36 0.38 0.39 0.4  0.4  0.41 0.42 0.43 0.43 0.44 0.45 0.45 0.46
 0.47 0.47 0.48 0.49 0.51 0.54 0.56 0.58 0.66 0.75 0.9  0.92 0.97 1.06
 1.12 1.12 1.12 1.25]
var: 0.106552083333333
| [0m21       [0m | [0m0.3825   [0m | [0m0.01601  [0m | [0m35.19    [0m | [0m1.759    [0m |
[0.01 0.07 0.08 0.11 0.16 0.17 0.19 0.19 0.19 0.21 0.21 0.25 0.29 0.3
 0.36 0.37 0.37 0.38 0.38 0.39 0.4  0.44 0.45 0.48 0.49 0.49 0.5  0.51
 0.52 0.54 0.55 0.57 0.58 0.58 0.59 0.6  0.62 0.63 0.64 0.65 0.68 0.69
 0.69 0.75 0.77 0.83 0.84 0.87 0.95 0.96 1.06 1.18 1.27 1.35 1.55 1.57
 1.7  1.74 1.77 1.78]
var: 0.20303497222222283
| [0m22       [0m | [0m0.6418   [0m | [0m0.2101   [0m | [0m8.523    [0m | [0m1.458    [0m |
[0.42 0.45 0.51 0.51 0.56 0.57 0.58 0.63 0.64 0.69 0.71 0.71 0.71 0.71
 0.76 0.8  0.83 0.83 0.9  0.9  0.93 0.98 0.99 1.   1.   1.02 1.05 1.08
 1.08 1.09 1.11 1.11 1.13 1.14 1.15 1.16 1.21 1.22 1.23 1.28 1.29 1.34
 1.38 1.4  1.42 1.49 1.5  1.52 1.62 1.67 1.68 1.68 1.69 1.88 1.92 2.02
 2.08 2.52 2.95 3.38]
var: 0.3310949722222228
| [0m23       [0m | [0m1.197    [0m | [0m0.2392   [0m | [0m25.63    [0m | [0m0.1312   [0m |
[0.   0.   0.01 0.06 0.07 0.11 0.12 0.13 0.17 0.19 0.23 0.25 0.26 0.27
 0.29 0.3  0.31 0.36 0.36 0.41 0.42 0.42 0.43 0.47 0.49 0.49 0.5  0.53
 0.55 0.58 0.58 0.59 0.63 0.63 0.65 0.66 0.67 0.68 0.68 0.71 0.72 0.73
 0.73 0.73 0.74 0.76 0.76 0.77 0.79 0.79 0.82 0.84 0.85 0.87 1.08 1.08
 1.13 1.22 1.36 1.49]
var: 0.11088155555555554
| [0m24       [0m | [0m0.5587   [0m | [0m0.1796   [0m | [0m8.15     [0m | [0m1.969    [0m |
[0.   0.07 0.07 0.08 0.12 0.13 0.15 0.15 0.16 0.19 0.32 0.35 0.36 0.37
 0.4  0.41 0.43 0.45 0.46 0.46 0.49 0.51 0.54 0.55 0.56 0.57 0.59 0.6
 0.6  0.61 0.61 0.61 0.63 0.64 0.64 0.65 0.65 0.69 0.7  0.71 0.72 0.79
 0.8  0.8  0.97 0.98 0.99 1.01 1.01 1.08 1.12 1.17 1.28 1.31 1.59 1.66
 1.73 1.75 1.86 1.86]
var: 0.215240666666667
| [0m25       [0m | [0m0.696    [0m | [0m0.2425   [0m | [0m10.3     [0m | [0m1.126    [0m |
[0.   0.01 0.02 0.03 0.03 0.03 0.04 0.07 0.08 0.09 0.09 0.15 0.18 0.2
 0.21 0.28 0.31 0.33 0.34 0.34 0.35 0.36 0.44 0.44 0.45 0.45 0.46 0.46
 0.47 0.48 0.49 0.49 0.5  0.52 0.54 0.55 0.56 0.57 0.6  0.61 0.63 0.64
 0.65 0.7  0.71 0.8  0.84 0.92 1.   1.02 1.17 1.2  1.29 1.31 1.37 1.39
 1.39 1.48 1.51 2.19]
var: 0.21672474999999988
| [0m26       [0m | [0m0.5805   [0m | [0m0.278    [0m | [0m34.24    [0m | [0m0.5897   [0m |
[0.   0.   0.   0.04 0.04 0.07 0.11 0.11 0.12 0.12 0.13 0.16 0.16 0.17
 0.17 0.19 0.2  0.22 0.25 0.27 0.29 0.29 0.32 0.36 0.39 0.4  0.4  0.41
 0.42 0.42 0.44 0.44 0.45 0.5  0.5  0.52 0.54 0.56 0.58 0.64 0.64 0.64
 0.71 0.74 0.74 0.77 0.83 0.89 0.94 0.95 0.95 0.97 1.03 1.08 1.21 1.22
 1.4  1.68 1.71 1.98]
var: 0.19829155555555575
| [0m27       [0m | [0m0.5413   [0m | [0m0.1371   [0m | [0m29.81    [0m | [0m1.136    [0m |
[0.   0.01 0.05 0.06 0.09 0.09 0.09 0.13 0.16 0.17 0.2  0.2  0.23 0.27
 0.29 0.3  0.3  0.31 0.35 0.36 0.39 0.44 0.45 0.49 0.49 0.49 0.53 0.55
 0.59 0.62 0.66 0.66 0.67 0.68 0.68 0.69 0.69 0.69 0.7  0.72 0.73 0.75
 0.78 0.79 0.79 0.8  0.81 0.83 0.85 0.86 0.89 0.9  0.91 0.99 1.04 1.1
 1.16 1.17 1.17 1.52]
var: 0.11635099999999975
| [0m28       [0m | [0m0.573    [0m | [0m0.1293   [0m | [0m15.82    [0m | [0m1.121    [0m |
[0.41 0.42 0.53 0.54 0.55 0.56 0.58 0.6  0.72 0.73 0.82 0.83 0.86 0.87
 0.88 0.88 0.89 0.97 0.97 1.   1.01 1.02 1.02 1.03 1.11 1.14 1.17 1.18
 1.19 1.21 1.21 1.21 1.23 1.23 1.28 1.32 1.33 1.36 1.39 1.42 1.49 1.61
 1.72 1.72 1.74 1.76 1.77 1.77 1.8  1.81 1.83 1.93 1.98 2.03 2.06 2.14
 2.25 2.32 2.43 2.87]
var: 0.3022949999999998
| [0m29       [0m | [0m1.295    [0m | [0m0.2723   [0m | [0m20.32    [0m | [0m0.1627   [0m |
[0.   0.   0.01 0.01 0.01 0.01 0.02 0.03 0.04 0.04 0.06 0.07 0.07 0.09
 0.09 0.09 0.1  0.1  0.11 0.11 0.12 0.13 0.15 0.17 0.19 0.19 0.19 0.19
 0.2  0.2  0.2  0.2  0.21 0.21 0.23 0.25 0.26 0.26 0.26 0.28 0.28 0.28
 0.29 0.29 0.3  0.35 0.35 0.35 0.37 0.37 0.38 0.42 0.44 0.45 0.45 0.53
 0.55 0.55 0.72 0.84]
var: 0.03185941666666684
| [0m30       [0m | [0m0.2285   [0m | [0m0.1723   [0m | [0m48.1     [0m | [0m2.014    [0m |
[0.   0.03 0.03 0.04 0.04 0.05 0.07 0.08 0.1  0.1  0.11 0.12 0.16 0.19
 0.2  0.24 0.26 0.27 0.28 0.28 0.31 0.32 0.32 0.33 0.34 0.36 0.36 0.37
 0.38 0.38 0.41 0.41 0.42 0.43 0.45 0.48 0.49 0.51 0.53 0.54 0.55 0.57
 0.58 0.6  0.61 0.61 0.63 0.68 0.73 0.73 0.74 0.74 0.8  0.97 1.23 1.55
 1.58 1.71 1.73 1.94]
var: 0.19378030555555575
| [0m31       [0m | [0m0.5012   [0m | [0m0.006708 [0m | [0m40.72    [0m | [0m1.441    [0m |
[0.   0.02 0.02 0.04 0.05 0.05 0.06 0.07 0.07 0.07 0.07 0.08 0.08 0.08
 0.09 0.1  0.11 0.12 0.12 0.12 0.13 0.13 0.13 0.15 0.16 0.17 0.17 0.2
 0.21 0.25 0.25 0.26 0.26 0.26 0.27 0.27 0.28 0.28 0.28 0.28 0.29 0.29
 0.3  0.32 0.34 0.34 0.35 0.36 0.41 0.43 0.49 0.55 0.57 0.58 0.6  0.63
 0.66 0.74 0.8  0.91]
var: 0.04358697222222244
| [0m32       [0m | [0m0.2628   [0m | [0m0.06919  [0m | [0m39.28    [0m | [0m2.756    [0m |
[0.   0.   0.   0.01 0.01 0.01 0.01 0.01 0.02 0.04 0.05 0.05 0.07 0.07
 0.07 0.07 0.07 0.09 0.1  0.11 0.11 0.12 0.13 0.13 0.14 0.14 0.15 0.16
 0.16 0.17 0.17 0.2  0.23 0.23 0.24 0.24 0.24 0.25 0.26 0.28 0.28 0.28
 0.29 0.29 0.31 0.32 0.33 0.33 0.36 0.37 0.37 0.4  0.41 0.51 0.51 0.52
 0.52 0.57 0.6  1.27]
var: 0.04394763888888898
| [0m33       [0m | [0m0.2242   [0m | [0m0.1595   [0m | [0m38.98    [0m | [0m2.794    [0m |
[0.   0.01 0.01 0.03 0.03 0.05 0.06 0.07 0.09 0.09 0.11 0.11 0.11 0.13
 0.14 0.15 0.16 0.17 0.2  0.2  0.22 0.23 0.23 0.25 0.26 0.26 0.27 0.34
 0.35 0.36 0.39 0.44 0.46 0.47 0.47 0.49 0.5  0.52 0.54 0.55 0.57 0.58
 0.6  0.65 0.65 0.67 0.68 0.68 0.76 0.76 0.78 0.84 0.89 0.91 0.93 1.
 1.01 1.13 1.23 1.39]
var: 0.11457697222222216
| [0m34       [0m | [0m0.4372   [0m | [0m0.2064   [0m | [0m8.465    [0m | [0m2.851    [0m |
[0.   0.   0.01 0.01 0.03 0.03 0.05 0.05 0.05 0.06 0.07 0.08 0.11 0.12
 0.12 0.13 0.15 0.15 0.15 0.15 0.15 0.16 0.16 0.17 0.18 0.19 0.2  0.21
 0.23 0.26 0.28 0.31 0.31 0.31 0.34 0.35 0.36 0.38 0.39 0.43 0.43 0.46
 0.46 0.47 0.47 0.48 0.54 0.57 0.65 0.7  0.74 0.74 0.76 0.77 0.78 0.87
 1.05 1.26 1.42 1.92]
var: 0.136863638888889
| [0m35       [0m | [0m0.3738   [0m | [0m0.2954   [0m | [0m34.38    [0m | [0m1.055    [0m |
[0.1  0.1  0.13 0.15 0.18 0.21 0.24 0.29 0.29 0.31 0.34 0.34 0.34 0.44
 0.44 0.46 0.46 0.46 0.47 0.47 0.51 0.53 0.54 0.55 0.61 0.61 0.61 0.64
 0.68 0.7  0.72 0.73 0.76 0.8  0.82 0.86 0.89 0.89 0.94 0.95 0.95 0.99
 1.01 1.06 1.09 1.14 1.14 1.14 1.25 1.38 1.4  1.42 1.44 1.46 1.52 1.6
 1.66 2.24 2.55 3.38]
var: 0.36604655555555615
| [0m36       [0m | [0m0.8397   [0m | [0m0.2135   [0m | [0m44.27    [0m | [0m0.3562   [0m |
[0.   0.02 0.06 0.11 0.11 0.12 0.14 0.16 0.17 0.22 0.23 0.24 0.26 0.27
 0.27 0.29 0.3  0.3  0.32 0.33 0.38 0.38 0.39 0.4  0.42 0.42 0.43 0.46
 0.46 0.49 0.49 0.5  0.5  0.53 0.54 0.58 0.58 0.6  0.61 0.61 0.62 0.64
 0.67 0.67 0.67 0.69 0.73 0.73 0.74 0.83 0.96 1.14 1.17 1.26 1.27 1.29
 1.29 1.58 1.73 1.95]
var: 0.17590933333333328
| [0m37       [0m | [0m0.572    [0m | [0m0.08519  [0m | [0m9.414    [0m | [0m1.871    [0m |
[0.01 0.01 0.02 0.06 0.06 0.07 0.07 0.08 0.08 0.09 0.09 0.1  0.11 0.11
 0.13 0.13 0.14 0.15 0.16 0.16 0.18 0.18 0.18 0.23 0.24 0.24 0.26 0.27
 0.28 0.28 0.29 0.31 0.31 0.34 0.34 0.35 0.35 0.35 0.36 0.36 0.37 0.39
 0.39 0.41 0.44 0.49 0.49 0.5  0.5  0.5  0.51 0.53 0.58 0.59 0.62 0.65
 0.73 0.84 0.91 1.26]
var: 0.05768474999999996
| [0m38       [0m | [0m0.3205   [0m | [0m0.1016   [0m | [0m0.8816   [0m | [0m2.662    [0m |
[0.   0.   0.01 0.02 0.03 0.03 0.03 0.04 0.04 0.05 0.06 0.06 0.07 0.1
 0.13 0.14 0.14 0.15 0.17 0.19 0.2  0.25 0.35 0.36 0.37 0.38 0.39 0.41
 0.42 0.43 0.45 0.46 0.46 0.47 0.48 0.48 0.52 0.52 0.53 0.55 0.58 0.58
 0.6  0.61 0.65 0.69 0.74 0.77 0.78 0.79 0.86 0.87 0.87 0.9  0.99 1.05
 1.14 1.31 1.45 1.64]
var: 0.1443994166666667
| [0m39       [0m | [0m0.4635   [0m | [0m0.1251   [0m | [0m23.94    [0m | [0m1.57     [0m |
[0.   0.   0.   0.   0.02 0.02 0.03 0.03 0.06 0.08 0.09 0.09 0.09 0.09
 0.1  0.1  0.1  0.1  0.11 0.11 0.12 0.13 0.16 0.16 0.16 0.17 0.18 0.18
 0.19 0.21 0.22 0.24 0.26 0.26 0.28 0.28 0.31 0.31 0.32 0.34 0.34 0.35
 0.36 0.37 0.37 0.4  0.41 0.42 0.44 0.44 0.47 0.51 0.51 0.52 0.56 0.59
 0.72 0.85 0.85 0.94]
var: 0.04869822222222204
| [0m40       [0m | [0m0.2687   [0m | [0m0.2688   [0m | [0m47.01    [0m | [0m2.166    [0m |
[0.   0.   0.   0.   0.01 0.03 0.04 0.06 0.11 0.12 0.13 0.14 0.16 0.16
 0.17 0.17 0.2  0.2  0.21 0.23 0.25 0.25 0.27 0.29 0.31 0.35 0.36 0.36
 0.38 0.38 0.38 0.4  0.4  0.41 0.41 0.43 0.43 0.44 0.45 0.45 0.46 0.47
 0.49 0.5  0.52 0.58 0.58 0.6  0.61 0.61 0.64 0.64 0.67 0.68 0.72 0.8
 0.82 1.3  1.32 3.12]
var: 0.1981403055555553
| [0m41       [0m | [0m0.4278   [0m | [0m0.2401   [0m | [0m42.38    [0m | [0m1.919    [0m |
[0.04 0.18 0.2  0.21 0.22 0.23 0.24 0.24 0.26 0.27 0.27 0.27 0.27 0.28
 0.28 0.28 0.29 0.29 0.29 0.29 0.3  0.3  0.3  0.31 0.32 0.33 0.37 0.44
 0.46 0.48 0.53 0.53 0.54 0.54 0.55 0.57 0.58 0.58 0.59 0.6  0.64 0.65
 0.67 0.67 0.72 0.75 0.78 0.79 0.8  0.94 1.15 1.17 1.24 1.26 1.27 1.33
 1.63 1.72 2.24 2.25]
var: 0.22784830555555535
| [0m42       [0m | [0m0.6132   [0m | [0m1e-08    [0m | [0m32.41    [0m | [0m0.001    [0m |
[0.41 0.41 0.55 0.66 0.71 0.72 0.78 0.83 0.84 0.97 0.99 1.   1.01 1.03
 1.06 1.09 1.12 1.13 1.21 1.24 1.28 1.29 1.29 1.32 1.38 1.39 1.53 1.53
 1.64 1.66 1.67 1.69 1.78 1.82 1.85 1.85 1.9  1.91 1.92 1.92 1.95 1.96
 2.   2.05 2.13 2.15 2.17 2.18 2.22 2.28 2.29 2.31 2.39 2.45 2.45 2.55
 2.56 2.61 2.64 2.67]
var: 0.38713608333333327
| [0m43       [0m | [0m1.607    [0m | [0m0.02439  [0m | [0m5.189    [0m | [0m0.2133   [0m |
[0.   0.   0.   0.04 0.07 0.07 0.11 0.19 0.19 0.22 0.23 0.29 0.32 0.32
 0.4  0.4  0.41 0.41 0.43 0.45 0.46 0.47 0.55 0.56 0.57 0.6  0.62 0.62
 0.62 0.63 0.64 0.66 0.68 0.71 0.71 0.74 0.74 0.74 0.76 0.81 0.85 0.85
 0.87 0.88 0.91 0.91 0.92 0.93 0.94 0.98 0.99 1.   1.01 1.04 1.05 1.09
 1.26 1.42 1.59 2.73]
var: 0.19892233333333392
| [0m44       [0m | [0m0.661    [0m | [0m0.00964  [0m | [0m12.68    [0m | [0m1.801    [0m |
[0.47 0.53 0.54 0.55 0.64 0.68 0.68 0.68 0.7  0.7  0.72 0.73 0.77 0.83
 0.83 0.86 0.88 0.89 0.9  0.9  0.92 0.95 0.95 0.96 0.99 1.01 1.08 1.09
 1.18 1.21 1.3  1.33 1.35 1.35 1.39 1.41 1.44 1.47 1.48 1.63 1.64 1.71
 1.71 1.72 1.73 1.73 1.74 1.75 1.85 1.88 1.9  1.98 2.01 2.11 2.13 2.57
 2.62 2.75 2.91 3.63]
var: 0.4336362222222224
| [0m45       [0m | [0m1.351    [0m | [0m0.04354  [0m | [0m32.92    [0m | [0m0.1728   [0m |
[0.   0.03 0.03 0.04 0.04 0.05 0.05 0.05 0.07 0.08 0.1  0.12 0.13 0.15
 0.18 0.2  0.21 0.22 0.25 0.27 0.28 0.29 0.3  0.3  0.32 0.32 0.33 0.34
 0.35 0.36 0.38 0.4  0.41 0.43 0.44 0.45 0.46 0.46 0.47 0.48 0.49 0.5
 0.51 0.54 0.54 0.57 0.6  0.61 0.64 0.65 0.66 0.71 0.77 0.77 0.79 0.81
 0.89 0.9  1.07 1.47]
var: 0.08350141666666654
| [0m46       [0m | [0m0.4055   [0m | [0m0.1245   [0m | [0m21.13    [0m | [0m2.69     [0m |
[0.07 0.21 0.32 0.32 0.33 0.33 0.33 0.35 0.36 0.37 0.4  0.42 0.42 0.46
 0.48 0.52 0.58 0.58 0.59 0.63 0.63 0.67 0.67 0.69 0.7  0.71 0.73 0.74
 0.78 0.8  0.8  0.83 0.83 0.88 0.91 0.97 1.12 1.16 1.27 1.34 1.38 1.43
 1.54 1.55 1.56 1.63 1.63 1.66 1.66 1.72 1.83 1.9  1.95 2.   2.05 2.41
 3.05 3.14 3.63 4.18]
var: 0.7255966666666674
| [0m47       [0m | [0m1.12     [0m | [0m1e-08    [0m | [0m32.82    [0m | [0m0.00236  [0m |
[0.51 0.52 0.54 0.55 0.59 0.74 0.76 0.82 0.93 1.01 1.09 1.11 1.13 1.17
 1.17 1.21 1.23 1.26 1.26 1.28 1.29 1.31 1.32 1.32 1.36 1.38 1.39 1.41
 1.41 1.44 1.46 1.56 1.56 1.61 1.7  1.74 1.75 1.76 1.77 1.79 1.82 1.9
 1.94 1.96 2.01 2.03 2.06 2.22 2.22 2.28 2.49 2.56 2.6  2.65 2.73 2.77
 3.   3.41 3.43 4.46]
var: 0.60144875
| [0m48       [0m | [0m1.663    [0m | [0m0.0435   [0m | [0m32.81    [0m | [0m0.1338   [0m |
[0.14 0.24 0.28 0.36 0.41 0.44 0.44 0.44 0.48 0.48 0.5  0.59 0.61 0.62
 0.66 0.71 0.77 0.78 0.81 0.81 0.83 0.85 0.86 0.87 0.88 0.9  0.9  1.
 1.05 1.05 1.05 1.09 1.1  1.1  1.11 1.14 1.17 1.18 1.18 1.19 1.2  1.24
 1.26 1.3  1.31 1.32 1.34 1.35 1.47 1.62 1.66 1.82 1.83 1.91 1.93 1.96
 2.05 2.12 2.87 3.54]
var: 0.3810269722222219
| [0m49       [0m | [0m1.103    [0m | [0m0.1362   [0m | [0m5.202    [0m | [0m0.2795   [0m |
[0.56 0.57 0.61 0.63 0.64 0.64 0.77 0.77 0.79 0.84 0.86 0.88 0.89 0.9
 0.9  0.92 0.93 0.95 0.97 1.   1.01 1.01 1.02 1.06 1.09 1.13 1.16 1.17
 1.18 1.23 1.25 1.26 1.32 1.36 1.37 1.44 1.46 1.48 1.48 1.5  1.51 1.51
 1.67 1.7  1.72 1.84 1.84 2.04 2.05 2.12 2.17 2.23 2.26 2.65 2.7  2.82
 3.03 4.13 4.17 4.17]
var: 0.7144436388888893
| [0m50       [0m | [0m1.489    [0m | [0m0.05378  [0m | [0m32.68    [0m | [0m0.1664   [0m |
[0.   0.02 0.06 0.07 0.1  0.11 0.12 0.14 0.14 0.17 0.17 0.18 0.2  0.2
 0.21 0.21 0.26 0.26 0.3  0.32 0.38 0.4  0.4  0.41 0.42 0.43 0.47 0.47
 0.49 0.5  0.5  0.56 0.56 0.56 0.57 0.57 0.58 0.61 0.62 0.63 0.63 0.67
 0.68 0.69 0.7  0.74 0.75 0.76 0.78 0.79 0.82 0.86 0.88 0.96 0.98 1.05
 1.11 1.13 1.78 1.94]
var: 0.14319474999999995
| [0m51       [0m | [0m0.5345   [0m | [0m0.189    [0m | [0m20.67    [0m | [0m0.6492   [0m |
[0.57 0.65 0.7  0.79 0.84 0.87 0.88 0.96 0.99 1.   1.   1.05 1.09 1.11
 1.15 1.17 1.18 1.19 1.21 1.24 1.28 1.36 1.38 1.39 1.39 1.42 1.51 1.56
 1.63 1.64 1.66 1.68 1.7  1.72 1.73 1.77 1.78 1.79 1.85 1.94 1.98 2.02
 2.06 2.07 2.14 2.19 2.21 2.31 2.4  2.49 2.59 2.67 2.68 2.74 3.07 3.41
 3.52 3.52 4.32 4.73]
var: 0.7557845555555567
| [0m52       [0m | [0m1.782    [0m | [0m0.006394 [0m | [0m32.86    [0m | [0m0.2524   [0m |
[0.47 0.5  0.52 0.55 0.55 0.56 0.57 0.61 0.63 0.66 0.76 0.79 0.8  0.8
 0.81 0.85 0.87 0.92 0.93 0.97 1.01 1.02 1.03 1.13 1.18 1.21 1.24 1.24
 1.25 1.28 1.29 1.29 1.37 1.39 1.42 1.45 1.54 1.55 1.59 1.64 1.65 1.65
 1.67 1.67 1.74 1.82 1.86 1.87 1.88 2.02 2.04 2.07 2.08 2.08 2.09 2.28
 2.47 2.57 2.74 3.57]
var: 0.40941788888888847
| [0m53       [0m | [0m1.368    [0m | [0m0.2451   [0m | [0m25.64    [0m | [0m0.1107   [0m |
[0.   0.03 0.05 0.08 0.22 0.32 0.36 0.4  0.44 0.46 0.49 0.61 0.65 0.73
 0.78 0.79 0.83 0.85 0.87 0.9  0.97 1.07 1.08 1.15 1.2  1.31 1.41 1.41
 1.68 1.75 1.83 1.92 1.97 2.11 2.15 2.24 2.46 2.46 2.49 2.55 2.68 2.7
 2.75 2.81 3.07 3.25 3.48 3.52 3.65 3.74 3.89 3.94 4.28 4.38 4.4  4.41
 4.91 5.55 6.55 9.16]
var: 3.1762760833333368
| [95m54       [0m | [95m2.137    [0m | [95m1e-08    [0m | [95m5.098    [0m | [95m0.1721   [0m |
[0.15 0.46 0.49 0.49 0.53 0.54 0.56 0.57 0.68 0.73 0.76 0.78 0.87 0.89
 0.94 0.95 0.95 0.97 0.99 1.   1.11 1.13 1.13 1.13 1.13 1.14 1.19 1.2
 1.21 1.21 1.26 1.3  1.31 1.33 1.47 1.56 1.62 1.68 1.69 1.72 1.76 1.81
 1.87 2.06 2.16 2.18 2.21 2.4  2.42 2.44 2.45 2.64 2.73 2.77 2.82 2.84
 2.99 3.29 3.75 5.32]
var: 0.8852769722222225
| [0m55       [0m | [0m1.562    [0m | [0m0.04499  [0m | [0m5.053    [0m | [0m0.176    [0m |
[0.   0.   0.01 0.04 0.05 0.1  0.12 0.15 0.2  0.21 0.22 0.24 0.26 0.27
 0.27 0.29 0.29 0.3  0.32 0.34 0.38 0.39 0.42 0.42 0.44 0.48 0.48 0.5
 0.53 0.66 0.69 0.71 0.71 0.71 0.71 0.75 0.76 0.76 0.77 0.79 0.84 0.84
 0.84 0.84 0.87 0.91 0.93 0.99 1.09 1.09 1.12 1.13 1.14 1.31 1.37 1.45
 1.48 1.63 1.68 3.59]
var: 0.32480155555555607
| [0m56       [0m | [0m0.6813   [0m | [0m0.1682   [0m | [0m20.4     [0m | [0m1.203    [0m |
[0.14 0.32 0.6  0.65 0.79 0.8  0.83 0.85 0.86 0.89 0.97 1.02 1.05 1.06
 1.07 1.09 1.11 1.13 1.18 1.18 1.19 1.2  1.25 1.25 1.28 1.3  1.3  1.31
 1.33 1.33 1.36 1.36 1.39 1.39 1.4  1.49 1.52 1.53 1.53 1.54 1.55 1.55
 1.56 1.58 1.61 1.69 1.76 1.79 1.82 1.93 1.98 1.99 2.02 2.06 2.09 2.18
 2.25 2.43 2.44 3.2 ]
var: 0.280284888888889
| [0m57       [0m | [0m1.405    [0m | [0m0.07447  [0m | [0m32.67    [0m | [0m0.02891  [0m |
[0.41 0.47 0.57 0.58 0.59 0.74 0.81 0.82 0.88 0.99 1.   1.06 1.08 1.12
 1.13 1.14 1.16 1.19 1.2  1.2  1.23 1.23 1.23 1.24 1.25 1.25 1.25 1.31
 1.32 1.36 1.37 1.4  1.44 1.46 1.46 1.53 1.67 1.68 1.69 1.74 1.74 1.86
 1.86 1.88 1.93 2.09 2.11 2.12 2.18 2.29 2.41 2.58 2.59 2.65 2.67 2.74
 3.09 3.16 3.55 4.06]
var: 0.5808183055555561
| [0m58       [0m | [0m1.597    [0m | [0m0.07942  [0m | [0m5.213    [0m | [0m0.08415  [0m |
[0.55 0.61 0.74 0.78 1.05 1.1  1.23 1.26 1.29 1.31 1.31 1.43 1.55 1.56
 1.58 1.59 1.66 1.7  1.77 1.78 1.81 1.84 1.92 1.92 2.04 2.05 2.05 2.05
 2.08 2.09 2.17 2.19 2.22 2.3  2.32 2.4  2.42 2.43 2.47 2.55 2.6  2.62
 2.69 2.72 2.73 2.75 2.78 2.93 3.11 3.15 3.2  3.31 3.38 3.43 3.54 3.6
 3.6  3.88 4.2  4.89]
var: 0.817132666666666
| [95m59       [0m | [95m2.238    [0m | [95m0.002353 [0m | [95m5.06     [0m | [95m0.25     [0m |
[0.03 0.04 0.15 0.17 0.28 0.28 0.39 0.51 0.52 0.53 0.58 0.61 0.62 0.64
 0.69 0.72 0.75 0.84 1.05 1.14 1.23 1.27 1.37 1.57 1.7  1.83 1.96 2.17
 2.31 2.34 2.58 2.6  2.62 2.64 2.75 2.79 3.02 3.06 3.06 3.07 3.13 3.52
 3.55 3.62 3.63 3.63 3.66 3.7  3.92 3.98 4.1  4.18 4.26 4.38 4.57 5.03
 5.37 6.21 6.73 8.06]
var: 3.240349416666668
| [95m60       [0m | [95m2.429    [0m | [95m1e-08    [0m | [95m5.083    [0m | [95m0.3247   [0m |
[0.03 0.07 0.23 0.4  0.43 0.51 0.68 0.93 0.96 1.04 1.08 1.16 1.22 1.31
 1.33 1.36 1.37 1.38 1.43 1.46 1.48 1.51 1.53 1.53 1.58 1.59 1.6  1.78
 1.81 1.82 1.83 1.87 1.92 1.99 1.99 2.01 2.05 2.1  2.11 2.22 2.4  2.41
 2.43 2.74 2.8  2.81 2.86 2.92 3.11 3.13 3.2  3.3  3.49 3.62 3.68 3.95
 4.24 4.6  4.82 6.71]
var: 1.5362548888888896
| [0m61       [0m | [0m2.065    [0m | [0m0.0007029[0m | [0m5.035    [0m | [0m0.4591   [0m |
[0.05 0.05 0.09 0.12 0.16 0.17 0.21 0.23 0.29 0.39 0.4  0.42 0.49 0.54
 0.54 0.54 0.56 0.56 0.6  0.62 0.62 0.65 0.68 0.7  0.72 0.73 0.75 0.83
 0.88 0.89 0.9  0.94 0.97 0.99 1.   1.   1.01 1.06 1.08 1.09 1.09 1.09
 1.11 1.13 1.15 1.19 1.19 1.2  1.25 1.29 1.32 1.33 1.46 1.57 1.6  1.7
 1.84 2.15 2.43 2.82]
var: 0.31220030555555517
| [0m62       [0m | [0m0.9072   [0m | [0m0.05751  [0m | [0m5.035    [0m | [0m0.381    [0m |
[0.   0.02 0.02 0.03 0.04 0.05 0.06 0.09 0.16 0.17 0.18 0.23 0.24 0.25
 0.35 0.35 0.36 0.36 0.38 0.38 0.39 0.39 0.4  0.42 0.43 0.43 0.44 0.44
 0.45 0.45 0.47 0.47 0.49 0.49 0.5  0.52 0.54 0.54 0.58 0.6  0.63 0.66
 0.71 0.74 0.75 0.76 0.77 0.8  0.83 0.84 0.87 0.88 0.96 0.97 1.05 1.11
 1.6  1.78 1.95 2.08]
var: 0.19464833333333312
| [0m63       [0m | [0m0.565    [0m | [0m0.2772   [0m | [0m39.48    [0m | [0m0.6643   [0m |
[0.24 0.37 0.39 0.43 0.45 0.5  0.52 0.81 0.85 0.87 0.92 0.97 1.24 1.3
 1.33 1.35 1.36 1.42 1.45 1.5  1.56 1.56 1.56 1.62 1.74 1.79 1.82 1.84
 1.86 1.98 2.03 2.07 2.17 2.21 2.22 2.23 2.29 2.31 2.35 2.39 2.42 2.42
 2.42 2.62 2.7  2.9  3.13 3.26 3.43 3.59 3.64 3.65 3.68 3.73 3.75 3.88
 4.   4.41 4.73 6.42]
var: 1.5285043055555565
| [0m64       [0m | [0m2.144    [0m | [0m0.001243 [0m | [0m5.039    [0m | [0m0.05481  [0m |
[0.   0.   0.   0.   0.   0.   0.   0.01 0.02 0.02 0.02 0.03 0.03 0.03
 0.04 0.04 0.04 0.04 0.04 0.05 0.06 0.07 0.07 0.07 0.08 0.08 0.09 0.09
 0.09 0.1  0.11 0.11 0.13 0.13 0.14 0.14 0.14 0.15 0.16 0.17 0.2  0.2
 0.24 0.26 0.26 0.27 0.28 0.29 0.29 0.3  0.33 0.34 0.37 0.37 0.38 0.39
 0.45 0.47 0.48 0.55]
var: 0.021041638888888957
| [0m65       [0m | [0m0.1552   [0m | [0m0.02154  [0m | [0m48.5     [0m | [0m2.631    [0m |
[0.02 0.04 0.07 0.1  0.16 0.17 0.21 0.23 0.26 0.27 0.27 0.31 0.32 0.42
 0.43 0.45 0.46 0.5  0.56 0.57 0.57 0.59 0.6  0.6  0.61 0.62 0.64 0.65
 0.65 0.69 0.74 0.79 0.81 0.89 0.94 0.95 0.97 0.97 0.98 1.   1.06 1.07
 1.1  1.12 1.12 1.14 1.15 1.17 1.19 1.23 1.29 1.55 1.64 1.67 1.73 1.74
 1.75 1.76 1.79 2.39]
var: 0.2781223333333332
| [0m66       [0m | [0m0.829    [0m | [0m0.03833  [0m | [0m5.201    [0m | [0m0.5009   [0m |
[0.   0.   0.   0.   0.   0.   0.   0.   0.   0.   0.   0.   0.   0.
 0.   0.   0.   0.   0.   0.   0.   0.   0.   0.   0.   0.   0.   0.
 0.   0.   0.   0.   0.   0.   0.   0.   0.   0.   0.   0.   0.   0.
 0.   0.   0.   0.   0.   0.   0.   0.   0.01 0.02 0.03 0.05 0.05 0.05
 0.06 0.08 0.09 0.14]
var: 0.0006832222222222529
| [0m67       [0m | [0m0.009667 [0m | [0m0.1423   [0m | [0m5.078    [0m | [0m0.005231 [0m |
[0.24 0.51 0.55 0.59 0.66 0.7  0.71 0.71 0.78 0.78 0.81 0.82 0.83 0.86
 0.87 0.91 0.91 0.92 0.92 0.93 0.94 0.97 0.99 1.   1.01 1.08 1.1  1.14
 1.16 1.17 1.23 1.24 1.24 1.26 1.27 1.27 1.31 1.31 1.32 1.38 1.43 1.44
 1.48 1.48 1.49 1.51 1.52 1.58 1.59 1.61 1.62 1.64 1.68 1.81 1.89 1.89
 1.95 1.96 2.34 3.34]
var: 0.24825875000000017
| [0m68       [0m | [0m1.228    [0m | [0m0.008148 [0m | [0m5.132    [0m | [0m0.03586  [0m |
[0.45 0.51 0.58 0.6  0.63 0.83 0.89 0.95 1.04 1.05 1.07 1.09 1.17 1.22
 1.22 1.23 1.25 1.32 1.33 1.36 1.38 1.43 1.44 1.46 1.5  1.51 1.51 1.54
 1.62 1.64 1.65 1.67 1.67 1.68 1.75 1.81 1.86 1.98 2.09 2.29 2.35 2.4
 2.48 2.49 2.54 2.55 2.62 2.67 2.68 2.84 2.98 2.98 2.99 3.19 3.22 3.41
 3.54 3.55 3.78 4.09]
var: 0.7967843333333343
| [0m69       [0m | [0m1.877    [0m | [0m0.04499  [0m | [0m4.944    [0m | [0m0.08724  [0m |
[0.   0.01 0.01 0.02 0.02 0.02 0.04 0.06 0.07 0.1  0.12 0.12 0.13 0.14
 0.14 0.15 0.17 0.18 0.18 0.21 0.23 0.25 0.26 0.27 0.28 0.28 0.29 0.29
 0.29 0.29 0.31 0.31 0.32 0.33 0.36 0.37 0.38 0.38 0.39 0.4  0.42 0.43
 0.44 0.44 0.46 0.47 0.48 0.5  0.51 0.54 0.55 0.57 0.64 0.66 0.74 0.78
 0.85 0.87 0.95 1.05]
var: 0.05991600000000015
| [0m70       [0m | [0m0.342    [0m | [0m0.2398   [0m | [0m0.7362   [0m | [0m2.071    [0m |
[0.   0.   0.   0.01 0.01 0.02 0.03 0.03 0.04 0.04 0.05 0.06 0.08 0.09
 0.1  0.11 0.16 0.17 0.18 0.19 0.2  0.23 0.23 0.25 0.25 0.26 0.32 0.33
 0.33 0.35 0.36 0.37 0.38 0.4  0.43 0.46 0.46 0.48 0.48 0.49 0.52 0.53
 0.54 0.54 0.55 0.57 0.57 0.62 0.62 0.76 0.82 0.84 0.86 0.9  1.01 1.05
 1.09 1.22 1.48 2.47]
var: 0.18375830555555556
| [0m71       [0m | [0m0.4332   [0m | [0m0.1842   [0m | [0m35.82    [0m | [0m1.69     [0m |
[0.04 0.08 0.16 0.17 0.35 0.48 0.52 0.52 0.55 0.57 0.61 0.72 0.99 1.05
 1.42 1.5  1.55 1.63 1.66 1.82 1.82 1.84 1.84 1.98 1.99 2.04 2.25 2.43
 2.61 2.71 2.76 2.78 2.88 2.92 2.96 2.98 3.18 3.24 3.31 3.39 3.44 3.5
 3.62 3.67 3.88 3.9  4.   4.08 4.13 4.13 4.22 4.54 4.68 5.   5.36 5.73
 5.93 6.34 8.34 9.86]
var: 3.8983087499999987
| [95m72       [0m | [95m2.778    [0m | [95m1e-08    [0m | [95m5.121    [0m | [95m0.2839   [0m |
[0.11 0.12 0.28 0.34 0.4  0.42 0.43 0.47 0.49 0.51 0.52 0.53 0.62 0.65
 0.7  0.73 0.75 0.76 0.79 0.9  0.9  0.92 0.92 0.96 0.96 0.99 1.02 1.03
 1.06 1.08 1.12 1.15 1.19 1.25 1.3  1.48 1.51 1.57 1.59 1.59 1.6  1.64
 1.68 1.8  1.84 1.85 1.9  1.91 1.93 1.93 1.96 1.97 1.98 2.07 2.38 2.4
 2.49 3.87 4.31 5.12]
var: 0.8811878888888888
| [0m73       [0m | [0m1.346    [0m | [0m0.00445  [0m | [0m4.949    [0m | [0m0.4857   [0m |
[0.12 0.43 0.43 0.45 0.46 0.5  0.51 0.53 0.53 0.54 0.55 0.56 0.56 0.64
 0.64 0.72 0.74 0.75 0.76 0.79 0.8  0.86 0.91 0.94 0.94 0.95 0.95 0.97
 0.97 0.99 1.   1.01 1.01 1.06 1.08 1.08 1.08 1.11 1.11 1.13 1.21 1.23
 1.23 1.28 1.28 1.29 1.46 1.5  1.5  1.58 1.7  1.74 1.76 1.83 2.02 2.09
 2.66 2.9  3.04 3.24]
var: 0.41658055555555584
| [0m74       [0m | [0m1.128    [0m | [0m0.2908   [0m | [0m43.31    [0m | [0m0.1066   [0m |
[0.25 0.28 0.28 0.3  0.36 0.38 0.39 0.44 0.55 0.61 0.69 0.7  0.75 0.83
 0.83 0.88 0.89 0.93 0.93 0.94 0.96 1.   1.02 1.04 1.07 1.08 1.09 1.09
 1.13 1.15 1.16 1.22 1.24 1.26 1.28 1.3  1.3  1.31 1.31 1.33 1.37 1.45
 1.48 1.5  1.5  1.57 1.61 1.72 1.73 1.75 1.79 1.86 1.89 1.9  2.17 2.31
 2.42 2.91 2.98 3.22]
var: 0.4242015555555559
| [0m75       [0m | [0m1.245    [0m | [0m0.03186  [0m | [0m5.2      [0m | [0m0.3271   [0m |
[0.   0.   0.01 0.03 0.04 0.04 0.06 0.06 0.06 0.08 0.08 0.09 0.1  0.1
 0.15 0.15 0.19 0.2  0.22 0.23 0.3  0.3  0.31 0.32 0.33 0.35 0.36 0.37
 0.37 0.38 0.38 0.43 0.43 0.45 0.46 0.46 0.48 0.49 0.51 0.52 0.52 0.53
 0.55 0.59 0.6  0.62 0.64 0.67 0.67 0.68 0.68 0.7  0.73 0.73 0.84 0.85
 0.88 0.92 1.37 1.99]
var: 0.12052875000000023
| [0m76       [0m | [0m0.4275   [0m | [0m0.0223   [0m | [0m24.56    [0m | [0m2.241    [0m |
[0.16 0.33 0.42 0.45 0.48 0.57 0.6  0.64 0.66 0.67 0.68 0.71 0.77 0.81
 0.84 0.85 0.86 0.89 0.97 1.01 1.03 1.05 1.13 1.21 1.23 1.23 1.23 1.26
 1.28 1.35 1.43 1.45 1.46 1.55 1.61 1.63 1.65 1.68 1.7  1.71 1.72 1.73
 1.74 1.74 1.77 1.81 1.84 1.85 1.87 2.05 2.07 2.14 2.19 2.66 2.73 2.75
 2.77 2.99 3.68 3.71]
var: 0.5989876388888887
| [0m77       [0m | [0m1.451    [0m | [0m0.05348  [0m | [0m5.215    [0m | [0m0.123    [0m |
[0.   0.01 0.05 0.07 0.08 0.09 0.1  0.13 0.13 0.22 0.25 0.27 0.31 0.31
 0.33 0.33 0.35 0.36 0.37 0.43 0.44 0.45 0.46 0.47 0.49 0.5  0.52 0.53
 0.55 0.55 0.55 0.55 0.57 0.58 0.58 0.59 0.6  0.6  0.63 0.65 0.7  0.74
 0.75 0.77 0.79 0.81 0.84 0.85 0.92 0.92 0.97 0.99 1.02 1.13 1.19 1.24
 1.27 1.35 1.49 2.98]
var: 0.21644697222222262
| [0m78       [0m | [0m0.6128   [0m | [0m0.2641   [0m | [0m11.7     [0m | [0m1.469    [0m |
[0.03 0.06 0.07 0.08 0.11 0.11 0.12 0.15 0.21 0.22 0.25 0.31 0.38 0.38
 0.43 0.52 0.53 0.54 0.56 0.6  0.63 0.63 0.73 0.75 0.79 0.84 0.86 0.88
 0.94 0.94 0.98 1.08 1.08 1.16 1.2  1.28 1.29 1.32 1.33 1.36 1.37 1.55
 1.59 1.61 1.68 1.7  1.72 1.78 1.91 2.05 2.05 2.14 2.27 2.31 2.51 2.66
 2.72 3.23 3.3  3.46]
var: 0.7642612222222233
| [0m79       [0m | [0m1.156    [0m | [0m1e-08    [0m | [0m32.77    [0m | [0m0.2098   [0m |
[0.41 0.46 0.55 0.57 0.57 0.6  0.6  0.61 0.65 0.75 0.77 0.78 0.78 0.81
 0.83 0.87 1.02 1.05 1.06 1.08 1.09 1.1  1.11 1.13 1.17 1.17 1.21 1.25
 1.25 1.26 1.26 1.29 1.33 1.35 1.35 1.35 1.48 1.6  1.6  1.63 1.77 1.83
 1.86 1.89 2.   2.1  2.13 2.34 2.36 2.4  2.42 2.47 2.55 2.86 2.88 3.
 3.22 3.45 3.62 5.03]
var: 0.8303032222222219
| [0m80       [0m | [0m1.55     [0m | [0m0.052    [0m | [0m4.857    [0m | [0m0.08868  [0m |
=============================================================
None
num_trials:  40  inits,  40  iters,  60  per
rho:  1.1
pthin:  0.90

Best VPT: 2.777500000000001
Best result: {'a': 1e-08, 'g': 5.1210504728117625, 's': 0.28387596970492524}

KERNEL: nu=1.5, lengthscale=2.0, alpha=0.0005
