|   iter    |  target   |     a     |     g     |     s     |
-------------------------------------------------------------
[0.09 0.12 0.15 0.16 0.16 0.17 0.18 0.21 0.24 0.29 0.32 0.32 0.36 0.39
 0.43 0.49 0.51 0.53 0.54 0.55 0.58 0.58 0.59 0.61 0.62 0.63 0.64 0.65
 0.73 0.76 0.78 0.79 0.8  0.83 0.87 0.9  0.97 0.99 1.01 1.16 1.19 1.3
 1.31 1.4  1.91 2.04 2.07 2.21 2.48 2.86 3.89 4.31]
var: 0.7916856139053258
| [0m1        [0m | [0m0.936    [0m | [0m0.2387   [0m | [0m4.676    [0m | [0m1.709    [0m |
[0.   0.   0.02 0.05 0.06 0.1  0.1  0.12 0.14 0.15 0.15 0.16 0.18 0.21
 0.22 0.26 0.28 0.28 0.29 0.29 0.29 0.31 0.33 0.33 0.34 0.38 0.38 0.39
 0.39 0.41 0.44 0.44 0.47 0.48 0.51 0.53 0.57 0.59 0.59 0.6  0.65 0.66
 0.67 0.68 0.85 0.87 1.13 1.23 1.25 1.28 1.62 1.69 1.73 2.2 ]
var: 0.22895459533607698
| [0m2        [0m | [0m0.5248   [0m | [0m0.1065   [0m | [0m41.33    [0m | [0m1.269    [0m |
[0.12 0.14 0.18 0.19 0.2  0.27 0.3  0.35 0.36 0.41 0.43 0.44 0.46 0.49
 0.54 0.55 0.55 0.57 0.58 0.73 0.75 0.76 0.77 0.77 0.81 0.81 0.82 0.82
 0.83 0.84 0.85 0.89 0.9  0.95 1.05 1.09 1.19 1.27 1.31 1.37 1.38 1.44
 1.61 1.62 1.74 1.75 2.   2.33 2.47 2.48 2.61 2.83 2.84 2.88 4.94]
var: 0.8300706115702474
| [95m3        [0m | [95m1.121    [0m | [95m0.1426   [0m | [95m4.214    [0m | [95m0.9713   [0m |
[0.13 0.26 0.32 0.34 0.44 0.45 0.46 0.48 0.52 0.54 0.56 0.61 0.76 0.77
 0.82 0.9  0.92 0.93 0.95 1.02 1.09 1.24 1.38 1.4  1.43 1.55 1.56 1.61
 1.63 1.63 1.78 1.8  1.8  1.8  1.87 1.88 1.91 1.92 2.01 2.02 2.09 2.34
 2.35 2.39 2.43 2.49 2.8  2.84 2.97 2.98 3.18 3.25 4.07 5.2  5.35 6.72]
var: 1.7052182397959184
| [95m4        [0m | [95m1.767    [0m | [95m0.235    [0m | [95m9.32     [0m | [95m0.1997   [0m |
[0.   0.   0.   0.04 0.06 0.07 0.07 0.08 0.11 0.13 0.13 0.13 0.15 0.16
 0.16 0.19 0.2  0.23 0.25 0.25 0.27 0.29 0.3  0.31 0.31 0.32 0.33 0.34
 0.36 0.36 0.36 0.36 0.41 0.42 0.42 0.46 0.48 0.48 0.49 0.5  0.5  0.52
 0.53 0.55 0.56 0.56 0.59 0.6  0.64 0.64 0.71 0.81 0.85 1.14]
var: 0.05570274348422512
| [0m5        [0m | [0m0.3552   [0m | [0m0.223    [0m | [0m28.1     [0m | [0m2.217    [0m |
[0.01 0.04 0.07 0.1  0.1  0.11 0.19 0.23 0.24 0.28 0.28 0.31 0.32 0.33
 0.41 0.42 0.43 0.44 0.47 0.47 0.47 0.49 0.53 0.53 0.54 0.55 0.56 0.6
 0.61 0.62 0.65 0.66 0.66 0.67 0.67 0.68 0.71 0.74 0.74 0.75 0.79 0.85
 0.92 0.94 0.98 1.   1.13 1.16 1.27 1.33 1.79 2.09 2.8  3.9 ]
var: 0.4389952331961592
| [0m6        [0m | [0m0.7154   [0m | [0m0.2115   [0m | [0m31.52    [0m | [0m1.054    [0m |
[0.02 0.03 0.04 0.07 0.07 0.09 0.09 0.11 0.15 0.17 0.22 0.26 0.28 0.3
 0.34 0.34 0.35 0.36 0.36 0.37 0.38 0.39 0.4  0.41 0.44 0.47 0.48 0.49
 0.56 0.66 0.67 0.69 0.71 0.74 0.78 0.84 0.94 0.94 0.96 1.05 1.07 1.12
 1.13 1.14 1.17 1.25 1.28 1.32 1.38 1.44 1.46 1.83 1.84 2.01 2.09 2.25
 2.58]
var: 0.3809146814404429
| [0m7        [0m | [0m0.7611   [0m | [0m0.02962  [0m | [0m10.62    [0m | [0m2.094    [0m |
[0.07 0.14 0.18 0.22 0.23 0.26 0.26 0.29 0.31 0.32 0.41 0.42 0.44 0.46
 0.46 0.46 0.47 0.48 0.52 0.56 0.62 0.63 0.63 0.65 0.65 0.66 0.7  0.71
 0.75 0.75 0.78 0.79 0.8  0.83 0.95 0.96 0.97 1.04 1.08 1.1  1.39 1.5
 1.56 1.62 1.69 1.7  1.72 2.27 2.32 2.84 3.09]
var: 0.45184967320261477
| [0m8        [0m | [0m0.8767   [0m | [0m0.2803   [0m | [0m10.1     [0m | [0m1.708    [0m |
[0.   0.   0.04 0.05 0.07 0.08 0.13 0.14 0.16 0.17 0.18 0.22 0.23 0.3
 0.33 0.37 0.38 0.43 0.46 0.5  0.51 0.54 0.55 0.55 0.56 0.56 0.57 0.58
 0.59 0.59 0.61 0.63 0.68 0.7  0.71 0.73 0.77 0.77 0.85 0.85 0.85 0.89
 0.9  0.91 1.09 1.17 1.27 1.37 1.4  1.46 1.46 1.68 1.75 1.75 2.02 2.03
 2.73]
var: 0.33623884272083737
| [0m9        [0m | [0m0.7346   [0m | [0m0.1136   [0m | [0m27.53    [0m | [0m1.165    [0m |
[0.01 0.01 0.02 0.02 0.04 0.05 0.09 0.11 0.11 0.13 0.17 0.18 0.25 0.25
 0.27 0.28 0.32 0.32 0.32 0.33 0.33 0.35 0.36 0.37 0.4  0.42 0.42 0.43
 0.44 0.47 0.47 0.48 0.48 0.5  0.51 0.54 0.55 0.57 0.59 0.6  0.61 0.67
 0.67 0.72 0.73 0.8  0.83 0.86 0.95 1.03 1.27 1.28 1.6  2.06]
var: 0.15745555555555588
| [0m10       [0m | [0m0.4933   [0m | [0m0.03038  [0m | [0m28.14    [0m | [0m1.854    [0m |
[0.05 0.05 0.07 0.07 0.12 0.13 0.13 0.14 0.15 0.24 0.25 0.28 0.3  0.32
 0.34 0.38 0.38 0.38 0.39 0.4  0.42 0.44 0.46 0.5  0.53 0.54 0.55 0.56
 0.58 0.59 0.6  0.67 0.67 0.67 0.68 0.68 0.74 0.74 0.88 0.88 0.89 0.92
 0.92 0.93 0.99 1.01 1.28 1.28 1.3  1.32 1.38 1.41 1.42 1.43 1.48 1.59
 1.6 ]
var: 0.19582031394275182
| [0m11       [0m | [0m0.6684   [0m | [0m0.1036   [0m | [0m14.48    [0m | [0m2.442    [0m |
[0.   0.05 0.11 0.12 0.17 0.18 0.21 0.23 0.24 0.25 0.27 0.27 0.29 0.32
 0.34 0.34 0.35 0.37 0.38 0.38 0.39 0.4  0.4  0.48 0.48 0.49 0.5  0.55
 0.56 0.57 0.62 0.67 0.7  0.7  0.71 0.74 0.77 0.83 1.02 1.08 1.12 1.13
 1.13 1.15 1.24 1.32 1.33 1.48 1.59 1.62 1.67 1.81 2.09 2.14 2.3  3.19
 3.43]
var: 0.5386310864881501
| [0m12       [0m | [0m0.8293   [0m | [0m0.1299   [0m | [0m27.47    [0m | [0m1.134    [0m |
[0.   0.   0.04 0.06 0.07 0.07 0.08 0.13 0.17 0.18 0.18 0.26 0.27 0.28
 0.29 0.3  0.32 0.35 0.38 0.46 0.47 0.48 0.49 0.5  0.52 0.56 0.59 0.65
 0.73 0.78 0.83 0.83 0.87 0.87 0.87 0.87 0.88 0.89 0.93 0.97 1.04 1.05
 1.06 1.19 1.26 1.28 1.31 1.33 1.67 1.85 1.98 2.2  2.77]
var: 0.34889626201495233
| [0m13       [0m | [0m0.7257   [0m | [0m0.153    [0m | [0m14.37    [0m | [0m2.931    [0m |
[0.08 0.22 0.28 0.3  0.42 0.43 0.46 0.46 0.5  0.51 0.56 0.56 0.58 0.59
 0.61 0.64 0.75 0.82 0.86 0.87 0.87 0.89 0.89 0.95 0.96 0.98 1.   1.09
 1.1  1.11 1.2  1.21 1.36 1.38 1.41 1.43 1.44 1.45 1.48 1.53 1.7  1.73
 1.74 1.78 1.93 1.95 2.05 2.05 2.11 2.24 2.24 2.5  2.65 3.66]
var: 0.5088617283950625
| [0m14       [0m | [0m1.196    [0m | [0m0.1737   [0m | [0m12.5     [0m | [0m1.066    [0m |
[0.01 0.01 0.05 0.06 0.09 0.12 0.13 0.15 0.15 0.16 0.18 0.19 0.2  0.24
 0.24 0.25 0.26 0.27 0.28 0.29 0.29 0.31 0.31 0.34 0.35 0.35 0.37 0.42
 0.42 0.43 0.5  0.5  0.52 0.55 0.56 0.56 0.59 0.59 0.61 0.61 0.65 0.66
 0.67 0.67 0.68 0.9  0.95 1.   1.23 1.28 1.61 1.62 1.98 3.13]
var: 0.2965541838134434
| [0m15       [0m | [0m0.547    [0m | [0m0.07908  [0m | [0m32.58    [0m | [0m1.986    [0m |
[0.   0.   0.08 0.11 0.16 0.17 0.17 0.18 0.19 0.2  0.21 0.23 0.24 0.32
 0.36 0.41 0.42 0.42 0.47 0.48 0.51 0.54 0.55 0.56 0.58 0.58 0.59 0.61
 0.64 0.69 0.76 0.79 0.82 0.84 0.91 1.04 1.07 1.11 1.11 1.11 1.19 1.21
 1.26 1.3  1.32 1.39 1.41 1.42 1.44 1.51 1.64 2.03 3.73]
var: 0.4041381986472055
| [0m16       [0m | [0m0.7751   [0m | [0m0.2719   [0m | [0m22.44    [0m | [0m1.252    [0m |
[0.   0.   0.01 0.03 0.04 0.06 0.06 0.06 0.07 0.07 0.1  0.13 0.13 0.14
 0.15 0.15 0.19 0.21 0.23 0.23 0.23 0.23 0.24 0.24 0.24 0.24 0.25 0.26
 0.28 0.29 0.31 0.31 0.31 0.32 0.34 0.36 0.36 0.4  0.4  0.42 0.45 0.45
 0.46 0.47 0.5  0.51 0.54 0.55 0.55 0.59 0.74 0.86 0.9  1.18]
var: 0.05627064471879281
| [0m17       [0m | [0m0.3119   [0m | [0m0.01156  [0m | [0m35.22    [0m | [0m2.67     [0m |
[0.12 0.13 0.21 0.25 0.26 0.3  0.32 0.35 0.35 0.36 0.44 0.46 0.47 0.48
 0.51 0.53 0.61 0.61 0.66 0.68 0.69 0.69 0.71 0.72 0.74 0.79 0.81 0.81
 0.84 0.84 0.85 0.92 0.99 1.08 1.12 1.12 1.18 1.25 1.28 1.28 1.31 1.33
 1.5  1.55 1.71 1.74 1.82 1.85 1.94 2.04 2.06 2.52 2.72]
var: 0.3772904236383055
| [0m18       [0m | [0m0.9604   [0m | [0m0.08792  [0m | [0m12.02    [0m | [0m1.479    [0m |
[0.   0.   0.02 0.03 0.08 0.11 0.13 0.13 0.14 0.14 0.15 0.18 0.21 0.22
 0.23 0.24 0.24 0.26 0.27 0.3  0.3  0.32 0.33 0.36 0.37 0.39 0.4  0.4
 0.42 0.44 0.49 0.5  0.52 0.56 0.59 0.61 0.62 0.63 0.63 0.71 0.88 0.91
 1.   1.01 1.02 1.08 1.09 1.12 1.24 1.3  1.32 1.34 1.88]
var: 0.17834531861872582
| [0m19       [0m | [0m0.5257   [0m | [0m0.1761   [0m | [0m26.85    [0m | [0m1.975    [0m |
[0.14 0.14 0.16 0.3  0.3  0.35 0.51 0.55 0.56 0.56 0.56 0.58 0.58 0.59
 0.59 0.63 0.66 0.77 0.78 0.88 1.01 1.02 1.03 1.07 1.08 1.12 1.17 1.2
 1.2  1.21 1.23 1.32 1.32 1.39 1.5  1.52 1.55 1.55 1.56 1.57 1.64 1.64
 1.69 1.75 1.9  1.94 1.99 2.07 2.12 2.19 2.2  2.21 2.24 2.42 2.55 2.67]
var: 0.446183896683673
| [0m20       [0m | [0m1.233    [0m | [0m0.02401  [0m | [0m20.47    [0m | [0m0.8295   [0m |
[0.01 0.04 0.05 0.05 0.06 0.06 0.09 0.09 0.1  0.1  0.11 0.12 0.13 0.13
 0.15 0.15 0.19 0.2  0.2  0.21 0.22 0.23 0.23 0.24 0.24 0.25 0.26 0.27
 0.27 0.3  0.31 0.33 0.34 0.35 0.36 0.4  0.4  0.45 0.46 0.48 0.51 0.53
 0.53 0.55 0.56 0.57 0.61 0.67 0.7  0.71 0.87 0.96 1.12 1.14 1.26 1.32
 2.36]
var: 0.16538547245306204
| [0m21       [0m | [0m0.414    [0m | [0m0.03092  [0m | [0m38.9     [0m | [0m1.783    [0m |
[0.02 0.03 0.07 0.12 0.13 0.16 0.17 0.2  0.21 0.21 0.21 0.25 0.26 0.27
 0.31 0.33 0.38 0.41 0.43 0.44 0.45 0.49 0.5  0.5  0.51 0.54 0.55 0.56
 0.58 0.59 0.64 0.66 0.69 0.78 0.8  0.93 0.93 0.98 1.01 1.08 1.08 1.35
 1.43 1.49 1.56 1.73 1.77 1.87 2.04 2.47 2.54 2.62 4.62 4.81]
var: 0.9837200274348413
| [0m22       [0m | [0m0.9215   [0m | [0m0.1618   [0m | [0m12.05    [0m | [0m1.77     [0m |
[0.   0.   0.01 0.16 0.18 0.22 0.26 0.3  0.3  0.36 0.36 0.38 0.39 0.43
 0.5  0.52 0.54 0.54 0.57 0.72 0.74 0.9  0.94 1.   1.02 1.07 1.25 1.25
 1.27 1.27 1.34 1.35 1.37 1.43 1.48 1.52 1.55 1.56 1.56 1.8  1.82 1.9
 1.99 2.   2.03 2.1  2.22 2.31 2.4  2.6  2.91 3.18 3.37 4.64]
var: 0.9204912208504803
| [0m23       [0m | [0m1.257    [0m | [0m0.01388  [0m | [0m38.2     [0m | [0m0.5678   [0m |
[0.   0.   0.07 0.08 0.09 0.11 0.13 0.13 0.14 0.15 0.2  0.2  0.22 0.3
 0.31 0.34 0.35 0.37 0.4  0.4  0.4  0.41 0.42 0.43 0.45 0.46 0.48 0.53
 0.57 0.57 0.59 0.6  0.63 0.65 0.66 0.67 0.68 0.69 0.73 0.73 0.73 0.79
 0.85 0.87 0.93 1.01 1.05 1.11 1.14 1.14 1.29 1.38 1.6  1.61 1.93 2.14]
var: 0.22349027423469373
| [0m24       [0m | [0m0.6234   [0m | [0m0.0556   [0m | [0m2.259    [0m | [0m2.425    [0m |
[0.   0.   0.02 0.02 0.04 0.04 0.04 0.05 0.06 0.07 0.07 0.07 0.07 0.09
 0.09 0.11 0.11 0.13 0.13 0.14 0.15 0.16 0.18 0.18 0.19 0.2  0.22 0.25
 0.25 0.28 0.29 0.31 0.33 0.35 0.38 0.38 0.39 0.39 0.43 0.47 0.48 0.49
 0.52 0.54 0.56 0.56 0.56 0.57 0.59 0.6  0.61 0.63 0.65 0.7  0.77 0.89
 2.08]
var: 0.10682012927054471
| [0m25       [0m | [0m0.3321   [0m | [0m0.235    [0m | [0m37.9     [0m | [0m1.929    [0m |
[0.01 0.06 0.08 0.12 0.15 0.18 0.2  0.22 0.25 0.26 0.28 0.33 0.35 0.36
 0.36 0.38 0.4  0.44 0.45 0.45 0.47 0.48 0.53 0.55 0.61 0.62 0.62 0.63
 0.63 0.64 0.65 0.67 0.67 0.68 0.71 0.75 0.78 0.82 0.84 0.87 0.93 0.97
 1.03 1.1  1.22 1.27 1.37 1.41 1.43 1.67 1.69 1.76 1.99 2.07 3.86]
var: 0.4209687933884298
| [0m26       [0m | [0m0.7695   [0m | [0m0.04355  [0m | [0m18.1     [0m | [0m1.516    [0m |
[0.12 0.14 0.27 0.33 0.4  0.49 0.52 0.55 0.56 0.75 0.75 0.77 0.8  0.81
 0.82 0.83 0.85 0.85 0.87 0.88 0.89 0.93 0.96 0.96 1.01 1.02 1.05 1.1
 1.21 1.28 1.31 1.32 1.35 1.37 1.38 1.65 1.69 1.81 1.83 1.88 2.06 2.06
 2.07 2.14 2.14 2.18 2.2  2.31 2.4  2.44 2.74 4.94]
var: 0.6939784023668635
| [0m27       [0m | [0m1.308    [0m | [0m0.2931   [0m | [0m13.21    [0m | [0m0.618    [0m |
[0.   0.   0.   0.   0.   0.   0.   0.01 0.03 0.03 0.04 0.05 0.05 0.06
 0.08 0.11 0.13 0.13 0.14 0.19 0.19 0.21 0.21 0.22 0.22 0.24 0.24 0.27
 0.29 0.3  0.33 0.33 0.34 0.34 0.35 0.38 0.4  0.41 0.46 0.48 0.49 0.51
 0.52 0.54 0.56 0.58 0.68 0.68 1.07 1.3 ]
var: 0.07268356000000017
| [0m28       [0m | [0m0.2838   [0m | [0m0.1544   [0m | [0m46.88    [0m | [0m1.58     [0m |
[0.   0.   0.   0.   0.   0.   0.   0.01 0.03 0.03 0.03 0.03 0.05 0.06
 0.06 0.06 0.07 0.07 0.07 0.07 0.07 0.07 0.07 0.08 0.08 0.09 0.09 0.1
 0.12 0.12 0.12 0.13 0.13 0.14 0.14 0.16 0.16 0.18 0.19 0.2  0.22 0.24
 0.28 0.28 0.3  0.33 0.37 0.37 0.41 0.46 0.46 0.48 0.49 0.52 0.53 0.89]
var: 0.03255813137755111
| [0m29       [0m | [0m0.1734   [0m | [0m0.01648  [0m | [0m48.66    [0m | [0m2.738    [0m |
[0.63 0.74 0.78 0.79 0.89 0.94 1.12 1.2  1.34 1.37 1.38 1.42 1.43 1.46
 1.49 1.55 1.58 1.58 1.74 1.79 1.9  1.93 1.97 1.98 1.99 2.09 2.11 2.11
 2.12 2.19 2.27 2.27 2.29 2.31 2.33 2.66 2.71 2.8  2.8  2.98 2.99 3.07
 3.09 3.29 3.32 3.4  3.42 3.66 3.85 4.12 4.99 5.32]
var: 1.0723782174556216
| [95m30       [0m | [95m2.222    [0m | [95m0.1389   [0m | [95m37.58    [0m | [95m0.02749  [0m |
[0.03 0.06 0.06 0.08 0.08 0.1  0.12 0.12 0.13 0.14 0.14 0.16 0.17 0.2
 0.22 0.22 0.23 0.24 0.24 0.25 0.27 0.27 0.28 0.3  0.31 0.33 0.34 0.34
 0.35 0.37 0.37 0.43 0.45 0.51 0.51 0.52 0.54 0.57 0.64 0.71 0.72 0.74
 0.75 0.79 0.81 0.82 0.83 0.84 0.86 0.87 0.89 0.93 0.95 1.01 1.15 1.27]
var: 0.1008821109693876
| [0m31       [0m | [0m0.4577   [0m | [0m0.2312   [0m | [0m0.8082   [0m | [0m1.721    [0m |
[0.   0.   0.   0.   0.   0.08 0.08 0.09 0.1  0.1  0.12 0.13 0.14 0.15
 0.17 0.18 0.19 0.26 0.26 0.27 0.32 0.34 0.35 0.35 0.35 0.36 0.38 0.42
 0.42 0.42 0.42 0.43 0.44 0.46 0.47 0.48 0.52 0.52 0.54 0.56 0.56 0.57
 0.62 0.63 0.71 0.71 0.76 0.81 0.83 0.99 1.03 1.3  1.32 1.32]
var: 0.1095709533607684
| [0m32       [0m | [0m0.4265   [0m | [0m0.05144  [0m | [0m47.61    [0m | [0m1.072    [0m |
[0.   0.04 0.08 0.1  0.1  0.1  0.11 0.11 0.12 0.12 0.16 0.17 0.19 0.2
 0.21 0.21 0.25 0.26 0.27 0.28 0.31 0.31 0.32 0.32 0.35 0.35 0.36 0.37
 0.37 0.37 0.38 0.41 0.41 0.45 0.47 0.48 0.5  0.51 0.53 0.62 0.67 0.68
 0.75 0.77 0.85 0.91 1.03 1.24 1.32 2.15 2.63]
var: 0.23590657439446389
| [0m33       [0m | [0m0.4759   [0m | [0m0.05856  [0m | [0m33.12    [0m | [0m1.548    [0m |
[0.   0.   0.   0.   0.   0.   0.   0.   0.   0.   0.01 0.01 0.01 0.02
 0.03 0.03 0.05 0.05 0.06 0.06 0.08 0.09 0.12 0.13 0.13 0.16 0.16 0.17
 0.17 0.17 0.2  0.22 0.25 0.26 0.27 0.28 0.29 0.29 0.3  0.32 0.33 0.36
 0.39 0.42 0.42 0.43 0.47 0.5  0.51 0.63 0.77]
var: 0.034905959246443706
| [0m34       [0m | [0m0.1886   [0m | [0m0.05995  [0m | [0m47.41    [0m | [0m2.938    [0m |
[0.05 0.12 0.13 0.14 0.15 0.18 0.22 0.25 0.28 0.34 0.37 0.38 0.41 0.41
 0.47 0.55 0.56 0.57 0.6  0.65 0.65 0.65 0.68 0.7  0.72 0.77 0.77 0.77
 0.82 0.83 0.84 0.87 0.88 1.1  1.15 1.17 1.21 1.23 1.28 1.32 1.35 1.61
 1.62 1.72 1.77 1.81 1.83 1.86 1.86 2.33 3.77]
var: 0.47749919261822354
| [0m35       [0m | [0m0.9171   [0m | [0m0.02902  [0m | [0m31.15    [0m | [0m0.6389   [0m |
[0.05 0.06 0.07 0.11 0.14 0.17 0.18 0.21 0.22 0.25 0.29 0.29 0.31 0.34
 0.37 0.38 0.39 0.39 0.4  0.41 0.41 0.42 0.48 0.52 0.57 0.6  0.6  0.6
 0.66 0.69 0.72 0.74 0.74 0.8  0.8  0.8  0.82 0.93 1.   1.07 1.07 1.1
 1.13 1.14 1.19 1.25 1.29 1.37 1.49 1.55 1.59 2.09 2.29 2.35 2.6 ]
var: 0.3561034710743802
| [0m36       [0m | [0m0.7727   [0m | [0m0.2107   [0m | [0m10.61    [0m | [0m2.105    [0m |
[0.04 0.08 0.09 0.1  0.11 0.13 0.15 0.21 0.37 0.4  0.45 0.47 0.51 0.52
 0.57 0.66 0.77 0.79 0.82 0.82 0.84 0.86 0.89 1.02 1.03 1.08 1.18 1.24
 1.25 1.29 1.44 1.59 1.59 1.67 1.7  1.79 1.83 1.99 2.02 2.03 2.05 2.07
 2.19 2.27 2.41 2.42 2.44 2.54 2.74 2.77 3.22 3.31 5.55]
var: 1.110828551085797
| [0m37       [0m | [0m1.365    [0m | [0m0.09351  [0m | [0m5.547    [0m | [0m0.9962   [0m |
[0.05 0.06 0.14 0.14 0.16 0.17 0.19 0.19 0.19 0.19 0.21 0.22 0.22 0.23
 0.27 0.32 0.35 0.35 0.37 0.38 0.4  0.4  0.41 0.42 0.43 0.47 0.48 0.5
 0.51 0.54 0.54 0.55 0.55 0.57 0.57 0.59 0.61 0.62 0.65 0.65 0.66 0.66
 0.76 0.78 1.09 1.16 1.22 1.31 1.34 1.38 1.5  1.51 1.63 2.08 2.32 2.47]
var: 0.3060563456632653
| [0m38       [0m | [0m0.6559   [0m | [0m0.2965   [0m | [0m3.614    [0m | [0m2.35     [0m |
[0.07 0.23 0.25 0.25 0.29 0.31 0.35 0.39 0.45 0.48 0.52 0.52 0.59 0.7
 0.72 0.8  0.88 0.88 0.89 0.93 0.99 1.01 1.02 1.05 1.07 1.09 1.1  1.12
 1.16 1.22 1.29 1.33 1.39 1.58 1.6  1.66 1.89 2.05 2.05 2.09 2.13 2.23
 2.26 2.38 2.38 2.73 2.82 2.91 3.08 3.08 3.2  3.27 3.37 3.56 3.66 3.83
 3.92]
var: 1.159886057248384
| [0m39       [0m | [0m1.563    [0m | [0m0.1583   [0m | [0m4.314    [0m | [0m0.2864   [0m |
[0.   0.07 0.08 0.09 0.11 0.12 0.15 0.17 0.18 0.18 0.2  0.2  0.23 0.23
 0.24 0.26 0.27 0.3  0.33 0.34 0.37 0.38 0.43 0.52 0.54 0.55 0.55 0.56
 0.57 0.61 0.68 0.73 0.74 0.74 0.79 0.81 0.83 0.83 0.84 0.96 0.99 1.06
 1.07 1.07 1.17 1.18 1.32 1.4  1.44 1.48 1.54 2.11 2.22 2.37 3.33]
var: 0.4289486280991729
| [0m40       [0m | [0m0.7369   [0m | [0m0.2524   [0m | [0m16.41    [0m | [0m2.454    [0m |
[0.   0.04 0.07 0.08 0.11 0.13 0.13 0.13 0.15 0.15 0.19 0.22 0.23 0.23
 0.28 0.28 0.3  0.31 0.31 0.31 0.33 0.34 0.37 0.38 0.39 0.51 0.51 0.52
 0.63 0.77 0.78 0.82 0.95 0.97 1.06 1.12 1.25 1.33 1.35 1.39 1.44 1.54
 1.59 1.63 1.7  1.86 1.86 1.88 1.89 1.98 2.   2.1  2.17 3.38]
var: 0.5730333333333336
| [0m41       [0m | [0m0.86     [0m | [0m0.2123   [0m | [0m36.93    [0m | [0m0.001    [0m |
[0.05 0.13 0.14 0.16 0.19 0.19 0.23 0.3  0.3  0.32 0.33 0.33 0.39 0.41
 0.44 0.47 0.47 0.48 0.52 0.56 0.59 0.63 0.65 0.68 0.7  0.78 0.81 0.83
 0.91 1.01 1.02 1.03 1.11 1.13 1.31 1.33 1.37 1.37 1.41 1.55 1.57 1.58
 1.61 1.68 1.83 1.86 2.32 2.5  2.54 2.63 2.79 2.88 3.53]
var: 0.6845566393734419
| [0m42       [0m | [0m1.056    [0m | [0m0.2981   [0m | [0m37.72    [0m | [0m0.2148   [0m |
[0.   0.   0.   0.   0.   0.   0.   0.   0.   0.01 0.01 0.01 0.02 0.02
 0.03 0.03 0.04 0.06 0.08 0.08 0.08 0.09 0.09 0.1  0.1  0.11 0.11 0.12
 0.12 0.12 0.19 0.21 0.21 0.25 0.25 0.26 0.27 0.28 0.32 0.34 0.34 0.38
 0.38 0.39 0.4  0.4  0.43 0.45 0.45 0.46 0.47 0.57 0.57 0.58 0.61 0.78
 1.08]
var: 0.05258116343490308
| [0m43       [0m | [0m0.2237   [0m | [0m0.05061  [0m | [0m47.64    [0m | [0m2.763    [0m |
[0.   0.   0.   0.   0.04 0.04 0.05 0.05 0.07 0.08 0.1  0.11 0.12 0.12
 0.13 0.17 0.17 0.18 0.22 0.24 0.24 0.29 0.36 0.36 0.37 0.38 0.39 0.42
 0.46 0.46 0.5  0.51 0.52 0.53 0.53 0.56 0.56 0.57 0.57 0.59 0.63 0.68
 0.69 0.7  0.73 0.74 0.76 0.76 0.84 0.86 0.94 0.99 1.01 1.62]
var: 0.109157098765432
| [0m44       [0m | [0m0.4261   [0m | [0m0.1586   [0m | [0m48.33    [0m | [0m1.233    [0m |
[0.17 0.18 0.25 0.73 0.77 0.86 0.9  1.08 1.13 1.38 1.38 1.39 1.4  1.44
 1.46 1.47 1.49 1.51 1.52 1.6  1.67 1.72 1.73 1.75 1.84 1.84 1.86 2.08
 2.09 2.12 2.22 2.23 2.26 2.28 2.34 2.38 2.41 2.47 2.47 2.66 2.68 2.73
 2.82 2.84 3.08 3.24 3.25 3.33 3.51 3.62 3.96 4.93 5.41]
var: 1.1187110715557136
| [0m45       [0m | [0m2.074    [0m | [0m0.02264  [0m | [0m37.61    [0m | [0m0.0996   [0m |
[0.34 0.57 0.6  0.62 0.9  0.92 1.   1.01 1.03 1.17 1.18 1.21 1.23 1.24
 1.3  1.3  1.36 1.53 1.56 1.57 1.72 1.74 1.79 1.8  1.82 1.85 1.86 1.87
 1.89 1.92 1.99 2.02 2.05 2.07 2.07 2.08 2.15 2.18 2.62 2.71 2.85 2.93
 2.97 3.07 3.14 3.16 3.22 3.24 3.26 3.33 3.38 3.53 4.28 4.56]
var: 0.9092093278463648
| [0m46       [0m | [0m2.014    [0m | [0m0.09546  [0m | [0m37.48    [0m | [0m0.02613  [0m |
[0.01 0.02 0.03 0.06 0.06 0.1  0.1  0.11 0.12 0.16 0.21 0.24 0.24 0.25
 0.33 0.35 0.36 0.37 0.38 0.39 0.39 0.51 0.52 0.52 0.53 0.55 0.57 0.59
 0.61 0.64 0.64 0.66 0.68 0.73 0.75 0.75 0.8  0.83 0.86 0.88 0.91 1.05
 1.07 1.08 1.16 1.18 1.21 1.22 1.38 1.65 1.66 1.74 1.95 2.07 2.42]
var: 0.3094961983471076
| [0m47       [0m | [0m0.7027   [0m | [0m0.1811   [0m | [0m13.76    [0m | [0m2.379    [0m |
[0.21 0.3  0.42 0.42 0.46 0.48 0.62 0.77 0.77 0.78 0.97 1.01 1.13 1.14
 1.22 1.31 1.31 1.32 1.34 1.34 1.37 1.41 1.47 1.51 1.61 1.63 1.65 1.77
 1.85 1.85 1.87 1.95 2.04 2.07 2.1  2.11 2.15 2.2  2.36 2.41 2.42 2.43
 2.43 2.52 2.58 2.95 2.97 3.07 3.16 3.4  3.4 ]
var: 0.6903705497885423
| [0m48       [0m | [0m1.687    [0m | [0m0.06897  [0m | [0m5.199    [0m | [0m0.3937   [0m |
[0.   0.08 0.08 0.09 0.1  0.11 0.11 0.11 0.12 0.14 0.14 0.14 0.14 0.14
 0.14 0.15 0.15 0.15 0.16 0.16 0.16 0.16 0.16 0.17 0.18 0.18 0.19 0.19
 0.19 0.19 0.2  0.2  0.2  0.2  0.21 0.21 0.21 0.22 0.23 0.27 0.28 0.28
 0.28 0.3  0.34 0.34 0.36 0.4  0.42 0.44 0.64 0.76 0.85 1.33 1.47 2.71]
var: 0.17520328443877536
| [0m49       [0m | [0m0.313    [0m | [0m1e-08    [0m | [0m37.78    [0m | [0m0.001    [0m |
[0.04 0.14 0.15 0.16 0.19 0.21 0.25 0.26 0.27 0.29 0.29 0.31 0.39 0.4
 0.43 0.46 0.54 0.58 0.59 0.6  0.62 0.66 0.69 0.7  0.71 0.78 0.8  0.91
 0.95 0.96 0.97 1.02 1.05 1.09 1.16 1.23 1.24 1.25 1.44 1.46 1.47 1.48
 1.64 1.74 1.81 1.94 2.09 2.37 2.4  2.44 2.44 2.48 2.62 2.66 2.94 2.99]
var: 0.6720017538265305
| [0m50       [0m | [0m1.103    [0m | [0m0.009262 [0m | [0m20.47    [0m | [0m0.814    [0m |
[0.   0.   0.02 0.02 0.03 0.03 0.04 0.07 0.08 0.1  0.12 0.13 0.13 0.15
 0.2  0.2  0.21 0.21 0.24 0.26 0.27 0.3  0.31 0.31 0.32 0.34 0.35 0.36
 0.36 0.38 0.39 0.4  0.41 0.41 0.42 0.43 0.44 0.44 0.47 0.47 0.48 0.48
 0.55 0.56 0.58 0.66 0.67 0.71 0.72 0.87 0.89 0.91 0.93 0.99 1.  ]
var: 0.07251788429752062
| [0m51       [0m | [0m0.3785   [0m | [0m0.1111   [0m | [0m28.72    [0m | [0m2.826    [0m |
[0.24 0.27 0.35 0.46 0.51 0.56 0.57 0.64 0.68 0.73 0.75 0.78 0.81 0.84
 0.85 0.92 0.93 0.97 1.06 1.14 1.17 1.42 1.44 1.57 1.59 1.59 1.61 1.68
 1.71 1.83 1.83 1.89 1.99 2.   2.02 2.03 2.23 2.24 2.28 2.31 2.34 2.35
 2.93 2.95 3.02 3.08 3.09 3.26 3.41 3.67 3.7  4.32 4.51 6.63]
var: 1.5542126543209878
| [0m52       [0m | [0m1.847    [0m | [0m0.1173   [0m | [0m37.55    [0m | [0m0.1242   [0m |
[0.16 0.24 0.32 0.47 0.58 0.61 0.67 0.69 0.78 0.87 0.88 0.9  0.93 1.03
 1.1  1.11 1.21 1.22 1.23 1.47 1.5  1.51 1.51 1.58 1.59 1.69 1.71 1.78
 1.82 1.88 1.92 1.94 1.96 2.03 2.08 2.22 2.23 2.24 2.3  2.3  2.46 2.65
 2.73 2.79 2.85 2.91 2.99 3.   3.37 3.47 3.55 3.68 3.7  3.83 3.99 4.16
 4.35 4.77 6.07]
var: 1.5390503878195931
| [0m53       [0m | [0m2.061    [0m | [0m0.02422  [0m | [0m37.5     [0m | [0m0.1497   [0m |
[0.15 0.35 0.49 0.57 0.64 0.73 0.8  0.82 1.02 1.06 1.12 1.13 1.15 1.15
 1.25 1.26 1.3  1.35 1.36 1.38 1.39 1.4  1.41 1.5  1.52 1.69 1.79 1.8
 1.82 1.92 1.94 1.94 1.96 2.05 2.08 2.11 2.18 2.31 2.34 2.43 2.55 2.55
 2.69 2.7  2.7  2.71 2.98 2.98 3.08 3.09 3.68 4.2  4.62 5.04 5.36 5.61]
var: 1.4561622448979588
| [0m54       [0m | [0m2.021    [0m | [0m0.2218   [0m | [0m9.469    [0m | [0m0.2069   [0m |
[0.01 0.07 0.19 0.22 0.24 0.24 0.27 0.33 0.37 0.38 0.39 0.39 0.42 0.45
 0.47 0.48 0.59 0.59 0.64 0.68 0.7  0.79 0.86 0.9  0.96 0.97 0.98 1.03
 1.03 1.07 1.1  1.11 1.12 1.17 1.18 1.18 1.23 1.23 1.25 1.28 1.28 1.32
 1.37 1.5  1.6  1.64 1.77 1.84 1.91 2.06 2.13 2.29 2.34 2.54 2.67 3.79
 5.13]
var: 0.8257204678362577
| [0m55       [0m | [0m1.153    [0m | [0m0.1993   [0m | [0m20.37    [0m | [0m0.7864   [0m |
[0.02 0.26 0.26 0.37 0.39 0.41 0.44 0.46 0.49 0.51 0.53 0.64 0.64 0.67
 0.72 0.73 0.74 0.84 0.88 0.93 1.08 1.12 1.15 1.17 1.19 1.26 1.34 1.38
 1.38 1.41 1.44 1.47 1.51 1.68 1.73 1.86 1.86 1.86 1.88 2.03 2.06 2.06
 2.11 2.23 2.43 2.47 2.66 3.01 3.07 3.09 3.61 4.01 4.47 4.49]
var: 1.1352135802469134
| [0m56       [0m | [0m1.528    [0m | [0m0.2918   [0m | [0m26.34    [0m | [0m0.2345   [0m |
[0.   0.   0.   0.   0.   0.   0.   0.   0.   0.   0.01 0.01 0.01 0.02
 0.02 0.03 0.03 0.04 0.04 0.05 0.05 0.06 0.07 0.08 0.1  0.2  0.3  0.31
 0.32 0.36 0.48 0.64 0.67 0.78 1.   1.05 1.07 1.31 1.38 1.76 2.09 2.27
 2.38 2.85 2.9  2.98 3.14 3.2  3.24 3.41 3.5  3.66 3.72 3.85 4.02 5.43]
var: 2.138232366071429
| [0m57       [0m | [0m1.159    [0m | [0m1e-08    [0m | [0m37.53    [0m | [0m0.02113  [0m |
[0.37 0.45 0.54 0.56 0.7  0.71 0.8  0.84 1.11 1.13 1.16 1.26 1.29 1.46
 1.46 1.5  1.61 1.72 1.83 1.99 2.01 2.02 2.02 2.04 2.04 2.06 2.07 2.09
 2.13 2.2  2.35 2.4  2.43 2.53 2.69 2.7  2.72 2.76 2.9  2.99 3.03 3.03
 3.09 3.35 3.35 3.4  3.47 3.7  4.05 4.37 4.45 4.53]
var: 1.133634763313609
| [0m58       [0m | [0m2.182    [0m | [0m0.2566   [0m | [0m9.334    [0m | [0m0.2078   [0m |
[0.08 0.57 0.77 0.8  0.82 0.87 0.99 1.09 1.22 1.23 1.25 1.28 1.33 1.36
 1.43 1.45 1.47 1.49 1.5  1.52 1.58 1.58 1.65 1.77 1.94 1.94 2.22 2.25
 2.33 2.39 2.44 2.45 2.55 2.61 2.64 2.66 2.66 2.67 2.96 2.99 3.12 3.12
 3.19 3.24 3.33 3.34 3.63 3.65 3.8  3.98 4.5  4.57 4.59 4.78 5.8 ]
var: 1.479431537190084
| [95m59       [0m | [95m2.317    [0m | [95m0.0615   [0m | [95m37.54    [0m | [95m0.09046  [0m |
[0.82 0.86 0.86 0.88 0.96 0.98 1.16 1.17 1.26 1.31 1.36 1.36 1.39 1.43
 1.44 1.47 1.5  1.54 1.6  1.64 1.66 1.78 1.89 1.91 2.   2.01 2.07 2.08
 2.09 2.1  2.15 2.27 2.32 2.37 2.51 2.78 2.81 2.86 2.92 2.96 2.99 3.03
 3.18 3.23 3.69 3.72 3.74 3.95 4.64 4.88 4.95 5.18 5.29]
var: 1.4013164115343542
| [95m60       [0m | [95m2.321    [0m | [95m0.2235   [0m | [95m37.55    [0m | [95m0.07321  [0m |
[0.   0.52 0.59 0.62 0.64 0.74 0.84 0.91 1.02 1.14 1.18 1.24 1.31 1.35
 1.36 1.46 1.47 1.49 1.5  1.51 1.53 1.65 1.77 1.77 1.81 1.86 1.97 2.04
 2.05 2.07 2.09 2.12 2.18 2.27 2.34 2.35 2.39 2.42 2.43 2.45 2.48 2.55
 2.64 2.76 3.   3.03 3.08 3.22 3.32 3.38 3.52 3.58 3.92 4.44 6.25]
var: 1.188817057851239
| [0m61       [0m | [0m2.066    [0m | [0m0.2069   [0m | [0m37.53    [0m | [0m0.03134  [0m |
[0.34 0.48 0.54 0.55 0.56 0.59 0.6  0.71 0.92 0.93 0.97 0.97 1.01 1.02
 1.03 1.08 1.16 1.17 1.24 1.26 1.27 1.35 1.36 1.42 1.43 1.43 1.46 1.48
 1.49 1.54 1.67 1.79 1.84 1.88 1.92 1.96 1.97 1.99 2.   2.08 2.17 2.19
 2.22 2.3  2.32 2.33 2.34 2.45 2.52 2.86 2.87 2.87 2.96 3.65 3.86 4.58]
var: 0.7693818558673458
| [0m62       [0m | [0m1.696    [0m | [0m0.1948   [0m | [0m37.41    [0m | [0m0.103    [0m |
[0.   0.13 0.19 0.2  0.21 0.21 0.26 0.33 0.51 0.54 0.65 0.71 0.72 0.77
 0.78 0.81 0.84 0.93 1.05 1.13 1.13 1.14 1.15 1.16 1.16 1.19 1.24 1.25
 1.26 1.27 1.29 1.46 1.47 1.55 1.78 1.81 1.99 2.24 2.29 2.29 2.44 2.5
 2.59 2.73 2.79 2.92 3.04 3.21 3.9  4.1  5.6 ]
var: 1.3010902729719342
| [0m63       [0m | [0m1.508    [0m | [0m0.218    [0m | [0m37.56    [0m | [0m0.1633   [0m |
[0.02 0.05 0.06 0.1  0.11 0.12 0.14 0.28 0.3  0.34 0.44 0.46 0.47 0.47
 0.5  0.55 0.56 0.57 0.58 0.6  0.65 0.72 0.76 0.79 0.82 0.84 0.85 0.91
 0.92 0.97 0.99 1.01 1.01 1.06 1.07 1.08 1.12 1.19 1.31 1.32 1.35 1.39
 1.41 1.48 1.5  1.56 1.6  1.67 1.77 1.91 2.1  2.11 2.27 2.57 2.76 3.03
 3.14 4.15]
var: 0.7140463733650414
| [0m64       [0m | [0m1.101    [0m | [0m0.01538  [0m | [0m20.45    [0m | [0m0.8419   [0m |
[0.14 0.18 0.22 0.28 0.4  0.49 0.5  0.58 0.63 0.65 0.69 0.77 0.8  0.82
 0.85 0.93 1.06 1.07 1.07 1.08 1.1  1.22 1.3  1.31 1.39 1.42 1.44 1.57
 1.6  1.66 1.89 1.91 1.96 1.96 2.12 2.15 2.16 2.24 2.24 2.27 2.38 2.39
 2.6  2.6  2.72 2.81 2.96 2.98 3.08 3.16 3.29 3.71 4.01 4.16 5.07 6.79]
var: 1.6532270089285714
| [0m65       [0m | [0m1.836    [0m | [0m0.2843   [0m | [0m9.424    [0m | [0m0.2676   [0m |
[0.05 0.27 0.38 0.38 0.46 0.51 0.54 0.56 0.6  0.6  0.6  0.68 0.71 0.73
 0.76 0.82 0.88 0.95 0.97 0.99 0.99 1.   1.04 1.07 1.15 1.17 1.2  1.21
 1.3  1.3  1.31 1.34 1.35 1.38 1.47 1.55 1.57 1.57 1.59 1.61 1.9  1.96
 2.18 2.29 2.29 2.33 2.4  2.41 2.47 2.66 2.86 3.15 3.35]
var: 0.5915908864364535
| [0m66       [0m | [0m1.337    [0m | [0m0.2231   [0m | [0m37.56    [0m | [0m0.1569   [0m |
[0.   0.01 0.04 0.05 0.06 0.06 0.06 0.08 0.09 0.1  0.15 0.15 0.19 0.21
 0.22 0.24 0.26 0.28 0.29 0.29 0.29 0.35 0.36 0.4  0.43 0.44 0.49 0.53
 0.54 0.54 0.55 0.57 0.64 0.67 0.68 0.7  0.75 0.81 0.83 0.89 0.92 0.95
 0.95 1.   1.03 1.06 1.09 1.1  1.18 1.23 1.37 1.49 2.78]
var: 0.24874531861872584
| [0m67       [0m | [0m0.5743   [0m | [0m0.2135   [0m | [0m39.13    [0m | [0m0.8924   [0m |
[0.   0.41 0.55 0.58 0.75 1.01 1.01 1.08 1.1  1.14 1.25 1.27 1.3  1.31
 1.32 1.33 1.39 1.52 1.57 1.62 1.63 1.79 1.79 1.8  1.92 1.97 2.   2.03
 2.07 2.13 2.22 2.23 2.25 2.3  2.35 2.4  2.48 2.49 2.65 2.68 2.72 2.82
 2.9  3.08 3.13 3.13 3.17 3.18 3.44 3.46 3.63 3.84 4.94 5.61]
var: 1.1565307270233194
| [0m68       [0m | [0m2.106    [0m | [0m0.1459   [0m | [0m37.52    [0m | [0m0.06088  [0m |
[0.37 0.53 0.73 0.85 0.85 0.92 1.04 1.04 1.13 1.2  1.21 1.27 1.27 1.36
 1.46 1.46 1.49 1.63 1.68 1.71 1.76 1.78 1.81 1.9  1.91 1.93 1.96 2.04
 2.08 2.11 2.12 2.14 2.17 2.19 2.3  2.36 2.38 2.4  2.57 2.59 2.85 2.85
 2.92 2.94 3.08 3.2  3.48 3.53 3.58 3.69 3.82 4.49 4.94 6.38]
var: 1.2885768518518514
| [0m69       [0m | [0m2.175    [0m | [0m0.2833   [0m | [0m9.329    [0m | [0m0.1725   [0m |
[0.07 0.14 0.27 0.3  0.3  0.34 0.41 0.43 0.46 0.48 0.49 0.56 0.64 0.64
 0.67 0.69 0.7  0.71 0.72 0.76 0.78 0.82 0.82 0.86 0.88 0.91 0.95 1.
 1.06 1.06 1.13 1.21 1.23 1.27 1.27 1.3  1.3  1.32 1.35 1.38 1.71 1.73
 1.73 1.75 1.94 2.04 2.07 2.15 2.2  2.23 2.63 3.23]
var: 0.4546051405325445
| [0m70       [0m | [0m1.098    [0m | [0m0.02175  [0m | [0m5.615    [0m | [0m1.354    [0m |
[0.   0.35 0.52 0.61 0.69 0.74 0.74 0.83 0.86 0.9  0.98 1.02 1.07 1.12
 1.29 1.49 1.52 1.52 1.55 1.56 1.58 1.71 1.73 1.75 1.77 1.78 1.86 1.87
 1.88 1.99 2.   2.06 2.09 2.1  2.24 2.26 2.36 2.42 2.58 2.67 2.72 2.73
 2.75 2.92 2.99 3.12 3.22 3.37 3.38 3.42 3.6  4.24 5.57]
var: 1.1112616589533642
| [0m71       [0m | [0m1.964    [0m | [0m0.09747  [0m | [0m37.65    [0m | [0m0.0952   [0m |
[0.   0.09 0.12 0.12 0.38 0.45 0.46 0.48 0.5  0.5  0.55 0.55 0.62 0.62
 0.71 0.77 0.83 0.84 0.97 0.98 1.   1.09 1.17 1.19 1.2  1.26 1.29 1.29
 1.39 1.39 1.45 1.46 1.47 1.52 1.53 1.54 1.56 1.69 1.71 1.72 1.75 1.78
 1.8  1.94 1.99 2.11 2.2  2.22 2.27 2.76 3.15 3.16]
var: 0.5430308801775147
| [0m72       [0m | [0m1.261    [0m | [0m0.08433  [0m | [0m37.4     [0m | [0m0.1926   [0m |
[0.09 0.19 0.24 0.27 0.29 0.56 0.62 0.65 0.89 0.91 0.92 0.96 1.01 1.02
 1.1  1.25 1.33 1.33 1.45 1.5  1.55 1.58 1.64 1.7  1.71 1.73 1.79 1.8
 1.82 1.82 1.82 1.87 1.98 2.08 2.13 2.2  2.21 2.31 2.39 2.44 2.44 2.45
 2.54 2.57 2.87 3.06 3.11 3.16 3.4  3.61 3.81 3.89 3.91 4.22]
var: 1.0554100480109738
| [0m73       [0m | [0m1.855    [0m | [0m0.2508   [0m | [0m9.542    [0m | [0m0.1893   [0m |
[0.36 0.51 0.72 0.9  0.92 1.   1.02 1.07 1.17 1.27 1.45 1.48 1.55 1.55
 1.6  1.62 1.65 1.66 1.68 1.89 1.89 1.94 2.01 2.04 2.16 2.36 2.43 2.44
 2.46 2.57 2.6  2.68 2.71 2.82 2.96 3.06 3.19 3.19 3.23 3.24 3.26 3.26
 3.26 3.31 3.39 3.63 3.66 4.11 4.24 4.33 4.35 4.99 5.43]
var: 1.3436395870416518
| [95m74       [0m | [95m2.42     [0m | [95m0.1839   [0m | [95m9.465    [0m | [95m0.1294   [0m |
[0.09 0.4  0.43 0.59 0.68 0.82 0.85 0.91 0.98 0.98 1.03 1.47 1.5  1.51
 1.51 1.54 1.66 1.72 1.89 1.93 1.97 2.04 2.06 2.06 2.07 2.08 2.09 2.09
 2.16 2.21 2.31 2.58 2.82 2.82 3.02 3.04 3.08 3.1  3.11 3.25 3.32 3.53
 3.62 3.72 4.03 4.39 4.56 4.72 4.72 4.76 4.8  5.13 5.51 5.89 7.15]
var: 2.3827071074380157
| [95m75       [0m | [95m2.587    [0m | [95m0.204    [0m | [95m9.591    [0m | [95m0.1236   [0m |
[0.01 0.02 0.02 0.02 0.03 0.03 0.03 0.04 0.04 0.04 0.08 0.09 0.09 0.1
 0.1  0.1  0.1  0.11 0.12 0.14 0.15 0.17 0.17 0.18 0.21 0.24 0.24 0.26
 0.3  0.31 0.31 0.32 0.32 0.32 0.33 0.33 0.35 0.36 0.36 0.36 0.37 0.38
 0.4  0.41 0.43 0.5  0.55 0.57 0.59 0.59 0.66 0.66 0.69 0.95 0.97 1.09
 1.45]
var: 0.08489627577716244
| [0m76       [0m | [0m0.3186   [0m | [0m0.02375  [0m | [0m38.13    [0m | [0m2.369    [0m |
[0.32 0.35 0.61 0.71 0.84 1.15 1.18 1.26 1.31 1.35 1.46 1.49 1.65 1.71
 1.81 1.96 1.98 2.04 2.05 2.12 2.15 2.16 2.2  2.22 2.34 2.35 2.36 2.4
 2.43 2.6  2.66 2.67 2.74 2.83 2.85 2.94 2.98 3.02 3.12 3.25 3.37 3.43
 3.48 3.48 3.59 3.6  3.9  4.08 4.14 4.21 6.53 6.84]
var: 1.6415865014792905
| [0m77       [0m | [0m2.505    [0m | [0m0.1262   [0m | [0m9.651    [0m | [0m0.08736  [0m |
[0.   0.   0.01 0.03 0.04 0.06 0.08 0.08 0.09 0.11 0.12 0.14 0.16 0.16
 0.19 0.2  0.21 0.22 0.25 0.29 0.3  0.33 0.33 0.34 0.34 0.38 0.42 0.43
 0.44 0.46 0.46 0.5  0.56 0.57 0.57 0.59 0.6  0.6  0.62 0.64 0.71 0.72
 0.73 0.74 0.74 0.74 0.77 0.79 0.83 0.86 0.88 0.88 1.25 1.27 2.1  4.54]
var: 0.43191348852040823
| [0m78       [0m | [0m0.5441   [0m | [0m0.1462   [0m | [0m26.57    [0m | [0m1.39     [0m |
[0.   0.   0.   0.   0.   0.01 0.02 0.03 0.03 0.04 0.04 0.06 0.07 0.08
 0.08 0.11 0.12 0.14 0.14 0.14 0.15 0.15 0.17 0.17 0.19 0.2  0.25 0.25
 0.26 0.27 0.28 0.3  0.3  0.32 0.34 0.34 0.37 0.37 0.37 0.38 0.4  0.41
 0.43 0.48 0.5  0.53 0.53 0.55 0.57 0.63 0.66 0.68 0.69 0.76 0.86 0.96
 1.06]
var: 0.06675887965527871
| [0m79       [0m | [0m0.3025   [0m | [0m0.2858   [0m | [0m41.64    [0m | [0m1.991    [0m |
[0.   0.07 0.1  0.11 0.15 0.2  0.21 0.22 0.23 0.37 0.37 0.37 0.41 0.42
 0.44 0.45 0.46 0.46 0.47 0.49 0.5  0.52 0.52 0.52 0.55 0.59 0.59 0.59
 0.62 0.65 0.72 0.74 0.75 0.76 0.79 0.89 0.91 0.93 1.01 1.03 1.04 1.05
 1.08 1.31 1.33 1.48 1.53 1.65 1.67 1.85 1.9  2.1  2.13 2.33 2.33 2.67]
var: 0.4145514987244897
| [0m80       [0m | [0m0.8505   [0m | [0m0.2127   [0m | [0m29.12    [0m | [0m0.7637   [0m |
=============================================================
None
num_trials:  40  inits,  40  iters,  60  per
rho:  2
pthin:  0.0

Best VPT: 2.5872727272727287
Best result: {'a': 0.20404418775806546, 'g': 9.591398412475785, 's': 0.12363839129970831}

KERNEL: nu=1.5, lengthscale=2.0, alpha=0.0005
