|   iter    |  target   |     a     |     g     |     s     |
-------------------------------------------------------------
[0.18 0.36 0.53 0.92 0.95 1.01 1.01 1.11 1.44 1.44 1.52 1.66 1.68 1.74
 1.79 1.79 1.86 1.86 1.87 1.93 1.94 1.97 2.08 2.13 2.15 2.18 2.22 2.22
 2.23 2.24 2.27 2.33 2.33 2.33 2.33 2.35 2.35 2.45 2.47 2.85 2.86 2.88
 2.88 2.95 3.04 3.05 3.07 3.08 3.09 3.09 3.17 3.31 3.44 3.51 4.04 4.16
 4.45 4.94 5.11 6.9 ]
var: 1.3471783055555555
| [0m1        [0m | [0m2.418    [0m | [0m0.1336   [0m | [0m4.405    [0m | [0m0.1312   [0m |
[0.12 0.27 0.38 0.45 0.46 0.46 0.51 0.51 0.6  0.61 0.62 0.65 0.69 0.76
 0.81 0.82 0.83 0.86 0.86 0.88 0.88 0.92 0.93 0.94 0.95 1.04 1.05 1.06
 1.08 1.14 1.24 1.25 1.26 1.5  1.52 1.53 1.53 1.57 1.59 1.59 1.75 1.83
 1.87 1.89 1.95 2.   2.02 2.07 2.29 2.35 2.42 2.47 2.63 2.75 3.03 3.28
 3.32 4.26 4.89 5.1 ]
var: 1.1322916388888893
| [0m2        [0m | [0m1.515    [0m | [0m0.2784   [0m | [0m17.16    [0m | [0m0.6149   [0m |
[0.   0.   0.   0.02 0.02 0.06 0.07 0.08 0.1  0.1  0.11 0.18 0.18 0.18
 0.2  0.2  0.22 0.22 0.23 0.26 0.29 0.29 0.3  0.3  0.31 0.31 0.31 0.32
 0.32 0.33 0.34 0.34 0.35 0.35 0.37 0.37 0.4  0.4  0.42 0.44 0.45 0.46
 0.48 0.5  0.5  0.5  0.52 0.53 0.65 0.69 0.72 0.78 0.8  0.88 0.92 0.98
 1.14 1.29 1.6  2.13]
var: 0.14971497222222235
| [0m3        [0m | [0m0.4302   [0m | [0m0.1128   [0m | [0m0.4532   [0m | [0m1.012    [0m |
[0.04 0.11 0.13 0.18 0.18 0.19 0.2  0.24 0.25 0.3  0.3  0.31 0.35 0.37
 0.42 0.42 0.43 0.46 0.49 0.49 0.49 0.52 0.53 0.54 0.54 0.54 0.56 0.57
 0.59 0.61 0.64 0.65 0.67 0.7  0.73 0.75 0.75 0.94 1.03 1.06 1.1  1.13
 1.16 1.2  1.25 1.26 1.26 1.33 1.34 1.42 1.63 1.68 1.83 1.93 1.95 2.03
 2.03 2.25 2.52 2.72]
var: 0.4167927499999999
| [0m4        [0m | [0m0.8715   [0m | [0m0.1687   [0m | [0m34.03    [0m | [0m0.8148   [0m |
[0.   0.   0.01 0.01 0.05 0.05 0.06 0.09 0.09 0.09 0.11 0.12 0.16 0.16
 0.18 0.2  0.2  0.22 0.23 0.24 0.24 0.26 0.27 0.28 0.28 0.3  0.32 0.32
 0.36 0.37 0.38 0.38 0.4  0.46 0.47 0.48 0.52 0.54 0.56 0.57 0.58 0.59
 0.61 0.61 0.64 0.64 0.67 0.69 0.76 0.77 0.8  0.8  0.82 0.86 0.93 0.99
 1.36 1.65 1.69 1.8 ]
var: 0.16367274999999976
| [0m5        [0m | [0m0.4715   [0m | [0m0.2051   [0m | [0m42.33    [0m | [0m1.312    [0m |
[0.32 0.64 0.85 0.95 1.01 1.07 1.22 1.28 1.28 1.29 1.3  1.4  1.53 1.66
 1.7  1.71 1.73 1.83 1.84 1.84 1.87 1.98 2.18 2.22 2.24 2.25 2.25 2.29
 2.29 2.33 2.41 2.5  2.51 2.65 2.69 2.72 2.8  2.87 3.01 3.07 3.12 3.17
 3.35 3.37 3.39 3.4  3.48 3.52 3.62 3.76 3.81 4.21 4.35 4.38 4.52 4.52
 5.15 5.81 6.1  6.57]
var: 1.797571
| [95m6        [0m | [95m2.653    [0m | [95m0.1298   [0m | [95m25.3     [0m | [95m0.03593  [0m |
[0.   0.   0.12 0.14 0.16 0.16 0.17 0.18 0.19 0.2  0.21 0.27 0.31 0.32
 0.33 0.35 0.38 0.42 0.43 0.43 0.43 0.45 0.47 0.53 0.53 0.55 0.56 0.6
 0.62 0.64 0.69 0.69 0.87 0.95 0.95 0.96 0.99 0.99 1.04 1.07 1.08 1.11
 1.15 1.18 1.19 1.19 1.27 1.3  1.38 1.44 1.51 1.51 1.62 1.67 1.67 1.72
 1.8  2.18 2.36 3.02]
var: 0.396848333333333
| [0m7        [0m | [0m0.845    [0m | [0m0.2915   [0m | [0m40.03    [0m | [0m0.7278   [0m |
[0.   0.01 0.02 0.03 0.04 0.05 0.07 0.08 0.08 0.09 0.1  0.11 0.11 0.12
 0.16 0.17 0.18 0.18 0.19 0.2  0.21 0.25 0.26 0.28 0.29 0.3  0.3  0.31
 0.34 0.37 0.4  0.41 0.41 0.47 0.47 0.47 0.47 0.51 0.51 0.51 0.53 0.54
 0.54 0.55 0.55 0.56 0.57 0.58 0.68 0.7  0.73 0.73 0.76 0.85 0.89 0.91
 1.12 1.16 1.18 1.46]
var: 0.10483822222222233
| [0m8        [0m | [0m0.4187   [0m | [0m0.2961   [0m | [0m1.365    [0m | [0m1.935    [0m |
[0.07 0.07 0.07 0.1  0.12 0.13 0.17 0.18 0.22 0.23 0.28 0.32 0.32 0.36
 0.4  0.42 0.45 0.48 0.5  0.53 0.57 0.57 0.63 0.64 0.65 0.73 0.73 0.75
 0.75 0.77 0.79 0.79 0.81 0.84 0.88 0.89 0.94 0.98 1.03 1.09 1.11 1.15
 1.16 1.17 1.3  1.31 1.33 1.39 1.49 1.5  1.51 1.54 1.62 1.63 1.67 1.67
 1.68 1.79 1.9  2.3 ]
var: 0.29990697222222223
| [0m9        [0m | [0m0.8578   [0m | [0m0.03479  [0m | [0m14.79    [0m | [0m1.431    [0m |
[0.01 0.02 0.04 0.05 0.05 0.06 0.07 0.07 0.07 0.07 0.09 0.1  0.1  0.12
 0.12 0.12 0.16 0.19 0.22 0.28 0.29 0.3  0.3  0.3  0.31 0.31 0.31 0.32
 0.38 0.4  0.45 0.46 0.47 0.48 0.49 0.49 0.49 0.57 0.57 0.6  0.61 0.62
 0.65 0.67 0.73 0.73 0.76 0.84 0.87 0.89 0.95 1.05 1.07 1.09 1.19 1.3
 1.3  1.32 1.44 1.98]
var: 0.18281733333333353
| [0m10       [0m | [0m0.506    [0m | [0m0.005206 [0m | [0m7.653    [0m | [0m2.667    [0m |
[0.   0.   0.   0.01 0.01 0.01 0.02 0.03 0.04 0.06 0.07 0.08 0.1  0.12
 0.12 0.14 0.14 0.14 0.16 0.17 0.2  0.24 0.24 0.26 0.32 0.33 0.34 0.35
 0.35 0.38 0.39 0.4  0.4  0.41 0.41 0.42 0.42 0.43 0.44 0.47 0.48 0.49
 0.49 0.55 0.56 0.63 0.67 0.68 0.68 0.69 0.71 0.83 0.93 1.02 1.06 1.19
 1.26 1.27 1.47 1.88]
var: 0.15952066666666684
| [0m11       [0m | [0m0.436    [0m | [0m0.2393   [0m | [0m17.28    [0m | [0m2.919    [0m |
[0.01 0.03 0.03 0.04 0.05 0.07 0.07 0.08 0.08 0.09 0.1  0.16 0.24 0.24
 0.25 0.28 0.28 0.28 0.3  0.3  0.31 0.31 0.34 0.35 0.37 0.4  0.44 0.44
 0.45 0.47 0.48 0.52 0.53 0.53 0.53 0.56 0.59 0.67 0.72 0.75 0.79 0.81
 0.83 0.86 0.91 0.92 1.   1.   1.14 1.14 1.14 1.15 1.17 1.26 1.29 1.56
 1.73 2.   2.85 6.27]
var: 0.8105962222222225
| [0m12       [0m | [0m0.7093   [0m | [0m0.1156   [0m | [0m41.85    [0m | [0m0.8614   [0m |
[0.   0.04 0.05 0.05 0.09 0.1  0.14 0.14 0.15 0.18 0.19 0.2  0.21 0.22
 0.26 0.27 0.29 0.32 0.34 0.35 0.37 0.44 0.44 0.45 0.45 0.48 0.48 0.5
 0.52 0.53 0.58 0.59 0.62 0.64 0.66 0.66 0.68 0.68 0.7  0.71 0.73 0.76
 0.9  0.91 0.98 0.99 1.02 1.09 1.1  1.18 1.23 1.25 1.29 1.31 1.33 1.49
 1.51 2.04 2.1  2.24]
var: 0.26975655555555555
| [0m13       [0m | [0m0.6703   [0m | [0m0.01467  [0m | [0m14.01    [0m | [0m1.984    [0m |
[0.1  0.13 0.15 0.19 0.19 0.24 0.25 0.25 0.27 0.27 0.32 0.33 0.34 0.34
 0.34 0.38 0.39 0.47 0.49 0.49 0.5  0.53 0.6  0.61 0.68 0.69 0.72 0.73
 0.84 0.88 0.93 1.   1.05 1.13 1.14 1.16 1.16 1.17 1.2  1.24 1.25 1.29
 1.37 1.41 1.44 1.45 1.52 1.64 1.69 1.72 1.73 1.77 1.82 2.01 2.04 2.04
 2.24 2.33 2.41 2.45]
var: 0.4406149722222222
| [0m14       [0m | [0m0.9918   [0m | [0m0.2992   [0m | [0m11.66    [0m | [0m1.101    [0m |
[0.03 0.07 0.13 0.14 0.14 0.14 0.15 0.17 0.18 0.2  0.3  0.3  0.31 0.41
 0.45 0.5  0.54 0.55 0.58 0.67 0.7  0.77 0.83 0.93 0.93 0.98 0.99 1.01
 1.05 1.12 1.12 1.2  1.2  1.25 1.27 1.28 1.36 1.36 1.37 1.39 1.46 1.49
 1.71 1.75 1.76 1.76 1.86 1.88 1.98 1.99 2.18 2.76 2.87 2.95 3.01 3.01
 3.36 3.46 4.02 4.03]
var: 1.041902888888888
| [0m15       [0m | [0m1.289    [0m | [0m0.1169   [0m | [0m18.98    [0m | [0m0.7484   [0m |
[0.01 0.02 0.03 0.07 0.13 0.17 0.22 0.22 0.24 0.24 0.36 0.37 0.37 0.39
 0.4  0.43 0.43 0.48 0.52 0.56 0.6  0.64 0.68 0.7  0.72 0.74 0.77 0.82
 0.86 0.96 1.02 1.11 1.13 1.13 1.14 1.14 1.2  1.2  1.27 1.29 1.3  1.31
 1.44 1.44 1.55 1.58 1.64 1.78 1.89 1.97 2.01 2.04 2.05 2.11 2.13 2.16
 2.2  2.2  3.65 4.54]
var: 0.7467003055555554
| [0m16       [0m | [0m1.096    [0m | [0m0.1863   [0m | [0m44.93    [0m | [0m0.4024   [0m |
[0.04 0.05 0.06 0.17 0.31 0.34 0.39 0.48 0.52 0.53 0.66 0.68 0.68 0.72
 0.78 0.79 0.84 0.94 0.98 1.18 1.22 1.23 1.25 1.33 1.42 1.47 1.53 1.54
 1.56 1.59 1.67 1.73 1.76 1.79 1.79 1.8  1.82 1.84 1.86 1.86 1.97 2.03
 2.09 2.14 2.24 2.28 2.57 2.58 2.6  2.67 2.84 2.86 2.88 2.88 3.17 3.18
 3.72 3.92 4.09 4.31]
var: 1.0830598888888887
| [0m17       [0m | [0m1.67     [0m | [0m0.08519  [0m | [0m21.02    [0m | [0m0.4342   [0m |
[0.01 0.02 0.04 0.05 0.05 0.06 0.08 0.1  0.1  0.11 0.12 0.14 0.16 0.16
 0.2  0.2  0.23 0.23 0.26 0.27 0.28 0.28 0.29 0.3  0.33 0.33 0.38 0.4
 0.41 0.46 0.46 0.47 0.5  0.54 0.55 0.57 0.58 0.59 0.59 0.6  0.62 0.63
 0.65 0.67 0.72 0.75 0.76 0.79 0.83 0.84 1.01 1.01 1.06 1.12 1.2  1.28
 1.31 1.76 2.13 2.9 ]
var: 0.27542899999999954
| [0m18       [0m | [0m0.559    [0m | [0m0.229    [0m | [0m25.5     [0m | [0m1.34     [0m |
[0.01 0.02 0.02 0.03 0.03 0.03 0.04 0.05 0.06 0.06 0.07 0.1  0.12 0.17
 0.24 0.25 0.25 0.26 0.29 0.3  0.33 0.33 0.34 0.35 0.37 0.42 0.42 0.44
 0.44 0.44 0.45 0.46 0.46 0.46 0.47 0.48 0.48 0.49 0.57 0.58 0.59 0.62
 0.62 0.63 0.66 0.67 0.71 0.81 0.84 0.89 0.89 0.93 0.98 0.98 1.01 1.06
 1.27 1.7  2.33 2.72]
var: 0.25648830555555546
| [0m19       [0m | [0m0.5348   [0m | [0m0.009791 [0m | [0m23.7     [0m | [0m2.107    [0m |
[0.   0.02 0.03 0.03 0.03 0.04 0.05 0.05 0.07 0.08 0.08 0.09 0.09 0.12
 0.13 0.13 0.14 0.16 0.16 0.16 0.19 0.2  0.2  0.2  0.2  0.23 0.27 0.27
 0.31 0.32 0.33 0.33 0.34 0.38 0.4  0.4  0.41 0.41 0.41 0.43 0.44 0.44
 0.44 0.48 0.48 0.49 0.5  0.53 0.53 0.53 0.56 0.58 0.62 0.62 0.64 0.72
 0.73 1.14 1.2  1.2 ]
var: 0.07532066666666656
| [0m20       [0m | [0m0.346    [0m | [0m0.09496  [0m | [0m25.01    [0m | [0m2.795    [0m |
[0.   0.01 0.01 0.01 0.03 0.03 0.04 0.05 0.05 0.05 0.05 0.05 0.06 0.08
 0.1  0.12 0.13 0.13 0.15 0.17 0.18 0.19 0.19 0.2  0.21 0.21 0.24 0.24
 0.25 0.26 0.28 0.3  0.31 0.31 0.33 0.4  0.44 0.46 0.47 0.48 0.48 0.48
 0.49 0.5  0.55 0.59 0.61 0.62 0.62 0.63 0.81 0.84 0.94 0.99 1.11 1.14
 1.17 1.19 1.31 1.41]
var: 0.13474097222222223
| [0m21       [0m | [0m0.3958   [0m | [0m0.2998   [0m | [0m21.94    [0m | [0m2.958    [0m |
[0.   0.   0.   0.   0.01 0.01 0.02 0.02 0.02 0.03 0.03 0.03 0.04 0.04
 0.04 0.05 0.07 0.12 0.12 0.12 0.15 0.15 0.19 0.21 0.23 0.25 0.27 0.31
 0.33 0.34 0.35 0.36 0.39 0.4  0.41 0.41 0.42 0.42 0.45 0.45 0.47 0.49
 0.51 0.53 0.54 0.57 0.58 0.58 0.6  0.62 0.65 0.71 0.82 0.83 0.88 1.11
 1.11 1.17 1.35 1.8 ]
var: 0.1398365555555557
| [0m22       [0m | [0m0.3863   [0m | [0m0.1287   [0m | [0m35.97    [0m | [0m2.252    [0m |
[0.   0.02 0.04 0.04 0.05 0.07 0.08 0.09 0.1  0.1  0.11 0.12 0.12 0.12
 0.19 0.21 0.21 0.22 0.24 0.24 0.33 0.35 0.36 0.37 0.38 0.43 0.44 0.44
 0.45 0.45 0.49 0.49 0.5  0.51 0.53 0.53 0.54 0.57 0.57 0.57 0.59 0.61
 0.62 0.63 0.65 0.66 0.67 0.69 0.7  0.72 0.85 0.87 0.97 1.09 1.09 1.09
 1.39 1.4  1.53 1.97]
var: 0.1625745555555556
| [0m23       [0m | [0m0.5077   [0m | [0m0.006864 [0m | [0m10.79    [0m | [0m2.541    [0m |
[0.02 0.14 0.18 0.22 0.28 0.35 0.4  0.42 0.48 0.5  0.57 0.58 0.58 0.61
 0.61 0.66 0.68 0.74 0.74 0.82 0.84 0.86 0.88 0.89 0.89 0.96 0.98 1.
 1.02 1.06 1.08 1.12 1.14 1.18 1.22 1.27 1.28 1.46 1.47 1.58 1.63 1.68
 1.7  1.71 1.78 1.8  1.85 2.01 2.06 2.27 2.35 2.36 2.57 2.58 2.83 2.92
 3.04 3.1  3.32 3.64]
var: 0.761317333333333
| [0m24       [0m | [0m1.316    [0m | [0m0.2339   [0m | [0m42.19    [0m | [0m0.2516   [0m |
[0.   0.   0.01 0.01 0.01 0.03 0.04 0.04 0.05 0.08 0.09 0.1  0.1  0.1
 0.1  0.13 0.13 0.14 0.14 0.15 0.15 0.16 0.17 0.17 0.17 0.18 0.18 0.19
 0.2  0.22 0.22 0.23 0.23 0.24 0.25 0.28 0.28 0.29 0.31 0.32 0.33 0.33
 0.36 0.37 0.38 0.39 0.39 0.47 0.48 0.49 0.5  0.57 0.63 0.63 0.64 0.66
 0.86 0.97 1.13 1.34]
var: 0.07498830555555573
| [0m25       [0m | [0m0.2968   [0m | [0m0.2787   [0m | [0m30.38    [0m | [0m2.898    [0m |
[0.01 0.02 0.02 0.03 0.03 0.04 0.06 0.07 0.08 0.09 0.11 0.16 0.17 0.23
 0.28 0.31 0.32 0.32 0.36 0.37 0.38 0.4  0.41 0.41 0.54 0.56 0.57 0.58
 0.59 0.59 0.59 0.6  0.65 0.68 0.69 0.76 0.8  0.81 0.87 0.87 0.89 0.95
 1.02 1.05 1.23 1.24 1.25 1.28 1.37 1.44 1.47 1.47 1.77 1.85 1.85 1.94
 1.94 2.09 2.11 4.25]
var: 0.5562883055555551
| [0m26       [0m | [0m0.7982   [0m | [0m0.01868  [0m | [0m36.5     [0m | [0m0.9645   [0m |
[0.   0.01 0.01 0.01 0.02 0.03 0.04 0.04 0.05 0.06 0.1  0.11 0.12 0.12
 0.22 0.26 0.28 0.29 0.31 0.33 0.34 0.35 0.38 0.4  0.41 0.41 0.43 0.44
 0.46 0.48 0.49 0.5  0.51 0.51 0.54 0.57 0.57 0.57 0.59 0.6  0.61 0.62
 0.63 0.65 0.66 0.7  0.72 0.72 0.78 0.94 0.94 1.04 1.05 1.07 1.09 1.29
 1.29 1.71 1.77 1.85]
var: 0.1884183055555558
| [0m27       [0m | [0m0.5348   [0m | [0m0.1683   [0m | [0m27.11    [0m | [0m1.818    [0m |
[0.   0.01 0.01 0.01 0.02 0.07 0.07 0.1  0.14 0.14 0.14 0.14 0.16 0.17
 0.17 0.18 0.19 0.2  0.2  0.21 0.21 0.24 0.24 0.25 0.25 0.26 0.27 0.27
 0.28 0.29 0.3  0.31 0.34 0.37 0.37 0.39 0.39 0.4  0.41 0.41 0.42 0.43
 0.46 0.48 0.5  0.55 0.57 0.6  0.66 0.69 0.74 0.77 0.97 1.07 1.09 1.14
 1.21 1.26 1.28 1.31]
var: 0.12082433333333344
| [0m28       [0m | [0m0.413    [0m | [0m0.08119  [0m | [0m37.62    [0m | [0m1.717    [0m |
[0.   0.03 0.05 0.12 0.14 0.15 0.15 0.18 0.2  0.21 0.28 0.28 0.3  0.31
 0.34 0.35 0.35 0.38 0.41 0.41 0.45 0.48 0.48 0.52 0.52 0.54 0.55 0.56
 0.6  0.65 0.67 0.67 0.7  0.71 0.74 0.75 0.75 0.75 1.1  1.12 1.13 1.14
 1.18 1.24 1.29 1.38 1.39 1.39 1.65 1.66 1.66 1.69 1.81 1.99 2.03 2.11
 2.12 2.37 2.78 5.93]
var: 0.8608327499999991
| [0m29       [0m | [0m0.9315   [0m | [0m0.1184   [0m | [0m36.59    [0m | [0m0.8187   [0m |
[0.   0.01 0.01 0.02 0.02 0.02 0.03 0.04 0.05 0.06 0.09 0.1  0.12 0.13
 0.14 0.17 0.18 0.2  0.2  0.21 0.22 0.24 0.25 0.25 0.31 0.32 0.33 0.33
 0.35 0.35 0.37 0.4  0.41 0.41 0.45 0.46 0.48 0.48 0.49 0.51 0.52 0.52
 0.53 0.56 0.56 0.57 0.58 0.59 0.62 0.7  0.71 0.77 0.79 0.92 0.97 0.98
 1.06 1.24 1.35 2.61]
var: 0.17802288888888887
| [0m30       [0m | [0m0.4393   [0m | [0m0.2319   [0m | [0m48.17    [0m | [0m1.298    [0m |
[0.   0.   0.   0.   0.01 0.02 0.02 0.03 0.03 0.05 0.06 0.06 0.09 0.09
 0.1  0.11 0.11 0.12 0.12 0.14 0.15 0.24 0.25 0.25 0.26 0.29 0.3  0.32
 0.32 0.34 0.36 0.36 0.38 0.42 0.44 0.46 0.48 0.48 0.51 0.52 0.52 0.53
 0.54 0.62 0.64 0.65 0.68 0.69 0.75 0.83 0.88 0.92 0.99 1.09 1.12 1.13
 1.21 1.3  1.31 1.53]
var: 0.15295766666666685
| [0m31       [0m | [0m0.437    [0m | [0m0.08528  [0m | [0m22.87    [0m | [0m2.497    [0m |
[0.03 0.1  0.16 0.21 0.26 0.28 0.33 0.34 0.41 0.42 0.42 0.43 0.44 0.48
 0.51 0.53 0.62 0.67 0.68 0.72 0.74 0.76 0.76 0.78 0.87 0.88 0.88 0.97
 1.07 1.09 1.13 1.14 1.2  1.21 1.22 1.3  1.41 1.45 1.46 1.58 1.73 1.73
 1.74 1.96 2.09 2.1  2.25 2.41 2.44 2.48 2.61 2.61 2.61 2.7  2.79 2.82
 3.22 3.5  3.64 4.17]
var: 0.9953156666666666
| [0m32       [0m | [0m1.359    [0m | [0m0.2652   [0m | [0m16.13    [0m | [0m0.5939   [0m |
[0.   0.01 0.01 0.02 0.02 0.03 0.03 0.04 0.06 0.06 0.07 0.07 0.07 0.07
 0.08 0.09 0.09 0.11 0.13 0.17 0.2  0.2  0.21 0.22 0.28 0.28 0.3  0.3
 0.3  0.31 0.31 0.32 0.33 0.36 0.37 0.38 0.38 0.39 0.39 0.39 0.4  0.43
 0.43 0.44 0.48 0.5  0.51 0.52 0.55 0.57 0.59 0.59 0.6  0.6  0.71 0.72
 0.87 1.09 1.69 2.54]
var: 0.16509822222222195
| [0m33       [0m | [0m0.3713   [0m | [0m0.1582   [0m | [0m43.31    [0m | [0m1.958    [0m |
[0.   0.   0.04 0.04 0.06 0.06 0.1  0.12 0.15 0.17 0.18 0.19 0.22 0.22
 0.23 0.23 0.24 0.29 0.32 0.32 0.36 0.37 0.38 0.4  0.41 0.41 0.42 0.42
 0.42 0.42 0.43 0.45 0.46 0.5  0.5  0.51 0.52 0.53 0.53 0.54 0.54 0.54
 0.55 0.57 0.59 0.6  0.6  0.62 0.63 0.67 0.74 0.77 0.8  0.8  0.89 0.89
 0.93 1.25 1.54 1.77]
var: 0.11258097222222245
| [0m34       [0m | [0m0.4742   [0m | [0m0.1955   [0m | [0m1.126    [0m | [0m2.335    [0m |
[0.15 0.22 0.28 0.29 0.3  0.33 0.35 0.37 0.41 0.5  0.52 0.57 0.63 0.67
 0.73 0.74 0.8  0.81 0.84 0.85 0.87 0.9  1.04 1.05 1.13 1.15 1.21 1.22
 1.34 1.35 1.38 1.43 1.43 1.45 1.46 1.47 1.51 1.57 1.59 1.73 1.75 1.78
 1.8  1.82 1.85 1.87 1.95 1.97 1.98 2.07 2.09 2.27 2.48 2.51 2.69 2.75
 3.03 3.07 3.51 4.08]
var: 0.7396262222222217
| [0m35       [0m | [0m1.399    [0m | [0m0.1305   [0m | [0m17.25    [0m | [0m0.5708   [0m |
[0.   0.   0.02 0.04 0.06 0.06 0.07 0.08 0.08 0.08 0.09 0.1  0.1  0.12
 0.17 0.18 0.22 0.22 0.22 0.28 0.29 0.33 0.4  0.42 0.43 0.44 0.46 0.46
 0.48 0.48 0.49 0.49 0.49 0.51 0.53 0.55 0.55 0.55 0.56 0.64 0.67 0.7
 0.72 0.8  0.92 1.09 1.11 1.13 1.22 1.44 1.58 1.61 1.75 1.82 1.84 2.04
 2.06 2.11 2.26 2.33]
var: 0.42592455555555525
| [0m36       [0m | [0m0.6823   [0m | [0m0.01799  [0m | [0m34.59    [0m | [0m1.473    [0m |
[0.13 0.24 0.28 0.38 0.39 0.42 0.49 0.6  0.73 0.75 0.85 0.88 0.95 1.06
 1.08 1.1  1.12 1.22 1.28 1.33 1.33 1.34 1.36 1.36 1.38 1.44 1.46 1.47
 1.54 1.55 1.61 1.75 1.8  1.81 1.86 1.86 1.92 1.95 1.97 2.14 2.19 2.21
 2.28 2.31 2.33 2.42 2.52 2.55 2.68 2.69 2.7  2.81 2.81 2.87 2.94 3.
 3.22 3.49 3.53 4.09]
var: 0.8257798888888886
| [0m37       [0m | [0m1.73     [0m | [0m0.2725   [0m | [0m6.661    [0m | [0m0.5614   [0m |
[0.   0.02 0.05 0.07 0.1  0.11 0.12 0.14 0.18 0.22 0.23 0.32 0.36 0.37
 0.41 0.41 0.43 0.45 0.45 0.47 0.48 0.51 0.53 0.53 0.56 0.61 0.64 0.64
 0.65 0.65 0.66 0.68 0.68 0.69 0.72 0.72 0.75 0.86 0.88 0.94 0.99 1.07
 1.17 1.21 1.22 1.23 1.26 1.27 1.33 1.34 1.34 1.41 1.49 1.91 1.92 1.99
 2.11 2.12 2.49 3.02]
var: 0.4211932222222226
| [0m38       [0m | [0m0.8363   [0m | [0m0.09798  [0m | [0m44.51    [0m | [0m0.5731   [0m |
[0.05 0.05 0.12 0.16 0.16 0.17 0.3  0.33 0.4  0.45 0.48 0.5  0.57 0.57
 0.58 0.62 0.69 0.71 0.72 0.73 0.76 0.76 0.79 0.79 0.83 0.83 0.85 0.86
 0.88 0.89 0.91 0.93 1.08 1.08 1.08 1.19 1.2  1.22 1.23 1.34 1.39 1.45
 1.46 1.5  1.53 1.54 1.55 1.57 1.71 1.72 1.84 2.02 2.17 2.21 2.3  2.48
 2.61 2.66 3.67 4.31]
var: 0.6981509722222228
| [0m39       [0m | [0m1.159    [0m | [0m0.2539   [0m | [0m38.63    [0m | [0m0.378    [0m |
[0.   0.01 0.02 0.05 0.07 0.09 0.1  0.16 0.16 0.18 0.19 0.22 0.23 0.27
 0.27 0.3  0.3  0.32 0.33 0.33 0.33 0.34 0.36 0.37 0.37 0.4  0.42 0.43
 0.46 0.46 0.53 0.56 0.63 0.65 0.65 0.65 0.67 0.68 0.7  0.72 0.73 0.75
 0.76 0.77 0.9  0.93 0.96 1.   1.01 1.07 1.13 1.18 1.19 1.22 1.26 1.27
 1.4  1.5  1.69 1.72]
var: 0.1893876666666661
| [0m40       [0m | [0m0.607    [0m | [0m0.2053   [0m | [0m10.68    [0m | [0m2.242    [0m |
[0.64 1.62 1.67 1.96 2.   2.04 2.22 2.22 2.44 2.54 2.63 2.74 2.75 2.78
 2.79 2.9  2.91 3.22 3.27 3.35 3.35 3.4  3.48 3.48 3.5  3.52 3.76 3.82
 3.83 3.84 3.88 3.89 3.93 3.96 4.02 4.05 4.27 4.32 4.36 4.45 4.47 4.49
 4.61 4.62 4.63 4.66 4.79 4.82 4.96 5.08 5.18 5.23 5.43 5.74 6.08 6.17
 6.27 6.9  7.04 7.14]
var: 1.9042416388888894
| [95m41       [0m | [95m3.902    [0m | [95m0.002934 [0m | [95m24.81    [0m | [95m0.0218   [0m |
[0.09 0.13 0.13 0.14 0.15 0.17 0.18 0.19 0.19 0.2  0.21 0.21 0.25 0.25
 0.27 0.27 0.29 0.29 0.31 0.33 0.33 0.34 0.35 0.35 0.39 0.4  0.41 0.41
 0.42 0.44 0.47 0.48 0.51 0.51 0.52 0.54 0.55 0.62 0.68 0.68 0.71 0.71
 0.73 0.87 1.03 1.09 1.23 1.26 1.42 1.42 1.5  1.51 1.76 1.89 1.89 1.96
 1.99 2.08 2.12 4.67]
var: 0.6002883055555552
| [0m42       [0m | [0m0.7582   [0m | [0m1e-08    [0m | [0m24.25    [0m | [0m0.001    [0m |
[0.18 0.25 0.32 0.49 0.51 0.66 0.67 0.67 0.83 0.85 0.92 0.98 1.02 1.06
 1.09 1.14 1.24 1.42 1.46 1.48 1.5  1.6  1.61 1.66 1.68 1.73 1.74 1.76
 1.81 1.84 1.97 1.98 2.06 2.07 2.11 2.12 2.15 2.23 2.38 2.38 2.38 2.38
 2.57 2.57 2.58 2.6  2.7  2.79 2.91 2.92 3.08 3.1  3.13 3.27 3.51 3.85
 4.2  4.67 4.76 5.37]
var: 1.2762939999999994
| [0m43       [0m | [0m2.016    [0m | [0m0.07932  [0m | [0m24.9     [0m | [0m0.1198   [0m |
[0.04 0.09 0.13 0.14 0.18 0.19 0.2  0.24 0.26 0.3  0.31 0.31 0.34 0.36
 0.36 0.37 0.43 0.44 0.44 0.45 0.5  0.51 0.55 0.55 0.56 0.56 0.56 0.58
 0.59 0.64 0.65 0.67 0.68 0.68 0.68 0.7  0.72 0.72 0.74 0.75 0.79 0.82
 0.86 0.9  0.9  0.93 0.95 0.96 1.11 1.12 1.18 1.27 1.42 1.51 1.52 1.71
 1.72 2.   2.1  3.54]
var: 0.3447993333333331
| [0m44       [0m | [0m0.758    [0m | [0m0.2427   [0m | [0m5.309    [0m | [0m1.965    [0m |
[0.   0.   0.   0.   0.   0.   0.   0.01 0.01 0.02 0.02 0.03 0.03 0.04
 0.04 0.04 0.07 0.07 0.09 0.1  0.1  0.1  0.11 0.11 0.12 0.13 0.13 0.14
 0.14 0.15 0.16 0.17 0.2  0.21 0.22 0.26 0.27 0.28 0.3  0.31 0.31 0.33
 0.33 0.33 0.35 0.36 0.36 0.36 0.37 0.4  0.4  0.41 0.47 0.49 0.5  0.53
 0.59 0.61 0.65 0.65]
var: 0.03482988888888885
| [0m45       [0m | [0m0.2163   [0m | [0m0.2102   [0m | [0m44.15    [0m | [0m2.406    [0m |
[0.17 0.6  0.63 0.65 0.8  0.91 0.95 1.01 1.02 1.06 1.08 1.1  1.14 1.17
 1.25 1.26 1.26 1.33 1.38 1.43 1.44 1.45 1.64 1.64 1.75 1.89 1.98 1.99
 2.12 2.18 2.19 2.19 2.2  2.24 2.31 2.34 2.35 2.41 2.41 2.44 2.48 2.62
 2.68 2.72 2.75 2.77 2.89 3.21 3.27 3.39 3.51 3.63 3.66 3.68 3.89 3.91
 4.11 4.48 4.97 5.98]
var: 1.377699555555556
| [0m46       [0m | [0m2.199    [0m | [0m0.004876 [0m | [0m25.27    [0m | [0m0.0715   [0m |
[0.02 0.02 0.07 0.09 0.14 0.14 0.15 0.15 0.18 0.19 0.22 0.28 0.29 0.31
 0.32 0.33 0.33 0.34 0.35 0.36 0.4  0.41 0.41 0.42 0.42 0.42 0.44 0.49
 0.5  0.56 0.56 0.57 0.6  0.62 0.63 0.67 0.67 0.68 0.69 0.69 0.7  0.71
 0.73 0.77 0.86 0.87 0.9  0.98 1.09 1.09 1.1  1.13 1.2  1.35 1.38 1.47
 1.62 1.83 2.29 2.3 ]
var: 0.255953888888889
| [0m47       [0m | [0m0.6583   [0m | [0m0.2668   [0m | [0m8.754    [0m | [0m2.463    [0m |
[0.08 0.19 0.26 0.3  0.31 0.32 0.33 0.35 0.37 0.37 0.42 0.44 0.47 0.47
 0.49 0.5  0.51 0.58 0.62 0.65 0.7  0.7  0.72 0.72 0.73 0.73 0.74 0.76
 0.77 0.79 0.79 0.8  0.83 0.84 0.96 0.98 0.98 1.03 1.07 1.16 1.18 1.18
 1.22 1.28 1.3  1.33 1.38 1.39 1.41 1.41 1.41 1.43 1.67 1.79 1.83 1.89
 1.91 2.27 2.52 4.67]
var: 0.5094772222222232
| [0m48       [0m | [0m0.9883   [0m | [0m0.07033  [0m | [0m24.64    [0m | [0m0.00705  [0m |
[0.01 0.01 0.01 0.02 0.02 0.02 0.02 0.03 0.03 0.04 0.04 0.04 0.04 0.04
 0.05 0.05 0.05 0.05 0.05 0.06 0.06 0.06 0.06 0.06 0.06 0.06 0.07 0.07
 0.07 0.09 0.09 0.1  0.1  0.1  0.11 0.12 0.13 0.13 0.14 0.14 0.15 0.15
 0.17 0.17 0.17 0.2  0.2  0.21 0.24 0.24 0.25 0.25 0.29 0.31 0.33 0.38
 0.4  0.4  0.5  0.51]
var: 0.014956555555555426
| [0m49       [0m | [0m0.1337   [0m | [0m0.03737  [0m | [0m24.78    [0m | [0m0.00227  [0m |
[0.   0.   0.01 0.01 0.01 0.02 0.02 0.04 0.04 0.05 0.09 0.1  0.1  0.11
 0.14 0.14 0.18 0.2  0.2  0.21 0.21 0.22 0.23 0.23 0.23 0.25 0.26 0.26
 0.29 0.3  0.31 0.31 0.32 0.32 0.32 0.32 0.33 0.35 0.35 0.35 0.36 0.36
 0.37 0.38 0.39 0.39 0.41 0.42 0.43 0.45 0.46 0.55 0.58 0.61 0.68 0.71
 0.75 1.08 1.1  1.15]
var: 0.0652712222222221
| [0m50       [0m | [0m0.3177   [0m | [0m0.1633   [0m | [0m35.71    [0m | [0m2.337    [0m |
[0.04 0.11 0.18 0.19 0.19 0.2  0.21 0.23 0.24 0.25 0.25 0.27 0.3  0.32
 0.34 0.36 0.43 0.44 0.45 0.45 0.46 0.54 0.54 0.54 0.59 0.61 0.64 0.71
 0.72 0.74 0.77 0.78 0.82 0.9  0.91 0.93 0.94 0.95 0.97 1.01 1.02 1.05
 1.06 1.06 1.09 1.24 1.24 1.25 1.26 1.35 1.39 1.41 1.5  1.54 1.55 2.06
 2.14 2.82 2.83 3.72]
var: 0.49736166666666665
| [0m51       [0m | [0m0.885    [0m | [0m0.217    [0m | [0m17.64    [0m | [0m1.218    [0m |
[0.03 0.06 0.12 0.13 0.13 0.16 0.18 0.21 0.24 0.25 0.27 0.31 0.32 0.33
 0.34 0.36 0.38 0.41 0.48 0.49 0.5  0.5  0.52 0.54 0.54 0.55 0.56 0.58
 0.61 0.63 0.63 0.63 0.63 0.73 0.75 0.81 0.82 0.82 0.88 0.88 0.93 0.98
 1.01 1.02 1.06 1.07 1.08 1.08 1.25 1.26 1.36 1.47 1.62 1.63 1.64 1.65
 1.71 1.81 2.2  2.98]
var: 0.3308515555555554
| [0m52       [0m | [0m0.7853   [0m | [0m0.2996   [0m | [0m23.27    [0m | [0m1.189    [0m |
[0.   0.01 0.02 0.03 0.03 0.03 0.03 0.04 0.05 0.05 0.07 0.07 0.08 0.08
 0.08 0.09 0.1  0.12 0.13 0.13 0.15 0.15 0.17 0.18 0.2  0.22 0.26 0.27
 0.29 0.32 0.33 0.34 0.39 0.4  0.4  0.4  0.5  0.58 0.6  0.6  0.62 0.64
 0.68 0.68 0.72 0.74 0.74 0.81 0.81 0.81 0.84 0.85 1.09 1.13 1.28 1.33
 1.49 2.03 2.06 2.68]
var: 0.30231322222222246
| [0m53       [0m | [0m0.5003   [0m | [0m0.2026   [0m | [0m49.06    [0m | [0m0.9242   [0m |
[0.04 0.04 0.05 0.08 0.08 0.11 0.11 0.12 0.13 0.15 0.15 0.17 0.17 0.18
 0.24 0.25 0.25 0.26 0.27 0.28 0.28 0.29 0.31 0.32 0.34 0.35 0.36 0.37
 0.4  0.43 0.46 0.48 0.5  0.5  0.5  0.55 0.55 0.58 0.66 0.69 0.69 0.72
 0.76 0.82 0.83 0.83 0.91 0.92 0.93 0.96 0.96 1.04 1.11 1.13 1.14 1.31
 1.38 1.94 1.97 2.75]
var: 0.26661430555555554
| [0m54       [0m | [0m0.5858   [0m | [0m0.003601 [0m | [0m23.89    [0m | [0m1.889    [0m |
[0.04 0.04 0.07 0.08 0.08 0.1  0.11 0.12 0.13 0.18 0.19 0.19 0.2  0.22
 0.25 0.27 0.27 0.27 0.34 0.37 0.38 0.41 0.41 0.42 0.48 0.49 0.51 0.53
 0.53 0.54 0.54 0.56 0.57 0.61 0.62 0.64 0.66 0.7  0.71 0.75 0.78 0.8
 0.81 0.91 0.94 1.02 1.03 1.07 1.18 1.21 1.28 1.38 1.41 1.54 1.56 1.63
 1.78 1.98 2.51 2.64]
var: 0.3457462222222226
| [0m55       [0m | [0m0.7007   [0m | [0m0.01855  [0m | [0m24.15    [0m | [0m1.608    [0m |
[0.01 0.04 0.07 0.09 0.11 0.21 0.31 0.44 0.45 0.46 0.62 0.63 0.7  0.71
 0.74 0.75 0.75 0.79 0.82 0.91 0.93 0.94 1.   1.01 1.03 1.08 1.09 1.1
 1.16 1.17 1.18 1.22 1.26 1.27 1.41 1.46 1.46 1.48 1.62 1.63 1.77 1.78
 1.79 1.81 1.96 1.96 1.96 2.03 2.03 2.09 2.17 2.27 2.64 2.96 3.   3.19
 3.21 3.37 3.98 4.16]
var: 0.9246573333333339
| [0m56       [0m | [0m1.404    [0m | [0m0.00296  [0m | [0m13.49    [0m | [0m0.7826   [0m |
[0.01 0.04 0.05 0.07 0.11 0.13 0.14 0.15 0.15 0.15 0.15 0.16 0.18 0.25
 0.27 0.28 0.28 0.29 0.32 0.32 0.34 0.35 0.4  0.44 0.44 0.46 0.49 0.51
 0.53 0.54 0.59 0.66 0.67 0.69 0.71 0.75 0.77 0.85 0.86 0.89 0.94 0.99
 0.99 1.01 1.02 1.15 1.32 1.34 1.37 1.42 1.52 1.55 1.7  1.7  1.76 1.83
 2.15 2.36 2.46 2.6 ]
var: 0.4309376666666669
| [0m57       [0m | [0m0.777    [0m | [0m0.08054  [0m | [0m23.55    [0m | [0m1.35     [0m |
[0.03 0.04 0.05 0.09 0.1  0.23 0.29 0.3  0.32 0.34 0.35 0.38 0.39 0.41
 0.43 0.44 0.48 0.49 0.61 0.64 0.65 0.67 0.72 0.75 0.76 0.82 0.82 0.84
 0.93 0.93 0.95 0.97 0.98 0.99 1.02 1.06 1.09 1.1  1.13 1.2  1.24 1.28
 1.31 1.31 1.35 1.35 1.43 1.45 1.46 1.52 1.58 1.64 1.74 1.79 1.81 1.88
 2.64 2.67 2.82 3.74]
var: 0.5259588888888889
| [0m58       [0m | [0m1.013    [0m | [0m0.1778   [0m | [0m8.984    [0m | [0m1.498    [0m |
[0.   0.07 0.15 0.21 0.27 0.3  0.3  0.32 0.34 0.37 0.37 0.38 0.39 0.4
 0.41 0.42 0.42 0.43 0.45 0.47 0.53 0.57 0.61 0.66 0.71 0.71 0.74 0.76
 0.77 0.77 0.8  0.8  0.82 0.85 0.86 1.02 1.04 1.05 1.08 1.11 1.19 1.19
 1.28 1.41 1.42 1.44 1.52 1.56 1.64 1.66 1.7  2.   2.01 2.4  2.41 2.6
 2.88 3.28 3.52 3.94]
var: 0.7556143333333333
| [0m59       [0m | [0m1.063    [0m | [0m0.2452   [0m | [0m8.431    [0m | [0m1.411    [0m |
[0.   0.   0.02 0.02 0.03 0.03 0.03 0.04 0.04 0.04 0.05 0.05 0.06 0.07
 0.08 0.09 0.1  0.12 0.14 0.16 0.19 0.19 0.2  0.2  0.21 0.22 0.23 0.24
 0.24 0.24 0.25 0.25 0.32 0.32 0.32 0.33 0.36 0.37 0.4  0.41 0.42 0.43
 0.44 0.45 0.49 0.49 0.53 0.54 0.61 0.62 0.62 0.65 0.7  0.72 0.78 0.81
 0.91 0.92 1.17 1.4 ]
var: 0.09088288888888878
| [0m60       [0m | [0m0.3393   [0m | [0m0.2558   [0m | [0m45.57    [0m | [0m1.443    [0m |
[0.   0.01 0.01 0.02 0.02 0.02 0.03 0.04 0.06 0.06 0.06 0.07 0.07 0.08
 0.08 0.09 0.09 0.12 0.17 0.17 0.17 0.19 0.2  0.2  0.21 0.22 0.24 0.26
 0.26 0.26 0.27 0.28 0.29 0.32 0.32 0.35 0.36 0.4  0.43 0.46 0.46 0.48
 0.52 0.53 0.54 0.54 0.59 0.63 0.63 0.68 0.72 0.72 0.74 0.76 0.81 0.96
 1.16 1.41 1.43 1.48]
var: 0.12893097222222247
| [0m61       [0m | [0m0.3792   [0m | [0m0.1594   [0m | [0m31.87    [0m | [0m2.391    [0m |
[0.03 0.21 0.24 0.31 0.44 0.56 0.6  0.75 0.77 0.84 0.88 0.88 0.91 1.1
 1.14 1.16 1.17 1.18 1.18 1.19 1.21 1.25 1.28 1.35 1.37 1.43 1.5  1.61
 1.82 1.86 1.87 1.88 1.96 2.   2.01 2.19 2.32 2.43 2.47 2.53 2.53 2.66
 2.66 2.75 2.88 2.91 2.96 3.   3.14 3.22 3.23 3.46 3.61 3.69 3.84 3.86
 4.25 4.8  5.59 6.28]
var: 1.743888888888889
| [0m62       [0m | [0m2.053    [0m | [0m0.068    [0m | [0m23.03    [0m | [0m0.3305   [0m |
[0.   0.02 0.07 0.07 0.08 0.09 0.11 0.11 0.13 0.13 0.16 0.16 0.17 0.18
 0.21 0.22 0.24 0.26 0.27 0.28 0.32 0.33 0.36 0.41 0.41 0.44 0.44 0.45
 0.46 0.46 0.48 0.51 0.51 0.54 0.57 0.57 0.62 0.68 0.69 0.69 0.71 0.73
 0.77 0.85 0.86 0.87 0.9  0.92 0.94 0.99 1.02 1.12 1.32 1.34 1.4  1.65
 1.68 1.79 2.05 2.46]
var: 0.27932030555555537
| [0m63       [0m | [0m0.6212   [0m | [0m0.1211   [0m | [0m48.76    [0m | [0m1.045    [0m |
[0.   0.   0.01 0.02 0.02 0.02 0.03 0.03 0.04 0.05 0.06 0.07 0.07 0.08
 0.09 0.09 0.12 0.12 0.13 0.14 0.14 0.14 0.14 0.15 0.15 0.16 0.16 0.18
 0.18 0.19 0.19 0.2  0.21 0.23 0.24 0.25 0.28 0.31 0.32 0.35 0.35 0.36
 0.36 0.37 0.39 0.4  0.4  0.42 0.45 0.53 0.56 0.58 0.59 0.59 0.6  0.6
 0.61 0.63 0.7  1.85]
var: 0.08011722222222231
| [0m64       [0m | [0m0.2783   [0m | [0m0.07751  [0m | [0m35.2     [0m | [0m2.814    [0m |
[0.12 0.23 0.25 0.27 0.29 0.34 0.4  0.45 0.46 0.49 0.58 0.59 0.66 0.73
 0.78 0.82 0.85 0.86 0.87 0.9  0.91 0.92 0.97 0.99 1.08 1.09 1.14 1.19
 1.2  1.2  1.24 1.24 1.33 1.33 1.34 1.36 1.39 1.39 1.4  1.41 1.5  1.67
 1.7  1.76 1.78 1.81 1.84 2.01 2.17 2.29 2.32 2.5  2.54 2.63 2.63 2.66
 2.68 2.92 3.34 4.21]
var: 0.7184310000000002
| [0m65       [0m | [0m1.367    [0m | [0m0.2641   [0m | [0m31.88    [0m | [0m0.386    [0m |
[0.03 0.03 0.05 0.06 0.07 0.08 0.08 0.09 0.11 0.14 0.16 0.16 0.17 0.18
 0.19 0.19 0.2  0.22 0.23 0.24 0.28 0.29 0.33 0.34 0.34 0.35 0.35 0.37
 0.4  0.41 0.42 0.44 0.46 0.49 0.5  0.51 0.54 0.55 0.59 0.65 0.66 0.7
 0.71 0.77 0.79 0.8  0.82 0.98 1.   1.03 1.06 1.07 1.08 1.09 1.12 1.32
 1.48 1.64 1.92 2.24]
var: 0.2293314166666668
| [0m66       [0m | [0m0.5595   [0m | [0m0.2485   [0m | [0m29.83    [0m | [0m1.593    [0m |
[0.   0.   0.   0.03 0.04 0.06 0.06 0.06 0.07 0.08 0.1  0.1  0.1  0.11
 0.12 0.13 0.13 0.13 0.13 0.14 0.14 0.14 0.14 0.14 0.15 0.16 0.17 0.19
 0.22 0.23 0.24 0.25 0.28 0.29 0.3  0.31 0.32 0.35 0.35 0.36 0.36 0.39
 0.41 0.41 0.41 0.42 0.45 0.46 0.46 0.49 0.5  0.51 0.52 0.54 0.59 0.64
 0.67 0.71 0.94 1.33]
var: 0.059143638888888815
| [0m67       [0m | [0m0.2922   [0m | [0m0.001888 [0m | [0m44.76    [0m | [0m2.077    [0m |
[0.   0.   0.   0.01 0.02 0.03 0.03 0.03 0.03 0.04 0.04 0.05 0.06 0.07
 0.07 0.08 0.13 0.16 0.16 0.17 0.2  0.21 0.22 0.22 0.23 0.24 0.24 0.25
 0.28 0.29 0.29 0.3  0.3  0.34 0.35 0.36 0.38 0.38 0.39 0.39 0.4  0.41
 0.42 0.44 0.46 0.47 0.5  0.5  0.54 0.57 0.61 0.61 0.63 0.7  0.73 0.75
 0.79 1.   1.39 1.87]
var: 0.11201030555555531
| [0m68       [0m | [0m0.3472   [0m | [0m0.08802  [0m | [0m42.87    [0m | [0m2.003    [0m |
[0.02 0.05 0.07 0.08 0.08 0.09 0.09 0.1  0.16 0.18 0.19 0.21 0.24 0.26
 0.26 0.27 0.28 0.29 0.32 0.35 0.38 0.39 0.4  0.42 0.43 0.44 0.45 0.49
 0.5  0.52 0.53 0.53 0.54 0.55 0.56 0.56 0.6  0.65 0.66 0.67 0.7  0.7
 0.74 0.74 0.74 0.75 0.78 0.78 0.79 0.85 0.87 0.89 0.95 1.11 1.14 1.19
 1.44 1.85 1.97 3.14]
var: 0.2678532222222219
| [0m69       [0m | [0m0.5997   [0m | [0m0.2321   [0m | [0m17.47    [0m | [0m2.291    [0m |
[0.04 0.06 0.07 0.09 0.11 0.22 0.25 0.25 0.29 0.32 0.32 0.35 0.35 0.38
 0.38 0.41 0.44 0.46 0.46 0.52 0.53 0.53 0.55 0.55 0.56 0.57 0.57 0.62
 0.69 0.73 0.81 0.81 0.82 0.9  0.91 0.92 0.97 0.99 1.04 1.05 1.08 1.1
 1.17 1.21 1.23 1.23 1.3  1.5  1.55 1.67 1.72 1.75 1.75 1.8  1.83 1.86
 1.89 1.9  2.02 2.37]
var: 0.35096988888888875
| [0m70       [0m | [0m0.8803   [0m | [0m0.1977   [0m | [0m2.087    [0m | [0m0.8242   [0m |
[0.   0.   0.01 0.01 0.02 0.02 0.02 0.02 0.04 0.05 0.05 0.06 0.1  0.11
 0.12 0.13 0.13 0.13 0.13 0.16 0.17 0.18 0.2  0.21 0.22 0.23 0.23 0.23
 0.23 0.28 0.3  0.3  0.3  0.33 0.34 0.35 0.36 0.37 0.38 0.39 0.44 0.45
 0.47 0.5  0.5  0.51 0.52 0.54 0.54 0.58 0.59 0.66 0.67 0.74 0.75 0.76
 0.78 0.78 0.9  0.98]
var: 0.06495030555555538
| [0m71       [0m | [0m0.3262   [0m | [0m0.2513   [0m | [0m35.67    [0m | [0m2.183    [0m |
[0.08 0.13 0.15 0.17 0.28 0.31 0.32 0.34 0.38 0.47 0.56 0.56 0.65 0.69
 0.69 0.71 0.71 0.71 0.79 0.81 0.87 0.88 0.9  1.   1.01 1.05 1.09 1.1
 1.13 1.14 1.17 1.2  1.25 1.31 1.41 1.41 1.45 1.47 1.49 1.5  1.67 1.67
 1.69 1.77 1.78 1.82 1.89 1.89 2.06 2.09 2.11 2.13 2.18 2.18 2.56 2.91
 3.13 3.41 3.45 4.69]
var: 0.8285932222222228
| [0m72       [0m | [0m1.34     [0m | [0m0.1269   [0m | [0m8.184    [0m | [0m0.872    [0m |
[0.   0.   0.   0.01 0.02 0.02 0.02 0.03 0.03 0.04 0.05 0.05 0.05 0.06
 0.06 0.07 0.08 0.08 0.08 0.09 0.11 0.12 0.13 0.14 0.14 0.15 0.16 0.17
 0.17 0.17 0.18 0.18 0.18 0.19 0.2  0.21 0.22 0.23 0.24 0.25 0.27 0.28
 0.29 0.29 0.3  0.3  0.3  0.34 0.35 0.36 0.37 0.38 0.4  0.46 0.5  0.51
 0.52 0.58 0.71 1.24]
var: 0.0433869722222222
| [0m73       [0m | [0m0.2188   [0m | [0m0.001492 [0m | [0m44.77    [0m | [0m2.986    [0m |
[0.   0.   0.   0.02 0.02 0.03 0.03 0.03 0.04 0.08 0.11 0.12 0.12 0.12
 0.12 0.14 0.15 0.16 0.2  0.21 0.22 0.24 0.28 0.34 0.34 0.34 0.34 0.36
 0.36 0.37 0.38 0.39 0.39 0.39 0.4  0.43 0.45 0.46 0.49 0.53 0.55 0.57
 0.6  0.63 0.66 0.66 0.69 0.72 0.73 0.76 0.8  0.82 0.84 0.89 0.89 0.9
 0.96 1.01 1.04 1.17]
var: 0.097161638888889
| [0m74       [0m | [0m0.4182   [0m | [0m0.1562   [0m | [0m29.4     [0m | [0m2.568    [0m |
[0.01 0.01 0.02 0.04 0.05 0.08 0.11 0.11 0.11 0.13 0.13 0.16 0.2  0.23
 0.23 0.25 0.3  0.33 0.35 0.39 0.4  0.4  0.42 0.43 0.44 0.5  0.5  0.51
 0.51 0.52 0.53 0.57 0.61 0.61 0.64 0.67 0.71 0.73 0.78 0.78 0.79 0.8
 0.8  0.84 0.96 0.97 0.97 0.99 1.   1.04 1.05 1.06 1.07 1.28 1.34 1.45
 1.54 1.54 1.59 1.63]
var: 0.19417497222222246
| [0m75       [0m | [0m0.6202   [0m | [0m0.2824   [0m | [0m23.42    [0m | [0m1.522    [0m |
[0.01 0.02 0.03 0.04 0.05 0.07 0.1  0.11 0.13 0.15 0.15 0.2  0.2  0.23
 0.24 0.31 0.32 0.35 0.36 0.37 0.39 0.4  0.41 0.43 0.44 0.46 0.46 0.48
 0.48 0.49 0.5  0.51 0.54 0.56 0.57 0.6  0.65 0.65 0.66 0.67 0.68 0.69
 0.71 0.72 0.73 0.74 0.75 0.89 0.91 0.99 1.01 1.06 1.09 1.24 1.27 1.33
 1.36 1.99 2.29 2.39]
var: 0.2540614166666666
| [0m76       [0m | [0m0.6105   [0m | [0m0.1924   [0m | [0m30.21    [0m | [0m1.326    [0m |
[0.   0.   0.   0.01 0.01 0.01 0.02 0.03 0.03 0.04 0.05 0.05 0.05 0.06
 0.07 0.08 0.09 0.13 0.13 0.14 0.15 0.15 0.16 0.17 0.18 0.22 0.24 0.24
 0.25 0.26 0.28 0.28 0.29 0.32 0.34 0.35 0.35 0.36 0.37 0.38 0.38 0.38
 0.39 0.4  0.45 0.48 0.49 0.52 0.53 0.55 0.58 0.6  0.63 0.64 0.75 0.77
 0.81 0.85 0.91 0.96]
var: 0.06489830555555576
| [0m77       [0m | [0m0.3068   [0m | [0m0.06912  [0m | [0m46.19    [0m | [0m2.453    [0m |
[0.01 0.14 0.18 0.25 0.33 0.36 0.36 0.47 0.57 0.59 0.6  0.65 0.65 0.67
 0.67 0.73 0.74 0.75 0.76 0.76 0.86 0.9  0.95 0.99 1.02 1.06 1.07 1.08
 1.1  1.11 1.23 1.24 1.25 1.28 1.29 1.32 1.34 1.36 1.37 1.38 1.4  1.46
 1.58 1.64 1.66 1.68 1.68 1.69 1.72 1.78 1.81 2.13 2.26 2.48 2.56 2.62
 2.67 3.46 4.33 4.8 ]
var: 0.8354809722222228
| [0m78       [0m | [0m1.314    [0m | [0m0.2049   [0m | [0m31.54    [0m | [0m0.412    [0m |
[0.02 0.03 0.03 0.04 0.05 0.06 0.09 0.09 0.09 0.1  0.11 0.14 0.15 0.16
 0.18 0.18 0.19 0.22 0.23 0.25 0.25 0.29 0.29 0.3  0.33 0.33 0.35 0.36
 0.37 0.39 0.41 0.42 0.43 0.44 0.44 0.44 0.47 0.47 0.5  0.5  0.56 0.57
 0.57 0.58 0.61 0.62 0.63 0.67 0.68 0.7  0.71 0.8  0.86 0.92 1.05 1.19
 1.34 1.97 2.21 2.26]
var: 0.22666830555555528
| [0m79       [0m | [0m0.4948   [0m | [0m0.2454   [0m | [0m15.14    [0m | [0m2.974    [0m |
[0.   0.01 0.08 0.09 0.15 0.16 0.16 0.17 0.19 0.19 0.21 0.25 0.25 0.25
 0.27 0.27 0.28 0.28 0.3  0.3  0.31 0.32 0.35 0.37 0.37 0.37 0.39 0.4
 0.43 0.44 0.46 0.46 0.46 0.49 0.5  0.51 0.53 0.54 0.55 0.61 0.63 0.67
 0.69 0.72 0.73 0.73 0.74 0.75 0.76 0.78 0.78 0.85 0.89 0.99 1.08 1.09
 1.36 1.37 1.45 1.74]
var: 0.1319315555555556
| [0m80       [0m | [0m0.5253   [0m | [0m0.06283  [0m | [0m1.372    [0m | [0m1.696    [0m |
=============================================================
None
num_trials:  40  inits,  40  iters,  60  per
rho:  2
pthin:  0.30

Best VPT: 3.901833333333334
Best result: {'a': 0.0029340876321693713, 'g': 24.809298815038915, 's': 0.021803286746528896}

KERNEL: nu=1.5, lengthscale=2.0, alpha=0.0005
