|   iter    |  target   |     a     |     g     |     s     |
-------------------------------------------------------------
[0.   0.01 0.02 0.03 0.03 0.04 0.06 0.06 0.07 0.08 0.08 0.08 0.08 0.1
 0.11 0.11 0.14 0.14 0.15 0.15 0.19 0.22 0.23 0.23 0.23 0.24 0.24 0.27
 0.27 0.27 0.28 0.3  0.3  0.32 0.33 0.33 0.35 0.36 0.4  0.4  0.41 0.41
 0.41 0.41 0.41 0.44 0.44 0.44 0.46 0.47 0.48 0.48 0.49 0.5  0.58 0.63
 0.63 0.74 0.79 0.92]
var: 0.042272888888889026
| [0m1        [0m | [0m0.2973   [0m | [0m0.012    [0m | [0m38.73    [0m | [0m2.494    [0m |
[0.   0.04 0.07 0.07 0.09 0.09 0.13 0.13 0.13 0.18 0.19 0.2  0.21 0.23
 0.23 0.28 0.28 0.28 0.29 0.3  0.33 0.36 0.38 0.41 0.42 0.42 0.42 0.42
 0.42 0.47 0.5  0.51 0.53 0.58 0.61 0.67 0.68 0.68 0.7  0.72 0.74 0.81
 0.92 0.93 1.01 1.05 1.06 1.07 1.08 1.08 1.2  1.34 1.38 1.4  1.43 1.57
 1.61 1.63 1.67 1.79]
var: 0.23617655555555533
| [95m2        [0m | [95m0.6403   [0m | [95m0.1339   [0m | [95m6.818    [0m | [95m2.065    [0m |
[0.   0.   0.   0.01 0.02 0.03 0.06 0.06 0.07 0.09 0.11 0.14 0.14 0.15
 0.16 0.18 0.18 0.19 0.19 0.19 0.21 0.22 0.22 0.23 0.26 0.28 0.29 0.3
 0.3  0.3  0.31 0.35 0.38 0.38 0.4  0.4  0.43 0.45 0.45 0.45 0.47 0.5
 0.51 0.52 0.53 0.53 0.55 0.57 0.59 0.61 0.63 0.64 0.66 0.66 0.74 0.77
 0.79 1.02 1.05 3.25]
var: 0.19883030555555578
| [0m3        [0m | [0m0.4028   [0m | [0m0.06824  [0m | [0m32.65    [0m | [0m2.283    [0m |
[0.13 0.19 0.39 0.46 0.49 0.5  0.59 0.65 0.65 0.67 0.77 0.85 0.86 0.86
 0.89 0.93 0.96 0.98 1.01 1.03 1.14 1.21 1.28 1.33 1.34 1.35 1.37 1.4
 1.41 1.41 1.51 1.68 1.7  1.73 1.81 1.81 1.85 1.89 1.89 1.93 1.99 2.03
 2.14 2.14 2.29 2.33 2.4  2.41 2.54 2.56 2.62 2.64 2.66 2.94 2.96 3.08
 3.24 3.26 3.8  3.93]
var: 0.8134045555555555
| [95m4        [0m | [95m1.648    [0m | [95m0.1381   [0m | [95m25.36    [0m | [95m0.2069   [0m |
[0.   0.   0.   0.02 0.02 0.02 0.03 0.03 0.04 0.05 0.06 0.08 0.1  0.11
 0.11 0.12 0.12 0.12 0.12 0.13 0.14 0.15 0.16 0.17 0.17 0.17 0.18 0.19
 0.2  0.2  0.24 0.25 0.25 0.25 0.27 0.28 0.29 0.31 0.32 0.32 0.34 0.34
 0.36 0.36 0.37 0.39 0.41 0.42 0.44 0.44 0.45 0.5  0.51 0.52 0.54 0.57
 0.69 0.76 0.8  1.42]
var: 0.05895322222222219
| [0m5        [0m | [0m0.2737   [0m | [0m0.03223  [0m | [0m37.69    [0m | [0m2.293    [0m |
[0.05 0.06 0.08 0.09 0.16 0.19 0.19 0.21 0.22 0.29 0.33 0.33 0.33 0.34
 0.38 0.38 0.39 0.41 0.44 0.44 0.53 0.55 0.57 0.59 0.62 0.63 0.65 0.65
 0.66 0.67 0.68 0.69 0.72 0.74 0.74 0.76 0.76 0.76 0.78 0.78 0.8  0.82
 0.84 0.88 0.89 0.9  0.98 1.05 1.06 1.1  1.1  1.12 1.2  1.35 1.59 1.92
 2.   2.13 2.35 2.35]
var: 0.2860080833333337
| [0m6        [0m | [0m0.7545   [0m | [0m0.03925  [0m | [0m11.83    [0m | [0m1.632    [0m |
[0.   0.09 0.13 0.15 0.22 0.34 0.36 0.39 0.44 0.46 0.48 0.5  0.53 0.54
 0.55 0.56 0.59 0.63 0.64 0.66 0.68 0.69 0.71 0.72 0.72 0.74 0.79 0.82
 0.91 0.92 0.93 0.97 1.01 1.04 1.1  1.14 1.18 1.19 1.22 1.22 1.23 1.25
 1.25 1.31 1.39 1.41 1.5  1.64 1.66 1.68 1.68 1.7  1.77 1.84 1.87 1.87
 1.88 2.29 3.44 3.54]
var: 0.48386288888888845
| [0m7        [0m | [0m1.053    [0m | [0m0.005702 [0m | [0m34.61    [0m | [0m0.9017   [0m |
[0.   0.01 0.01 0.03 0.03 0.06 0.06 0.09 0.12 0.13 0.13 0.17 0.17 0.17
 0.18 0.19 0.2  0.21 0.21 0.21 0.23 0.23 0.24 0.26 0.27 0.27 0.28 0.29
 0.31 0.31 0.31 0.32 0.33 0.34 0.35 0.35 0.35 0.36 0.36 0.37 0.37 0.38
 0.4  0.4  0.4  0.43 0.44 0.44 0.46 0.5  0.52 0.53 0.53 0.53 0.54 0.55
 0.58 0.66 0.85 1.17]
var: 0.042318305555555574
| [0m8        [0m | [0m0.3198   [0m | [0m0.09396  [0m | [0m35.51    [0m | [0m2.871    [0m |
[0.02 0.06 0.07 0.07 0.08 0.09 0.11 0.15 0.15 0.21 0.23 0.26 0.44 0.46
 0.47 0.48 0.5  0.53 0.57 0.57 0.58 0.59 0.61 0.62 0.66 0.7  0.72 0.76
 0.81 0.96 0.97 0.97 1.   1.04 1.05 1.06 1.09 1.1  1.1  1.11 1.24 1.31
 1.36 1.39 1.39 1.4  1.48 1.62 1.62 1.69 1.7  1.77 1.82 1.99 2.01 2.04
 2.39 2.44 2.57 2.77]
var: 0.4827432222222221
| [0m9        [0m | [0m0.9837   [0m | [0m0.2305   [0m | [0m17.29    [0m | [0m1.069    [0m |
[0.06 0.08 0.12 0.15 0.16 0.17 0.23 0.28 0.29 0.3  0.39 0.45 0.47 0.49
 0.52 0.59 0.6  0.62 0.63 0.69 0.7  0.75 0.81 0.81 0.82 0.99 1.05 1.11
 1.11 1.13 1.14 1.21 1.23 1.24 1.25 1.29 1.29 1.39 1.4  1.42 1.45 1.49
 1.51 1.56 1.63 1.65 1.75 1.94 2.02 2.13 2.2  2.21 2.22 2.25 2.34 2.38
 2.56 2.76 3.17 3.66]
var: 0.6686116388888891
| [0m10       [0m | [0m1.205    [0m | [0m0.09956  [0m | [0m7.681    [0m | [0m0.6975   [0m |
[0.   0.01 0.01 0.02 0.05 0.07 0.07 0.09 0.11 0.14 0.17 0.22 0.22 0.22
 0.23 0.25 0.27 0.29 0.3  0.3  0.31 0.32 0.33 0.33 0.35 0.36 0.37 0.37
 0.39 0.41 0.42 0.43 0.45 0.45 0.45 0.47 0.51 0.56 0.57 0.58 0.58 0.58
 0.59 0.61 0.61 0.65 0.68 0.68 0.7  0.74 0.74 0.77 0.77 1.02 1.07 1.18
 1.41 1.73 1.77 2.1 ]
var: 0.18163208333333378
| [0m11       [0m | [0m0.5075   [0m | [0m0.05794  [0m | [0m34.73    [0m | [0m1.492    [0m |
[0.06 0.07 0.15 0.22 0.25 0.26 0.27 0.28 0.3  0.34 0.34 0.34 0.42 0.53
 0.54 0.59 0.59 0.62 0.64 0.67 0.7  0.71 0.72 0.73 0.73 0.76 0.76 0.78
 0.85 0.89 1.04 1.17 1.17 1.19 1.19 1.21 1.23 1.24 1.43 1.44 1.5  1.54
 1.58 1.6  1.6  1.62 1.7  1.77 1.78 1.82 1.82 1.88 1.93 1.95 1.95 2.01
 2.03 2.28 2.64 3.08]
var: 0.4746805555555552
| [0m12       [0m | [0m1.092    [0m | [0m0.1886   [0m | [0m42.24    [0m | [0m0.3556   [0m |
[0.01 0.02 0.06 0.08 0.08 0.17 0.19 0.23 0.24 0.25 0.26 0.31 0.32 0.32
 0.32 0.33 0.33 0.33 0.38 0.41 0.41 0.42 0.43 0.44 0.44 0.47 0.47 0.48
 0.48 0.5  0.54 0.56 0.56 0.57 0.62 0.66 0.67 0.68 0.7  0.76 0.77 0.82
 0.88 0.9  0.9  0.95 0.98 1.02 1.06 1.19 1.21 1.31 1.41 1.54 1.77 1.89
 1.93 2.29 2.38 2.45]
var: 0.3404709722222226
| [0m13       [0m | [0m0.7192   [0m | [0m0.1549   [0m | [0m25.5     [0m | [0m1.083    [0m |
[0.22 0.29 0.35 0.48 0.52 0.58 0.59 0.72 0.81 0.88 0.91 0.92 0.93 0.94
 0.96 1.03 1.04 1.07 1.09 1.11 1.18 1.2  1.23 1.25 1.35 1.36 1.38 1.41
 1.46 1.49 1.49 1.52 1.53 1.55 1.58 1.58 1.59 1.7  1.7  1.73 1.75 1.83
 1.83 1.84 1.95 2.02 2.08 2.2  2.2  2.25 2.26 2.33 2.53 2.55 2.66 2.74
 3.02 3.16 3.47 3.47]
var: 0.573757888888889
| [0m14       [0m | [0m1.548    [0m | [0m0.1563   [0m | [0m48.09    [0m | [0m0.05896  [0m |
[0.04 0.07 0.07 0.08 0.11 0.11 0.12 0.13 0.13 0.15 0.21 0.24 0.25 0.25
 0.27 0.28 0.29 0.38 0.39 0.39 0.4  0.41 0.46 0.47 0.48 0.49 0.53 0.53
 0.55 0.58 0.6  0.63 0.65 0.67 0.74 0.74 0.76 0.81 0.88 0.97 1.04 1.05
 1.11 1.13 1.14 1.25 1.33 1.34 1.4  1.43 1.46 1.48 1.51 1.51 1.63 1.74
 1.81 2.28 2.4  2.95]
var: 0.40779722222222253
| [0m15       [0m | [0m0.7883   [0m | [0m0.1655   [0m | [0m20.8     [0m | [0m0.8145   [0m |
[0.   0.   0.   0.01 0.02 0.04 0.04 0.05 0.05 0.07 0.08 0.08 0.09 0.09
 0.09 0.09 0.09 0.1  0.11 0.11 0.11 0.13 0.14 0.14 0.15 0.16 0.17 0.21
 0.24 0.25 0.27 0.27 0.3  0.3  0.31 0.31 0.31 0.34 0.36 0.37 0.37 0.38
 0.41 0.43 0.44 0.47 0.49 0.5  0.51 0.52 0.54 0.54 0.56 0.61 0.61 0.65
 0.68 1.06 1.08 1.27]
var: 0.07337363888888879
| [0m16       [0m | [0m0.3028   [0m | [0m0.13     [0m | [0m43.4     [0m | [0m1.649    [0m |
[0.01 0.02 0.03 0.03 0.07 0.08 0.09 0.1  0.11 0.12 0.12 0.13 0.13 0.13
 0.15 0.16 0.17 0.18 0.2  0.22 0.23 0.23 0.24 0.26 0.29 0.29 0.32 0.32
 0.33 0.34 0.38 0.41 0.41 0.44 0.45 0.48 0.51 0.56 0.61 0.65 0.65 0.66
 0.7  0.72 0.73 0.74 0.74 0.81 0.85 0.85 0.86 0.86 0.87 1.07 1.13 1.22
 1.29 1.3  1.74 1.85]
var: 0.1754840000000001
| [0m17       [0m | [0m0.494    [0m | [0m0.2522   [0m | [0m11.86    [0m | [0m2.383    [0m |
[0.34 0.42 0.42 0.52 0.67 0.75 0.75 0.84 0.84 0.93 1.05 1.08 1.24 1.36
 1.39 1.49 1.51 1.54 1.55 1.55 1.57 1.58 1.59 1.63 1.66 1.66 1.66 1.67
 1.72 1.77 1.78 1.83 1.92 1.94 1.96 2.05 2.06 2.07 2.09 2.09 2.11 2.13
 2.16 2.25 2.54 2.56 2.61 2.94 2.97 3.04 3.11 3.12 3.21 3.3  3.36 3.67
 3.83 4.28 4.37 4.49]
var: 0.9812327499999988
| [95m18       [0m | [95m1.977    [0m | [95m0.2709   [0m | [95m2.326    [0m | [95m0.1372   [0m |
[0.03 0.03 0.05 0.09 0.12 0.12 0.15 0.15 0.19 0.2  0.23 0.31 0.33 0.39
 0.43 0.44 0.46 0.56 0.62 0.63 0.65 0.73 0.74 0.77 0.81 0.81 0.84 0.87
 0.88 0.91 0.92 0.94 0.95 0.95 0.95 0.96 1.   1.02 1.04 1.1  1.1  1.12
 1.15 1.16 1.18 1.24 1.3  1.47 1.48 1.56 1.6  1.65 1.66 1.71 1.97 1.99
 2.21 2.27 3.   3.39]
var: 0.4838932222222225
| [0m19       [0m | [0m0.9597   [0m | [0m0.226    [0m | [0m36.0     [0m | [0m0.4864   [0m |
[0.02 0.03 0.05 0.11 0.12 0.13 0.13 0.14 0.15 0.15 0.17 0.18 0.19 0.2
 0.23 0.24 0.26 0.27 0.34 0.35 0.38 0.38 0.39 0.39 0.4  0.42 0.42 0.47
 0.49 0.49 0.5  0.5  0.54 0.54 0.55 0.56 0.56 0.58 0.59 0.59 0.6  0.6
 0.62 0.64 0.64 0.65 0.74 0.75 0.8  0.85 0.86 0.93 1.11 1.17 1.19 1.26
 1.43 1.49 1.5  1.63]
var: 0.15049122222222208
| [0m20       [0m | [0m0.5443   [0m | [0m0.06953  [0m | [0m15.58    [0m | [0m2.416    [0m |
[0.   0.02 0.05 0.11 0.12 0.13 0.13 0.13 0.22 0.23 0.29 0.31 0.34 0.34
 0.37 0.37 0.39 0.4  0.43 0.46 0.49 0.49 0.5  0.51 0.53 0.53 0.54 0.55
 0.56 0.56 0.56 0.59 0.61 0.66 0.67 0.69 0.72 0.74 0.76 0.78 0.78 0.81
 0.83 0.89 0.89 0.9  1.02 1.07 1.07 1.08 1.13 1.18 1.22 1.28 1.42 1.43
 1.53 2.14 2.36 2.92]
var: 0.302326972222222
| [0m21       [0m | [0m0.7138   [0m | [0m0.1156   [0m | [0m17.23    [0m | [0m1.903    [0m |
[0.02 0.03 0.03 0.06 0.06 0.07 0.07 0.07 0.09 0.09 0.13 0.13 0.13 0.18
 0.2  0.26 0.27 0.34 0.35 0.37 0.47 0.48 0.52 0.54 0.61 0.62 0.62 0.65
 0.65 0.66 0.68 0.71 0.77 0.82 0.82 0.84 0.87 0.89 0.9  0.91 0.91 0.92
 0.94 0.95 0.95 1.01 1.07 1.1  1.1  1.15 1.24 1.25 1.27 1.38 1.38 1.46
 1.73 1.81 2.02 2.8 ]
var: 0.3100398888888892
| [0m22       [0m | [0m0.7237   [0m | [0m0.1102   [0m | [0m43.73    [0m | [0m0.6336   [0m |
[0.05 0.11 0.13 0.17 0.22 0.24 0.26 0.27 0.4  0.42 0.42 0.44 0.46 0.46
 0.49 0.58 0.61 0.63 0.67 0.72 0.75 0.75 0.79 0.81 0.81 0.84 0.85 0.88
 0.9  0.94 0.96 0.97 1.   1.03 1.03 1.05 1.05 1.13 1.14 1.14 1.2  1.22
 1.25 1.37 1.43 1.43 1.44 1.44 1.47 1.57 1.58 1.69 1.75 1.87 1.9  1.9
 1.94 2.11 3.04 4.21]
var: 0.5076932222222214
| [0m23       [0m | [0m1.04     [0m | [0m0.116    [0m | [0m19.76    [0m | [0m1.099    [0m |
[0.07 0.08 0.09 0.09 0.09 0.1  0.11 0.11 0.13 0.13 0.13 0.17 0.21 0.25
 0.26 0.28 0.28 0.3  0.32 0.32 0.34 0.35 0.36 0.4  0.43 0.43 0.44 0.46
 0.48 0.49 0.5  0.52 0.53 0.54 0.56 0.58 0.59 0.61 0.63 0.69 0.73 0.74
 0.75 0.82 0.83 0.84 0.86 1.03 1.06 1.06 1.08 1.17 1.21 1.26 1.28 1.36
 1.36 1.4  1.43 1.65]
var: 0.17405808333333292
| [0m24       [0m | [0m0.5895   [0m | [0m0.1709   [0m | [0m17.12    [0m | [0m1.998    [0m |
[0.   0.01 0.01 0.02 0.02 0.02 0.03 0.03 0.04 0.07 0.07 0.09 0.09 0.1
 0.1  0.13 0.14 0.14 0.14 0.15 0.17 0.18 0.19 0.21 0.27 0.27 0.28 0.31
 0.35 0.36 0.36 0.37 0.37 0.4  0.44 0.44 0.47 0.48 0.48 0.51 0.52 0.52
 0.52 0.56 0.57 0.57 0.59 0.61 0.63 0.67 0.7  0.72 0.73 0.75 0.81 0.93
 0.93 1.1  1.47 1.91]
var: 0.13180600000000012
| [0m25       [0m | [0m0.402    [0m | [0m0.2049   [0m | [0m30.63    [0m | [0m2.364    [0m |
[0.   0.01 0.01 0.01 0.05 0.08 0.08 0.1  0.1  0.11 0.13 0.15 0.15 0.16
 0.21 0.23 0.24 0.25 0.26 0.27 0.28 0.29 0.3  0.31 0.32 0.33 0.34 0.37
 0.37 0.38 0.39 0.42 0.46 0.47 0.5  0.51 0.52 0.54 0.59 0.6  0.61 0.64
 0.64 0.67 0.71 0.71 0.75 0.81 0.81 0.85 0.9  0.9  0.92 0.95 1.06 1.06
 1.12 1.12 1.45 1.76]
var: 0.13934697222222223
| [0m26       [0m | [0m0.4888   [0m | [0m0.05608  [0m | [0m1.522    [0m | [0m2.93     [0m |
[0.   0.01 0.02 0.03 0.07 0.08 0.21 0.26 0.29 0.31 0.32 0.33 0.37 0.41
 0.44 0.45 0.45 0.47 0.49 0.5  0.52 0.53 0.58 0.59 0.62 0.63 0.67 0.68
 0.68 0.69 0.73 0.77 0.78 0.79 0.82 0.83 0.85 0.89 0.93 0.98 1.14 1.18
 1.18 1.19 1.25 1.28 1.36 1.41 1.46 1.56 1.71 1.77 1.94 2.03 2.07 2.11
 2.2  2.21 2.28 2.55]
var: 0.4292443055555559
| [0m27       [0m | [0m0.8992   [0m | [0m0.1925   [0m | [0m28.01    [0m | [0m0.81     [0m |
[0.39 0.41 0.42 0.5  0.55 0.56 0.62 0.62 0.65 0.74 0.76 0.79 0.88 0.91
 0.92 0.96 1.07 1.11 1.22 1.22 1.22 1.28 1.38 1.38 1.41 1.45 1.47 1.61
 1.64 1.66 1.7  1.77 1.78 1.79 1.82 1.83 1.89 1.93 1.98 1.99 2.08 2.11
 2.15 2.18 2.21 2.26 2.41 2.47 2.7  2.75 2.83 2.84 3.01 3.26 3.43 3.52
 3.57 4.59 4.83 5.58]
var: 1.2225645555555549
| [0m28       [0m | [0m1.818    [0m | [0m0.002418 [0m | [0m2.459    [0m | [0m0.01401  [0m |
[0.   0.   0.03 0.04 0.04 0.06 0.1  0.11 0.12 0.12 0.14 0.14 0.17 0.18
 0.19 0.19 0.2  0.2  0.21 0.21 0.22 0.23 0.25 0.27 0.31 0.32 0.34 0.36
 0.37 0.38 0.4  0.41 0.42 0.43 0.43 0.44 0.47 0.48 0.49 0.53 0.54 0.54
 0.59 0.6  0.6  0.64 0.64 0.67 0.68 0.78 0.83 0.87 0.87 0.88 0.91 1.03
 1.09 1.21 1.77 2.08]
var: 0.15783322222222235
| [0m29       [0m | [0m0.4637   [0m | [0m0.1298   [0m | [0m9.516    [0m | [0m2.913    [0m |
[0.01 0.09 0.1  0.14 0.14 0.14 0.15 0.16 0.2  0.26 0.32 0.36 0.36 0.37
 0.42 0.47 0.55 0.61 0.61 0.62 0.64 0.64 0.65 0.68 0.75 0.88 0.91 0.94
 1.03 1.14 1.29 1.3  1.4  1.44 1.55 1.63 1.66 1.71 1.82 1.83 1.84 1.89
 1.92 1.97 2.   2.03 2.06 2.3  2.38 2.39 2.44 2.48 2.6  2.65 2.7  2.83
 3.   3.37 3.41 4.23]
var: 1.019722333333334
| [0m30       [0m | [0m1.341    [0m | [0m0.0007391[0m | [0m17.71    [0m | [0m0.7698   [0m |
[0.12 0.14 0.18 0.24 0.26 0.29 0.31 0.31 0.32 0.39 0.4  0.41 0.42 0.43
 0.44 0.46 0.51 0.63 0.64 0.67 0.68 0.72 0.73 0.74 0.76 0.79 0.86 0.88
 0.91 0.92 0.95 0.97 0.97 0.97 0.97 1.01 1.04 1.05 1.08 1.16 1.17 1.19
 1.29 1.32 1.34 1.35 1.37 1.41 1.44 1.5  1.51 1.56 1.65 1.74 1.96 2.04
 2.04 2.27 2.34 2.91]
var: 0.36028475000000054
| [0m31       [0m | [0m0.9855   [0m | [0m0.06262  [0m | [0m49.74    [0m | [0m0.008212 [0m |
[0.   0.03 0.03 0.05 0.05 0.06 0.06 0.07 0.07 0.09 0.1  0.11 0.15 0.15
 0.2  0.2  0.22 0.23 0.25 0.31 0.32 0.34 0.35 0.36 0.45 0.51 0.51 0.52
 0.55 0.56 0.56 0.57 0.59 0.6  0.6  0.62 0.62 0.64 0.67 0.69 0.7  0.73
 0.76 0.78 0.82 0.83 0.86 0.88 0.89 0.92 0.94 0.95 1.   1.02 1.06 1.11
 1.22 1.28 1.36 1.43]
var: 0.14236222222222192
| [0m32       [0m | [0m0.5433   [0m | [0m0.2455   [0m | [0m24.33    [0m | [0m1.568    [0m |
[0.13 0.14 0.28 0.35 0.41 0.45 0.49 0.64 0.7  0.74 0.76 0.76 0.77 0.8
 0.82 0.82 0.84 0.84 0.86 0.89 0.93 0.95 0.95 0.96 1.17 1.17 1.19 1.19
 1.25 1.29 1.31 1.32 1.32 1.39 1.43 1.5  1.52 1.56 1.58 1.59 1.62 1.66
 1.74 1.79 1.88 1.95 2.01 2.09 2.17 2.24 2.3  2.32 2.47 2.47 2.62 2.89
 3.19 3.39 3.85 6.09]
var: 0.9980733333333328
| [0m33       [0m | [0m1.48     [0m | [0m0.1699   [0m | [0m49.89    [0m | [0m0.05864  [0m |
[0.28 0.45 0.51 0.51 0.57 0.58 0.59 0.63 0.66 0.67 0.69 0.7  0.72 0.72
 0.72 0.75 0.78 0.79 0.79 0.8  0.84 0.87 0.9  0.91 0.94 0.94 1.02 1.11
 1.15 1.15 1.15 1.18 1.2  1.23 1.25 1.28 1.3  1.34 1.4  1.42 1.43 1.43
 1.46 1.48 1.5  1.55 1.66 1.72 1.72 1.75 1.77 1.86 1.87 1.95 1.97 2.01
 2.07 2.15 2.31 2.4 ]
var: 0.26800874999999996
| [0m34       [0m | [0m1.193    [0m | [0m0.1353   [0m | [0m45.96    [0m | [0m0.2044   [0m |
[0.   0.01 0.02 0.04 0.06 0.07 0.07 0.09 0.09 0.09 0.13 0.13 0.14 0.17
 0.17 0.19 0.19 0.2  0.22 0.25 0.26 0.26 0.28 0.29 0.29 0.3  0.31 0.34
 0.35 0.36 0.37 0.38 0.4  0.46 0.47 0.47 0.5  0.52 0.52 0.54 0.54 0.62
 0.63 0.67 0.7  0.71 0.71 0.72 0.75 0.76 0.81 0.82 0.89 1.03 1.09 1.14
 1.16 1.26 1.42 1.54]
var: 0.13528363888888886
| [0m35       [0m | [0m0.4662   [0m | [0m0.0261   [0m | [0m41.21    [0m | [0m1.58     [0m |
[0.05 0.09 0.14 0.18 0.2  0.2  0.21 0.32 0.42 0.46 0.51 0.53 0.55 0.55
 0.56 0.63 0.81 0.83 0.86 0.86 0.92 0.94 0.96 0.97 1.04 1.06 1.16 1.16
 1.17 1.22 1.22 1.23 1.23 1.26 1.29 1.33 1.4  1.43 1.43 1.47 1.51 1.51
 1.61 1.65 1.78 1.83 1.84 1.84 1.85 1.89 1.91 1.91 2.   2.21 2.35 2.57
 2.64 2.71 2.95 3.89]
var: 0.6093649999999997
| [0m36       [0m | [0m1.255    [0m | [0m0.2217   [0m | [0m16.06    [0m | [0m0.5632   [0m |
[0.1  0.35 0.37 0.39 0.47 0.52 0.53 0.55 0.57 0.6  0.67 0.7  0.71 0.73
 0.76 0.77 0.78 0.8  0.8  0.81 0.83 0.85 0.85 0.91 0.93 0.94 1.04 1.08
 1.08 1.08 1.09 1.14 1.18 1.2  1.23 1.25 1.27 1.28 1.28 1.29 1.32 1.44
 1.48 1.69 1.71 1.86 1.86 1.9  1.91 1.92 1.92 1.97 1.98 2.04 2.06 2.13
 2.31 2.56 4.04 5.41]
var: 0.7351616388888889
| [0m37       [0m | [0m1.288    [0m | [0m0.2635   [0m | [0m35.75    [0m | [0m0.2792   [0m |
[0.   0.03 0.03 0.04 0.06 0.08 0.09 0.12 0.14 0.16 0.17 0.17 0.18 0.2
 0.22 0.23 0.25 0.25 0.25 0.31 0.31 0.32 0.32 0.33 0.36 0.38 0.39 0.4
 0.4  0.42 0.45 0.45 0.48 0.49 0.49 0.49 0.5  0.53 0.55 0.56 0.59 0.59
 0.61 0.63 0.65 0.66 0.66 0.74 0.76 0.79 0.8  0.85 0.87 0.92 0.95 1.02
 1.1  1.18 1.29 1.32]
var: 0.10405655555555558
| [0m38       [0m | [0m0.4763   [0m | [0m0.2728   [0m | [0m16.1     [0m | [0m2.771    [0m |
[0.85 0.91 0.93 1.09 1.11 1.19 1.24 1.26 1.3  1.37 1.42 1.45 1.49 1.51
 1.54 1.55 1.78 1.82 1.84 1.86 1.89 1.96 1.98 2.05 2.1  2.1  2.1  2.16
 2.17 2.25 2.29 2.32 2.33 2.34 2.37 2.38 2.54 2.59 2.61 2.61 2.64 2.83
 2.92 2.93 2.94 2.94 2.94 2.95 2.99 3.02 3.04 3.25 3.26 3.42 3.51 3.53
 3.61 3.72 3.83 4.63]
var: 0.6966420833333326
| [95m39       [0m | [95m2.293    [0m | [95m0.0849   [0m | [95m4.827    [0m | [95m0.2127   [0m |
[0.03 0.09 0.22 0.24 0.27 0.34 0.37 0.43 0.43 0.45 0.53 0.53 0.55 0.57
 0.58 0.59 0.6  0.6  0.61 0.64 0.7  0.7  0.7  0.71 0.8  0.8  0.81 0.88
 0.9  0.91 0.92 0.92 0.92 0.97 1.01 1.02 1.05 1.11 1.14 1.14 1.2  1.21
 1.23 1.28 1.36 1.38 1.4  1.4  1.44 1.48 1.51 1.67 1.81 1.89 1.9  1.91
 2.13 2.14 2.55 3.45]
var: 0.393574888888889
| [0m40       [0m | [0m1.019    [0m | [0m0.2838   [0m | [0m47.43    [0m | [0m0.3519   [0m |
[0.44 0.55 0.87 0.97 0.99 1.06 1.07 1.13 1.14 1.19 1.33 1.5  1.51 1.67
 1.71 1.74 1.85 1.85 1.92 1.95 1.96 2.04 2.07 2.12 2.16 2.16 2.17 2.2
 2.25 2.28 2.31 2.31 2.63 2.64 2.66 2.66 2.71 2.76 2.76 2.89 2.98 3.05
 3.05 3.22 3.31 3.42 3.57 3.65 3.79 3.89 4.24 4.39 4.6  4.66 5.14 5.86
 5.87 5.91 6.49 7.36]
var: 2.2698980833333335
| [95m41       [0m | [95m2.711    [0m | [95m0.1005   [0m | [95m4.488    [0m | [95m0.1929   [0m |
[0.03 0.12 0.14 0.22 0.25 0.29 0.31 0.35 0.47 0.5  0.51 0.52 0.58 0.59
 0.6  0.67 0.69 0.7  0.7  0.71 0.74 0.77 0.77 0.77 0.79 0.8  0.81 0.83
 0.87 0.89 0.94 1.05 1.08 1.09 1.1  1.13 1.15 1.2  1.21 1.23 1.34 1.46
 1.47 1.52 1.55 1.57 1.69 1.84 1.9  1.93 2.04 2.26 2.4  2.47 2.6  2.63
 2.74 3.19 3.4  3.84]
var: 0.7194949722222223
| [0m42       [0m | [0m1.2      [0m | [0m0.2553   [0m | [0m16.1     [0m | [0m0.543    [0m |
[0.16 0.46 0.63 0.67 0.84 0.88 0.91 0.99 1.05 1.11 1.11 1.13 1.14 1.15
 1.19 1.21 1.29 1.32 1.43 1.46 1.46 1.52 1.57 1.61 1.66 1.73 1.88 1.91
 1.93 1.98 2.   2.03 2.05 2.05 2.11 2.14 2.14 2.15 2.19 2.26 2.26 2.32
 2.34 2.35 2.38 2.39 2.52 2.53 2.68 2.73 2.73 2.74 2.82 2.83 2.96 3.1
 3.17 3.78 3.91 5.23]
var: 0.804163638888889
| [0m43       [0m | [0m1.938    [0m | [0m0.3      [0m | [0m4.053    [0m | [0m0.2406   [0m |
[0.07 0.18 0.18 0.26 0.28 0.3  0.39 0.4  0.41 0.47 0.53 0.55 0.61 0.62
 0.63 0.64 0.65 0.67 0.68 0.79 0.82 0.83 0.84 0.84 0.95 0.97 1.09 1.14
 1.14 1.16 1.19 1.24 1.26 1.3  1.31 1.39 1.43 1.45 1.55 1.58 1.59 1.62
 1.66 1.7  1.72 1.8  1.89 2.   2.13 2.37 2.39 2.93 3.03 3.07 3.1  3.16
 3.37 3.52 4.71]
var: 0.9655367997701811
| [0m44       [0m | [0m1.365    [0m | [0m1e-08    [0m | [0m4.445    [0m | [0m0.001    [0m |
[0.24 0.28 0.52 0.62 0.64 0.78 0.81 0.83 0.84 0.85 0.89 0.89 0.92 0.95
 0.97 0.99 1.03 1.08 1.12 1.13 1.14 1.22 1.26 1.29 1.34 1.36 1.41 1.45
 1.48 1.48 1.49 1.52 1.52 1.54 1.55 1.56 1.66 1.7  1.76 1.78 1.79 1.81
 1.81 1.82 1.89 1.89 1.99 1.99 2.05 2.12 2.22 2.23 2.24 2.47 2.82 2.92
 3.13 3.33 4.34 4.43]
var: 0.689979888888889
| [0m45       [0m | [0m1.586    [0m | [0m0.2152   [0m | [0m4.536    [0m | [0m0.3697   [0m |
[0.23 0.26 0.29 0.31 0.35 0.46 0.46 0.47 0.47 0.52 0.56 0.58 0.59 0.67
 0.69 0.69 0.7  0.71 0.76 0.77 0.79 0.79 0.82 0.82 0.83 0.87 0.91 0.97
 0.98 1.08 1.11 1.13 1.17 1.22 1.29 1.3  1.33 1.37 1.38 1.4  1.41 1.43
 1.44 1.95 2.17 2.19 2.26 2.31 2.32 2.35 2.41 2.44 2.45 2.59 2.73 2.74
 2.92 2.95 3.1  3.33]
var: 0.7139127500000005
| [0m46       [0m | [0m1.327    [0m | [0m0.1181   [0m | [0m28.54    [0m | [0m0.4904   [0m |
[0.39 0.87 0.95 0.99 1.08 1.12 1.18 1.23 1.27 1.37 1.48 1.56 1.65 1.66
 1.89 1.89 1.9  1.91 1.92 1.93 2.15 2.19 2.28 2.3  2.33 2.37 2.38 2.4
 2.47 2.51 2.55 2.56 2.57 2.67 2.72 2.83 2.85 2.86 2.92 2.95 2.97 3.08
 3.25 3.32 3.35 3.37 3.45 3.56 3.67 3.72 3.73 3.75 3.78 3.82 3.95 4.11
 4.16 4.27 4.43 4.88]
var: 1.0480426666666671
| [0m47       [0m | [0m2.562    [0m | [0m0.1605   [0m | [0m4.626    [0m | [0m0.09332  [0m |
[0.19 0.23 0.64 1.1  1.11 1.24 1.52 1.54 1.56 1.68 1.73 1.77 1.87 2.04
 2.14 2.22 2.25 2.38 2.39 2.4  2.44 2.44 2.48 2.54 2.56 2.58 2.58 2.61
 2.65 2.77 2.79 2.82 2.92 2.95 3.04 3.06 3.19 3.25 3.36 3.37 3.47 3.49
 3.57 3.68 3.81 3.81 3.86 3.87 3.94 3.99 4.02 4.12 4.17 4.2  4.23 4.4
 4.97 5.96 6.1  6.22]
var: 1.615321555555555
| [95m48       [0m | [95m2.905    [0m | [95m0.03292  [0m | [95m4.622    [0m | [95m0.2062   [0m |
[0.   0.   0.   0.   0.01 0.01 0.04 0.06 0.09 0.16 0.18 0.18 0.21 0.22
 0.24 0.25 0.31 0.33 0.35 0.4  0.44 0.46 0.47 0.47 0.55 0.57 0.58 0.62
 0.64 0.66 0.66 0.75 0.79 0.8  0.83 0.84 0.84 0.86 0.87 0.88 0.95 1.01
 1.12 1.18 1.33 1.49 1.53 1.58 1.73 1.85 1.94 2.01 2.02 2.18 2.5  3.
 3.05 3.79 4.13 6.38]
var: 1.3465149722222232
| [0m49       [0m | [0m1.023    [0m | [0m1e-08    [0m | [0m4.535    [0m | [0m0.283    [0m |
[0.03 0.03 0.06 0.08 0.08 0.09 0.1  0.13 0.14 0.14 0.15 0.17 0.18 0.19
 0.21 0.22 0.26 0.26 0.27 0.28 0.28 0.3  0.32 0.32 0.34 0.34 0.35 0.36
 0.38 0.39 0.4  0.42 0.42 0.47 0.48 0.48 0.48 0.49 0.49 0.51 0.51 0.56
 0.58 0.66 0.66 0.67 0.73 0.73 0.73 0.8  0.89 0.94 0.99 1.06 1.14 1.21
 1.32 1.76 2.41 3.11]
var: 0.2930554166666667
| [0m50       [0m | [0m0.5425   [0m | [0m0.2582   [0m | [0m17.68    [0m | [0m2.489    [0m |
[0.   0.01 0.02 0.03 0.05 0.06 0.1  0.18 0.19 0.19 0.23 0.23 0.26 0.27
 0.3  0.34 0.43 0.43 0.44 0.47 0.49 0.5  0.52 0.58 0.6  0.65 0.67 0.68
 0.7  0.7  0.71 0.71 0.72 0.73 0.76 0.76 0.77 0.77 0.8  0.8  0.81 0.82
 0.86 0.87 0.87 0.88 0.89 0.92 0.92 1.02 1.05 1.19 1.23 1.28 1.29 1.41
 1.56 1.79 2.5  3.89]
var: 0.38188055555555545
| [0m51       [0m | [0m0.7317   [0m | [0m0.2939   [0m | [0m8.198    [0m | [0m2.073    [0m |
[0.08 0.25 0.33 0.44 0.57 0.63 0.67 0.82 0.87 0.93 1.05 1.05 1.2  1.24
 1.26 1.31 1.37 1.49 1.55 1.56 1.6  1.65 1.68 1.72 1.73 1.76 1.79 1.85
 1.91 1.92 1.94 1.98 2.05 2.11 2.13 2.19 2.2  2.21 2.34 2.37 2.39 2.42
 2.45 2.48 2.52 2.61 2.77 2.9  2.95 2.96 3.05 3.06 3.19 3.27 3.28 3.57
 3.62 3.76 4.16 4.28]
var: 0.9538294166666671
| [0m52       [0m | [0m1.992    [0m | [0m0.1329   [0m | [0m4.637    [0m | [0m0.2466   [0m |
[0.17 0.18 0.35 0.43 0.53 0.64 0.67 0.98 1.07 1.15 1.51 1.52 1.52 1.63
 1.75 1.75 1.76 2.   2.05 2.11 2.12 2.31 2.33 2.38 2.43 2.45 2.49 2.49
 2.66 2.67 2.67 2.8  2.83 2.85 2.91 2.99 2.99 3.06 3.11 3.16 3.21 3.22
 3.4  3.42 3.45 3.46 3.59 3.62 3.86 3.89 3.9  4.07 4.1  4.63 4.88 4.99
 5.46 6.09 8.04 9.93]
var: 3.0128448888888895
| [0m53       [0m | [0m2.811    [0m | [0m0.05931  [0m | [0m4.601    [0m | [0m0.1296   [0m |
[0.26 0.4  0.65 0.98 1.05 1.27 1.31 1.39 1.59 1.73 1.76 1.76 1.83 1.83
 1.9  1.92 1.95 1.98 2.21 2.3  2.31 2.35 2.35 2.36 2.37 2.4  2.43 2.6
 2.61 2.65 2.65 2.7  2.73 2.97 2.99 3.   3.   3.11 3.18 3.22 3.32 3.33
 3.46 3.53 3.55 3.64 3.73 3.92 4.   4.08 4.13 4.19 4.23 4.24 4.26 4.4
 4.55 4.76 4.94 5.33]
var: 1.3382728888888884
| [0m54       [0m | [0m2.761    [0m | [0m0.04427  [0m | [0m4.709    [0m | [0m0.1174   [0m |
[0.04 0.04 0.07 0.08 0.11 0.14 0.15 0.19 0.25 0.25 0.25 0.26 0.29 0.29
 0.3  0.3  0.33 0.34 0.37 0.37 0.38 0.42 0.43 0.55 0.56 0.58 0.61 0.61
 0.64 0.66 0.68 0.68 0.71 0.72 0.75 0.75 0.76 0.81 0.83 0.9  0.97 0.98
 1.05 1.1  1.13 1.15 1.34 1.37 1.57 1.57 1.57 1.61 1.64 1.91 2.07 2.13
 2.59 2.64 2.95 3.05]
var: 0.543064000000001
| [0m55       [0m | [0m0.864    [0m | [0m0.06172  [0m | [0m5.918    [0m | [0m1.304    [0m |
[0.   0.   0.01 0.02 0.03 0.04 0.05 0.06 0.06 0.07 0.1  0.1  0.1  0.11
 0.11 0.17 0.18 0.2  0.2  0.29 0.33 0.34 0.35 0.35 0.37 0.38 0.4  0.43
 0.44 0.45 0.47 0.47 0.54 0.61 0.67 0.72 0.72 0.77 0.81 0.81 0.87 0.89
 0.89 0.91 0.93 0.93 1.09 1.22 1.23 1.31 1.69 1.87 2.01 2.39 2.55 3.16
 3.72 3.8  4.79 7.46]
var: 1.7369306666666666
| [0m56       [0m | [0m0.934    [0m | [0m1e-08    [0m | [0m4.706    [0m | [0m0.1955   [0m |
[0.54 0.61 0.89 0.96 0.96 1.02 1.05 1.12 1.16 1.21 1.24 1.27 1.3  1.4
 1.43 1.43 1.45 1.45 1.47 1.52 1.55 1.55 1.56 1.6  1.67 1.69 1.81 1.91
 1.92 2.01 2.05 2.1  2.12 2.14 2.22 2.28 2.28 2.35 2.38 2.41 2.53 2.58
 2.61 2.69 2.78 2.81 2.97 3.02 3.04 3.09 3.2  3.3  3.39 3.49 3.69 3.88
 3.94 4.18 4.65 5.85]
var: 1.0989180833333327
| [0m57       [0m | [0m2.18     [0m | [0m0.07065  [0m | [0m4.666    [0m | [0m0.2014   [0m |
[0.48 0.62 0.85 0.96 1.06 1.42 1.54 1.56 1.66 1.78 1.87 1.94 1.94 2.08
 2.17 2.18 2.3  2.34 2.39 2.47 2.47 2.56 2.63 2.64 2.64 2.66 2.69 2.73
 2.74 2.75 2.79 2.79 2.81 2.82 2.9  3.   3.   3.08 3.15 3.15 3.21 3.49
 3.49 3.5  3.58 3.62 3.68 3.95 4.1  4.11 4.11 4.25 4.25 4.32 4.57 4.74
 5.52 5.71 5.92 5.94]
var: 1.513466972222222
| [95m58       [0m | [95m2.928    [0m | [95m0.1072   [0m | [95m4.42     [0m | [95m0.08488  [0m |
[0.   0.   0.   0.   0.   0.   0.02 0.02 0.03 0.03 0.04 0.06 0.06 0.07
 0.07 0.08 0.08 0.08 0.09 0.11 0.12 0.14 0.14 0.16 0.16 0.16 0.21 0.22
 0.22 0.23 0.23 0.23 0.24 0.25 0.25 0.25 0.26 0.28 0.3  0.31 0.32 0.32
 0.33 0.33 0.35 0.35 0.36 0.38 0.38 0.39 0.39 0.39 0.39 0.4  0.43 0.54
 0.54 0.55 0.97 1.02]
var: 0.04252697222222225
| [0m59       [0m | [0m0.2388   [0m | [0m0.04879  [0m | [0m47.26    [0m | [0m2.911    [0m |
[0.03 0.03 0.05 0.06 0.07 0.07 0.1  0.14 0.16 0.17 0.2  0.26 0.3  0.32
 0.35 0.36 0.37 0.42 0.44 0.46 0.47 0.48 0.49 0.52 0.52 0.52 0.53 0.58
 0.61 0.63 0.65 0.69 0.72 0.77 0.79 0.83 0.92 0.93 0.94 0.95 0.96 0.97
 1.01 1.02 1.1  1.11 1.16 1.18 1.19 1.25 1.29 1.38 1.41 1.74 1.78 1.85
 1.91 1.96 2.17 2.47]
var: 0.335304972222222
| [0m60       [0m | [0m0.7802   [0m | [0m0.1981   [0m | [0m18.32    [0m | [0m0.9954   [0m |
[0.48 0.85 0.85 0.88 0.96 0.97 1.1  1.14 1.43 1.61 1.64 1.7  1.71 1.74
 1.83 1.98 2.09 2.1  2.12 2.26 2.26 2.27 2.27 2.29 2.36 2.37 2.38 2.38
 2.43 2.52 2.66 2.67 2.73 2.79 2.81 2.86 2.9  2.93 2.96 3.01 3.08 3.11
 3.21 3.27 3.27 3.31 3.33 3.36 3.39 3.41 3.42 3.5  3.88 3.94 3.99 4.04
 4.11 4.32 4.54 4.8 ]
var: 0.9913136388888886
| [0m61       [0m | [0m2.576    [0m | [0m0.2353   [0m | [0m4.447    [0m | [0m0.1107   [0m |
[0.53 0.65 0.82 0.87 0.95 1.01 1.19 1.4  1.46 1.61 1.62 1.63 1.63 1.66
 1.74 1.75 1.75 1.75 1.75 1.78 1.8  1.82 1.93 1.95 2.12 2.14 2.14 2.2
 2.34 2.34 2.37 2.4  2.42 2.45 2.48 2.5  2.52 2.55 2.61 2.63 2.64 2.66
 2.69 2.77 2.79 2.89 2.95 2.98 3.11 3.23 3.23 3.3  3.33 3.52 3.88 3.88
 4.46 4.97 5.17 5.42]
var: 1.0664680833333344
| [0m62       [0m | [0m2.386    [0m | [0m0.1394   [0m | [0m4.502    [0m | [0m0.1086   [0m |
[0.   0.   0.   0.02 0.04 0.04 0.04 0.05 0.07 0.08 0.08 0.11 0.11 0.13
 0.14 0.14 0.15 0.16 0.17 0.18 0.19 0.21 0.22 0.23 0.25 0.26 0.29 0.29
 0.29 0.29 0.3  0.3  0.3  0.31 0.32 0.33 0.34 0.35 0.36 0.36 0.36 0.37
 0.38 0.39 0.4  0.41 0.41 0.42 0.44 0.5  0.5  0.51 0.52 0.53 0.59 0.62
 0.77 0.89 0.91 1.01]
var: 0.0497169722222223
| [0m63       [0m | [0m0.3072   [0m | [0m0.2612   [0m | [0m27.04    [0m | [0m2.962    [0m |
[0.08 0.1  0.49 0.83 1.06 1.22 1.25 1.31 1.41 1.42 1.52 1.53 1.55 1.55
 1.55 1.57 1.57 1.57 1.65 1.65 1.68 1.76 1.77 1.81 1.84 1.86 1.93 1.95
 1.99 2.17 2.27 2.28 2.29 2.33 2.33 2.37 2.4  2.49 2.56 2.72 2.79 2.79
 2.83 2.89 2.9  2.96 3.   3.06 3.13 3.15 3.18 3.33 3.52 3.58 3.73 3.88
 3.89 4.04 5.49 5.85]
var: 1.1897247499999999
| [0m64       [0m | [0m2.295    [0m | [0m0.08463  [0m | [0m4.61     [0m | [0m0.2124   [0m |
[0.56 0.59 0.8  0.95 0.98 1.   1.07 1.07 1.09 1.19 1.22 1.27 1.46 1.48
 1.54 1.67 1.69 1.7  1.71 1.72 1.74 1.74 1.81 1.84 1.91 1.93 1.94 1.97
 2.16 2.17 2.2  2.27 2.41 2.43 2.47 2.53 2.6  2.78 2.81 2.82 2.9  2.9
 2.98 3.   3.   3.03 3.03 3.05 3.27 3.28 3.29 3.42 3.5  4.06 4.29 4.3
 4.76 4.9  5.2  6.18]
var: 1.3993736388888884
| [0m65       [0m | [0m2.394    [0m | [0m0.1253   [0m | [0m4.717    [0m | [0m0.04979  [0m |
[0.   0.   0.   0.   0.   0.   0.   0.   0.   0.   0.   0.   0.   0.
 0.   0.   0.   0.   0.   0.   0.   0.   0.   0.01 0.01 0.01 0.01 0.01
 0.02 0.02 0.02 0.02 0.03 0.03 0.03 0.03 0.04 0.04 0.04 0.04 0.04 0.05
 0.05 0.06 0.07 0.08 0.09 0.09 0.09 0.1  0.1  0.11 0.12 0.15 0.16 0.18
 0.22 0.23 0.24 0.41]
var: 0.0059476388888889805
| [0m66       [0m | [0m0.05083  [0m | [0m0.1457   [0m | [0m4.622    [0m | [0m0.006304 [0m |
[0.3  0.46 0.62 0.69 0.73 0.86 0.91 0.91 0.91 0.97 1.04 1.05 1.06 1.08
 1.09 1.17 1.19 1.25 1.26 1.44 1.55 1.56 1.58 1.6  1.65 1.68 1.7  1.73
 1.78 1.78 1.88 1.91 1.94 1.95 2.15 2.18 2.18 2.25 2.29 2.31 2.35 2.36
 2.42 2.47 2.5  2.58 2.62 2.63 2.65 2.94 2.99 3.19 3.27 3.45 3.46 4.08
 4.35 4.57 4.7  8.06]
var: 1.6145815555555554
| [0m67       [0m | [0m2.071    [0m | [0m0.2097   [0m | [0m4.621    [0m | [0m0.1633   [0m |
[0.52 0.58 0.96 1.11 1.17 1.26 1.33 1.43 1.45 1.62 1.66 1.72 1.74 1.82
 1.9  1.97 2.21 2.34 2.48 2.52 2.52 2.54 2.55 2.55 2.64 2.81 2.86 2.88
 3.02 3.03 3.08 3.15 3.18 3.23 3.24 3.31 3.32 3.39 3.57 3.61 3.72 3.75
 3.75 3.82 3.89 3.9  4.   4.06 4.09 4.16 4.24 4.37 4.44 4.49 4.57 4.59
 4.75 4.75 5.08 5.27]
var: 1.4166973333333333
| [95m68       [0m | [95m2.966    [0m | [95m0.03956  [0m | [95m4.488    [0m | [95m0.1059   [0m |
[0.51 0.77 0.78 0.78 0.84 0.87 0.95 0.98 1.05 1.19 1.2  1.23 1.33 1.35
 1.66 1.68 1.71 1.72 1.75 1.76 1.91 1.99 2.02 2.05 2.06 2.06 2.11 2.14
 2.23 2.26 2.34 2.34 2.45 2.56 2.62 2.65 2.75 2.77 2.79 2.8  2.8  2.86
 2.92 2.98 3.06 3.06 3.2  3.26 3.28 3.31 3.38 3.4  3.49 3.7  3.91 3.97
 4.06 4.13 4.21 7.17]
var: 1.3259306666666673
| [0m69       [0m | [0m2.386    [0m | [0m0.1484   [0m | [0m4.692    [0m | [0m0.1487   [0m |
[0.06 0.18 0.18 0.3  0.31 0.39 0.45 0.5  0.74 0.78 1.01 1.05 1.17 1.29
 1.29 1.36 1.37 1.42 1.44 1.54 1.59 1.59 1.63 1.68 1.69 1.71 1.83 1.92
 1.98 2.02 2.14 2.14 2.28 2.31 2.33 2.36 2.36 2.41 2.57 2.64 2.74 2.78
 2.82 2.88 2.91 3.15 3.19 3.2  3.2  3.57 3.71 3.92 4.11 4.52 4.61 4.71
 4.8  5.32 5.56 6.03]
var: 2.0118412222222224
| [0m70       [0m | [0m2.262    [0m | [0m0.004021 [0m | [0m21.38    [0m | [0m0.2044   [0m |
[0.91 0.94 0.95 1.03 1.05 1.18 1.26 1.28 1.3  1.43 1.64 1.65 1.67 1.73
 1.73 1.77 1.8  1.86 1.89 1.96 2.   2.08 2.1  2.23 2.26 2.39 2.4  2.42
 2.48 2.61 2.64 2.66 2.7  2.75 2.83 2.93 2.95 2.95 2.95 3.01 3.03 3.05
 3.06 3.06 3.08 3.08 3.16 3.23 3.27 3.44 3.44 3.52 3.53 3.58 3.58 3.72
 4.   5.74 5.91 6.25]
var: 1.2603349999999998
| [0m71       [0m | [0m2.585    [0m | [0m0.09729  [0m | [0m4.355    [0m | [0m0.1014   [0m |
[0.14 0.18 0.39 0.5  0.84 1.29 1.36 1.4  1.43 1.45 1.49 1.55 1.67 1.73
 1.75 1.78 1.8  1.82 1.82 1.84 1.85 1.87 1.9  1.95 2.03 2.07 2.23 2.25
 2.51 2.58 2.63 2.67 2.72 2.81 2.82 2.88 2.95 2.99 3.18 3.24 3.25 3.26
 3.28 3.3  3.37 3.38 3.42 3.46 3.47 3.53 3.64 3.79 3.81 4.37 4.75 5.05
 5.08 5.56 6.29 6.4 ]
var: 1.8360776666666656
| [0m72       [0m | [0m2.647    [0m | [0m0.07425  [0m | [0m4.428    [0m | [0m0.1517   [0m |
[0.01 0.03 0.05 0.09 0.14 0.14 0.15 0.15 0.15 0.16 0.22 0.23 0.26 0.26
 0.27 0.28 0.29 0.33 0.33 0.35 0.36 0.37 0.39 0.4  0.41 0.43 0.44 0.45
 0.45 0.46 0.48 0.49 0.49 0.5  0.5  0.54 0.56 0.57 0.6  0.6  0.61 0.63
 0.66 0.68 0.71 0.72 0.74 0.88 0.89 0.92 0.95 1.02 1.09 1.12 1.13 1.17
 1.17 1.64 2.02 2.24]
var: 0.19513363888888927
| [0m73       [0m | [0m0.5728   [0m | [0m0.0821   [0m | [0m11.49    [0m | [0m2.904    [0m |
[0.   0.01 0.02 0.03 0.04 0.04 0.06 0.1  0.1  0.16 0.18 0.2  0.23 0.26
 0.31 0.31 0.32 0.37 0.45 0.47 0.47 0.53 0.55 0.56 0.57 0.57 0.57 0.58
 0.58 0.58 0.58 0.61 0.66 0.67 0.7  0.71 0.73 0.75 0.76 0.77 0.86 0.87
 0.87 0.89 0.93 0.93 1.02 1.04 1.18 1.23 1.24 1.29 1.3  1.3  1.37 1.48
 1.5  1.98 2.   2.39]
var: 0.27046697222222243
| [0m74       [0m | [0m0.6972   [0m | [0m0.1256   [0m | [0m33.67    [0m | [0m1.021    [0m |
[0.   0.   0.05 0.06 0.06 0.07 0.09 0.14 0.17 0.18 0.18 0.23 0.25 0.25
 0.25 0.29 0.31 0.33 0.35 0.36 0.47 0.48 0.49 0.51 0.52 0.52 0.52 0.53
 0.54 0.55 0.59 0.59 0.6  0.61 0.61 0.62 0.66 0.68 0.69 0.72 0.75 0.76
 0.77 0.77 0.82 0.84 0.87 0.9  0.92 0.99 1.01 1.01 1.01 1.04 1.12 1.12
 1.47 1.61 1.74 1.83]
var: 0.17237363888888835
| [0m75       [0m | [0m0.6078   [0m | [0m0.2789   [0m | [0m24.1     [0m | [0m1.368    [0m |
[0.02 0.02 0.04 0.04 0.05 0.08 0.09 0.09 0.1  0.12 0.15 0.18 0.19 0.21
 0.22 0.22 0.25 0.25 0.26 0.28 0.28 0.29 0.31 0.34 0.37 0.38 0.42 0.44
 0.45 0.46 0.47 0.48 0.53 0.54 0.55 0.55 0.57 0.6  0.6  0.61 0.62 0.62
 0.66 0.68 0.68 0.69 0.7  0.74 0.78 0.79 0.79 0.81 0.88 0.96 1.13 1.25
 1.29 1.47 2.1  2.68]
var: 0.2272098888888889
| [0m76       [0m | [0m0.5403   [0m | [0m0.223    [0m | [0m46.71    [0m | [0m1.042    [0m |
[0.02 0.04 0.04 0.05 0.08 0.1  0.1  0.15 0.16 0.27 0.34 0.4  0.41 0.41
 0.48 0.51 0.51 0.52 0.53 0.55 0.58 0.6  0.62 0.66 0.67 0.69 0.7  0.75
 0.77 0.79 0.79 0.83 0.83 0.86 0.86 0.87 0.89 1.   1.01 1.04 1.06 1.08
 1.08 1.11 1.11 1.17 1.27 1.36 1.47 1.53 1.57 1.84 1.94 1.97 2.26 2.38
 2.54 2.74 2.78 3.34]
var: 0.5545715555555554
| [0m77       [0m | [0m0.9513   [0m | [0m0.06338  [0m | [0m15.5     [0m | [0m1.295    [0m |
[0.41 0.49 0.63 0.84 0.87 0.9  0.92 0.96 1.   1.13 1.26 1.31 1.34 1.36
 1.42 1.45 1.48 1.5  1.52 1.58 1.6  1.66 1.67 1.69 1.76 1.78 1.81 1.89
 1.91 1.92 1.98 1.99 2.   2.05 2.12 2.15 2.21 2.31 2.31 2.44 2.44 2.61
 2.65 2.7  2.72 2.73 2.87 3.   3.12 3.26 3.27 3.3  3.31 3.41 3.58 3.77
 3.9  3.92 3.92 4.36]
var: 0.9116378888888884
| [0m78       [0m | [0m2.108    [0m | [0m0.1868   [0m | [0m4.349    [0m | [0m0.2125   [0m |
[0.69 0.69 0.71 1.   1.06 1.39 1.41 1.54 1.55 1.56 1.57 1.61 1.65 1.91
 1.92 1.99 2.08 2.1  2.17 2.18 2.19 2.21 2.22 2.29 2.32 2.34 2.36 2.5
 2.52 2.53 2.56 2.57 2.71 2.72 2.76 2.76 2.81 2.82 2.82 2.82 2.85 2.88
 2.92 2.93 2.96 3.05 3.06 3.14 3.29 3.37 3.39 3.41 3.47 3.71 3.82 3.89
 4.15 4.54 5.05 5.33]
var: 0.9384976666666667
| [0m79       [0m | [0m2.547    [0m | [0m0.1163   [0m | [0m4.541    [0m | [0m0.1474   [0m |
[0.52 0.64 0.66 0.66 0.93 1.   1.12 1.34 1.42 1.45 1.46 1.51 1.74 1.94
 1.95 2.03 2.07 2.08 2.15 2.17 2.21 2.29 2.31 2.37 2.48 2.49 2.55 2.72
 2.79 2.8  2.82 2.83 2.84 2.91 2.92 2.95 2.96 2.99 3.05 3.09 3.09 3.21
 3.29 3.42 3.5  3.55 3.57 3.58 3.61 3.79 3.9  3.98 4.1  4.7  4.96 5.21
 5.33 5.35 5.56 6.06]
var: 1.6464103055555557
| [0m80       [0m | [0m2.783    [0m | [0m0.1281   [0m | [0m4.929    [0m | [0m0.1274   [0m |
=============================================================
None
num_trials:  40  inits,  40  iters,  60  per
rho:  1
pthin:  0.995

Best VPT: 2.966000000000001
Best result: {'a': 0.039560518332851326, 'g': 4.487518034502677, 's': 0.10589540027176753}

KERNEL: nu=1.5, lengthscale=2.0, alpha=0.0005
