|   iter    |  target   |     a     |     g     |     s     |
-------------------------------------------------------------
[0.02 0.03 0.05 0.09 0.14 0.15 0.18 0.18 0.19 0.22 0.23 0.25 0.3  0.3
 0.32 0.32 0.35 0.36 0.39 0.4  0.4  0.41 0.45 0.45 0.46 0.48 0.48 0.49
 0.55 0.58 0.59 0.6  0.6  0.6  0.63 0.67 0.68 0.68 0.69 0.7  0.71 0.71
 0.73 0.75 0.75 0.77 0.79 0.82 0.83 0.9  0.9  0.94 1.04 1.13 1.2  1.23
 1.43 1.51 2.52 2.72]
var: 0.24554733333333306
| [0m1        [0m | [0m0.634    [0m | [0m0.04812  [0m | [0m6.342    [0m | [0m0.9687   [0m |
[0.   0.   0.   0.01 0.02 0.02 0.03 0.03 0.04 0.04 0.04 0.05 0.05 0.06
 0.09 0.09 0.1  0.1  0.11 0.11 0.12 0.12 0.12 0.12 0.14 0.14 0.14 0.14
 0.14 0.16 0.16 0.17 0.19 0.2  0.21 0.21 0.22 0.22 0.23 0.24 0.26 0.28
 0.28 0.29 0.31 0.33 0.33 0.35 0.36 0.36 0.37 0.39 0.4  0.42 0.45 0.49
 0.51 0.57 0.67 0.71]
var: 0.028092749999999948
| [0m2        [0m | [0m0.2085   [0m | [0m0.1993   [0m | [0m41.73    [0m | [0m2.694    [0m |
[0.   0.01 0.01 0.02 0.02 0.02 0.03 0.06 0.07 0.08 0.08 0.08 0.08 0.09
 0.11 0.14 0.18 0.22 0.24 0.25 0.25 0.26 0.27 0.29 0.3  0.3  0.31 0.32
 0.33 0.34 0.34 0.35 0.36 0.37 0.37 0.37 0.39 0.4  0.41 0.41 0.41 0.45
 0.46 0.46 0.48 0.48 0.5  0.51 0.51 0.54 0.56 0.6  0.7  0.71 0.76 0.83
 0.84 1.34 1.59 2.1 ]
var: 0.1364828888888892
| [0m3        [0m | [0m0.3893   [0m | [0m0.2547   [0m | [0m21.7     [0m | [0m2.2      [0m |
[0.   0.   0.02 0.03 0.1  0.11 0.21 0.25 0.26 0.27 0.28 0.29 0.3  0.33
 0.33 0.33 0.38 0.4  0.4  0.4  0.42 0.43 0.51 0.51 0.52 0.52 0.55 0.6
 0.6  0.61 0.62 0.62 0.66 0.68 0.7  0.7  0.72 0.72 0.74 0.76 0.77 0.79
 0.81 0.81 0.83 0.84 0.86 0.88 0.95 1.03 1.08 1.09 1.17 1.18 1.19 1.19
 1.21 1.21 1.25 2.12]
var: 0.15316122222222203
| [95m4        [0m | [95m0.6357   [0m | [95m0.1538   [0m | [95m9.57     [0m | [95m1.171    [0m |
[0.01 0.03 0.04 0.06 0.1  0.13 0.16 0.17 0.19 0.2  0.25 0.27 0.29 0.3
 0.31 0.32 0.35 0.35 0.37 0.43 0.44 0.45 0.49 0.51 0.52 0.53 0.55 0.55
 0.59 0.62 0.65 0.67 0.71 0.77 0.79 0.8  0.82 0.83 0.84 0.88 0.94 0.99
 0.99 1.   1.05 1.15 1.15 1.18 1.29 1.32 1.34 1.4  1.41 1.44 1.48 1.64
 1.69 1.75 1.86 3.04]
var: 0.3229387499999996
| [95m5        [0m | [95m0.7575   [0m | [95m0.02096  [0m | [95m47.11    [0m | [95m0.5932   [0m |
[0.05 0.06 0.07 0.1  0.13 0.16 0.17 0.2  0.25 0.26 0.27 0.3  0.31 0.31
 0.38 0.39 0.39 0.41 0.45 0.46 0.48 0.52 0.54 0.54 0.55 0.55 0.56 0.56
 0.59 0.61 0.64 0.66 0.67 0.68 0.7  0.74 0.79 0.83 0.86 0.91 0.92 0.99
 1.01 1.05 1.05 1.06 1.16 1.17 1.18 1.43 1.46 1.65 1.71 1.82 1.92 1.94
 2.04 2.39 2.56 2.81]
var: 0.4140832222222216
| [95m6        [0m | [95m0.8237   [0m | [95m0.2001   [0m | [95m19.43    [0m | [95m0.422    [0m |
[0.42 0.43 0.48 0.48 0.54 0.56 0.61 0.61 0.61 0.62 0.63 0.65 0.66 0.66
 0.68 0.69 0.71 0.72 0.73 0.73 0.73 0.75 0.77 0.78 0.81 0.9  0.92 0.94
 1.01 1.06 1.06 1.1  1.13 1.13 1.17 1.18 1.23 1.26 1.29 1.31 1.33 1.34
 1.35 1.38 1.43 1.47 1.47 1.48 1.59 1.69 1.79 1.8  1.92 1.95 1.97 2.21
 2.34 2.36 2.64 3.9 ]
var: 0.40877288888888874
| [95m7        [0m | [95m1.169    [0m | [95m0.2426   [0m | [95m35.93    [0m | [95m0.1614   [0m |
[0.   0.   0.05 0.06 0.07 0.1  0.11 0.15 0.15 0.16 0.19 0.19 0.2  0.2
 0.26 0.28 0.28 0.29 0.31 0.32 0.32 0.33 0.34 0.35 0.35 0.36 0.36 0.36
 0.37 0.38 0.39 0.4  0.41 0.41 0.42 0.43 0.44 0.45 0.45 0.45 0.48 0.49
 0.49 0.5  0.5  0.5  0.53 0.57 0.58 0.6  0.67 0.68 0.68 0.69 0.7  0.78
 0.79 0.82 0.86 1.19]
var: 0.05309733333333322
| [0m8        [0m | [0m0.404    [0m | [0m0.2301   [0m | [0m26.16    [0m | [0m1.938    [0m |
[0.   0.   0.01 0.04 0.05 0.08 0.1  0.11 0.14 0.15 0.17 0.18 0.19 0.2
 0.22 0.24 0.24 0.25 0.26 0.26 0.26 0.28 0.29 0.31 0.33 0.37 0.39 0.39
 0.4  0.4  0.4  0.44 0.45 0.46 0.47 0.48 0.51 0.52 0.52 0.52 0.52 0.53
 0.53 0.57 0.6  0.63 0.66 0.67 0.68 0.75 0.82 0.95 0.97 1.01 1.08 1.14
 1.25 1.28 1.73 2.29]
var: 0.17636788888888905
| [0m9        [0m | [0m0.4957   [0m | [0m0.139    [0m | [0m12.52    [0m | [0m1.853    [0m |
[0.   0.02 0.05 0.06 0.1  0.1  0.14 0.14 0.15 0.15 0.15 0.16 0.17 0.17
 0.18 0.19 0.19 0.19 0.2  0.2  0.2  0.2  0.21 0.21 0.22 0.22 0.22 0.22
 0.22 0.23 0.24 0.25 0.25 0.25 0.26 0.27 0.27 0.28 0.33 0.35 0.35 0.37
 0.41 0.42 0.42 0.43 0.44 0.45 0.46 0.46 0.5  0.58 0.58 0.6  0.73 0.84
 0.97 0.97 1.14 1.47]
var: 0.07526888888888875
| [0m10       [0m | [0m0.3367   [0m | [0m0.2272   [0m | [0m12.38    [0m | [0m0.01318  [0m |
[0.   0.01 0.02 0.03 0.07 0.08 0.09 0.11 0.11 0.12 0.13 0.18 0.2  0.21
 0.22 0.22 0.23 0.34 0.34 0.35 0.39 0.39 0.4  0.44 0.46 0.47 0.49 0.49
 0.52 0.53 0.54 0.55 0.55 0.57 0.57 0.58 0.58 0.59 0.61 0.64 0.72 0.73
 0.74 0.77 0.77 0.8  0.81 0.89 0.89 0.92 0.94 0.95 0.96 0.97 1.   1.01
 1.02 1.1  1.45 1.76]
var: 0.1343865555555556
| [0m11       [0m | [0m0.5437   [0m | [0m0.2069   [0m | [0m27.17    [0m | [0m1.501    [0m |
[0.   0.   0.   0.   0.01 0.01 0.01 0.01 0.02 0.02 0.02 0.03 0.03 0.03
 0.03 0.03 0.04 0.05 0.05 0.06 0.07 0.08 0.09 0.09 0.09 0.12 0.15 0.16
 0.18 0.18 0.2  0.21 0.21 0.23 0.24 0.25 0.26 0.26 0.27 0.32 0.33 0.34
 0.34 0.35 0.38 0.38 0.38 0.39 0.39 0.39 0.4  0.41 0.45 0.47 0.49 0.51
 0.58 0.65 0.68 0.72]
var: 0.03761233333333324
| [0m12       [0m | [0m0.219    [0m | [0m0.07602  [0m | [0m48.63    [0m | [0m2.412    [0m |
[0.   0.   0.   0.   0.   0.   0.01 0.01 0.02 0.03 0.04 0.05 0.05 0.05
 0.06 0.07 0.07 0.07 0.08 0.08 0.08 0.09 0.09 0.1  0.1  0.11 0.12 0.12
 0.15 0.15 0.15 0.16 0.17 0.17 0.17 0.18 0.18 0.19 0.2  0.2  0.2  0.23
 0.23 0.24 0.26 0.27 0.27 0.28 0.31 0.32 0.34 0.34 0.42 0.42 0.44 0.45
 0.57 0.68 0.81 0.97]
var: 0.03822655555555561
| [0m13       [0m | [0m0.1937   [0m | [0m0.2953   [0m | [0m43.91    [0m | [0m2.98     [0m |
[0.03 0.07 0.22 0.23 0.27 0.34 0.37 0.4  0.44 0.46 0.47 0.51 0.52 0.53
 0.53 0.56 0.57 0.58 0.6  0.6  0.61 0.62 0.64 0.65 0.68 0.68 0.7  0.72
 0.75 0.8  0.8  0.83 0.83 0.88 0.9  1.02 1.04 1.06 1.07 1.08 1.09 1.12
 1.15 1.16 1.22 1.27 1.28 1.31 1.35 1.45 1.52 1.53 1.54 1.95 1.96 1.98
 2.17 2.21 2.23 3.39]
var: 0.38075233333333375
| [0m14       [0m | [0m0.959    [0m | [0m0.07283  [0m | [0m45.93    [0m | [0m0.4077   [0m |
[0.03 0.53 0.57 0.58 0.59 0.61 0.66 0.68 0.69 0.76 0.76 0.77 0.86 1.
 1.01 1.02 1.03 1.06 1.07 1.1  1.18 1.2  1.2  1.23 1.24 1.24 1.25 1.32
 1.32 1.37 1.39 1.4  1.43 1.43 1.44 1.44 1.46 1.51 1.55 1.6  1.67 1.69
 1.7  1.76 1.8  1.82 1.84 1.94 1.97 2.02 2.07 2.11 2.18 2.24 2.39 2.4
 2.83 2.88 3.22 5.04]
var: 0.6042309722222219
| [95m15       [0m | [95m1.469    [0m | [95m0.1161   [0m | [95m29.23    [0m | [95m0.1997   [0m |
[0.   0.   0.01 0.03 0.06 0.06 0.06 0.07 0.07 0.11 0.12 0.13 0.14 0.15
 0.19 0.2  0.2  0.24 0.24 0.25 0.26 0.28 0.32 0.36 0.39 0.41 0.41 0.45
 0.48 0.48 0.49 0.5  0.5  0.51 0.53 0.56 0.59 0.64 0.64 0.65 0.65 0.67
 0.69 0.73 0.74 0.74 0.78 0.8  0.81 0.88 0.91 1.02 1.03 1.09 1.11 1.11
 1.34 1.37 1.43 1.49]
var: 0.15159808333333355
| [0m16       [0m | [0m0.5195   [0m | [0m0.2938   [0m | [0m17.9     [0m | [0m1.159    [0m |
[0.   0.   0.01 0.01 0.06 0.06 0.08 0.09 0.16 0.17 0.19 0.19 0.2  0.2
 0.2  0.23 0.28 0.28 0.32 0.36 0.36 0.38 0.4  0.4  0.4  0.41 0.41 0.41
 0.43 0.46 0.48 0.49 0.49 0.52 0.54 0.57 0.6  0.61 0.67 0.67 0.71 0.75
 0.76 0.76 0.78 0.78 0.78 0.8  0.83 0.88 0.89 0.9  0.97 1.   1.25 1.28
 1.28 1.42 1.5  1.81]
var: 0.16009155555555557
| [0m17       [0m | [0m0.5487   [0m | [0m0.2843   [0m | [0m18.87    [0m | [0m2.456    [0m |
[0.   0.   0.   0.   0.   0.   0.   0.   0.01 0.01 0.01 0.01 0.02 0.02
 0.02 0.05 0.06 0.06 0.06 0.07 0.07 0.08 0.09 0.09 0.1  0.11 0.15 0.16
 0.17 0.17 0.18 0.21 0.22 0.23 0.24 0.24 0.29 0.3  0.3  0.3  0.31 0.32
 0.34 0.34 0.37 0.38 0.4  0.4  0.43 0.43 0.44 0.44 0.46 0.5  0.51 0.51
 0.6  0.61 0.72 1.11]
var: 0.04895822222222208
| [0m18       [0m | [0m0.2287   [0m | [0m0.1245   [0m | [0m46.47    [0m | [0m2.17     [0m |
[0.   0.   0.   0.   0.01 0.01 0.02 0.02 0.03 0.04 0.04 0.04 0.05 0.05
 0.05 0.05 0.08 0.08 0.09 0.09 0.09 0.09 0.1  0.1  0.14 0.14 0.15 0.15
 0.17 0.18 0.19 0.2  0.2  0.2  0.2  0.2  0.21 0.21 0.22 0.29 0.29 0.32
 0.33 0.35 0.37 0.39 0.39 0.44 0.44 0.46 0.49 0.49 0.5  0.5  0.55 0.57
 0.65 0.72 0.77 1.21]
var: 0.05477830555555547
| [0m19       [0m | [0m0.2402   [0m | [0m0.1196   [0m | [0m44.63    [0m | [0m2.532    [0m |
[0.1  0.17 0.28 0.33 0.33 0.49 0.54 0.59 0.59 0.62 0.62 0.64 0.66 0.66
 0.67 0.68 0.71 0.71 0.71 0.76 0.79 0.79 0.81 0.82 0.83 0.85 0.85 0.85
 0.88 0.91 0.94 0.96 0.97 0.97 0.97 0.98 0.98 1.   1.05 1.06 1.28 1.41
 1.47 1.47 1.49 1.6  1.67 1.69 1.73 1.74 1.84 1.84 1.88 1.94 2.04 2.31
 2.42 2.79 2.82 3.07]
var: 0.4365843333333334
| [0m20       [0m | [0m1.127    [0m | [0m0.08974  [0m | [0m26.46    [0m | [0m0.3609   [0m |
[0.42 0.53 0.56 0.58 0.59 0.66 0.67 0.7  0.73 0.73 0.77 0.82 0.83 0.87
 0.88 0.92 1.05 1.06 1.06 1.09 1.12 1.13 1.14 1.16 1.17 1.17 1.21 1.24
 1.26 1.27 1.33 1.34 1.41 1.41 1.43 1.44 1.49 1.51 1.52 1.58 1.62 1.67
 1.68 1.71 1.75 1.79 1.86 1.89 2.02 2.23 2.31 2.42 2.42 2.48 2.64 2.81
 3.43 3.49 3.69 4.84]
var: 0.726753333333333
| [95m21       [0m | [95m1.51     [0m | [95m0.1322   [0m | [95m23.19    [0m | [95m0.1686   [0m |
[0.03 0.03 0.27 0.47 0.49 0.5  0.52 0.53 0.56 0.56 0.62 0.63 0.63 0.64
 0.67 0.71 0.85 0.85 0.88 0.9  0.93 0.99 1.05 1.06 1.07 1.07 1.09 1.1
 1.12 1.13 1.16 1.19 1.21 1.28 1.32 1.34 1.35 1.35 1.36 1.4  1.43 1.5
 1.51 1.52 1.52 1.56 1.57 1.59 1.62 1.63 1.7  1.91 1.92 1.95 2.02 2.21
 2.36 2.8  2.91 5.15]
var: 0.6083416388888889
| [0m22       [0m | [0m1.255    [0m | [0m0.05573  [0m | [0m2.09     [0m | [0m0.1423   [0m |
[0.   0.01 0.02 0.05 0.05 0.05 0.05 0.06 0.07 0.12 0.14 0.14 0.15 0.16
 0.2  0.2  0.23 0.23 0.24 0.24 0.27 0.29 0.29 0.3  0.3  0.31 0.33 0.33
 0.34 0.34 0.34 0.36 0.36 0.37 0.42 0.44 0.44 0.45 0.46 0.46 0.49 0.53
 0.54 0.56 0.58 0.58 0.59 0.6  0.64 0.7  0.73 0.74 0.77 0.77 0.94 0.97
 0.98 1.03 1.03 1.72]
var: 0.10211388888888866
| [0m23       [0m | [0m0.4183   [0m | [0m0.1434   [0m | [0m14.04    [0m | [0m2.534    [0m |
[0.   0.   0.01 0.01 0.02 0.02 0.02 0.03 0.03 0.03 0.04 0.04 0.05 0.06
 0.07 0.08 0.08 0.1  0.11 0.13 0.13 0.14 0.15 0.15 0.16 0.18 0.18 0.18
 0.21 0.22 0.22 0.23 0.23 0.24 0.25 0.25 0.25 0.26 0.27 0.27 0.28 0.28
 0.29 0.31 0.32 0.33 0.35 0.35 0.39 0.4  0.42 0.44 0.48 0.49 0.51 0.52
 0.54 0.54 0.57 0.65]
var: 0.028700666666666614
| [0m24       [0m | [0m0.226    [0m | [0m0.2533   [0m | [0m48.83    [0m | [0m2.416    [0m |
[0.   0.   0.   0.   0.01 0.02 0.03 0.04 0.05 0.05 0.06 0.07 0.08 0.09
 0.1  0.13 0.13 0.14 0.14 0.14 0.17 0.17 0.17 0.17 0.21 0.22 0.23 0.23
 0.25 0.25 0.28 0.28 0.32 0.32 0.33 0.34 0.36 0.38 0.38 0.4  0.43 0.44
 0.44 0.44 0.45 0.47 0.47 0.48 0.49 0.52 0.53 0.53 0.54 0.55 0.57 0.59
 0.97 1.08 1.39 1.47]
var: 0.0920160833333331
| [0m25       [0m | [0m0.3265   [0m | [0m0.07833  [0m | [0m25.05    [0m | [0m2.955    [0m |
[0.   0.   0.03 0.06 0.07 0.09 0.11 0.11 0.13 0.14 0.15 0.17 0.2  0.21
 0.22 0.23 0.25 0.26 0.27 0.28 0.28 0.29 0.31 0.32 0.32 0.34 0.37 0.37
 0.38 0.45 0.46 0.46 0.47 0.48 0.48 0.5  0.52 0.52 0.54 0.56 0.56 0.57
 0.6  0.62 0.63 0.63 0.64 0.66 0.7  0.74 0.79 0.81 0.83 0.86 0.88 0.9
 1.14 1.18 1.25 1.78]
var: 0.11411141666666663
| [0m26       [0m | [0m0.4695   [0m | [0m0.2663   [0m | [0m15.02    [0m | [0m2.399    [0m |
[0.03 0.06 0.06 0.15 0.17 0.17 0.27 0.29 0.31 0.32 0.33 0.34 0.34 0.35
 0.35 0.36 0.37 0.37 0.38 0.38 0.39 0.43 0.44 0.44 0.49 0.49 0.49 0.5
 0.5  0.51 0.53 0.55 0.58 0.61 0.62 0.64 0.67 0.69 0.69 0.7  0.71 0.75
 0.86 0.89 0.9  0.95 0.97 0.99 1.   1.01 1.01 1.06 1.09 1.26 1.28 1.3
 1.58 1.94 2.03 2.05]
var: 0.2055427499999999
| [0m27       [0m | [0m0.6665   [0m | [0m0.1251   [0m | [0m26.37    [0m | [0m0.668    [0m |
[0.   0.02 0.07 0.11 0.12 0.12 0.14 0.15 0.15 0.16 0.18 0.2  0.2  0.23
 0.28 0.29 0.31 0.35 0.37 0.38 0.39 0.41 0.44 0.47 0.48 0.48 0.49 0.5
 0.51 0.52 0.53 0.56 0.58 0.58 0.59 0.59 0.6  0.65 0.66 0.68 0.73 0.74
 0.74 0.74 0.78 0.82 0.83 0.86 0.86 0.88 0.93 0.93 0.95 1.05 1.24 1.55
 1.66 1.67 1.73 3.24]
var: 0.2755514166666673
| [0m28       [0m | [0m0.6245   [0m | [0m0.1584   [0m | [0m10.26    [0m | [0m1.462    [0m |
[0.   0.05 0.06 0.07 0.08 0.08 0.11 0.11 0.12 0.13 0.19 0.2  0.21 0.23
 0.25 0.32 0.33 0.34 0.35 0.37 0.37 0.38 0.39 0.41 0.42 0.42 0.43 0.43
 0.44 0.48 0.49 0.49 0.51 0.52 0.52 0.52 0.55 0.55 0.57 0.59 0.61 0.61
 0.62 0.63 0.64 0.65 0.67 0.71 0.76 0.78 0.78 0.78 0.81 0.88 0.91 0.93
 1.13 1.21 1.27 1.27]
var: 0.09252141666666698
| [0m29       [0m | [0m0.4955   [0m | [0m0.1885   [0m | [0m13.82    [0m | [0m1.821    [0m |
[0.05 0.06 0.1  0.11 0.14 0.17 0.2  0.22 0.22 0.24 0.29 0.29 0.3  0.33
 0.36 0.43 0.43 0.45 0.45 0.46 0.48 0.48 0.5  0.51 0.53 0.56 0.58 0.6
 0.61 0.62 0.62 0.63 0.65 0.65 0.66 0.67 0.69 0.75 0.79 0.79 0.83 0.86
 0.89 0.93 0.99 1.   1.01 1.03 1.03 1.13 1.18 1.2  1.21 1.27 1.39 1.53
 1.84 1.92 2.03 2.31]
var: 0.2431643055555557
| [0m30       [0m | [0m0.7208   [0m | [0m0.237    [0m | [0m14.92    [0m | [0m0.3907   [0m |
[0.01 0.02 0.02 0.03 0.03 0.03 0.04 0.06 0.07 0.08 0.1  0.12 0.13 0.13
 0.15 0.15 0.15 0.15 0.16 0.16 0.16 0.18 0.19 0.19 0.19 0.23 0.23 0.24
 0.27 0.29 0.31 0.31 0.32 0.32 0.33 0.34 0.34 0.34 0.35 0.35 0.36 0.39
 0.4  0.46 0.47 0.48 0.48 0.49 0.5  0.52 0.59 0.66 0.66 0.76 0.84 0.9
 1.19 1.19 1.36 1.47]
var: 0.10655622222222204
| [0m31       [0m | [0m0.3573   [0m | [0m0.1084   [0m | [0m42.32    [0m | [0m1.66     [0m |
[0.07 0.08 0.09 0.13 0.17 0.18 0.18 0.19 0.22 0.23 0.23 0.25 0.28 0.31
 0.35 0.36 0.36 0.37 0.38 0.44 0.53 0.56 0.57 0.59 0.59 0.61 0.61 0.63
 0.64 0.65 0.66 0.67 0.68 0.7  0.72 0.75 0.75 0.78 0.91 0.93 0.94 0.99
 1.   1.05 1.06 1.06 1.07 1.08 1.12 1.14 1.19 1.3  1.31 1.37 1.44 1.46
 1.52 1.64 1.89 3.69]
var: 0.3352826666666663
| [0m32       [0m | [0m0.762    [0m | [0m0.1468   [0m | [0m10.91    [0m | [0m0.4189   [0m |
[0.   0.   0.   0.   0.   0.   0.   0.   0.01 0.01 0.02 0.04 0.04 0.05
 0.07 0.08 0.08 0.09 0.09 0.1  0.11 0.11 0.12 0.13 0.14 0.14 0.14 0.16
 0.16 0.16 0.17 0.18 0.19 0.2  0.22 0.23 0.24 0.27 0.27 0.28 0.29 0.3
 0.32 0.34 0.34 0.34 0.34 0.35 0.37 0.38 0.39 0.43 0.44 0.5  0.51 0.54
 0.58 0.59 0.63 0.71]
var: 0.03349941666666674
| [0m33       [0m | [0m0.2165   [0m | [0m0.1112   [0m | [0m42.8     [0m | [0m2.557    [0m |
[0.   0.   0.   0.   0.02 0.02 0.03 0.03 0.04 0.05 0.07 0.07 0.08 0.1
 0.11 0.11 0.11 0.11 0.13 0.14 0.14 0.15 0.16 0.16 0.16 0.17 0.18 0.19
 0.2  0.22 0.23 0.24 0.24 0.26 0.26 0.27 0.28 0.31 0.31 0.31 0.31 0.35
 0.38 0.39 0.39 0.4  0.4  0.42 0.44 0.44 0.49 0.5  0.55 0.58 0.59 0.6
 0.65 0.72 0.76 1.18]
var: 0.05150333333333321
| [0m34       [0m | [0m0.27     [0m | [0m0.2827   [0m | [0m34.91    [0m | [0m2.912    [0m |
[0.01 0.07 0.08 0.09 0.09 0.1  0.11 0.16 0.19 0.22 0.25 0.27 0.3  0.3
 0.33 0.34 0.34 0.36 0.42 0.43 0.45 0.45 0.48 0.52 0.53 0.55 0.58 0.58
 0.62 0.62 0.63 0.65 0.66 0.68 0.68 0.69 0.7  0.75 0.78 0.79 0.79 0.8
 0.85 0.89 0.9  0.9  1.07 1.09 1.15 1.28 1.29 1.31 1.43 1.46 1.46 1.49
 1.57 1.63 2.88 3.05]
var: 0.35042122222222244
| [0m35       [0m | [0m0.7357   [0m | [0m0.1391   [0m | [0m7.617    [0m | [0m0.9171   [0m |
[0.   0.   0.   0.   0.02 0.03 0.03 0.04 0.04 0.04 0.06 0.07 0.07 0.08
 0.11 0.12 0.15 0.16 0.18 0.18 0.18 0.19 0.2  0.2  0.21 0.25 0.26 0.27
 0.3  0.31 0.32 0.33 0.35 0.36 0.36 0.37 0.38 0.38 0.4  0.43 0.43 0.43
 0.45 0.46 0.46 0.47 0.5  0.52 0.57 0.59 0.61 0.64 0.66 0.71 0.73 0.77
 0.83 0.84 0.88 1.08]
var: 0.06661788888888907
| [0m36       [0m | [0m0.3343   [0m | [0m0.1609   [0m | [0m25.77    [0m | [0m2.657    [0m |
[0.   0.02 0.03 0.04 0.05 0.07 0.07 0.08 0.09 0.11 0.12 0.12 0.13 0.15
 0.15 0.15 0.16 0.16 0.17 0.19 0.21 0.23 0.23 0.26 0.26 0.27 0.29 0.29
 0.3  0.34 0.34 0.37 0.37 0.4  0.46 0.5  0.52 0.55 0.57 0.58 0.58 0.58
 0.61 0.61 0.62 0.63 0.69 0.7  0.71 0.72 0.74 0.76 0.85 0.87 1.02 1.03
 1.1  1.19 1.19 1.34]
var: 0.11273455555555545
| [0m37       [0m | [0m0.4323   [0m | [0m0.07099  [0m | [0m11.39    [0m | [0m2.908    [0m |
[0.   0.01 0.04 0.08 0.08 0.08 0.1  0.12 0.13 0.13 0.14 0.18 0.2  0.22
 0.22 0.22 0.23 0.25 0.26 0.3  0.3  0.31 0.39 0.39 0.4  0.41 0.41 0.43
 0.46 0.47 0.51 0.52 0.53 0.54 0.54 0.55 0.57 0.63 0.63 0.64 0.64 0.69
 0.69 0.71 0.74 0.74 0.74 0.74 0.74 0.75 0.76 0.81 0.82 0.97 1.04 1.06
 1.29 1.45 1.69 1.76]
var: 0.14787430555555547
| [0m38       [0m | [0m0.5242   [0m | [0m0.2925   [0m | [0m12.78    [0m | [0m1.328    [0m |
[0.   0.   0.02 0.02 0.02 0.03 0.04 0.05 0.05 0.07 0.09 0.09 0.11 0.13
 0.13 0.14 0.15 0.16 0.17 0.18 0.19 0.23 0.25 0.29 0.29 0.31 0.31 0.32
 0.33 0.34 0.35 0.35 0.37 0.37 0.39 0.4  0.41 0.42 0.43 0.45 0.45 0.46
 0.49 0.5  0.5  0.52 0.53 0.54 0.54 0.54 0.57 0.59 0.6  0.64 0.72 0.98
 1.07 1.29 1.29 1.66]
var: 0.10956030555555546
| [0m39       [0m | [0m0.3822   [0m | [0m0.1345   [0m | [0m24.32    [0m | [0m2.543    [0m |
[0.   0.05 0.07 0.07 0.09 0.09 0.1  0.11 0.14 0.14 0.15 0.16 0.2  0.23
 0.24 0.25 0.27 0.28 0.29 0.3  0.41 0.43 0.43 0.43 0.45 0.46 0.48 0.49
 0.49 0.52 0.52 0.53 0.55 0.55 0.58 0.6  0.6  0.64 0.69 0.69 0.73 0.74
 0.75 0.8  0.84 0.84 1.   1.04 1.05 1.08 1.14 1.25 1.36 1.5  1.5  1.68
 1.74 1.86 2.11 2.16]
var: 0.27967233333333297
| [0m40       [0m | [0m0.649    [0m | [0m0.2714   [0m | [0m32.3     [0m | [0m0.447    [0m |
[0.   0.   0.   0.   0.   0.   0.   0.   0.   0.   0.   0.   0.   0.
 0.   0.   0.   0.   0.01 0.01 0.01 0.01 0.01 0.01 0.01 0.02 0.02 0.02
 0.03 0.03 0.03 0.03 0.03 0.03 0.03 0.03 0.03 0.03 0.04 0.04 0.04 0.04
 0.05 0.05 0.05 0.05 0.05 0.06 0.06 0.07 0.07 0.07 0.07 0.08 0.08 0.08
 0.09 0.1  0.12 0.12]
var: 0.001031638888888899
| [0m41       [0m | [0m0.03183  [0m | [0m0.004785 [0m | [0m28.18    [0m | [0m0.001    [0m |
[0.1  0.11 0.17 0.18 0.41 0.43 0.43 0.46 0.46 0.49 0.49 0.5  0.5  0.52
 0.52 0.53 0.55 0.56 0.57 0.57 0.61 0.67 0.68 0.7  0.71 0.72 0.72 0.73
 0.74 0.75 0.77 0.78 0.85 0.88 0.91 0.93 0.97 0.98 0.98 1.06 1.07 1.09
 1.09 1.12 1.13 1.17 1.19 1.22 1.28 1.4  1.45 1.51 1.56 1.7  1.72 1.72
 1.83 1.83 1.84 1.92]
var: 0.21675697222222196
| [0m42       [0m | [0m0.8922   [0m | [0m0.282    [0m | [0m23.41    [0m | [0m0.3204   [0m |
[0.25 0.28 0.42 0.49 0.5  0.54 0.55 0.57 0.58 0.58 0.59 0.6  0.61 0.63
 0.66 0.68 0.7  0.71 0.72 0.76 0.8  0.8  0.89 0.91 0.95 0.96 1.01 1.03
 1.03 1.04 1.05 1.07 1.11 1.13 1.14 1.18 1.22 1.24 1.25 1.28 1.35 1.4
 1.41 1.44 1.45 1.48 1.53 1.71 1.71 1.72 1.73 1.81 1.85 1.87 1.89 1.97
 2.3  2.39 2.87 3.38]
var: 0.3824336388888888
| [0m43       [0m | [0m1.163    [0m | [0m0.1721   [0m | [0m35.62    [0m | [0m0.2748   [0m |
[0.17 0.58 0.72 0.75 0.79 0.8  1.07 1.1  1.12 1.13 1.13 1.17 1.19 1.41
 1.45 1.54 1.56 1.6  1.66 1.7  1.71 1.72 1.79 1.83 1.86 1.87 2.06 2.07
 2.13 2.13 2.27 2.27 2.27 2.32 2.36 2.41 2.42 2.46 2.47 2.56 2.71 2.77
 2.82 2.89 2.91 2.94 2.94 2.99 3.02 3.04 3.22 3.28 3.37 3.53 3.61 3.61
 3.9  3.99 4.55 4.95]
var: 1.0157823333333336
| [95m44       [0m | [95m2.211    [0m | [95m0.0001286[0m | [95m23.0     [0m | [95m0.03399  [0m |
[0.06 0.15 0.53 0.53 0.58 0.6  0.64 0.71 0.8  0.8  0.81 0.83 0.86 0.91
 0.95 1.01 1.14 1.14 1.23 1.29 1.37 1.38 1.42 1.45 1.47 1.5  1.5  1.51
 1.55 1.56 1.56 1.57 1.58 1.58 1.64 1.69 1.75 1.77 1.78 1.81 1.87 1.88
 1.89 1.89 1.91 1.94 1.95 2.03 2.06 2.14 2.17 2.46 2.47 2.47 2.49 2.56
 3.12 3.71 4.05 4.49]
var: 0.7092895555555557
| [0m45       [0m | [0m1.609    [0m | [0m0.09597  [0m | [0m22.84    [0m | [0m0.1698   [0m |
[0.1  0.22 0.37 0.43 0.46 0.61 0.64 0.69 0.74 0.75 0.76 0.79 0.8  0.81
 0.83 0.86 0.87 0.88 0.88 0.88 0.92 0.92 0.93 0.96 0.97 1.04 1.04 1.07
 1.09 1.09 1.1  1.1  1.18 1.18 1.21 1.23 1.25 1.26 1.29 1.3  1.32 1.32
 1.38 1.38 1.44 1.45 1.47 1.56 1.68 1.69 1.71 1.74 1.75 1.76 1.82 1.96
 2.01 2.04 2.26 2.48]
var: 0.23683600000000007
| [0m46       [0m | [0m1.162    [0m | [0m0.1039   [0m | [0m23.01    [0m | [0m0.02802  [0m |
[0.64 0.69 0.8  0.86 0.95 1.01 1.04 1.04 1.06 1.09 1.13 1.16 1.2  1.29
 1.33 1.48 1.49 1.5  1.55 1.71 1.8  1.81 1.84 2.08 2.15 2.26 2.32 2.35
 2.41 2.42 2.51 2.55 2.59 2.64 2.7  2.79 2.83 2.85 2.9  2.9  3.07 3.13
 3.19 3.25 3.26 3.29 3.35 3.51 3.52 3.75 3.91 4.12 4.12 4.3  4.5  4.79
 4.96 5.19 5.79 5.79]
var: 1.7073049722222209
| [95m47       [0m | [95m2.542    [0m | [95m0.001248 [0m | [95m23.05    [0m | [95m0.1026   [0m |
[0.44 0.46 0.48 0.51 0.55 0.55 0.61 0.67 0.71 0.74 0.75 0.85 0.86 0.92
 0.93 0.97 1.06 1.17 1.19 1.24 1.25 1.32 1.36 1.38 1.4  1.43 1.47 1.51
 1.55 1.57 1.67 1.73 1.73 1.74 1.75 1.77 1.8  1.87 1.9  1.96 2.03 2.05
 2.21 2.32 2.4  2.53 2.55 2.58 2.65 2.73 2.74 2.74 2.82 2.89 2.93 3.1
 3.21 3.31 3.78 5.41]
var: 0.9286755555555559
| [0m48       [0m | [0m1.747    [0m | [0m0.0564   [0m | [0m23.0     [0m | [0m0.1771   [0m |
[0.15 0.39 0.58 0.73 0.73 0.75 0.77 0.77 0.88 0.93 1.09 1.1  1.19 1.2
 1.33 1.35 1.38 1.41 1.44 1.47 1.47 1.5  1.51 1.57 1.61 1.65 1.66 1.67
 1.68 1.73 1.83 1.84 1.88 1.91 1.95 2.   2.05 2.22 2.26 2.34 2.45 2.52
 2.55 2.56 2.63 2.64 2.74 2.8  2.85 3.02 3.22 3.39 3.44 3.5  3.71 3.73
 4.3  4.77 4.87 8.46]
var: 1.7689193333333333
| [0m49       [0m | [0m2.102    [0m | [0m0.01046  [0m | [0m23.07    [0m | [0m0.2419   [0m |
[0.02 0.04 0.12 0.13 0.14 0.14 0.15 0.15 0.15 0.15 0.18 0.18 0.18 0.18
 0.19 0.19 0.19 0.19 0.19 0.2  0.21 0.21 0.21 0.23 0.23 0.24 0.24 0.24
 0.25 0.25 0.25 0.25 0.26 0.26 0.27 0.27 0.28 0.3  0.32 0.32 0.35 0.35
 0.36 0.36 0.37 0.4  0.42 0.43 0.44 0.45 0.47 0.48 0.51 0.52 0.6  0.66
 0.67 0.68 1.   1.23]
var: 0.04390500000000021
| [0m50       [0m | [0m0.315    [0m | [0m0.2889   [0m | [0m46.03    [0m | [0m0.01159  [0m |
[0.62 0.63 0.67 0.68 0.69 0.71 0.76 0.78 0.81 0.81 0.82 0.83 0.87 0.9
 0.93 0.98 1.04 1.04 1.04 1.1  1.16 1.21 1.31 1.48 1.51 1.52 1.58 1.74
 1.75 1.82 1.84 1.92 1.92 1.94 1.95 1.96 1.98 2.05 2.05 2.13 2.14 2.2
 2.31 2.31 2.36 2.54 2.54 2.54 2.58 2.61 2.62 2.75 2.81 2.9  3.01 3.3
 3.86 4.05 4.92 5.45]
var: 1.0736547500000009
| [0m51       [0m | [0m1.856    [0m | [0m0.005208 [0m | [0m23.12    [0m | [0m0.1928   [0m |
[0.   0.   0.01 0.01 0.02 0.02 0.04 0.07 0.08 0.14 0.15 0.16 0.16 0.16
 0.16 0.17 0.17 0.19 0.22 0.22 0.22 0.25 0.27 0.28 0.35 0.35 0.39 0.42
 0.42 0.43 0.44 0.45 0.47 0.54 0.55 0.57 0.61 0.62 0.63 0.64 0.7  0.75
 0.77 0.79 0.83 0.89 0.93 1.03 1.06 1.09 1.12 1.14 1.16 1.23 1.26 1.41
 1.48 1.73 1.87 2.35]
var: 0.2637528888888892
| [0m52       [0m | [0m0.5773   [0m | [0m0.2143   [0m | [0m11.59    [0m | [0m1.705    [0m |
[0.04 0.04 0.08 0.09 0.1  0.25 0.28 0.32 0.35 0.37 0.41 0.52 0.53 0.54
 0.56 0.56 0.57 0.58 0.59 0.6  0.62 0.63 0.65 0.65 0.66 0.66 0.69 0.7
 0.72 0.74 0.76 0.76 0.8  0.81 0.82 0.82 0.91 0.97 1.06 1.08 1.11 1.12
 1.16 1.21 1.22 1.3  1.3  1.33 1.41 1.42 1.49 1.53 1.55 1.55 1.86 1.89
 2.17 2.39 2.53 3.04]
var: 0.3839980833333335
| [0m53       [0m | [0m0.9245   [0m | [0m0.1018   [0m | [0m23.02    [0m | [0m0.3572   [0m |
[0.54 0.57 0.6  0.62 0.69 0.7  0.7  0.77 0.83 0.85 0.86 0.87 0.91 0.92
 0.95 0.95 0.95 0.96 1.03 1.05 1.06 1.1  1.12 1.13 1.14 1.19 1.24 1.26
 1.26 1.27 1.27 1.28 1.33 1.41 1.43 1.46 1.46 1.49 1.51 1.51 1.53 1.6
 1.65 1.9  2.   2.01 2.03 2.29 2.31 2.36 2.41 2.56 2.59 2.75 2.77 2.99
 3.05 3.06 3.43 3.57]
var: 0.5905505555555558
| [0m54       [0m | [0m1.518    [0m | [0m0.0224   [0m | [0m22.96    [0m | [0m0.1797   [0m |
[0.   0.02 0.03 0.03 0.03 0.06 0.16 0.25 0.3  0.31 0.31 0.37 0.37 0.41
 0.42 0.43 0.45 0.46 0.46 0.47 0.49 0.52 0.52 0.55 0.59 0.59 0.62 0.64
 0.64 0.79 0.79 0.88 0.91 0.92 1.   1.03 1.06 1.3  1.36 1.44 1.61 1.64
 1.71 1.77 1.8  1.84 1.89 1.92 1.94 2.16 2.23 2.38 2.43 2.73 2.91 3.04
 3.26 3.28 3.94 4.38]
var: 1.0886195555555553
| [0m55       [0m | [0m1.181    [0m | [0m1e-08    [0m | [0m23.05    [0m | [0m0.1494   [0m |
[0.   0.   0.   0.02 0.03 0.04 0.04 0.06 0.06 0.06 0.06 0.06 0.07 0.08
 0.08 0.08 0.09 0.12 0.12 0.12 0.13 0.13 0.17 0.18 0.19 0.2  0.21 0.21
 0.22 0.24 0.27 0.28 0.29 0.3  0.31 0.31 0.38 0.38 0.4  0.41 0.43 0.44
 0.44 0.44 0.44 0.47 0.47 0.51 0.52 0.56 0.57 0.58 0.6  0.61 0.68 0.76
 0.8  0.86 0.9  1.04]
var: 0.06385155555555541
| [0m56       [0m | [0m0.3087   [0m | [0m0.2033   [0m | [0m33.65    [0m | [0m1.96     [0m |
[0.   0.   0.   0.01 0.02 0.04 0.05 0.05 0.06 0.07 0.08 0.08 0.12 0.15
 0.16 0.17 0.19 0.21 0.22 0.23 0.23 0.27 0.28 0.28 0.3  0.3  0.31 0.33
 0.35 0.36 0.36 0.37 0.38 0.38 0.39 0.4  0.4  0.4  0.41 0.41 0.43 0.43
 0.43 0.46 0.47 0.48 0.48 0.49 0.5  0.51 0.52 0.52 0.54 0.55 0.59 0.6
 0.64 0.73 0.79 0.96]
var: 0.04412122222222232
| [0m57       [0m | [0m0.3323   [0m | [0m0.05359  [0m | [0m27.98    [0m | [0m2.675    [0m |
[0.   0.   0.   0.   0.   0.   0.01 0.02 0.03 0.04 0.04 0.05 0.08 0.08
 0.09 0.11 0.12 0.14 0.15 0.15 0.17 0.18 0.22 0.24 0.25 0.27 0.28 0.29
 0.3  0.31 0.34 0.36 0.37 0.38 0.4  0.4  0.42 0.44 0.44 0.45 0.48 0.51
 0.52 0.6  0.62 0.62 0.64 0.65 0.68 0.68 0.69 0.7  0.74 0.75 0.81 0.86
 0.9  0.92 0.98 1.05]
var: 0.08565766666666683
| [0m58       [0m | [0m0.367    [0m | [0m0.2202   [0m | [0m31.25    [0m | [0m1.791    [0m |
[0.   0.   0.01 0.02 0.02 0.03 0.04 0.05 0.05 0.06 0.06 0.08 0.08 0.09
 0.11 0.13 0.14 0.15 0.16 0.16 0.17 0.19 0.19 0.2  0.23 0.23 0.24 0.25
 0.28 0.28 0.29 0.29 0.31 0.31 0.33 0.34 0.36 0.37 0.38 0.39 0.39 0.42
 0.43 0.44 0.46 0.46 0.47 0.48 0.49 0.5  0.5  0.53 0.54 0.7  0.89 0.95
 1.13 1.26 1.27 1.34]
var: 0.10044822222222229
| [0m59       [0m | [0m0.3453   [0m | [0m0.09884  [0m | [0m41.45    [0m | [0m1.686    [0m |
[0.34 0.49 0.5  0.52 0.53 0.54 0.56 0.57 0.57 0.63 0.67 0.68 0.69 0.72
 0.75 0.8  0.81 0.85 0.88 0.93 0.93 0.94 0.95 0.99 1.04 1.06 1.06 1.13
 1.14 1.14 1.15 1.16 1.16 1.16 1.21 1.22 1.24 1.25 1.26 1.26 1.39 1.39
 1.4  1.4  1.45 1.48 1.51 1.6  1.65 1.66 1.68 1.8  1.87 1.87 2.01 2.49
 2.56 2.58 2.98 3.  ]
var: 0.36190430555555536
| [0m60       [0m | [0m1.221    [0m | [0m0.1479   [0m | [0m29.13    [0m | [0m0.1408   [0m |
[0.45 0.57 0.62 0.65 0.66 0.71 0.8  0.87 0.89 0.97 0.97 1.03 1.06 1.08
 1.1  1.16 1.36 1.38 1.4  1.41 1.46 1.5  1.52 1.56 1.59 1.64 1.67 1.73
 1.74 1.8  1.82 1.83 1.93 1.94 1.99 2.05 2.05 2.06 2.18 2.2  2.22 2.24
 2.26 2.28 2.3  2.32 2.37 2.39 2.4  2.41 2.49 2.53 2.53 2.82 2.85 2.86
 2.94 2.98 3.2  3.49]
var: 0.5317060000000002
| [0m61       [0m | [0m1.788    [0m | [0m0.03915  [0m | [0m23.21    [0m | [0m0.1425   [0m |
[0.54 0.57 0.57 0.6  0.61 0.61 0.65 0.68 0.71 0.72 0.73 0.76 0.76 0.83
 0.86 0.92 0.93 0.94 0.96 1.   1.02 1.02 1.05 1.06 1.07 1.08 1.09 1.1
 1.12 1.14 1.14 1.17 1.21 1.27 1.27 1.31 1.31 1.38 1.4  1.51 1.55 1.56
 1.6  1.61 1.73 1.84 1.92 1.93 1.93 1.97 2.41 2.43 2.51 2.57 2.74 2.74
 2.77 3.07 3.08 3.24]
var: 0.5159003055555559
| [0m62       [0m | [0m1.398    [0m | [0m0.154    [0m | [0m29.13    [0m | [0m0.1412   [0m |
[0.59 0.65 0.68 0.73 0.73 0.77 0.82 1.01 1.14 1.3  1.52 1.53 1.56 1.63
 1.71 1.85 1.97 2.05 2.06 2.09 2.11 2.12 2.13 2.15 2.19 2.24 2.27 2.34
 2.44 2.45 2.46 2.47 2.6  2.65 2.66 2.68 2.75 2.91 2.99 2.99 3.   3.11
 3.15 3.18 3.21 3.34 3.38 3.52 3.77 3.81 3.85 3.87 3.94 4.22 4.53 4.62
 4.62 4.74 4.98 5.01]
var: 1.3656539999999988
| [95m63       [0m | [95m2.564    [0m | [95m0.006392 [0m | [95m23.05    [0m | [95m0.06329  [0m |
[0.65 0.66 0.67 0.67 0.7  0.77 0.81 0.84 0.93 0.96 1.01 1.03 1.04 1.19
 1.2  1.21 1.21 1.22 1.22 1.23 1.23 1.26 1.27 1.27 1.3  1.32 1.43 1.48
 1.49 1.63 1.64 1.66 1.69 1.8  1.85 1.87 1.97 2.05 2.11 2.17 2.19 2.32
 2.33 2.35 2.36 2.36 2.37 2.44 2.61 2.75 2.77 2.77 2.89 3.02 3.24 3.31
 3.37 3.38 4.02 4.2 ]
var: 0.7653662222222223
| [0m64       [0m | [0m1.813    [0m | [0m0.006864 [0m | [0m30.88    [0m | [0m0.1979   [0m |
[0.02 0.02 0.03 0.04 0.06 0.08 0.09 0.15 0.16 0.17 0.17 0.19 0.21 0.27
 0.27 0.28 0.29 0.29 0.34 0.36 0.37 0.38 0.38 0.4  0.42 0.43 0.43 0.44
 0.45 0.46 0.46 0.48 0.48 0.48 0.51 0.52 0.55 0.55 0.55 0.57 0.59 0.6
 0.61 0.64 0.65 0.67 0.68 0.7  0.72 0.72 0.74 0.82 0.82 0.87 0.89 1.04
 1.09 1.29 1.34 1.45]
var: 0.10238141666666661
| [0m65       [0m | [0m0.4955   [0m | [0m0.298    [0m | [0m8.691    [0m | [0m2.429    [0m |
[0.   0.01 0.01 0.02 0.05 0.1  0.11 0.14 0.2  0.22 0.23 0.26 0.26 0.27
 0.29 0.3  0.36 0.36 0.37 0.38 0.42 0.46 0.46 0.47 0.48 0.5  0.52 0.52
 0.55 0.57 0.59 0.6  0.6  0.6  0.62 0.63 0.65 0.65 0.7  0.73 0.73 0.73
 0.74 0.77 0.79 0.83 0.87 0.87 0.9  0.98 1.04 1.06 1.06 1.16 1.17 1.17
 1.18 1.21 1.24 1.4 ]
var: 0.12702066666666673
| [0m66       [0m | [0m0.586    [0m | [0m0.0747   [0m | [0m13.66    [0m | [0m1.277    [0m |
[0.44 0.45 0.53 0.53 0.55 0.55 0.57 0.72 0.72 0.79 0.82 0.9  0.91 0.94
 0.98 1.02 1.02 1.06 1.09 1.1  1.11 1.12 1.18 1.19 1.2  1.21 1.22 1.23
 1.25 1.3  1.35 1.35 1.43 1.43 1.54 1.56 1.56 1.66 1.68 1.68 1.76 1.77
 1.87 1.91 1.92 1.93 1.93 1.95 1.99 2.14 2.2  2.24 2.44 2.45 2.51 2.55
 2.56 2.57 2.71 3.07]
var: 0.4198083055555556
| [0m67       [0m | [0m1.457    [0m | [0m0.1167   [0m | [0m23.06    [0m | [0m0.1179   [0m |
[0.05 0.47 0.52 0.53 0.54 0.55 0.57 0.57 0.57 0.59 0.6  0.6  0.62 0.63
 0.68 0.68 0.72 0.74 0.76 0.81 0.81 0.87 0.88 0.9  0.91 0.93 0.96 0.98
 1.   1.05 1.07 1.07 1.08 1.12 1.12 1.16 1.17 1.19 1.23 1.27 1.34 1.37
 1.51 1.52 1.59 1.62 1.65 1.77 1.78 1.81 1.83 1.86 1.9  1.97 2.   2.12
 2.13 2.72 3.03 3.22]
var: 0.4092594166666661
| [0m68       [0m | [0m1.189    [0m | [0m0.09437  [0m | [0m23.21    [0m | [0m0.2167   [0m |
[0.52 0.78 1.08 1.14 1.16 1.16 1.28 1.52 1.55 1.57 1.61 1.62 1.62 1.66
 1.66 1.77 1.78 1.83 1.86 1.89 2.09 2.15 2.22 2.25 2.28 2.32 2.35 2.38
 2.44 2.5  2.55 2.56 2.57 2.57 2.62 2.63 2.69 2.71 2.72 2.77 2.86 2.88
 2.91 2.91 3.   3.05 3.09 3.24 3.28 3.33 3.43 3.57 3.61 3.74 3.82 3.92
 4.41 4.92 5.25 5.69]
var: 1.074914555555555
| [0m69       [0m | [0m2.522    [0m | [0m0.001969 [0m | [0m22.95    [0m | [0m0.0852   [0m |
[0.36 0.52 0.57 1.28 1.28 1.37 1.41 1.44 1.46 1.66 1.67 1.67 1.67 1.81
 1.93 1.95 2.   2.02 2.03 2.06 2.08 2.11 2.14 2.15 2.18 2.2  2.21 2.27
 2.29 2.31 2.32 2.36 2.38 2.48 2.52 2.55 2.55 2.67 2.74 2.75 2.82 3.27
 3.3  3.42 3.59 3.61 3.78 3.8  3.86 3.9  4.   4.01 4.1  4.12 4.14 4.38
 4.42 4.57 5.07 5.67]
var: 1.2880243055555558
| [95m70       [0m | [95m2.621    [0m | [95m0.02942  [0m | [95m22.95    [0m | [95m0.06036  [0m |
[0.28 0.46 0.5  0.61 0.62 0.63 0.64 0.75 0.76 0.77 0.78 0.79 0.81 0.81
 0.82 0.85 0.86 0.86 0.88 0.89 0.9  0.95 0.95 0.96 1.08 1.1  1.11 1.14
 1.18 1.18 1.19 1.22 1.23 1.25 1.26 1.29 1.29 1.29 1.29 1.3  1.33 1.34
 1.36 1.36 1.37 1.42 1.43 1.47 1.47 1.55 1.65 1.69 1.8  1.81 1.84 1.86
 1.87 1.88 1.96 3.2 ]
var: 0.2246127500000002
| [0m71       [0m | [0m1.187    [0m | [0m0.07666  [0m | [0m23.14    [0m | [0m0.02768  [0m |
[0.3  0.48 0.57 0.6  0.69 0.8  0.82 0.84 0.87 0.89 0.94 0.95 1.03 1.11
 1.16 1.17 1.19 1.19 1.23 1.26 1.36 1.46 1.47 1.52 1.57 1.58 1.64 1.66
 1.72 1.77 1.8  1.83 1.84 1.85 1.86 1.88 1.89 1.91 1.91 1.93 1.96 1.97
 2.17 2.19 2.24 2.3  2.31 2.32 2.4  2.41 2.5  2.77 2.84 2.97 3.02 3.18
 3.23 3.28 3.69 4.04]
var: 0.6711269722222221
| [0m72       [0m | [0m1.772    [0m | [0m0.02412  [0m | [0m22.92    [0m | [0m0.1003   [0m |
[0.11 0.34 0.49 0.51 0.57 0.58 0.58 0.62 0.73 0.76 0.76 0.82 0.84 0.89
 0.9  0.92 0.93 0.94 0.95 0.96 1.02 1.05 1.07 1.14 1.18 1.19 1.21 1.21
 1.21 1.22 1.24 1.25 1.25 1.27 1.27 1.29 1.33 1.34 1.36 1.36 1.41 1.41
 1.44 1.47 1.52 1.59 1.66 1.67 1.72 1.78 1.82 1.87 1.91 1.92 1.97 2.49
 2.85 2.92 3.32 3.4 ]
var: 0.43126555555555574
| [0m73       [0m | [0m1.313    [0m | [0m0.1421   [0m | [0m23.08    [0m | [0m0.2207   [0m |
[0.06 0.51 0.53 0.54 0.55 0.55 0.64 0.65 0.66 0.72 0.73 0.73 0.78 0.81
 0.87 0.94 0.97 1.08 1.12 1.13 1.13 1.15 1.16 1.17 1.18 1.19 1.2  1.2
 1.22 1.28 1.29 1.29 1.29 1.29 1.3  1.33 1.33 1.36 1.38 1.43 1.49 1.53
 1.53 1.56 1.6  1.69 1.7  1.72 1.72 1.74 1.74 1.8  1.84 1.87 1.97 2.34
 2.63 3.6  3.66 3.74]
var: 0.5013994166666672
| [0m74       [0m | [0m1.354    [0m | [0m0.07232  [0m | [0m23.09    [0m | [0m0.2284   [0m |
[0.   0.   0.   0.01 0.01 0.02 0.02 0.02 0.03 0.03 0.03 0.03 0.04 0.05
 0.05 0.06 0.07 0.07 0.09 0.11 0.11 0.12 0.15 0.16 0.16 0.16 0.17 0.18
 0.21 0.23 0.23 0.23 0.24 0.26 0.27 0.28 0.3  0.31 0.32 0.33 0.34 0.35
 0.35 0.37 0.37 0.37 0.42 0.43 0.44 0.48 0.49 0.52 0.63 0.72 0.72 0.73
 0.75 0.75 0.99 1.32]
var: 0.07236722222222215
| [0m75       [0m | [0m0.2783   [0m | [0m0.2666   [0m | [0m34.64    [0m | [0m2.166    [0m |
[0.27 0.37 0.45 0.47 0.49 0.55 0.55 0.56 0.56 0.56 0.58 0.61 0.62 0.64
 0.66 0.66 0.7  0.72 0.77 0.78 0.8  0.85 0.86 0.87 0.87 0.92 0.98 0.99
 1.   1.04 1.06 1.09 1.09 1.25 1.37 1.39 1.4  1.51 1.55 1.62 1.64 1.71
 1.75 1.78 1.8  1.86 1.94 1.95 1.96 2.03 2.14 2.21 2.22 2.25 2.36 2.41
 2.66 3.3  5.48 5.56]
var: 1.039568305555556
| [0m76       [0m | [0m1.385    [0m | [0m0.1063   [0m | [0m22.98    [0m | [0m0.2525   [0m |
[0.   0.01 0.02 0.02 0.02 0.02 0.04 0.05 0.12 0.12 0.13 0.15 0.15 0.18
 0.23 0.25 0.25 0.26 0.27 0.29 0.29 0.32 0.33 0.34 0.35 0.35 0.36 0.38
 0.38 0.4  0.42 0.42 0.46 0.47 0.48 0.48 0.51 0.52 0.52 0.55 0.57 0.58
 0.59 0.6  0.63 0.72 0.76 0.78 0.79 0.88 0.92 0.95 0.99 1.04 1.09 1.22
 1.6  1.89 2.02 2.44]
var: 0.24338363888888886
| [0m77       [0m | [0m0.5328   [0m | [0m0.07663  [0m | [0m38.28    [0m | [0m0.9687   [0m |
[0.32 0.54 0.62 0.78 0.79 0.81 0.85 0.92 1.01 1.14 1.21 1.24 1.25 1.26
 1.27 1.27 1.29 1.32 1.33 1.36 1.36 1.36 1.37 1.41 1.41 1.51 1.51 1.51
 1.52 1.55 1.61 1.69 1.7  1.73 1.74 1.81 1.84 1.87 1.88 1.88 1.89 1.91
 1.94 1.95 1.96 2.05 2.06 2.07 2.1  2.14 2.19 2.19 2.21 2.3  2.43 2.43
 2.63 3.01 3.4  3.41]
var: 0.38377163888888927
| [0m78       [0m | [0m1.652    [0m | [0m0.007749 [0m | [0m30.88    [0m | [0m0.2699   [0m |
[0.01 0.02 0.04 0.05 0.08 0.09 0.09 0.13 0.13 0.15 0.16 0.18 0.18 0.21
 0.27 0.31 0.33 0.44 0.46 0.46 0.48 0.52 0.56 0.57 0.6  0.6  0.6  0.62
 0.62 0.64 0.65 0.65 0.65 0.67 0.68 0.73 0.76 0.81 0.82 0.83 0.84 0.85
 0.89 0.94 1.   1.02 1.02 1.1  1.14 1.17 1.2  1.29 1.31 1.32 1.36 1.37
 1.89 2.09 2.46 2.6 ]
var: 0.3179727499999999
| [0m79       [0m | [0m0.7285   [0m | [0m0.03521  [0m | [0m47.28    [0m | [0m0.6489   [0m |
[0.53 0.58 0.64 0.66 0.71 0.72 0.81 0.83 0.84 0.89 1.05 1.08 1.1  1.18
 1.2  1.23 1.27 1.3  1.3  1.32 1.38 1.38 1.38 1.39 1.45 1.49 1.51 1.53
 1.54 1.55 1.56 1.58 1.6  1.61 1.62 1.68 1.71 1.72 1.79 1.8  1.82 1.88
 1.93 1.96 2.36 2.37 2.38 2.4  2.42 2.44 2.61 2.89 2.92 2.92 2.96 3.14
 3.24 3.55 3.72 4.61]
var: 0.7185614166666665
| [0m80       [0m | [0m1.751    [0m | [0m0.05584  [0m | [0m23.03    [0m | [0m0.1138   [0m |
=============================================================
None
num_trials:  40  inits,  40  iters,  60  per
rho:  2
pthin:  0.90

Best VPT: 2.620833333333335
Best result: {'a': 0.029417700976331035, 'g': 22.948860166119765, 's': 0.06035528039007406}

KERNEL: nu=1.5, lengthscale=2.0, alpha=0.0005
