|   iter    |  target   |     a     |     g     |     s     |
-------------------------------------------------------------
[0.08 0.18 0.23 0.25 0.38 0.41 0.41 0.46 0.54 0.56 0.58 0.67 0.7  0.74
 0.78 0.8  0.81 0.83 0.89 0.93 0.97 1.02 1.08 1.09 1.15 1.16 1.2  1.21
 1.24 1.44 1.44 1.46 1.48 1.56 1.58 1.63 1.66 1.67 1.73 1.84 1.85 1.91
 1.94 1.96 2.03 2.06 2.07 2.17 2.18 2.23 2.39 2.95 2.96 3.17 3.66 3.75
 4.43]
var: 0.8677969221298861
| [0m1        [0m | [0m1.448    [0m | [0m0.1557   [0m | [0m4.069    [0m | [0m0.8718   [0m |
[0.16 0.45 0.71 0.73 0.79 0.93 1.03 1.03 1.06 1.07 1.12 1.2  1.2  1.2
 1.23 1.24 1.24 1.29 1.31 1.31 1.32 1.33 1.42 1.42 1.45 1.47 1.6  1.66
 1.72 1.8  1.84 1.93 2.01 2.1  2.17 2.22 2.37 2.38 2.41 2.47 2.54 2.58
 2.63 2.68 2.69 2.71 2.72 2.75 3.43 3.43 3.45 3.62 3.64 4.23 4.39 4.4
 5.38 6.24]
var: 1.466217835909631
| [95m2        [0m | [95m2.084    [0m | [95m0.09182  [0m | [95m5.013    [0m | [95m0.1327   [0m |
[0.   0.04 0.1  0.1  0.13 0.14 0.15 0.15 0.19 0.22 0.24 0.31 0.32 0.33
 0.35 0.38 0.44 0.49 0.5  0.56 0.65 0.76 0.79 0.79 0.85 0.86 0.87 0.91
 0.92 1.01 1.07 1.14 1.14 1.14 1.16 1.18 1.21 1.28 1.3  1.33 1.38 1.38
 1.39 1.49 1.51 1.59 1.62 1.7  1.73 1.74 1.85 1.88 1.89 1.94 2.36 2.36
 2.74 3.85]
var: 0.578026872770512
| [0m3        [0m | [0m1.033    [0m | [0m0.04952  [0m | [0m23.98    [0m | [0m0.5674   [0m |
[0.   0.01 0.02 0.02 0.02 0.02 0.02 0.03 0.04 0.06 0.07 0.08 0.08 0.08
 0.09 0.1  0.11 0.11 0.15 0.17 0.18 0.21 0.22 0.23 0.23 0.26 0.29 0.3
 0.3  0.32 0.34 0.36 0.37 0.37 0.38 0.41 0.41 0.41 0.44 0.46 0.48 0.49
 0.5  0.51 0.52 0.52 0.56 0.68 0.7  0.78 0.85 0.93 1.11 1.12 1.17 3.84]
var: 0.30149282525510224
| [0m4        [0m | [0m0.4023   [0m | [0m0.02539  [0m | [0m28.65    [0m | [0m2.844    [0m |
[0.   0.   0.05 0.08 0.1  0.11 0.11 0.15 0.17 0.19 0.2  0.2  0.21 0.26
 0.28 0.28 0.3  0.31 0.32 0.33 0.33 0.36 0.36 0.37 0.37 0.38 0.38 0.41
 0.41 0.44 0.45 0.47 0.49 0.49 0.5  0.51 0.58 0.66 0.67 0.7  0.75 0.75
 0.76 0.79 0.82 0.85 0.87 0.88 0.92 0.96 1.   1.04 1.12 1.41 1.46 1.57]
var: 0.13317241709183675
| [0m5        [0m | [0m0.5166   [0m | [0m0.2261   [0m | [0m0.763    [0m | [0m2.379    [0m |
[0.   0.   0.   0.01 0.01 0.01 0.02 0.03 0.03 0.04 0.04 0.05 0.05 0.06
 0.06 0.07 0.07 0.08 0.08 0.1  0.12 0.12 0.14 0.15 0.15 0.16 0.16 0.17
 0.17 0.2  0.23 0.23 0.24 0.24 0.24 0.26 0.26 0.26 0.27 0.29 0.3  0.31
 0.36 0.36 0.38 0.4  0.41 0.42 0.43 0.45 0.46 0.48 0.48 0.49 0.52 0.55
 0.74 0.91]
var: 0.03818953626634989
| [0m6        [0m | [0m0.2297   [0m | [0m0.2146   [0m | [0m42.53    [0m | [0m2.793    [0m |
[0.   0.   0.   0.   0.   0.   0.01 0.02 0.02 0.05 0.07 0.07 0.09 0.09
 0.11 0.11 0.13 0.14 0.15 0.15 0.15 0.16 0.18 0.19 0.2  0.2  0.2  0.2
 0.21 0.24 0.26 0.28 0.28 0.32 0.35 0.35 0.36 0.37 0.37 0.4  0.4  0.41
 0.42 0.42 0.43 0.44 0.46 0.46 0.47 0.48 0.48 0.5  0.54 0.58 0.64 0.71
 0.92 1.13]
var: 0.05357945897740785
| [0m7        [0m | [0m0.2822   [0m | [0m0.02806  [0m | [0m49.76    [0m | [0m2.039    [0m |
[0.   0.   0.   0.01 0.01 0.01 0.04 0.04 0.07 0.1  0.1  0.1  0.11 0.12
 0.16 0.17 0.2  0.24 0.25 0.25 0.25 0.27 0.27 0.27 0.29 0.29 0.3  0.31
 0.31 0.32 0.34 0.35 0.36 0.36 0.38 0.4  0.43 0.46 0.46 0.46 0.47 0.49
 0.51 0.51 0.56 0.61 0.62 0.63 0.65 0.65 0.7  0.74 0.84 0.88 0.9  0.97
 1.   1.07 1.41]
var: 0.09273455903476027
| [0m8        [0m | [0m0.391    [0m | [0m0.2948   [0m | [0m32.69    [0m | [0m2.844    [0m |
[0.07 0.11 0.16 0.17 0.3  0.32 0.38 0.57 0.59 0.71 0.72 0.78 0.86 1.03
 1.07 1.09 1.14 1.15 1.28 1.29 1.31 1.37 1.45 1.48 1.49 1.5  1.53 1.55
 1.65 1.7  1.71 1.79 1.82 1.82 1.9  1.93 1.96 2.08 2.1  2.1  2.1  2.11
 2.18 2.27 2.31 2.38 2.53 2.67 2.71 2.77 2.99 3.01 3.16 3.45 3.51 5.35]
var: 0.9909267538265306
| [0m9        [0m | [0m1.67     [0m | [0m0.1749   [0m | [0m15.32    [0m | [0m0.466    [0m |
[0.   0.   0.   0.01 0.01 0.02 0.03 0.03 0.03 0.03 0.05 0.06 0.06 0.07
 0.08 0.08 0.08 0.08 0.08 0.09 0.11 0.12 0.15 0.16 0.19 0.19 0.23 0.26
 0.26 0.28 0.3  0.32 0.32 0.33 0.35 0.39 0.43 0.44 0.44 0.46 0.47 0.48
 0.52 0.56 0.59 0.59 0.6  0.62 0.63 0.63 0.63 0.67 0.77 0.84 1.03 1.2
 1.27 1.31]
var: 0.10794557074910871
| [0m10       [0m | [0m0.3453   [0m | [0m0.2901   [0m | [0m46.52    [0m | [0m2.057    [0m |
[0.   0.   0.01 0.03 0.04 0.04 0.05 0.06 0.06 0.08 0.08 0.09 0.1  0.11
 0.11 0.11 0.14 0.14 0.14 0.14 0.14 0.14 0.15 0.15 0.16 0.18 0.19 0.21
 0.22 0.23 0.24 0.24 0.26 0.26 0.28 0.28 0.29 0.3  0.32 0.33 0.33 0.33
 0.37 0.38 0.39 0.41 0.42 0.42 0.45 0.46 0.47 0.5  0.56 0.59 0.63 0.72
 0.73 0.81 1.17]
var: 0.05080798621085916
| [0m11       [0m | [0m0.2753   [0m | [0m0.0678   [0m | [0m30.66    [0m | [0m2.8      [0m |
[0.07 0.11 0.13 0.15 0.15 0.18 0.28 0.31 0.38 0.42 0.5  0.55 0.57 0.59
 0.59 0.6  0.62 0.63 0.65 0.65 0.71 0.71 0.75 0.8  0.84 0.84 0.96 0.96
 0.99 1.13 1.14 1.15 1.16 1.17 1.22 1.23 1.26 1.29 1.29 1.29 1.31 1.35
 1.39 1.42 1.42 1.48 1.49 1.58 1.64 1.72 1.82 2.07 2.3  2.73 2.74 2.77
 2.82 3.93]
var: 0.6023788347205712
| [0m12       [0m | [0m1.121    [0m | [0m0.2399   [0m | [0m19.69    [0m | [0m1.213    [0m |
[0.   0.   0.02 0.05 0.05 0.05 0.07 0.08 0.08 0.08 0.09 0.09 0.1  0.12
 0.14 0.15 0.16 0.21 0.21 0.22 0.22 0.23 0.23 0.24 0.24 0.28 0.29 0.31
 0.33 0.34 0.36 0.39 0.42 0.44 0.45 0.46 0.47 0.47 0.49 0.5  0.5  0.53
 0.53 0.53 0.55 0.6  0.62 0.62 0.72 0.73 0.73 0.79 0.8  0.93 1.09 1.13
 2.35]
var: 0.14153838104032015
| [0m13       [0m | [0m0.4014   [0m | [0m0.03234  [0m | [0m25.63    [0m | [0m2.627    [0m |
[0.   0.   0.   0.01 0.04 0.06 0.06 0.07 0.07 0.08 0.08 0.09 0.11 0.11
 0.12 0.13 0.15 0.17 0.18 0.18 0.21 0.21 0.21 0.22 0.22 0.22 0.23 0.26
 0.28 0.33 0.34 0.35 0.36 0.38 0.39 0.41 0.42 0.43 0.46 0.48 0.48 0.48
 0.52 0.52 0.57 0.6  0.63 0.63 0.66 0.73 0.8  0.85 0.87 0.99 1.01 1.11
 1.14 1.2  1.79]
var: 0.1297666187877049
| [0m14       [0m | [0m0.4017   [0m | [0m0.2701   [0m | [0m1.131    [0m | [0m2.501    [0m |
[0.15 0.36 0.47 0.6  0.72 0.77 0.84 0.96 1.03 1.06 1.22 1.36 1.6  1.6
 1.62 1.62 1.63 1.63 1.65 1.67 1.68 1.72 1.73 1.76 1.77 1.86 1.96 2.04
 2.06 2.08 2.11 2.2  2.25 2.26 2.29 2.31 2.45 2.48 2.48 2.5  2.6  2.64
 2.73 2.8  2.81 2.82 2.82 2.83 2.91 2.94 3.03 3.05 3.25 3.39 3.7  3.71
 3.78 3.79 4.  ]
var: 0.8333600114909515
| [95m15       [0m | [95m2.104    [0m | [95m0.2289   [0m | [95m8.461    [0m | [95m0.09929  [0m |
[0.2  0.29 0.5  0.56 0.65 0.68 0.71 0.75 0.76 0.86 0.87 0.92 1.06 1.07
 1.1  1.16 1.27 1.33 1.39 1.43 1.51 1.52 1.54 1.54 1.72 1.73 1.74 1.77
 1.91 1.98 2.03 2.08 2.18 2.28 2.39 2.44 2.54 2.58 2.68 2.83 2.88 2.9
 2.95 2.98 3.06 3.13 3.14 3.18 3.2  3.38 3.49 3.58 4.18 4.27 4.38 5.5 ]
var: 1.3429474170918374
| [0m16       [0m | [0m2.049    [0m | [0m0.2557   [0m | [0m6.785    [0m | [0m0.1987   [0m |
[0.13 0.29 0.31 0.33 0.33 0.4  0.53 0.61 0.64 0.68 1.   1.   1.   1.02
 1.17 1.18 1.22 1.22 1.23 1.24 1.29 1.33 1.41 1.42 1.47 1.48 1.48 1.49
 1.52 1.64 1.76 1.82 1.86 1.97 2.01 2.19 2.24 2.25 2.27 2.28 2.52 2.52
 2.75 2.86 2.87 3.01 3.02 3.02 3.09 3.35 3.54 4.07 4.1  4.41 4.5  5.33
 6.17]
var: 1.6936517082179139
| [0m17       [0m | [0m1.962    [0m | [0m0.04125  [0m | [0m10.9     [0m | [0m0.548    [0m |
[0.06 0.08 0.09 0.11 0.16 0.18 0.2  0.21 0.32 0.36 0.37 0.43 0.49 0.5
 0.5  0.51 0.53 0.53 0.61 0.66 0.68 0.7  0.7  0.8  0.8  0.83 0.88 0.91
 0.92 0.93 0.95 0.95 0.97 1.01 1.12 1.23 1.26 1.29 1.3  1.37 1.38 1.57
 1.59 1.75 1.8  1.82 1.83 1.94 1.98 2.04 2.07 2.14 2.26 2.69 2.72 2.82
 2.83 3.16 3.19]
var: 0.6957932777937368
| [0m18       [0m | [0m1.154    [0m | [0m0.15     [0m | [0m6.747    [0m | [0m1.353    [0m |
[0.07 0.08 0.08 0.09 0.12 0.12 0.13 0.16 0.22 0.26 0.27 0.28 0.28 0.32
 0.33 0.34 0.37 0.45 0.46 0.47 0.48 0.5  0.51 0.51 0.59 0.6  0.61 0.63
 0.64 0.66 0.67 0.7  0.71 0.72 0.73 0.73 0.73 0.74 0.76 0.76 0.98 0.99
 1.05 1.12 1.22 1.45 1.6  1.63 1.64 1.78 1.88 2.   2.22 2.44 2.56 2.59
 2.98 3.23]
var: 0.6002432818073729
| [0m19       [0m | [0m0.8834   [0m | [0m0.212    [0m | [0m4.471    [0m | [0m2.072    [0m |
[0.   0.   0.02 0.02 0.03 0.03 0.03 0.06 0.08 0.08 0.1  0.11 0.11 0.11
 0.13 0.14 0.15 0.18 0.2  0.21 0.22 0.22 0.23 0.26 0.28 0.28 0.3  0.3
 0.32 0.32 0.33 0.35 0.4  0.43 0.44 0.44 0.48 0.48 0.5  0.51 0.53 0.53
 0.53 0.54 0.56 0.59 0.59 0.64 0.66 0.73 0.87 0.96 1.01 1.15 1.25 1.31
 1.75]
var: 0.13112323791935973
| [0m20       [0m | [0m0.4049   [0m | [0m0.2239   [0m | [0m47.73    [0m | [0m1.252    [0m |
[0.38 0.39 0.42 0.43 0.52 0.53 0.6  0.63 0.64 0.66 0.67 0.7  0.76 0.8
 0.8  0.87 0.89 0.92 1.05 1.07 1.15 1.19 1.22 1.27 1.28 1.28 1.29 1.3
 1.32 1.39 1.42 1.43 1.45 1.45 1.48 1.5  1.56 1.62 1.63 1.65 1.69 1.76
 1.86 1.99 2.02 2.05 2.08 2.17 2.24 2.32 2.43 2.54 2.65 2.65 2.92 3.44
 3.44 4.18 4.34]
var: 0.7980456765297319
| [0m21       [0m | [0m1.532    [0m | [0m0.1957   [0m | [0m3.87     [0m | [0m0.6519   [0m |
[0.   0.01 0.01 0.03 0.04 0.04 0.05 0.06 0.06 0.07 0.09 0.1  0.11 0.12
 0.12 0.13 0.14 0.15 0.16 0.17 0.2  0.22 0.23 0.26 0.29 0.29 0.3  0.3
 0.36 0.4  0.4  0.41 0.42 0.45 0.47 0.47 0.5  0.51 0.54 0.54 0.55 0.55
 0.56 0.58 0.6  0.64 0.64 0.65 0.68 0.73 0.74 0.82 0.92 1.08 1.14 1.2
 1.58 1.82]
var: 0.14473460166468485
| [0m22       [0m | [0m0.4259   [0m | [0m0.2818   [0m | [0m28.88    [0m | [0m2.412    [0m |
[0.01 0.09 0.09 0.1  0.1  0.11 0.11 0.14 0.14 0.15 0.18 0.18 0.2  0.21
 0.21 0.26 0.27 0.28 0.31 0.31 0.35 0.36 0.36 0.38 0.39 0.42 0.44 0.44
 0.45 0.46 0.47 0.49 0.5  0.54 0.56 0.56 0.56 0.58 0.63 0.63 0.64 0.67
 0.67 0.75 0.78 0.81 0.84 0.91 0.92 0.93 0.95 0.98 1.01 1.07 1.11 1.12
 1.15 1.23 1.58]
var: 0.12281039931054294
| [0m23       [0m | [0m0.5278   [0m | [0m0.05724  [0m | [0m15.88    [0m | [0m2.585    [0m |
[0.14 0.15 0.2  0.22 0.23 0.24 0.26 0.27 0.33 0.34 0.45 0.46 0.46 0.46
 0.48 0.48 0.49 0.52 0.54 0.56 0.57 0.59 0.67 0.68 0.79 0.81 0.82 0.83
 0.97 0.98 1.   1.07 1.12 1.17 1.17 1.26 1.26 1.29 1.38 1.39 1.46 1.48
 1.5  1.57 1.79 1.83 2.01 2.01 2.09 2.1  2.11 2.67 2.69 3.08 3.33]
var: 0.5980924297520652
| [0m24       [0m | [0m1.069    [0m | [0m0.2168   [0m | [0m18.23    [0m | [0m1.156    [0m |
[0.   0.01 0.01 0.04 0.05 0.06 0.06 0.07 0.08 0.08 0.08 0.08 0.1  0.11
 0.12 0.13 0.13 0.14 0.14 0.15 0.15 0.17 0.22 0.24 0.24 0.25 0.25 0.29
 0.3  0.31 0.31 0.32 0.34 0.34 0.36 0.39 0.39 0.39 0.39 0.44 0.44 0.44
 0.47 0.49 0.49 0.53 0.55 0.59 0.66 0.68 0.71 0.71 0.72 0.76 0.82 0.82
 0.88 1.02 2.63]
var: 0.15145544383797793
| [0m25       [0m | [0m0.3753   [0m | [0m0.1547   [0m | [0m30.74    [0m | [0m2.906    [0m |
[0.05 0.06 0.06 0.11 0.11 0.13 0.15 0.23 0.26 0.29 0.32 0.32 0.47 0.49
 0.51 0.62 0.65 0.66 0.67 0.68 0.72 0.72 0.74 0.79 0.8  0.83 0.89 0.91
 0.96 0.98 0.98 0.99 1.06 1.07 1.13 1.22 1.22 1.25 1.28 1.28 1.33 1.51
 1.51 1.59 1.63 1.7  1.9  2.   2.05 2.07 2.22 2.26 2.4  2.8  3.24 3.72
 3.85]
var: 0.7744576177285318
| [0m26       [0m | [0m1.131    [0m | [0m0.01062  [0m | [0m42.77    [0m | [0m0.5541   [0m |
[0.27 0.28 0.31 0.31 0.35 0.42 0.47 0.53 0.62 0.78 0.86 0.95 1.01 1.07
 1.15 1.2  1.24 1.24 1.27 1.29 1.29 1.38 1.4  1.46 1.48 1.51 1.52 1.57
 1.61 1.61 1.69 1.7  1.7  1.7  1.74 1.8  1.83 1.83 1.84 1.91 1.91 1.91
 1.93 1.94 2.15 2.45 2.62 2.89 2.98 3.   3.02 3.21 3.67 3.97 4.19 4.33
 4.75]
var: 1.0942598953524156
| [0m27       [0m | [0m1.739    [0m | [0m0.267    [0m | [0m8.662    [0m | [0m0.8154   [0m |
[0.07 0.09 0.14 0.15 0.19 0.19 0.19 0.32 0.32 0.33 0.37 0.37 0.38 0.4
 0.41 0.48 0.5  0.54 0.55 0.62 0.62 0.65 0.66 0.7  0.7  0.71 0.74 0.76
 0.77 0.78 0.78 0.99 1.   1.   1.01 1.14 1.16 1.2  1.24 1.27 1.28 1.32
 1.33 1.34 1.38 1.4  1.48 1.49 1.57 1.85 1.94 2.2  2.2  2.65 3.01 3.07]
var: 0.4922673469387758
| [0m28       [0m | [0m0.9643   [0m | [0m0.2472   [0m | [0m9.917    [0m | [0m2.146    [0m |
[0.   0.02 0.05 0.09 0.1  0.1  0.11 0.13 0.14 0.19 0.25 0.25 0.26 0.27
 0.3  0.31 0.32 0.33 0.4  0.41 0.44 0.45 0.45 0.46 0.47 0.47 0.49 0.5
 0.65 0.67 0.73 0.74 0.77 0.79 0.8  0.86 0.88 0.89 0.9  0.93 0.94 0.97
 0.97 1.09 1.11 1.12 1.15 1.17 1.21 1.23 1.34 1.45 1.57 1.66 1.87 2.14
 2.65 3.22]
var: 0.40696400118906007
| [0m29       [0m | [0m0.7626   [0m | [0m0.1176   [0m | [0m19.41    [0m | [0m1.706    [0m |
[0.   0.05 0.06 0.07 0.1  0.1  0.12 0.12 0.18 0.22 0.24 0.26 0.27 0.28
 0.28 0.29 0.32 0.32 0.34 0.36 0.36 0.38 0.43 0.44 0.48 0.49 0.49 0.54
 0.54 0.54 0.55 0.57 0.58 0.58 0.59 0.6  0.61 0.63 0.63 0.7  0.76 0.87
 0.92 0.94 0.95 0.97 0.98 1.1  1.27 1.27 1.33 1.47 1.73 2.09 2.82]
var: 0.27704879338843
| [0m30       [0m | [0m0.6215   [0m | [0m0.2616   [0m | [0m14.84    [0m | [0m2.692    [0m |
[0.03 0.07 0.11 0.13 0.15 0.17 0.17 0.2  0.21 0.22 0.26 0.27 0.29 0.34
 0.42 0.46 0.46 0.47 0.47 0.5  0.52 0.52 0.53 0.53 0.56 0.58 0.59 0.61
 0.61 0.67 0.68 0.68 0.69 0.72 0.72 0.73 0.74 0.74 0.76 0.84 0.88 0.91
 0.94 0.97 1.04 1.16 1.16 1.17 1.26 1.32 1.35 1.49 1.62 1.82 2.23 2.52
 5.54]
var: 0.6598999692212989
| [0m31       [0m | [0m0.8035   [0m | [0m0.02592  [0m | [0m5.067    [0m | [0m1.981    [0m |
[0.   0.   0.   0.   0.   0.   0.01 0.01 0.01 0.02 0.03 0.04 0.06 0.07
 0.08 0.1  0.1  0.15 0.16 0.16 0.16 0.17 0.18 0.18 0.19 0.19 0.2  0.2
 0.21 0.21 0.24 0.26 0.26 0.28 0.29 0.31 0.31 0.33 0.35 0.35 0.36 0.38
 0.4  0.4  0.42 0.43 0.43 0.45 0.48 0.49 0.5  0.52 0.55 0.57 0.61 0.69
 0.71 0.76 0.8 ]
var: 0.04511686297041092
| [0m32       [0m | [0m0.2681   [0m | [0m0.2864   [0m | [0m44.39    [0m | [0m2.439    [0m |
[0.01 0.05 0.07 0.09 0.1  0.11 0.22 0.22 0.23 0.24 0.26 0.26 0.27 0.29
 0.33 0.35 0.35 0.37 0.38 0.39 0.39 0.4  0.4  0.43 0.46 0.51 0.53 0.54
 0.54 0.55 0.57 0.58 0.58 0.6  0.61 0.61 0.63 0.69 0.76 0.94 0.99 1.
 1.03 1.05 1.12 1.21 1.22 1.36 1.43 1.62 1.62 1.68 1.74 1.76 2.02 2.32
 2.47 2.88]
var: 0.41931703329369785
| [0m33       [0m | [0m0.766    [0m | [0m0.1795   [0m | [0m27.15    [0m | [0m1.637    [0m |
[0.05 0.09 0.19 0.32 0.35 0.37 0.52 0.55 0.55 0.57 0.59 0.62 0.62 0.64
 0.73 0.73 0.76 0.8  0.83 0.83 0.94 0.96 1.   1.01 1.03 1.04 1.08 1.13
 1.15 1.16 1.2  1.29 1.3  1.31 1.32 1.37 1.37 1.43 1.43 1.43 1.59 1.6
 1.62 1.62 1.67 1.68 1.82 1.83 1.84 1.84 1.86 1.86 1.87 2.01 2.03 2.06
 2.07 2.12]
var: 0.3119299940546963
| [0m34       [0m | [0m1.166    [0m | [0m0.05679  [0m | [0m8.294    [0m | [0m1.457    [0m |
[0.   0.   0.   0.   0.03 0.03 0.03 0.05 0.05 0.05 0.06 0.06 0.08 0.11
 0.11 0.12 0.14 0.15 0.16 0.17 0.19 0.19 0.2  0.23 0.24 0.24 0.25 0.25
 0.25 0.26 0.27 0.27 0.27 0.3  0.3  0.31 0.32 0.33 0.34 0.36 0.36 0.37
 0.38 0.38 0.38 0.39 0.41 0.43 0.43 0.44 0.47 0.47 0.48 0.53 0.54 0.57
 0.67 0.69]
var: 0.030363614744351872
| [0m35       [0m | [0m0.2614   [0m | [0m0.2467   [0m | [0m41.87    [0m | [0m2.804    [0m |
[0.05 0.06 0.06 0.08 0.09 0.12 0.13 0.16 0.16 0.17 0.17 0.21 0.22 0.23
 0.28 0.3  0.3  0.31 0.35 0.35 0.36 0.4  0.4  0.42 0.44 0.44 0.45 0.46
 0.5  0.56 0.58 0.58 0.59 0.61 0.63 0.64 0.66 0.67 0.69 0.72 0.74 0.76
 0.82 0.89 0.92 0.93 0.99 1.03 1.07 1.15 1.16 1.22 1.29 1.31 1.35 1.41
 1.5  1.64]
var: 0.17063091557669416
| [0m36       [0m | [0m0.5997   [0m | [0m0.0437   [0m | [0m9.485    [0m | [0m2.688    [0m |
[0.06 0.11 0.15 0.2  0.21 0.23 0.24 0.24 0.25 0.26 0.32 0.32 0.33 0.39
 0.42 0.47 0.48 0.52 0.59 0.61 0.61 0.64 0.68 0.74 0.75 0.77 0.8  0.8
 0.81 0.83 0.87 0.87 0.88 0.9  0.99 1.02 1.09 1.1  1.11 1.12 1.21 1.24
 1.24 1.32 1.42 1.44 1.57 1.57 1.62 1.78 1.93 1.96 2.41 2.51 2.83 3.02
 3.41]
var: 0.5627507540781779
| [0m37       [0m | [0m0.987    [0m | [0m0.2098   [0m | [0m29.62    [0m | [0m0.67     [0m |
[0.03 0.06 0.07 0.1  0.1  0.19 0.22 0.25 0.27 0.28 0.3  0.32 0.34 0.37
 0.44 0.47 0.5  0.52 0.52 0.53 0.53 0.55 0.56 0.6  0.64 0.65 0.67 0.69
 0.71 0.73 0.73 0.79 0.83 0.86 0.91 0.97 1.   1.02 1.06 1.06 1.06 1.1
 1.13 1.14 1.14 1.16 1.21 1.33 1.4  1.4  1.48 1.52 1.57 1.72 1.73 1.79
 1.84 2.16]
var: 0.2625173602853748
| [0m38       [0m | [0m0.8159   [0m | [0m0.291    [0m | [0m12.56    [0m | [0m1.779    [0m |
[0.02 0.04 0.04 0.05 0.06 0.07 0.07 0.09 0.1  0.11 0.12 0.13 0.14 0.16
 0.24 0.27 0.29 0.3  0.3  0.37 0.42 0.44 0.46 0.47 0.47 0.49 0.5  0.5
 0.52 0.54 0.54 0.54 0.56 0.64 0.65 0.68 0.71 0.76 0.76 0.77 0.79 0.81
 0.84 0.87 0.89 0.92 0.94 0.98 1.01 1.09 1.13 1.16 1.3  1.32 1.34 1.4
 1.56 1.68 1.81]
var: 0.20262752082734856
| [0m39       [0m | [0m0.6141   [0m | [0m0.179    [0m | [0m13.83    [0m | [0m2.596    [0m |
[0.08 0.1  0.12 0.14 0.3  0.32 0.34 0.35 0.35 0.36 0.37 0.44 0.52 0.54
 0.54 0.56 0.57 0.58 0.63 0.65 0.65 0.73 0.75 0.76 0.77 0.77 0.82 0.87
 0.9  0.92 0.93 0.93 0.95 1.06 1.07 1.1  1.14 1.17 1.19 1.2  1.22 1.26
 1.26 1.34 1.35 1.36 1.45 1.51 1.7  1.79 2.   2.02 2.22 2.29 2.3  2.48
 3.09 3.19 4.52]
var: 0.6915542085607592
| [0m40       [0m | [0m1.1      [0m | [0m0.04362  [0m | [0m31.31    [0m | [0m0.6362   [0m |
[0.   0.   0.   0.   0.   0.   0.   0.01 0.01 0.02 0.02 0.02 0.03 0.03
 0.03 0.03 0.03 0.04 0.05 0.06 0.06 0.06 0.07 0.07 0.08 0.08 0.08 0.08
 0.09 0.09 0.1  0.1  0.1  0.11 0.12 0.13 0.14 0.14 0.14 0.17 0.18 0.19
 0.19 0.21 0.21 0.24 0.26 0.26 0.26 0.3  0.3  0.32 0.35 0.38 0.41 0.43
 0.59]
var: 0.016809418282548557
| [0m41       [0m | [0m0.1311   [0m | [0m0.3      [0m | [0m9.898    [0m | [0m0.001    [0m |
[0.7  0.84 0.86 0.93 1.02 1.1  1.29 1.38 1.4  1.44 1.46 1.48 1.58 1.61
 1.66 1.87 1.92 1.95 2.   2.1  2.21 2.22 2.29 2.34 2.55 2.62 2.62 2.65
 2.69 2.9  2.95 3.28 3.3  3.31 3.47 3.55 3.78 3.83 3.95 4.22 4.25 4.3
 4.34 4.36 4.43 4.46 4.67 4.97 5.08 5.1  5.37 5.43 5.81 5.83 5.91 7.02]
var: 2.472419610969388
| [95m42       [0m | [95m3.047    [0m | [95m0.01558  [0m | [95m7.665    [0m | [95m0.07496  [0m |
[0.58 0.79 0.88 0.96 0.99 1.06 1.23 1.27 1.29 1.29 1.3  1.39 1.51 1.69
 1.72 1.8  1.86 1.99 2.03 2.12 2.14 2.15 2.2  2.26 2.28 2.29 2.36 2.37
 2.41 2.44 2.48 2.51 2.52 2.58 2.66 2.67 2.67 2.68 2.7  2.82 2.83 2.85
 3.04 3.17 3.37 3.41 3.54 3.57 3.68 3.81 3.85 3.89 3.97 4.92 5.5  6.23
 6.57]
var: 1.5487916897506926
| [0m43       [0m | [0m2.546    [0m | [0m0.09619  [0m | [0m7.735    [0m | [0m0.3888   [0m |
[0.   0.   0.   0.   0.   0.   0.   0.   0.01 0.01 0.01 0.01 0.02 0.03
 0.03 0.03 0.05 0.05 0.05 0.06 0.07 0.08 0.08 0.09 0.09 0.09 0.1  0.1
 0.11 0.11 0.11 0.12 0.12 0.12 0.12 0.12 0.13 0.14 0.14 0.14 0.15 0.15
 0.15 0.16 0.16 0.16 0.17 0.17 0.18 0.19 0.19 0.19 0.2  0.21 0.22 0.23
 0.25 0.32]
var: 0.005777199762187876
| [0m44       [0m | [0m0.1033   [0m | [0m1e-08    [0m | [0m7.89     [0m | [0m0.001    [0m |
[0.01 0.04 0.09 0.1  0.13 0.18 0.23 0.24 0.27 0.3  0.36 0.38 0.38 0.4
 0.42 0.45 0.46 0.47 0.49 0.65 0.66 0.66 0.69 0.7  0.71 0.71 0.74 0.77
 0.79 0.83 0.87 0.89 0.93 0.93 0.95 0.98 1.03 1.03 1.03 1.05 1.1  1.14
 1.14 1.23 1.29 1.31 1.31 1.53 1.78 1.91 1.93 1.93 2.18 2.23 2.24 2.31
 3.16 3.24]
var: 0.5296008323424498
| [0m45       [0m | [0m0.9648   [0m | [0m0.1796   [0m | [0m6.771    [0m | [0m1.329    [0m |
[0.1  0.35 0.61 0.66 0.7  0.72 0.82 0.82 0.82 0.83 0.88 0.9  0.91 0.92
 0.94 0.94 0.97 1.02 1.09 1.12 1.18 1.19 1.21 1.22 1.23 1.23 1.33 1.34
 1.38 1.45 1.53 1.7  1.74 1.78 1.87 1.87 1.96 2.   2.06 2.14 2.17 2.29
 2.33 2.34 2.41 2.42 2.47 2.48 2.49 2.53 2.59 2.75 2.82 2.96 2.99 3.09
 3.76 4.41]
var: 0.7642255945303217
| [0m46       [0m | [0m1.669    [0m | [0m0.1912   [0m | [0m15.35    [0m | [0m0.4483   [0m |
[0.   0.   0.01 0.01 0.02 0.04 0.04 0.05 0.06 0.11 0.11 0.12 0.13 0.14
 0.15 0.18 0.2  0.21 0.21 0.21 0.22 0.23 0.25 0.26 0.27 0.31 0.34 0.37
 0.38 0.38 0.4  0.4  0.44 0.45 0.45 0.45 0.46 0.47 0.51 0.52 0.53 0.53
 0.54 0.56 0.57 0.57 0.62 0.63 0.65 0.72 0.73 0.82 1.02 1.03 1.08 1.15
 1.41 1.72]
var: 0.126215338882283
| [0m47       [0m | [0m0.4214   [0m | [0m0.1085   [0m | [0m34.59    [0m | [0m2.05     [0m |
[0.28 0.63 0.78 0.95 1.06 1.11 1.25 1.29 1.35 1.41 1.48 1.6  1.71 1.77
 1.83 1.85 1.9  1.97 1.97 2.07 2.1  2.14 2.15 2.21 2.38 2.41 2.57 2.74
 2.76 2.76 2.82 2.85 2.97 3.   3.01 3.05 3.07 3.09 3.12 3.26 3.37 3.39
 3.4  3.4  3.42 3.47 3.47 3.56 3.63 3.69 3.74 3.81 3.83 3.85 3.96 4.29
 4.7  4.83 5.18 6.48]
var: 1.4105683055555551
| [0m48       [0m | [0m2.703    [0m | [0m0.02297  [0m | [0m7.558    [0m | [0m0.0811   [0m |
[0.37 0.45 0.46 0.49 0.65 0.72 0.79 0.83 0.84 1.09 1.25 1.27 1.43 1.5
 1.51 1.57 1.68 1.71 1.8  1.82 1.84 1.88 1.91 1.92 1.98 2.03 2.07 2.07
 2.1  2.12 2.18 2.26 2.32 2.57 2.6  2.65 2.72 2.78 2.91 2.94 3.03 3.13
 3.23 3.23 3.28 3.38 3.44 3.52 3.55 3.55 3.91 3.95 4.07 4.09 4.2  4.21
 5.8  6.   6.69]
var: 1.8537483481758126
| [0m49       [0m | [0m2.446    [0m | [0m0.2743   [0m | [0m11.78    [0m | [0m0.1084   [0m |
[0.27 0.47 0.5  0.51 0.64 0.74 0.82 1.06 1.15 1.35 1.5  1.55 1.62 1.79
 1.85 1.87 1.87 1.88 1.92 1.93 2.05 2.14 2.14 2.17 2.26 2.3  2.31 2.33
 2.41 2.41 2.42 2.42 2.5  2.51 2.51 2.79 2.89 3.   3.07 3.27 3.29 3.44
 3.55 3.65 3.71 3.89 3.91 3.93 3.97 4.02 4.28 4.35 4.6  4.64 4.78 5.28
 5.93]
var: 1.6683980301631274
| [0m50       [0m | [0m2.569    [0m | [0m0.05877  [0m | [0m7.56     [0m | [0m0.2407   [0m |
[1.28 1.56 1.83 1.91 1.96 2.09 2.11 2.16 2.17 2.23 2.24 2.25 2.3  2.35
 2.37 2.42 2.49 2.63 2.64 2.65 2.75 2.78 2.81 2.81 2.87 2.9  2.93 2.94
 2.96 3.09 3.09 3.12 3.13 3.16 3.31 3.33 3.51 3.66 3.77 3.81 4.01 4.04
 4.18 4.22 4.59 4.63 4.64 4.66 4.84 5.04 5.3  5.55 5.65 6.41]
var: 1.2784137517146783
| [95m51       [0m | [95m3.225    [0m | [95m0.002566 [0m | [95m7.626    [0m | [95m0.1372   [0m |
[0.08 0.08 0.08 0.09 0.13 0.14 0.15 0.16 0.17 0.29 0.3  0.33 0.42 0.46
 0.51 0.68 0.73 0.74 0.86 0.88 0.88 0.9  0.9  1.   1.01 1.06 1.08 1.1
 1.13 1.18 1.18 1.19 1.26 1.29 1.34 1.34 1.35 1.48 1.48 1.7  1.71 1.81
 1.82 1.83 1.84 1.87 2.15 2.17 2.2  2.23 2.28 2.36 2.43 2.47 2.58 2.91
 2.97 3.62]
var: 0.7214474435196194
| [0m52       [0m | [0m1.248    [0m | [0m0.1395   [0m | [0m4.051    [0m | [0m0.8743   [0m |
[0.   0.   0.   0.01 0.06 0.08 0.09 0.09 0.15 0.17 0.19 0.19 0.21 0.27
 0.3  0.32 0.33 0.35 0.35 0.38 0.39 0.4  0.41 0.42 0.5  0.54 0.57 0.59
 0.63 0.79 0.82 0.91 0.94 0.96 0.99 1.   1.01 1.16 1.21 1.33 1.44 1.76
 1.93 2.12 2.28 2.39 2.56 2.66 2.89 3.08 3.17 3.25 3.65 3.67 3.86 4.01
 4.41 4.58 4.62 4.68]
var: 2.002698222222221
| [0m53       [0m | [0m1.369    [0m | [0m1e-08    [0m | [0m7.704    [0m | [0m0.234    [0m |
[0.2  0.2  0.24 0.37 0.37 0.49 0.63 0.69 0.75 0.77 0.79 0.9  0.91 1.01
 1.02 1.05 1.06 1.06 1.17 1.18 1.21 1.21 1.23 1.24 1.37 1.37 1.37 1.39
 1.48 1.52 1.56 1.57 1.59 1.59 1.6  1.63 2.02 2.07 2.36 2.44 2.46 2.49
 2.49 2.53 2.59 2.6  2.77 2.89 2.99 3.   3.16 3.17 3.31 3.4  3.57 4.38
 4.67 5.05 5.52]
var: 1.469857512209136
| [0m54       [0m | [0m1.86     [0m | [0m0.1976   [0m | [0m7.539    [0m | [0m0.09634  [0m |
[0.02 0.19 0.21 0.23 0.36 0.45 0.49 0.51 0.64 0.7  0.71 0.72 0.83 1.01
 1.02 1.03 1.06 1.09 1.15 1.19 1.29 1.31 1.36 1.48 1.52 1.59 1.59 1.66
 1.7  1.71 1.76 1.77 1.79 1.9  2.01 2.01 2.01 2.02 2.02 2.03 2.28 2.31
 2.34 2.36 2.37 2.4  2.45 2.53 2.6  2.74 3.04 3.14 3.33 3.58 3.75 3.95]
var: 0.881659151785714
| [0m55       [0m | [0m1.666    [0m | [0m0.08532  [0m | [0m7.638    [0m | [0m0.4999   [0m |
[0.   0.   0.01 0.01 0.01 0.01 0.03 0.03 0.03 0.03 0.05 0.05 0.05 0.05
 0.05 0.06 0.08 0.08 0.08 0.13 0.13 0.14 0.14 0.15 0.17 0.18 0.2  0.22
 0.24 0.25 0.26 0.26 0.26 0.31 0.32 0.32 0.35 0.38 0.38 0.38 0.38 0.39
 0.43 0.47 0.47 0.48 0.5  0.52 0.54 0.55 0.57 0.59 0.64 0.64 0.64 1.13]
var: 0.05337130102040829
| [0m56       [0m | [0m0.2646   [0m | [0m0.01503  [0m | [0m44.75    [0m | [0m2.003    [0m |
[0.43 0.55 0.65 0.67 0.75 0.8  0.93 1.11 1.2  1.37 1.47 1.54 1.6  1.6
 1.62 1.65 1.7  1.7  1.73 1.76 1.81 1.87 1.97 1.97 2.09 2.18 2.18 2.21
 2.24 2.29 2.35 2.49 2.49 2.54 2.55 2.55 2.57 2.61 2.65 2.65 2.72 2.75
 2.79 2.89 2.93 3.11 3.14 3.22 3.23 3.25 3.32 3.53 3.91 4.14 4.76 5.03
 5.28 5.9 ]
var: 1.32446709274673
| [0m57       [0m | [0m2.362    [0m | [0m0.07446  [0m | [0m7.66     [0m | [0m0.141    [0m |
[0.25 0.3  0.38 0.5  0.67 0.67 0.71 0.72 0.98 1.02 1.13 1.21 1.25 1.33
 1.36 1.38 1.39 1.4  1.44 1.54 1.61 1.61 1.65 1.69 1.7  1.76 1.78 1.8
 1.89 1.97 2.   2.01 2.04 2.06 2.1  2.14 2.18 2.18 2.21 2.23 2.26 2.44
 2.5  2.52 2.55 2.58 2.6  2.64 2.79 2.88 3.01 3.34 3.56 3.72 4.53 5.5 ]
var: 0.985554464285714
| [0m58       [0m | [0m1.923    [0m | [0m0.1712   [0m | [0m7.711    [0m | [0m0.4075   [0m |
[0.45 0.72 0.74 0.96 1.06 1.07 1.19 1.26 1.27 1.32 1.35 1.37 1.4  1.44
 1.47 1.56 1.59 1.69 1.72 1.74 1.75 1.79 1.84 1.89 1.96 2.   2.03 2.12
 2.13 2.2  2.32 2.39 2.4  2.4  2.45 2.45 2.57 2.67 2.73 2.77 2.94 2.98
 3.   3.12 3.17 3.17 3.18 3.32 3.33 3.48 3.65 3.87 3.96 4.   4.12 4.23
 4.52 7.07 8.95]
var: 2.0404082160298773
| [0m59       [0m | [0m2.479    [0m | [0m0.09602  [0m | [0m7.6      [0m | [0m0.05494  [0m |
[0.29 0.42 0.7  0.93 1.01 1.17 1.32 1.44 1.49 1.52 1.52 1.6  1.63 1.68
 1.73 1.82 1.85 1.93 1.94 2.   2.03 2.16 2.18 2.19 2.23 2.29 2.44 2.48
 2.63 2.67 2.74 2.77 2.78 2.79 2.97 2.97 3.03 3.04 3.14 3.18 3.34 3.38
 3.38 3.49 3.58 3.65 3.93 3.97 4.14 4.34 4.34 4.36 4.38 4.59 5.32 5.59
 5.78 6.47 6.98]
var: 2.052032059752945
| [0m60       [0m | [0m2.809    [0m | [0m0.008955 [0m | [0m7.379    [0m | [0m0.1792   [0m |
[0.25 0.46 0.54 0.73 0.77 0.87 0.9  1.05 1.16 1.18 1.25 1.41 1.5  1.53
 1.55 1.59 1.61 1.75 1.75 1.87 1.98 2.03 2.04 2.06 2.07 2.26 2.32 2.34
 2.35 2.38 2.45 2.56 2.63 2.63 2.69 2.75 2.75 2.76 2.89 2.89 2.98 3.11
 3.26 3.39 3.71 3.8  3.89 3.93 4.06 4.26 4.35 4.49 4.54 4.62 4.84 4.93
 5.11 5.67 7.98]
var: 2.1772893995978166
| [0m61       [0m | [0m2.635    [0m | [0m0.04771  [0m | [0m7.322    [0m | [0m0.06006  [0m |
[0.56 0.63 0.66 0.71 0.88 1.04 1.11 1.12 1.14 1.21 1.36 1.36 1.37 1.52
 1.66 1.68 1.74 1.94 1.97 2.02 2.02 2.05 2.05 2.05 2.29 2.3  2.38 2.5
 2.58 2.58 2.59 2.6  2.76 2.77 2.83 2.98 2.99 3.04 3.06 3.08 3.09 3.2
 3.2  3.23 3.25 3.54 3.64 3.74 3.82 3.93 4.02 4.21 4.43 4.58 4.58 4.65
 4.72 5.12 5.73]
var: 1.5272307382935932
| [0m62       [0m | [0m2.608    [0m | [0m0.0005102[0m | [0m7.156    [0m | [0m0.2494   [0m |
[0.38 0.39 0.69 0.79 0.8  0.81 0.88 1.12 1.13 1.14 1.14 1.18 1.18 1.19
 1.21 1.22 1.23 1.23 1.26 1.34 1.35 1.39 1.4  1.59 1.64 1.65 1.68 1.68
 1.71 1.85 1.95 1.97 2.07 2.07 2.09 2.14 2.18 2.22 2.23 2.27 2.27 2.38
 2.41 2.42 2.68 2.75 2.75 2.95 2.99 3.16 3.28 3.35 3.8  4.52 4.72 6.97
 7.31]
var: 1.7802763311788248
| [0m63       [0m | [0m2.073    [0m | [0m0.1323   [0m | [0m7.233    [0m | [0m0.2033   [0m |
[0.05 0.08 0.09 0.1  0.11 0.11 0.12 0.15 0.19 0.22 0.22 0.22 0.23 0.23
 0.24 0.25 0.27 0.27 0.27 0.29 0.3  0.35 0.36 0.37 0.38 0.38 0.38 0.39
 0.39 0.39 0.4  0.41 0.43 0.43 0.44 0.45 0.49 0.5  0.5  0.52 0.53 0.59
 0.62 0.63 0.64 0.67 0.77 0.85 0.94 0.99 1.03 1.13 1.33 1.41 1.42 1.65]
var: 0.13161425382653064
| [0m64       [0m | [0m0.4852   [0m | [0m0.1496   [0m | [0m1.131    [0m | [0m2.787    [0m |
[0.07 0.18 0.21 0.24 0.26 0.28 0.35 0.37 0.4  0.52 0.59 0.64 0.81 0.89
 1.02 1.04 1.05 1.1  1.17 1.2  1.26 1.28 1.29 1.3  1.33 1.38 1.45 1.46
 1.47 1.51 1.66 1.68 1.76 1.88 1.93 1.95 2.04 2.06 2.09 2.16 2.24 2.3
 2.34 2.4  2.64 2.74 2.88 2.91 3.   3.01 3.05 3.06 3.06 3.14 3.17 3.5
 3.67 4.33 4.62 4.94]
var: 1.3322680833333327
| [0m65       [0m | [0m1.806    [0m | [0m0.0242   [0m | [0m7.191    [0m | [0m0.4248   [0m |
[0.39 0.42 0.58 0.77 0.8  0.88 0.97 0.97 1.17 1.23 1.55 1.57 1.71 1.77
 1.78 1.81 1.9  1.93 2.   2.04 2.06 2.14 2.16 2.16 2.22 2.22 2.26 2.28
 2.38 2.41 2.46 2.46 2.51 2.62 2.65 2.66 2.7  2.75 2.79 2.85 2.88 2.88
 2.95 3.32 3.46 3.51 3.69 3.71 3.92 4.02 4.14 4.27 4.45 4.47 4.68 4.9
 5.04 6.02 7.88]
var: 1.9734881355932201
| [0m66       [0m | [0m2.63     [0m | [0m0.03647  [0m | [0m7.002    [0m | [0m0.1806   [0m |
[0.14 0.2  0.58 0.64 0.69 0.7  0.76 0.83 0.83 0.84 0.93 0.93 1.01 1.03
 1.12 1.16 1.18 1.24 1.37 1.42 1.46 1.48 1.49 1.53 1.6  1.72 1.84 1.88
 1.91 2.   2.   2.01 2.04 2.07 2.15 2.15 2.21 2.27 2.28 2.28 2.37 2.38
 2.39 2.5  2.63 2.71 2.76 2.88 3.02 3.05 3.09 3.33 3.9  3.98 4.16 4.67
 4.75 4.76]
var: 1.2319750297265164
| [0m67       [0m | [0m1.988    [0m | [0m0.1498   [0m | [0m6.873    [0m | [0m0.05394  [0m |
[0.02 0.08 0.09 0.14 0.14 0.18 0.2  0.23 0.41 0.41 0.43 0.46 0.48 0.57
 0.57 0.6  0.6  0.63 0.65 0.65 0.7  0.71 0.72 0.78 0.82 0.83 0.88 0.88
 0.91 0.92 0.92 1.02 1.04 1.14 1.27 1.27 1.29 1.31 1.36 1.37 1.4  1.43
 1.46 1.5  1.55 1.57 1.77 1.79 1.87 2.07 2.09 2.16 2.21 2.54 2.61 2.77
 2.77]
var: 0.5116632194521389
| [0m68       [0m | [0m1.074    [0m | [0m0.1867   [0m | [0m42.65    [0m | [0m0.5427   [0m |
[0.   0.01 0.03 0.04 0.09 0.12 0.12 0.13 0.14 0.15 0.15 0.18 0.19 0.19
 0.2  0.22 0.23 0.23 0.23 0.23 0.24 0.3  0.31 0.31 0.32 0.33 0.33 0.35
 0.38 0.39 0.39 0.43 0.43 0.44 0.45 0.45 0.45 0.49 0.49 0.52 0.54 0.54
 0.55 0.57 0.58 0.61 0.62 0.74 0.78 0.81 0.81 0.83 0.85 0.86 0.86 1.06
 1.09 1.09]
var: 0.07787054102259236
| [0m69       [0m | [0m0.4219   [0m | [0m0.274    [0m | [0m14.61    [0m | [0m2.582    [0m |
[0.07 0.1  0.11 0.21 0.23 0.23 0.26 0.32 0.42 0.44 0.44 0.46 0.47 0.48
 0.49 0.5  0.53 0.54 0.55 0.56 0.57 0.61 0.69 0.72 0.75 0.79 0.84 0.87
 0.87 0.9  0.91 0.93 0.94 0.94 1.04 1.12 1.16 1.16 1.2  1.21 1.27 1.3
 1.37 1.38 1.43 1.44 1.44 1.53 1.59 1.87 2.01 2.02 2.03 2.06 2.26 2.27
 2.54 2.73]
var: 0.42246209869203344
| [0m70       [0m | [0m1.003    [0m | [0m0.2228   [0m | [0m9.234    [0m | [0m1.461    [0m |
[0.46 0.52 0.82 0.82 0.82 1.15 1.3  1.43 1.44 1.48 1.49 1.85 1.86 1.88
 1.88 1.9  2.03 2.04 2.09 2.13 2.18 2.29 2.33 2.44 2.55 2.62 2.64 2.67
 2.68 2.68 2.74 2.75 2.77 2.84 2.9  2.97 2.99 3.06 3.21 3.34 3.36 3.44
 3.52 3.61 3.62 3.71 3.87 3.88 3.91 4.01 4.11 4.15 4.21 4.42 4.66 4.73
 5.26]
var: 1.2576877808556477
| [0m71       [0m | [0m2.676    [0m | [0m0.03405  [0m | [0m7.161    [0m | [0m0.05728  [0m |
[0.12 0.15 0.28 0.38 0.42 0.5  0.58 0.58 0.68 0.74 0.77 0.78 0.82 0.95
 1.02 1.1  1.16 1.19 1.21 1.33 1.33 1.34 1.44 1.46 1.49 1.59 1.6  1.71
 1.73 1.78 1.94 2.02 2.04 2.04 2.06 2.11 2.12 2.21 2.22 2.25 2.3  2.45
 2.52 2.55 2.62 2.68 2.69 2.78 3.18 3.23 3.26 3.29 3.36 3.51 3.54 3.81
 3.95 4.2  5.14 5.2 ]
var: 1.4032472222222228
| [0m72       [0m | [0m1.958    [0m | [0m0.1057   [0m | [0m6.888    [0m | [0m0.3445   [0m |
[0.11 0.28 0.29 0.41 0.47 0.51 0.61 0.72 0.9  1.06 1.06 1.1  1.2  1.2
 1.22 1.32 1.39 1.39 1.42 1.43 1.45 1.56 1.63 1.63 1.74 1.76 1.96 1.98
 2.   2.08 2.11 2.13 2.14 2.16 2.24 2.29 2.32 2.59 2.61 2.71 2.98 3.02
 3.17 3.42 3.57 3.69 3.7  3.7  3.71 3.77 3.82 3.98 4.07 4.2  4.58 4.6
 6.14 7.16]
var: 2.095102853745542
| [0m73       [0m | [0m2.284    [0m | [0m0.2199   [0m | [0m11.66    [0m | [0m0.2599   [0m |
[0.1  0.2  0.43 0.45 0.63 0.83 1.1  1.27 1.31 1.32 1.54 1.55 1.61 1.62
 1.65 1.68 1.78 1.78 1.79 1.83 1.84 1.91 1.93 2.06 2.13 2.17 2.2  2.26
 2.37 2.38 2.4  2.66 2.67 2.72 2.82 2.83 2.84 2.87 2.89 2.96 3.11 3.15
 3.84 3.96 4.13 4.16 4.19 4.29 4.32 4.7  4.93 5.23 6.04 6.18]
var: 1.9503520233196154
| [0m74       [0m | [0m2.511    [0m | [0m0.06694  [0m | [0m11.78    [0m | [0m0.06768  [0m |
[0.38 0.41 0.46 0.53 0.54 0.56 0.57 0.58 0.67 0.7  0.86 1.04 1.2  1.21
 1.24 1.35 1.4  1.42 1.47 1.68 1.7  1.73 1.75 1.77 1.81 1.86 1.96 2.03
 2.05 2.24 2.28 2.29 2.33 2.42 2.47 2.48 2.5  2.52 2.58 2.59 2.63 2.68
 2.88 2.97 3.01 3.02 3.04 3.19 3.24 3.31 3.43 3.66 3.67 3.74 4.33 4.68
 5.87 7.51]
var: 1.8230731569560035
| [0m75       [0m | [0m2.215    [0m | [0m0.1779   [0m | [0m11.6     [0m | [0m0.02755  [0m |
[0.17 0.33 0.45 0.5  0.53 0.94 0.96 0.96 0.98 1.06 1.07 1.18 1.2  1.31
 1.46 1.46 1.47 1.51 1.53 1.62 1.76 1.79 1.8  1.81 1.93 1.94 1.98 2.
 2.02 2.03 2.1  2.12 2.2  2.2  2.21 2.23 2.24 2.29 2.33 2.4  2.42 2.53
 2.59 2.68 2.7  2.76 2.84 2.87 3.   3.01 3.27 3.3  3.61 3.87 4.57 4.78
 5.11 6.07]
var: 1.3404795778834717
| [0m76       [0m | [0m2.139    [0m | [0m0.1229   [0m | [0m11.89    [0m | [0m0.2417   [0m |
[0.02 0.09 0.1  0.13 0.18 0.24 0.28 0.46 0.53 0.55 0.78 0.82 0.82 0.83
 0.84 0.97 1.06 1.07 1.22 1.24 1.27 1.27 1.29 1.43 1.55 1.55 1.6  1.66
 1.66 1.67 1.72 1.73 1.91 1.95 1.97 2.03 2.14 2.18 2.19 2.31 2.35 2.5
 2.62 2.63 2.76 2.87 2.91 3.17 3.53 3.55 3.84 4.04 4.07 4.23 4.31 4.47
 4.72 4.78]
var: 1.6744060642092737
| [0m77       [0m | [0m1.908    [0m | [0m0.1159   [0m | [0m7.952    [0m | [0m0.5404   [0m |
[0.19 0.19 0.43 0.74 0.76 0.92 0.93 1.   1.15 1.3  1.32 1.41 1.43 1.49
 1.51 1.67 1.79 1.85 1.9  1.91 1.92 1.92 2.2  2.23 2.27 2.31 2.33 2.34
 2.36 2.37 2.37 2.41 2.41 2.44 2.45 2.47 2.57 2.6  2.64 2.72 2.97 3.05
 3.07 3.08 3.2  3.25 3.31 3.39 3.44 3.62 3.7  3.71 3.75 3.83 4.17 4.57
 4.62 5.56]
var: 1.2546113258026161
| [0m78       [0m | [0m2.371    [0m | [0m0.05342  [0m | [0m11.57    [0m | [0m0.2193   [0m |
[0.   0.   0.   0.   0.   0.   0.01 0.01 0.02 0.02 0.02 0.03 0.03 0.03
 0.03 0.04 0.04 0.04 0.04 0.04 0.04 0.05 0.05 0.05 0.06 0.07 0.09 0.1
 0.11 0.12 0.13 0.13 0.14 0.15 0.16 0.16 0.16 0.17 0.18 0.2  0.2  0.23
 0.24 0.27 0.27 0.27 0.28 0.3  0.34 0.39 0.4  0.42 0.54 0.56 0.68 0.86
 1.05 2.31 2.82]
var: 0.23354047687446147
| [0m79       [0m | [0m0.2568   [0m | [0m0.1825   [0m | [0m11.97    [0m | [0m0.001    [0m |
[0.   0.   0.   0.   0.   0.   0.22 0.25 0.25 0.27 0.28 0.31 0.34 0.51
 0.69 0.77 0.8  0.85 1.06 1.11 1.16 1.31 1.33 1.36 1.49 1.5  1.56 1.72
 1.73 1.78 1.79 1.81 1.86 2.15 2.16 2.2  2.32 2.34 2.5  2.61 2.71 3.13
 3.15 3.39 3.4  3.48 3.49 3.56 3.74 3.87 4.22 4.82 5.38 5.97 6.07 6.24]
var: 2.744117825255102
| [0m80       [0m | [0m1.982    [0m | [0m1e-08    [0m | [0m11.64    [0m | [0m0.0703   [0m |
=============================================================
None
num_trials:  40  inits,  40  iters,  60  per
rho:  5
pthin:  0.995

Best VPT: 3.2246296296296304
Best result: {'a': 0.002565985013287536, 'g': 7.626426252300006, 's': 0.1372225348409767}

KERNEL: nu=1.5, lengthscale=2.0, alpha=0.0005
