|   iter    |  target   |     a     |     g     |     s     |
-------------------------------------------------------------
[0.31 0.36 0.51 0.52 0.53 0.61 0.61 0.63 0.65 0.66 0.73 0.75 0.82 0.83
 0.85 1.09 1.1  1.11 1.14 1.16 1.17 1.19 1.19 1.21 1.23 1.26 1.27 1.31
 1.35 1.49 1.51 1.53 1.64 1.68 1.71 1.73 1.74 1.76 1.78 1.79 1.86 1.86
 1.87 1.88 1.88 1.95 1.98 2.   2.01 2.25 2.37 2.39 2.42 2.43 2.61 2.65
 2.87 3.34 3.36 3.84]
var: 0.5959736388888888
| [0m1        [0m | [0m1.539    [0m | [0m0.1214   [0m | [0m19.07    [0m | [0m0.1608   [0m |
[0.   0.08 0.08 0.09 0.09 0.1  0.11 0.11 0.17 0.18 0.18 0.18 0.22 0.24
 0.26 0.26 0.27 0.27 0.3  0.33 0.33 0.34 0.34 0.35 0.36 0.36 0.36 0.37
 0.37 0.38 0.39 0.4  0.4  0.42 0.49 0.51 0.51 0.51 0.53 0.55 0.56 0.59
 0.6  0.61 0.63 0.66 0.67 0.68 0.74 0.78 0.79 0.81 0.88 0.89 0.93 0.96
 1.1  1.2  1.38 1.43]
var: 0.10190266666666689
| [0m2        [0m | [0m0.478    [0m | [0m0.01096  [0m | [0m0.4305   [0m | [0m0.4207   [0m |
[0.01 0.02 0.02 0.03 0.03 0.03 0.08 0.1  0.11 0.11 0.12 0.17 0.18 0.18
 0.2  0.23 0.23 0.24 0.25 0.25 0.25 0.29 0.29 0.32 0.35 0.37 0.37 0.4
 0.44 0.46 0.46 0.47 0.47 0.49 0.5  0.53 0.57 0.6  0.62 0.63 0.64 0.65
 0.65 0.66 0.68 0.73 0.91 0.91 0.99 1.03 1.04 1.17 1.22 1.24 1.26 1.29
 1.69 1.78 1.88 1.89]
var: 0.23149433333333339
| [0m3        [0m | [0m0.563    [0m | [0m0.1122   [0m | [0m23.41    [0m | [0m1.199    [0m |
[0.   0.   0.   0.02 0.02 0.02 0.04 0.05 0.05 0.07 0.07 0.08 0.09 0.09
 0.12 0.13 0.14 0.14 0.19 0.21 0.23 0.23 0.23 0.23 0.23 0.24 0.26 0.26
 0.28 0.28 0.3  0.31 0.32 0.32 0.34 0.34 0.34 0.34 0.35 0.38 0.39 0.39
 0.42 0.44 0.44 0.45 0.49 0.49 0.51 0.51 0.53 0.57 0.57 0.59 0.59 0.6
 0.69 0.7  0.95 1.  ]
var: 0.05080233333333326
| [0m4        [0m | [0m0.311    [0m | [0m0.1513   [0m | [0m46.85    [0m | [0m1.424    [0m |
[0.   0.   0.03 0.03 0.03 0.03 0.06 0.1  0.11 0.13 0.14 0.14 0.15 0.19
 0.19 0.19 0.21 0.22 0.24 0.27 0.28 0.29 0.29 0.3  0.31 0.33 0.33 0.34
 0.37 0.4  0.41 0.42 0.42 0.45 0.45 0.45 0.47 0.47 0.49 0.52 0.54 0.58
 0.61 0.62 0.64 0.66 0.7  0.72 0.76 0.77 0.79 0.93 1.   1.04 1.15 1.42
 1.66 1.96 2.32 2.41]
var: 0.268661416666667
| [0m5        [0m | [0m0.5255   [0m | [0m0.2157   [0m | [0m7.075    [0m | [0m1.855    [0m |
[0.   0.   0.03 0.05 0.08 0.08 0.09 0.09 0.1  0.14 0.16 0.17 0.21 0.22
 0.26 0.26 0.27 0.27 0.28 0.29 0.31 0.32 0.33 0.33 0.33 0.34 0.34 0.35
 0.36 0.37 0.39 0.42 0.49 0.52 0.53 0.55 0.58 0.58 0.59 0.59 0.6  0.7
 0.7  0.73 0.77 0.79 0.8  0.83 0.85 0.9  0.92 0.93 0.95 0.96 1.16 1.2
 1.2  1.28 1.3  2.03]
var: 0.15756697222222263
| [0m6        [0m | [0m0.5212   [0m | [0m0.1703   [0m | [0m40.13    [0m | [0m0.7531   [0m |
[0.02 0.02 0.04 0.06 0.08 0.1  0.11 0.14 0.16 0.17 0.18 0.19 0.2  0.22
 0.25 0.26 0.26 0.27 0.27 0.32 0.34 0.36 0.37 0.39 0.39 0.41 0.46 0.48
 0.49 0.51 0.51 0.53 0.55 0.61 0.62 0.63 0.64 0.65 0.66 0.67 0.67 0.7
 0.75 0.78 0.79 0.79 0.79 0.8  0.9  0.99 1.01 1.16 1.24 1.27 1.35 1.38
 1.39 1.5  1.54 2.1 ]
var: 0.19746941666666679
| [0m7        [0m | [0m0.5915   [0m | [0m0.185    [0m | [0m10.6     [0m | [0m0.5197   [0m |
[0.1  0.2  0.34 0.44 0.49 0.57 0.66 0.75 0.84 0.84 0.86 0.87 0.87 0.89
 0.92 0.94 0.96 0.96 0.96 0.97 1.04 1.05 1.07 1.09 1.11 1.13 1.14 1.18
 1.2  1.24 1.33 1.35 1.38 1.39 1.4  1.41 1.43 1.45 1.46 1.47 1.52 1.54
 1.58 1.65 1.69 1.69 1.73 1.74 1.75 1.76 1.81 1.85 1.87 1.89 1.9  1.91
 2.03 2.39 2.44 2.93]
var: 0.29365988888888844
| [0m8        [0m | [0m1.29     [0m | [0m0.2151   [0m | [0m37.64    [0m | [0m0.02964  [0m |
[0.01 0.01 0.03 0.05 0.07 0.07 0.11 0.11 0.13 0.14 0.14 0.15 0.16 0.2
 0.2  0.22 0.25 0.26 0.27 0.3  0.34 0.35 0.35 0.35 0.36 0.41 0.44 0.51
 0.54 0.56 0.57 0.58 0.6  0.61 0.62 0.64 0.66 0.66 0.66 0.66 0.68 0.75
 0.75 0.79 0.82 0.93 1.01 1.02 1.06 1.07 1.17 1.17 1.18 1.19 1.3  1.32
 1.34 1.37 1.68 2.17]
var: 0.21414600000000003
| [0m9        [0m | [0m0.602    [0m | [0m0.1196   [0m | [0m33.18    [0m | [0m1.081    [0m |
[0.   0.   0.01 0.03 0.05 0.05 0.06 0.06 0.07 0.07 0.09 0.1  0.13 0.14
 0.14 0.14 0.15 0.16 0.17 0.17 0.18 0.18 0.2  0.21 0.21 0.22 0.23 0.23
 0.23 0.23 0.25 0.25 0.25 0.29 0.3  0.31 0.34 0.34 0.35 0.36 0.36 0.36
 0.36 0.36 0.39 0.44 0.45 0.47 0.49 0.51 0.54 0.54 0.66 0.66 0.73 0.93
 1.   1.06 1.15 2.14]
var: 0.12073208333333318
| [0m10       [0m | [0m0.3425   [0m | [0m0.02549  [0m | [0m47.34    [0m | [0m2.105    [0m |
[0.   0.   0.   0.   0.   0.   0.01 0.02 0.03 0.09 0.12 0.12 0.13 0.14
 0.16 0.17 0.17 0.17 0.18 0.2  0.2  0.21 0.22 0.23 0.24 0.26 0.27 0.28
 0.29 0.3  0.32 0.35 0.35 0.35 0.35 0.35 0.36 0.36 0.36 0.37 0.38 0.39
 0.4  0.41 0.42 0.42 0.44 0.44 0.45 0.5  0.53 0.53 0.55 0.61 0.7  0.74
 0.78 0.86 0.87 1.12]
var: 0.05662697222222211
| [0m11       [0m | [0m0.3212   [0m | [0m0.0803   [0m | [0m25.11    [0m | [0m2.801    [0m |
[0.   0.02 0.05 0.06 0.06 0.08 0.13 0.24 0.33 0.38 0.44 0.5  0.51 0.53
 0.55 0.55 0.59 0.59 0.63 0.66 0.68 0.68 0.69 0.71 0.72 0.72 0.74 0.74
 0.77 0.78 0.79 0.81 0.82 0.91 0.94 0.94 0.99 1.06 1.1  1.14 1.21 1.24
 1.26 1.29 1.32 1.33 1.38 1.41 1.46 1.51 1.55 1.63 1.68 1.74 1.76 1.77
 1.78 2.02 2.51 2.53]
var: 0.3455894166666665
| [0m12       [0m | [0m0.9335   [0m | [0m0.0507   [0m | [0m15.53    [0m | [0m0.4775   [0m |
[0.02 0.05 0.06 0.08 0.09 0.1  0.1  0.13 0.14 0.17 0.18 0.21 0.21 0.27
 0.28 0.28 0.29 0.31 0.38 0.41 0.41 0.44 0.45 0.45 0.47 0.48 0.55 0.56
 0.57 0.59 0.6  0.63 0.64 0.64 0.65 0.67 0.69 0.71 0.74 0.75 0.76 0.78
 0.79 0.84 0.85 0.92 0.92 0.93 0.93 0.94 0.97 1.03 1.14 1.3  1.31 1.39
 1.57 1.9  2.07 2.51]
var: 0.25161166666666607
| [0m13       [0m | [0m0.655    [0m | [0m0.294    [0m | [0m12.61    [0m | [0m0.8745   [0m |
[0.   0.02 0.04 0.04 0.06 0.06 0.06 0.06 0.08 0.1  0.11 0.13 0.13 0.13
 0.16 0.18 0.2  0.2  0.21 0.24 0.25 0.25 0.26 0.26 0.31 0.31 0.34 0.36
 0.36 0.37 0.37 0.4  0.4  0.41 0.44 0.45 0.48 0.49 0.5  0.53 0.56 0.58
 0.58 0.59 0.59 0.62 0.64 0.66 0.67 0.69 0.74 0.75 0.76 0.8  0.82 0.86
 0.88 1.02 1.51 1.77]
var: 0.11666288888888884
| [0m14       [0m | [0m0.4307   [0m | [0m0.2278   [0m | [0m11.33    [0m | [0m2.625    [0m |
[0.02 0.03 0.04 0.05 0.05 0.07 0.11 0.16 0.17 0.18 0.21 0.23 0.24 0.25
 0.29 0.31 0.31 0.32 0.38 0.39 0.39 0.42 0.42 0.42 0.46 0.46 0.47 0.49
 0.52 0.52 0.53 0.54 0.55 0.55 0.56 0.58 0.59 0.6  0.6  0.61 0.61 0.67
 0.67 0.68 0.68 0.69 0.7  0.7  0.73 0.74 0.75 0.8  0.87 0.89 0.93 0.96
 1.09 1.19 1.26 1.49]
var: 0.09742830555555533
| [0m15       [0m | [0m0.5198   [0m | [0m0.1914   [0m | [0m10.12    [0m | [0m1.25     [0m |
[0.04 0.05 0.05 0.05 0.05 0.07 0.07 0.07 0.08 0.08 0.09 0.1  0.12 0.15
 0.16 0.18 0.2  0.23 0.27 0.31 0.32 0.33 0.36 0.4  0.42 0.47 0.49 0.5
 0.51 0.51 0.52 0.53 0.54 0.59 0.59 0.65 0.65 0.67 0.73 0.74 0.75 0.76
 0.83 0.86 0.93 0.93 0.97 1.02 1.09 1.14 1.14 1.22 1.24 1.3  1.3  1.32
 1.34 1.44 1.49 1.66]
var: 0.20150808333333348
| [0m16       [0m | [0m0.5945   [0m | [0m0.1619   [0m | [0m10.94    [0m | [0m0.5461   [0m |
[0.02 0.03 0.04 0.04 0.08 0.08 0.09 0.1  0.12 0.13 0.14 0.17 0.2  0.2
 0.22 0.24 0.25 0.28 0.28 0.3  0.31 0.33 0.34 0.36 0.37 0.38 0.39 0.39
 0.39 0.4  0.42 0.44 0.44 0.45 0.46 0.46 0.46 0.46 0.48 0.51 0.51 0.51
 0.51 0.55 0.57 0.58 0.68 0.7  0.71 0.71 0.74 0.77 0.86 0.95 1.09 1.12
 1.26 1.57 1.69 2.11]
var: 0.16510955555555532
| [0m17       [0m | [0m0.4907   [0m | [0m0.196    [0m | [0m29.62    [0m | [0m1.436    [0m |
[0.03 0.07 0.07 0.09 0.1  0.1  0.12 0.12 0.14 0.15 0.17 0.17 0.17 0.18
 0.2  0.21 0.25 0.26 0.26 0.26 0.29 0.33 0.33 0.33 0.34 0.36 0.36 0.36
 0.37 0.37 0.41 0.41 0.43 0.43 0.44 0.44 0.45 0.46 0.47 0.48 0.49 0.49
 0.49 0.56 0.57 0.57 0.58 0.6  0.61 0.63 0.68 0.69 0.74 0.74 0.83 0.83
 0.93 0.94 0.95 1.21]
var: 0.06488275
| [0m18       [0m | [0m0.4185   [0m | [0m0.2297   [0m | [0m4.304    [0m | [0m2.588    [0m |
[0.01 0.01 0.08 0.08 0.12 0.14 0.15 0.16 0.18 0.19 0.19 0.2  0.2  0.21
 0.26 0.3  0.31 0.31 0.35 0.37 0.37 0.38 0.4  0.41 0.43 0.43 0.46 0.48
 0.5  0.5  0.51 0.54 0.55 0.58 0.6  0.62 0.68 0.69 0.7  0.71 0.72 0.73
 0.77 0.78 0.85 0.89 0.91 1.02 1.12 1.15 1.15 1.27 1.28 1.31 1.32 1.33
 1.44 1.54 1.55 1.73]
var: 0.1914565555555559
| [0m19       [0m | [0m0.6203   [0m | [0m0.05311  [0m | [0m7.736    [0m | [0m2.303    [0m |
[0.52 0.57 0.6  0.64 0.83 0.88 0.95 1.04 1.13 1.16 1.2  1.27 1.28 1.3
 1.32 1.32 1.33 1.37 1.41 1.42 1.45 1.47 1.54 1.54 1.55 1.6  1.61 1.65
 1.68 1.74 1.8  1.81 1.82 1.83 1.84 1.87 1.88 1.89 1.9  1.94 2.03 2.1
 2.12 2.18 2.21 2.28 2.29 2.42 2.47 2.49 2.58 2.67 2.77 3.05 3.07 3.08
 3.24 3.26 4.29 5.27]
var: 0.741093222222222
| [95m20       [0m | [95m1.864    [0m | [95m0.02594  [0m | [95m25.43    [0m | [95m0.09087  [0m |
[0.   0.01 0.01 0.01 0.01 0.03 0.04 0.05 0.05 0.08 0.09 0.09 0.1  0.1
 0.11 0.11 0.11 0.15 0.16 0.21 0.24 0.25 0.27 0.27 0.3  0.3  0.33 0.34
 0.35 0.38 0.38 0.39 0.39 0.42 0.43 0.44 0.5  0.51 0.51 0.55 0.58 0.6
 0.62 0.63 0.67 0.68 0.7  0.72 0.75 0.77 0.86 0.9  0.91 1.02 1.03 1.06
 1.06 1.07 1.12 2.68]
var: 0.19081722222222217
| [0m21       [0m | [0m0.4583   [0m | [0m0.2965   [0m | [0m30.83    [0m | [0m1.037    [0m |
[0.01 0.02 0.02 0.02 0.03 0.03 0.04 0.07 0.08 0.11 0.13 0.17 0.2  0.22
 0.22 0.23 0.24 0.26 0.27 0.27 0.3  0.33 0.35 0.36 0.38 0.38 0.39 0.39
 0.4  0.43 0.44 0.45 0.45 0.45 0.46 0.46 0.47 0.47 0.47 0.48 0.49 0.49
 0.49 0.5  0.53 0.53 0.54 0.54 0.55 0.57 0.58 0.67 0.74 0.75 0.81 1.04
 1.09 1.16 1.32 1.33]
var: 0.09132030555555552
| [0m22       [0m | [0m0.4278   [0m | [0m0.02514  [0m | [0m30.58    [0m | [0m2.284    [0m |
[0.29 0.39 0.49 0.5  0.53 0.56 0.58 0.62 0.65 0.66 0.67 0.72 0.73 0.73
 0.77 0.84 0.88 0.9  0.92 0.97 0.99 0.99 1.   1.   1.01 1.02 1.05 1.07
 1.08 1.1  1.18 1.18 1.19 1.27 1.28 1.29 1.32 1.35 1.35 1.37 1.48 1.54
 1.56 1.57 1.59 1.59 1.68 1.72 1.78 1.85 1.88 1.9  2.48 2.5  2.63 2.68
 2.75 3.05 3.6  4.  ]
var: 0.5910648888888891
| [0m23       [0m | [0m1.339    [0m | [0m0.2099   [0m | [0m18.23    [0m | [0m0.1994   [0m |
[0.   0.   0.   0.01 0.02 0.02 0.05 0.06 0.07 0.07 0.08 0.08 0.09 0.09
 0.1  0.1  0.11 0.12 0.14 0.14 0.14 0.15 0.16 0.17 0.18 0.18 0.19 0.21
 0.21 0.21 0.23 0.23 0.24 0.28 0.29 0.3  0.31 0.32 0.34 0.34 0.34 0.35
 0.39 0.41 0.42 0.42 0.42 0.44 0.45 0.48 0.5  0.51 0.53 0.55 0.55 0.61
 0.71 0.81 0.97 1.32]
var: 0.06160163888888893
| [0m24       [0m | [0m0.2868   [0m | [0m0.05049  [0m | [0m27.46    [0m | [0m2.6      [0m |
[0.   0.01 0.03 0.03 0.03 0.04 0.05 0.05 0.06 0.06 0.07 0.12 0.13 0.13
 0.14 0.16 0.17 0.17 0.2  0.21 0.22 0.25 0.25 0.26 0.28 0.29 0.31 0.33
 0.34 0.35 0.35 0.37 0.38 0.41 0.41 0.42 0.43 0.44 0.46 0.47 0.47 0.48
 0.55 0.56 0.57 0.59 0.6  0.62 0.63 0.66 0.68 0.68 0.73 0.84 0.85 0.96
 1.   1.06 1.07 1.52]
var: 0.09890666666666682
| [0m25       [0m | [0m0.4      [0m | [0m0.04728  [0m | [0m25.38    [0m | [0m2.646    [0m |
[0.05 0.09 0.1  0.12 0.12 0.14 0.15 0.18 0.22 0.24 0.29 0.29 0.31 0.36
 0.37 0.38 0.38 0.39 0.4  0.46 0.47 0.51 0.53 0.55 0.55 0.56 0.58 0.58
 0.6  0.6  0.61 0.67 0.67 0.7  0.7  0.72 0.72 0.73 0.74 0.87 0.92 0.95
 0.95 0.95 0.96 1.   1.1  1.11 1.13 1.18 1.25 1.29 1.31 1.38 1.42 1.52
 1.92 2.23 2.6  2.75]
var: 0.33044655555555597
| [0m26       [0m | [0m0.7603   [0m | [0m0.08497  [0m | [0m8.184    [0m | [0m0.7739   [0m |
[0.01 0.02 0.05 0.06 0.06 0.07 0.09 0.09 0.1  0.12 0.14 0.16 0.18 0.19
 0.2  0.2  0.22 0.22 0.27 0.27 0.3  0.3  0.31 0.33 0.34 0.34 0.38 0.39
 0.42 0.42 0.43 0.45 0.45 0.46 0.48 0.5  0.53 0.56 0.58 0.61 0.62 0.63
 0.64 0.65 0.67 0.72 0.77 0.9  0.97 1.02 1.13 1.15 1.17 1.22 1.27 1.33
 1.66 1.66 1.8  2.45]
var: 0.24896030555555568
| [0m27       [0m | [0m0.5622   [0m | [0m0.05488  [0m | [0m39.71    [0m | [0m0.8162   [0m |
[0.   0.   0.02 0.03 0.04 0.04 0.05 0.08 0.08 0.09 0.09 0.1  0.14 0.15
 0.16 0.2  0.22 0.23 0.23 0.26 0.26 0.26 0.28 0.29 0.29 0.3  0.31 0.32
 0.32 0.33 0.33 0.33 0.33 0.33 0.34 0.34 0.36 0.37 0.37 0.44 0.44 0.46
 0.46 0.47 0.54 0.58 0.6  0.65 0.67 0.68 0.71 0.72 0.73 0.78 0.82 0.9
 1.14 1.19 1.38 1.51]
var: 0.10857455555555535
| [0m28       [0m | [0m0.4023   [0m | [0m0.2016   [0m | [0m22.24    [0m | [0m2.572    [0m |
[0.59 0.63 0.64 0.64 0.76 0.82 0.87 0.98 1.12 1.16 1.18 1.29 1.34 1.35
 1.4  1.54 1.56 1.59 1.65 1.65 1.75 1.79 1.79 1.84 2.   2.07 2.13 2.13
 2.21 2.21 2.21 2.26 2.3  2.4  2.45 2.46 2.49 2.55 2.61 2.65 2.67 2.74
 2.89 2.9  2.94 3.19 3.2  3.22 3.25 3.28 3.61 3.69 3.73 3.74 4.03 4.08
 4.26 4.34 4.91 8.4 ]
var: 1.7118869722222216
| [95m29       [0m | [95m2.369    [0m | [95m0.004645 [0m | [95m33.41    [0m | [95m0.08091  [0m |
[0.08 0.09 0.09 0.1  0.14 0.15 0.15 0.17 0.21 0.21 0.25 0.26 0.27 0.27
 0.27 0.28 0.29 0.32 0.35 0.35 0.36 0.39 0.4  0.41 0.42 0.42 0.43 0.46
 0.47 0.47 0.48 0.5  0.5  0.52 0.52 0.54 0.56 0.58 0.62 0.62 0.63 0.69
 0.71 0.73 0.75 0.75 0.76 0.76 0.79 0.88 0.92 0.95 1.02 1.05 1.07 1.19
 1.2  1.28 1.78 1.81]
var: 0.1417160833333334
| [0m30       [0m | [0m0.5615   [0m | [0m0.06067  [0m | [0m3.942    [0m | [0m1.565    [0m |
[0.15 0.17 0.29 0.34 0.46 0.49 0.51 0.55 0.59 0.59 0.59 0.59 0.6  0.6
 0.64 0.64 0.66 0.69 0.75 0.77 0.78 0.82 0.84 0.87 0.92 0.94 0.95 0.95
 0.95 0.96 0.96 0.98 0.99 1.   1.02 1.07 1.09 1.14 1.16 1.18 1.25 1.34
 1.35 1.38 1.41 1.48 1.54 1.64 1.71 1.92 1.93 1.94 1.96 2.02 2.06 2.27
 2.35 2.47 2.49 2.49]
var: 0.3675295555555555
| [0m31       [0m | [0m1.121    [0m | [0m0.05785  [0m | [0m38.17    [0m | [0m0.3603   [0m |
[0.   0.   0.01 0.03 0.03 0.05 0.11 0.14 0.14 0.15 0.16 0.17 0.19 0.22
 0.22 0.25 0.26 0.26 0.27 0.34 0.35 0.38 0.4  0.44 0.44 0.47 0.47 0.48
 0.48 0.49 0.5  0.54 0.56 0.57 0.58 0.59 0.62 0.65 0.65 0.67 0.68 0.72
 0.74 0.74 0.79 0.79 0.79 0.81 0.82 0.84 0.95 0.97 0.98 1.21 1.22 1.4
 1.4  1.53 1.87 2.73]
var: 0.23868275000000014
| [0m32       [0m | [0m0.5885   [0m | [0m0.03708  [0m | [0m41.21    [0m | [0m0.7164   [0m |
[0.   0.   0.   0.   0.   0.01 0.01 0.02 0.02 0.06 0.06 0.06 0.07 0.07
 0.08 0.12 0.13 0.19 0.27 0.27 0.29 0.3  0.32 0.32 0.33 0.35 0.35 0.36
 0.38 0.39 0.39 0.41 0.41 0.44 0.45 0.5  0.52 0.52 0.53 0.57 0.59 0.61
 0.62 0.65 0.68 0.74 0.76 0.76 0.77 0.77 0.87 0.89 0.98 0.99 0.99 1.01
 1.09 1.15 1.59 1.69]
var: 0.15151363888888889
| [0m33       [0m | [0m0.4628   [0m | [0m0.1105   [0m | [0m29.26    [0m | [0m1.365    [0m |
[0.05 0.53 0.55 0.57 0.69 0.71 0.72 0.78 0.78 0.79 0.83 0.85 0.85 0.86
 0.87 0.91 0.91 0.94 0.99 1.   1.02 1.02 1.1  1.12 1.21 1.22 1.26 1.31
 1.31 1.36 1.39 1.41 1.43 1.44 1.44 1.51 1.53 1.54 1.55 1.58 1.58 1.62
 1.63 1.64 1.72 1.72 1.8  1.85 1.85 1.86 1.86 1.97 2.02 2.09 2.1  2.13
 2.2  2.26 2.46 2.84]
var: 0.2966603055555556
| [0m34       [0m | [0m1.352    [0m | [0m0.1164   [0m | [0m6.685    [0m | [0m0.1376   [0m |
[0.01 0.03 0.06 0.06 0.07 0.08 0.08 0.08 0.09 0.11 0.13 0.16 0.17 0.17
 0.17 0.2  0.2  0.22 0.24 0.25 0.26 0.26 0.29 0.31 0.32 0.32 0.39 0.4
 0.43 0.44 0.44 0.45 0.49 0.49 0.5  0.54 0.55 0.6  0.6  0.61 0.62 0.64
 0.66 0.68 0.69 0.71 0.72 0.75 0.77 0.78 0.84 0.86 0.88 1.05 1.13 1.32
 1.38 1.5  1.54 1.58]
var: 0.15665697222222225
| [0m35       [0m | [0m0.5062   [0m | [0m0.2328   [0m | [0m3.134    [0m | [0m1.325    [0m |
[0.03 0.03 0.04 0.04 0.06 0.1  0.14 0.15 0.19 0.2  0.2  0.26 0.27 0.27
 0.28 0.35 0.37 0.37 0.39 0.39 0.4  0.41 0.42 0.43 0.47 0.48 0.49 0.5
 0.5  0.51 0.54 0.57 0.58 0.61 0.63 0.63 0.67 0.68 0.68 0.7  0.71 0.73
 0.73 0.73 0.8  0.87 0.92 0.99 1.05 1.05 1.11 1.24 1.24 1.46 1.49 1.5
 1.61 1.8  1.81 2.45]
var: 0.25126155555555607
| [0m36       [0m | [0m0.6553   [0m | [0m0.2077   [0m | [0m7.383    [0m | [0m0.9988   [0m |
[0.04 0.05 0.06 0.08 0.11 0.11 0.12 0.14 0.14 0.17 0.18 0.19 0.19 0.2
 0.23 0.24 0.24 0.25 0.27 0.28 0.28 0.29 0.29 0.3  0.31 0.32 0.38 0.39
 0.41 0.42 0.42 0.42 0.48 0.49 0.5  0.54 0.58 0.58 0.65 0.68 0.68 0.7
 0.71 0.72 0.73 0.75 0.76 0.78 0.81 0.85 0.91 0.93 0.97 0.99 1.1  1.16
 1.33 1.65 1.8  2.06]
var: 0.1836449722222224
| [0m37       [0m | [0m0.5402   [0m | [0m0.1577   [0m | [0m30.77    [0m | [0m1.092    [0m |
[0.05 0.05 0.07 0.13 0.21 0.21 0.22 0.29 0.34 0.34 0.42 0.43 0.43 0.46
 0.46 0.47 0.49 0.51 0.52 0.57 0.6  0.6  0.62 0.62 0.66 0.66 0.67 0.69
 0.71 0.71 0.73 0.8  0.83 0.87 0.97 0.97 1.02 1.02 1.07 1.14 1.17 1.26
 1.32 1.36 1.5  1.52 1.58 1.58 1.6  1.64 1.65 1.72 2.17 2.27 2.32 2.34
 2.4  2.42 2.59 3.45]
var: 0.5513083055555555
| [0m38       [0m | [0m1.008    [0m | [0m0.03283  [0m | [0m16.72    [0m | [0m0.5854   [0m |
[0.   0.   0.01 0.02 0.02 0.03 0.03 0.03 0.04 0.04 0.05 0.05 0.05 0.07
 0.07 0.08 0.09 0.1  0.1  0.11 0.13 0.13 0.14 0.14 0.15 0.17 0.18 0.24
 0.24 0.24 0.24 0.27 0.28 0.29 0.3  0.3  0.3  0.31 0.33 0.34 0.35 0.35
 0.35 0.36 0.36 0.36 0.39 0.4  0.41 0.41 0.45 0.45 0.47 0.48 0.53 0.59
 0.63 0.66 0.67 0.68]
var: 0.03562566666666677
| [0m39       [0m | [0m0.251    [0m | [0m0.149    [0m | [0m45.48    [0m | [0m2.234    [0m |
[0.   0.   0.01 0.01 0.02 0.02 0.02 0.03 0.03 0.05 0.05 0.06 0.08 0.08
 0.08 0.09 0.09 0.11 0.11 0.13 0.13 0.14 0.15 0.16 0.17 0.18 0.18 0.19
 0.2  0.2  0.21 0.23 0.26 0.26 0.27 0.28 0.29 0.29 0.3  0.32 0.33 0.34
 0.34 0.34 0.35 0.36 0.37 0.38 0.38 0.38 0.4  0.41 0.44 0.49 0.49 0.52
 0.53 0.54 0.56 0.88]
var: 0.03207608333333339
| [0m40       [0m | [0m0.2385   [0m | [0m0.2761   [0m | [0m35.31    [0m | [0m2.812    [0m |
[0.07 0.19 0.23 0.27 0.28 0.28 0.28 0.29 0.29 0.29 0.32 0.33 0.36 0.42
 0.43 0.48 0.5  0.5  0.5  0.51 0.51 0.53 0.53 0.54 0.54 0.55 0.56 0.57
 0.58 0.58 0.6  0.6  0.6  0.61 0.61 0.64 0.66 0.67 0.69 0.7  0.7  0.72
 0.73 0.84 0.85 0.87 0.91 0.95 0.95 0.97 0.99 0.99 1.07 1.11 1.13 1.13
 1.22 1.53 1.59 2.26]
var: 0.14037666666666676
| [0m41       [0m | [0m0.67     [0m | [0m1e-08    [0m | [0m33.94    [0m | [0m0.001    [0m |
[0.32 0.35 0.37 0.54 0.58 0.58 0.59 0.62 0.67 0.71 0.76 0.8  0.81 0.85
 0.88 0.9  0.91 0.91 0.92 0.93 0.94 0.96 0.97 1.02 1.04 1.05 1.08 1.14
 1.16 1.23 1.25 1.25 1.28 1.3  1.31 1.39 1.51 1.53 1.59 1.68 1.72 1.78
 1.79 1.79 1.88 1.94 1.95 1.95 1.96 2.1  2.11 2.13 2.36 2.41 2.6  2.62
 2.82 2.89 3.29 3.46]
var: 0.541066972222222
| [0m42       [0m | [0m1.404    [0m | [0m0.07687  [0m | [0m33.2     [0m | [0m0.1279   [0m |
[0.   0.   0.   0.01 0.02 0.03 0.03 0.03 0.03 0.04 0.04 0.05 0.05 0.07
 0.1  0.1  0.12 0.13 0.13 0.14 0.15 0.17 0.18 0.18 0.19 0.2  0.22 0.22
 0.25 0.25 0.27 0.27 0.29 0.29 0.29 0.31 0.32 0.33 0.33 0.36 0.38 0.4
 0.4  0.4  0.4  0.41 0.42 0.42 0.42 0.44 0.47 0.48 0.48 0.48 0.48 0.57
 0.57 0.62 0.72 0.82]
var: 0.03758697222222218
| [0m43       [0m | [0m0.2662   [0m | [0m0.05571  [0m | [0m39.73    [0m | [0m2.404    [0m |
[0.09 0.13 0.18 0.22 0.24 0.26 0.26 0.27 0.3  0.3  0.3  0.33 0.36 0.39
 0.39 0.44 0.44 0.45 0.46 0.47 0.47 0.52 0.53 0.54 0.59 0.59 0.64 0.64
 0.66 0.68 0.76 0.86 0.88 0.89 0.9  0.91 0.95 0.95 0.96 1.04 1.09 1.13
 1.13 1.16 1.21 1.26 1.27 1.45 1.55 1.56 1.7  1.71 1.75 2.01 2.49 3.2
 3.37 4.43 5.18 5.29]
var: 1.2508698888888885
| [0m44       [0m | [0m1.086    [0m | [0m1e-08    [0m | [0m33.48    [0m | [0m0.1689   [0m |
[0.13 0.47 0.56 0.56 0.61 0.69 0.7  0.71 0.72 0.77 0.8  0.83 0.83 0.84
 0.92 1.07 1.16 1.16 1.2  1.21 1.26 1.27 1.28 1.29 1.29 1.31 1.33 1.34
 1.34 1.35 1.43 1.46 1.62 1.63 1.64 1.7  1.71 1.72 1.74 1.77 1.78 1.78
 1.85 1.9  2.06 2.11 2.22 2.23 2.27 2.3  2.33 2.38 2.39 2.48 2.52 2.72
 2.72 3.29 3.3  4.89]
var: 0.6697745555555555
| [0m45       [0m | [0m1.582    [0m | [0m0.02694  [0m | [0m33.43    [0m | [0m0.09224  [0m |
[0.   0.   0.   0.   0.03 0.05 0.05 0.08 0.09 0.13 0.14 0.14 0.17 0.17
 0.18 0.2  0.2  0.23 0.23 0.23 0.26 0.28 0.29 0.33 0.36 0.4  0.44 0.44
 0.46 0.46 0.48 0.48 0.5  0.52 0.52 0.54 0.58 0.59 0.59 0.6  0.6  0.6
 0.64 0.69 0.69 0.73 0.75 0.82 0.89 0.9  0.91 0.99 1.   1.07 1.11 1.14
 1.21 1.28 1.55 1.63]
var: 0.1538628888888889
| [0m46       [0m | [0m0.5107   [0m | [0m0.08011  [0m | [0m34.6     [0m | [0m1.039    [0m |
[0.   0.01 0.02 0.02 0.02 0.04 0.06 0.08 0.08 0.09 0.11 0.12 0.13 0.13
 0.15 0.15 0.16 0.16 0.18 0.19 0.19 0.21 0.25 0.26 0.27 0.28 0.31 0.32
 0.32 0.33 0.37 0.38 0.41 0.41 0.41 0.41 0.43 0.44 0.45 0.45 0.45 0.47
 0.49 0.51 0.51 0.53 0.55 0.56 0.57 0.59 0.6  0.62 0.63 0.72 0.73 0.81
 1.02 1.33 2.31 2.96]
var: 0.2368462222222224
| [0m47       [0m | [0m0.4293   [0m | [0m0.2528   [0m | [0m42.9     [0m | [0m1.101    [0m |
[0.36 0.39 0.52 0.54 0.6  0.63 0.72 0.88 0.89 1.1  1.21 1.24 1.27 1.27
 1.34 1.34 1.34 1.39 1.39 1.4  1.42 1.43 1.46 1.49 1.49 1.53 1.54 1.58
 1.61 1.68 1.7  1.76 1.77 1.78 1.79 1.79 1.81 1.81 1.83 1.89 1.89 1.93
 1.98 1.99 2.   2.03 2.14 2.19 2.21 2.24 2.36 2.4  2.4  2.47 2.53 2.82
 3.03 3.05 3.24 3.25]
var: 0.4494880833333331
| [0m48       [0m | [0m1.686    [0m | [0m0.1236   [0m | [0m19.06    [0m | [0m0.09643  [0m |
[0.56 0.57 0.61 0.64 0.68 0.68 0.74 0.81 0.81 0.85 0.85 0.87 0.88 0.91
 0.98 1.   1.09 1.09 1.11 1.11 1.19 1.2  1.23 1.25 1.3  1.32 1.33 1.35
 1.36 1.4  1.48 1.5  1.53 1.53 1.54 1.55 1.61 1.67 1.69 1.7  1.78 1.84
 1.86 1.88 1.93 1.93 2.01 2.05 2.14 2.28 2.41 2.48 2.5  2.53 2.54 2.93
 3.09 3.24 3.38 4.43]
var: 0.6095600000000001
| [0m49       [0m | [0m1.58     [0m | [0m0.06468  [0m | [0m33.21    [0m | [0m0.1066   [0m |
[0.45 0.52 0.6  0.63 0.67 0.74 0.76 0.77 0.87 0.89 0.95 1.02 1.08 1.09
 1.13 1.2  1.21 1.24 1.26 1.28 1.3  1.31 1.31 1.33 1.35 1.48 1.49 1.49
 1.52 1.58 1.59 1.89 1.95 2.01 2.02 2.05 2.08 2.13 2.17 2.18 2.25 2.28
 2.34 2.38 2.38 2.57 2.59 2.67 2.68 2.89 2.98 3.03 3.13 3.13 3.21 3.42
 3.42 3.55 4.46 5.01]
var: 0.9701828888888888
| [0m50       [0m | [0m1.883    [0m | [0m0.01757  [0m | [0m25.47    [0m | [0m0.08257  [0m |
[0.73 0.83 1.06 1.16 1.64 1.7  1.82 1.84 1.86 2.05 2.13 2.18 2.18 2.25
 2.37 2.44 2.46 2.48 2.56 2.57 2.72 2.86 2.86 2.95 3.   3.01 3.15 3.15
 3.16 3.17 3.23 3.25 3.32 3.35 3.37 3.43 3.45 3.55 3.64 3.7  3.73 3.75
 3.8  3.82 3.85 3.89 3.97 4.2  4.23 4.4  4.5  4.6  4.78 4.81 5.13 5.14
 5.33 5.65 5.86 6.27]
var: 1.5022689999999996
| [95m51       [0m | [95m3.239    [0m | [95m0.0005535[0m | [95m33.38    [0m | [95m0.1233   [0m |
[0.01 0.04 0.07 0.08 0.09 0.09 0.1  0.1  0.11 0.13 0.13 0.14 0.15 0.15
 0.19 0.19 0.2  0.22 0.23 0.25 0.25 0.26 0.27 0.28 0.29 0.29 0.3  0.3
 0.3  0.31 0.35 0.36 0.39 0.41 0.41 0.42 0.43 0.45 0.46 0.48 0.49 0.51
 0.51 0.53 0.55 0.59 0.61 0.62 0.63 0.63 0.7  0.76 0.82 0.85 0.88 0.9
 1.11 1.16 1.68 3.06]
var: 0.21093475000000014
| [0m52       [0m | [0m0.4545   [0m | [0m0.04171  [0m | [0m36.35    [0m | [0m1.75     [0m |
[0.   0.01 0.02 0.04 0.07 0.09 0.09 0.13 0.15 0.18 0.19 0.2  0.21 0.22
 0.26 0.27 0.35 0.36 0.39 0.4  0.41 0.42 0.43 0.47 0.47 0.48 0.49 0.49
 0.51 0.52 0.53 0.53 0.56 0.56 0.57 0.59 0.63 0.64 0.65 0.72 0.74 0.86
 0.87 0.87 0.88 0.91 0.92 0.94 0.98 1.   1.04 1.17 1.18 1.21 1.36 1.5
 1.5  1.51 1.52 1.79]
var: 0.1909454166666665
| [0m53       [0m | [0m0.6175   [0m | [0m0.0772   [0m | [0m12.27    [0m | [0m1.253    [0m |
[0.43 0.57 0.58 0.58 0.58 0.59 0.62 0.75 0.78 0.88 0.9  0.95 1.08 1.12
 1.18 1.19 1.22 1.22 1.23 1.24 1.34 1.43 1.45 1.46 1.56 1.58 1.7  1.73
 1.87 1.87 1.88 1.92 1.93 1.96 1.96 1.97 1.98 1.99 2.05 2.11 2.24 2.25
 2.26 2.27 2.34 2.41 2.47 2.55 2.65 2.65 2.68 2.84 3.07 3.18 3.18 3.25
 3.3  3.57 3.71 4.68]
var: 0.8308398888888894
| [0m54       [0m | [0m1.85     [0m | [0m0.01998  [0m | [0m33.26    [0m | [0m0.08344  [0m |
[0.51 0.52 0.74 0.8  0.97 0.98 0.98 1.   1.01 1.01 1.04 1.06 1.16 1.17
 1.19 1.21 1.23 1.26 1.3  1.34 1.36 1.36 1.36 1.38 1.41 1.41 1.41 1.45
 1.46 1.46 1.52 1.54 1.55 1.58 1.59 1.63 1.63 1.63 1.77 1.78 1.84 1.86
 1.86 1.87 2.01 2.02 2.07 2.09 2.1  2.12 2.19 2.22 2.42 2.46 2.57 2.59
 2.61 2.93 3.05 3.95]
var: 0.40278608333333327
| [0m55       [0m | [0m1.627    [0m | [0m0.1251   [0m | [0m25.4     [0m | [0m0.04012  [0m |
[0.02 0.03 0.06 0.07 0.16 0.19 0.19 0.2  0.23 0.24 0.24 0.26 0.27 0.3
 0.33 0.38 0.39 0.4  0.4  0.44 0.44 0.44 0.51 0.51 0.53 0.62 0.69 0.69
 0.69 0.72 0.72 0.75 0.78 0.79 0.84 0.84 1.   1.02 1.05 1.07 1.17 1.25
 1.28 1.49 1.64 1.67 1.67 1.71 1.71 1.72 1.74 1.92 2.32 2.5  2.55 2.59
 2.68 2.74 3.6  3.91]
var: 0.8100862222222232
| [0m56       [0m | [0m1.023    [0m | [0m1e-08    [0m | [0m33.34    [0m | [0m0.1145   [0m |
[0.19 0.5  0.51 0.52 0.53 0.57 0.64 0.68 0.68 0.77 0.78 0.82 0.9  0.91
 1.03 1.11 1.14 1.22 1.23 1.25 1.28 1.29 1.31 1.32 1.33 1.38 1.39 1.4
 1.42 1.42 1.43 1.44 1.47 1.48 1.6  1.65 1.73 1.73 1.83 1.83 1.88 1.89
 1.91 1.92 1.95 1.96 2.03 2.08 2.1  2.14 2.16 2.19 2.37 2.46 2.52 2.53
 2.54 2.61 3.97 4.1 ]
var: 0.5707698888888891
| [0m57       [0m | [0m1.55     [0m | [0m0.09937  [0m | [0m33.39    [0m | [0m0.09218  [0m |
[0.49 0.51 0.63 0.63 0.68 0.71 1.04 1.17 1.17 1.26 1.27 1.28 1.42 1.42
 1.47 1.47 1.5  1.57 1.64 1.76 1.85 1.9  1.93 1.97 2.03 2.05 2.1  2.22
 2.22 2.27 2.27 2.3  2.41 2.42 2.44 2.46 2.48 2.57 2.57 2.63 2.78 2.78
 2.79 2.85 2.85 2.85 2.95 3.03 3.09 3.15 3.7  3.77 3.84 3.93 4.09 4.15
 4.22 4.64 4.78 4.9 ]
var: 1.2041393333333335
| [0m58       [0m | [0m2.322    [0m | [0m0.0237   [0m | [0m25.42    [0m | [0m0.05534  [0m |
[0.37 0.39 0.44 0.53 0.58 0.62 0.66 0.68 0.7  0.82 0.87 0.88 0.89 0.99
 1.02 1.03 1.12 1.12 1.16 1.19 1.3  1.32 1.32 1.34 1.34 1.45 1.45 1.46
 1.47 1.47 1.49 1.62 1.67 1.68 1.7  1.71 1.72 1.73 1.76 1.79 1.82 1.83
 1.84 1.86 1.87 1.9  1.91 2.03 2.07 2.17 2.19 2.22 2.39 2.44 2.49 2.5
 2.62 2.78 3.45 4.02]
var: 0.5185576388888892
| [0m59       [0m | [0m1.554    [0m | [0m0.02753  [0m | [0m33.34    [0m | [0m0.2138   [0m |
[0.6  0.63 0.64 0.69 0.7  0.77 0.96 0.99 0.99 1.08 1.16 1.17 1.19 1.29
 1.29 1.3  1.31 1.32 1.33 1.38 1.41 1.45 1.49 1.5  1.55 1.56 1.65 1.66
 1.67 1.74 1.76 1.77 1.82 1.82 1.83 1.92 1.93 1.95 1.97 2.   2.03 2.07
 2.11 2.15 2.21 2.29 2.41 2.44 2.47 2.51 2.55 2.6  2.61 2.71 2.77 2.8
 3.28 3.38 3.65 4.12]
var: 0.5730755555555551
| [0m60       [0m | [0m1.807    [0m | [0m0.05454  [0m | [0m25.49    [0m | [0m0.08524  [0m |
[0.   0.01 0.01 0.02 0.02 0.04 0.05 0.05 0.06 0.07 0.07 0.08 0.09 0.1
 0.1  0.11 0.12 0.12 0.12 0.13 0.13 0.14 0.14 0.16 0.16 0.19 0.19 0.2
 0.2  0.21 0.22 0.23 0.25 0.25 0.27 0.27 0.27 0.27 0.28 0.32 0.32 0.33
 0.34 0.36 0.37 0.38 0.4  0.4  0.41 0.41 0.43 0.44 0.45 0.46 0.47 0.48
 0.5  0.53 0.57 0.69]
var: 0.026915666666666616
| [0m61       [0m | [0m0.241    [0m | [0m0.232    [0m | [0m49.61    [0m | [0m2.336    [0m |
[0.43 0.56 0.57 0.63 0.66 0.73 0.8  0.81 0.86 0.87 0.88 0.89 0.9  0.95
 1.   1.03 1.07 1.08 1.08 1.16 1.18 1.19 1.22 1.24 1.24 1.26 1.36 1.38
 1.39 1.49 1.52 1.56 1.65 1.68 1.69 1.7  1.71 1.71 1.72 1.73 1.76 1.77
 1.82 1.83 1.92 1.94 2.02 2.08 2.18 2.59 2.62 2.68 2.76 3.2  3.32 3.36
 3.42 4.01 4.2  5.55]
var: 0.9735494166666665
| [0m62       [0m | [0m1.694    [0m | [0m0.02731  [0m | [0m33.36    [0m | [0m0.1463   [0m |
[0.01 0.05 0.06 0.07 0.08 0.09 0.1  0.1  0.11 0.11 0.11 0.15 0.17 0.17
 0.17 0.2  0.25 0.25 0.26 0.26 0.26 0.28 0.3  0.31 0.31 0.37 0.39 0.42
 0.43 0.43 0.44 0.49 0.49 0.5  0.51 0.53 0.53 0.57 0.58 0.58 0.59 0.61
 0.65 0.65 0.67 0.67 0.69 0.7  0.72 0.78 0.82 0.88 0.93 0.99 1.18 1.23
 1.24 1.27 1.63 1.9 ]
var: 0.15628497222222232
| [0m63       [0m | [0m0.5048   [0m | [0m0.106    [0m | [0m5.21     [0m | [0m1.375    [0m |
[0.02 0.05 0.05 0.07 0.1  0.14 0.14 0.18 0.26 0.26 0.26 0.26 0.28 0.34
 0.35 0.37 0.41 0.42 0.43 0.44 0.49 0.53 0.53 0.54 0.55 0.56 0.56 0.57
 0.57 0.58 0.58 0.59 0.6  0.63 0.64 0.66 0.66 0.67 0.67 0.68 0.79 0.79
 0.84 0.85 0.87 1.18 1.21 1.22 1.27 1.36 1.48 1.53 1.53 1.55 1.61 1.79
 1.81 2.03 2.47 3.22]
var: 0.39005830555555543
| [0m64       [0m | [0m0.7682   [0m | [0m0.1243   [0m | [0m15.13    [0m | [0m0.6595   [0m |
[0.   0.   0.   0.   0.   0.01 0.01 0.01 0.02 0.03 0.05 0.06 0.08 0.08
 0.09 0.09 0.1  0.11 0.11 0.13 0.14 0.15 0.16 0.16 0.19 0.21 0.22 0.22
 0.24 0.25 0.27 0.29 0.33 0.33 0.34 0.35 0.35 0.36 0.39 0.4  0.4  0.4
 0.41 0.42 0.42 0.43 0.44 0.47 0.51 0.51 0.55 0.56 0.56 0.58 0.7  0.71
 0.71 0.77 1.06 1.18]
var: 0.0669460000000001
| [0m65       [0m | [0m0.302    [0m | [0m0.06831  [0m | [0m38.72    [0m | [0m2.326    [0m |
[0.31 0.56 0.56 0.59 0.61 0.75 0.8  0.86 0.89 0.98 0.98 1.04 1.07 1.13
 1.15 1.18 1.21 1.23 1.27 1.29 1.31 1.4  1.43 1.45 1.46 1.47 1.49 1.52
 1.56 1.71 1.73 1.79 1.81 1.83 1.92 2.02 2.04 2.04 2.07 2.08 2.14 2.18
 2.19 2.21 2.21 2.27 2.34 2.36 2.51 2.58 2.66 2.76 2.76 2.88 2.91 3.24
 3.34 3.4  3.92 5.67]
var: 0.8749682222222218
| [0m66       [0m | [0m1.819    [0m | [0m0.08572  [0m | [0m19.07    [0m | [0m0.1266   [0m |
[0.   0.   0.01 0.02 0.02 0.03 0.03 0.04 0.04 0.05 0.05 0.05 0.06 0.06
 0.08 0.11 0.12 0.13 0.13 0.14 0.15 0.18 0.18 0.19 0.2  0.21 0.21 0.21
 0.33 0.34 0.34 0.35 0.36 0.41 0.43 0.43 0.45 0.49 0.52 0.54 0.55 0.55
 0.56 0.58 0.6  0.63 0.64 0.67 0.68 0.7  0.76 0.76 0.78 0.88 0.89 1.
 1.03 1.04 1.19 1.49]
var: 0.11885141666666657
| [0m67       [0m | [0m0.3945   [0m | [0m0.2921   [0m | [0m34.99    [0m | [0m0.9341   [0m |
[0.   0.   0.01 0.03 0.03 0.04 0.05 0.06 0.08 0.09 0.1  0.1  0.18 0.2
 0.2  0.22 0.23 0.24 0.25 0.25 0.26 0.27 0.27 0.28 0.28 0.29 0.3  0.31
 0.31 0.32 0.32 0.33 0.36 0.36 0.4  0.41 0.42 0.43 0.43 0.45 0.45 0.47
 0.47 0.49 0.5  0.54 0.59 0.6  0.6  0.6  0.61 0.62 0.66 0.69 0.71 0.92
 1.05 1.05 1.06 1.17]
var: 0.07620941666666683
| [0m68       [0m | [0m0.3835   [0m | [0m0.1062   [0m | [0m20.93    [0m | [0m2.611    [0m |
[0.   0.02 0.07 0.07 0.08 0.09 0.1  0.1  0.1  0.12 0.14 0.16 0.17 0.23
 0.24 0.27 0.3  0.32 0.35 0.36 0.4  0.43 0.47 0.47 0.48 0.52 0.53 0.53
 0.54 0.54 0.54 0.55 0.57 0.58 0.6  0.65 0.65 0.67 0.76 0.77 0.78 0.92
 0.98 0.98 1.   1.04 1.04 1.07 1.08 1.12 1.2  1.2  1.31 1.67 1.92 2.
 2.03 2.2  2.63 4.24]
var: 0.5439943055555557
| [0m69       [0m | [0m0.7492   [0m | [0m0.03744  [0m | [0m40.49    [0m | [0m0.6888   [0m |
[0.39 0.49 0.49 0.51 0.57 0.65 0.89 0.91 0.92 1.08 1.14 1.23 1.26 1.27
 1.32 1.33 1.36 1.37 1.37 1.39 1.4  1.45 1.46 1.53 1.55 1.66 1.67 1.75
 1.85 1.96 2.   2.02 2.03 2.04 2.05 2.08 2.08 2.21 2.37 2.41 2.49 2.52
 2.67 2.71 2.78 2.84 2.92 2.99 3.   3.12 3.22 3.24 3.31 3.42 3.56 3.95
 4.01 4.26 4.69 5.55]
var: 1.2181695555555558
| [0m70       [0m | [0m2.079    [0m | [0m0.06277  [0m | [0m25.38    [0m | [0m0.05797  [0m |
[0.34 0.54 0.55 0.56 0.57 0.59 0.63 0.64 0.64 0.69 0.73 0.75 0.76 0.86
 0.88 0.98 1.   1.13 1.17 1.19 1.2  1.21 1.23 1.24 1.25 1.28 1.31 1.31
 1.33 1.33 1.34 1.36 1.36 1.38 1.44 1.48 1.63 1.7  1.71 1.72 1.72 1.76
 1.76 1.82 1.83 1.93 1.96 1.97 2.04 2.05 2.06 2.15 2.2  2.25 2.39 2.43
 2.5  2.59 3.09 3.23]
var: 0.4228312222222222
| [0m71       [0m | [0m1.446    [0m | [0m0.1017   [0m | [0m33.22    [0m | [0m0.1092   [0m |
[0.03 0.06 0.07 0.1  0.1  0.13 0.14 0.18 0.22 0.29 0.29 0.3  0.32 0.34
 0.35 0.35 0.35 0.41 0.41 0.45 0.55 0.56 0.59 0.59 0.6  0.62 0.62 0.64
 0.67 0.68 0.68 0.69 0.72 0.73 0.75 0.76 0.77 0.78 0.79 0.83 0.99 1.03
 1.09 1.12 1.13 1.21 1.23 1.41 1.42 1.48 1.49 1.53 1.62 1.73 1.78 1.81
 1.86 2.17 2.63 2.98]
var: 0.4070343333333337
| [0m72       [0m | [0m0.837    [0m | [0m0.0179   [0m | [0m25.38    [0m | [0m0.0134   [0m |
[0.53 0.54 0.54 0.54 0.56 0.6  0.67 0.69 0.78 0.8  0.83 0.83 0.84 0.88
 0.88 0.99 1.03 1.04 1.08 1.08 1.17 1.18 1.21 1.21 1.24 1.24 1.26 1.27
 1.29 1.34 1.37 1.37 1.4  1.41 1.43 1.45 1.47 1.48 1.5  1.54 1.58 1.63
 1.67 1.73 1.75 1.75 1.82 1.93 1.99 2.07 2.1  2.21 2.25 2.37 2.41 2.45
 2.48 2.63 3.27 3.4 ]
var: 0.42290097222222245
| [0m73       [0m | [0m1.434    [0m | [0m0.09998  [0m | [0m25.35    [0m | [0m0.1103   [0m |
[0.57 0.59 0.59 0.59 0.63 0.71 0.8  0.8  0.81 0.87 0.91 1.02 1.12 1.15
 1.22 1.25 1.28 1.31 1.32 1.37 1.37 1.39 1.44 1.48 1.48 1.55 1.63 1.63
 1.64 1.64 1.67 1.67 1.75 1.78 1.8  1.8  1.93 1.93 1.99 2.03 2.2  2.24
 2.31 2.38 2.4  2.41 2.52 2.63 2.63 2.64 2.78 2.81 2.84 2.96 3.02 3.2
 3.22 3.39 3.74 3.88]
var: 0.6990316388888892
| [0m74       [0m | [0m1.812    [0m | [0m0.06654  [0m | [0m25.41    [0m | [0m0.1228   [0m |
[0.19 0.28 0.46 0.48 0.6  0.61 0.67 0.76 0.77 0.8  0.97 0.98 1.   1.02
 1.08 1.11 1.18 1.27 1.27 1.28 1.28 1.33 1.33 1.36 1.38 1.39 1.46 1.57
 1.63 1.63 1.63 1.65 1.72 1.74 1.75 1.79 1.82 1.94 1.96 1.99 2.02 2.06
 2.09 2.1  2.18 2.21 2.23 2.25 2.31 2.37 2.43 2.46 2.46 2.6  2.65 2.67
 2.71 2.75 3.05 3.46]
var: 0.5261060833333333
| [0m75       [0m | [0m1.637    [0m | [0m0.123    [0m | [0m25.45    [0m | [0m0.03907  [0m |
[0.   0.   0.01 0.02 0.02 0.03 0.04 0.07 0.07 0.1  0.1  0.11 0.11 0.13
 0.14 0.19 0.21 0.21 0.22 0.23 0.24 0.25 0.26 0.26 0.27 0.28 0.29 0.3
 0.32 0.33 0.33 0.34 0.36 0.37 0.39 0.39 0.41 0.43 0.43 0.47 0.51 0.53
 0.55 0.57 0.6  0.62 0.63 0.64 0.66 0.67 0.69 0.7  0.74 0.74 0.74 0.83
 0.91 0.95 1.71 2.17]
var: 0.14342497222222245
| [0m76       [0m | [0m0.4148   [0m | [0m0.2578   [0m | [0m23.74    [0m | [0m1.957    [0m |
[0.   0.01 0.02 0.05 0.07 0.08 0.09 0.11 0.12 0.14 0.15 0.16 0.16 0.17
 0.18 0.19 0.21 0.22 0.22 0.22 0.23 0.24 0.26 0.27 0.28 0.31 0.33 0.33
 0.33 0.34 0.34 0.36 0.36 0.36 0.36 0.37 0.39 0.41 0.42 0.43 0.46 0.47
 0.49 0.54 0.54 0.55 0.57 0.61 0.65 0.66 0.67 0.67 0.69 0.7  0.71 0.73
 0.74 0.92 1.08 2.07]
var: 0.10266830555555558
| [0m77       [0m | [0m0.3968   [0m | [0m0.121    [0m | [0m13.75    [0m | [0m2.857    [0m |
[0.28 0.42 0.46 0.79 0.79 0.81 0.91 0.92 0.99 1.01 1.08 1.11 1.28 1.29
 1.3  1.3  1.34 1.37 1.37 1.39 1.4  1.44 1.45 1.46 1.47 1.52 1.57 1.59
 1.6  1.7  1.73 1.75 1.77 1.8  1.82 1.84 1.84 1.87 1.89 1.96 1.99 2.02
 2.04 2.06 2.07 2.1  2.33 2.43 2.5  2.53 2.56 2.58 2.71 2.74 2.77 2.87
 2.95 3.89 4.09 5.06]
var: 0.7363914166666671
| [0m78       [0m | [0m1.8      [0m | [0m0.04302  [0m | [0m25.4     [0m | [0m0.04291  [0m |
[0.51 0.74 0.76 0.8  0.86 0.86 0.91 1.03 1.04 1.04 1.12 1.14 1.14 1.23
 1.37 1.44 1.48 1.6  1.71 1.71 1.72 1.72 1.72 1.79 1.9  1.91 1.93 1.94
 1.97 2.01 2.1  2.11 2.12 2.13 2.18 2.2  2.28 2.29 2.31 2.41 2.44 2.46
 2.48 2.56 2.57 2.72 2.77 2.83 2.86 2.88 2.97 3.13 3.19 3.27 3.66 3.84
 4.16 5.11 5.66 6.97]
var: 1.4079540000000008
| [0m79       [0m | [0m2.196    [0m | [0m0.007186 [0m | [0m25.34    [0m | [0m0.1205   [0m |
[0.02 0.08 0.1  0.1  0.12 0.12 0.14 0.18 0.19 0.21 0.26 0.26 0.27 0.28
 0.3  0.32 0.33 0.34 0.35 0.36 0.36 0.36 0.38 0.38 0.39 0.4  0.43 0.44
 0.44 0.48 0.48 0.5  0.5  0.5  0.5  0.54 0.59 0.59 0.62 0.62 0.64 0.64
 0.65 0.68 0.68 0.68 0.77 0.78 0.84 0.86 0.88 0.9  1.1  1.11 1.18 1.2
 1.25 1.26 1.39 2.  ]
var: 0.14176155555555559
| [0m80       [0m | [0m0.5553   [0m | [0m0.1186   [0m | [0m5.298    [0m | [0m2.071    [0m |
=============================================================
None
num_trials:  40  inits,  40  iters,  60  per
rho:  10
pthin:  0.96

Best VPT: 3.2390000000000003
Best result: {'a': 0.0005535479255467079, 'g': 33.37824942929452, 's': 0.1233278725234727}

KERNEL: nu=1.5, lengthscale=2.0, alpha=0.0005
