|   iter    |  target   |     a     |     g     |     s     |
-------------------------------------------------------------
[0.   0.02 0.02 0.03 0.06 0.08 0.11 0.12 0.13 0.15 0.16 0.17 0.18 0.18
 0.24 0.3  0.32 0.36 0.38 0.46 0.46 0.47 0.48 0.5  0.52 0.52 0.58 0.59
 0.61 0.61 0.62 0.64 0.64 0.67 0.67 0.71 0.76 0.78 0.79 0.82 0.86 0.92
 0.99 1.13 1.17 1.17 1.18 1.19 1.22 1.32 1.37 1.61 1.66 1.66 1.86 2.11
 2.23 2.69 2.89 3.76]
var: 0.5710016666666661
| [0m1        [0m | [0m0.815    [0m | [0m0.09044  [0m | [0m28.87    [0m | [0m1.249    [0m |
[0.03 0.05 0.05 0.06 0.06 0.07 0.07 0.1  0.12 0.17 0.21 0.29 0.3  0.3
 0.32 0.32 0.32 0.33 0.39 0.39 0.42 0.44 0.47 0.49 0.52 0.53 0.54 0.54
 0.56 0.58 0.58 0.59 0.59 0.64 0.68 0.68 0.69 0.73 0.73 0.79 0.82 0.83
 0.83 0.83 0.84 0.9  0.94 0.97 1.02 1.03 1.08 1.12 1.14 1.16 1.17 1.45
 1.57 1.6  1.78 1.78]
var: 0.19166888888888872
| [0m2        [0m | [0m0.6433   [0m | [0m0.2458   [0m | [0m12.05    [0m | [0m1.576    [0m |
[0.03 0.12 0.13 0.13 0.2  0.3  0.39 0.45 0.47 0.5  0.51 0.55 0.55 0.56
 0.58 0.6  0.6  0.61 0.61 0.63 0.64 0.71 0.74 0.74 0.77 0.84 0.88 0.9
 0.93 1.   1.04 1.14 1.15 1.16 1.18 1.18 1.23 1.23 1.29 1.3  1.32 1.4
 1.41 1.46 1.54 1.56 1.58 1.66 1.7  1.75 1.83 1.88 1.98 2.28 2.35 2.57
 2.65 2.82 3.35 3.6 ]
var: 0.6086845555555553
| [95m3        [0m | [95m1.154    [0m | [95m0.1731   [0m | [95m32.16    [0m | [95m0.3378   [0m |
[0.14 0.32 0.38 0.44 0.67 0.71 0.74 0.76 0.79 0.79 0.83 0.86 0.9  1.
 1.   1.06 1.06 1.06 1.08 1.11 1.12 1.16 1.26 1.3  1.36 1.41 1.44 1.46
 1.5  1.56 1.56 1.58 1.61 1.64 1.65 1.66 1.71 1.71 1.74 1.77 1.92 1.98
 2.11 2.17 2.24 2.28 2.53 2.63 2.72 2.75 2.84 2.95 2.96 3.06 3.08 3.42
 4.08 4.73 4.76 4.91]
var: 1.1647176666666674
| [95m4        [0m | [95m1.767    [0m | [95m0.1758   [0m | [95m25.45    [0m | [95m0.08222  [0m |
[0.07 0.09 0.16 0.22 0.31 0.4  0.41 0.45 0.52 0.56 0.64 0.65 0.7  0.7
 0.71 0.76 0.77 0.83 0.84 0.87 0.9  1.   1.07 1.09 1.15 1.16 1.18 1.18
 1.19 1.19 1.21 1.22 1.26 1.32 1.47 1.6  1.63 1.64 1.64 1.66 1.69 1.72
 1.77 1.85 1.85 1.92 1.95 1.96 1.99 2.06 2.16 2.17 2.22 2.23 2.49 2.56
 2.63 2.84 4.   4.4 ]
var: 0.7395448888888888
| [0m5        [0m | [0m1.381    [0m | [0m0.2753   [0m | [0m19.78    [0m | [0m0.3049   [0m |
[0.   0.02 0.02 0.03 0.03 0.03 0.05 0.1  0.12 0.12 0.13 0.14 0.15 0.17
 0.18 0.21 0.23 0.26 0.26 0.35 0.36 0.38 0.38 0.39 0.4  0.42 0.43 0.46
 0.47 0.52 0.53 0.54 0.54 0.54 0.56 0.56 0.58 0.61 0.61 0.62 0.62 0.62
 0.63 0.63 0.63 0.66 0.68 0.71 0.71 0.72 0.77 0.84 0.85 0.86 0.9  1.04
 1.04 1.06 1.31 1.67]
var: 0.1142309722222222
| [0m6        [0m | [0m0.4908   [0m | [0m0.2922   [0m | [0m20.11    [0m | [0m2.043    [0m |
[0.01 0.02 0.02 0.02 0.02 0.04 0.04 0.06 0.12 0.12 0.14 0.16 0.18 0.22
 0.23 0.24 0.25 0.26 0.27 0.28 0.29 0.3  0.3  0.3  0.31 0.36 0.36 0.38
 0.39 0.4  0.41 0.41 0.42 0.42 0.43 0.44 0.45 0.45 0.46 0.47 0.47 0.48
 0.5  0.5  0.51 0.58 0.59 0.59 0.64 0.7  0.75 0.82 0.88 0.99 1.02 1.13
 1.16 1.34 2.22 2.64]
var: 0.2189595555555556
| [0m7        [0m | [0m0.4827   [0m | [0m0.1707   [0m | [0m46.46    [0m | [0m1.389    [0m |
[0.11 0.2  0.22 0.33 0.34 0.37 0.41 0.47 0.54 0.6  0.64 0.72 0.74 0.81
 0.83 0.85 0.85 0.92 0.93 0.96 1.02 1.03 1.05 1.16 1.21 1.23 1.25 1.26
 1.27 1.29 1.31 1.32 1.38 1.41 1.41 1.43 1.46 1.47 1.52 1.6  1.65 1.71
 1.72 1.74 1.79 1.92 1.99 1.99 1.99 2.01 2.17 2.37 2.38 2.47 2.49 2.63
 2.93 3.66 4.   4.24]
var: 0.7650480833333337
| [0m8        [0m | [0m1.43     [0m | [0m0.1414   [0m | [0m11.79    [0m | [0m0.4515   [0m |
[0.   0.   0.   0.   0.   0.   0.06 0.06 0.06 0.07 0.08 0.09 0.09 0.11
 0.14 0.14 0.19 0.19 0.2  0.2  0.21 0.21 0.24 0.28 0.28 0.28 0.29 0.32
 0.33 0.35 0.37 0.4  0.47 0.47 0.47 0.48 0.49 0.5  0.5  0.5  0.52 0.52
 0.53 0.56 0.62 0.63 0.64 0.66 0.67 0.82 0.86 0.91 0.92 0.94 0.94 1.05
 1.05 1.18 1.39 1.52]
var: 0.1302509722222224
| [0m9        [0m | [0m0.4342   [0m | [0m0.2971   [0m | [0m44.6     [0m | [0m1.217    [0m |
[0.01 0.01 0.03 0.05 0.05 0.07 0.08 0.09 0.12 0.12 0.13 0.18 0.19 0.2
 0.22 0.23 0.3  0.3  0.3  0.32 0.32 0.33 0.33 0.33 0.39 0.4  0.41 0.42
 0.43 0.44 0.44 0.46 0.5  0.51 0.52 0.53 0.54 0.55 0.59 0.62 0.66 0.67
 0.67 0.71 0.71 0.74 0.85 0.91 0.95 0.97 0.99 1.09 1.17 1.33 1.38 1.41
 1.44 2.17 2.28 2.82]
var: 0.3124965555555557
| [0m10       [0m | [0m0.5997   [0m | [0m0.1431   [0m | [0m5.91     [0m | [0m1.34     [0m |
[0.08 0.12 0.14 0.18 0.21 0.24 0.27 0.27 0.28 0.32 0.35 0.36 0.38 0.4
 0.41 0.42 0.43 0.45 0.45 0.45 0.46 0.46 0.47 0.48 0.48 0.49 0.52 0.55
 0.56 0.59 0.61 0.64 0.65 0.67 0.68 0.68 0.7  0.72 0.75 0.77 0.79 0.86
 0.99 1.   1.05 1.05 1.07 1.07 1.1  1.11 1.2  1.22 1.23 1.29 1.35 1.55
 1.66 1.8  2.01 3.66]
var: 0.32512555555555595
| [0m11       [0m | [0m0.7533   [0m | [0m0.03865  [0m | [0m25.84    [0m | [0m1.291    [0m |
[0.   0.   0.   0.05 0.15 0.19 0.2  0.22 0.22 0.22 0.24 0.25 0.27 0.3
 0.32 0.33 0.35 0.36 0.38 0.39 0.4  0.4  0.4  0.41 0.42 0.45 0.45 0.45
 0.46 0.47 0.51 0.51 0.52 0.53 0.55 0.56 0.57 0.59 0.67 0.7  0.73 0.73
 0.74 0.77 0.77 0.79 0.81 0.83 0.85 0.88 0.88 0.92 0.96 0.99 1.   1.05
 1.1  1.14 1.37 1.92]
var: 0.12498941666666688
| [0m12       [0m | [0m0.5615   [0m | [0m0.2421   [0m | [0m19.02    [0m | [0m1.846    [0m |
[0.01 0.03 0.04 0.05 0.05 0.05 0.06 0.06 0.08 0.09 0.09 0.13 0.13 0.13
 0.14 0.15 0.15 0.16 0.17 0.18 0.18 0.19 0.19 0.22 0.23 0.24 0.24 0.25
 0.25 0.27 0.34 0.38 0.39 0.39 0.4  0.41 0.52 0.53 0.53 0.54 0.54 0.54
 0.59 0.59 0.61 0.63 0.64 0.67 0.72 0.77 0.79 0.89 0.98 0.99 1.01 1.07
 1.14 1.27 1.38 1.4 ]
var: 0.13247233333333325
| [0m13       [0m | [0m0.431    [0m | [0m0.05073  [0m | [0m19.37    [0m | [0m2.528    [0m |
[0.02 0.06 0.06 0.06 0.07 0.08 0.09 0.09 0.1  0.14 0.15 0.16 0.18 0.2
 0.21 0.23 0.23 0.23 0.23 0.23 0.23 0.23 0.24 0.24 0.29 0.29 0.3  0.3
 0.31 0.32 0.36 0.38 0.38 0.4  0.41 0.42 0.43 0.43 0.44 0.44 0.44 0.44
 0.5  0.54 0.58 0.59 0.6  0.61 0.63 0.64 0.71 0.72 0.8  0.8  1.   1.05
 1.06 1.08 1.3  2.65]
var: 0.16480666666666635
| [0m14       [0m | [0m0.44     [0m | [0m0.001524 [0m | [0m17.29    [0m | [0m2.707    [0m |
[0.   0.   0.02 0.05 0.05 0.05 0.06 0.07 0.1  0.11 0.17 0.17 0.19 0.19
 0.2  0.2  0.22 0.22 0.22 0.23 0.23 0.24 0.27 0.27 0.29 0.31 0.32 0.32
 0.34 0.34 0.37 0.38 0.39 0.4  0.41 0.42 0.43 0.44 0.44 0.44 0.45 0.45
 0.46 0.46 0.52 0.52 0.53 0.53 0.55 0.56 0.65 0.74 0.76 0.77 0.96 1.03
 1.12 1.17 1.2  1.4 ]
var: 0.09655555555555534
| [0m15       [0m | [0m0.4067   [0m | [0m0.1304   [0m | [0m0.8525   [0m | [0m1.964    [0m |
[0.05 0.14 0.15 0.19 0.24 0.35 0.39 0.41 0.44 0.44 0.45 0.48 0.5  0.61
 0.61 0.62 0.62 0.63 0.65 0.66 0.67 0.67 0.67 0.68 0.68 0.68 0.7  0.71
 0.75 0.81 0.84 0.85 0.86 0.91 0.96 1.06 1.08 1.09 1.1  1.11 1.12 1.13
 1.13 1.19 1.45 1.46 1.48 1.51 1.55 1.62 1.67 1.82 1.86 2.04 2.17 2.18
 2.26 2.57 2.57 3.95]
var: 0.5116528888888888
| [0m16       [0m | [0m1.037    [0m | [0m0.1777   [0m | [0m9.37     [0m | [0m0.7276   [0m |
[0.   0.02 0.08 0.11 0.12 0.13 0.29 0.39 0.49 0.51 0.54 0.54 0.57 0.59
 0.61 0.64 0.74 0.74 0.76 0.81 0.87 0.95 0.98 1.02 1.06 1.07 1.09 1.1
 1.12 1.15 1.19 1.19 1.28 1.31 1.35 1.36 1.38 1.4  1.44 1.46 1.48 1.5
 1.51 1.52 1.54 1.55 1.69 1.79 1.81 1.84 1.88 1.91 2.06 2.36 2.38 2.41
 2.43 2.56 2.62 4.29]
var: 0.6078998888888891
| [0m17       [0m | [0m1.226    [0m | [0m0.02313  [0m | [0m46.36    [0m | [0m0.4636   [0m |
[0.   0.   0.01 0.01 0.01 0.01 0.03 0.03 0.05 0.05 0.06 0.06 0.06 0.07
 0.07 0.08 0.08 0.08 0.1  0.1  0.11 0.11 0.12 0.14 0.15 0.16 0.17 0.2
 0.23 0.24 0.24 0.26 0.27 0.27 0.33 0.34 0.34 0.34 0.35 0.35 0.35 0.36
 0.37 0.39 0.46 0.47 0.48 0.48 0.48 0.49 0.49 0.53 0.55 0.57 0.58 0.6
 0.61 0.75 0.78 1.64]
var: 0.07379163888888904
| [0m18       [0m | [0m0.2852   [0m | [0m0.2188   [0m | [0m46.36    [0m | [0m2.576    [0m |
[0.   0.   0.   0.01 0.02 0.03 0.05 0.05 0.05 0.07 0.07 0.08 0.09 0.1
 0.1  0.11 0.11 0.12 0.14 0.14 0.14 0.14 0.16 0.16 0.2  0.21 0.22 0.23
 0.25 0.25 0.25 0.26 0.26 0.27 0.27 0.27 0.28 0.34 0.34 0.35 0.37 0.38
 0.4  0.4  0.4  0.42 0.45 0.46 0.46 0.46 0.54 0.55 0.59 0.65 0.68 0.81
 0.91 0.92 0.92 1.13]
var: 0.06636941666666678
| [0m19       [0m | [0m0.3015   [0m | [0m0.1718   [0m | [0m35.94    [0m | [0m2.757    [0m |
[0.   0.   0.03 0.04 0.05 0.06 0.06 0.07 0.07 0.09 0.11 0.14 0.14 0.15
 0.15 0.15 0.16 0.17 0.25 0.25 0.27 0.32 0.33 0.33 0.37 0.37 0.38 0.38
 0.38 0.39 0.4  0.41 0.42 0.45 0.45 0.48 0.48 0.52 0.54 0.56 0.56 0.56
 0.57 0.57 0.59 0.64 0.68 0.83 0.83 0.84 0.86 0.87 0.89 0.96 0.99 1.04
 1.09 1.12 1.74 3.19]
var: 0.24223941666666632
| [0m20       [0m | [0m0.4965   [0m | [0m0.2067   [0m | [0m44.45    [0m | [0m1.784    [0m |
[0.03 0.09 0.14 0.17 0.19 0.24 0.27 0.33 0.43 0.48 0.48 0.53 0.54 0.6
 0.61 0.61 0.64 0.68 0.74 0.75 0.79 0.93 1.06 1.09 1.11 1.21 1.31 1.32
 1.35 1.43 1.5  1.51 1.54 1.55 1.65 1.73 1.73 1.74 1.77 1.84 1.88 1.96
 2.05 2.15 2.21 2.22 2.22 2.29 2.34 2.35 2.38 2.4  2.47 2.71 2.72 2.89
 2.94 2.96 3.25 3.99]
var: 0.8549927499999996
| [0m21       [0m | [0m1.452    [0m | [0m0.08159  [0m | [0m17.35    [0m | [0m0.4365   [0m |
[0.   0.01 0.05 0.05 0.08 0.1  0.1  0.11 0.11 0.12 0.14 0.14 0.16 0.17
 0.19 0.19 0.2  0.2  0.21 0.22 0.23 0.24 0.25 0.26 0.29 0.3  0.3  0.32
 0.38 0.39 0.41 0.42 0.43 0.44 0.44 0.45 0.57 0.61 0.61 0.62 0.63 0.63
 0.64 0.66 0.7  0.7  0.72 0.74 0.75 0.78 0.82 0.85 0.86 0.94 0.95 1.07
 1.07 1.27 1.54 2.07]
var: 0.15500388888888886
| [0m22       [0m | [0m0.4817   [0m | [0m0.2847   [0m | [0m25.69    [0m | [0m2.257    [0m |
[0.   0.   0.09 0.12 0.16 0.16 0.16 0.17 0.28 0.34 0.36 0.36 0.37 0.39
 0.41 0.42 0.42 0.45 0.46 0.49 0.5  0.51 0.54 0.56 0.6  0.62 0.65 0.7
 0.71 0.72 0.75 0.76 0.78 0.82 0.88 0.98 1.   1.01 1.02 1.06 1.12 1.12
 1.13 1.13 1.17 1.25 1.31 1.33 1.41 1.44 1.45 1.58 1.63 1.64 1.76 1.9
 1.98 2.11 2.2  2.47]
var: 0.3462716388888886
| [0m23       [0m | [0m0.8652   [0m | [0m0.2339   [0m | [0m13.39    [0m | [0m1.051    [0m |
[0.   0.   0.   0.01 0.01 0.02 0.03 0.03 0.03 0.03 0.05 0.08 0.08 0.08
 0.09 0.1  0.1  0.1  0.13 0.14 0.16 0.17 0.2  0.2  0.23 0.25 0.3  0.3
 0.31 0.31 0.32 0.33 0.35 0.35 0.35 0.37 0.37 0.37 0.37 0.38 0.39 0.39
 0.4  0.43 0.44 0.45 0.5  0.5  0.58 0.6  0.66 0.7  0.71 0.72 0.73 0.81
 0.82 0.84 0.89 1.39]
var: 0.07957097222222226
| [0m24       [0m | [0m0.3342   [0m | [0m0.09452  [0m | [0m33.89    [0m | [0m2.355    [0m |
[0.01 0.02 0.05 0.06 0.07 0.07 0.07 0.08 0.09 0.12 0.14 0.16 0.17 0.17
 0.18 0.21 0.22 0.23 0.24 0.24 0.28 0.28 0.31 0.34 0.34 0.34 0.36 0.37
 0.42 0.43 0.44 0.44 0.45 0.48 0.5  0.5  0.55 0.56 0.57 0.57 0.62 0.69
 0.69 0.72 0.74 0.75 0.8  0.86 0.87 0.88 0.89 0.91 1.02 1.03 1.07 1.09
 1.17 1.18 1.21 1.53]
var: 0.13176875
| [0m25       [0m | [0m0.4975   [0m | [0m0.06454  [0m | [0m4.002    [0m | [0m2.07     [0m |
[0.   0.   0.01 0.02 0.03 0.03 0.05 0.05 0.05 0.08 0.09 0.1  0.11 0.12
 0.12 0.13 0.15 0.16 0.17 0.19 0.2  0.2  0.25 0.25 0.26 0.26 0.29 0.3
 0.31 0.37 0.48 0.51 0.56 0.56 0.58 0.59 0.59 0.61 0.63 0.65 0.68 0.78
 0.78 0.83 0.84 0.86 0.91 0.97 0.98 1.   1.07 1.14 1.36 1.39 1.61 1.64
 1.76 1.91 1.97 1.99]
var: 0.30003322222222206
| [0m26       [0m | [0m0.5763   [0m | [0m0.01873  [0m | [0m40.81    [0m | [0m1.329    [0m |
[0.04 0.11 0.13 0.15 0.18 0.21 0.34 0.37 0.45 0.61 0.66 0.71 0.74 0.74
 0.74 0.76 0.8  0.85 0.87 0.89 0.89 0.92 0.96 0.97 0.98 0.99 1.02 1.1
 1.13 1.13 1.13 1.15 1.16 1.19 1.22 1.23 1.24 1.24 1.26 1.3  1.31 1.35
 1.42 1.43 1.46 1.49 1.57 1.57 1.6  1.63 1.84 1.96 2.   2.05 2.1  2.18
 2.33 2.46 2.76 2.96]
var: 0.41337697222222225
| [0m27       [0m | [0m1.167    [0m | [0m0.2862   [0m | [0m20.72    [0m | [0m0.3935   [0m |
[0.   0.   0.01 0.02 0.03 0.05 0.05 0.06 0.06 0.06 0.08 0.11 0.11 0.12
 0.17 0.17 0.17 0.18 0.23 0.24 0.25 0.27 0.27 0.29 0.32 0.32 0.33 0.34
 0.34 0.34 0.34 0.35 0.35 0.36 0.37 0.41 0.42 0.44 0.44 0.49 0.49 0.51
 0.52 0.53 0.53 0.55 0.56 0.56 0.57 0.58 0.59 0.59 0.6  0.69 0.71 0.89
 1.21 1.36 1.58 1.68]
var: 0.12364788888888865
| [0m28       [0m | [0m0.4043   [0m | [0m0.2952   [0m | [0m45.28    [0m | [0m1.256    [0m |
[0.   0.02 0.02 0.02 0.04 0.05 0.05 0.06 0.06 0.11 0.12 0.17 0.17 0.33
 0.35 0.38 0.4  0.42 0.44 0.44 0.44 0.44 0.46 0.46 0.47 0.47 0.48 0.49
 0.54 0.55 0.57 0.57 0.59 0.6  0.62 0.63 0.68 0.7  0.72 0.73 0.79 0.86
 0.87 0.9  0.93 1.06 1.14 1.14 1.19 1.19 1.28 1.31 1.33 1.37 1.47 1.54
 1.79 1.85 2.01 2.62]
var: 0.30614388888888805
| [0m29       [0m | [0m0.6917   [0m | [0m0.03164  [0m | [0m12.18    [0m | [0m1.937    [0m |
[0.   0.01 0.01 0.07 0.08 0.09 0.11 0.12 0.12 0.13 0.13 0.22 0.22 0.22
 0.23 0.24 0.24 0.3  0.32 0.32 0.33 0.35 0.35 0.36 0.37 0.38 0.39 0.42
 0.45 0.47 0.49 0.5  0.51 0.52 0.54 0.59 0.62 0.64 0.65 0.66 0.67 0.67
 0.68 0.7  0.7  0.76 0.76 0.78 0.8  0.84 0.84 0.93 0.97 1.05 1.16 1.19
 1.27 1.47 1.5  1.78]
var: 0.15285497222222244
| [0m30       [0m | [0m0.5382   [0m | [0m0.1009   [0m | [0m12.23    [0m | [0m2.2      [0m |
[0.02 0.03 0.07 0.12 0.14 0.15 0.15 0.17 0.18 0.22 0.22 0.22 0.23 0.27
 0.33 0.34 0.36 0.4  0.4  0.43 0.43 0.45 0.46 0.47 0.52 0.52 0.55 0.58
 0.6  0.62 0.64 0.65 0.65 0.65 0.69 0.7  0.72 0.77 0.82 0.85 0.88 0.89
 0.92 0.92 0.95 0.99 1.04 1.16 1.24 1.28 1.31 1.39 1.49 1.75 1.8  1.84
 1.88 1.97 2.2  2.85]
var: 0.35473900000000064
| [0m31       [0m | [0m0.759    [0m | [0m0.1567   [0m | [0m28.77    [0m | [0m0.6945   [0m |
[0.12 0.14 0.18 0.26 0.27 0.33 0.44 0.45 0.46 0.47 0.47 0.47 0.48 0.56
 0.58 0.63 0.63 0.67 0.74 0.77 0.82 0.82 0.86 0.9  0.91 0.91 0.98 1.01
 1.03 1.04 1.09 1.14 1.15 1.23 1.24 1.25 1.28 1.3  1.34 1.41 1.59 1.61
 1.64 1.7  1.73 1.74 1.74 1.84 1.86 1.87 1.89 1.96 2.1  2.29 2.35 2.37
 2.69 2.86 3.43 3.93]
var: 0.644423222222222
| [0m32       [0m | [0m1.234    [0m | [0m0.05715  [0m | [0m11.8     [0m | [0m0.8278   [0m |
[0.06 0.09 0.13 0.14 0.14 0.2  0.23 0.26 0.28 0.29 0.35 0.38 0.39 0.4
 0.45 0.45 0.46 0.48 0.53 0.53 0.54 0.57 0.59 0.6  0.61 0.61 0.62 0.66
 0.66 0.69 0.71 0.74 0.74 0.81 0.85 0.86 0.89 0.89 0.91 1.01 1.08 1.12
 1.16 1.17 1.2  1.2  1.21 1.28 1.4  1.56 1.61 1.66 1.77 1.89 1.97 2.25
 2.36 2.39 2.52 2.92]
var: 0.44090822222222203
| [0m33       [0m | [0m0.9087   [0m | [0m0.2407   [0m | [0m41.58    [0m | [0m0.4039   [0m |
[0.   0.   0.01 0.01 0.01 0.04 0.04 0.04 0.04 0.04 0.05 0.05 0.05 0.07
 0.09 0.13 0.16 0.18 0.19 0.2  0.21 0.22 0.24 0.24 0.25 0.25 0.27 0.29
 0.3  0.3  0.33 0.33 0.36 0.36 0.36 0.37 0.38 0.39 0.4  0.41 0.41 0.44
 0.44 0.46 0.46 0.5  0.52 0.52 0.53 0.53 0.56 0.65 0.67 0.68 0.7  0.75
 0.77 0.82 0.89 1.6 ]
var: 0.08034622222222233
| [0m34       [0m | [0m0.3427   [0m | [0m0.1712   [0m | [0m42.97    [0m | [0m2.371    [0m |
[0.   0.   0.01 0.04 0.04 0.05 0.05 0.08 0.1  0.12 0.17 0.19 0.19 0.19
 0.22 0.23 0.23 0.25 0.27 0.27 0.29 0.31 0.36 0.36 0.36 0.36 0.38 0.38
 0.38 0.39 0.39 0.4  0.41 0.45 0.48 0.49 0.51 0.52 0.52 0.53 0.54 0.65
 0.67 0.68 0.7  0.74 0.74 0.77 0.77 0.78 0.83 0.93 0.97 0.97 1.02 1.04
 1.37 1.59 1.91 2.23]
var: 0.19605808333333374
| [0m35       [0m | [0m0.5145   [0m | [0m0.1398   [0m | [0m16.91    [0m | [0m2.687    [0m |
[0.03 0.04 0.04 0.06 0.11 0.12 0.12 0.13 0.13 0.14 0.15 0.2  0.2  0.21
 0.26 0.27 0.28 0.29 0.3  0.31 0.32 0.34 0.35 0.35 0.37 0.38 0.41 0.42
 0.43 0.45 0.45 0.45 0.46 0.47 0.49 0.52 0.54 0.54 0.54 0.57 0.59 0.6
 0.61 0.63 0.63 0.66 0.67 0.69 0.7  0.71 0.73 0.74 0.75 0.79 0.79 0.83
 0.83 0.85 1.13 1.25]
var: 0.07150433333333336
| [0m36       [0m | [0m0.457    [0m | [0m0.1349   [0m | [0m3.918    [0m | [0m2.938    [0m |
[0.   0.01 0.03 0.04 0.05 0.05 0.08 0.08 0.08 0.09 0.09 0.1  0.12 0.12
 0.13 0.14 0.15 0.15 0.16 0.16 0.17 0.18 0.18 0.19 0.2  0.21 0.21 0.24
 0.25 0.26 0.29 0.29 0.29 0.3  0.31 0.36 0.37 0.37 0.39 0.39 0.39 0.41
 0.46 0.53 0.56 0.59 0.59 0.64 0.67 0.71 0.77 0.92 0.99 0.99 1.01 1.08
 1.08 1.3  1.72 2.14]
var: 0.1782703055555556
| [0m37       [0m | [0m0.4138   [0m | [0m0.1761   [0m | [0m38.99    [0m | [0m1.705    [0m |
[0.   0.   0.01 0.01 0.02 0.02 0.02 0.03 0.04 0.06 0.09 0.09 0.1  0.1
 0.11 0.14 0.17 0.18 0.18 0.21 0.21 0.22 0.23 0.23 0.24 0.25 0.33 0.33
 0.34 0.35 0.37 0.38 0.39 0.41 0.41 0.43 0.44 0.45 0.47 0.48 0.49 0.52
 0.53 0.54 0.54 0.56 0.56 0.59 0.59 0.62 0.66 0.66 0.67 0.68 0.68 0.75
 0.81 0.84 1.09 2.19]
var: 0.11873163888888884
| [0m38       [0m | [0m0.3852   [0m | [0m0.04277  [0m | [0m40.29    [0m | [0m2.191    [0m |
[0.   0.   0.04 0.07 0.08 0.09 0.11 0.12 0.12 0.13 0.15 0.15 0.15 0.17
 0.17 0.18 0.19 0.19 0.2  0.21 0.23 0.24 0.25 0.26 0.26 0.26 0.26 0.29
 0.29 0.32 0.32 0.36 0.36 0.37 0.37 0.37 0.38 0.39 0.39 0.42 0.45 0.46
 0.46 0.47 0.47 0.51 0.56 0.56 0.61 0.65 0.65 0.66 0.67 0.75 0.76 0.87
 1.05 1.34 1.43 1.57]
var: 0.10628455555555578
| [0m39       [0m | [0m0.3977   [0m | [0m0.1142   [0m | [0m1.805    [0m | [0m2.823    [0m |
[0.01 0.01 0.03 0.05 0.06 0.07 0.1  0.14 0.14 0.16 0.21 0.25 0.26 0.27
 0.28 0.29 0.3  0.3  0.33 0.33 0.36 0.37 0.38 0.43 0.45 0.46 0.49 0.49
 0.5  0.5  0.51 0.55 0.56 0.57 0.58 0.59 0.6  0.62 0.65 0.68 0.69 0.71
 0.75 0.8  0.85 1.   1.06 1.1  1.13 1.17 1.2  1.42 1.54 1.79 1.79 1.81
 1.83 1.89 1.97 2.33]
var: 0.3222895555555552
| [0m40       [0m | [0m0.6793   [0m | [0m0.2573   [0m | [0m43.46    [0m | [0m0.5007   [0m |
[0.   0.   0.   0.   0.   0.   0.   0.   0.   0.   0.   0.   0.01 0.01
 0.01 0.01 0.01 0.01 0.01 0.01 0.02 0.02 0.02 0.02 0.02 0.02 0.03 0.04
 0.04 0.04 0.05 0.05 0.05 0.05 0.05 0.06 0.06 0.06 0.06 0.06 0.07 0.08
 0.08 0.08 0.09 0.09 0.1  0.1  0.12 0.15 0.15 0.16 0.19 0.2  0.21 0.22
 0.22 0.22 0.23 0.25]
var: 0.005178305555555562
| [0m41       [0m | [0m0.06517  [0m | [0m0.3      [0m | [0m24.69    [0m | [0m0.001    [0m |
[0.25 0.27 0.36 0.39 0.66 0.69 0.76 0.82 0.82 0.86 0.86 0.88 0.91 0.98
 1.   1.04 1.05 1.08 1.14 1.15 1.18 1.23 1.28 1.29 1.32 1.35 1.37 1.47
 1.49 1.57 1.6  1.62 1.66 1.69 1.7  1.78 1.82 1.88 1.89 1.91 1.92 1.96
 2.   2.05 2.06 2.13 2.27 2.27 2.32 2.52 2.61 2.63 2.94 3.07 3.13 3.32
 3.9  4.14 4.55 5.48]
var: 1.074742333333334
| [0m42       [0m | [0m1.739    [0m | [0m0.2859   [0m | [0m25.82    [0m | [0m0.08077  [0m |
[0.08 0.08 0.09 0.1  0.1  0.11 0.12 0.12 0.13 0.13 0.13 0.13 0.13 0.13
 0.13 0.14 0.14 0.15 0.15 0.15 0.15 0.15 0.15 0.15 0.16 0.16 0.16 0.16
 0.16 0.16 0.17 0.17 0.17 0.17 0.17 0.17 0.17 0.18 0.18 0.18 0.18 0.18
 0.19 0.19 0.2  0.2  0.2  0.21 0.21 0.22 0.22 0.23 0.23 0.23 0.23 0.24
 0.27 0.28 0.3  0.3 ]
var: 0.0024128888888889574
| [0m43       [0m | [0m0.1707   [0m | [0m1e-08    [0m | [0m25.72    [0m | [0m0.001    [0m |
[0.   0.   0.   0.   0.   0.   0.01 0.02 0.03 0.03 0.03 0.03 0.04 0.06
 0.07 0.08 0.09 0.09 0.13 0.13 0.15 0.16 0.17 0.18 0.19 0.2  0.21 0.23
 0.24 0.26 0.27 0.28 0.29 0.29 0.29 0.29 0.31 0.32 0.32 0.35 0.37 0.37
 0.39 0.41 0.42 0.43 0.43 0.44 0.46 0.47 0.51 0.51 0.52 0.52 0.54 0.6
 0.68 0.94 1.23 1.29]
var: 0.07271141666666657
| [0m44       [0m | [0m0.2895   [0m | [0m0.1455   [0m | [0m45.8     [0m | [0m2.503    [0m |
[0.   0.   0.01 0.04 0.05 0.05 0.05 0.08 0.08 0.1  0.1  0.12 0.12 0.13
 0.13 0.13 0.14 0.19 0.21 0.23 0.24 0.24 0.27 0.27 0.28 0.29 0.29 0.3
 0.3  0.32 0.35 0.35 0.36 0.37 0.37 0.39 0.4  0.41 0.43 0.44 0.45 0.47
 0.51 0.53 0.53 0.54 0.54 0.6  0.63 0.65 0.73 0.74 0.75 0.77 0.9  1.01
 1.06 1.2  1.27 1.91]
var: 0.12551433333333356
| [0m45       [0m | [0m0.407    [0m | [0m0.07238  [0m | [0m38.4     [0m | [0m1.8      [0m |
[0.   0.01 0.03 0.04 0.07 0.1  0.11 0.14 0.16 0.17 0.18 0.22 0.24 0.25
 0.25 0.26 0.28 0.28 0.31 0.32 0.32 0.33 0.35 0.36 0.4  0.4  0.44 0.45
 0.47 0.47 0.48 0.49 0.49 0.49 0.51 0.53 0.53 0.54 0.58 0.63 0.63 0.64
 0.73 0.76 0.82 0.85 0.85 0.89 0.92 0.95 0.96 0.96 1.01 1.02 1.18 1.19
 1.32 1.47 1.55 1.81]
var: 0.1619783055555558
| [0m46       [0m | [0m0.5532   [0m | [0m0.1571   [0m | [0m41.12    [0m | [0m0.9964   [0m |
[0.   0.   0.01 0.03 0.03 0.04 0.04 0.06 0.08 0.09 0.09 0.09 0.1  0.1
 0.1  0.11 0.15 0.16 0.16 0.16 0.18 0.19 0.19 0.19 0.2  0.21 0.21 0.22
 0.24 0.25 0.28 0.31 0.31 0.33 0.36 0.36 0.37 0.37 0.38 0.38 0.41 0.41
 0.42 0.43 0.43 0.45 0.5  0.52 0.52 0.53 0.57 0.68 0.74 0.8  0.8  0.92
 1.15 1.19 1.22 1.41]
var: 0.10234363888888896
| [0m47       [0m | [0m0.3538   [0m | [0m0.08269  [0m | [0m36.49    [0m | [0m2.34     [0m |
[0.   0.   0.   0.01 0.02 0.03 0.03 0.07 0.07 0.07 0.11 0.13 0.13 0.14
 0.14 0.17 0.17 0.18 0.19 0.21 0.24 0.26 0.27 0.27 0.28 0.28 0.31 0.31
 0.32 0.35 0.36 0.37 0.39 0.39 0.4  0.4  0.4  0.42 0.43 0.45 0.46 0.47
 0.49 0.52 0.56 0.56 0.56 0.56 0.59 0.6  0.64 0.69 0.69 0.71 0.73 0.89
 0.94 1.   1.03 1.28]
var: 0.07987900000000003
| [0m48       [0m | [0m0.379    [0m | [0m0.2054   [0m | [0m27.78    [0m | [0m2.461    [0m |
[0.02 0.02 0.04 0.04 0.07 0.07 0.08 0.09 0.09 0.1  0.14 0.14 0.15 0.16
 0.17 0.18 0.23 0.24 0.26 0.26 0.26 0.31 0.34 0.35 0.35 0.37 0.37 0.38
 0.38 0.41 0.41 0.44 0.46 0.48 0.49 0.49 0.51 0.51 0.51 0.53 0.55 0.56
 0.56 0.57 0.59 0.61 0.62 0.62 0.63 0.63 0.64 0.65 0.67 0.7  0.72 0.74
 0.77 0.77 1.2  1.71]
var: 0.08673275000000007
| [0m49       [0m | [0m0.4235   [0m | [0m0.2206   [0m | [0m12.92    [0m | [0m2.817    [0m |
[0.24 0.26 0.27 0.29 0.34 0.42 0.46 0.52 0.53 0.53 0.56 0.57 0.58 0.6
 0.64 0.66 0.71 0.72 0.74 0.79 0.82 0.95 1.   1.02 1.02 1.04 1.06 1.14
 1.19 1.19 1.22 1.24 1.27 1.28 1.29 1.4  1.48 1.49 1.53 1.54 1.54 1.55
 1.6  1.68 1.7  1.75 1.79 1.8  1.93 2.03 2.03 2.25 2.37 2.42 2.63 2.87
 2.98 3.02 3.11 3.25]
var: 0.6116783333333332
| [0m50       [0m | [0m1.315    [0m | [0m0.06032  [0m | [0m48.99    [0m | [0m0.2895   [0m |
[0.02 0.09 0.19 0.38 0.4  0.42 0.53 0.57 0.57 0.6  0.61 0.62 0.64 0.67
 0.68 0.68 0.69 0.69 0.69 0.7  0.72 0.73 0.76 0.76 0.81 0.82 0.86 0.91
 0.92 0.98 1.   1.03 1.04 1.04 1.05 1.05 1.06 1.09 1.09 1.11 1.12 1.15
 1.17 1.19 1.21 1.21 1.23 1.3  1.34 1.37 1.41 1.5  1.51 1.54 1.73 1.81
 1.86 2.33 2.36 3.13]
var: 0.29058122222222227
| [0m51       [0m | [0m1.012    [0m | [0m0.1925   [0m | [0m4.516    [0m | [0m0.4891   [0m |
[0.03 0.06 0.07 0.15 0.15 0.16 0.17 0.2  0.25 0.28 0.28 0.3  0.34 0.37
 0.38 0.44 0.46 0.46 0.47 0.48 0.48 0.5  0.52 0.53 0.53 0.54 0.59 0.61
 0.62 0.63 0.63 0.67 0.7  0.7  0.71 0.73 0.75 0.76 0.78 0.8  0.8  0.81
 0.84 0.86 0.89 0.93 1.02 1.03 1.03 1.04 1.12 1.16 1.2  1.21 1.28 1.64
 2.16 2.34 2.62 3.18]
var: 0.3576528888888887
| [0m52       [0m | [0m0.7573   [0m | [0m0.2641   [0m | [0m5.805    [0m | [0m1.117    [0m |
[0.   0.05 0.06 0.08 0.09 0.11 0.11 0.12 0.17 0.21 0.22 0.26 0.27 0.28
 0.3  0.31 0.31 0.33 0.33 0.35 0.36 0.36 0.36 0.38 0.42 0.42 0.43 0.45
 0.46 0.47 0.47 0.48 0.48 0.49 0.56 0.6  0.62 0.62 0.64 0.7  0.74 0.78
 0.78 0.82 0.83 0.9  0.94 0.94 0.98 1.   1.01 1.1  1.16 1.23 1.29 1.41
 1.41 1.62 1.87 2.66]
var: 0.24194666666666675
| [0m53       [0m | [0m0.62     [0m | [0m0.1868   [0m | [0m1.613    [0m | [0m1.485    [0m |
[0.01 0.03 0.03 0.07 0.08 0.09 0.14 0.15 0.15 0.18 0.18 0.22 0.22 0.23
 0.24 0.25 0.25 0.25 0.26 0.26 0.27 0.27 0.28 0.29 0.32 0.32 0.34 0.37
 0.38 0.39 0.39 0.43 0.44 0.45 0.47 0.5  0.51 0.51 0.52 0.52 0.53 0.56
 0.56 0.6  0.6  0.6  0.62 0.72 0.72 0.73 0.83 0.87 0.88 0.88 0.91 0.93
 0.98 1.05 1.06 2.46]
var: 0.14133875000000035
| [0m54       [0m | [0m0.4725   [0m | [0m0.1107   [0m | [0m45.9     [0m | [0m1.262    [0m |
[0.   0.   0.   0.   0.01 0.02 0.03 0.04 0.05 0.05 0.05 0.05 0.06 0.06
 0.06 0.07 0.07 0.09 0.1  0.1  0.1  0.1  0.13 0.14 0.14 0.17 0.21 0.21
 0.21 0.25 0.27 0.27 0.27 0.29 0.29 0.3  0.35 0.37 0.38 0.38 0.39 0.4
 0.4  0.4  0.41 0.42 0.44 0.45 0.48 0.48 0.49 0.49 0.49 0.53 0.57 0.6
 0.61 0.61 0.62 0.81]
var: 0.04190697222222213
| [0m55       [0m | [0m0.2638   [0m | [0m0.1749   [0m | [0m45.41    [0m | [0m2.886    [0m |
[0.   0.   0.   0.   0.   0.01 0.03 0.04 0.05 0.06 0.06 0.06 0.06 0.07
 0.09 0.1  0.11 0.11 0.12 0.13 0.13 0.14 0.15 0.16 0.17 0.17 0.2  0.2
 0.2  0.23 0.25 0.25 0.25 0.29 0.29 0.3  0.33 0.35 0.36 0.38 0.38 0.39
 0.39 0.39 0.41 0.41 0.46 0.47 0.49 0.5  0.55 0.56 0.56 0.64 0.65 0.66
 0.7  0.71 0.99 1.  ]
var: 0.05765163888888899
| [0m56       [0m | [0m0.2868   [0m | [0m0.1207   [0m | [0m45.68    [0m | [0m2.196    [0m |
[0.16 0.21 0.25 0.44 0.45 0.5  0.61 0.61 0.63 0.64 0.82 0.89 0.92 0.94
 0.98 1.03 1.06 1.1  1.12 1.13 1.15 1.2  1.21 1.39 1.51 1.6  1.6  1.8
 1.87 1.88 1.89 1.91 1.94 1.94 1.96 2.   2.01 2.03 2.03 2.11 2.18 2.22
 2.29 2.36 2.38 2.57 2.82 2.83 2.86 3.08 3.18 3.39 3.74 3.8  3.95 4.09
 4.51 4.73 5.24 5.26]
var: 1.566746666666667
| [95m57       [0m | [95m1.95     [0m | [95m0.1194   [0m | [95m11.55    [0m | [95m0.3737   [0m |
[0.   0.01 0.02 0.04 0.05 0.05 0.06 0.06 0.08 0.13 0.15 0.17 0.17 0.19
 0.19 0.2  0.2  0.23 0.24 0.24 0.24 0.26 0.27 0.29 0.32 0.32 0.33 0.33
 0.36 0.37 0.4  0.4  0.41 0.41 0.46 0.47 0.49 0.5  0.51 0.53 0.58 0.59
 0.6  0.6  0.6  0.68 0.7  0.7  0.73 0.74 0.76 0.78 0.79 0.8  0.81 0.86
 0.88 1.01 1.24 1.36]
var: 0.09353622222222222
| [0m58       [0m | [0m0.4327   [0m | [0m0.05621  [0m | [0m1.924    [0m | [0m2.994    [0m |
[0.07 0.15 0.27 0.28 0.37 0.37 0.4  0.41 0.53 0.53 0.54 0.61 0.72 0.73
 0.75 0.77 0.78 0.85 0.87 0.92 0.93 0.97 1.06 1.11 1.12 1.25 1.27 1.32
 1.33 1.34 1.35 1.36 1.4  1.42 1.46 1.46 1.51 1.53 1.56 1.58 1.65 1.73
 1.75 1.82 1.96 1.97 2.   2.01 2.04 2.08 2.09 2.17 2.25 2.4  2.43 2.74
 2.76 2.98 3.49 3.87]
var: 0.6629762222222221
| [0m59       [0m | [0m1.391    [0m | [0m0.2057   [0m | [0m11.55    [0m | [0m0.4416   [0m |
[0.   0.01 0.01 0.01 0.03 0.04 0.04 0.04 0.05 0.06 0.07 0.08 0.08 0.09
 0.09 0.11 0.12 0.12 0.13 0.14 0.14 0.15 0.18 0.19 0.19 0.19 0.2  0.2
 0.21 0.21 0.23 0.24 0.24 0.25 0.26 0.29 0.29 0.3  0.3  0.3  0.33 0.34
 0.36 0.38 0.4  0.42 0.45 0.49 0.51 0.53 0.53 0.59 0.62 0.63 0.67 0.68
 0.72 0.82 0.86 0.89]
var: 0.05333166666666676
| [0m60       [0m | [0m0.285    [0m | [0m0.0121   [0m | [0m28.3     [0m | [0m2.945    [0m |
[0.07 0.16 0.19 0.55 0.57 0.59 0.72 0.73 0.73 0.8  0.85 0.89 0.91 0.93
 1.03 1.05 1.1  1.11 1.12 1.13 1.16 1.25 1.25 1.32 1.37 1.43 1.54 1.55
 1.57 1.57 1.61 1.62 1.64 1.66 1.72 1.73 1.74 1.78 1.79 1.8  1.82 1.84
 1.85 1.87 1.88 1.92 1.95 2.09 2.13 2.27 2.39 2.53 2.55 2.62 2.66 2.71
 2.99 3.13 3.33 4.18]
var: 0.6342606666666665
| [0m61       [0m | [0m1.584    [0m | [0m0.281    [0m | [0m25.45    [0m | [0m0.1358   [0m |
[0.05 0.43 0.78 0.81 0.86 0.88 0.91 0.93 0.94 1.   1.12 1.22 1.27 1.29
 1.39 1.42 1.44 1.49 1.52 1.54 1.6  1.63 1.67 1.73 1.74 1.74 1.78 1.85
 1.91 1.97 2.02 2.11 2.11 2.11 2.12 2.24 2.35 2.42 2.49 2.53 2.68 2.76
 2.81 2.92 2.99 3.09 3.1  3.17 3.19 3.4  3.43 3.45 3.47 3.55 3.77 3.88
 3.97 4.91 5.09 7.73]
var: 1.6514469722222231
| [95m62       [0m | [95m2.246    [0m | [95m0.1128   [0m | [95m11.61    [0m | [95m0.2561   [0m |
[0.   0.   0.02 0.08 0.09 0.1  0.11 0.11 0.12 0.14 0.14 0.16 0.19 0.2
 0.2  0.21 0.23 0.3  0.3  0.32 0.33 0.35 0.37 0.39 0.4  0.4  0.41 0.42
 0.44 0.44 0.46 0.5  0.5  0.52 0.53 0.56 0.59 0.68 0.71 0.72 0.73 0.74
 0.77 0.78 0.8  0.81 0.81 0.9  0.94 0.97 0.99 1.03 1.08 1.1  1.16 1.21
 1.26 1.3  1.77 2.19]
var: 0.19250266666666666
| [0m63       [0m | [0m0.568    [0m | [0m0.05397  [0m | [0m1.386    [0m | [0m1.067    [0m |
[0.   0.   0.   0.   0.   0.01 0.01 0.02 0.02 0.03 0.03 0.04 0.04 0.05
 0.05 0.05 0.06 0.08 0.09 0.1  0.11 0.13 0.14 0.14 0.15 0.19 0.21 0.22
 0.22 0.24 0.27 0.28 0.29 0.32 0.33 0.34 0.39 0.41 0.44 0.46 0.47 0.52
 0.57 0.58 0.66 0.68 0.68 0.69 0.73 0.79 0.9  0.91 0.93 1.05 1.39 1.4
 1.49 1.68 1.82 4.47]
var: 0.47033030555555516
| [0m64       [0m | [0m0.4728   [0m | [0m1e-08    [0m | [0m11.6     [0m | [0m0.2694   [0m |
[0.   0.01 0.02 0.02 0.02 0.03 0.03 0.04 0.04 0.07 0.07 0.07 0.08 0.09
 0.09 0.09 0.09 0.1  0.11 0.15 0.15 0.18 0.19 0.24 0.27 0.27 0.28 0.28
 0.31 0.32 0.33 0.33 0.34 0.34 0.37 0.39 0.4  0.43 0.43 0.43 0.46 0.47
 0.48 0.49 0.5  0.55 0.56 0.59 0.63 0.64 0.64 0.65 0.65 0.66 0.69 0.75
 0.87 0.92 1.33 2.57]
var: 0.15539555555555534
| [0m65       [0m | [0m0.3767   [0m | [0m0.1618   [0m | [0m49.25    [0m | [0m1.572    [0m |
[0.   0.02 0.03 0.03 0.04 0.05 0.08 0.1  0.1  0.11 0.12 0.12 0.12 0.17
 0.2  0.21 0.21 0.21 0.22 0.24 0.26 0.27 0.27 0.29 0.31 0.32 0.32 0.35
 0.35 0.36 0.38 0.42 0.44 0.45 0.47 0.49 0.49 0.5  0.51 0.52 0.53 0.57
 0.59 0.59 0.6  0.63 0.66 0.7  0.71 0.72 0.85 0.88 0.93 0.94 0.98 1.07
 1.1  1.44 1.7  2.42]
var: 0.18614622222222238
| [0m66       [0m | [0m0.4793   [0m | [0m0.2265   [0m | [0m35.53    [0m | [0m0.9883   [0m |
[0.04 0.16 0.32 0.67 0.78 0.85 0.87 0.89 0.97 1.03 1.07 1.13 1.17 1.29
 1.29 1.34 1.45 1.46 1.47 1.6  1.65 1.72 1.73 1.74 1.75 1.75 1.81 1.83
 1.84 1.89 1.96 2.   2.07 2.13 2.13 2.14 2.15 2.15 2.19 2.21 2.33 2.38
 2.4  2.44 2.47 2.49 2.52 2.6  2.7  2.72 3.15 3.34 3.34 4.13 4.19 5.18
 5.23 5.28 6.39 6.53]
var: 1.8482750000000003
| [0m67       [0m | [0m2.175    [0m | [0m0.242    [0m | [0m11.65    [0m | [0m0.2324   [0m |
[0.19 0.41 0.49 0.49 0.63 0.63 0.63 0.76 0.85 0.96 0.99 1.   1.   1.02
 1.02 1.05 1.11 1.15 1.16 1.24 1.29 1.33 1.37 1.39 1.43 1.45 1.45 1.47
 1.49 1.51 1.52 1.56 1.59 1.6  1.71 1.72 1.73 1.86 1.88 1.89 1.92 1.92
 1.94 1.97 2.   2.09 2.19 2.23 2.48 2.67 2.8  2.81 2.88 2.97 3.19 3.31
 3.37 3.47 3.98 5.09]
var: 0.8806672222222225
| [0m68       [0m | [0m1.722    [0m | [0m0.1975   [0m | [0m11.66    [0m | [0m0.2642   [0m |
[0.06 0.19 0.28 0.37 0.45 0.46 0.51 0.69 0.8  0.92 0.93 0.94 1.02 1.06
 1.07 1.07 1.1  1.15 1.21 1.29 1.35 1.48 1.53 1.57 1.61 1.64 1.72 1.73
 1.75 1.76 1.78 1.82 1.91 2.1  2.11 2.18 2.2  2.25 2.25 2.32 2.36 2.45
 2.62 2.63 2.82 2.85 2.85 2.96 3.01 3.05 3.09 3.09 3.15 3.16 3.21 3.69
 3.9  4.36 4.38 4.61]
var: 1.1944936388888892
| [0m69       [0m | [0m1.948    [0m | [0m0.09695  [0m | [0m11.61    [0m | [0m0.3104   [0m |
[0.   0.   0.   0.02 0.03 0.04 0.05 0.05 0.06 0.08 0.08 0.1  0.1  0.11
 0.13 0.13 0.16 0.17 0.19 0.2  0.21 0.21 0.22 0.24 0.26 0.27 0.29 0.3
 0.3  0.3  0.32 0.32 0.34 0.34 0.36 0.36 0.39 0.43 0.43 0.43 0.44 0.45
 0.48 0.48 0.48 0.48 0.51 0.51 0.56 0.56 0.56 0.6  0.64 0.68 0.69 0.7
 0.78 0.83 1.13 1.17]
var: 0.06759097222222223
| [0m70       [0m | [0m0.3458   [0m | [0m0.0404   [0m | [0m25.22    [0m | [0m2.436    [0m |
[0.05 0.18 0.28 0.32 0.34 0.39 0.48 0.5  0.58 0.58 0.59 0.64 0.65 0.68
 0.68 0.7  0.72 0.73 0.75 0.79 0.81 0.81 0.84 0.85 0.87 0.88 0.92 0.97
 1.   1.01 1.03 1.03 1.05 1.06 1.1  1.12 1.17 1.18 1.2  1.21 1.23 1.29
 1.36 1.45 1.48 1.5  1.51 1.52 1.54 1.57 1.8  1.89 1.9  1.93 1.94 1.98
 2.03 2.55 2.59 2.77]
var: 0.3499780833333336
| [0m71       [0m | [0m1.11     [0m | [0m0.2813   [0m | [0m41.13    [0m | [0m0.2785   [0m |
[0.   0.07 0.13 0.17 0.17 0.2  0.22 0.24 0.25 0.28 0.3  0.35 0.38 0.38
 0.41 0.44 0.44 0.49 0.5  0.5  0.51 0.51 0.53 0.54 0.56 0.59 0.63 0.63
 0.63 0.63 0.66 0.67 0.67 0.7  0.71 0.77 0.78 0.79 0.85 0.85 0.93 0.98
 0.99 1.05 1.07 1.12 1.13 1.21 1.23 1.24 1.28 1.3  1.4  1.42 1.45 1.76
 2.08 2.26 2.51 2.55]
var: 0.3233194166666664
| [0m72       [0m | [0m0.8015   [0m | [0m0.1427   [0m | [0m10.79    [0m | [0m1.87     [0m |
[0.28 0.58 0.59 0.72 0.72 0.72 0.77 0.78 0.84 0.92 0.96 1.01 1.07 1.12
 1.18 1.18 1.18 1.2  1.23 1.26 1.26 1.28 1.37 1.43 1.49 1.68 1.69 1.7
 1.71 1.71 1.81 1.93 1.97 2.   2.04 2.06 2.07 2.13 2.18 2.26 2.27 2.29
 2.31 2.31 2.39 2.45 2.6  2.65 2.66 2.69 2.7  2.82 2.83 3.01 3.2  4.07
 4.1  5.26 5.76 8.2 ]
var: 1.7694343055555553
| [0m73       [0m | [0m2.011    [0m | [0m0.2073   [0m | [0m11.56    [0m | [0m0.2244   [0m |
[0.09 0.27 0.5  0.61 0.71 0.81 0.88 0.97 1.01 1.05 1.05 1.12 1.17 1.21
 1.24 1.32 1.46 1.46 1.5  1.54 1.54 1.57 1.58 1.66 1.72 1.81 1.85 1.86
 1.86 1.88 1.91 1.94 1.96 2.   2.05 2.06 2.07 2.09 2.25 2.33 2.4  2.45
 2.46 2.54 2.54 2.63 2.64 2.84 2.86 2.95 2.96 3.04 3.12 3.36 3.41 3.54
 4.22 4.28 4.37 4.73]
var: 1.0200938888888884
| [0m74       [0m | [0m2.022    [0m | [0m0.1516   [0m | [0m11.56    [0m | [0m0.287    [0m |
[0.28 0.3  0.32 0.47 0.77 0.83 0.83 0.85 0.96 1.01 1.12 1.17 1.3  1.47
 1.5  1.54 1.6  1.61 1.65 1.67 1.67 1.73 1.75 1.75 1.75 1.75 1.8  1.81
 1.86 1.88 1.94 2.02 2.03 2.08 2.13 2.21 2.26 2.31 2.32 2.33 2.41 2.43
 2.44 2.54 2.59 2.66 2.68 2.7  2.78 2.82 2.89 2.99 3.16 3.34 3.36 3.41
 3.43 4.29 5.51 6.5 ]
var: 1.2470862222222219
| [0m75       [0m | [0m2.093    [0m | [0m0.2908   [0m | [0m11.63    [0m | [0m0.1793   [0m |
[0.   0.   0.02 0.03 0.05 0.05 0.09 0.11 0.12 0.14 0.18 0.21 0.25 0.3
 0.31 0.32 0.33 0.35 0.37 0.38 0.38 0.4  0.51 0.57 0.59 0.62 0.65 0.65
 0.66 0.66 0.67 0.76 0.77 0.78 0.83 0.84 0.84 0.85 0.85 0.91 0.94 0.95
 0.97 0.97 0.97 0.98 1.04 1.2  1.24 1.26 1.36 1.39 1.43 1.54 1.59 1.64
 1.8  2.1  2.35 2.59]
var: 0.34381497222222246
| [0m76       [0m | [0m0.7618   [0m | [0m0.1009   [0m | [0m12.26    [0m | [0m1.947    [0m |
[0.19 0.59 0.67 0.77 0.82 0.87 0.88 0.91 0.99 1.05 1.11 1.2  1.2  1.23
 1.24 1.25 1.37 1.41 1.42 1.43 1.48 1.5  1.51 1.52 1.58 1.59 1.59 1.62
 1.68 1.76 1.87 1.93 1.96 1.99 2.06 2.12 2.17 2.2  2.27 2.42 2.63 2.63
 2.74 2.77 2.79 3.15 3.15 3.18 3.35 3.52 3.53 3.56 3.73 3.89 3.98 4.26
 4.27 4.45 4.52 6.64]
var: 1.5228428888888892
| [0m77       [0m | [0m2.169    [0m | [0m0.1905   [0m | [0m11.63    [0m | [0m0.1596   [0m |
[0.84 0.91 0.94 1.01 1.03 1.21 1.23 1.36 1.4  1.45 1.46 1.49 1.53 1.53
 1.53 1.57 1.58 1.62 1.67 1.77 1.77 1.8  1.83 1.86 1.92 1.94 2.07 2.15
 2.17 2.3  2.35 2.35 2.37 2.45 2.46 2.58 2.6  2.63 2.68 2.76 2.79 2.84
 3.   3.09 3.1  3.17 3.24 3.34 3.39 3.4  3.46 3.53 3.55 3.6  3.63 3.64
 3.81 4.29 4.81 7.68]
var: 1.3149247499999999
| [95m78       [0m | [95m2.426    [0m | [95m0.141    [0m | [95m11.72    [0m | [95m0.1308   [0m |
[0.36 0.57 0.66 0.72 0.77 0.89 0.89 1.   1.12 1.12 1.25 1.26 1.32 1.33
 1.39 1.42 1.5  1.7  1.73 1.74 1.79 1.82 1.84 1.87 1.89 1.92 1.92 1.94
 1.97 1.99 2.05 2.08 2.14 2.14 2.17 2.23 2.28 2.28 2.34 2.36 2.41 2.41
 2.43 2.49 2.61 2.63 2.66 2.69 2.73 2.77 2.85 2.95 2.99 3.15 3.2  3.22
 3.43 3.65 3.77 5.7 ]
var: 0.8376950000000007
| [0m79       [0m | [0m2.075    [0m | [0m0.2274   [0m | [0m11.75    [0m | [0m0.1377   [0m |
[0.   0.   0.05 0.06 0.06 0.08 0.09 0.1  0.12 0.13 0.13 0.14 0.15 0.15
 0.16 0.17 0.18 0.19 0.2  0.21 0.22 0.25 0.29 0.3  0.31 0.31 0.31 0.33
 0.34 0.35 0.35 0.37 0.38 0.38 0.39 0.4  0.4  0.44 0.47 0.49 0.49 0.5
 0.5  0.52 0.52 0.52 0.53 0.54 0.56 0.59 0.6  0.65 0.65 0.69 0.71 1.01
 1.38 1.77 2.08 2.53]
var: 0.21238274999999998
| [0m80       [0m | [0m0.4465   [0m | [0m0.08101  [0m | [0m23.53    [0m | [0m2.789    [0m |
=============================================================
None
num_trials:  40  inits,  40  iters,  60  per
rho:  0.9
pthin:  0.98

Best VPT: 2.425500000000001
Best result: {'a': 0.14098333056734275, 'g': 11.722979410688009, 's': 0.13082597488930386}

KERNEL: nu=1.5, lengthscale=2.0, alpha=0.0005
