|   iter    |  target   |     a     |     g     |     s     |
-------------------------------------------------------------
[0.06 0.08 0.12 0.14 0.16 0.17 0.22 0.23 0.28 0.3  0.31 0.34 0.37 0.43
 0.43 0.44 0.44 0.45 0.46 0.47 0.47 0.52 0.53 0.54 0.55 0.56 0.58 0.59
 0.66 0.69 0.69 0.72 0.78 0.79 0.8  0.81 0.85 0.86 0.86 0.89 0.94 0.99
 1.   1.02 1.04 1.09 1.2  1.22 1.42 1.55 1.56 1.67 2.15 2.16 2.55 2.78
 2.99 3.01 3.01 3.14]
var: 0.6429114166666668
| [0m1        [0m | [0m0.9355   [0m | [0m0.116    [0m | [0m22.08    [0m | [0m0.7852   [0m |
[0.   0.   0.02 0.02 0.03 0.06 0.06 0.07 0.07 0.08 0.09 0.11 0.12 0.13
 0.13 0.14 0.14 0.15 0.21 0.22 0.23 0.25 0.28 0.28 0.33 0.34 0.37 0.42
 0.44 0.45 0.46 0.46 0.47 0.47 0.48 0.54 0.56 0.6  0.61 0.62 0.63 0.64
 0.71 0.73 0.77 0.77 0.78 0.79 0.81 0.81 0.92 0.96 0.97 1.   1.   1.
 1.12 1.4  1.44 2.3 ]
var: 0.18452899999999997
| [0m2        [0m | [0m0.501    [0m | [0m0.1026   [0m | [0m25.54    [0m | [0m1.855    [0m |
[0.05 0.08 0.1  0.12 0.13 0.14 0.15 0.28 0.29 0.29 0.29 0.36 0.37 0.44
 0.46 0.47 0.48 0.52 0.54 0.55 0.65 0.69 0.73 0.75 0.75 0.75 0.76 0.77
 0.77 0.78 0.78 0.79 0.83 0.86 0.89 0.94 1.1  1.17 1.17 1.26 1.51 1.54
 1.56 1.57 1.65 1.69 1.73 1.74 1.78 2.08 2.29 2.33 2.48 2.55 2.93 2.98
 3.16 3.45 4.46 5.08]
var: 1.1455078888888897
| [95m3        [0m | [95m1.198    [0m | [95m0.05234  [0m | [95m19.59    [0m | [95m0.6584   [0m |
[0.04 0.05 0.08 0.12 0.13 0.13 0.15 0.16 0.17 0.19 0.19 0.21 0.24 0.25
 0.26 0.27 0.33 0.4  0.45 0.53 0.53 0.58 0.61 0.63 0.64 0.64 0.66 0.68
 0.74 0.79 0.8  0.81 0.83 0.86 0.92 0.98 0.99 1.01 1.01 1.07 1.1  1.22
 1.24 1.38 1.44 1.45 1.45 1.47 1.57 1.58 1.67 1.72 2.07 2.07 2.14 2.22
 2.23 3.1  3.41 4.27]
var: 0.736130305555556
| [0m4        [0m | [0m0.9822   [0m | [0m0.02494  [0m | [0m10.05    [0m | [0m1.632    [0m |
[0.   0.01 0.02 0.03 0.04 0.04 0.04 0.04 0.05 0.05 0.07 0.08 0.11 0.11
 0.11 0.13 0.15 0.16 0.16 0.16 0.17 0.18 0.2  0.2  0.2  0.21 0.21 0.21
 0.25 0.26 0.27 0.27 0.3  0.3  0.31 0.31 0.31 0.32 0.35 0.36 0.38 0.38
 0.4  0.4  0.42 0.43 0.44 0.46 0.49 0.51 0.51 0.51 0.53 0.57 0.58 0.63
 0.68 0.72 0.72 0.8 ]
var: 0.04114941666666658
| [0m5        [0m | [0m0.2885   [0m | [0m0.09632  [0m | [0m38.97    [0m | [0m2.974    [0m |
[0.   0.05 0.05 0.05 0.08 0.08 0.08 0.08 0.09 0.1  0.1  0.11 0.11 0.12
 0.13 0.14 0.16 0.17 0.18 0.2  0.2  0.21 0.22 0.22 0.23 0.24 0.24 0.26
 0.28 0.3  0.32 0.34 0.34 0.36 0.38 0.4  0.4  0.4  0.4  0.41 0.45 0.49
 0.51 0.54 0.58 0.6  0.61 0.64 0.68 0.7  0.74 0.8  0.91 0.92 0.98 1.09
 1.17 1.3  1.43 1.93]
var: 0.1476638888888891
| [0m6        [0m | [0m0.4217   [0m | [0m0.224    [0m | [0m47.2     [0m | [0m0.6174   [0m |
[0.02 0.02 0.06 0.12 0.13 0.14 0.15 0.16 0.17 0.2  0.2  0.22 0.23 0.23
 0.31 0.34 0.34 0.36 0.37 0.39 0.4  0.44 0.44 0.46 0.49 0.51 0.52 0.53
 0.54 0.55 0.58 0.59 0.59 0.63 0.69 0.7  0.7  0.72 0.75 0.78 0.78 0.79
 0.8  0.8  0.91 0.92 0.92 0.99 1.07 1.14 1.2  1.33 1.35 1.47 1.62 1.72
 1.79 1.8  2.49 2.53]
var: 0.31172163888888865
| [0m7        [0m | [0m0.7032   [0m | [0m0.1495   [0m | [0m33.84    [0m | [0m0.4535   [0m |
[0.01 0.05 0.06 0.09 0.1  0.13 0.13 0.15 0.16 0.17 0.19 0.19 0.23 0.23
 0.24 0.3  0.34 0.35 0.37 0.39 0.39 0.42 0.45 0.46 0.48 0.5  0.53 0.57
 0.58 0.6  0.61 0.64 0.67 0.72 0.78 0.82 0.82 0.83 0.84 0.86 0.98 1.
 1.   1.03 1.05 1.06 1.12 1.15 1.27 1.48 1.57 1.59 1.86 1.88 1.95 2.07
 2.09 2.14 2.17 2.87]
var: 0.4315998888888887
| [0m8        [0m | [0m0.7963   [0m | [0m0.1476   [0m | [0m15.85    [0m | [0m1.247    [0m |
[0.   0.   0.   0.01 0.01 0.04 0.04 0.04 0.04 0.04 0.04 0.08 0.08 0.09
 0.09 0.1  0.1  0.1  0.1  0.11 0.11 0.11 0.12 0.12 0.12 0.13 0.16 0.17
 0.18 0.19 0.2  0.22 0.24 0.3  0.3  0.32 0.32 0.32 0.34 0.34 0.34 0.37
 0.38 0.38 0.41 0.42 0.45 0.47 0.47 0.49 0.49 0.53 0.53 0.54 0.55 0.55
 0.58 0.59 0.68 1.  ]
var: 0.04502288888888915
| [0m9        [0m | [0m0.2607   [0m | [0m0.0343   [0m | [0m43.46    [0m | [0m2.312    [0m |
[0.03 0.09 0.14 0.15 0.2  0.2  0.24 0.3  0.33 0.33 0.33 0.36 0.37 0.38
 0.39 0.39 0.4  0.43 0.43 0.43 0.45 0.47 0.47 0.49 0.51 0.57 0.59 0.62
 0.63 0.66 0.73 0.79 0.8  0.81 0.81 0.82 0.83 0.84 0.87 0.9  0.9  0.92
 0.98 1.01 1.03 1.08 1.1  1.14 1.14 1.15 1.38 1.74 1.98 2.02 2.29 2.31
 2.57 2.88 3.62 4.61]
var: 0.7394869722222221
| [0m10       [0m | [0m0.9238   [0m | [0m0.07907  [0m | [0m4.184    [0m | [0m1.64     [0m |
[0.03 0.06 0.06 0.06 0.16 0.19 0.2  0.24 0.27 0.31 0.34 0.35 0.42 0.43
 0.44 0.5  0.51 0.51 0.52 0.53 0.6  0.61 0.65 0.65 0.66 0.67 0.68 0.7
 0.73 0.74 0.76 0.79 0.79 0.79 0.8  0.8  0.87 0.91 0.95 0.96 0.98 1.
 1.03 1.16 1.21 1.23 1.29 1.32 1.35 1.4  1.66 1.69 1.76 1.81 1.88 2.16
 2.17 2.23 2.27 2.53]
var: 0.37615475000000015
| [0m11       [0m | [0m0.8895   [0m | [0m0.1562   [0m | [0m6.739    [0m | [0m2.754    [0m |
[0.   0.02 0.02 0.03 0.04 0.04 0.04 0.04 0.05 0.06 0.07 0.07 0.08 0.09
 0.1  0.13 0.15 0.15 0.16 0.19 0.22 0.23 0.27 0.28 0.28 0.3  0.31 0.38
 0.39 0.39 0.4  0.42 0.43 0.45 0.46 0.48 0.49 0.49 0.5  0.51 0.55 0.55
 0.57 0.57 0.57 0.73 0.77 0.83 0.84 0.85 0.93 0.93 0.96 0.98 1.   1.12
 1.18 1.24 1.4  2.67]
var: 0.20852430555555554
| [0m12       [0m | [0m0.4742   [0m | [0m0.267    [0m | [0m33.97    [0m | [0m2.382    [0m |
[0.03 0.04 0.06 0.16 0.16 0.18 0.19 0.21 0.22 0.23 0.25 0.25 0.27 0.29
 0.3  0.3  0.3  0.35 0.38 0.42 0.46 0.49 0.51 0.58 0.59 0.59 0.62 0.72
 0.72 0.72 0.73 0.78 0.79 0.81 0.88 0.89 0.91 1.02 1.05 1.1  1.11 1.16
 1.17 1.23 1.24 1.26 1.33 1.34 1.36 1.49 1.5  1.51 1.58 1.7  1.78 1.97
 2.17 2.39 2.95 3.3 ]
var: 0.48903163888888895
| [0m13       [0m | [0m0.8848   [0m | [0m0.04946  [0m | [0m5.678    [0m | [0m1.871    [0m |
[0.   0.   0.   0.01 0.02 0.03 0.04 0.05 0.07 0.09 0.09 0.11 0.12 0.12
 0.13 0.14 0.15 0.15 0.16 0.18 0.19 0.21 0.21 0.21 0.23 0.24 0.24 0.26
 0.27 0.29 0.3  0.33 0.39 0.39 0.4  0.41 0.41 0.42 0.45 0.46 0.48 0.48
 0.49 0.52 0.54 0.57 0.58 0.61 0.63 0.69 0.69 0.74 0.75 0.79 0.79 0.83
 0.88 0.98 1.05 1.38]
var: 0.08999400000000012
| [0m14       [0m | [0m0.374    [0m | [0m0.0007155[0m | [0m34.17    [0m | [0m2.613    [0m |
[0.   0.   0.   0.   0.03 0.06 0.06 0.06 0.09 0.09 0.11 0.12 0.12 0.15
 0.16 0.16 0.18 0.18 0.21 0.23 0.23 0.24 0.25 0.26 0.26 0.27 0.3  0.32
 0.32 0.33 0.34 0.35 0.36 0.39 0.41 0.44 0.45 0.46 0.47 0.48 0.55 0.56
 0.57 0.57 0.61 0.62 0.64 0.73 0.73 0.74 0.77 0.82 0.84 0.89 1.02 1.05
 1.07 1.08 1.38 1.47]
var: 0.11997541666666676
| [0m15       [0m | [0m0.4275   [0m | [0m0.195    [0m | [0m41.08    [0m | [0m1.834    [0m |
[0.01 0.01 0.03 0.04 0.05 0.06 0.07 0.07 0.07 0.08 0.11 0.14 0.18 0.2
 0.23 0.25 0.26 0.3  0.3  0.31 0.31 0.32 0.33 0.33 0.33 0.34 0.35 0.37
 0.37 0.38 0.4  0.4  0.4  0.42 0.44 0.45 0.47 0.52 0.54 0.54 0.57 0.58
 0.58 0.58 0.6  0.61 0.61 0.62 0.63 0.66 0.79 0.82 0.92 0.99 1.13 1.16
 1.3  1.39 1.65 1.96]
var: 0.15899030555555577
| [0m16       [0m | [0m0.4822   [0m | [0m0.1729   [0m | [0m31.55    [0m | [0m2.708    [0m |
[0.03 0.04 0.05 0.05 0.05 0.09 0.1  0.17 0.18 0.19 0.24 0.26 0.26 0.27
 0.27 0.3  0.3  0.33 0.34 0.37 0.39 0.39 0.41 0.42 0.42 0.44 0.44 0.44
 0.46 0.48 0.49 0.51 0.54 0.54 0.62 0.63 0.65 0.67 0.7  0.75 0.78 0.78
 0.82 0.95 1.01 1.06 1.08 1.08 1.13 1.14 1.17 1.34 1.36 1.42 1.49 1.59
 1.62 1.84 2.41 3.9 ]
var: 0.42570763888888874
| [0m17       [0m | [0m0.7042   [0m | [0m0.06324  [0m | [0m25.2     [0m | [0m1.472    [0m |
[0.06 0.1  0.11 0.13 0.13 0.13 0.14 0.14 0.14 0.16 0.18 0.19 0.21 0.21
 0.22 0.23 0.24 0.26 0.28 0.28 0.33 0.35 0.35 0.37 0.4  0.4  0.41 0.46
 0.48 0.48 0.5  0.52 0.57 0.59 0.61 0.61 0.64 0.71 0.72 0.77 0.78 0.86
 0.86 0.9  0.99 0.99 0.99 1.1  1.12 1.13 1.16 1.17 1.2  1.25 1.26 1.41
 1.66 1.68 2.13 4.79]
var: 0.49833288888888894
| [0m18       [0m | [0m0.6873   [0m | [0m0.03485  [0m | [0m3.234    [0m | [0m1.303    [0m |
[0.28 0.31 0.32 0.35 0.35 0.36 0.39 0.45 0.67 0.69 0.71 0.75 0.79 0.79
 0.84 0.85 0.87 0.89 0.9  0.91 0.95 0.99 0.99 1.01 1.02 1.03 1.03 1.14
 1.16 1.26 1.27 1.29 1.33 1.36 1.37 1.39 1.43 1.52 1.52 1.52 1.54 1.75
 1.76 1.81 1.86 1.99 2.07 2.23 2.26 2.28 2.31 2.33 2.47 2.49 2.62 2.96
 3.06 3.29 3.44 3.82]
var: 0.7065383055555551
| [95m19       [0m | [95m1.423    [0m | [95m0.2388   [0m | [95m14.29    [0m | [95m0.06209  [0m |
[0.   0.   0.01 0.01 0.02 0.04 0.04 0.04 0.05 0.05 0.07 0.08 0.08 0.09
 0.1  0.1  0.11 0.13 0.14 0.14 0.14 0.14 0.15 0.16 0.18 0.21 0.21 0.23
 0.23 0.27 0.27 0.28 0.3  0.3  0.31 0.32 0.36 0.41 0.41 0.42 0.45 0.46
 0.46 0.47 0.48 0.48 0.49 0.49 0.51 0.51 0.52 0.52 0.53 0.53 0.59 0.62
 0.64 0.74 0.76 0.93]
var: 0.049279888888888936
| [0m20       [0m | [0m0.2963   [0m | [0m0.1865   [0m | [0m37.39    [0m | [0m2.763    [0m |
[0.02 0.05 0.05 0.07 0.07 0.09 0.1  0.1  0.11 0.11 0.13 0.13 0.14 0.14
 0.16 0.17 0.2  0.2  0.23 0.26 0.28 0.29 0.29 0.31 0.34 0.35 0.37 0.38
 0.39 0.42 0.42 0.44 0.44 0.46 0.47 0.47 0.48 0.48 0.5  0.51 0.53 0.54
 0.56 0.57 0.58 0.59 0.59 0.6  0.67 0.71 0.71 0.79 0.8  0.81 0.96 1.11
 1.2  1.33 1.39 1.39]
var: 0.11311097222222195
| [0m21       [0m | [0m0.4508   [0m | [0m0.1178   [0m | [0m48.15    [0m | [0m1.021    [0m |
[0.   0.01 0.01 0.01 0.02 0.03 0.03 0.05 0.06 0.07 0.07 0.07 0.07 0.08
 0.1  0.1  0.12 0.13 0.15 0.15 0.16 0.17 0.17 0.19 0.19 0.2  0.21 0.23
 0.24 0.24 0.26 0.27 0.28 0.31 0.31 0.33 0.34 0.35 0.35 0.35 0.35 0.37
 0.37 0.37 0.38 0.39 0.4  0.44 0.45 0.45 0.47 0.48 0.53 0.54 0.57 0.6
 0.61 0.74 0.75 1.1 ]
var: 0.04674288888888894
| [0m22       [0m | [0m0.2807   [0m | [0m0.1388   [0m | [0m46.55    [0m | [0m1.551    [0m |
[0.02 0.05 0.11 0.15 0.18 0.19 0.29 0.3  0.31 0.32 0.33 0.34 0.36 0.4
 0.42 0.42 0.43 0.46 0.46 0.5  0.51 0.56 0.59 0.6  0.62 0.68 0.69 0.75
 0.79 0.84 0.87 0.93 0.94 0.98 0.99 0.99 0.99 1.01 1.03 1.04 1.05 1.1
 1.12 1.12 1.12 1.23 1.25 1.36 1.44 1.45 1.47 1.56 1.61 1.84 1.92 2.19
 2.48 2.87 3.09 3.23]
var: 0.5138823333333337
| [0m23       [0m | [0m0.949    [0m | [0m0.004124 [0m | [0m13.75    [0m | [0m0.8123   [0m |
[0.04 0.07 0.08 0.1  0.11 0.11 0.11 0.13 0.14 0.15 0.15 0.15 0.16 0.17
 0.2  0.2  0.2  0.21 0.25 0.26 0.26 0.31 0.34 0.35 0.36 0.38 0.38 0.4
 0.46 0.46 0.47 0.49 0.5  0.52 0.52 0.53 0.54 0.68 0.72 0.73 0.76 0.8
 0.82 0.84 0.88 0.91 0.93 0.95 0.99 1.01 1.2  1.32 1.33 1.4  1.43 1.48
 1.71 1.73 2.2  3.79]
var: 0.4050903055555557
| [0m24       [0m | [0m0.6478   [0m | [0m0.2336   [0m | [0m18.55    [0m | [0m1.001    [0m |
[0.07 0.1  0.11 0.13 0.15 0.18 0.23 0.24 0.29 0.3  0.3  0.33 0.35 0.36
 0.36 0.39 0.41 0.44 0.45 0.46 0.47 0.47 0.49 0.49 0.5  0.52 0.55 0.56
 0.56 0.61 0.62 0.65 0.66 0.67 0.67 0.7  0.7  0.79 0.91 0.95 0.96 0.96
 0.99 1.12 1.17 1.2  1.24 1.28 1.29 1.3  1.33 1.46 1.65 1.69 1.7  1.82
 2.18 2.44 2.48 2.86]
var: 0.3953449722222219
| [0m25       [0m | [0m0.8218   [0m | [0m0.2873   [0m | [0m16.14    [0m | [0m2.847    [0m |
[0.   0.01 0.01 0.04 0.04 0.05 0.08 0.08 0.1  0.1  0.1  0.11 0.12 0.13
 0.14 0.14 0.18 0.2  0.23 0.24 0.24 0.25 0.25 0.26 0.28 0.28 0.28 0.29
 0.31 0.32 0.33 0.34 0.34 0.4  0.42 0.42 0.44 0.44 0.45 0.46 0.46 0.46
 0.46 0.46 0.47 0.49 0.51 0.52 0.52 0.59 0.61 0.63 0.71 0.72 0.77 0.86
 0.87 0.93 1.08 1.29]
var: 0.07455830555555548
| [0m26       [0m | [0m0.3718   [0m | [0m0.2981   [0m | [0m49.68    [0m | [0m1.978    [0m |
[0.   0.02 0.04 0.05 0.06 0.07 0.08 0.1  0.1  0.11 0.12 0.14 0.15 0.15
 0.18 0.24 0.24 0.25 0.26 0.26 0.27 0.27 0.29 0.29 0.3  0.32 0.35 0.38
 0.39 0.41 0.42 0.42 0.43 0.44 0.45 0.46 0.46 0.48 0.49 0.5  0.53 0.56
 0.56 0.57 0.57 0.59 0.62 0.65 0.65 0.66 0.69 0.69 0.81 0.82 0.88 0.98
 1.17 1.81]
var: 0.098953299643282
| [0m27       [0m | [0m0.4181   [0m | [0m0.04941  [0m | [0m30.66    [0m | [0m2.795    [0m |
[0.   0.01 0.08 0.09 0.1  0.11 0.11 0.14 0.17 0.18 0.2  0.22 0.24 0.24
 0.27 0.28 0.34 0.34 0.36 0.37 0.39 0.47 0.48 0.51 0.53 0.55 0.58 0.69
 0.7  0.7  0.73 0.75 0.75 0.8  0.81 0.82 0.82 0.86 0.89 0.94 1.   1.
 1.03 1.05 1.08 1.08 1.13 1.14 1.18 1.19 1.41 1.52 1.6  1.66 1.67 1.75
 1.78 1.89 1.92 2.51]
var: 0.32366830555555565
| [0m28       [0m | [0m0.7702   [0m | [0m0.2557   [0m | [0m5.658    [0m | [0m2.61     [0m |
[0.04 0.17 0.18 0.18 0.19 0.2  0.2  0.2  0.22 0.23 0.25 0.28 0.29 0.3
 0.3  0.31 0.32 0.37 0.39 0.45 0.48 0.48 0.5  0.52 0.53 0.54 0.58 0.62
 0.63 0.64 0.75 0.79 0.81 0.81 0.93 1.03 1.07 1.21 1.29 1.43 1.44 1.52
 1.55 1.6  1.61 1.65 1.67 1.73 1.75 1.81 1.89 2.01 2.11 2.15 2.28 2.39
 2.47 2.48 2.65 3.13]
var: 0.6252466666666662
| [0m29       [0m | [0m1.01     [0m | [0m0.005444 [0m | [0m3.919    [0m | [0m0.6502   [0m |
[0.   0.   0.01 0.02 0.03 0.05 0.05 0.06 0.07 0.07 0.08 0.09 0.1  0.11
 0.13 0.13 0.13 0.13 0.14 0.16 0.16 0.18 0.21 0.23 0.24 0.25 0.25 0.26
 0.27 0.29 0.29 0.3  0.3  0.3  0.31 0.34 0.34 0.36 0.37 0.4  0.41 0.42
 0.42 0.46 0.49 0.5  0.51 0.51 0.54 0.65 0.66 0.7  0.73 0.76 0.88 0.9
 1.07 1.32 1.39 2.04]
var: 0.1401269722222219
| [0m30       [0m | [0m0.3762   [0m | [0m0.02451  [0m | [0m38.7     [0m | [0m2.673    [0m |
[0.   0.   0.   0.   0.   0.   0.01 0.01 0.02 0.03 0.04 0.04 0.04 0.04
 0.05 0.06 0.06 0.06 0.07 0.07 0.09 0.09 0.1  0.1  0.12 0.13 0.17 0.17
 0.21 0.21 0.21 0.23 0.23 0.25 0.26 0.27 0.28 0.29 0.29 0.32 0.33 0.34
 0.35 0.35 0.37 0.38 0.39 0.44 0.44 0.44 0.45 0.48 0.55 0.57 0.61 0.62
 0.68 0.84 0.92 1.22]
var: 0.06336941666666664
| [0m31       [0m | [0m0.2565   [0m | [0m0.1575   [0m | [0m43.7     [0m | [0m2.932    [0m |
[0.02 0.11 0.14 0.19 0.23 0.23 0.25 0.25 0.26 0.28 0.29 0.38 0.42 0.42
 0.46 0.5  0.52 0.56 0.6  0.6  0.63 0.64 0.64 0.64 0.67 0.72 0.73 0.74
 0.74 0.79 0.8  0.8  0.83 0.83 0.84 0.85 0.87 0.94 0.95 0.97 0.97 0.98
 1.1  1.14 1.17 1.18 1.21 1.24 1.51 1.53 1.57 1.67 1.73 1.81 1.89 2.
 2.1  2.2  2.52]
var: 0.32424774490089076
| [0m32       [0m | [0m0.8788   [0m | [0m0.1246   [0m | [0m10.22    [0m | [0m1.571    [0m |
[0.16 0.17 0.19 0.21 0.22 0.22 0.31 0.34 0.35 0.36 0.37 0.38 0.39 0.41
 0.42 0.42 0.43 0.46 0.49 0.59 0.65 0.65 0.67 0.69 0.7  0.7  0.73 0.73
 0.73 0.77 0.81 0.82 0.85 0.88 0.88 0.91 0.93 1.08 1.2  1.2  1.29 1.31
 1.31 1.32 1.33 1.34 1.36 1.4  1.7  1.71 1.79 2.   2.02 2.06 2.16 2.26
 2.33 2.37 2.53]
var: 0.4153594943981611
| [0m33       [0m | [0m0.9671   [0m | [0m0.2242   [0m | [0m23.72    [0m | [0m0.02386  [0m |
[0.   0.06 0.11 0.12 0.12 0.14 0.14 0.16 0.17 0.22 0.24 0.24 0.25 0.27
 0.28 0.28 0.28 0.32 0.35 0.36 0.36 0.36 0.39 0.41 0.41 0.41 0.43 0.43
 0.5  0.51 0.51 0.52 0.53 0.58 0.6  0.63 0.68 0.69 0.69 0.71 0.74 0.78
 0.8  0.8  0.82 0.83 0.83 0.9  0.92 0.93 0.96 1.08 1.19 1.25 1.34 1.37
 1.61 1.99 3.04 4.31]
var: 0.48023208333333334
| [0m34       [0m | [0m0.6825   [0m | [0m0.1679   [0m | [0m29.44    [0m | [0m1.191    [0m |
[0.09 0.09 0.11 0.16 0.19 0.2  0.21 0.22 0.22 0.26 0.27 0.3  0.38 0.38
 0.4  0.42 0.46 0.47 0.47 0.49 0.53 0.54 0.54 0.55 0.57 0.59 0.61 0.63
 0.68 0.68 0.68 0.71 0.78 0.78 0.8  0.8  0.8  0.82 0.84 0.87 0.88 0.89
 0.96 1.02 1.03 1.08 1.09 1.1  1.22 1.24 1.27 1.31 1.48 1.71 1.79 1.79
 2.01 2.1  2.11 2.69]
var: 0.31639066666666626
| [0m35       [0m | [0m0.806    [0m | [0m0.2539   [0m | [0m14.69    [0m | [0m0.1518   [0m |
[0.03 0.03 0.04 0.05 0.06 0.06 0.07 0.08 0.08 0.1  0.13 0.14 0.15 0.15
 0.17 0.17 0.2  0.2  0.21 0.21 0.23 0.23 0.24 0.24 0.24 0.25 0.27 0.28
 0.3  0.32 0.32 0.33 0.34 0.34 0.39 0.4  0.41 0.42 0.45 0.48 0.49 0.5
 0.52 0.53 0.59 0.59 0.62 0.63 0.69 0.69 0.71 0.73 0.73 0.79 0.85 1.22
 1.38 1.43 2.67]
var: 0.18273766159149668
| [0m36       [0m | [0m0.4266   [0m | [0m0.2129   [0m | [0m32.69    [0m | [0m1.506    [0m |
[0.01 0.02 0.06 0.07 0.09 0.09 0.14 0.17 0.21 0.22 0.22 0.24 0.3  0.32
 0.35 0.42 0.42 0.43 0.44 0.48 0.52 0.59 0.64 0.65 0.65 0.68 0.69 0.72
 0.72 0.82 0.87 0.87 0.88 0.99 1.03 1.05 1.09 1.15 1.26 1.4  1.41 1.55
 1.55 1.57 1.58 1.6  1.65 1.66 1.7  1.73 1.74 1.88 1.92 1.93 1.96 2.2
 2.2  2.44 2.79 3.35]
var: 0.5821265555555556
| [0m37       [0m | [0m1.006    [0m | [0m0.2229   [0m | [0m14.1     [0m | [0m1.401    [0m |
[0.   0.   0.01 0.03 0.04 0.05 0.06 0.06 0.06 0.06 0.06 0.07 0.08 0.08
 0.09 0.09 0.1  0.13 0.13 0.15 0.18 0.19 0.19 0.19 0.2  0.2  0.22 0.25
 0.25 0.27 0.28 0.29 0.3  0.3  0.32 0.35 0.35 0.36 0.38 0.38 0.38 0.4
 0.4  0.45 0.45 0.47 0.48 0.49 0.55 0.55 0.58 0.59 0.62 0.63 0.71 0.72
 0.74 0.85 1.32 1.87]
var: 0.10270097222222208
| [0m38       [0m | [0m0.3342   [0m | [0m0.2593   [0m | [0m44.5     [0m | [0m1.709    [0m |
[0.05 0.1  0.1  0.11 0.14 0.15 0.21 0.28 0.35 0.35 0.36 0.41 0.46 0.46
 0.46 0.46 0.46 0.49 0.55 0.57 0.59 0.59 0.59 0.59 0.61 0.62 0.64 0.66
 0.67 0.72 0.72 0.77 0.77 0.77 0.78 0.85 0.89 0.99 1.   1.01 1.06 1.07
 1.08 1.11 1.24 1.26 1.53 1.55 1.59 1.62 1.65 1.66 1.8  1.9  2.13 2.29
 2.47 2.75 2.88]
var: 0.4474351623096809
| [0m39       [0m | [0m0.9151   [0m | [0m0.1408   [0m | [0m6.531    [0m | [0m1.514    [0m |
[0.01 0.02 0.02 0.05 0.08 0.08 0.09 0.09 0.14 0.15 0.19 0.22 0.23 0.24
 0.25 0.26 0.28 0.28 0.35 0.37 0.43 0.47 0.48 0.51 0.51 0.55 0.56 0.57
 0.58 0.58 0.61 0.61 0.63 0.65 0.67 0.69 0.69 0.69 0.71 0.71 0.75 0.75
 0.75 0.87 0.89 0.96 0.98 0.99 0.99 1.01 1.04 1.08 1.08 1.28 1.31 1.5
 1.88 1.99 2.   2.92]
var: 0.3013093333333335
| [0m40       [0m | [0m0.672    [0m | [0m0.01785  [0m | [0m16.66    [0m | [0m2.178    [0m |
[0.12 0.13 0.14 0.22 0.26 0.28 0.3  0.32 0.33 0.33 0.34 0.36 0.38 0.4
 0.43 0.44 0.46 0.52 0.53 0.57 0.58 0.59 0.59 0.6  0.6  0.62 0.63 0.63
 0.66 0.67 0.68 0.68 0.7  0.71 0.71 0.71 0.72 0.72 0.73 0.75 0.77 0.83
 0.83 0.85 0.87 0.9  0.9  0.95 1.   1.09 1.14 1.14 1.2  1.23 1.4  1.48
 1.62 1.64 1.93 1.97]
var: 0.17063488888888886
| [0m41       [0m | [0m0.7313   [0m | [0m0.2171   [0m | [0m23.7     [0m | [0m0.0197   [0m |
[0.01 0.02 0.02 0.02 0.04 0.04 0.05 0.05 0.05 0.06 0.08 0.09 0.09 0.11
 0.12 0.13 0.14 0.15 0.15 0.22 0.23 0.29 0.35 0.35 0.36 0.38 0.38 0.38
 0.39 0.39 0.4  0.41 0.42 0.43 0.44 0.44 0.5  0.52 0.54 0.56 0.57 0.59
 0.59 0.62 0.63 0.66 0.69 0.7  0.73 0.75 0.76 0.77 0.82 0.84 0.96 0.97
 1.09 1.15 1.31 2.28]
var: 0.1563015555555555
| [0m42       [0m | [0m0.4547   [0m | [0m0.1638   [0m | [0m28.54    [0m | [0m2.774    [0m |
[0.03 0.05 0.12 0.12 0.13 0.14 0.16 0.22 0.23 0.24 0.31 0.32 0.36 0.37
 0.37 0.38 0.39 0.44 0.5  0.51 0.54 0.56 0.61 0.65 0.67 0.73 0.73 0.74
 0.74 0.75 0.83 0.88 0.9  0.98 1.   1.01 1.02 1.02 1.02 1.06 1.1  1.14
 1.21 1.22 1.32 1.35 1.36 1.36 1.66 1.88 1.93 2.04 2.05 2.15 2.38 2.76
 3.48 3.88]
var: 0.6523854934601669
| [0m43       [0m | [0m0.9672   [0m | [0m0.09932  [0m | [0m6.533    [0m | [0m1.5      [0m |
[0.14 0.16 0.16 0.19 0.22 0.23 0.23 0.25 0.27 0.27 0.31 0.33 0.33 0.35
 0.39 0.39 0.39 0.41 0.41 0.44 0.45 0.46 0.49 0.57 0.6  0.61 0.61 0.62
 0.64 0.64 0.65 0.66 0.66 0.7  0.71 0.74 0.75 0.8  0.81 0.84 0.87 0.89
 0.92 0.93 1.02 1.13 1.14 1.19 1.21 1.24 1.24 1.26 1.29 1.45 1.52 1.66
 1.97 2.76 3.26]
var: 0.345042171789715
| [0m44       [0m | [0m0.7768   [0m | [0m0.2813   [0m | [0m14.27    [0m | [0m0.02477  [0m |
[0.02 0.04 0.05 0.06 0.11 0.13 0.13 0.15 0.18 0.19 0.22 0.25 0.32 0.34
 0.34 0.39 0.42 0.42 0.43 0.44 0.47 0.52 0.56 0.58 0.61 0.66 0.71 0.71
 0.72 0.74 0.81 0.82 0.87 0.9  0.92 1.01 1.01 1.05 1.16 1.17 1.26 1.27
 1.29 1.38 1.41 1.47 1.53 1.56 1.65 1.7  1.86 1.89 2.03 2.12 2.4  2.56
 2.84 3.28 3.31 4.  ]
var: 0.787104
| [0m45       [0m | [0m1.024    [0m | [0m0.05516  [0m | [0m19.53    [0m | [0m0.6355   [0m |
[0.03 0.2  0.23 0.28 0.31 0.33 0.34 0.34 0.35 0.36 0.39 0.41 0.44 0.49
 0.5  0.54 0.57 0.58 0.61 0.61 0.62 0.65 0.68 0.69 0.75 0.75 0.77 0.77
 0.86 0.87 0.88 0.95 0.98 1.01 1.02 1.1  1.13 1.14 1.17 1.2  1.24 1.29
 1.33 1.33 1.34 1.38 1.44 1.45 1.56 1.7  1.77 1.78 1.87 1.9  1.95 2.06
 2.1  2.26 2.27]
var: 0.33240051709278945
| [0m46       [0m | [0m0.9817   [0m | [0m0.03476  [0m | [0m19.57    [0m | [0m0.6089   [0m |
[0.12 0.16 0.25 0.26 0.26 0.29 0.32 0.34 0.34 0.35 0.35 0.41 0.41 0.42
 0.49 0.5  0.5  0.51 0.55 0.58 0.58 0.61 0.62 0.68 0.68 0.73 0.74 0.75
 0.75 0.76 0.86 0.87 0.87 0.88 0.93 0.97 0.99 1.01 1.1  1.13 1.14 1.14
 1.17 1.22 1.22 1.24 1.32 1.37 1.41 1.47 1.48 1.56 1.66 1.73 1.8  1.88
 1.88 1.96 2.19 2.31]
var: 0.29224030555555597
| [0m47       [0m | [0m0.9178   [0m | [0m0.2105   [0m | [0m14.23    [0m | [0m0.09141  [0m |
[0.03 0.07 0.08 0.08 0.08 0.12 0.13 0.15 0.17 0.17 0.19 0.19 0.2  0.2
 0.23 0.23 0.24 0.24 0.25 0.25 0.26 0.26 0.26 0.3  0.31 0.32 0.34 0.35
 0.37 0.37 0.37 0.39 0.39 0.41 0.45 0.46 0.53 0.54 0.55 0.55 0.56 0.57
 0.58 0.66 0.71 0.75 0.78 0.9  0.96 1.01 1.03 1.13 1.39 1.43 1.46 1.48
 1.48 1.55 1.92 3.15]
var: 0.3097498888888891
| [0m48       [0m | [0m0.5763   [0m | [0m0.07804  [0m | [0m36.72    [0m | [0m0.6468   [0m |
[0.09 0.17 0.18 0.2  0.27 0.27 0.35 0.36 0.38 0.42 0.43 0.5  0.52 0.54
 0.57 0.58 0.6  0.64 0.66 0.68 0.69 0.7  0.72 0.73 0.73 0.76 0.81 0.94
 0.94 0.95 0.99 1.   1.04 1.07 1.07 1.13 1.15 1.17 1.2  1.2  1.21 1.21
 1.22 1.29 1.31 1.34 1.39 1.46 1.5  1.54 1.65 1.66 1.71 1.72 1.73 1.73
 1.79 1.88 2.07 2.16]
var: 0.2693803055555556
| [0m49       [0m | [0m0.9828   [0m | [0m0.1902   [0m | [0m14.26    [0m | [0m0.09181  [0m |
[0.04 0.07 0.12 0.14 0.15 0.17 0.19 0.22 0.26 0.31 0.33 0.36 0.4  0.4
 0.41 0.41 0.43 0.45 0.51 0.53 0.55 0.56 0.56 0.59 0.62 0.68 0.7  0.72
 0.74 0.74 0.75 0.75 0.79 0.8  0.83 0.83 0.9  0.92 0.95 1.07 1.08 1.09
 1.16 1.17 1.17 1.19 1.3  1.31 1.31 1.42 1.42 1.51 1.56 1.72 1.82 1.83
 1.93 2.02 2.16 2.33]
var: 0.3164320833333337
| [0m50       [0m | [0m0.8575   [0m | [0m0.143    [0m | [0m15.85    [0m | [0m1.245    [0m |
[0.04 0.08 0.13 0.17 0.18 0.19 0.25 0.33 0.41 0.44 0.44 0.46 0.48 0.51
 0.52 0.57 0.58 0.66 0.66 0.71 0.73 0.76 0.8  0.82 0.85 0.86 0.89 0.9
 0.91 0.94 0.97 0.98 1.   1.   1.01 1.08 1.13 1.15 1.17 1.18 1.19 1.22
 1.25 1.26 1.3  1.34 1.36 1.51 1.64 1.75 1.75 1.84 2.15 2.46 2.68 2.72
 3.05 3.07 3.24 3.47]
var: 0.6609116388888889
| [0m51       [0m | [0m1.12     [0m | [0m0.08756  [0m | [0m19.61    [0m | [0m0.656    [0m |
[0.   0.07 0.08 0.14 0.16 0.2  0.21 0.22 0.23 0.25 0.27 0.28 0.28 0.29
 0.3  0.3  0.31 0.31 0.33 0.41 0.43 0.44 0.48 0.52 0.52 0.57 0.59 0.62
 0.63 0.64 0.66 0.67 0.68 0.69 0.7  0.74 0.77 0.8  0.8  0.81 0.82 0.85
 0.92 0.95 1.02 1.04 1.05 1.06 1.19 1.25 1.29 1.35 1.46 1.54 1.56 1.59
 1.75 2.27 2.29 2.32]
var: 0.3038247499999998
| [0m52       [0m | [0m0.7495   [0m | [0m0.2333   [0m | [0m31.87    [0m | [0m0.4968   [0m |
[0.04 0.16 0.17 0.19 0.24 0.27 0.3  0.33 0.36 0.38 0.39 0.43 0.46 0.46
 0.51 0.55 0.56 0.56 0.57 0.6  0.6  0.64 0.67 0.69 0.74 0.74 0.77 0.85
 0.89 0.9  0.92 0.95 0.96 0.98 0.98 1.01 1.03 1.08 1.1  1.11 1.17 1.26
 1.27 1.27 1.3  1.33 1.38 1.42 1.57 1.62 1.74 1.78 2.06 2.2  2.55 2.58
 2.75 2.81 3.02 3.02]
var: 0.5575473333333336
| [0m53       [0m | [0m1.054    [0m | [0m0.2192   [0m | [0m13.28    [0m | [0m1.135    [0m |
[0.07 0.19 0.19 0.19 0.21 0.21 0.26 0.27 0.27 0.28 0.29 0.31 0.32 0.36
 0.43 0.44 0.46 0.49 0.5  0.51 0.53 0.55 0.61 0.63 0.63 0.64 0.64 0.65
 0.66 0.68 0.68 0.71 0.9  0.91 0.91 0.95 0.99 0.99 1.15 1.2  1.24 1.27
 1.39 1.41 1.47 1.49 1.55 1.59 1.66 1.75 1.83 1.9  2.37 2.4  2.49 2.5
 2.72 2.95 3.12 3.29]
var: 0.6708987499999998
| [0m54       [0m | [0m1.038    [0m | [0m0.2371   [0m | [0m11.43    [0m | [0m1.232    [0m |
[0.   0.01 0.01 0.01 0.02 0.05 0.05 0.07 0.07 0.09 0.09 0.09 0.1  0.1
 0.14 0.14 0.15 0.23 0.24 0.25 0.28 0.28 0.29 0.29 0.34 0.35 0.35 0.37
 0.37 0.38 0.41 0.43 0.43 0.45 0.47 0.47 0.48 0.48 0.48 0.49 0.51 0.52
 0.52 0.52 0.54 0.54 0.54 0.56 0.56 0.63 0.65 0.68 0.79 0.8  0.84 1.05
 1.14 1.48 1.67 2.17]
var: 0.1618983055555558
| [0m55       [0m | [0m0.4418   [0m | [0m0.1431   [0m | [0m30.38    [0m | [0m2.331    [0m |
[0.03 0.06 0.07 0.14 0.23 0.24 0.28 0.29 0.33 0.38 0.38 0.39 0.39 0.4
 0.42 0.44 0.48 0.49 0.5  0.58 0.59 0.62 0.66 0.71 0.74 0.8  0.81 0.82
 0.84 0.86 0.87 1.03 1.07 1.12 1.17 1.26 1.27 1.28 1.29 1.32 1.33 1.49
 1.57 1.58 1.61 1.65 1.71 1.77 1.78 1.94 1.95 2.08 2.38 2.62 2.65 3.28
 3.36 3.8  3.82 3.85]
var: 0.9467403055555554
| [0m56       [0m | [0m1.198    [0m | [0m0.2029   [0m | [0m11.37    [0m | [0m1.189    [0m |
[0.05 0.12 0.22 0.25 0.26 0.28 0.29 0.3  0.32 0.38 0.39 0.4  0.44 0.46
 0.47 0.56 0.56 0.57 0.61 0.62 0.63 0.64 0.65 0.65 0.65 0.66 0.69 0.72
 0.75 0.76 0.81 0.84 0.9  0.91 0.91 0.93 0.94 0.94 0.99 1.06 1.13 1.19
 1.22 1.27 1.34 1.49 1.53 1.54 1.55 1.64 1.77 1.89 1.9  1.91 2.08 2.37
 2.42 2.45 2.66 5.14]
var: 0.6868847500000007
| [0m57       [0m | [0m1.035    [0m | [0m0.2681   [0m | [0m11.39    [0m | [0m1.138    [0m |
[0.01 0.04 0.05 0.05 0.07 0.08 0.08 0.08 0.13 0.15 0.17 0.17 0.18 0.21
 0.21 0.23 0.24 0.25 0.26 0.26 0.28 0.3  0.32 0.33 0.34 0.34 0.34 0.35
 0.36 0.37 0.38 0.38 0.4  0.47 0.52 0.52 0.53 0.54 0.54 0.55 0.57 0.59
 0.63 0.63 0.67 0.72 0.74 0.75 0.75 0.81 0.87 0.94 0.97 1.08 1.17 1.25
 1.28 1.3  1.61 2.08]
var: 0.1707383055555554
| [0m58       [0m | [0m0.5082   [0m | [0m0.1183   [0m | [0m30.39    [0m | [0m1.532    [0m |
[0.09 0.22 0.4  0.44 0.45 0.48 0.54 0.61 0.63 0.63 0.64 0.64 0.67 0.69
 0.7  0.73 0.74 0.77 0.81 0.88 0.91 0.94 0.94 0.95 0.96 0.98 1.   1.
 1.06 1.07 1.07 1.25 1.29 1.29 1.6  1.61 1.69 1.7  1.79 1.8  1.9  1.91
 1.95 1.98 2.01 2.13 2.16 2.2  2.23 2.36 2.48 2.62 2.68 2.73 2.75 3.07
 3.24 3.26 3.88 5.51]
var: 1.0219449722222218
| [95m59       [0m | [95m1.495    [0m | [95m0.2141   [0m | [95m9.764    [0m | [95m0.4348   [0m |
[0.24 0.25 0.38 0.38 0.39 0.48 0.62 0.65 0.7  0.7  0.7  0.83 0.89 0.93
 0.94 0.96 0.98 1.   1.04 1.05 1.08 1.12 1.13 1.24 1.28 1.29 1.33 1.34
 1.37 1.42 1.43 1.55 1.55 1.62 1.63 1.65 1.74 1.77 1.79 1.79 1.8  1.92
 2.   2.01 2.06 2.19 2.3  2.33 2.38 2.44 2.66 2.67 2.8  2.84 2.91 2.94
 3.13 3.38 3.38 3.78]
var: 0.739814305555556
| [95m60       [0m | [95m1.586    [0m | [95m0.2258   [0m | [95m9.803    [0m | [95m0.4831   [0m |
[0.07 0.16 0.39 0.41 0.41 0.56 0.57 0.6  0.62 0.67 0.68 0.69 0.88 0.9
 0.93 0.95 1.01 1.09 1.16 1.19 1.21 1.26 1.27 1.27 1.38 1.43 1.45 1.47
 1.48 1.52 1.56 1.59 1.59 1.63 1.63 1.66 1.67 1.69 1.79 1.93 1.99 2.01
 2.03 2.19 2.22 2.41 2.43 2.43 2.44 2.61 2.67 2.8  3.18 3.27 3.44 3.98
 4.09 4.35 6.09]
var: 1.2556197644355074
| [95m61       [0m | [95m1.713    [0m | [95m0.2368   [0m | [95m9.737    [0m | [95m0.5004   [0m |
[0.01 0.07 0.08 0.08 0.09 0.16 0.16 0.19 0.2  0.2  0.2  0.21 0.23 0.24
 0.24 0.33 0.35 0.35 0.36 0.37 0.37 0.37 0.37 0.4  0.44 0.45 0.45 0.46
 0.47 0.49 0.51 0.51 0.53 0.55 0.56 0.56 0.57 0.58 0.6  0.66 0.66 0.72
 0.72 0.82 0.82 0.85 0.93 0.95 1.01 1.04 1.06 1.17 1.18 1.19 1.22 1.26
 1.42 1.71 1.84 2.03]
var: 0.19962988888888888
| [0m62       [0m | [0m0.6103   [0m | [0m0.2733   [0m | [0m24.52    [0m | [0m1.911    [0m |
[0.24 0.33 0.41 0.46 0.53 0.54 0.54 0.59 0.64 0.67 0.68 0.7  0.71 0.74
 0.76 0.79 0.79 0.79 0.8  0.91 0.93 0.95 0.97 1.   1.02 1.03 1.08 1.09
 1.12 1.18 1.22 1.3  1.35 1.37 1.48 1.6  1.8  1.84 1.86 1.88 1.92 1.96
 2.02 2.07 2.11 2.12 2.15 2.19 2.24 2.29 2.44 2.46 2.54 2.64 2.85 3.25
 3.27 3.42 3.81 4.65]
var: 0.8911216388888887
| [0m63       [0m | [0m1.518    [0m | [0m0.2778   [0m | [0m9.743    [0m | [0m0.5031   [0m |
[0.29 0.46 0.46 0.52 0.55 0.55 0.55 0.61 0.62 0.64 0.65 0.68 0.73 0.77
 0.77 0.78 0.81 0.82 0.9  0.9  0.91 0.95 0.97 1.05 1.1  1.13 1.14 1.3
 1.31 1.45 1.46 1.48 1.49 1.5  1.55 1.57 1.58 1.59 1.68 1.73 1.73 1.86
 2.   2.02 2.03 2.17 2.18 2.31 2.38 2.41 2.56 2.64 2.68 2.86 2.86 2.89
 3.09 3.4  3.5  3.75]
var: 0.7558726666666663
| [0m64       [0m | [0m1.522    [0m | [0m0.08758  [0m | [0m7.107    [0m | [0m0.2892   [0m |
[0.04 0.09 0.12 0.14 0.18 0.24 0.25 0.28 0.31 0.36 0.45 0.51 0.54 0.58
 0.58 0.61 0.72 0.82 0.84 0.85 0.87 0.9  0.91 1.05 1.07 1.14 1.19 1.21
 1.22 1.24 1.24 1.33 1.49 1.57 1.66 1.69 1.72 1.73 1.81 1.84 1.92 2.
 2.07 2.09 2.13 2.24 2.25 2.28 2.46 2.48 2.53 2.61 2.74 2.75 2.75 2.88
 2.96 3.98 4.45 4.62]
var: 1.1247576666666677
| [0m65       [0m | [0m1.493    [0m | [0m0.1836   [0m | [0m9.757    [0m | [0m0.5125   [0m |
[0.35 0.36 0.36 0.39 0.43 0.68 0.68 0.77 0.87 0.91 0.95 1.   1.04 1.04
 1.05 1.06 1.08 1.1  1.13 1.14 1.15 1.18 1.19 1.24 1.31 1.34 1.35 1.44
 1.46 1.5  1.65 1.67 1.69 1.7  1.74 1.75 1.78 1.83 1.87 1.88 1.9  1.93
 1.98 2.05 2.07 2.08 2.09 2.18 2.24 2.24 2.42 2.47 2.56 2.66 2.68 2.87
 3.36 3.92 4.07]
var: 0.6490151680551567
| [0m66       [0m | [0m1.608    [0m | [0m0.1707   [0m | [0m7.08     [0m | [0m0.3163   [0m |
[0.03 0.08 0.12 0.15 0.18 0.19 0.22 0.23 0.23 0.23 0.23 0.27 0.29 0.32
 0.33 0.42 0.46 0.5  0.51 0.51 0.51 0.54 0.55 0.55 0.56 0.59 0.61 0.61
 0.62 0.63 0.66 0.68 0.72 0.73 0.74 0.74 0.75 0.76 0.77 0.93 0.94 0.97
 0.99 1.01 1.12 1.14 1.25 1.26 1.26 1.26 1.38 1.41 1.42 1.47 1.58 1.65
 1.75 1.9  1.92 2.66]
var: 0.2892483055555556
| [0m67       [0m | [0m0.7848   [0m | [0m0.2281   [0m | [0m18.9     [0m | [0m0.1677   [0m |
[0.04 0.11 0.22 0.29 0.34 0.36 0.36 0.57 0.72 0.78 0.78 0.79 0.83 0.85
 0.88 0.89 0.9  0.9  0.92 0.92 0.92 0.93 0.94 0.99 1.03 1.05 1.05 1.05
 1.06 1.08 1.11 1.18 1.2  1.23 1.24 1.26 1.27 1.29 1.32 1.46 1.47 1.5
 1.5  1.52 1.54 1.56 1.57 1.59 1.87 1.87 1.95 2.02 2.02 2.02 2.04 2.25
 2.41 2.42 2.46 2.48]
var: 0.3541614166666672
| [0m68       [0m | [0m1.22     [0m | [0m0.1794   [0m | [0m7.127    [0m | [0m0.2568   [0m |
[0.01 0.08 0.42 0.51 0.53 0.57 0.69 0.76 0.84 0.87 0.99 1.04 1.07 1.08
 1.11 1.13 1.14 1.16 1.2  1.25 1.25 1.28 1.33 1.35 1.37 1.4  1.4  1.41
 1.5  1.52 1.53 1.65 1.66 1.73 1.8  1.83 1.83 1.84 1.92 1.94 1.96 2.05
 2.07 2.15 2.16 2.24 2.28 2.37 2.41 2.46 2.47 2.59 2.72 2.91 3.24 3.35
 3.62 3.89 4.51 5.41]
var: 1.0190387500000009
| [95m69       [0m | [95m1.748    [0m | [95m0.08193  [0m | [95m7.031    [0m | [95m0.3498   [0m |
[0.   0.01 0.01 0.05 0.06 0.06 0.07 0.07 0.08 0.11 0.14 0.14 0.15 0.17
 0.19 0.2  0.22 0.26 0.27 0.28 0.3  0.31 0.34 0.35 0.38 0.39 0.39 0.42
 0.43 0.43 0.44 0.45 0.52 0.58 0.61 0.61 0.61 0.63 0.65 0.65 0.68 0.69
 0.69 0.73 0.8  0.83 0.87 0.9  0.93 0.94 1.03 1.11 1.18 1.29 1.29 1.35
 1.48 1.51 2.34 2.54]
var: 0.27359163888888877
| [0m70       [0m | [0m0.5868   [0m | [0m0.01588  [0m | [0m43.88    [0m | [0m0.408    [0m |
[0.22 0.33 0.35 0.39 0.4  0.49 0.64 0.66 0.71 0.72 0.83 0.91 0.92 0.92
 0.97 0.99 1.   1.01 1.01 1.05 1.1  1.14 1.19 1.2  1.21 1.21 1.22 1.22
 1.28 1.28 1.33 1.34 1.38 1.45 1.48 1.5  1.53 1.54 1.6  1.62 1.65 1.65
 1.66 1.66 1.67 1.73 1.73 1.8  1.88 1.9  1.96 2.01 2.5  2.6  2.68 2.7
 2.75 2.84 3.07 4.37]
var: 0.5726943055555557
| [0m71       [0m | [0m1.436    [0m | [0m0.1351   [0m | [0m7.039    [0m | [0m0.2482   [0m |
[0.11 0.35 0.38 0.4  0.41 0.47 0.54 0.59 0.6  0.69 0.81 0.81 0.82 0.84
 0.88 0.9  0.92 0.95 1.   1.07 1.1  1.11 1.12 1.12 1.12 1.14 1.16 1.17
 1.22 1.23 1.3  1.31 1.31 1.33 1.34 1.37 1.41 1.51 1.51 1.66 1.67 1.73
 1.83 1.85 1.89 2.2  2.28 2.39 2.41 2.45 2.48 2.54 2.94 2.96 3.09 3.2
 3.66 5.36 6.04]
var: 1.2209372594082162
| [0m72       [0m | [0m1.56     [0m | [0m0.1165   [0m | [0m7.082    [0m | [0m0.3915   [0m |
[0.08 0.09 0.1  0.15 0.19 0.22 0.24 0.24 0.25 0.27 0.3  0.34 0.34 0.36
 0.38 0.41 0.42 0.42 0.44 0.5  0.52 0.55 0.59 0.61 0.61 0.66 0.66 0.66
 0.67 0.7  0.75 0.76 0.78 0.83 0.89 0.92 0.99 1.05 1.06 1.07 1.07 1.09
 1.11 1.19 1.25 1.28 1.3  1.3  1.31 1.4  1.42 1.42 1.57 1.57 1.58 1.79
 2.04 2.32 2.47 3.37]
var: 0.4084559999999993
| [0m73       [0m | [0m0.882    [0m | [0m0.1813   [0m | [0m34.39    [0m | [0m0.2973   [0m |
[0.14 0.14 0.38 0.39 0.45 0.5  0.61 0.79 0.83 0.84 0.97 0.98 1.   1.1
 1.15 1.15 1.21 1.29 1.29 1.31 1.38 1.44 1.44 1.49 1.56 1.66 1.68 1.72
 1.75 1.76 1.8  1.83 1.87 1.91 1.91 1.91 1.92 1.94 1.97 1.98 2.03 2.06
 2.18 2.22 2.23 2.24 2.29 2.34 2.4  2.59 2.59 2.79 2.84 2.94 3.03 3.17
 3.31 3.4  3.58 3.73]
var: 0.731238888888889
| [95m74       [0m | [95m1.757    [0m | [95m0.05035  [0m | [95m6.891    [0m | [95m0.3631   [0m |
[0.01 0.02 0.06 0.08 0.08 0.09 0.1  0.12 0.13 0.13 0.21 0.23 0.24 0.25
 0.26 0.26 0.26 0.29 0.29 0.29 0.31 0.32 0.34 0.39 0.4  0.42 0.45 0.49
 0.5  0.52 0.54 0.56 0.57 0.57 0.62 0.63 0.65 0.65 0.66 0.71 0.73 0.81
 0.82 0.83 0.85 0.86 1.02 1.05 1.08 1.13 1.42 1.65 1.66 1.66 1.9  1.93
 2.05 2.08 2.29 2.56]
var: 0.38900155555555577
| [0m75       [0m | [0m0.7013   [0m | [0m0.1954   [0m | [0m34.74    [0m | [0m0.6834   [0m |
[0.32 0.4  0.44 0.59 0.62 0.68 0.7  0.74 0.77 0.82 0.89 0.95 1.01 1.01
 1.03 1.05 1.09 1.1  1.16 1.18 1.25 1.3  1.35 1.37 1.4  1.47 1.5  1.51
 1.51 1.54 1.55 1.58 1.73 1.74 1.74 1.77 1.8  1.84 1.86 1.95 1.95 1.98
 1.98 1.99 1.99 2.02 2.11 2.29 2.3  2.38 2.46 2.64 2.83 2.89 3.28 3.29
 3.4  3.43 3.56 3.7 ]
var: 0.698019888888889
| [0m76       [0m | [0m1.68     [0m | [0m0.005646 [0m | [0m6.949    [0m | [0m0.3806   [0m |
[0.03 0.39 0.44 0.47 0.52 0.58 0.62 0.63 0.63 0.7  0.71 0.86 0.88 0.91
 0.92 0.92 0.93 0.97 0.98 1.   1.01 1.01 1.01 1.01 1.06 1.06 1.13 1.2
 1.21 1.24 1.31 1.44 1.45 1.46 1.51 1.54 1.55 1.57 1.64 1.64 1.66 1.66
 1.67 1.68 1.8  1.82 1.82 1.84 1.87 1.97 2.02 2.23 2.28 2.3  2.42 2.64
 2.81 2.89 3.03 4.19]
var: 0.5589745555555556
| [0m77       [0m | [0m1.412    [0m | [0m0.1784   [0m | [0m6.956    [0m | [0m0.3585   [0m |
[0.05 0.19 0.21 0.24 0.27 0.29 0.35 0.39 0.39 0.45 0.46 0.55 0.78 0.81
 0.86 0.92 0.96 0.98 1.01 1.05 1.06 1.1  1.11 1.26 1.29 1.31 1.32 1.35
 1.35 1.36 1.4  1.41 1.5  1.59 1.63 1.68 1.7  1.84 1.85 1.89 1.89 1.93
 1.94 2.19 2.26 2.34 2.41 2.42 2.59 2.63 2.71 2.78 2.91 3.35 3.37 3.39
 3.48 4.35 4.61]
var: 1.087617925883367
| [0m78       [0m | [0m1.589    [0m | [0m0.05999  [0m | [0m6.942    [0m | [0m0.531    [0m |
[0.01 0.04 0.07 0.09 0.09 0.12 0.12 0.14 0.14 0.16 0.16 0.17 0.19 0.21
 0.24 0.25 0.25 0.27 0.31 0.35 0.36 0.36 0.39 0.4  0.4  0.42 0.43 0.45
 0.46 0.48 0.51 0.55 0.6  0.63 0.66 0.68 0.68 0.68 0.69 0.78 0.8  0.89
 0.91 0.92 0.96 0.97 0.99 1.   1.   1.01 1.01 1.15 1.19 1.21 1.26 1.66
 1.69 1.71 1.71 1.77]
var: 0.22079333333333326
| [0m79       [0m | [0m0.63     [0m | [0m0.006276 [0m | [0m37.49    [0m | [0m0.6364   [0m |
[0.22 0.23 0.25 0.44 0.48 0.49 0.52 0.6  0.62 0.64 0.69 0.69 0.74 0.75
 0.79 0.81 0.84 0.92 0.95 0.96 0.96 1.04 1.09 1.14 1.17 1.2  1.23 1.24
 1.24 1.27 1.27 1.35 1.4  1.44 1.5  1.52 1.59 1.7  1.86 1.99 2.   2.03
 2.09 2.18 2.28 2.4  2.41 2.65 2.82 3.03 3.14 3.15 3.31 3.37 3.39 3.49
 3.51 3.69 3.95 5.04]
var: 1.2057095555555548
| [0m80       [0m | [0m1.663    [0m | [0m0.08194  [0m | [0m6.948    [0m | [0m0.4286   [0m |
=============================================================
None
num_trials:  40  inits,  40  iters,  60  per
rho:  25
pthin:  0.96

Best VPT: 1.7566666666666677
Best result: {'a': 0.05034532223719289, 'g': 6.891349020785454, 's': 0.363082972049355}

KERNEL: nu=1.5, lengthscale=2.0, alpha=0.0005
