|   iter    |  target   |     a     |     g     |     s     |
-------------------------------------------------------------
[0.02 0.03 0.07 0.07 0.09 0.09 0.17 0.17 0.21 0.23 0.23 0.27 0.27 0.27
 0.31 0.33 0.36 0.4  0.4  0.42 0.45 0.49 0.49 0.54 0.55 0.59 0.61 0.63
 0.68 0.69 0.72 0.74 0.78 0.78 0.78 0.81 0.86 0.86 0.87 0.89 0.9  0.9
 0.91 0.95 0.95 0.97 0.99 1.01 1.03 1.08 1.11 1.21 1.28 1.28 1.35 1.36
 1.42 1.52 1.55 2.37]
var: 0.2116539999999995
| [0m1        [0m | [0m0.706    [0m | [0m0.1845   [0m | [0m7.479    [0m | [0m1.515    [0m |
[0.02 0.1  0.14 0.16 0.22 0.24 0.28 0.31 0.31 0.41 0.43 0.43 0.44 0.46
 0.49 0.53 0.6  0.68 0.7  0.72 0.73 0.76 0.8  0.84 0.85 0.94 0.99 0.99
 1.   1.04 1.08 1.08 1.1  1.17 1.22 1.27 1.28 1.31 1.35 1.37 1.4  1.41
 1.47 1.5  1.62 1.68 1.68 1.7  1.72 1.74 1.76 1.87 1.92 2.08 2.2  2.39
 2.61 2.7  2.85 3.02]
var: 0.5246139999999997
| [95m2        [0m | [95m1.136    [0m | [95m0.04199  [0m | [95m6.4      [0m | [95m0.7475   [0m |
[0.   0.03 0.03 0.04 0.06 0.06 0.09 0.09 0.1  0.1  0.12 0.12 0.13 0.15
 0.15 0.17 0.17 0.17 0.18 0.18 0.2  0.27 0.28 0.28 0.29 0.31 0.32 0.4
 0.41 0.41 0.43 0.43 0.47 0.47 0.48 0.5  0.52 0.55 0.56 0.58 0.62 0.63
 0.66 0.69 0.71 0.72 0.72 0.73 0.74 0.85 0.89 0.93 0.98 1.09 1.09 1.09
 1.4  1.48 1.61 2.43]
var: 0.2059373333333334
| [0m3        [0m | [0m0.506    [0m | [0m0.1553   [0m | [0m18.54    [0m | [0m2.78     [0m |
[0.03 0.07 0.09 0.12 0.13 0.18 0.19 0.22 0.24 0.24 0.27 0.28 0.36 0.37
 0.39 0.4  0.43 0.44 0.48 0.48 0.49 0.51 0.57 0.57 0.58 0.59 0.65 0.65
 0.69 0.72 0.73 0.76 0.76 0.77 0.78 0.82 0.83 0.92 0.92 0.98 1.02 1.02
 1.05 1.07 1.08 1.08 1.12 1.16 1.22 1.25 1.35 1.37 1.38 1.39 1.43 1.62
 2.58 2.82 3.   3.26]
var: 0.4646480833333329
| [0m4        [0m | [0m0.8495   [0m | [0m0.01553  [0m | [0m3.296    [0m | [0m0.7306   [0m |
[0.05 0.09 0.15 0.19 0.26 0.45 0.49 0.52 0.63 0.64 0.7  0.75 0.8  0.8
 0.85 0.87 0.89 0.93 0.97 1.09 1.11 1.13 1.13 1.15 1.23 1.25 1.28 1.3
 1.33 1.34 1.38 1.39 1.45 1.49 1.62 1.74 1.78 1.78 1.84 1.93 1.97 1.99
 2.02 2.06 2.17 2.26 2.36 2.39 2.41 2.55 2.58 2.6  2.63 2.8  2.81 2.94
 2.94 3.02 3.07 3.42]
var: 0.7404962222222221
| [95m5        [0m | [95m1.529    [0m | [95m0.01114  [0m | [95m35.68    [0m | [95m0.3521   [0m |
[0.   0.02 0.02 0.03 0.09 0.12 0.13 0.13 0.16 0.17 0.18 0.2  0.23 0.23
 0.26 0.27 0.27 0.3  0.31 0.31 0.31 0.33 0.33 0.39 0.4  0.4  0.41 0.41
 0.42 0.47 0.47 0.48 0.5  0.53 0.55 0.56 0.57 0.62 0.63 0.64 0.65 0.66
 0.67 0.69 0.76 0.76 0.79 0.81 0.82 0.86 0.87 0.9  0.97 0.99 1.01 1.09
 1.25 1.26 1.85 1.92]
var: 0.1579514166666662
| [0m6        [0m | [0m0.5405   [0m | [0m0.247    [0m | [0m4.586    [0m | [0m1.603    [0m |
[0.   0.   0.   0.01 0.03 0.05 0.05 0.06 0.07 0.09 0.11 0.11 0.11 0.12
 0.12 0.12 0.15 0.16 0.17 0.17 0.19 0.19 0.19 0.2  0.21 0.22 0.23 0.25
 0.26 0.28 0.28 0.3  0.32 0.33 0.34 0.35 0.35 0.36 0.36 0.36 0.37 0.37
 0.39 0.42 0.43 0.43 0.46 0.46 0.47 0.52 0.56 0.58 0.59 0.62 0.67 0.68
 0.7  0.71 0.75 0.86]
var: 0.045471638888888916
| [0m7        [0m | [0m0.3052   [0m | [0m0.2812   [0m | [0m38.65    [0m | [0m2.339    [0m |
[0.03 0.04 0.06 0.08 0.09 0.1  0.16 0.18 0.18 0.24 0.26 0.28 0.28 0.31
 0.31 0.31 0.33 0.34 0.35 0.37 0.37 0.39 0.39 0.44 0.47 0.5  0.5  0.51
 0.52 0.56 0.57 0.59 0.64 0.65 0.69 0.69 0.69 0.7  0.78 0.8  0.81 0.83
 0.91 0.96 0.97 0.97 1.02 1.04 1.05 1.09 1.13 1.19 1.19 1.38 1.46 1.53
 1.67 1.83 2.02 3.12]
var: 0.3097715555555554
| [0m8        [0m | [0m0.6987   [0m | [0m0.1013   [0m | [0m32.42    [0m | [0m0.926    [0m |
[0.   0.   0.   0.01 0.01 0.01 0.01 0.02 0.02 0.03 0.04 0.04 0.04 0.05
 0.09 0.1  0.1  0.1  0.1  0.1  0.11 0.11 0.12 0.13 0.14 0.16 0.16 0.17
 0.17 0.18 0.2  0.22 0.22 0.23 0.25 0.25 0.26 0.3  0.31 0.31 0.31 0.32
 0.34 0.35 0.35 0.36 0.36 0.36 0.39 0.39 0.41 0.42 0.43 0.44 0.45 0.48
 0.51 0.69 0.99 1.44]
var: 0.059407888888888816
| [0m9        [0m | [0m0.2443   [0m | [0m0.2269   [0m | [0m47.45    [0m | [0m2.662    [0m |
[0.03 0.03 0.05 0.06 0.09 0.11 0.12 0.16 0.16 0.18 0.2  0.21 0.22 0.3
 0.39 0.39 0.43 0.44 0.45 0.46 0.48 0.5  0.52 0.54 0.54 0.54 0.58 0.61
 0.61 0.62 0.63 0.66 0.67 0.72 0.72 0.73 0.75 0.78 0.81 0.82 0.84 0.87
 0.88 0.89 0.9  0.98 0.98 1.05 1.06 1.15 1.27 1.31 1.31 1.33 1.51 1.61
 1.61 1.71 1.88 1.94]
var: 0.2291127499999997
| [0m10       [0m | [0m0.7065   [0m | [0m0.1056   [0m | [0m1.858    [0m | [0m0.5123   [0m |
[0.48 0.51 0.53 0.61 0.65 0.68 0.86 0.91 0.94 1.14 1.15 1.16 1.22 1.23
 1.3  1.36 1.43 1.43 1.44 1.48 1.49 1.55 1.62 1.62 1.64 1.64 1.65 1.69
 1.69 1.81 1.82 1.86 1.9  1.91 1.96 2.01 2.01 2.02 2.14 2.14 2.17 2.19
 2.22 2.27 2.41 2.46 2.47 2.49 2.61 2.63 2.66 2.78 2.87 3.03 3.19 3.24
 3.25 3.49 3.58 4.78]
var: 0.7280536388888891
| [95m11       [0m | [95m1.891    [0m | [95m0.05228  [0m | [95m6.963    [0m | [95m0.03278  [0m |
[0.   0.01 0.03 0.05 0.05 0.06 0.1  0.11 0.12 0.16 0.17 0.17 0.2  0.21
 0.21 0.24 0.26 0.28 0.3  0.32 0.33 0.33 0.35 0.36 0.36 0.37 0.37 0.37
 0.37 0.38 0.38 0.41 0.45 0.46 0.46 0.47 0.47 0.48 0.54 0.57 0.57 0.59
 0.62 0.64 0.65 0.67 0.71 0.72 0.73 0.83 0.94 0.97 0.97 1.07 1.2  1.23
 1.23 1.24 1.34 2.22]
var: 0.16531363888888892
| [0m12       [0m | [0m0.5078   [0m | [0m0.02238  [0m | [0m2.983    [0m | [0m2.875    [0m |
[0.02 0.07 0.08 0.08 0.12 0.13 0.14 0.14 0.15 0.18 0.2  0.2  0.22 0.22
 0.23 0.24 0.25 0.25 0.28 0.29 0.32 0.33 0.34 0.35 0.35 0.35 0.35 0.36
 0.38 0.4  0.4  0.41 0.41 0.42 0.43 0.45 0.45 0.48 0.49 0.49 0.5  0.52
 0.54 0.55 0.57 0.58 0.6  0.61 0.63 0.71 0.74 0.84 0.96 1.17 1.2  1.2
 1.23 1.24 1.33 1.83]
var: 0.13210888888888905
| [0m13       [0m | [0m0.4833   [0m | [0m0.08354  [0m | [0m1.395    [0m | [0m2.177    [0m |
[0.   0.   0.01 0.01 0.06 0.06 0.07 0.08 0.08 0.13 0.14 0.16 0.16 0.17
 0.18 0.18 0.24 0.27 0.28 0.28 0.32 0.32 0.33 0.36 0.39 0.39 0.4  0.41
 0.45 0.47 0.48 0.49 0.49 0.5  0.5  0.5  0.55 0.55 0.57 0.6  0.65 0.66
 0.71 0.76 0.78 0.83 0.88 0.96 0.97 0.98 0.98 1.02 1.05 1.06 1.08 1.21
 1.29 1.38 1.67 2.19]
var: 0.19539122222222227
| [0m14       [0m | [0m0.5457   [0m | [0m0.2494   [0m | [0m38.41    [0m | [0m1.311    [0m |
[0.01 0.03 0.04 0.04 0.05 0.06 0.07 0.08 0.08 0.08 0.1  0.1  0.13 0.13
 0.15 0.15 0.16 0.17 0.19 0.19 0.19 0.2  0.21 0.26 0.27 0.28 0.28 0.3
 0.3  0.31 0.32 0.34 0.36 0.37 0.38 0.39 0.4  0.4  0.41 0.42 0.44 0.46
 0.51 0.56 0.56 0.58 0.59 0.59 0.68 0.69 0.74 0.91 0.92 0.95 0.96 1.12
 1.18 1.18 1.47 1.82]
var: 0.14241163888888886
| [0m15       [0m | [0m0.4218   [0m | [0m0.02218  [0m | [0m21.22    [0m | [0m2.411    [0m |
[0.01 0.01 0.02 0.03 0.04 0.07 0.07 0.09 0.1  0.1  0.1  0.12 0.13 0.15
 0.16 0.17 0.19 0.23 0.23 0.24 0.29 0.34 0.34 0.35 0.41 0.41 0.46 0.47
 0.55 0.58 0.61 0.62 0.62 0.63 0.66 0.66 0.67 0.67 0.71 0.8  0.82 0.83
 0.9  0.91 0.94 0.95 0.97 1.   1.01 1.14 1.14 1.2  1.21 1.27 1.37 1.44
 2.02 2.23 2.24 2.36]
var: 0.32801233333333335
| [0m16       [0m | [0m0.651    [0m | [0m0.1664   [0m | [0m42.14    [0m | [0m0.7245   [0m |
[0.   0.   0.   0.   0.   0.02 0.02 0.03 0.04 0.04 0.05 0.05 0.08 0.09
 0.09 0.09 0.09 0.1  0.11 0.12 0.12 0.13 0.18 0.18 0.18 0.19 0.19 0.2
 0.21 0.21 0.22 0.22 0.22 0.23 0.23 0.23 0.24 0.27 0.29 0.29 0.3  0.3
 0.31 0.33 0.36 0.37 0.37 0.4  0.43 0.43 0.45 0.45 0.46 0.47 0.48 0.56
 0.56 0.57 0.59 0.72]
var: 0.03132733333333332
| [0m17       [0m | [0m0.236    [0m | [0m0.1116   [0m | [0m41.79    [0m | [0m2.433    [0m |
[0.09 0.14 0.17 0.22 0.25 0.25 0.26 0.3  0.32 0.35 0.36 0.38 0.39 0.41
 0.42 0.44 0.44 0.45 0.46 0.47 0.47 0.48 0.54 0.55 0.57 0.61 0.63 0.63
 0.64 0.64 0.66 0.68 0.69 0.71 0.71 0.77 0.84 0.84 0.85 0.9  0.92 0.93
 0.97 0.97 1.02 1.03 1.15 1.19 1.23 1.23 1.27 1.3  1.43 1.58 1.65 1.78
 1.8  1.85 2.09 2.1 ]
var: 0.24595697222222246
| [0m18       [0m | [0m0.7912   [0m | [0m0.2587   [0m | [0m33.55    [0m | [0m0.4435   [0m |
[0.05 0.22 0.24 0.27 0.56 0.57 0.59 0.62 0.63 0.63 0.69 0.72 0.72 0.81
 0.84 0.84 0.94 0.96 1.02 1.09 1.17 1.19 1.19 1.28 1.31 1.33 1.36 1.37
 1.38 1.41 1.42 1.43 1.45 1.49 1.55 1.6  1.6  1.63 1.76 1.77 1.78 1.82
 1.83 1.93 1.96 1.99 2.09 2.1  2.17 2.25 2.31 2.41 2.43 2.65 2.68 3.32
 3.42 3.47 5.38 5.78]
var: 1.1343503055555557
| [0m19       [0m | [0m1.591    [0m | [0m0.07141  [0m | [0m35.53    [0m | [0m0.1744   [0m |
[0.   0.02 0.02 0.04 0.04 0.05 0.06 0.11 0.15 0.16 0.23 0.24 0.25 0.25
 0.26 0.28 0.31 0.31 0.34 0.36 0.36 0.41 0.42 0.43 0.47 0.48 0.52 0.53
 0.54 0.56 0.6  0.63 0.63 0.64 0.65 0.65 0.68 0.7  0.77 0.78 0.79 0.81
 0.82 0.83 0.91 1.02 1.07 1.1  1.11 1.21 1.23 1.27 1.32 1.32 1.45 1.7
 1.72 2.03 2.21 4.17]
var: 0.4564876666666666
| [0m20       [0m | [0m0.717    [0m | [0m0.1874   [0m | [0m16.87    [0m | [0m1.28     [0m |
[0.   0.01 0.01 0.04 0.04 0.07 0.07 0.1  0.11 0.12 0.12 0.12 0.17 0.18
 0.18 0.25 0.27 0.29 0.31 0.33 0.37 0.39 0.42 0.46 0.47 0.47 0.48 0.48
 0.48 0.49 0.5  0.5  0.55 0.56 0.57 0.58 0.58 0.6  0.61 0.63 0.66 0.67
 0.68 0.7  0.72 0.73 0.73 0.78 0.82 0.9  0.94 0.95 0.97 0.97 0.99 1.43
 1.59 1.68 1.88 2.22]
var: 0.21087275000000033
| [0m21       [0m | [0m0.5665   [0m | [0m0.1161   [0m | [0m28.44    [0m | [0m1.681    [0m |
[0.07 0.08 0.1  0.11 0.14 0.17 0.17 0.18 0.25 0.25 0.25 0.27 0.29 0.31
 0.34 0.38 0.4  0.43 0.45 0.47 0.48 0.51 0.55 0.63 0.67 0.69 0.7  0.7
 0.7  0.74 0.76 0.81 0.85 0.86 0.9  0.92 0.99 0.99 1.05 1.08 1.12 1.17
 1.17 1.18 1.28 1.34 1.36 1.37 1.39 1.5  1.54 1.59 1.62 1.63 1.8  1.87
 2.1  2.19 2.52 3.37]
var: 0.44406222222222197
| [0m22       [0m | [0m0.8967   [0m | [0m0.249    [0m | [0m14.54    [0m | [0m0.7433   [0m |
[0.   0.   0.01 0.02 0.03 0.03 0.06 0.07 0.09 0.1  0.15 0.2  0.22 0.24
 0.27 0.29 0.3  0.33 0.34 0.35 0.35 0.36 0.39 0.41 0.41 0.44 0.45 0.47
 0.48 0.5  0.5  0.51 0.51 0.56 0.57 0.57 0.6  0.63 0.66 0.71 0.71 0.77
 0.79 0.83 0.86 0.87 0.87 0.88 1.05 1.17 1.19 1.28 1.33 1.33 1.37 1.48
 1.6  1.69 2.06 3.23]
var: 0.3327545555555556
| [0m23       [0m | [0m0.6423   [0m | [0m0.1845   [0m | [0m16.76    [0m | [0m1.748    [0m |
[0.   0.   0.02 0.03 0.06 0.07 0.09 0.11 0.12 0.16 0.17 0.18 0.19 0.2
 0.22 0.24 0.26 0.28 0.34 0.35 0.35 0.35 0.36 0.37 0.37 0.38 0.4  0.42
 0.43 0.44 0.45 0.48 0.53 0.53 0.54 0.56 0.57 0.59 0.6  0.63 0.68 0.7
 0.7  0.71 0.72 0.76 0.78 0.85 0.85 0.89 0.96 0.97 1.   1.11 1.12 1.19
 1.28 1.41 1.44 4.06]
var: 0.33493433333333333
| [0m24       [0m | [0m0.577    [0m | [0m0.1521   [0m | [0m21.75    [0m | [0m1.95     [0m |
[0.   0.01 0.01 0.03 0.06 0.07 0.09 0.12 0.13 0.13 0.15 0.15 0.17 0.22
 0.23 0.23 0.26 0.28 0.3  0.37 0.38 0.41 0.45 0.48 0.49 0.49 0.49 0.5
 0.52 0.54 0.54 0.54 0.55 0.56 0.57 0.58 0.59 0.63 0.63 0.63 0.65 0.7
 0.73 0.81 0.83 0.9  0.92 0.92 0.92 0.93 0.93 0.96 0.98 1.01 1.12 1.12
 1.22 1.51 1.54 1.72]
var: 0.15760222222222187
| [0m25       [0m | [0m0.5667   [0m | [0m0.2733   [0m | [0m32.09    [0m | [0m1.119    [0m |
[0.   0.04 0.04 0.05 0.05 0.05 0.06 0.09 0.09 0.12 0.12 0.14 0.23 0.31
 0.31 0.38 0.39 0.48 0.48 0.48 0.48 0.49 0.49 0.49 0.5  0.5  0.51 0.58
 0.59 0.6  0.63 0.66 0.7  0.7  0.71 0.72 0.72 0.74 0.76 0.78 0.81 0.85
 0.86 0.87 0.88 1.02 1.04 1.07 1.07 1.13 1.13 1.23 1.28 1.32 1.35 1.57
 1.86 1.92 2.48 2.67]
var: 0.31716697222222223
| [0m26       [0m | [0m0.7112   [0m | [0m0.2616   [0m | [0m8.75     [0m | [0m1.297    [0m |
[0.   0.   0.   0.01 0.02 0.02 0.02 0.02 0.04 0.04 0.04 0.06 0.06 0.07
 0.07 0.09 0.09 0.09 0.11 0.12 0.13 0.13 0.16 0.16 0.17 0.22 0.22 0.23
 0.24 0.25 0.27 0.31 0.31 0.32 0.33 0.38 0.4  0.41 0.41 0.42 0.43 0.43
 0.44 0.45 0.45 0.45 0.47 0.47 0.48 0.48 0.48 0.5  0.52 0.54 0.61 0.62
 0.7  0.73 0.99 1.01]
var: 0.05718830555555553
| [0m27       [0m | [0m0.2948   [0m | [0m0.004691 [0m | [0m47.13    [0m | [0m2.095    [0m |
[0.01 0.02 0.08 0.08 0.1  0.12 0.13 0.13 0.15 0.15 0.16 0.16 0.17 0.17
 0.19 0.2  0.21 0.22 0.25 0.27 0.27 0.27 0.27 0.3  0.31 0.32 0.32 0.33
 0.33 0.35 0.36 0.36 0.41 0.41 0.44 0.48 0.5  0.51 0.54 0.58 0.59 0.59
 0.6  0.61 0.63 0.64 0.72 0.74 0.75 0.77 0.81 0.85 0.86 0.86 0.91 0.93
 1.05 1.1  1.34 1.69]
var: 0.11412697222222229
| [0m28       [0m | [0m0.4612   [0m | [0m0.2755   [0m | [0m1.815    [0m | [0m1.96     [0m |
[0.   0.05 0.07 0.08 0.11 0.16 0.19 0.24 0.25 0.29 0.35 0.37 0.39 0.39
 0.4  0.4  0.42 0.45 0.45 0.48 0.49 0.49 0.51 0.52 0.56 0.59 0.61 0.62
 0.66 0.67 0.67 0.67 0.67 0.73 0.74 0.75 0.79 0.79 0.86 0.86 0.9  0.92
 0.94 0.94 0.99 1.02 1.06 1.1  1.1  1.1  1.13 1.17 1.17 1.41 1.48 1.61
 1.78 1.96 2.06 3.24]
var: 0.3114047500000003
| [0m29       [0m | [0m0.7645   [0m | [0m0.2549   [0m | [0m9.406    [0m | [0m1.613    [0m |
[0.01 0.05 0.06 0.06 0.08 0.09 0.09 0.1  0.14 0.16 0.24 0.25 0.27 0.27
 0.28 0.31 0.32 0.35 0.43 0.43 0.48 0.49 0.52 0.56 0.57 0.58 0.59 0.61
 0.62 0.62 0.65 0.66 0.7  0.71 0.72 0.72 0.73 0.74 0.8  0.89 0.91 0.93
 0.93 0.94 0.95 0.96 0.98 0.98 1.08 1.21 1.22 1.25 1.34 1.36 1.39 1.44
 1.62 2.01 2.13 2.45]
var: 0.27653363888888843
| [0m30       [0m | [0m0.7172   [0m | [0m0.2288   [0m | [0m15.07    [0m | [0m1.721    [0m |
[0.   0.01 0.01 0.02 0.05 0.06 0.07 0.1  0.11 0.13 0.13 0.13 0.14 0.14
 0.17 0.19 0.21 0.21 0.25 0.28 0.28 0.3  0.31 0.33 0.36 0.36 0.39 0.39
 0.41 0.45 0.46 0.49 0.49 0.5  0.5  0.5  0.51 0.51 0.52 0.6  0.75 0.82
 0.82 0.84 0.85 0.86 0.87 0.91 0.91 0.99 1.   1.04 1.11 1.28 1.56 1.65
 1.77 2.73 3.19 3.53]
var: 0.5058054166666667
| [0m31       [0m | [0m0.6425   [0m | [0m0.2132   [0m | [0m30.53    [0m | [0m1.443    [0m |
[0.01 0.03 0.05 0.06 0.06 0.07 0.15 0.16 0.19 0.2  0.2  0.21 0.24 0.27
 0.28 0.29 0.3  0.32 0.33 0.33 0.34 0.35 0.35 0.36 0.42 0.43 0.43 0.44
 0.45 0.47 0.47 0.48 0.49 0.5  0.5  0.51 0.52 0.53 0.57 0.59 0.64 0.65
 0.65 0.67 0.67 0.7  0.7  0.74 0.74 0.81 0.82 0.85 0.88 0.97 1.2  1.62
 1.75 1.93 2.2  2.33]
var: 0.24279808333333308
| [0m32       [0m | [0m0.5745   [0m | [0m0.02742  [0m | [0m42.65    [0m | [0m1.354    [0m |
[0.58 0.83 0.87 0.89 0.91 0.91 0.92 0.92 0.98 0.98 1.07 1.07 1.12 1.12
 1.12 1.16 1.16 1.17 1.23 1.24 1.28 1.29 1.3  1.31 1.33 1.33 1.34 1.36
 1.37 1.38 1.39 1.41 1.42 1.43 1.46 1.47 1.52 1.53 1.54 1.59 1.65 1.67
 1.75 1.76 1.79 1.85 1.94 1.97 2.   2.04 2.1  2.12 2.13 2.27 2.34 2.7
 2.76 2.87 2.97 3.54]
var: 0.34184599999999954
| [0m33       [0m | [0m1.542    [0m | [0m0.2643   [0m | [0m22.23    [0m | [0m0.07059  [0m |
[0.05 0.05 0.12 0.12 0.13 0.13 0.14 0.17 0.17 0.18 0.2  0.21 0.24 0.27
 0.28 0.29 0.29 0.29 0.29 0.3  0.31 0.31 0.44 0.46 0.46 0.49 0.54 0.56
 0.6  0.6  0.63 0.65 0.65 0.66 0.74 0.75 0.76 0.79 0.79 0.89 0.9  0.95
 0.96 1.   1.02 1.05 1.18 1.19 1.25 1.27 1.36 1.39 1.4  1.42 1.53 1.58
 1.61 1.82 1.9  2.55]
var: 0.29597363888888867
| [0m34       [0m | [0m0.7222   [0m | [0m0.07439  [0m | [0m11.44    [0m | [0m1.53     [0m |
[0.17 0.18 0.23 0.23 0.24 0.25 0.26 0.29 0.29 0.31 0.31 0.35 0.37 0.4
 0.41 0.42 0.45 0.46 0.55 0.57 0.57 0.59 0.6  0.61 0.63 0.64 0.68 0.76
 0.76 0.77 0.79 0.8  0.84 0.84 0.88 0.88 0.89 0.89 0.91 0.99 1.08 1.09
 1.2  1.21 1.33 1.36 1.36 1.46 1.5  1.5  1.5  1.59 1.59 1.65 1.81 1.93
 2.2  2.25 2.26 2.78]
var: 0.36332163888888863
| [0m35       [0m | [0m0.9118   [0m | [0m0.231    [0m | [0m37.91    [0m | [0m0.01319  [0m |
[0.02 0.03 0.04 0.1  0.1  0.11 0.12 0.13 0.15 0.16 0.22 0.22 0.23 0.26
 0.27 0.27 0.29 0.36 0.37 0.37 0.4  0.4  0.41 0.41 0.42 0.43 0.46 0.51
 0.51 0.52 0.58 0.6  0.63 0.67 0.67 0.68 0.7  0.7  0.71 0.71 0.72 0.74
 0.76 0.76 0.77 0.85 0.88 0.96 0.96 1.04 1.04 1.08 1.11 1.15 1.17 1.17
 1.36 1.68 1.72 3.77]
var: 0.31957697222222226
| [0m36       [0m | [0m0.6438   [0m | [0m0.07699  [0m | [0m9.083    [0m | [0m2.199    [0m |
[0.   0.   0.03 0.07 0.07 0.07 0.08 0.08 0.09 0.1  0.1  0.12 0.14 0.14
 0.15 0.19 0.2  0.22 0.25 0.27 0.27 0.29 0.3  0.33 0.36 0.37 0.37 0.38
 0.38 0.39 0.4  0.4  0.43 0.44 0.49 0.53 0.65 0.67 0.69 0.75 0.85 0.86
 0.88 0.88 0.89 0.92 0.94 0.94 1.01 1.08 1.14 1.15 1.23 1.23 1.24 1.27
 1.51 1.81 2.05 2.16]
var: 0.2629972222222228
| [0m37       [0m | [0m0.5883   [0m | [0m0.2469   [0m | [0m22.19    [0m | [0m1.844    [0m |
[0.   0.   0.   0.   0.02 0.05 0.05 0.06 0.07 0.07 0.11 0.11 0.11 0.13
 0.17 0.2  0.2  0.21 0.21 0.29 0.31 0.41 0.41 0.44 0.45 0.47 0.49 0.49
 0.49 0.5  0.51 0.51 0.52 0.57 0.61 0.65 0.68 0.68 0.7  0.72 0.75 0.77
 0.78 0.78 0.8  0.81 0.91 0.99 1.02 1.05 1.07 1.13 1.17 1.28 1.29 1.32
 1.32 1.67 1.7  2.37]
var: 0.24212097222222215
| [0m38       [0m | [0m0.5942   [0m | [0m0.2905   [0m | [0m27.4     [0m | [0m1.533    [0m |
[0.15 0.3  0.53 0.53 0.54 0.56 0.57 0.59 0.6  0.61 0.62 0.62 0.63 0.64
 0.65 0.71 0.76 0.76 0.77 0.83 0.86 0.91 0.93 0.94 0.99 1.   1.02 1.06
 1.08 1.09 1.1  1.14 1.17 1.17 1.19 1.2  1.22 1.22 1.24 1.25 1.26 1.26
 1.28 1.34 1.34 1.47 1.55 1.61 1.64 1.65 1.66 1.68 1.68 1.68 1.95 1.95
 2.01 2.01 2.29 3.42]
var: 0.3046848888888889
| [0m39       [0m | [0m1.141    [0m | [0m0.2203   [0m | [0m44.47    [0m | [0m0.1184   [0m |
[0.   0.   0.01 0.04 0.13 0.24 0.26 0.26 0.31 0.31 0.31 0.32 0.32 0.35
 0.35 0.38 0.4  0.43 0.48 0.5  0.51 0.51 0.54 0.56 0.57 0.62 0.65 0.68
 0.7  0.72 0.73 0.78 0.79 0.83 0.84 0.86 0.88 0.89 0.9  0.92 0.95 0.98
 1.03 1.05 1.14 1.19 1.22 1.22 1.25 1.27 1.4  1.46 1.5  1.66 1.72 1.75
 1.75 1.78 1.81 3.5 ]
var: 0.36141497222222235
| [0m40       [0m | [0m0.8252   [0m | [0m0.0151   [0m | [0m19.69    [0m | [0m1.521    [0m |
[0.   0.   0.   0.   0.   0.   0.   0.   0.   0.   0.   0.   0.   0.
 0.   0.   0.   0.   0.   0.   0.   0.   0.   0.   0.   0.   0.   0.
 0.   0.   0.   0.   0.   0.   0.   0.   0.01 0.01 0.02 0.02 0.02 0.03
 0.03 0.04 0.05 0.05 0.05 0.05 0.05 0.06 0.06 0.07 0.07 0.07 0.08 0.08
 0.1  0.13 0.16 0.32]
var: 0.0027103055555556033
| [0m41       [0m | [0m0.02717  [0m | [0m0.3      [0m | [0m7.447    [0m | [0m0.001    [0m |
[0.08 0.11 0.19 0.23 0.46 0.5  0.51 0.53 0.54 0.54 0.55 0.63 0.63 0.71
 0.77 0.77 0.81 0.81 0.83 0.87 0.87 0.88 1.02 1.02 1.06 1.09 1.09 1.12
 1.16 1.18 1.2  1.21 1.22 1.29 1.3  1.31 1.36 1.39 1.51 1.54 1.56 1.58
 1.64 1.74 1.76 1.79 1.8  1.86 1.87 1.88 1.89 1.99 2.02 2.14 2.19 2.37
 2.76 2.99 3.01 3.82]
var: 0.5583287499999996
| [0m42       [0m | [0m1.293    [0m | [0m0.2068   [0m | [0m44.46    [0m | [0m0.1892   [0m |
[0.   0.   0.   0.   0.01 0.01 0.01 0.02 0.02 0.03 0.03 0.03 0.03 0.05
 0.05 0.06 0.07 0.07 0.07 0.08 0.08 0.1  0.15 0.16 0.18 0.25 0.26 0.27
 0.27 0.28 0.28 0.3  0.3  0.3  0.31 0.32 0.36 0.37 0.38 0.38 0.41 0.49
 0.52 0.52 0.52 0.53 0.54 0.54 0.6  0.67 0.8  1.04 1.18 1.21 1.26 1.34
 1.89 1.9  2.54 4.42]
var: 0.5288323333333331
| [0m43       [0m | [0m0.481    [0m | [0m1e-08    [0m | [0m6.833    [0m | [0m0.07125  [0m |
[0.26 0.6  0.88 0.94 1.01 1.19 1.21 1.22 1.23 1.32 1.47 1.55 1.59 1.6
 1.68 1.69 1.72 1.78 1.8  1.89 1.91 1.93 1.95 1.96 2.05 2.07 2.14 2.15
 2.15 2.17 2.19 2.23 2.33 2.37 2.38 2.42 2.43 2.43 2.43 2.46 2.48 2.54
 2.63 2.66 2.83 2.85 2.98 3.05 3.07 3.11 3.32 3.41 3.57 3.68 3.71 3.98
 5.01 5.09 7.37 9.09]
var: 2.0409994166666676
| [95m44       [0m | [95m2.454    [0m | [95m0.08182  [0m | [95m7.051    [0m | [95m0.04015  [0m |
[0.69 0.77 0.9  0.94 0.99 0.99 1.04 1.07 1.1  1.27 1.3  1.35 1.4  1.44
 1.46 1.58 1.61 1.63 1.67 1.7  1.74 1.82 1.89 1.99 2.   2.03 2.05 2.05
 2.14 2.17 2.27 2.33 2.35 2.37 2.4  2.45 2.45 2.46 2.55 2.68 2.69 2.7
 2.73 2.78 2.79 2.89 2.97 2.98 3.12 3.37 3.38 3.6  3.64 3.72 3.85 4.15
 4.17 4.41 4.57 8.1 ]
var: 1.4770138888888893
| [0m45       [0m | [0m2.362    [0m | [0m0.1148   [0m | [0m7.083    [0m | [0m0.08642  [0m |
[0.01 0.01 0.02 0.04 0.04 0.05 0.08 0.09 0.09 0.13 0.13 0.14 0.14 0.24
 0.24 0.29 0.3  0.3  0.37 0.38 0.42 0.45 0.46 0.48 0.48 0.48 0.49 0.51
 0.53 0.53 0.53 0.55 0.57 0.58 0.6  0.6  0.64 0.64 0.65 0.76 0.78 0.8
 0.8  0.8  0.8  0.82 0.84 1.02 1.18 1.21 1.24 1.28 1.46 1.55 1.61 1.76
 1.87 1.92 2.2  3.03]
var: 0.36511941666666664
| [0m46       [0m | [0m0.6835   [0m | [0m0.2188   [0m | [0m32.82    [0m | [0m0.7547   [0m |
[0.03 0.07 0.07 0.09 0.09 0.11 0.12 0.12 0.12 0.12 0.14 0.14 0.14 0.15
 0.15 0.15 0.15 0.15 0.16 0.16 0.18 0.19 0.19 0.2  0.21 0.23 0.23 0.25
 0.27 0.28 0.28 0.29 0.3  0.3  0.32 0.33 0.34 0.38 0.38 0.38 0.38 0.42
 0.43 0.43 0.45 0.48 0.48 0.49 0.53 0.55 0.58 0.66 0.67 0.76 0.81 0.82
 0.9  1.12 1.35 2.13]
var: 0.12159222222222241
| [0m47       [0m | [0m0.3733   [0m | [0m0.01339  [0m | [0m38.34    [0m | [0m0.007659 [0m |
[0.05 0.26 0.28 0.34 0.42 0.49 0.52 0.54 0.61 0.73 0.77 0.81 0.83 0.86
 0.94 0.95 1.04 1.1  1.1  1.16 1.16 1.16 1.21 1.24 1.3  1.39 1.42 1.43
 1.44 1.48 1.6  1.68 1.72 1.79 1.81 1.88 1.91 1.97 2.04 2.16 2.19 2.26
 2.26 2.31 2.45 2.61 2.62 2.65 2.65 2.76 2.84 2.85 2.92 2.92 2.99 3.22
 3.24 3.25 3.55 3.83]
var: 0.8852695555555549
| [0m48       [0m | [0m1.699    [0m | [0m0.1274   [0m | [0m7.108    [0m | [0m0.2509   [0m |
[0.07 0.08 0.1  0.13 0.15 0.18 0.19 0.2  0.23 0.24 0.25 0.3  0.31 0.32
 0.38 0.39 0.39 0.39 0.41 0.42 0.43 0.43 0.44 0.46 0.47 0.47 0.48 0.52
 0.54 0.54 0.55 0.57 0.58 0.58 0.6  0.62 0.63 0.69 0.73 0.73 0.77 0.78
 0.79 0.84 0.86 0.86 0.86 0.87 0.88 0.9  1.   1.03 1.11 1.14 1.17 1.21
 1.25 1.46 1.48 1.82]
var: 0.14038030555555558
| [0m49       [0m | [0m0.6212   [0m | [0m0.1463   [0m | [0m7.195    [0m | [0m0.01421  [0m |
[0.4  0.6  0.7  0.86 0.87 1.   1.02 1.22 1.22 1.28 1.35 1.4  1.41 1.48
 1.52 1.54 1.61 1.62 1.7  1.72 1.75 1.8  1.82 1.85 1.87 1.88 2.01 2.13
 2.18 2.22 2.22 2.26 2.28 2.41 2.41 2.45 2.49 2.49 2.51 2.52 2.53 2.55
 2.58 2.65 2.65 2.77 2.78 2.85 3.   3.1  3.27 3.34 3.48 3.65 3.74 3.83
 3.85 3.85 4.36 5.14]
var: 0.9400940000000003
| [0m50       [0m | [0m2.234    [0m | [0m0.09445  [0m | [0m7.046    [0m | [0m0.06229  [0m |
[0.07 0.08 0.17 0.65 0.83 0.86 0.9  0.97 1.02 1.11 1.24 1.28 1.32 1.32
 1.32 1.33 1.34 1.35 1.36 1.36 1.37 1.39 1.4  1.41 1.45 1.45 1.46 1.47
 1.62 1.65 1.67 1.68 1.73 1.83 1.86 1.89 1.97 2.01 2.07 2.09 2.13 2.33
 2.35 2.35 2.41 2.69 2.7  2.74 2.79 2.84 2.84 2.9  2.9  2.97 3.04 3.23
 3.28 3.41 3.55 4.8 ]
var: 0.8183433333333346
| [0m51       [0m | [0m1.86     [0m | [0m0.06517  [0m | [0m24.74    [0m | [0m0.212    [0m |
[0.   0.02 0.04 0.06 0.06 0.07 0.12 0.12 0.13 0.14 0.18 0.19 0.25 0.26
 0.29 0.29 0.3  0.31 0.32 0.32 0.35 0.36 0.37 0.37 0.38 0.38 0.4  0.4
 0.44 0.44 0.48 0.51 0.52 0.55 0.55 0.55 0.59 0.6  0.61 0.62 0.62 0.62
 0.63 0.64 0.66 0.68 0.73 0.76 0.81 0.85 0.87 0.88 0.96 0.98 0.99 1.01
 1.08 1.11 1.17 1.46]
var: 0.10522541666666678
| [0m52       [0m | [0m0.5075   [0m | [0m0.0714   [0m | [0m18.31    [0m | [0m2.35     [0m |
[0.52 0.53 0.57 0.58 0.66 0.74 0.74 0.77 0.78 0.78 0.8  0.81 0.82 0.84
 0.85 0.95 0.95 0.97 0.98 0.98 1.02 1.03 1.03 1.04 1.07 1.13 1.16 1.21
 1.21 1.23 1.29 1.35 1.41 1.44 1.46 1.5  1.5  1.52 1.53 1.55 1.58 1.6
 1.63 1.65 1.68 1.74 1.76 1.78 1.84 1.85 1.85 1.92 1.98 1.98 2.14 2.2
 2.68 2.8  2.95 3.1 ]
var: 0.3545416388888889
| [0m53       [0m | [0m1.367    [0m | [0m0.1389   [0m | [0m6.997    [0m | [0m0.02322  [0m |
[0.61 1.08 1.28 1.4  1.5  1.52 1.66 1.67 1.68 1.69 1.72 1.76 1.76 1.77
 1.82 1.87 1.92 1.98 2.06 2.14 2.33 2.34 2.36 2.39 2.42 2.49 2.76 2.82
 2.83 2.87 2.98 2.99 3.   3.05 3.05 3.41 3.48 3.54 3.63 3.65 3.72 3.78
 3.81 3.84 3.88 3.97 3.99 3.99 4.03 4.17 4.25 4.29 4.3  4.39 4.45 4.54
 4.83 5.02 5.47 6.15]
var: 1.4388643055555557
| [95m54       [0m | [95m2.969    [0m | [95m0.03993  [0m | [95m7.082    [0m | [95m0.07158  [0m |
[0.01 0.02 0.02 0.12 0.14 0.17 0.26 0.31 0.35 0.42 0.44 0.45 0.55 0.56
 0.56 0.56 0.56 0.57 0.63 0.64 0.65 0.66 0.68 0.72 0.73 0.74 0.75 0.8
 0.82 0.83 0.83 0.96 1.   1.07 1.09 1.11 1.16 1.18 1.19 1.2  1.22 1.23
 1.24 1.25 1.36 1.38 1.57 1.61 1.63 1.65 1.67 1.7  1.73 1.98 2.06 2.09
 2.21 2.25 2.56 2.69]
var: 0.4151649722222224
| [0m55       [0m | [0m1.01     [0m | [0m0.07232  [0m | [0m6.401    [0m | [0m0.7374   [0m |
[0.18 0.32 0.8  0.85 0.89 0.95 0.98 1.02 1.16 1.21 1.27 1.31 1.36 1.74
 1.76 1.81 1.82 1.83 1.86 2.01 2.01 2.01 2.04 2.07 2.11 2.12 2.13 2.21
 2.24 2.3  2.31 2.36 2.41 2.42 2.43 2.53 2.54 2.55 2.58 2.58 2.71 2.81
 2.96 2.99 3.04 3.14 3.23 3.32 3.36 3.43 3.47 3.48 3.59 3.86 3.94 4.43
 4.48 4.54 4.94 5.33]
var: 1.2333103055555545
| [0m56       [0m | [0m2.402    [0m | [0m0.07742  [0m | [0m7.122    [0m | [0m0.1474   [0m |
[0.05 0.16 0.27 0.28 0.33 0.4  0.47 0.58 0.59 0.67 0.67 0.71 0.74 0.83
 0.83 0.85 0.89 0.89 0.89 0.98 0.98 1.04 1.07 1.15 1.16 1.17 1.17 1.18
 1.2  1.23 1.24 1.25 1.26 1.28 1.29 1.37 1.38 1.39 1.4  1.4  1.4  1.5
 1.59 1.62 1.68 1.73 1.77 1.82 2.18 2.25 2.3  2.36 2.38 2.47 2.65 2.66
 3.19 3.83 3.88 5.48]
var: 0.9292436388888891
| [0m57       [0m | [0m1.424    [0m | [0m0.08356  [0m | [0m24.68    [0m | [0m0.3187   [0m |
[0.05 0.06 0.11 0.13 0.16 0.18 0.2  0.21 0.22 0.22 0.22 0.24 0.26 0.27
 0.3  0.32 0.33 0.35 0.35 0.37 0.41 0.41 0.43 0.43 0.47 0.48 0.51 0.52
 0.52 0.52 0.53 0.55 0.55 0.56 0.56 0.57 0.6  0.61 0.62 0.69 0.69 0.77
 0.78 0.8  0.8  0.81 0.81 0.82 0.88 0.94 1.05 1.12 1.15 1.2  1.24 1.28
 1.56 1.64 2.1  2.5 ]
var: 0.22394697222222218
| [0m58       [0m | [0m0.6338   [0m | [0m0.1353   [0m | [0m6.719    [0m | [0m2.589    [0m |
[0.19 0.52 0.81 0.91 0.95 0.95 0.95 0.97 1.04 1.08 1.32 1.34 1.35 1.35
 1.35 1.36 1.36 1.42 1.42 1.46 1.46 1.47 1.48 1.49 1.51 1.52 1.55 1.56
 1.57 1.59 1.65 1.66 1.69 1.7  1.7  1.74 1.75 1.76 1.8  1.82 1.83 1.84
 1.93 2.03 2.09 2.09 2.28 2.28 2.32 2.32 2.35 2.62 2.66 2.68 2.8  2.87
 3.35 3.46 3.56 3.88]
var: 0.51765275
| [0m59       [0m | [0m1.764    [0m | [0m0.09289  [0m | [0m7.121    [0m | [0m0.03731  [0m |
[0.   0.   0.03 0.04 0.05 0.07 0.09 0.1  0.11 0.12 0.13 0.16 0.22 0.22
 0.25 0.27 0.34 0.34 0.36 0.37 0.38 0.39 0.42 0.45 0.46 0.48 0.51 0.52
 0.53 0.53 0.58 0.59 0.62 0.63 0.64 0.64 0.65 0.72 0.72 0.81 0.82 0.82
 0.92 0.97 0.97 0.98 1.13 1.17 1.2  1.24 1.36 1.44 1.47 1.49 1.52 1.56
 1.64 1.66 1.73 3.33]
var: 0.3554162222222222
| [0m60       [0m | [0m0.6993   [0m | [0m0.2497   [0m | [0m31.08    [0m | [0m0.6885   [0m |
[0.27 0.53 0.6  0.74 0.94 0.94 0.96 1.   1.16 1.19 1.27 1.36 1.39 1.5
 1.54 1.56 1.61 1.65 1.71 1.76 1.87 1.92 2.05 2.06 2.07 2.08 2.12 2.14
 2.17 2.17 2.18 2.35 2.37 2.44 2.45 2.46 2.47 2.54 2.55 2.59 2.66 2.73
 2.75 2.86 2.89 3.   3.06 3.07 3.11 3.31 3.37 3.42 3.54 3.54 3.75 3.85
 4.24 4.25 4.61 5.08]
var: 1.074334333333333
| [0m61       [0m | [0m2.297    [0m | [0m0.04804  [0m | [0m7.048    [0m | [0m0.2495   [0m |
[0.   0.   0.   0.01 0.02 0.02 0.02 0.03 0.03 0.03 0.05 0.06 0.06 0.06
 0.07 0.07 0.07 0.08 0.09 0.09 0.09 0.11 0.11 0.12 0.12 0.12 0.12 0.15
 0.16 0.16 0.17 0.17 0.19 0.19 0.2  0.21 0.21 0.21 0.24 0.24 0.24 0.25
 0.26 0.26 0.27 0.28 0.28 0.29 0.33 0.35 0.36 0.37 0.4  0.41 0.55 0.67
 0.69 0.76 0.97 0.98]
var: 0.04780488888888882
| [0m62       [0m | [0m0.2187   [0m | [0m0.05626  [0m | [0m46.81    [0m | [0m2.483    [0m |
[0.37 0.66 0.83 0.88 0.93 1.13 1.16 1.18 1.27 1.33 1.35 1.44 1.5  1.56
 1.6  1.64 1.64 1.79 1.8  2.   2.02 2.04 2.09 2.19 2.23 2.26 2.38 2.41
 2.42 2.46 2.46 2.49 2.53 2.56 2.69 2.71 2.72 2.73 2.75 2.81 2.9  2.9
 2.95 2.98 2.99 3.   3.09 3.09 3.54 3.67 3.74 3.81 4.11 4.17 4.18 4.3
 4.35 6.19 7.72 7.86]
var: 2.0760376388888884
| [0m63       [0m | [0m2.609    [0m | [0m0.06708  [0m | [0m7.021    [0m | [0m0.1322   [0m |
[0.   0.01 0.02 0.02 0.03 0.05 0.05 0.1  0.11 0.12 0.12 0.13 0.15 0.16
 0.18 0.19 0.24 0.24 0.25 0.27 0.27 0.28 0.3  0.3  0.31 0.32 0.33 0.34
 0.34 0.35 0.35 0.36 0.36 0.36 0.37 0.37 0.39 0.4  0.4  0.43 0.43 0.43
 0.45 0.48 0.48 0.5  0.51 0.51 0.52 0.52 0.57 0.57 0.58 0.59 0.65 0.86
 0.96 1.03 1.1  1.32]
var: 0.07111030555555546
| [0m64       [0m | [0m0.3738   [0m | [0m0.08941  [0m | [0m39.25    [0m | [0m2.097    [0m |
[0.34 0.38 0.74 0.76 0.79 0.94 0.98 1.06 1.19 1.22 1.33 1.62 1.67 1.74
 1.76 1.8  1.82 1.87 1.99 2.11 2.17 2.24 2.43 2.51 2.52 2.57 2.58 2.62
 2.68 2.7  2.78 2.84 2.85 2.88 2.92 3.01 3.04 3.04 3.12 3.13 3.19 3.23
 3.29 3.35 3.38 3.46 3.5  3.52 3.57 3.69 3.89 3.92 3.95 4.27 4.47 4.49
 4.52 4.7  4.72 5.86]
var: 1.431451638888889
| [0m65       [0m | [0m2.662    [0m | [0m0.03961  [0m | [0m7.038    [0m | [0m0.1891   [0m |
[1.11 1.4  1.5  1.52 1.6  1.62 1.7  1.72 1.76 1.81 1.84 1.86 1.89 1.9
 1.91 2.01 2.11 2.14 2.18 2.26 2.37 2.4  2.45 2.47 2.6  2.61 2.67 2.71
 2.71 2.73 2.79 2.86 2.92 2.93 2.94 2.95 3.12 3.14 3.17 3.18 3.33 3.49
 3.52 3.59 3.61 3.82 3.84 3.96 4.04 4.3  4.64 4.8  4.93 5.1  5.31 5.69
 5.79 5.9  6.05 6.55]
var: 1.7301398888888897
| [95m66       [0m | [95m3.064    [0m | [95m0.0327   [0m | [95m6.994    [0m | [95m0.07673  [0m |
[0.02 0.04 0.04 0.04 0.04 0.05 0.06 0.07 0.12 0.12 0.14 0.15 0.16 0.19
 0.24 0.25 0.25 0.25 0.26 0.27 0.27 0.28 0.29 0.3  0.3  0.31 0.31 0.32
 0.34 0.34 0.35 0.36 0.4  0.42 0.45 0.46 0.46 0.47 0.48 0.51 0.51 0.54
 0.59 0.61 0.62 0.65 0.65 0.66 0.68 0.69 0.74 0.76 0.8  0.81 0.82 0.85
 0.89 1.06 1.21 1.66]
var: 0.09967433333333349
| [0m67       [0m | [0m0.433    [0m | [0m0.2048   [0m | [0m10.83    [0m | [0m2.894    [0m |
[0.16 0.19 0.21 0.22 0.41 0.71 0.72 0.78 0.8  0.82 0.93 0.95 0.97 0.98
 1.01 1.01 1.02 1.09 1.11 1.12 1.19 1.21 1.23 1.24 1.31 1.39 1.46 1.49
 1.5  1.55 1.57 1.6  1.62 1.66 1.72 1.74 1.85 1.87 1.95 2.   2.06 2.15
 2.18 2.22 2.23 2.32 2.43 2.44 2.47 2.53 2.61 2.61 2.64 2.67 2.71 2.81
 3.07 3.24 4.03 5.36]
var: 0.9002578888888885
| [0m68       [0m | [0m1.686    [0m | [0m0.0916   [0m | [0m24.89    [0m | [0m0.2384   [0m |
[0.03 0.18 0.32 0.35 0.43 0.52 0.71 0.76 0.77 0.81 0.82 0.89 0.97 0.99
 0.99 1.06 1.06 1.2  1.22 1.22 1.28 1.32 1.37 1.39 1.44 1.55 1.58 1.58
 1.68 1.69 1.7  1.75 1.85 1.89 1.92 1.95 2.04 2.06 2.07 2.08 2.2  2.21
 2.3  2.39 2.44 2.64 2.65 2.67 2.72 2.83 2.96 3.04 3.16 3.17 3.24 3.33
 3.43 3.95 4.08 4.51]
var: 1.025676083333333
| [0m69       [0m | [0m1.824    [0m | [0m0.07387  [0m | [0m6.895    [0m | [0m0.3387   [0m |
[0.01 0.03 0.03 0.03 0.04 0.05 0.07 0.1  0.14 0.14 0.2  0.22 0.23 0.26
 0.26 0.27 0.29 0.29 0.31 0.32 0.32 0.35 0.4  0.4  0.41 0.42 0.42 0.42
 0.45 0.47 0.48 0.49 0.49 0.49 0.55 0.55 0.59 0.63 0.64 0.66 0.69 0.7
 0.71 0.83 0.84 0.87 0.89 0.94 0.95 0.98 1.07 1.08 1.11 1.11 1.3  1.31
 1.36 1.66 1.78 1.84]
var: 0.19571455555555578
| [0m70       [0m | [0m0.5823   [0m | [0m0.2999   [0m | [0m8.516    [0m | [0m1.882    [0m |
[0.4  0.99 1.03 1.13 1.41 1.43 1.56 1.56 1.58 1.8  1.95 1.99 2.12 2.28
 2.28 2.54 2.54 2.72 2.73 2.81 2.85 2.87 2.99 3.07 3.08 3.18 3.26 3.28
 3.31 3.38 3.39 3.41 3.46 3.51 3.53 3.56 3.61 3.62 3.71 3.77 3.85 3.94
 3.99 4.   4.07 4.08 4.16 4.16 4.37 4.61 4.74 4.76 4.76 4.93 4.97 5.04
 5.07 5.15 5.91 6.54]
var: 1.638084972222221
| [95m71       [0m | [95m3.28     [0m | [95m0.01223  [0m | [95m7.101    [0m | [95m0.1499   [0m |
[0.   0.   0.01 0.01 0.01 0.01 0.02 0.02 0.02 0.02 0.02 0.03 0.03 0.03
 0.04 0.04 0.04 0.04 0.05 0.06 0.07 0.07 0.07 0.09 0.11 0.13 0.15 0.16
 0.16 0.17 0.18 0.19 0.19 0.2  0.21 0.23 0.23 0.24 0.28 0.3  0.3  0.3
 0.35 0.37 0.39 0.42 0.42 0.44 0.48 0.5  0.53 0.57 0.61 0.64 0.75 0.86
 1.18 1.42 1.75 2.03]
var: 0.1674606666666666
| [0m72       [0m | [0m0.304    [0m | [0m1e-08    [0m | [0m7.042    [0m | [0m0.1065   [0m |
[0.05 0.06 0.09 0.12 0.14 0.14 0.16 0.17 0.17 0.2  0.23 0.24 0.34 0.35
 0.36 0.44 0.44 0.45 0.46 0.47 0.47 0.49 0.51 0.51 0.52 0.56 0.58 0.59
 0.62 0.66 0.67 0.67 0.69 0.7  0.74 0.76 0.76 0.78 0.84 0.88 0.89 0.9
 0.9  0.91 0.92 0.97 0.99 1.16 1.2  1.23 1.27 1.36 1.4  1.62 1.66 1.88
 1.89 1.89 1.99 2.08]
var: 0.2742416388888887
| [0m73       [0m | [0m0.7532   [0m | [0m0.2171   [0m | [0m20.48    [0m | [0m0.6765   [0m |
[0.   0.   0.   0.01 0.02 0.02 0.03 0.04 0.04 0.04 0.05 0.05 0.05 0.06
 0.07 0.08 0.11 0.13 0.15 0.16 0.17 0.18 0.19 0.19 0.21 0.23 0.26 0.27
 0.28 0.28 0.29 0.3  0.31 0.32 0.32 0.33 0.33 0.33 0.35 0.35 0.36 0.37
 0.38 0.38 0.39 0.4  0.45 0.47 0.5  0.53 0.55 0.55 0.56 0.56 0.64 0.73
 1.08 1.11 1.34 1.4 ]
var: 0.09317874999999999
| [0m74       [0m | [0m0.3225   [0m | [0m0.2126   [0m | [0m29.85    [0m | [0m2.474    [0m |
[0.75 0.77 1.13 1.35 1.45 1.48 1.63 1.7  1.71 1.82 1.9  1.93 2.2  2.33
 2.42 2.53 2.59 2.66 2.67 2.73 2.74 2.78 2.79 2.82 2.83 2.84 3.05 3.13
 3.13 3.29 3.31 3.36 3.37 3.39 3.4  3.45 3.56 3.59 3.66 3.67 3.71 3.74
 3.84 4.13 4.25 4.47 4.51 4.52 4.7  4.7  4.74 4.8  4.81 5.1  5.12 5.2
 5.51 5.76 5.96 8.52]
var: 2.0291288888888883
| [95m75       [0m | [95m3.333    [0m | [95m0.009342 [0m | [95m7.001    [0m | [95m0.08592  [0m |
[0.   0.02 0.03 0.03 0.04 0.06 0.07 0.1  0.12 0.16 0.2  0.21 0.21 0.22
 0.22 0.23 0.23 0.24 0.25 0.26 0.27 0.27 0.28 0.31 0.33 0.33 0.34 0.35
 0.38 0.38 0.39 0.39 0.42 0.43 0.43 0.48 0.48 0.5  0.52 0.53 0.54 0.59
 0.6  0.61 0.61 0.62 0.63 0.67 0.67 0.69 0.71 0.73 0.8  0.86 0.93 0.94
 0.95 0.98 1.18 1.45]
var: 0.09171030555555562
| [0m76       [0m | [0m0.4412   [0m | [0m0.1157   [0m | [0m17.46    [0m | [0m2.729    [0m |
[0.4  0.59 0.66 0.69 0.72 0.72 0.79 0.82 0.82 0.84 0.85 0.86 0.89 0.89
 0.89 0.97 0.97 1.05 1.05 1.06 1.07 1.08 1.11 1.12 1.14 1.18 1.18 1.21
 1.22 1.25 1.31 1.42 1.47 1.51 1.54 1.58 1.65 1.7  1.8  1.82 1.85 1.87
 1.99 2.06 2.12 2.13 2.14 2.24 2.25 2.34 2.43 2.47 2.54 2.69 2.71 3.04
 3.29 3.49 3.62 4.28]
var: 0.699436222222222
| [0m77       [0m | [0m1.591    [0m | [0m0.07654  [0m | [0m6.964    [0m | [0m0.02407  [0m |
[0.01 0.01 0.01 0.03 0.06 0.06 0.07 0.09 0.17 0.17 0.18 0.18 0.22 0.22
 0.25 0.28 0.31 0.33 0.34 0.34 0.35 0.41 0.44 0.45 0.47 0.48 0.48 0.49
 0.5  0.53 0.53 0.53 0.54 0.58 0.6  0.61 0.62 0.64 0.64 0.67 0.68 0.69
 0.69 0.72 0.74 0.86 0.88 0.94 1.03 1.07 1.1  1.13 1.14 1.32 1.36 1.44
 1.7  1.77 2.48 3.82]
var: 0.39825208333333356
| [0m78       [0m | [0m0.6575   [0m | [0m0.2219   [0m | [0m28.18    [0m | [0m1.033    [0m |
[0.02 0.08 0.08 0.09 0.13 0.14 0.15 0.15 0.21 0.21 0.21 0.26 0.3  0.3
 0.38 0.4  0.42 0.42 0.42 0.42 0.44 0.47 0.47 0.48 0.5  0.51 0.51 0.51
 0.54 0.54 0.55 0.55 0.57 0.57 0.6  0.62 0.63 0.66 0.69 0.7  0.82 0.82
 0.86 0.9  0.93 0.98 1.01 1.03 1.04 1.05 1.09 1.14 1.16 1.17 1.22 1.34
 1.54 1.63 1.82 1.99]
var: 0.19360955555555573
| [0m79       [0m | [0m0.6573   [0m | [0m0.2546   [0m | [0m13.28    [0m | [0m1.462    [0m |
[0.3  0.53 0.81 0.83 0.88 0.89 0.99 0.99 1.14 1.16 1.19 1.36 1.42 1.52
 1.66 1.8  1.81 1.82 1.89 1.97 1.98 2.05 2.05 2.08 2.1  2.19 2.29 2.32
 2.44 2.45 2.55 2.56 2.6  2.71 2.72 2.72 2.74 2.74 2.83 2.95 3.13 3.14
 3.19 3.28 3.32 3.32 3.35 3.41 3.43 3.56 3.87 4.04 4.2  4.23 4.25 4.31
 5.03 5.51 5.64 5.7 ]
var: 1.6006378888888881
| [0m80       [0m | [0m2.566    [0m | [0m0.02315  [0m | [0m7.038    [0m | [0m0.2916   [0m |
=============================================================
None
num_trials:  40  inits,  40  iters,  60  per
rho:  0.9
pthin:  0.10

Best VPT: 3.3333333333333353
Best result: {'a': 0.009341725089361602, 'g': 7.00080624002832, 's': 0.08592238062642073}

KERNEL: nu=1.5, lengthscale=2.0, alpha=0.0005
