|   iter    |  target   |     a     |     g     |     s     |
-------------------------------------------------------------
[0.   0.   0.   0.   0.01 0.02 0.02 0.02 0.02 0.02 0.04 0.05 0.06 0.07
 0.07 0.07 0.1  0.11 0.12 0.15 0.16 0.17 0.17 0.17 0.17 0.18 0.18 0.19
 0.22 0.24 0.26 0.27 0.27 0.27 0.3  0.32 0.33 0.34 0.35 0.35 0.37 0.38
 0.4  0.41 0.41 0.43 0.43 0.45 0.5  0.53 0.54 0.55 0.55 0.58 0.68 0.7
 0.74 0.82 1.17 1.19]
var: 0.07058830555555552
| [0m1        [0m | [0m0.2948   [0m | [0m0.2207   [0m | [0m41.31    [0m | [0m2.134    [0m |
[0.15 0.21 0.23 0.24 0.24 0.25 0.27 0.28 0.28 0.3  0.31 0.32 0.33 0.4
 0.4  0.4  0.41 0.41 0.43 0.46 0.5  0.5  0.5  0.5  0.54 0.61 0.63 0.67
 0.68 0.72 0.77 0.78 0.8  0.8  0.84 0.87 0.9  0.91 0.91 0.92 0.95 0.95
 0.98 1.01 1.06 1.07 1.09 1.13 1.15 1.2  1.24 1.27 1.27 1.4  1.44 1.47
 1.49 1.62 1.72 3.73]
var: 0.30971275000000015
| [95m2        [0m | [95m0.7985   [0m | [95m0.0288   [0m | [95m16.15    [0m | [95m0.006006 [0m |
[0.   0.   0.   0.   0.01 0.02 0.05 0.05 0.06 0.08 0.08 0.09 0.09 0.1
 0.1  0.11 0.11 0.12 0.12 0.13 0.13 0.15 0.15 0.17 0.17 0.18 0.18 0.2
 0.23 0.25 0.27 0.32 0.32 0.36 0.36 0.38 0.41 0.42 0.43 0.43 0.44 0.47
 0.47 0.47 0.48 0.48 0.51 0.53 0.55 0.56 0.57 0.62 0.76 0.86 0.87 0.89
 0.91 0.92 1.03 1.49]
var: 0.09533830555555553
| [0m3        [0m | [0m0.3452   [0m | [0m0.04414  [0m | [0m21.31    [0m | [0m2.636    [0m |
[0.03 0.06 0.08 0.11 0.14 0.27 0.28 0.32 0.34 0.35 0.36 0.45 0.5  0.53
 0.55 0.56 0.58 0.58 0.61 0.62 0.79 0.88 0.91 0.93 0.95 0.98 1.   1.03
 1.04 1.09 1.09 1.13 1.14 1.18 1.21 1.28 1.3  1.31 1.32 1.33 1.4  1.41
 1.58 1.63 1.65 1.66 1.69 1.72 1.74 1.78 1.84 1.86 1.96 2.1  2.21 2.33
 2.64 2.76 2.95 3.54]
var: 0.580842333333333
| [95m4        [0m | [95m1.161    [0m | [95m0.001929 [0m | [95m11.94    [0m | [95m1.329    [0m |
[0.   0.   0.   0.   0.   0.   0.   0.01 0.02 0.03 0.03 0.05 0.06 0.06
 0.06 0.06 0.07 0.07 0.1  0.12 0.12 0.13 0.15 0.15 0.15 0.16 0.16 0.16
 0.17 0.18 0.18 0.18 0.21 0.21 0.24 0.25 0.26 0.26 0.28 0.3  0.31 0.31
 0.33 0.33 0.34 0.34 0.36 0.38 0.38 0.41 0.42 0.43 0.45 0.45 0.46 0.46
 0.46 0.55 0.62 0.85]
var: 0.03276488888888899
| [0m5        [0m | [0m0.2213   [0m | [0m0.004434 [0m | [0m39.12    [0m | [0m2.557    [0m |
[0.12 0.12 0.14 0.17 0.2  0.25 0.36 0.37 0.4  0.42 0.43 0.52 0.53 0.55
 0.57 0.57 0.61 0.65 0.66 0.68 0.72 0.72 0.73 0.76 0.79 0.83 0.83 0.86
 0.86 0.86 0.87 0.9  0.95 0.98 0.99 1.04 1.05 1.08 1.11 1.14 1.15 1.16
 1.21 1.22 1.24 1.27 1.3  1.33 1.35 1.41 1.44 1.5  1.56 1.65 1.77 1.9
 1.95 2.24 2.55 3.35]
var: 0.3622245555555562
| [0m6        [0m | [0m0.9823   [0m | [0m0.2921   [0m | [0m32.11    [0m | [0m0.3899   [0m |
[0.   0.   0.   0.03 0.06 0.06 0.06 0.09 0.09 0.12 0.12 0.14 0.16 0.16
 0.19 0.21 0.21 0.21 0.24 0.24 0.28 0.29 0.31 0.32 0.32 0.33 0.34 0.35
 0.35 0.36 0.36 0.37 0.37 0.38 0.39 0.4  0.43 0.44 0.49 0.51 0.52 0.54
 0.55 0.55 0.55 0.57 0.58 0.62 0.65 0.67 0.69 0.71 0.72 0.72 0.73 0.77
 0.8  0.94 0.96 1.03]
var: 0.06542763888888883
| [0m7        [0m | [0m0.3942   [0m | [0m0.2248   [0m | [0m0.9104   [0m | [0m2.137    [0m |
[0.   0.05 0.05 0.06 0.11 0.11 0.12 0.13 0.17 0.21 0.23 0.23 0.28 0.29
 0.29 0.31 0.37 0.37 0.38 0.38 0.46 0.47 0.48 0.48 0.48 0.52 0.53 0.56
 0.61 0.61 0.61 0.61 0.61 0.61 0.66 0.66 0.66 0.66 0.67 0.75 0.8  0.86
 0.87 0.9  0.92 1.02 1.09 1.12 1.3  1.32 1.32 1.38 1.43 1.44 1.5  1.67
 1.86 1.86 1.87 1.98]
var: 0.2680009722222219
| [0m8        [0m | [0m0.7058   [0m | [0m0.1394   [0m | [0m46.8     [0m | [0m0.6113   [0m |
[0.03 0.05 0.12 0.13 0.2  0.25 0.35 0.35 0.39 0.41 0.41 0.41 0.45 0.49
 0.51 0.52 0.52 0.55 0.56 0.56 0.57 0.57 0.58 0.6  0.61 0.61 0.63 0.64
 0.66 0.66 0.69 0.69 0.7  0.7  0.7  0.74 0.74 0.75 0.76 0.76 0.78 0.91
 0.93 0.98 1.04 1.06 1.07 1.16 1.24 1.27 1.29 1.42 1.53 1.62 1.69 1.76
 1.83 2.32 2.37 2.43]
var: 0.2939093333333325
| [0m9        [0m | [0m0.822    [0m | [0m0.09941  [0m | [0m4.294    [0m | [0m0.661    [0m |
[0.03 0.04 0.08 0.09 0.11 0.12 0.12 0.15 0.16 0.2  0.24 0.28 0.28 0.29
 0.29 0.3  0.32 0.32 0.32 0.32 0.33 0.37 0.38 0.39 0.41 0.43 0.44 0.45
 0.47 0.48 0.5  0.53 0.54 0.54 0.56 0.56 0.61 0.62 0.64 0.64 0.65 0.66
 0.66 0.67 0.68 0.69 0.71 0.71 0.76 0.77 0.82 0.83 0.84 0.86 1.02 1.03
 1.13 1.25 1.26 1.37]
var: 0.0968393333333333
| [0m10       [0m | [0m0.522    [0m | [0m0.1494   [0m | [0m11.29    [0m | [0m2.876    [0m |
[0.   0.05 0.06 0.06 0.06 0.1  0.1  0.11 0.12 0.13 0.16 0.18 0.18 0.23
 0.24 0.24 0.27 0.29 0.3  0.31 0.32 0.34 0.38 0.39 0.39 0.42 0.44 0.44
 0.47 0.47 0.53 0.53 0.53 0.56 0.56 0.58 0.59 0.61 0.63 0.65 0.66 0.69
 0.76 0.79 0.79 0.82 0.85 0.88 0.91 0.93 0.95 0.96 0.97 0.99 1.01 1.02
 1.04 1.05 1.36 1.5 ]
var: 0.12286541666666642
| [0m11       [0m | [0m0.5325   [0m | [0m0.2074   [0m | [0m9.215    [0m | [0m2.273    [0m |
[0.   0.   0.01 0.01 0.01 0.02 0.04 0.04 0.05 0.07 0.08 0.11 0.11 0.12
 0.14 0.14 0.15 0.17 0.17 0.19 0.25 0.27 0.27 0.28 0.29 0.32 0.33 0.35
 0.38 0.39 0.39 0.39 0.39 0.39 0.4  0.41 0.41 0.42 0.45 0.47 0.47 0.47
 0.48 0.48 0.49 0.49 0.5  0.51 0.52 0.52 0.53 0.71 0.79 0.84 0.88 0.96
 0.96 1.   1.02 1.76]
var: 0.10340455555555575
| [0m12       [0m | [0m0.3877   [0m | [0m0.1195   [0m | [0m42.91    [0m | [0m1.811    [0m |
[0.02 0.03 0.04 0.04 0.05 0.1  0.1  0.13 0.14 0.15 0.16 0.17 0.17 0.17
 0.19 0.2  0.22 0.23 0.24 0.26 0.28 0.3  0.3  0.35 0.36 0.37 0.37 0.38
 0.39 0.4  0.4  0.4  0.41 0.42 0.47 0.47 0.47 0.48 0.57 0.61 0.61 0.62
 0.63 0.63 0.65 0.66 0.72 0.72 0.73 0.81 0.82 0.85 0.86 1.02 1.02 1.08
 1.29 1.43 1.59 2.12]
var: 0.16455697222222193
| [0m13       [0m | [0m0.4978   [0m | [0m0.08907  [0m | [0m16.59    [0m | [0m2.327    [0m |
[0.   0.04 0.08 0.1  0.11 0.12 0.12 0.14 0.15 0.16 0.16 0.17 0.17 0.18
 0.18 0.19 0.19 0.2  0.21 0.21 0.23 0.23 0.24 0.25 0.26 0.29 0.29 0.31
 0.35 0.35 0.36 0.36 0.36 0.38 0.39 0.4  0.41 0.43 0.46 0.46 0.49 0.49
 0.52 0.54 0.57 0.58 0.6  0.61 0.63 0.64 0.67 0.67 0.69 0.72 0.76 0.81
 0.83 0.84 0.91 0.94]
var: 0.05671888888888895
| [0m14       [0m | [0m0.3867   [0m | [0m0.1717   [0m | [0m0.6554   [0m | [0m1.946    [0m |
[0.   0.   0.01 0.02 0.03 0.03 0.04 0.04 0.05 0.06 0.07 0.08 0.08 0.09
 0.1  0.12 0.12 0.13 0.13 0.16 0.16 0.17 0.17 0.19 0.2  0.2  0.2  0.21
 0.21 0.22 0.22 0.24 0.25 0.27 0.28 0.28 0.28 0.3  0.32 0.32 0.34 0.34
 0.34 0.35 0.4  0.45 0.46 0.46 0.48 0.52 0.52 0.52 0.58 0.6  0.63 0.67
 0.68 0.71 0.82 1.05]
var: 0.05106030555555575
| [0m15       [0m | [0m0.2828   [0m | [0m0.06103  [0m | [0m37.91    [0m | [0m2.581    [0m |
[0.   0.06 0.13 0.15 0.15 0.2  0.2  0.22 0.24 0.24 0.25 0.25 0.26 0.31
 0.31 0.32 0.34 0.36 0.37 0.38 0.39 0.39 0.42 0.42 0.43 0.43 0.44 0.46
 0.48 0.53 0.53 0.55 0.56 0.57 0.57 0.58 0.62 0.63 0.64 0.65 0.66 0.69
 0.7  0.72 0.75 0.75 0.81 0.85 0.94 0.96 0.98 1.14 1.14 1.2  1.35 1.4
 1.57 1.67 1.68 1.88]
var: 0.17879475000000003
| [0m16       [0m | [0m0.6145   [0m | [0m0.08682  [0m | [0m13.38    [0m | [0m2.382    [0m |
[0.03 0.05 0.4  0.49 0.53 0.65 0.69 0.73 0.91 1.09 1.16 1.17 1.17 1.24
 1.25 1.26 1.29 1.34 1.4  1.46 1.47 1.48 1.48 1.49 1.49 1.55 1.58 1.58
 1.68 1.68 1.69 1.7  1.71 1.71 1.72 1.73 1.74 1.81 1.82 1.86 1.86 1.99
 2.04 2.12 2.12 2.24 2.44 2.59 2.72 2.8  3.04 3.23 3.34 3.38 3.52 3.66
 3.84 4.18 4.4  5.51]
var: 1.1396005555555553
| [95m17       [0m | [95m1.872    [0m | [95m0.2025   [0m | [95m11.3     [0m | [95m0.2555   [0m |
[0.   0.   0.   0.01 0.02 0.02 0.03 0.04 0.04 0.04 0.07 0.09 0.12 0.12
 0.14 0.2  0.22 0.26 0.27 0.29 0.29 0.33 0.34 0.35 0.35 0.35 0.36 0.38
 0.4  0.41 0.41 0.42 0.42 0.46 0.47 0.47 0.48 0.48 0.49 0.5  0.52 0.53
 0.54 0.55 0.56 0.57 0.58 0.66 0.69 0.74 0.75 0.79 0.94 0.99 1.   1.
 1.03 1.66 1.91 1.97]
var: 0.17634822222222243
| [0m18       [0m | [0m0.4687   [0m | [0m0.1207   [0m | [0m40.38    [0m | [0m1.841    [0m |
[0.   0.   0.01 0.03 0.03 0.04 0.04 0.05 0.06 0.07 0.07 0.07 0.08 0.15
 0.17 0.17 0.19 0.2  0.21 0.21 0.21 0.23 0.23 0.24 0.24 0.24 0.24 0.27
 0.27 0.27 0.27 0.28 0.28 0.29 0.29 0.31 0.31 0.32 0.33 0.34 0.35 0.36
 0.39 0.4  0.42 0.43 0.47 0.51 0.54 0.56 0.58 0.65 0.68 0.7  0.73 0.77
 0.83 0.96 1.23 2.36]
var: 0.13038030555555555
| [0m19       [0m | [0m0.3538   [0m | [0m0.09343  [0m | [0m39.03    [0m | [0m2.538    [0m |
[0.04 0.09 0.12 0.12 0.16 0.2  0.21 0.22 0.22 0.24 0.24 0.28 0.3  0.33
 0.34 0.44 0.44 0.5  0.53 0.6  0.6  0.63 0.7  0.8  0.92 0.93 0.97 1.01
 1.02 1.13 1.17 1.22 1.22 1.23 1.33 1.34 1.37 1.37 1.38 1.38 1.44 1.44
 1.5  1.52 1.57 1.72 1.78 1.83 1.84 1.88 1.89 1.97 2.   2.03 2.21 2.35
 2.52 2.53 3.18 4.31]
var: 0.7146087500000002
| [0m20       [0m | [0m1.148    [0m | [0m0.07188  [0m | [0m26.98    [0m | [0m0.5943   [0m |
[0.   0.   0.01 0.02 0.02 0.02 0.03 0.05 0.06 0.06 0.06 0.06 0.08 0.09
 0.1  0.1  0.13 0.13 0.13 0.14 0.15 0.16 0.17 0.17 0.18 0.19 0.2  0.2
 0.2  0.21 0.21 0.22 0.23 0.25 0.29 0.31 0.31 0.32 0.33 0.35 0.38 0.38
 0.38 0.4  0.42 0.42 0.42 0.43 0.46 0.49 0.49 0.5  0.51 0.53 0.53 0.55
 0.55 0.57 0.62 0.68]
var: 0.034100972222222116
| [0m21       [0m | [0m0.2608   [0m | [0m0.00164  [0m | [0m26.91    [0m | [0m2.822    [0m |
[0.05 0.06 0.06 0.1  0.1  0.11 0.11 0.12 0.12 0.12 0.13 0.15 0.23 0.24
 0.24 0.29 0.29 0.34 0.36 0.37 0.38 0.4  0.43 0.44 0.44 0.44 0.47 0.47
 0.5  0.5  0.52 0.53 0.54 0.55 0.58 0.58 0.63 0.64 0.65 0.67 0.71 0.74
 0.92 0.92 1.08 1.1  1.11 1.13 1.16 1.18 1.21 1.21 1.29 1.35 1.78 1.92
 2.05 2.3  2.51 4.04]
var: 0.5057445555555558
| [0m22       [0m | [0m0.7277   [0m | [0m0.1601   [0m | [0m22.77    [0m | [0m0.9374   [0m |
[0.23 0.24 0.27 0.29 0.31 0.35 0.39 0.4  0.43 0.43 0.45 0.47 0.49 0.5
 0.58 0.61 0.67 0.68 0.7  0.72 0.72 0.78 0.82 0.85 0.87 0.89 0.92 0.96
 0.97 1.01 1.03 1.09 1.1  1.15 1.2  1.24 1.35 1.4  1.47 1.5  1.5  1.51
 1.55 1.66 1.67 1.69 1.77 1.78 2.03 2.07 2.18 2.29 2.44 2.55 2.63 2.81
 3.13 3.16 3.41 6.47]
var: 1.0911636388888892
| [0m23       [0m | [0m1.314    [0m | [0m0.09655  [0m | [0m21.7     [0m | [0m0.5528   [0m |
[0.03 0.03 0.04 0.04 0.06 0.07 0.1  0.11 0.2  0.21 0.26 0.29 0.34 0.37
 0.39 0.44 0.45 0.45 0.46 0.47 0.48 0.51 0.51 0.52 0.52 0.53 0.53 0.54
 0.56 0.56 0.64 0.64 0.65 0.66 0.67 0.73 0.76 0.78 0.78 0.8  0.83 0.86
 0.9  0.94 0.96 0.97 1.01 1.02 1.03 1.05 1.07 1.11 1.15 1.16 1.24 1.34
 1.38 1.39 1.41 4.17]
var: 0.3455736388888892
| [0m24       [0m | [0m0.7028   [0m | [0m0.2125   [0m | [0m22.74    [0m | [0m1.346    [0m |
[0.   0.   0.01 0.01 0.02 0.02 0.02 0.03 0.04 0.05 0.07 0.07 0.08 0.08
 0.08 0.09 0.11 0.12 0.13 0.14 0.16 0.18 0.2  0.2  0.21 0.22 0.24 0.25
 0.25 0.26 0.26 0.28 0.28 0.29 0.39 0.42 0.45 0.46 0.47 0.52 0.56 0.57
 0.58 0.61 0.63 0.64 0.66 0.67 0.73 0.73 0.77 0.8  0.9  0.9  0.91 1.06
 1.2  1.2  1.38 1.48]
var: 0.13834122222222278
| [0m25       [0m | [0m0.4023   [0m | [0m0.03012  [0m | [0m47.23    [0m | [0m1.339    [0m |
[0.   0.   0.01 0.01 0.02 0.02 0.02 0.03 0.03 0.04 0.04 0.05 0.05 0.07
 0.07 0.08 0.12 0.17 0.18 0.2  0.2  0.25 0.3  0.3  0.31 0.32 0.32 0.35
 0.36 0.37 0.4  0.41 0.41 0.42 0.43 0.43 0.44 0.45 0.45 0.47 0.51 0.56
 0.58 0.59 0.62 0.62 0.63 0.64 0.66 0.67 0.7  0.74 0.77 0.85 0.91 1.11
 1.18 1.31 1.65 2.45]
var: 0.18950430555555572
| [0m26       [0m | [0m0.4392   [0m | [0m0.003097 [0m | [0m43.46    [0m | [0m1.524    [0m |
[0.   0.02 0.04 0.06 0.1  0.1  0.12 0.12 0.13 0.22 0.25 0.27 0.28 0.29
 0.29 0.29 0.41 0.41 0.43 0.43 0.45 0.48 0.51 0.51 0.55 0.55 0.56 0.56
 0.57 0.59 0.6  0.64 0.66 0.68 0.71 0.75 0.76 0.76 0.77 0.79 0.81 0.82
 0.83 0.93 1.02 1.03 1.05 1.05 1.06 1.06 1.07 1.13 1.26 1.29 1.36 1.52
 1.65 1.73 2.06 2.18]
var: 0.23944655555555575
| [0m27       [0m | [0m0.6937   [0m | [0m0.2104   [0m | [0m16.47    [0m | [0m1.47     [0m |
[0.01 0.03 0.08 0.1  0.3  0.3  0.31 0.35 0.35 0.4  0.43 0.43 0.43 0.45
 0.45 0.46 0.48 0.48 0.5  0.51 0.53 0.53 0.53 0.53 0.53 0.54 0.55 0.55
 0.56 0.56 0.59 0.6  0.63 0.64 0.66 0.67 0.75 0.76 0.77 0.79 0.81 0.83
 0.84 0.84 0.9  0.96 0.96 1.   1.   1.03 1.03 1.04 1.07 1.16 1.18 1.19
 1.2  1.27 1.54 2.25]
var: 0.14343099999999984
| [0m28       [0m | [0m0.687    [0m | [0m0.1251   [0m | [0m21.06    [0m | [0m1.789    [0m |
[0.29 0.48 0.56 0.66 0.67 0.68 0.74 0.84 0.86 0.86 0.98 1.02 1.08 1.12
 1.15 1.16 1.17 1.17 1.22 1.25 1.29 1.3  1.3  1.3  1.33 1.39 1.52 1.52
 1.54 1.55 1.56 1.57 1.59 1.6  1.69 1.87 1.94 2.   2.15 2.25 2.3  2.41
 2.43 2.43 2.49 2.55 2.62 2.65 2.67 2.72 2.82 2.85 2.91 2.93 2.99 3.03
 3.13 3.24 3.91 4.05]
var: 0.7732609722222226
| [0m29       [0m | [0m1.789    [0m | [0m0.01131  [0m | [0m16.68    [0m | [0m0.01062  [0m |
[0.34 0.37 0.4  0.46 0.49 0.53 0.56 0.62 0.67 0.81 0.82 0.83 0.85 0.87
 0.91 0.95 1.   1.05 1.08 1.08 1.09 1.12 1.13 1.15 1.15 1.17 1.24 1.24
 1.26 1.27 1.31 1.35 1.36 1.44 1.45 1.57 1.6  1.6  1.61 1.63 1.68 1.69
 1.71 1.77 1.84 1.85 1.92 1.95 1.96 1.97 1.98 2.02 2.02 2.04 2.59 2.63
 3.06 3.35 3.44 3.51]
var: 0.5379949722222225
| [0m30       [0m | [0m1.44     [0m | [0m0.2906   [0m | [0m29.56    [0m | [0m0.2116   [0m |
[0.13 0.2  0.2  0.24 0.27 0.36 0.37 0.48 0.58 0.6  0.78 0.94 1.01 1.08
 1.09 1.14 1.27 1.27 1.32 1.33 1.44 1.49 1.51 1.57 1.58 1.58 1.58 1.61
 1.61 1.67 1.72 1.76 1.77 1.81 1.98 2.02 2.03 2.03 2.04 2.05 2.05 2.07
 2.17 2.39 2.4  2.4  2.5  2.58 2.64 2.72 2.74 2.79 2.89 3.21 3.76 3.88
 3.92 4.55 4.73 4.85]
var: 1.237960972222223
| [0m31       [0m | [0m1.846    [0m | [0m0.005127 [0m | [0m34.33    [0m | [0m0.08229  [0m |
[0.   0.   0.   0.   0.02 0.02 0.02 0.03 0.03 0.05 0.08 0.08 0.08 0.09
 0.1  0.1  0.11 0.12 0.15 0.18 0.19 0.2  0.2  0.21 0.24 0.26 0.27 0.27
 0.29 0.31 0.31 0.32 0.35 0.35 0.39 0.41 0.42 0.44 0.45 0.45 0.46 0.47
 0.48 0.48 0.49 0.52 0.53 0.59 0.6  0.61 0.63 0.65 0.65 0.69 0.87 0.95
 0.97 0.97 1.1  1.62]
var: 0.10224488888888866
| [0m32       [0m | [0m0.3653   [0m | [0m0.172    [0m | [0m49.61    [0m | [0m1.857    [0m |
[0.   0.01 0.02 0.05 0.07 0.07 0.09 0.1  0.11 0.11 0.12 0.14 0.16 0.2
 0.24 0.34 0.35 0.38 0.39 0.4  0.44 0.44 0.48 0.48 0.48 0.49 0.49 0.51
 0.52 0.53 0.53 0.56 0.58 0.61 0.63 0.64 0.69 0.74 0.75 0.76 0.86 0.88
 0.91 0.92 1.13 1.23 1.24 1.27 1.28 1.31 1.36 1.44 1.52 1.56 1.75 1.85
 1.87 1.98 3.36 3.66]
var: 0.5316460000000002
| [0m33       [0m | [0m0.768    [0m | [0m0.1982   [0m | [0m25.56    [0m | [0m1.13     [0m |
[0.04 0.05 0.05 0.13 0.15 0.17 0.17 0.19 0.2  0.22 0.22 0.24 0.25 0.32
 0.33 0.38 0.45 0.48 0.51 0.56 0.62 0.63 0.63 0.63 0.67 0.72 0.73 0.78
 0.79 0.84 0.85 0.86 0.89 0.98 0.98 1.04 1.06 1.06 1.18 1.18 1.19 1.23
 1.26 1.28 1.33 1.44 1.45 1.52 1.53 1.53 1.95 2.01 2.03 2.15 2.5  2.65
 2.71 2.73 4.16 4.63]
var: 0.8720994166666668
| [0m34       [0m | [0m1.059    [0m | [0m0.2207   [0m | [0m30.81    [0m | [0m0.4134   [0m |
[0.   0.   0.01 0.01 0.01 0.01 0.01 0.02 0.02 0.08 0.08 0.09 0.1  0.12
 0.13 0.14 0.14 0.19 0.19 0.19 0.26 0.31 0.32 0.33 0.33 0.37 0.37 0.38
 0.39 0.39 0.4  0.41 0.42 0.42 0.43 0.44 0.45 0.45 0.47 0.48 0.49 0.49
 0.51 0.58 0.63 0.65 0.66 0.68 0.68 0.69 0.79 0.79 0.88 0.89 0.89 0.95
 1.03 1.22 1.25 1.42]
var: 0.11400141666666691
| [0m35       [0m | [0m0.4255   [0m | [0m0.1052   [0m | [0m48.99    [0m | [0m1.478    [0m |
[0.02 0.03 0.03 0.06 0.06 0.07 0.08 0.08 0.09 0.1  0.11 0.11 0.16 0.16
 0.22 0.25 0.3  0.3  0.37 0.37 0.42 0.43 0.43 0.47 0.5  0.51 0.52 0.54
 0.54 0.55 0.56 0.61 0.65 0.68 0.68 0.71 0.72 0.76 0.77 0.8  0.81 0.82
 0.84 0.85 0.92 0.95 0.97 0.97 0.99 1.09 1.1  1.12 1.17 1.19 1.33 1.39
 1.51 1.59 1.73 2.17]
var: 0.2252336388888889
| [0m36       [0m | [0m0.6388   [0m | [0m0.1487   [0m | [0m32.25    [0m | [0m0.717    [0m |
[0.   0.01 0.03 0.04 0.05 0.09 0.11 0.16 0.17 0.29 0.33 0.36 0.36 0.37
 0.37 0.39 0.42 0.44 0.49 0.53 0.57 0.59 0.62 0.63 0.64 0.64 0.65 0.65
 0.65 0.65 0.66 0.66 0.68 0.68 0.7  0.71 0.77 0.84 0.94 0.98 0.99 1.
 1.02 1.04 1.05 1.2  1.22 1.24 1.28 1.37 1.4  1.44 1.44 1.5  1.56 1.63
 1.81 2.   2.25 2.27]
var: 0.3009969722222223
| [0m37       [0m | [0m0.7938   [0m | [0m0.2208   [0m | [0m11.98    [0m | [0m1.859    [0m |
[0.05 0.06 0.06 0.08 0.09 0.09 0.09 0.11 0.14 0.15 0.15 0.16 0.16 0.2
 0.25 0.26 0.29 0.35 0.35 0.36 0.37 0.38 0.39 0.39 0.41 0.41 0.43 0.45
 0.46 0.48 0.49 0.51 0.53 0.55 0.56 0.61 0.62 0.64 0.65 0.67 0.71 0.71
 0.74 0.75 0.82 0.85 0.86 0.9  0.94 0.99 1.   1.01 1.04 1.13 1.27 1.36
 1.46 1.61 1.72 1.93]
var: 0.19080208333333287
| [0m38       [0m | [0m0.5875   [0m | [0m0.08248  [0m | [0m3.33     [0m | [0m1.777    [0m |
[0.   0.   0.   0.01 0.01 0.02 0.04 0.04 0.06 0.06 0.1  0.1  0.11 0.12
 0.12 0.14 0.15 0.15 0.16 0.16 0.16 0.16 0.17 0.18 0.2  0.24 0.25 0.25
 0.25 0.27 0.27 0.3  0.31 0.35 0.36 0.36 0.39 0.4  0.4  0.4  0.42 0.44
 0.45 0.48 0.49 0.49 0.49 0.5  0.5  0.54 0.58 0.59 0.74 0.77 0.79 0.82
 1.01 1.11 1.11 2.07]
var: 0.12255497222222213
| [0m39       [0m | [0m0.3602   [0m | [0m0.1434   [0m | [0m26.08    [0m | [0m2.202    [0m |
[0.23 0.4  0.56 0.57 0.71 0.77 0.83 0.88 0.88 0.9  0.93 0.93 0.94 1.02
 1.03 1.03 1.1  1.13 1.19 1.23 1.46 1.48 1.49 1.51 1.51 1.52 1.59 1.64
 1.64 1.65 1.69 1.81 1.88 1.9  2.02 2.05 2.05 2.08 2.08 2.2  2.26 2.31
 2.35 2.35 2.35 2.52 2.6  2.61 2.64 2.66 2.66 2.67 2.72 2.73 2.8  2.83
 2.9  3.01 3.3  5.99]
var: 0.873780305555556
| [0m40       [0m | [0m1.813    [0m | [0m0.07671  [0m | [0m2.437    [0m | [0m0.06943  [0m |
[0.42 0.47 0.74 0.76 0.88 0.92 0.96 1.06 1.1  1.13 1.14 1.39 1.42 1.49
 1.63 1.92 1.95 2.01 2.05 2.07 2.09 2.14 2.2  2.23 2.26 2.28 2.37 2.47
 2.57 2.67 2.72 2.85 2.92 3.   3.06 3.08 3.11 3.15 3.25 3.36 3.45 3.49
 3.51 3.51 3.56 3.59 3.65 3.67 3.69 3.74 3.83 3.95 4.   4.46 4.46 4.88
 4.89 5.26 5.28 6.31]
var: 1.7260036388888884
| [95m41       [0m | [95m2.708    [0m | [95m1e-08    [0m | [95m17.28    [0m | [95m0.001    [0m |
[0.6  0.73 1.38 1.44 1.6  1.73 1.8  1.89 1.91 1.93 1.94 2.02 2.04 2.06
 2.07 2.11 2.12 2.13 2.2  2.23 2.23 2.25 2.27 2.34 2.36 2.4  2.46 2.49
 2.49 2.55 2.6  2.6  2.61 2.67 2.71 2.78 2.86 2.91 3.25 3.39 3.46 3.63
 3.81 3.82 3.84 3.91 4.07 4.18 4.27 4.37 4.64 4.76 4.76 4.82 5.14 5.22
 5.3  5.53 5.63 6.3 ]
var: 1.6403527499999995
| [95m42       [0m | [95m2.994    [0m | [95m1e-08    [0m | [95m17.9     [0m | [95m0.001    [0m |
[0.   0.   0.   0.   0.   0.   0.   0.   0.   0.   0.   0.   0.   0.
 0.   0.   0.01 0.01 0.01 0.01 0.01 0.02 0.02 0.02 0.03 0.03 0.03 0.03
 0.04 0.04 0.04 0.05 0.05 0.05 0.05 0.05 0.05 0.06 0.06 0.06 0.06 0.06
 0.07 0.07 0.09 0.1  0.1  0.11 0.11 0.12 0.12 0.16 0.16 0.16 0.19 0.21
 0.24 0.28 0.28 0.34]
var: 0.006211222222222295
| [0m43       [0m | [0m0.06433  [0m | [0m0.3      [0m | [0m18.63    [0m | [0m0.001    [0m |
[0.24 0.32 0.37 0.54 0.54 0.74 0.8  0.85 1.01 1.02 1.02 1.06 1.13 1.14
 1.19 1.22 1.23 1.27 1.31 1.4  1.42 1.46 1.46 1.48 1.53 1.56 1.57 1.59
 1.59 1.79 1.89 1.96 1.98 2.03 2.04 2.07 2.09 2.13 2.2  2.24 2.31 2.38
 2.49 2.49 2.51 2.52 2.52 2.54 2.68 2.72 2.72 2.89 2.96 3.   3.06 3.15
 3.21 3.33 3.47 3.6 ]
var: 0.7182747499999995
| [0m44       [0m | [0m1.851    [0m | [0m0.04936  [0m | [0m17.54    [0m | [0m0.3572   [0m |
[0.18 0.2  0.23 0.43 0.54 0.55 0.58 0.59 0.6  0.63 0.67 0.68 0.68 0.72
 0.86 0.86 0.86 0.88 0.88 0.92 0.93 1.08 1.14 1.14 1.15 1.17 1.19 1.2
 1.21 1.21 1.23 1.23 1.27 1.29 1.36 1.39 1.4  1.42 1.43 1.44 1.56 1.6
 1.61 1.68 1.74 1.76 1.78 1.85 1.89 1.99 2.03 2.03 2.05 2.18 2.41 2.52
 2.64 2.87 3.09 3.54]
var: 0.5021262222222221
| [0m45       [0m | [0m1.337    [0m | [0m0.2908   [0m | [0m29.6     [0m | [0m0.2028   [0m |
[0.01 0.01 0.02 0.03 0.04 0.05 0.06 0.06 0.08 0.09 0.09 0.1  0.11 0.12
 0.13 0.13 0.13 0.17 0.17 0.17 0.2  0.27 0.29 0.3  0.31 0.33 0.35 0.37
 0.39 0.41 0.41 0.43 0.43 0.46 0.46 0.49 0.5  0.51 0.51 0.53 0.54 0.58
 0.59 0.61 0.63 0.65 0.66 0.68 0.68 0.71 0.72 0.75 0.8  0.83 0.86 0.86
 0.95 1.1  1.32 2.91]
var: 0.1915320833333334
| [0m46       [0m | [0m0.4525   [0m | [0m0.1618   [0m | [0m15.31    [0m | [0m2.287    [0m |
[0.65 0.74 1.06 1.07 1.15 1.27 1.5  1.72 1.76 1.81 1.83 1.84 1.98 2.
 2.03 2.08 2.1  2.16 2.22 2.25 2.3  2.32 2.34 2.41 2.43 2.43 2.44 2.62
 2.63 2.63 2.7  2.7  2.73 2.8  2.85 2.91 2.97 3.07 3.17 3.24 3.3  3.38
 3.39 3.46 3.54 3.59 3.71 3.73 3.73 3.78 3.79 4.11 4.11 4.18 4.18 4.29
 4.34 4.88 5.15 5.29]
var: 1.1233628888888887
| [0m47       [0m | [0m2.781    [0m | [0m1e-08    [0m | [0m17.65    [0m | [0m0.001    [0m |
[0.   0.   0.   0.   0.   0.   0.   0.   0.   0.01 0.01 0.01 0.02 0.02
 0.02 0.03 0.03 0.03 0.03 0.03 0.04 0.04 0.04 0.04 0.04 0.04 0.05 0.06
 0.06 0.06 0.06 0.06 0.06 0.07 0.07 0.07 0.07 0.07 0.08 0.08 0.08 0.08
 0.08 0.08 0.09 0.1  0.1  0.1  0.11 0.12 0.12 0.13 0.15 0.17 0.18 0.2
 0.2  0.24 0.24 0.29]
var: 0.004319000000000026
| [0m48       [0m | [0m0.071    [0m | [0m0.289    [0m | [0m17.51    [0m | [0m0.001589 [0m |
[0.2  0.3  0.69 0.74 0.78 0.88 1.07 1.1  1.23 1.35 1.38 1.38 1.43 1.59
 1.64 1.72 1.82 1.85 1.88 1.88 1.88 1.97 2.01 2.04 2.04 2.04 2.06 2.08
 2.1  2.23 2.32 2.37 2.58 2.7  2.73 2.76 2.85 2.97 3.01 3.03 3.07 3.13
 3.13 3.51 3.51 3.53 3.55 3.66 3.66 3.84 3.84 3.94 3.94 3.95 4.08 4.09
 4.1  4.19 4.26 4.83]
var: 1.2756249722222213
| [0m49       [0m | [0m2.475    [0m | [0m0.0238   [0m | [0m17.16    [0m | [0m0.1621   [0m |
[0.   0.   0.   0.02 0.02 0.03 0.03 0.04 0.04 0.05 0.05 0.05 0.06 0.06
 0.07 0.09 0.09 0.11 0.12 0.13 0.15 0.15 0.16 0.16 0.16 0.18 0.18 0.19
 0.19 0.2  0.21 0.23 0.25 0.27 0.27 0.29 0.29 0.35 0.35 0.37 0.39 0.39
 0.4  0.41 0.43 0.45 0.48 0.49 0.51 0.52 0.58 0.58 0.64 0.64 0.67 0.69
 0.79 1.06 1.27 2.22]
var: 0.12961697222222196
| [0m50       [0m | [0m0.3212   [0m | [0m0.2409   [0m | [0m49.37    [0m | [0m1.915    [0m |
[0.04 0.1  0.14 0.23 0.25 0.26 0.3  0.31 0.32 0.33 0.34 0.35 0.38 0.39
 0.41 0.43 0.44 0.47 0.51 0.53 0.53 0.54 0.62 0.67 0.68 0.71 0.74 0.77
 0.78 0.81 0.82 0.86 0.88 0.92 0.94 1.   1.04 1.04 1.04 1.12 1.12 1.15
 1.16 1.19 1.22 1.24 1.4  1.47 1.5  1.55 1.69 1.76 1.8  1.82 1.93 2.08
 2.17 2.33 3.8  6.95]
var: 1.039828083333334
| [0m51       [0m | [0m1.04     [0m | [0m0.004916 [0m | [0m11.93    [0m | [0m1.314    [0m |
[0.21 0.75 0.79 0.85 0.86 0.92 0.93 0.95 0.96 0.99 1.04 1.05 1.32 1.39
 1.41 1.47 1.49 1.5  1.58 1.59 1.62 1.66 1.67 1.71 1.73 1.8  1.81 1.96
 1.98 2.03 2.04 2.06 2.12 2.13 2.4  2.48 2.64 2.65 2.68 2.68 2.74 3.02
 3.02 3.03 3.07 3.18 3.21 3.22 3.34 3.42 3.57 3.69 3.8  3.87 4.12 4.16
 4.19 4.2  4.5  5.4 ]
var: 1.305565416666666
| [0m52       [0m | [0m2.278    [0m | [0m0.09261  [0m | [0m17.95    [0m | [0m0.08317  [0m |
[0.14 0.16 0.39 0.76 0.81 0.91 0.97 1.02 1.08 1.19 1.24 1.27 1.28 1.29
 1.29 1.39 1.48 1.5  1.51 1.57 1.73 1.87 2.   2.05 2.05 2.07 2.14 2.2
 2.2  2.21 2.23 2.26 2.32 2.32 2.38 2.41 2.45 2.46 2.55 2.58 2.6  2.73
 2.75 2.76 2.82 2.96 3.02 3.12 3.14 3.17 3.22 3.26 3.33 3.57 3.85 3.87
 3.88 3.97 4.11 4.22]
var: 1.002914888888888
| [0m53       [0m | [0m2.201    [0m | [0m0.06019  [0m | [0m17.79    [0m | [0m0.1773   [0m |
[0.   0.   0.   0.02 0.02 0.05 0.06 0.06 0.1  0.14 0.14 0.16 0.16 0.18
 0.18 0.18 0.2  0.23 0.23 0.25 0.25 0.26 0.27 0.27 0.27 0.28 0.29 0.31
 0.31 0.35 0.36 0.4  0.41 0.42 0.42 0.44 0.48 0.5  0.51 0.52 0.53 0.54
 0.54 0.54 0.55 0.56 0.59 0.6  0.66 0.69 0.7  0.72 0.75 0.82 0.84 0.88
 0.95 1.01 1.04 1.43]
var: 0.08864988888888868
| [0m54       [0m | [0m0.4103   [0m | [0m0.182    [0m | [0m24.78    [0m | [0m2.0      [0m |
[0.52 0.66 0.69 0.72 0.8  0.86 1.02 1.14 1.14 1.19 1.26 1.26 1.49 1.53
 1.7  1.84 1.99 1.99 2.   2.02 2.06 2.14 2.18 2.19 2.29 2.34 2.36 2.44
 2.49 2.51 2.54 2.56 2.58 2.58 2.65 2.77 2.92 3.02 3.03 3.08 3.14 3.18
 3.23 3.24 3.48 3.52 3.56 3.58 3.72 3.72 3.75 3.8  3.89 4.02 4.05 4.07
 4.68 4.74 5.1  5.25]
var: 1.3535269722222225
| [0m55       [0m | [0m2.571    [0m | [0m1e-08    [0m | [0m17.79    [0m | [0m0.001    [0m |
[0.58 0.6  0.85 1.   1.06 1.13 1.25 1.29 1.34 1.4  1.44 1.52 1.8  1.82
 1.87 1.89 2.   2.03 2.28 2.28 2.3  2.3  2.42 2.42 2.45 2.51 2.63 2.7
 2.89 2.92 2.96 3.08 3.08 3.09 3.11 3.14 3.22 3.24 3.26 3.31 3.32 3.34
 3.37 3.41 3.51 3.76 3.89 4.09 4.3  4.39 4.44 4.54 4.81 5.16 5.61 5.9
 6.38 6.79 7.   7.6 ]
var: 2.5326414166666664
| [95m56       [0m | [95m3.035    [0m | [95m1e-08    [0m | [95m18.05    [0m | [95m0.001    [0m |
[0.63 1.06 1.09 1.14 1.23 1.3  1.33 1.33 1.42 1.43 1.53 1.58 1.62 1.71
 1.73 1.73 2.17 2.2  2.21 2.27 2.33 2.36 2.44 2.46 2.52 2.53 2.67 2.67
 2.69 2.74 2.8  3.11 3.11 3.13 3.14 3.18 3.23 3.31 3.32 3.43 3.44 3.51
 3.51 3.55 3.64 3.67 3.7  3.73 3.74 3.77 3.88 4.26 4.32 4.41 4.83 4.91
 5.27 5.45 5.47 6.45]
var: 1.5821983055555557
| [0m57       [0m | [0m2.89     [0m | [0m1e-08    [0m | [0m17.04    [0m | [0m0.001    [0m |
[0.13 0.19 0.26 0.42 0.51 0.64 0.76 0.83 0.84 0.91 0.94 1.   1.   1.08
 1.1  1.14 1.21 1.24 1.35 1.38 1.42 1.43 1.49 1.51 1.57 1.59 1.64 1.65
 1.68 1.69 1.72 1.8  1.9  1.98 2.02 2.07 2.07 2.09 2.09 2.13 2.13 2.14
 2.26 2.33 2.33 2.33 2.47 2.52 2.58 2.63 2.67 2.81 2.85 3.   3.03 3.18
 3.2  3.26 3.89 4.88]
var: 0.8545206666666673
| [0m58       [0m | [0m1.816    [0m | [0m0.1069   [0m | [0m16.97    [0m | [0m0.124    [0m |
[0.47 0.77 0.89 0.9  0.91 0.91 0.98 0.98 1.08 1.11 1.24 1.3  1.31 1.32
 1.36 1.4  1.41 1.47 1.52 1.52 1.52 1.63 1.67 1.67 1.7  1.71 1.72 1.74
 1.79 1.95 1.96 1.98 1.99 2.02 2.06 2.1  2.13 2.39 2.42 2.43 2.48 2.5
 2.6  2.6  2.67 2.73 2.83 2.93 2.95 2.99 3.1  3.14 3.36 3.42 3.46 3.54
 4.9  5.21 5.4  5.61]
var: 1.2656943055555545
| [0m59       [0m | [0m2.164    [0m | [0m0.2677   [0m | [0m10.55    [0m | [0m0.07336  [0m |
[0.26 0.3  0.36 0.38 0.39 0.49 0.55 0.57 0.6  0.6  0.66 0.7  0.71 0.73
 0.76 0.81 0.83 0.86 0.86 0.91 0.94 0.97 1.03 1.05 1.06 1.16 1.17 1.19
 1.2  1.23 1.29 1.3  1.31 1.33 1.35 1.36 1.41 1.44 1.45 1.47 1.51 1.56
 1.61 1.65 1.67 1.7  1.78 1.95 1.96 1.98 2.02 2.1  2.15 2.21 2.28 2.44
 2.66 3.03 3.96 4.26]
var: 0.6385215555555551
| [0m60       [0m | [0m1.359    [0m | [0m0.153    [0m | [0m10.89    [0m | [0m0.0165   [0m |
[0.   0.   0.02 0.03 0.04 0.04 0.05 0.05 0.06 0.06 0.08 0.1  0.1  0.13
 0.14 0.14 0.26 0.29 0.31 0.37 0.37 0.41 0.43 0.44 0.47 0.48 0.5  0.51
 0.52 0.53 0.54 0.55 0.55 0.55 0.58 0.58 0.6  0.61 0.61 0.64 0.66 0.73
 0.77 0.77 0.82 0.83 0.83 0.9  0.96 0.96 0.97 1.05 1.08 1.18 1.2  1.23
 1.26 1.42 1.43 3.  ]
var: 0.24925163888888877
| [0m61       [0m | [0m0.5798   [0m | [0m0.2938   [0m | [0m21.01    [0m | [0m1.608    [0m |
[0.   0.   0.   0.   0.   0.   0.   0.   0.   0.   0.   0.   0.   0.
 0.   0.   0.01 0.02 0.02 0.03 0.03 0.04 0.04 0.04 0.04 0.05 0.1  0.1
 0.11 0.11 0.12 0.12 0.13 0.13 0.14 0.16 0.18 0.18 0.21 0.22 0.25 0.25
 0.26 0.27 0.27 0.34 0.34 0.37 0.39 0.4  0.41 0.43 0.46 0.58 1.28 1.4
 2.08 3.03 3.3  4.55]
var: 0.7021616388888898
| [0m62       [0m | [0m0.3832   [0m | [0m1e-08    [0m | [0m18.1     [0m | [0m0.2091   [0m |
[0.17 0.58 0.59 0.88 1.04 1.28 1.53 1.63 1.68 1.69 1.7  1.73 1.79 1.86
 1.9  1.9  1.91 1.98 2.04 2.06 2.08 2.15 2.15 2.26 2.32 2.41 2.44 2.53
 2.55 2.62 2.64 2.69 2.77 2.82 2.82 2.97 2.98 2.98 2.99 2.99 2.99 3.12
 3.17 3.2  3.36 3.37 3.39 3.52 3.55 3.67 3.72 3.76 3.99 4.14 4.15 4.2
 4.42 4.47 4.66 4.68]
var: 1.0822936388888889
| [0m63       [0m | [0m2.627    [0m | [0m0.03411  [0m | [0m17.41    [0m | [0m0.2116   [0m |
[0.17 0.38 0.63 0.7  0.78 0.81 0.83 0.87 0.87 0.87 0.87 0.95 0.99 1.02
 1.06 1.07 1.1  1.16 1.18 1.19 1.21 1.23 1.23 1.24 1.29 1.31 1.31 1.32
 1.35 1.37 1.44 1.46 1.47 1.5  1.5  1.53 1.6  1.65 1.67 1.74 1.75 1.81
 1.82 1.87 1.92 1.97 1.97 1.99 2.09 2.1  2.12 2.35 2.41 2.43 2.46 2.48
 2.5  2.64 3.08 3.62]
var: 0.4269472222222219
| [0m64       [0m | [0m1.522    [0m | [0m0.3      [0m | [0m10.57    [0m | [0m0.3544   [0m |
[0.63 0.85 0.86 0.87 0.92 0.93 0.94 1.02 1.04 1.07 1.09 1.14 1.16 1.23
 1.26 1.3  1.31 1.34 1.38 1.42 1.43 1.45 1.46 1.48 1.52 1.54 1.57 1.57
 1.57 1.62 1.63 1.64 1.73 1.76 1.76 1.81 1.84 1.88 2.02 2.02 2.05 2.14
 2.19 2.21 2.23 2.24 2.31 2.54 2.69 2.72 2.75 2.76 2.78 2.83 2.92 3.06
 3.08 3.17 3.23 3.27]
var: 0.49517697222222207
| [0m65       [0m | [0m1.804    [0m | [0m0.07231  [0m | [0m10.34    [0m | [0m0.02323  [0m |
[0.95 0.98 1.   1.46 1.62 1.62 1.72 1.72 1.73 1.78 1.81 1.83 1.84 2.04
 2.07 2.28 2.3  2.34 2.39 2.43 2.48 2.49 2.6  2.61 2.76 2.82 2.83 2.86
 2.86 2.92 2.96 3.01 3.03 3.07 3.11 3.11 3.12 3.18 3.19 3.36 3.39 3.55
 3.61 3.84 3.89 4.1  4.13 4.14 4.19 4.22 4.22 4.67 4.82 4.96 5.14 5.28
 5.71 5.86 6.23 6.64]
var: 1.7132514166666666
| [95m66       [0m | [95m3.115    [0m | [95m0.01092  [0m | [95m17.48    [0m | [95m0.04364  [0m |
[0.14 0.16 0.47 0.76 0.77 0.78 0.87 0.94 0.94 1.12 1.21 1.23 1.25 1.28
 1.36 1.39 1.42 1.44 1.44 1.47 1.54 1.55 1.56 1.57 1.57 1.58 1.6  1.74
 1.76 1.92 1.99 2.   2.05 2.24 2.27 2.3  2.32 2.33 2.36 2.44 2.47 2.47
 2.52 2.58 2.6  2.64 2.72 2.75 2.86 3.02 3.17 3.29 3.29 3.33 3.49 3.59
 3.97 4.04 4.81 4.83]
var: 1.0696514166666666
| [0m67       [0m | [0m2.06     [0m | [0m0.3      [0m | [0m10.17    [0m | [0m0.165    [0m |
[0.   0.01 0.01 0.01 0.04 0.05 0.08 0.08 0.16 0.16 0.22 0.25 0.28 0.28
 0.29 0.29 0.3  0.31 0.31 0.31 0.4  0.42 0.45 0.46 0.46 0.48 0.5  0.52
 0.54 0.54 0.54 0.54 0.58 0.6  0.61 0.63 0.66 0.68 0.68 0.68 0.71 0.71
 0.74 0.78 0.8  0.82 0.84 0.88 0.89 0.96 0.97 1.06 1.07 1.14 1.34 1.51
 1.58 1.63 1.89 2.18]
var: 0.21795163888888897
| [0m68       [0m | [0m0.6152   [0m | [0m0.1254   [0m | [0m7.384    [0m | [0m2.674    [0m |
[0.   0.02 0.02 0.05 0.05 0.05 0.07 0.07 0.08 0.1  0.11 0.12 0.13 0.19
 0.21 0.24 0.29 0.3  0.31 0.34 0.35 0.35 0.36 0.36 0.4  0.43 0.44 0.44
 0.47 0.48 0.48 0.49 0.5  0.51 0.52 0.53 0.56 0.74 0.77 0.78 0.82 0.84
 0.95 1.   1.01 1.04 1.17 1.47 1.47 1.55 1.58 1.6  1.84 2.02 2.29 2.55
 2.87 3.4  3.69 4.77]
var: 0.9508939999999995
| [0m69       [0m | [0m0.844    [0m | [0m1e-08    [0m | [0m17.2     [0m | [0m0.447    [0m |
[0.21 0.35 0.4  0.68 0.7  0.71 0.82 0.88 0.89 0.92 0.97 1.   1.06 1.2
 1.21 1.24 1.35 1.36 1.37 1.38 1.38 1.44 1.46 1.52 1.57 1.63 1.91 1.99
 2.   2.01 2.01 2.05 2.05 2.06 2.11 2.12 2.13 2.16 2.21 2.26 2.28 2.28
 2.36 2.39 2.4  2.44 2.51 2.56 2.57 2.57 2.64 2.77 2.84 2.87 2.98 3.04
 3.4  3.65 4.25 4.97]
var: 0.8559856666666661
| [0m70       [0m | [0m1.909    [0m | [0m0.2652   [0m | [0m14.09    [0m | [0m0.1106   [0m |
[0.   0.   0.   0.   0.   0.   0.   0.   0.   0.   0.   0.   0.   0.
 0.   0.   0.   0.   0.   0.   0.   0.01 0.01 0.01 0.01 0.01 0.01 0.02
 0.02 0.02 0.03 0.03 0.04 0.04 0.04 0.04 0.05 0.05 0.05 0.05 0.05 0.05
 0.06 0.07 0.07 0.07 0.08 0.08 0.08 0.09 0.09 0.09 0.13 0.14 0.15 0.19
 0.19 0.2  0.21 0.29]
var: 0.004068222222222234
| [0m71       [0m | [0m0.04867  [0m | [0m0.2466   [0m | [0m9.878    [0m | [0m0.001    [0m |
[0.39 0.46 0.52 0.59 1.   1.35 1.38 1.41 1.42 1.66 1.66 1.67 1.69 1.81
 1.81 1.96 2.03 2.04 2.15 2.25 2.37 2.41 2.42 2.5  2.55 2.57 2.61 2.67
 2.85 2.95 2.96 3.18 3.21 3.26 3.44 3.47 3.54 3.6  3.62 3.7  3.73 3.74
 3.74 3.86 3.97 4.02 4.03 4.16 4.16 4.16 4.25 4.35 4.42 4.5  4.6  4.65
 4.87 5.01 5.13 6.77]
var: 1.772724305555555
| [0m72       [0m | [0m2.954    [0m | [0m0.007252 [0m | [0m17.62    [0m | [0m0.1509   [0m |
[0.5  0.88 0.93 1.15 1.69 1.74 1.77 1.81 1.87 1.88 1.92 1.97 2.02 2.13
 2.19 2.19 2.19 2.22 2.29 2.35 2.39 2.42 2.43 2.43 2.47 2.64 2.72 2.82
 2.88 2.97 3.03 3.04 3.15 3.24 3.33 3.51 3.53 3.66 3.66 3.68 3.8  3.8
 3.88 3.96 4.07 4.09 4.12 4.26 4.32 4.39 4.44 4.71 4.97 4.99 5.36 5.78
 5.86 6.21 6.31 7.18]
var: 2.017041638888889
| [95m73       [0m | [95m3.203    [0m | [95m0.01057  [0m | [95m17.39    [0m | [95m0.1198   [0m |
[0.05 0.19 0.19 0.24 0.36 0.37 0.38 0.44 0.49 0.54 0.62 0.65 0.66 0.78
 0.86 0.87 0.88 0.92 1.02 1.06 1.09 1.09 1.1  1.1  1.13 1.13 1.19 1.19
 1.21 1.22 1.23 1.26 1.26 1.28 1.31 1.31 1.32 1.32 1.35 1.36 1.46 1.47
 1.48 1.49 1.53 1.57 1.57 1.66 1.67 1.88 1.92 1.94 2.03 2.04 2.07 2.14
 2.23 2.27 4.92 5.3 ]
var: 0.7899923333333342
| [0m74       [0m | [0m1.311    [0m | [0m0.07204  [0m | [0m42.65    [0m | [0m0.3658   [0m |
[0.   0.   0.   0.   0.   0.   0.   0.   0.   0.   0.   0.   0.   0.
 0.   0.   0.   0.   0.   0.   0.   0.   0.   0.   0.01 0.01 0.01 0.01
 0.01 0.02 0.02 0.02 0.02 0.03 0.03 0.03 0.03 0.04 0.04 0.05 0.05 0.05
 0.05 0.05 0.06 0.06 0.07 0.08 0.08 0.08 0.08 0.09 0.09 0.12 0.15 0.16
 0.17 0.2  0.21 0.25]
var: 0.0034436388888889288
| [0m75       [0m | [0m0.04217  [0m | [0m0.3      [0m | [0m13.7     [0m | [0m0.001    [0m |
[0.11 0.19 0.31 0.38 0.43 0.61 0.74 0.81 0.84 0.85 0.92 0.97 1.08 1.11
 1.13 1.15 1.21 1.22 1.22 1.29 1.31 1.47 1.47 1.49 1.52 1.54 1.56 1.57
 1.67 1.68 1.79 1.83 1.83 1.87 1.92 1.97 1.97 2.   2.02 2.08 2.13 2.13
 2.13 2.14 2.33 2.35 2.37 2.38 2.5  2.57 2.58 2.58 2.61 2.68 2.87 3.13
 3.71 4.5  4.66 4.74]
var: 0.9782465555555558
| [0m76       [0m | [0m1.804    [0m | [0m0.2348   [0m | [0m14.43    [0m | [0m0.2071   [0m |
[0.   0.03 0.07 0.17 0.21 0.23 0.25 0.28 0.34 0.4  0.41 0.52 0.59 0.61
 0.61 0.66 0.68 0.69 0.74 0.76 0.76 0.79 0.81 0.84 0.86 0.86 0.89 0.96
 1.02 1.07 1.11 1.16 1.26 1.27 1.28 1.29 1.36 1.37 1.4  1.44 1.54 1.58
 1.61 1.68 1.7  1.7  1.75 1.79 1.79 1.83 1.9  1.92 1.96 1.97 2.06 2.76
 3.03 3.23 3.26 3.84]
var: 0.6902476388888888
| [0m77       [0m | [0m1.216    [0m | [0m0.1517   [0m | [0m36.32    [0m | [0m0.275    [0m |
[0.05 0.12 0.13 0.16 0.19 0.19 0.36 0.41 0.41 0.53 0.53 0.69 0.69 0.69
 0.7  0.7  0.71 0.74 0.76 0.77 0.83 0.85 0.86 0.93 0.96 0.96 0.98 1.02
 1.07 1.13 1.27 1.3  1.3  1.3  1.35 1.39 1.42 1.46 1.48 1.5  1.53 1.54
 1.65 1.79 1.83 1.83 1.9  1.91 2.14 2.47 2.51 2.58 2.69 2.83 2.84 2.85
 2.92 3.   3.13 3.16]
var: 0.7405216388888886
| [0m78       [0m | [0m1.333    [0m | [0m0.09233  [0m | [0m14.11    [0m | [0m0.5009   [0m |
[0.11 0.13 0.18 0.22 0.26 0.32 0.33 0.42 0.49 0.52 0.52 0.62 0.64 0.69
 0.7  0.79 0.86 0.88 0.89 0.93 1.08 1.1  1.15 1.15 1.16 1.22 1.23 1.29
 1.3  1.32 1.37 1.38 1.4  1.42 1.43 1.46 1.54 1.57 1.59 1.61 1.63 1.63
 1.66 1.69 1.77 1.81 1.88 2.04 2.08 2.17 2.18 2.38 3.   3.45 3.46 3.96
 4.18 4.31 4.49 5.81]
var: 1.3762420833333342
| [0m79       [0m | [0m1.548    [0m | [0m0.1655   [0m | [0m10.2     [0m | [0m0.4431   [0m |
[0.44 0.46 0.48 0.48 0.66 0.74 0.77 0.79 0.86 0.88 1.   1.01 1.06 1.07
 1.08 1.13 1.13 1.14 1.23 1.23 1.29 1.37 1.37 1.42 1.42 1.47 1.49 1.55
 1.65 1.69 1.73 1.75 1.87 1.94 1.95 1.97 2.04 2.13 2.15 2.23 2.29 2.35
 2.38 2.38 2.43 2.46 2.5  2.54 2.55 2.83 2.94 3.   3.04 3.13 3.2  3.22
 3.58 3.66 3.77 3.78]
var: 0.8178676388888886
| [0m80       [0m | [0m1.836    [0m | [0m0.04072  [0m | [0m14.29    [0m | [0m0.0164   [0m |
=============================================================
None
num_trials:  40  inits,  40  iters,  60  per
rho:  1
pthin:  0.30

Best VPT: 3.203166666666667
Best result: {'a': 0.010568589828105178, 'g': 17.38614866792698, 's': 0.11980291036232377}

KERNEL: nu=1.5, lengthscale=2.0, alpha=0.0005
