|   iter    |  target   |     a     |     g     |     s     |
-------------------------------------------------------------
[0.01 0.04 0.07 0.09 0.09 0.1  0.13 0.15 0.15 0.2  0.2  0.22 0.22 0.28
 0.29 0.31 0.37 0.37 0.39 0.45 0.48 0.48 0.49 0.49 0.49 0.52 0.53 0.54
 0.55 0.56 0.6  0.62 0.63 0.64 0.65 0.66 0.67 0.68 0.72 0.73 0.74 0.76
 0.78 0.85 0.85 0.85 0.9  0.92 0.93 0.99 0.99 1.   1.01 1.01 1.04 1.09
 1.14 1.16 1.29 1.89]
var: 0.13473430555555554
| [0m1        [0m | [0m0.6008   [0m | [0m0.2293   [0m | [0m20.19    [0m | [0m1.591    [0m |
[0.01 0.01 0.02 0.03 0.04 0.04 0.04 0.04 0.05 0.05 0.07 0.07 0.07 0.07
 0.09 0.09 0.11 0.11 0.12 0.14 0.16 0.17 0.18 0.19 0.22 0.23 0.23 0.25
 0.25 0.25 0.26 0.28 0.29 0.29 0.31 0.34 0.34 0.38 0.38 0.4  0.41 0.42
 0.46 0.47 0.48 0.55 0.57 0.65 0.69 0.69 0.75 0.75 0.76 0.8  0.85 0.89
 0.92 1.05 1.16 2.7 ]
var: 0.1755416388888892
| [0m2        [0m | [0m0.3782   [0m | [0m0.2987   [0m | [0m26.31    [0m | [0m2.846    [0m |
[0.   0.   0.   0.02 0.04 0.04 0.05 0.06 0.07 0.07 0.09 0.09 0.1  0.11
 0.11 0.12 0.14 0.14 0.16 0.18 0.19 0.21 0.24 0.24 0.25 0.25 0.27 0.33
 0.34 0.35 0.36 0.36 0.37 0.37 0.38 0.38 0.38 0.39 0.41 0.42 0.46 0.5
 0.52 0.54 0.56 0.59 0.63 0.66 0.68 0.68 0.84 0.88 0.95 0.99 1.01 1.06
 1.14 1.22 1.23 1.44]
var: 0.12621233333333343
| [0m3        [0m | [0m0.411    [0m | [0m0.2254   [0m | [0m3.285    [0m | [0m2.903    [0m |
[0.04 0.04 0.07 0.07 0.09 0.11 0.23 0.25 0.26 0.27 0.29 0.31 0.32 0.32
 0.32 0.36 0.37 0.37 0.43 0.46 0.47 0.49 0.52 0.52 0.57 0.57 0.65 0.67
 0.68 0.68 0.72 0.72 0.82 0.84 0.84 0.87 0.87 0.88 0.89 0.91 0.92 0.94
 0.94 0.98 0.98 1.16 1.23 1.26 1.37 1.4  1.41 1.43 1.47 1.66 1.67 1.69
 1.8  1.86 2.19 2.97]
var: 0.3432249722222222
| [95m4        [0m | [95m0.8082   [0m | [95m0.1438   [0m | [95m24.5     [0m | [95m0.8142   [0m |
[0.01 0.01 0.01 0.03 0.04 0.04 0.04 0.06 0.07 0.09 0.09 0.1  0.12 0.12
 0.13 0.14 0.16 0.22 0.23 0.24 0.24 0.25 0.25 0.27 0.28 0.29 0.3  0.31
 0.31 0.32 0.32 0.33 0.36 0.37 0.4  0.4  0.41 0.42 0.42 0.45 0.49 0.5
 0.5  0.51 0.51 0.53 0.55 0.55 0.57 0.59 0.61 0.62 0.7  0.75 0.77 0.83
 0.88 0.93 1.1  1.36]
var: 0.07976166666666674
| [0m5        [0m | [0m0.375    [0m | [0m0.1876   [0m | [0m38.68    [0m | [0m1.853    [0m |
[0.1  0.12 0.19 0.31 0.35 0.42 0.43 0.45 0.47 0.48 0.48 0.48 0.48 0.49
 0.49 0.53 0.62 0.62 0.62 0.65 0.66 0.66 0.68 0.7  0.72 0.73 0.76 0.79
 0.8  0.84 0.84 0.86 0.86 0.87 0.9  0.91 0.93 0.97 1.03 1.07 1.11 1.13
 1.13 1.17 1.2  1.23 1.28 1.29 1.31 1.32 1.34 1.35 1.46 1.47 1.48 1.66
 1.71 1.86 2.02 2.38]
var: 0.21867455555555584
| [95m6        [0m | [95m0.9043   [0m | [95m0.1624   [0m | [95m47.76    [0m | [95m0.01157  [0m |
[0.   0.03 0.03 0.03 0.04 0.05 0.08 0.08 0.1  0.12 0.13 0.13 0.15 0.16
 0.17 0.17 0.2  0.22 0.23 0.25 0.26 0.3  0.33 0.35 0.37 0.4  0.41 0.41
 0.43 0.43 0.51 0.55 0.6  0.62 0.62 0.63 0.63 0.64 0.65 0.66 0.68 0.68
 0.73 0.73 0.88 0.9  1.01 1.07 1.14 1.15 1.17 1.19 1.21 1.3  1.4  1.44
 1.55 1.55 1.92 2.59]
var: 0.2818512222222225
| [0m7        [0m | [0m0.6077   [0m | [0m0.1334   [0m | [0m31.24    [0m | [0m0.9379   [0m |
[0.02 0.03 0.03 0.04 0.04 0.07 0.1  0.1  0.1  0.21 0.28 0.34 0.35 0.37
 0.4  0.41 0.41 0.42 0.43 0.45 0.47 0.49 0.49 0.5  0.51 0.52 0.53 0.53
 0.53 0.54 0.55 0.57 0.6  0.62 0.63 0.64 0.66 0.71 0.71 0.71 0.72 0.76
 0.77 0.77 0.8  0.83 0.85 0.92 0.94 1.01 1.03 1.05 1.08 1.13 1.28 1.4
 1.43 1.46 1.78 2.04]
var: 0.1810839999999998
| [0m8        [0m | [0m0.636    [0m | [0m0.1988   [0m | [0m44.63    [0m | [0m0.7084   [0m |
[0.   0.   0.   0.   0.01 0.03 0.04 0.05 0.05 0.07 0.08 0.08 0.09 0.12
 0.13 0.17 0.17 0.17 0.18 0.19 0.2  0.22 0.22 0.23 0.24 0.25 0.25 0.29
 0.29 0.31 0.31 0.31 0.31 0.32 0.34 0.34 0.34 0.35 0.36 0.37 0.39 0.4
 0.4  0.43 0.43 0.43 0.44 0.44 0.46 0.46 0.48 0.49 0.5  0.51 0.57 0.66
 0.69 0.74 0.82 0.83]
var: 0.04193763888888883
| [0m9        [0m | [0m0.3008   [0m | [0m0.2661   [0m | [0m0.549    [0m | [0m2.558    [0m |
[0.   0.05 0.05 0.06 0.07 0.07 0.08 0.1  0.14 0.15 0.17 0.18 0.23 0.24
 0.25 0.25 0.31 0.33 0.33 0.36 0.37 0.41 0.42 0.45 0.46 0.47 0.47 0.48
 0.49 0.51 0.53 0.56 0.56 0.58 0.61 0.62 0.64 0.69 0.7  0.7  0.74 0.75
 0.75 0.76 0.79 0.87 0.89 0.93 0.94 0.99 0.99 1.02 1.04 1.1  1.14 1.2
 1.31 1.34 1.37 2.67]
var: 0.2032614166666666
| [0m10       [0m | [0m0.5955   [0m | [0m0.0911   [0m | [0m11.05    [0m | [0m2.08     [0m |
[0.01 0.03 0.03 0.04 0.07 0.07 0.07 0.07 0.08 0.14 0.14 0.16 0.17 0.19
 0.22 0.24 0.33 0.34 0.35 0.36 0.37 0.37 0.39 0.41 0.46 0.47 0.49 0.5
 0.51 0.51 0.52 0.55 0.56 0.57 0.59 0.62 0.65 0.65 0.65 0.66 0.67 0.73
 0.74 0.77 0.77 0.84 0.84 0.92 1.08 1.08 1.11 1.3  1.37 1.37 1.47 2.
 2.02 2.14 2.57 2.86]
var: 0.3833023333333333
| [0m11       [0m | [0m0.671    [0m | [0m0.07139  [0m | [0m38.09    [0m | [0m1.024    [0m |
[0.   0.   0.   0.03 0.03 0.04 0.05 0.06 0.09 0.09 0.09 0.11 0.12 0.13
 0.15 0.17 0.17 0.18 0.19 0.2  0.2  0.22 0.24 0.25 0.25 0.26 0.27 0.29
 0.29 0.35 0.36 0.37 0.39 0.42 0.42 0.42 0.46 0.55 0.58 0.58 0.59 0.62
 0.62 0.62 0.65 0.66 0.67 0.67 0.72 0.74 0.75 0.8  0.89 0.9  0.92 1.04
 1.17 1.22 1.47 1.71]
var: 0.13994722222222206
| [0m12       [0m | [0m0.4417   [0m | [0m0.1063   [0m | [0m36.44    [0m | [0m1.43     [0m |
[0.16 0.62 0.73 0.86 0.87 0.89 0.95 0.96 1.01 1.15 1.15 1.2  1.28 1.29
 1.3  1.4  1.48 1.55 1.59 1.59 1.6  1.64 1.84 1.87 1.9  1.94 1.98 1.99
 2.02 2.03 2.04 2.04 2.1  2.14 2.15 2.18 2.23 2.24 2.31 2.4  2.46 2.49
 2.56 2.73 2.78 2.79 2.85 2.87 2.88 2.89 2.89 2.9  3.29 3.32 3.76 4.15
 4.25 4.26 4.42 6.95]
var: 1.2759662222222221
| [95m13       [0m | [95m2.169    [0m | [95m0.2348   [0m | [95m7.435    [0m | [95m0.1199   [0m |
[0.   0.   0.02 0.03 0.04 0.05 0.05 0.05 0.09 0.1  0.1  0.11 0.13 0.15
 0.16 0.17 0.18 0.2  0.2  0.21 0.22 0.23 0.23 0.24 0.24 0.27 0.28 0.3
 0.31 0.32 0.33 0.34 0.39 0.4  0.41 0.42 0.42 0.45 0.45 0.49 0.49 0.5
 0.52 0.55 0.57 0.58 0.61 0.63 0.66 0.7  0.71 0.98 1.02 1.07 1.09 1.09
 1.23 1.26 1.42 1.58]
var: 0.1411606666666666
| [0m14       [0m | [0m0.434    [0m | [0m0.05239  [0m | [0m41.01    [0m | [0m1.72     [0m |
[0.   0.   0.   0.04 0.06 0.07 0.07 0.09 0.1  0.1  0.11 0.12 0.12 0.13
 0.15 0.16 0.21 0.21 0.22 0.26 0.26 0.27 0.3  0.31 0.31 0.32 0.34 0.36
 0.36 0.36 0.37 0.37 0.39 0.41 0.41 0.42 0.42 0.43 0.44 0.44 0.46 0.46
 0.49 0.49 0.5  0.53 0.56 0.57 0.58 0.6  0.6  0.63 0.64 0.7  0.74 0.98
 1.06 1.06 1.15 1.44]
var: 0.087427638888889
| [0m15       [0m | [0m0.3958   [0m | [0m0.1517   [0m | [0m1.51     [0m | [0m2.736    [0m |
[0.09 0.14 0.17 0.18 0.18 0.25 0.26 0.29 0.3  0.3  0.31 0.33 0.33 0.34
 0.37 0.39 0.39 0.39 0.4  0.41 0.47 0.49 0.52 0.59 0.61 0.61 0.63 0.7
 0.7  0.73 0.74 0.75 0.78 0.8  0.81 0.81 0.89 0.91 1.01 1.05 1.07 1.11
 1.12 1.16 1.18 1.19 1.19 1.25 1.27 1.3  1.38 1.39 1.43 1.6  1.68 1.69
 1.72 1.75 1.78 2.56]
var: 0.27555955555555545
| [0m16       [0m | [0m0.8207   [0m | [0m0.02384  [0m | [0m3.652    [0m | [0m1.308    [0m |
[0.   0.01 0.02 0.02 0.03 0.03 0.04 0.05 0.06 0.08 0.09 0.1  0.1  0.11
 0.12 0.12 0.12 0.12 0.13 0.15 0.17 0.17 0.19 0.2  0.2  0.2  0.22 0.23
 0.26 0.27 0.28 0.31 0.31 0.34 0.34 0.38 0.42 0.43 0.44 0.45 0.48 0.48
 0.49 0.52 0.53 0.54 0.55 0.55 0.59 0.61 0.67 0.69 0.74 0.79 0.89 0.91
 0.98 1.   1.13 1.26]
var: 0.09281163888888902
| [0m17       [0m | [0m0.3618   [0m | [0m0.007449 [0m | [0m29.23    [0m | [0m2.368    [0m |
[0.   0.   0.   0.01 0.01 0.03 0.03 0.03 0.03 0.04 0.04 0.05 0.05 0.06
 0.06 0.07 0.07 0.08 0.08 0.09 0.09 0.1  0.11 0.11 0.11 0.11 0.12 0.13
 0.13 0.14 0.17 0.18 0.19 0.19 0.2  0.23 0.23 0.23 0.25 0.26 0.27 0.29
 0.29 0.29 0.3  0.3  0.33 0.33 0.33 0.35 0.36 0.36 0.37 0.41 0.41 0.41
 0.5  0.52 0.65 0.68]
var: 0.026037888888888906
| [0m18       [0m | [0m0.1977   [0m | [0m0.07973  [0m | [0m49.59    [0m | [0m2.934    [0m |
[0.01 0.07 0.19 0.35 0.44 0.47 0.56 0.59 0.61 0.61 0.63 0.64 0.67 0.69
 0.72 0.73 0.73 0.74 0.74 0.77 0.78 0.83 0.94 1.03 1.03 1.09 1.12 1.16
 1.18 1.22 1.23 1.25 1.26 1.31 1.32 1.37 1.41 1.47 1.57 1.59 1.75 1.76
 1.79 1.82 1.84 1.86 1.9  1.91 1.99 2.15 2.29 2.32 2.35 2.39 2.4  2.74
 2.75 3.08 3.4  3.61]
var: 0.6547865555555552
| [0m19       [0m | [0m1.354    [0m | [0m0.186    [0m | [0m35.14    [0m | [0m0.3125   [0m |
[0.   0.04 0.06 0.06 0.07 0.08 0.09 0.1  0.11 0.12 0.13 0.14 0.14 0.15
 0.21 0.22 0.22 0.24 0.25 0.26 0.26 0.28 0.28 0.28 0.31 0.31 0.32 0.33
 0.34 0.34 0.36 0.36 0.36 0.36 0.37 0.38 0.39 0.39 0.41 0.45 0.45 0.45
 0.47 0.47 0.49 0.51 0.51 0.52 0.52 0.52 0.58 0.58 0.59 0.64 0.68 0.7
 0.77 0.88 0.91 1.1 ]
var: 0.051494972222222435
| [0m20       [0m | [0m0.3652   [0m | [0m0.1089   [0m | [0m40.47    [0m | [0m1.899    [0m |
[0.   0.   0.   0.01 0.04 0.04 0.04 0.08 0.09 0.09 0.11 0.12 0.12 0.13
 0.13 0.13 0.14 0.14 0.17 0.17 0.18 0.18 0.19 0.23 0.23 0.25 0.25 0.26
 0.26 0.28 0.28 0.29 0.32 0.33 0.33 0.34 0.36 0.37 0.39 0.43 0.43 0.44
 0.53 0.54 0.55 0.57 0.57 0.65 0.66 0.75 0.84 0.84 0.88 1.01 1.08 1.09
 1.27 1.29 1.57 1.68]
var: 0.15350788888888908
| [0m21       [0m | [0m0.4123   [0m | [0m0.2895   [0m | [0m29.07    [0m | [0m2.12     [0m |
[0.18 0.27 0.32 0.34 0.37 0.39 0.58 0.62 0.65 0.66 0.71 0.71 0.73 0.81
 0.82 0.85 0.85 0.86 0.87 0.92 0.95 0.95 0.96 0.96 0.99 1.05 1.11 1.18
 1.23 1.3  1.35 1.35 1.42 1.46 1.46 1.48 1.48 1.5  1.58 1.59 1.67 1.75
 1.79 1.79 1.79 1.83 1.9  1.94 2.01 2.13 2.21 2.27 2.37 2.42 2.69 2.71
 2.77 3.   3.26 3.96]
var: 0.6314393333333329
| [0m22       [0m | [0m1.402    [0m | [0m0.1737   [0m | [0m33.95    [0m | [0m0.08174  [0m |
[0.   0.   0.01 0.03 0.03 0.04 0.04 0.05 0.06 0.07 0.08 0.11 0.12 0.13
 0.15 0.16 0.16 0.2  0.2  0.2  0.24 0.24 0.24 0.26 0.26 0.27 0.3  0.32
 0.37 0.37 0.38 0.4  0.42 0.46 0.47 0.47 0.51 0.52 0.53 0.54 0.55 0.61
 0.63 0.66 0.7  0.74 0.75 0.78 0.82 0.87 0.89 0.9  0.93 1.05 1.07 1.17
 1.18 1.44 1.44 2.54]
var: 0.2070114166666664
| [0m23       [0m | [0m0.4855   [0m | [0m0.1932   [0m | [0m44.14    [0m | [0m0.9832   [0m |
[0.01 0.02 0.02 0.03 0.03 0.04 0.05 0.06 0.06 0.11 0.12 0.13 0.13 0.15
 0.17 0.19 0.21 0.21 0.21 0.22 0.23 0.23 0.23 0.24 0.3  0.31 0.33 0.34
 0.36 0.43 0.44 0.48 0.48 0.53 0.54 0.56 0.6  0.6  0.6  0.62 0.63 0.67
 0.67 0.68 0.7  0.77 0.79 0.8  0.84 0.87 0.88 0.93 1.03 1.06 1.06 1.37
 1.44 1.57 1.66 1.77]
var: 0.18809608333333327
| [0m24       [0m | [0m0.5135   [0m | [0m0.05015  [0m | [0m32.37    [0m | [0m1.547    [0m |
[0.   0.   0.02 0.02 0.04 0.05 0.06 0.08 0.08 0.1  0.11 0.12 0.14 0.15
 0.15 0.17 0.18 0.18 0.2  0.2  0.21 0.21 0.22 0.22 0.23 0.27 0.31 0.31
 0.32 0.38 0.38 0.45 0.47 0.5  0.5  0.51 0.53 0.53 0.55 0.56 0.56 0.56
 0.57 0.59 0.61 0.63 0.65 0.65 0.66 0.69 0.74 0.75 0.81 0.82 0.93 0.95
 1.12 1.27 1.54 1.56]
var: 0.12777475000000002
| [0m25       [0m | [0m0.4395   [0m | [0m0.2071   [0m | [0m36.43    [0m | [0m1.522    [0m |
[0.03 0.11 0.15 0.15 0.15 0.16 0.18 0.19 0.2  0.21 0.21 0.22 0.27 0.29
 0.29 0.31 0.31 0.32 0.32 0.36 0.36 0.36 0.38 0.4  0.4  0.4  0.42 0.44
 0.44 0.45 0.46 0.47 0.53 0.53 0.56 0.56 0.56 0.61 0.67 0.67 0.73 0.75
 0.79 0.85 0.86 0.95 0.99 1.08 1.12 1.13 1.15 1.18 1.18 1.25 1.27 1.28
 1.35 1.36 1.75 2.3 ]
var: 0.20572655555555583
| [0m26       [0m | [0m0.6237   [0m | [0m0.07239  [0m | [0m1.807    [0m | [0m1.313    [0m |
[0.02 0.05 0.07 0.13 0.14 0.18 0.2  0.22 0.23 0.28 0.28 0.29 0.29 0.33
 0.37 0.38 0.38 0.39 0.41 0.44 0.44 0.46 0.51 0.52 0.54 0.55 0.61 0.61
 0.63 0.64 0.66 0.67 0.68 0.72 0.73 0.79 0.8  0.81 0.86 0.99 1.   1.01
 1.07 1.16 1.21 1.25 1.27 1.29 1.29 1.31 1.45 1.47 1.5  1.51 1.71 1.9
 2.08 2.41 2.54 2.54]
var: 0.38018030555555515
| [0m27       [0m | [0m0.8212   [0m | [0m0.1968   [0m | [0m16.74    [0m | [0m1.26     [0m |
[0.   0.   0.02 0.02 0.03 0.06 0.08 0.09 0.11 0.11 0.16 0.19 0.21 0.21
 0.22 0.24 0.25 0.28 0.29 0.33 0.33 0.33 0.34 0.34 0.36 0.37 0.43 0.43
 0.44 0.45 0.49 0.5  0.5  0.5  0.5  0.54 0.56 0.56 0.57 0.58 0.59 0.64
 0.65 0.71 0.72 0.77 0.78 0.79 0.8  0.82 0.85 0.85 0.92 1.19 1.24 1.27
 1.29 1.43 1.61 1.73]
var: 0.16185697222222234
| [0m28       [0m | [0m0.5278   [0m | [0m0.2023   [0m | [0m5.99     [0m | [0m2.985    [0m |
[0.48 0.51 0.51 0.55 0.56 0.58 0.58 0.58 0.62 0.65 0.65 0.69 0.69 0.71
 0.73 0.73 0.73 0.74 0.76 0.76 0.8  0.81 0.83 0.9  0.93 0.99 1.03 1.07
 1.1  1.15 1.18 1.19 1.23 1.24 1.27 1.32 1.36 1.36 1.5  1.55 1.56 1.56
 1.57 1.72 1.74 1.82 1.86 1.87 1.91 1.91 1.93 1.97 2.03 2.03 2.13 2.21
 2.41 2.44 3.53 3.94]
var: 0.5071406666666668
| [0m29       [0m | [0m1.296    [0m | [0m0.2118   [0m | [0m44.74    [0m | [0m0.2138   [0m |
[0.05 0.11 0.15 0.2  0.25 0.26 0.33 0.34 0.36 0.37 0.45 0.5  0.53 0.54
 0.57 0.59 0.6  0.6  0.64 0.65 0.67 0.72 0.75 0.84 0.84 0.85 0.89 0.92
 0.92 0.92 0.94 0.95 0.96 0.97 0.98 1.02 1.09 1.16 1.2  1.2  1.27 1.28
 1.29 1.3  1.36 1.44 1.44 1.49 1.52 1.54 1.55 1.56 1.64 1.69 1.85 2.
 2.31 2.64 2.95 3.18]
var: 0.4332698888888891
| [0m30       [0m | [0m1.036    [0m | [0m0.295    [0m | [0m48.37    [0m | [0m0.216    [0m |
[0.09 0.1  0.11 0.13 0.2  0.2  0.22 0.23 0.27 0.28 0.29 0.34 0.34 0.34
 0.35 0.36 0.38 0.41 0.45 0.47 0.48 0.49 0.5  0.51 0.52 0.54 0.6  0.6
 0.61 0.61 0.63 0.64 0.64 0.65 0.7  0.76 0.78 0.8  0.81 0.85 0.86 0.88
 0.92 0.93 0.95 1.07 1.24 1.34 1.46 1.7  1.79 1.8  1.85 1.86 1.92 1.97
 2.07 2.21 2.51 4.75]
var: 0.6166395555555549
| [0m31       [0m | [0m0.8727   [0m | [0m0.1419   [0m | [0m42.6     [0m | [0m0.5223   [0m |
[0.06 0.11 0.12 0.15 0.18 0.18 0.2  0.21 0.23 0.24 0.28 0.29 0.3  0.34
 0.37 0.39 0.39 0.42 0.43 0.54 0.58 0.6  0.68 0.69 0.69 0.73 0.75 0.75
 0.76 0.77 0.77 0.79 0.8  0.82 0.88 0.89 0.95 0.96 0.99 1.05 1.11 1.26
 1.27 1.27 1.27 1.32 1.38 1.38 1.4  1.48 1.64 1.68 1.93 2.09 2.22 2.26
 2.39 2.51 2.64 3.3 ]
var: 0.5198603055555557
| [0m32       [0m | [0m0.9522   [0m | [0m0.2467   [0m | [0m9.701    [0m | [0m0.6521   [0m |
[0.   0.   0.01 0.01 0.06 0.07 0.07 0.09 0.15 0.18 0.21 0.22 0.26 0.26
 0.27 0.28 0.28 0.29 0.3  0.31 0.35 0.37 0.38 0.39 0.4  0.41 0.41 0.41
 0.42 0.42 0.43 0.43 0.44 0.46 0.47 0.5  0.54 0.56 0.61 0.63 0.64 0.66
 0.76 0.78 0.82 0.85 0.86 0.88 0.89 0.92 0.96 0.96 1.03 1.07 1.22 1.23
 1.26 1.3  1.4  2.29]
var: 0.18024363888888892
| [0m33       [0m | [0m0.5522   [0m | [0m0.23     [0m | [0m11.04    [0m | [0m2.483    [0m |
[0.   0.   0.04 0.06 0.11 0.11 0.13 0.15 0.16 0.16 0.17 0.17 0.24 0.25
 0.3  0.3  0.33 0.33 0.37 0.37 0.38 0.41 0.41 0.47 0.47 0.48 0.5  0.5
 0.5  0.52 0.53 0.53 0.55 0.56 0.57 0.58 0.61 0.63 0.64 0.66 0.68 0.76
 0.77 0.78 0.8  0.81 0.81 0.82 0.85 0.85 0.92 1.06 1.24 1.27 1.43 1.56
 1.57 1.86 1.88 2.25]
var: 0.23230988888888895
| [0m34       [0m | [0m0.6203   [0m | [0m0.1954   [0m | [0m2.937    [0m | [0m2.227    [0m |
[0.   0.01 0.03 0.09 0.09 0.13 0.14 0.16 0.18 0.23 0.25 0.27 0.27 0.28
 0.29 0.33 0.38 0.38 0.39 0.42 0.42 0.44 0.45 0.46 0.48 0.49 0.49 0.5
 0.53 0.53 0.59 0.6  0.65 0.65 0.7  0.7  0.71 0.72 0.72 0.79 0.95 1.07
 1.1  1.1  1.1  1.12 1.12 1.14 1.14 1.22 1.27 1.35 1.36 1.36 1.4  1.46
 1.46 1.52 1.68 1.77]
var: 0.2213203055555553
| [0m35       [0m | [0m0.6938   [0m | [0m0.029    [0m | [0m15.0     [0m | [0m1.805    [0m |
[0.   0.   0.01 0.02 0.05 0.08 0.09 0.12 0.14 0.14 0.19 0.19 0.2  0.23
 0.28 0.29 0.3  0.32 0.34 0.36 0.37 0.38 0.4  0.41 0.41 0.41 0.46 0.49
 0.49 0.52 0.53 0.53 0.54 0.54 0.55 0.55 0.55 0.57 0.57 0.59 0.6  0.62
 0.63 0.64 0.7  0.7  0.7  0.76 0.78 0.84 0.96 0.99 1.03 1.04 1.13 1.23
 1.55 1.6  1.73 1.88]
var: 0.17545155555555605
| [0m36       [0m | [0m0.5553   [0m | [0m0.1273   [0m | [0m28.69    [0m | [0m1.997    [0m |
[0.   0.   0.   0.   0.01 0.04 0.05 0.05 0.05 0.05 0.06 0.06 0.06 0.08
 0.09 0.1  0.1  0.11 0.12 0.12 0.13 0.14 0.14 0.17 0.19 0.19 0.2  0.2
 0.22 0.22 0.24 0.27 0.28 0.28 0.28 0.29 0.3  0.31 0.32 0.33 0.34 0.34
 0.35 0.39 0.46 0.47 0.48 0.49 0.49 0.49 0.5  0.58 0.58 0.6  0.61 0.62
 0.63 0.64 0.67 0.77]
var: 0.043338749999999975
| [0m37       [0m | [0m0.2725   [0m | [0m0.2588   [0m | [0m45.36    [0m | [0m2.814    [0m |
[0.05 0.05 0.06 0.07 0.07 0.08 0.13 0.21 0.23 0.27 0.31 0.33 0.35 0.37
 0.39 0.4  0.42 0.47 0.5  0.5  0.52 0.53 0.57 0.59 0.6  0.62 0.64 0.64
 0.64 0.65 0.65 0.66 0.69 0.78 0.8  0.8  0.85 0.86 0.95 1.01 1.04 1.08
 1.09 1.13 1.19 1.22 1.23 1.25 1.27 1.3  1.32 1.33 1.43 1.54 1.62 1.64
 1.66 1.83 1.86 1.86]
var: 0.25405555555555515
| [0m38       [0m | [0m0.7867   [0m | [0m0.1368   [0m | [0m30.44    [0m | [0m0.5037   [0m |
[0.01 0.01 0.06 0.06 0.09 0.15 0.16 0.18 0.19 0.24 0.28 0.3  0.31 0.34
 0.38 0.44 0.45 0.49 0.54 0.59 0.6  0.64 0.65 0.66 0.67 0.67 0.68 0.71
 0.73 0.75 0.75 0.79 0.8  0.83 0.89 0.94 0.97 1.   1.01 1.02 1.07 1.07
 1.14 1.21 1.22 1.22 1.22 1.22 1.24 1.24 1.25 1.27 1.33 1.49 1.75 1.82
 1.85 2.22 2.31 3.46]
var: 0.3937114166666663
| [0m39       [0m | [0m0.8605   [0m | [0m0.2968   [0m | [0m17.9     [0m | [0m0.7365   [0m |
[0.   0.   0.01 0.01 0.05 0.05 0.07 0.08 0.09 0.09 0.1  0.12 0.14 0.15
 0.16 0.2  0.2  0.21 0.24 0.25 0.27 0.32 0.35 0.35 0.38 0.39 0.39 0.4
 0.41 0.46 0.46 0.46 0.46 0.47 0.48 0.48 0.5  0.52 0.52 0.52 0.53 0.54
 0.55 0.55 0.56 0.57 0.59 0.6  0.64 0.7  0.7  0.71 0.72 0.75 0.98 1.03
 1.03 1.13 1.42 1.99]
var: 0.12915722222222245
| [0m40       [0m | [0m0.4517   [0m | [0m0.02074  [0m | [0m20.7     [0m | [0m2.533    [0m |
[0.03 0.07 0.13 0.14 0.19 0.26 0.29 0.31 0.38 0.41 0.44 0.47 0.48 0.5
 0.55 0.57 0.58 0.61 0.69 0.7  0.77 0.81 0.83 0.86 0.88 0.91 0.96 0.97
 0.99 0.99 0.99 1.04 1.07 1.25 1.31 1.33 1.33 1.37 1.55 1.6  1.71 1.73
 1.74 2.14 2.17 2.21 2.4  2.45 2.55 2.87 2.89 3.14 3.24 3.29 3.29 3.5
 3.79 3.79 4.01 5.56]
var: 1.457462666666666
| [0m41       [0m | [0m1.468    [0m | [0m1e-08    [0m | [0m6.957    [0m | [0m0.001    [0m |
[0.26 0.35 0.69 0.95 0.97 1.05 1.06 1.12 1.16 1.18 1.36 1.42 1.46 1.46
 1.51 1.52 1.52 1.59 1.61 1.62 1.66 1.71 1.76 1.79 1.84 1.88 1.91 1.96
 2.03 2.03 2.09 2.11 2.13 2.16 2.31 2.36 2.41 2.57 2.59 2.6  2.61 2.62
 2.65 2.67 2.72 2.77 2.79 2.82 2.87 2.95 2.95 2.99 3.17 3.17 3.28 3.45
 3.55 3.66 3.93 4.09]
var: 0.7380447500000007
| [0m42       [0m | [0m2.125    [0m | [0m0.3      [0m | [0m7.915    [0m | [0m0.1795   [0m |
[0.07 0.11 0.12 0.13 0.17 0.18 0.22 0.24 0.25 0.27 0.34 0.37 0.44 0.44
 0.46 0.48 0.5  0.55 0.57 0.6  0.61 0.65 0.65 0.65 0.67 0.72 0.72 0.74
 0.76 0.76 0.79 0.81 0.81 0.82 0.83 0.85 0.85 0.86 0.91 1.   1.03 1.09
 1.18 1.2  1.23 1.26 1.36 1.37 1.45 1.5  1.54 1.72 1.73 1.86 1.93 1.96
 2.13 2.14 2.31 2.9 ]
var: 0.3853445555555556
| [0m43       [0m | [0m0.9143   [0m | [0m0.3      [0m | [0m7.591    [0m | [0m0.6832   [0m |
[0.   0.01 0.03 0.08 0.09 0.11 0.11 0.12 0.12 0.13 0.14 0.15 0.15 0.16
 0.2  0.2  0.2  0.21 0.22 0.23 0.23 0.27 0.28 0.29 0.3  0.32 0.34 0.36
 0.37 0.37 0.38 0.42 0.46 0.49 0.5  0.5  0.52 0.54 0.54 0.56 0.56 0.56
 0.6  0.6  0.62 0.62 0.64 0.73 0.8  0.82 0.84 0.92 0.98 0.98 1.06 1.15
 1.24 1.31 1.69 1.89]
var: 0.15890275000000012
| [0m44       [0m | [0m0.4885   [0m | [0m0.01673  [0m | [0m32.34    [0m | [0m1.578    [0m |
[0.   0.03 0.04 0.07 0.09 0.12 0.12 0.14 0.16 0.18 0.21 0.23 0.24 0.25
 0.26 0.27 0.29 0.3  0.32 0.39 0.42 0.46 0.47 0.5  0.53 0.54 0.6  0.61
 0.62 0.65 0.68 0.71 0.73 0.74 0.77 0.78 0.89 0.91 0.92 0.93 0.96 1.03
 1.15 1.17 1.19 1.2  1.2  1.21 1.26 1.27 1.53 1.55 1.66 1.71 1.8  1.85
 1.88 1.9  1.96 2.26]
var: 0.3432716388888892
| [0m45       [0m | [0m0.7818   [0m | [0m0.2032   [0m | [0m31.41    [0m | [0m0.7911   [0m |
[0.35 0.66 0.85 0.97 0.98 1.   1.04 1.05 1.11 1.17 1.22 1.29 1.3  1.32
 1.35 1.5  1.51 1.52 1.67 1.68 1.69 1.72 1.76 1.77 1.84 1.98 1.99 1.99
 2.01 2.08 2.08 2.15 2.15 2.16 2.17 2.17 2.19 2.32 2.42 2.44 2.5  2.53
 2.69 2.78 2.83 2.87 2.99 3.03 3.11 3.16 3.39 3.46 3.53 3.56 3.64 3.76
 3.84 3.99 4.09 5.58]
var: 1.0180443055555553
| [95m46       [0m | [95m2.199    [0m | [95m0.07797  [0m | [95m7.743    [0m | [95m0.03925  [0m |
[0.   0.   0.   0.   0.   0.   0.   0.   0.   0.   0.   0.   0.   0.01
 0.01 0.01 0.01 0.01 0.01 0.01 0.01 0.01 0.01 0.02 0.02 0.02 0.02 0.02
 0.02 0.02 0.02 0.02 0.02 0.02 0.02 0.03 0.03 0.03 0.03 0.04 0.04 0.04
 0.05 0.06 0.06 0.06 0.08 0.08 0.1  0.11 0.13 0.13 0.14 0.16 0.17 0.17
 0.2  0.22 0.23 0.23]
var: 0.004122888888888975
| [0m47       [0m | [0m0.04933  [0m | [0m0.02372  [0m | [0m8.568    [0m | [0m0.002029 [0m |
[0.01 0.02 0.03 0.05 0.07 0.07 0.09 0.11 0.12 0.12 0.13 0.17 0.17 0.19
 0.19 0.21 0.3  0.32 0.33 0.33 0.33 0.35 0.35 0.36 0.37 0.38 0.4  0.43
 0.52 0.54 0.56 0.59 0.6  0.61 0.62 0.63 0.69 0.72 0.74 0.77 0.79 0.84
 0.88 0.88 0.91 0.92 0.93 0.96 1.05 1.06 1.06 1.14 1.28 1.32 1.32 1.34
 1.49 1.81 1.82 2.96]
var: 0.29352430555555586
| [0m48       [0m | [0m0.6392   [0m | [0m0.1303   [0m | [0m26.12    [0m | [0m1.412    [0m |
[0.   0.   0.   0.   0.   0.   0.   0.   0.   0.   0.   0.   0.   0.
 0.   0.   0.   0.   0.   0.   0.   0.01 0.01 0.01 0.01 0.01 0.01 0.02
 0.02 0.02 0.02 0.03 0.03 0.03 0.03 0.03 0.05 0.06 0.06 0.06 0.07 0.08
 0.08 0.09 0.1  0.1  0.1  0.1  0.11 0.11 0.11 0.12 0.12 0.13 0.16 0.17
 0.17 0.2  0.21 0.26]
var: 0.004028305555555591
| [0m49       [0m | [0m0.05183  [0m | [0m0.2796   [0m | [0m7.746    [0m | [0m0.002629 [0m |
[0.3  0.88 0.88 0.91 0.91 0.95 1.02 1.03 1.04 1.07 1.1  1.15 1.2  1.28
 1.46 1.48 1.56 1.58 1.59 1.66 1.69 1.77 1.84 1.95 1.96 2.02 2.06 2.09
 2.11 2.15 2.15 2.21 2.22 2.33 2.45 2.46 2.54 2.66 2.75 2.78 2.96 2.99
 3.07 3.26 3.3  3.4  3.44 3.45 3.49 3.6  3.65 3.67 3.7  3.89 3.99 4.2
 4.3  4.39 5.67 6.51]
var: 1.5387003055555544
| [95m50       [0m | [95m2.403    [0m | [95m0.286    [0m | [95m7.859    [0m | [95m0.1724   [0m |
[0.   0.01 0.02 0.03 0.08 0.09 0.11 0.11 0.14 0.16 0.17 0.22 0.26 0.27
 0.27 0.28 0.28 0.28 0.28 0.29 0.3  0.3  0.31 0.32 0.34 0.37 0.4  0.49
 0.49 0.5  0.5  0.53 0.54 0.54 0.58 0.61 0.61 0.65 0.67 0.67 0.74 0.74
 0.76 0.8  0.8  0.83 0.89 0.9  0.95 1.02 1.06 1.11 1.14 1.28 1.6  1.71
 1.72 1.76 1.78 1.93]
var: 0.24016497222222208
| [0m51       [0m | [0m0.6098   [0m | [0m0.1602   [0m | [0m14.63    [0m | [0m2.144    [0m |
[0.38 0.51 0.76 0.83 0.9  1.07 1.13 1.15 1.19 1.21 1.29 1.4  1.57 1.58
 1.65 1.69 1.69 1.86 1.9  2.04 2.13 2.3  2.43 2.45 2.47 2.51 2.53 2.53
 2.57 2.65 2.68 2.75 2.77 2.86 2.94 3.02 3.04 3.05 3.13 3.33 3.34 3.36
 3.4  3.47 3.61 3.7  3.73 3.78 3.82 3.9  3.95 4.14 4.14 4.68 5.16 6.11
 6.52 6.53 7.53 7.98]
var: 2.6692083055555575
| [95m52       [0m | [95m2.88     [0m | [95m0.03395  [0m | [95m7.788    [0m | [95m0.04889  [0m |
[0.11 0.2  0.29 0.49 0.51 0.54 0.56 0.57 0.66 0.72 0.76 0.79 0.79 0.8
 0.83 0.85 0.86 0.87 0.93 0.95 1.02 1.02 1.14 1.15 1.23 1.23 1.25 1.27
 1.31 1.38 1.42 1.44 1.44 1.49 1.49 1.73 1.75 1.75 1.83 1.88 1.9  1.95
 1.98 2.13 2.15 2.29 2.36 2.5  2.51 2.55 2.65 2.65 2.65 3.18 3.28 3.38
 3.39 3.56 4.5  4.63]
var: 1.0326683055555557
| [0m53       [0m | [0m1.625    [0m | [0m0.05447  [0m | [0m38.62    [0m | [0m0.1408   [0m |
[0.15 0.31 0.33 0.35 0.39 0.41 0.48 0.59 0.63 0.65 0.71 0.8  0.83 0.84
 0.95 1.01 1.02 1.03 1.04 1.18 1.21 1.26 1.29 1.36 1.39 1.4  1.41 1.48
 1.48 1.5  1.51 1.56 1.6  1.61 1.68 1.68 1.73 1.84 1.89 1.92 1.93 1.98
 2.08 2.08 2.15 2.17 2.24 2.29 2.46 2.61 2.65 2.66 3.33 3.37 3.38 3.47
 3.48 3.69 4.36 4.59]
var: 1.0382369722222218
| [0m54       [0m | [0m1.691    [0m | [0m0.2489   [0m | [0m7.82     [0m | [0m0.2852   [0m |
[0.96 1.02 1.02 1.08 1.11 1.27 1.28 1.36 1.43 1.44 1.56 1.58 1.62 1.71
 1.74 1.79 1.89 1.95 2.12 2.13 2.19 2.35 2.36 2.41 2.61 2.64 2.66 2.66
 2.67 2.68 2.81 2.87 2.92 2.94 2.96 3.03 3.08 3.31 3.4  3.54 3.6  3.72
 4.11 4.12 4.19 4.27 4.43 4.49 4.58 4.64 4.66 4.69 4.71 4.85 4.87 4.87
 5.07 5.1  5.68 5.78]
var: 1.8154265555555549
| [95m55       [0m | [95m2.976    [0m | [95m0.04956  [0m | [95m7.938    [0m | [95m0.1295   [0m |
[0.1  0.13 0.52 0.63 0.64 0.7  0.85 0.87 0.88 0.9  0.96 1.   1.15 1.32
 1.38 1.4  1.51 1.57 1.59 1.63 1.64 1.65 1.7  1.85 1.86 1.89 2.02 2.02
 2.12 2.14 2.22 2.26 2.28 2.28 2.31 2.37 2.38 2.38 2.42 2.43 2.43 2.47
 2.57 2.66 2.68 2.7  2.74 2.74 2.76 2.85 3.12 3.41 3.64 3.88 4.2  4.52
 4.68 4.95 5.95 6.27]
var: 1.6350980833333344
| [0m56       [0m | [0m2.22     [0m | [0m0.05561  [0m | [0m7.924    [0m | [0m0.2905   [0m |
[0.23 0.35 0.37 0.94 1.12 1.36 1.53 1.86 1.89 1.95 1.96 1.98 2.18 2.24
 2.3  2.35 2.35 2.56 2.62 2.63 2.64 2.69 2.7  2.73 2.86 2.94 2.97 3.08
 3.14 3.24 3.3  3.3  3.33 3.39 3.48 3.57 3.62 3.68 3.8  3.8  3.9  3.92
 3.93 3.93 3.95 4.03 4.03 4.16 4.38 4.39 4.47 4.51 4.63 4.73 4.76 4.84
 5.24 5.42 6.45 9.15]
var: 2.204080972222223
| [95m57       [0m | [95m3.231    [0m | [95m0.02559  [0m | [95m7.835    [0m | [95m0.1468   [0m |
[0.63 0.75 0.99 1.07 1.08 1.19 1.22 1.23 1.31 1.41 1.52 1.57 1.59 1.6
 1.61 1.73 1.79 1.85 1.85 1.92 1.95 2.03 2.11 2.11 2.13 2.25 2.49 2.67
 2.68 2.69 2.7  2.73 2.73 2.76 2.97 2.97 3.   3.08 3.09 3.1  3.14 3.14
 3.27 3.31 3.32 3.48 3.55 3.64 3.7  3.8  4.12 4.13 4.26 4.43 4.44 4.52
 4.86 5.13 5.14 5.88]
var: 1.466201638888889
| [0m58       [0m | [0m2.69     [0m | [0m0.04977  [0m | [0m7.923    [0m | [0m0.05935  [0m |
[0.33 0.64 0.71 0.79 0.8  0.81 0.82 0.82 0.86 0.87 0.92 1.   1.01 1.01
 1.03 1.08 1.11 1.15 1.32 1.4  1.42 1.46 1.47 1.52 1.55 1.57 1.72 1.8
 1.89 1.96 2.07 2.08 2.09 2.11 2.11 2.17 2.19 2.25 2.28 2.3  2.32 2.46
 2.56 2.59 2.62 2.72 2.8  2.86 2.9  2.92 3.   3.13 3.28 3.55 3.96 4.35
 4.44 4.59 5.03 6.57]
var: 1.4852812222222231
| [0m59       [0m | [0m2.086    [0m | [0m0.286    [0m | [0m7.803    [0m | [0m0.1579   [0m |
[0.27 0.55 1.   1.06 1.22 1.22 1.42 1.52 1.52 1.64 1.7  1.71 1.71 1.71
 1.74 1.99 2.01 2.04 2.07 2.08 2.1  2.12 2.16 2.18 2.19 2.24 2.26 2.27
 2.28 2.35 2.38 2.65 2.69 2.7  2.79 2.81 2.86 2.86 2.9  2.92 3.01 3.02
 3.1  3.21 3.35 3.36 3.39 3.43 3.44 3.67 3.7  3.84 4.05 4.05 4.33 4.72
 4.92 5.09 5.96 5.98]
var: 1.4057527500000007
| [0m60       [0m | [0m2.659    [0m | [0m0.07168  [0m | [0m7.867    [0m | [0m0.1841   [0m |
[0.01 0.04 0.04 0.05 0.05 0.05 0.07 0.09 0.09 0.09 0.1  0.14 0.2  0.21
 0.22 0.23 0.27 0.27 0.27 0.27 0.29 0.32 0.32 0.33 0.34 0.34 0.42 0.43
 0.43 0.43 0.5  0.5  0.53 0.54 0.59 0.62 0.64 0.68 0.69 0.69 0.75 0.76
 0.79 0.86 0.89 0.96 1.06 1.08 1.23 1.27 1.35 1.36 1.41 1.47 1.51 1.54
 1.76 1.97 2.17 2.7 ]
var: 0.34840155555555513
| [0m61       [0m | [0m0.6547   [0m | [0m0.05021  [0m | [0m16.61    [0m | [0m1.675    [0m |
[0.   0.   0.   0.   0.   0.   0.   0.   0.01 0.01 0.01 0.02 0.03 0.04
 0.04 0.04 0.04 0.06 0.06 0.06 0.07 0.07 0.07 0.07 0.1  0.11 0.12 0.13
 0.15 0.17 0.18 0.22 0.25 0.28 0.31 0.32 0.33 0.35 0.38 0.39 0.4  0.45
 0.46 0.47 0.5  0.54 0.55 0.56 0.59 0.61 0.63 0.64 0.71 0.72 0.92 1.04
 1.08 1.59 2.79 4.13]
var: 0.4426736388888893
| [0m62       [0m | [0m0.3978   [0m | [0m1e-08    [0m | [0m7.737    [0m | [0m0.1566   [0m |
[0.36 0.51 0.72 0.77 1.04 1.17 1.24 1.5  1.7  2.06 2.25 2.36 2.36 2.49
 2.54 2.61 2.65 2.75 2.78 2.85 2.92 2.99 3.01 3.71 3.85 3.85 3.89 3.93
 3.94 4.   4.15 4.21 4.22 4.24 4.43 4.46 4.62 4.66 4.69 4.73 4.82 4.92
 4.95 5.04 5.05 5.36 5.62 5.65 5.67 5.69 5.98 6.05 6.05 6.06 6.49 6.49
 6.65 6.76 6.82 6.84]
var: 3.15860363888889
| [95m63       [0m | [95m3.903    [0m | [95m0.0002825[0m | [95m7.858    [0m | [95m0.09085  [0m |
[0.29 0.68 0.88 0.89 0.89 0.91 0.94 0.94 0.98 0.98 0.98 1.09 1.33 1.47
 1.49 1.51 1.57 1.64 1.66 1.68 1.7  1.83 1.88 2.07 2.14 2.17 2.18 2.24
 2.25 2.3  2.3  2.35 2.41 2.42 2.42 2.52 2.57 2.58 2.71 2.72 2.75 2.91
 2.95 2.97 3.11 3.17 3.33 3.38 3.5  3.53 3.65 3.71 3.75 3.8  4.02 4.1
 4.99 5.49 5.61 6.81]
var: 1.685521638888889
| [0m64       [0m | [0m2.435    [0m | [0m0.1027   [0m | [0m7.912    [0m | [0m0.1174   [0m |
[0.01 0.02 0.03 0.05 0.05 0.05 0.05 0.06 0.06 0.08 0.09 0.11 0.11 0.11
 0.11 0.13 0.14 0.2  0.2  0.21 0.22 0.22 0.22 0.23 0.24 0.25 0.25 0.27
 0.27 0.28 0.31 0.31 0.32 0.34 0.36 0.37 0.38 0.38 0.38 0.39 0.39 0.4
 0.42 0.43 0.47 0.47 0.48 0.49 0.51 0.69 0.73 0.73 0.75 0.82 0.88 0.92
 0.93 1.05 1.42 1.51]
var: 0.10484874999999988
| [0m65       [0m | [0m0.3725   [0m | [0m0.1214   [0m | [0m7.85     [0m | [0m0.01016  [0m |
[0.2  0.25 0.35 0.35 0.36 0.45 0.54 0.6  0.61 0.62 0.62 0.68 0.79 0.8
 0.88 0.92 0.93 0.96 0.97 1.03 1.04 1.09 1.19 1.23 1.29 1.3  1.32 1.34
 1.39 1.4  1.41 1.46 1.52 1.55 1.62 1.65 1.68 1.7  1.77 1.91 1.92 1.97
 1.97 2.   2.02 2.03 2.09 2.11 2.16 2.22 2.3  2.5  2.52 2.56 2.61 2.69
 2.69 2.87 2.88 2.98]
var: 0.5644256666666669
| [0m66       [0m | [0m1.481    [0m | [0m0.1004   [0m | [0m38.61    [0m | [0m0.1725   [0m |
[0.14 0.22 0.42 0.45 0.47 0.52 0.58 0.59 0.63 0.7  0.7  0.73 0.73 0.77
 0.78 0.86 1.01 1.05 1.2  1.2  1.21 1.23 1.24 1.27 1.28 1.35 1.36 1.47
 1.49 1.52 1.56 1.59 1.61 1.61 1.68 1.82 1.83 1.88 1.93 2.01 2.03 2.15
 2.18 2.19 2.2  2.2  2.25 2.42 2.43 2.52 2.74 2.81 2.85 2.92 3.04 3.2
 3.26 3.66 3.85 4.24]
var: 0.8911736388888887
| [0m67       [0m | [0m1.664    [0m | [0m0.07352  [0m | [0m38.58    [0m | [0m0.1864   [0m |
[0.17 0.53 0.67 0.69 0.8  0.83 0.91 0.94 0.96 1.03 1.13 1.37 1.57 1.62
 1.69 1.71 1.83 1.84 1.99 2.19 2.22 2.31 2.33 2.45 2.48 2.5  2.6  2.6
 2.64 2.66 2.72 2.75 2.76 2.79 2.81 2.81 2.85 2.96 2.98 3.01 3.16 3.21
 3.28 3.34 3.36 3.4  3.45 3.47 3.5  3.5  3.55 3.81 3.89 3.92 4.12 4.51
 4.7  5.04 5.31 6.35]
var: 1.5713647500000003
| [0m68       [0m | [0m2.61     [0m | [0m0.1382   [0m | [0m7.945    [0m | [0m0.2298   [0m |
[0.01 0.05 0.05 0.08 0.09 0.11 0.11 0.13 0.14 0.17 0.19 0.23 0.24 0.24
 0.27 0.27 0.27 0.28 0.28 0.28 0.31 0.32 0.35 0.35 0.37 0.37 0.38 0.39
 0.4  0.41 0.42 0.44 0.44 0.47 0.48 0.48 0.5  0.52 0.53 0.58 0.6  0.61
 0.61 0.63 0.63 0.65 0.67 0.67 0.68 0.72 0.73 0.76 0.77 0.82 0.84 1.16
 1.28 1.3  1.51 2.2 ]
var: 0.14543955555555568
| [0m69       [0m | [0m0.4973   [0m | [0m0.1625   [0m | [0m21.09    [0m | [0m2.454    [0m |
[0.   0.01 0.01 0.03 0.05 0.05 0.05 0.05 0.06 0.07 0.08 0.08 0.08 0.1
 0.11 0.13 0.17 0.17 0.18 0.19 0.2  0.21 0.23 0.26 0.29 0.31 0.32 0.37
 0.41 0.41 0.41 0.41 0.44 0.44 0.44 0.45 0.46 0.47 0.49 0.51 0.52 0.52
 0.52 0.52 0.53 0.57 0.6  0.6  0.61 0.62 0.62 0.67 0.7  0.7  0.78 0.84
 0.89 0.89 0.97 1.15]
var: 0.07538988888888885
| [0m70       [0m | [0m0.3837   [0m | [0m0.2801   [0m | [0m36.64    [0m | [0m1.682    [0m |
[0.38 0.43 0.84 1.32 1.65 1.83 1.99 2.   2.02 2.25 2.28 2.29 2.38 2.45
 2.57 2.74 2.77 2.8  2.86 2.87 2.88 2.97 3.07 3.26 3.38 3.69 3.7  3.76
 3.9  3.96 3.98 3.99 4.05 4.24 4.34 4.4  4.45 4.55 4.62 4.66 4.74 4.78
 4.93 4.97 5.5  5.57 5.66 5.7  5.92 6.13 6.28 6.33 6.35 6.68 6.9  7.42
 7.73 8.82 9.47 9.9 ]
var: 4.334500972222222
| [95m71       [0m | [95m4.139    [0m | [95m0.002835 [0m | [95m7.998    [0m | [95m0.1453   [0m |
[0.29 0.57 0.89 0.95 0.99 1.06 1.23 1.24 1.24 1.35 1.46 1.61 1.8  1.81
 1.88 2.05 2.07 2.31 2.39 2.57 2.59 2.62 2.66 2.69 2.74 2.77 2.85 3.01
 3.06 3.1  3.21 3.25 3.34 3.34 3.41 3.48 3.49 3.59 3.62 3.66 3.75 3.83
 3.85 3.9  3.93 4.13 4.33 4.34 4.38 4.45 4.56 4.66 4.78 4.87 4.87 4.94
 4.98 5.43 5.54 6.64]
var: 1.9435655555555544
| [0m72       [0m | [0m3.073    [0m | [0m0.009972 [0m | [0m8.156    [0m | [0m0.1223   [0m |
[0.01 0.02 0.03 0.04 0.05 0.07 0.08 0.11 0.12 0.12 0.13 0.15 0.15 0.16
 0.16 0.16 0.17 0.17 0.18 0.18 0.2  0.22 0.23 0.24 0.25 0.26 0.26 0.31
 0.33 0.33 0.36 0.36 0.37 0.41 0.41 0.43 0.46 0.49 0.49 0.5  0.52 0.54
 0.55 0.58 0.59 0.69 0.69 0.71 0.92 1.03 1.03 1.04 1.05 1.26 1.34 1.44
 1.45 1.62 1.85 2.31]
var: 0.24343322222222227
| [0m73       [0m | [0m0.5063   [0m | [0m0.2186   [0m | [0m18.27    [0m | [0m2.655    [0m |
[0.1  0.23 0.26 0.3  0.42 0.52 0.57 0.57 0.6  0.6  0.64 0.65 0.67 0.69
 0.73 0.75 0.79 0.8  0.82 0.82 0.85 0.85 0.86 0.87 0.92 0.93 0.93 0.97
 1.04 1.1  1.19 1.27 1.29 1.3  1.31 1.32 1.33 1.38 1.38 1.4  1.43 1.45
 1.51 1.53 1.56 1.67 1.7  1.79 1.82 1.83 1.89 1.91 1.94 1.98 2.02 2.02
 2.46 2.71 3.25 4.63]
var: 0.5797360000000003
| [0m74       [0m | [0m1.252    [0m | [0m0.1755   [0m | [0m33.92    [0m | [0m0.07507  [0m |
[0.38 0.82 1.12 1.39 1.48 1.48 1.65 1.77 1.88 2.   2.06 2.13 2.15 2.17
 2.21 2.26 2.34 2.53 2.59 2.62 2.74 2.87 2.92 2.95 2.98 2.99 3.02 3.05
 3.06 3.21 3.25 3.25 3.29 3.65 3.93 4.08 4.1  4.1  4.14 4.14 4.18 4.19
 4.23 4.34 4.53 4.73 4.76 4.99 5.04 5.08 5.2  5.29 5.3  5.38 5.85 5.87
 5.97 7.08 7.81 9.55]
var: 2.957841555555555
| [0m75       [0m | [0m3.569    [0m | [0m0.003258 [0m | [0m7.947    [0m | [0m0.1944   [0m |
[0.17 0.18 0.43 0.5  0.52 0.9  1.1  1.13 1.15 1.18 1.22 1.26 1.39 1.39
 1.46 1.48 1.51 1.63 1.7  1.74 1.75 1.78 1.79 1.86 1.86 1.91 1.91 1.96
 2.01 2.01 2.11 2.16 2.36 2.38 2.49 2.53 2.58 2.74 2.74 2.75 2.86 2.9
 2.92 3.06 3.11 3.25 3.3  3.35 3.43 3.56 3.62 3.64 3.7  3.73 3.98 4.25
 4.31 4.93 5.21 5.29]
var: 1.442691555555556
| [0m76       [0m | [0m2.335    [0m | [0m0.1486   [0m | [0m8.09     [0m | [0m0.1691   [0m |
[0.3  0.51 0.71 0.79 1.1  1.29 1.37 1.52 1.52 1.62 1.68 1.69 1.72 1.81
 2.01 2.01 2.06 2.08 2.14 2.14 2.17 2.19 2.2  2.25 2.29 2.33 2.38 2.39
 2.46 2.55 2.57 2.57 2.59 2.66 2.72 2.72 2.76 2.78 2.84 2.86 2.87 2.96
 2.96 3.   3.24 3.24 3.33 3.42 3.52 3.6  3.67 3.85 3.96 3.97 3.98 4.03
 4.53 4.54 5.05 5.52]
var: 1.13217163888889
| [0m77       [0m | [0m2.593    [0m | [0m0.05282  [0m | [0m8.059    [0m | [0m0.2702   [0m |
[0.43 0.5  0.8  0.85 0.9  0.94 1.11 1.59 1.63 1.68 1.84 1.88 1.97 2.18
 2.19 2.44 2.48 2.5  2.53 2.61 2.61 2.64 2.66 2.68 2.72 2.8  2.81 2.81
 2.82 2.9  2.91 2.99 3.02 3.04 3.07 3.12 3.13 3.14 3.17 3.23 3.29 3.31
 3.35 3.42 3.47 3.59 3.94 3.95 4.02 4.1  4.1  4.13 4.16 4.42 4.43 4.77
 4.86 5.09 5.46 5.57]
var: 1.3893920833333342
| [0m78       [0m | [0m2.913    [0m | [0m0.0739   [0m | [0m8.054    [0m | [0m0.1924   [0m |
[0.   0.   0.   0.   0.   0.   0.03 0.04 0.06 0.06 0.06 0.07 0.07 0.07
 0.08 0.11 0.12 0.12 0.13 0.14 0.14 0.14 0.15 0.16 0.17 0.17 0.18 0.18
 0.18 0.21 0.22 0.23 0.24 0.27 0.27 0.28 0.3  0.32 0.34 0.34 0.35 0.35
 0.39 0.4  0.42 0.43 0.43 0.44 0.45 0.45 0.49 0.49 0.5  0.53 0.55 0.57
 0.57 0.58 0.59 0.6 ]
var: 0.03414697222222236
| [0m79       [0m | [0m0.2538   [0m | [0m0.09973  [0m | [0m44.53    [0m | [0m2.706    [0m |
[0.03 0.11 0.17 0.18 0.19 0.2  0.22 0.22 0.23 0.23 0.23 0.24 0.24 0.28
 0.29 0.3  0.3  0.34 0.38 0.39 0.39 0.39 0.4  0.41 0.42 0.43 0.43 0.45
 0.47 0.47 0.48 0.61 0.64 0.64 0.65 0.69 0.7  0.71 0.72 0.75 0.83 0.85
 0.86 0.9  0.9  0.92 0.94 0.96 0.98 1.11 1.14 1.21 1.25 1.36 1.39 1.68
 2.01 2.14 2.25 2.75]
var: 0.3135643055555549
| [0m80       [0m | [0m0.7008   [0m | [0m0.06493  [0m | [0m8.248    [0m | [0m0.01045  [0m |
=============================================================
None
num_trials:  40  inits,  40  iters,  60  per
rho:  1
pthin:  0.96

Best VPT: 4.139166666666668
Best result: {'a': 0.002835201524141549, 'g': 7.997618612392802, 's': 0.14531770441204755}

KERNEL: nu=1.5, lengthscale=2.0, alpha=0.0005
