|   iter    |  target   |     a     |     g     |     s     |
-------------------------------------------------------------
[0.   0.01 0.03 0.03 0.04 0.04 0.04 0.1  0.1  0.12 0.14 0.16 0.19 0.21
 0.21 0.22 0.23 0.24 0.25 0.26 0.26 0.27 0.27 0.27 0.27 0.29 0.29 0.3
 0.3  0.31 0.32 0.32 0.34 0.39 0.4  0.41 0.41 0.41 0.42 0.42 0.43 0.47
 0.47 0.48 0.49 0.5  0.52 0.53 0.53 0.54 0.56 0.61 0.63 0.64 0.65 0.65
 0.67 0.68 0.78 1.03]
var: 0.04543541666666674
| [0m1        [0m | [0m0.3525   [0m | [0m0.187    [0m | [0m34.28    [0m | [0m1.928    [0m |
[0.   0.   0.   0.01 0.02 0.04 0.06 0.06 0.06 0.08 0.08 0.11 0.12 0.14
 0.2  0.22 0.25 0.28 0.3  0.3  0.3  0.3  0.3  0.31 0.32 0.34 0.34 0.35
 0.36 0.37 0.38 0.38 0.39 0.4  0.41 0.42 0.42 0.44 0.47 0.5  0.52 0.54
 0.54 0.6  0.6  0.61 0.61 0.65 0.66 0.67 0.77 0.9  0.93 1.01 1.03 1.04
 1.05 1.11 1.39 1.46]
var: 0.11812933333333327
| [95m2        [0m | [95m0.442    [0m | [95m0.2975   [0m | [95m36.68    [0m | [95m1.118    [0m |
[0.23 0.5  0.5  0.51 0.53 0.54 0.54 0.54 0.55 0.56 0.56 0.58 0.59 0.6
 0.62 0.64 0.68 0.69 0.71 0.72 0.74 0.87 0.94 0.96 1.   1.02 1.07 1.15
 1.17 1.21 1.23 1.25 1.28 1.3  1.33 1.33 1.34 1.38 1.38 1.38 1.39 1.41
 1.49 1.53 1.72 1.78 1.82 1.85 1.85 1.9  1.91 1.99 2.07 2.34 2.36 2.38
 2.43 2.85 3.46 3.63]
var: 0.5373982222222227
| [95m3        [0m | [95m1.281    [0m | [95m0.155    [0m | [95m22.78    [0m | [95m0.1303   [0m |
[0.09 0.13 0.13 0.13 0.13 0.13 0.14 0.16 0.17 0.18 0.19 0.2  0.2  0.22
 0.23 0.24 0.25 0.27 0.27 0.28 0.35 0.35 0.36 0.36 0.39 0.4  0.41 0.41
 0.42 0.46 0.51 0.52 0.54 0.55 0.55 0.56 0.57 0.58 0.59 0.6  0.6  0.61
 0.61 0.63 0.64 0.68 0.68 0.81 0.83 0.84 0.87 0.87 0.89 1.18 1.36 1.44
 1.54 1.68 1.88 1.97]
var: 0.19089697222222163
| [0m4        [0m | [0m0.5638   [0m | [0m0.2678   [0m | [0m9.442    [0m | [0m0.6544   [0m |
[0.06 0.08 0.08 0.1  0.11 0.12 0.14 0.16 0.17 0.17 0.17 0.17 0.18 0.21
 0.21 0.22 0.23 0.24 0.24 0.24 0.25 0.25 0.28 0.31 0.34 0.34 0.38 0.4
 0.41 0.41 0.41 0.41 0.42 0.43 0.47 0.47 0.5  0.51 0.52 0.53 0.54 0.54
 0.55 0.56 0.58 0.6  0.61 0.61 0.62 0.75 0.79 0.8  0.8  0.81 0.85 0.89
 0.94 1.   1.02 1.36]
var: 0.07763955555555549
| [0m5        [0m | [0m0.4427   [0m | [0m0.2938   [0m | [0m2.864    [0m | [0m0.4939   [0m |
[0.06 0.07 0.08 0.09 0.12 0.14 0.24 0.24 0.25 0.28 0.35 0.35 0.35 0.36
 0.37 0.38 0.41 0.42 0.44 0.47 0.54 0.58 0.62 0.72 0.73 0.75 0.76 0.82
 0.83 0.86 1.   1.07 1.08 1.15 1.16 1.18 1.21 1.22 1.23 1.31 1.34 1.38
 1.51 1.54 1.54 1.56 1.7  1.92 1.95 1.98 2.   2.05 2.12 2.25 2.26 2.33
 2.39 2.4  2.62 2.9 ]
var: 0.5812736388888887
| [0m6        [0m | [0m1.067    [0m | [0m0.00235  [0m | [0m14.6     [0m | [0m0.9806   [0m |
[0.   0.   0.   0.01 0.02 0.02 0.05 0.07 0.08 0.1  0.11 0.12 0.12 0.14
 0.15 0.16 0.18 0.19 0.21 0.25 0.26 0.29 0.29 0.33 0.33 0.33 0.37 0.38
 0.38 0.4  0.4  0.43 0.5  0.5  0.52 0.54 0.55 0.57 0.59 0.59 0.59 0.61
 0.63 0.64 0.68 0.69 0.71 0.71 0.72 0.79 0.82 1.   1.09 1.09 1.18 1.21
 1.37 1.65 1.94 2.37]
var: 0.22751099999999977
| [0m7        [0m | [0m0.517    [0m | [0m0.02483  [0m | [0m33.72    [0m | [0m1.413    [0m |
[0.   0.01 0.01 0.01 0.02 0.03 0.03 0.03 0.03 0.04 0.04 0.05 0.05 0.05
 0.06 0.08 0.08 0.08 0.09 0.09 0.09 0.1  0.1  0.1  0.11 0.12 0.13 0.15
 0.15 0.15 0.15 0.16 0.17 0.2  0.21 0.22 0.23 0.24 0.25 0.25 0.26 0.27
 0.27 0.31 0.32 0.33 0.34 0.34 0.4  0.4  0.41 0.46 0.49 0.51 0.53 0.57
 0.57 0.59 0.65 0.76]
var: 0.03480122222222217
| [0m8        [0m | [0m0.2157   [0m | [0m0.141    [0m | [0m41.04    [0m | [0m2.949    [0m |
[0.   0.01 0.03 0.06 0.08 0.15 0.16 0.16 0.17 0.17 0.17 0.18 0.18 0.19
 0.22 0.26 0.28 0.32 0.33 0.35 0.37 0.38 0.38 0.4  0.41 0.43 0.43 0.43
 0.43 0.45 0.45 0.45 0.51 0.54 0.57 0.61 0.68 0.69 0.69 0.73 0.75 0.81
 0.84 0.92 0.93 1.04 1.1  1.1  1.11 1.16 1.17 1.29 1.46 1.46 1.5  1.6
 1.83 1.85 1.86 1.88]
var: 0.26875955555555564
| [0m9        [0m | [0m0.6527   [0m | [0m0.1303   [0m | [0m15.19    [0m | [0m0.642    [0m |
[0.02 0.02 0.02 0.03 0.03 0.03 0.04 0.05 0.06 0.08 0.09 0.09 0.09 0.09
 0.11 0.11 0.12 0.14 0.16 0.16 0.17 0.22 0.22 0.22 0.23 0.24 0.25 0.26
 0.34 0.35 0.38 0.4  0.4  0.41 0.43 0.43 0.43 0.45 0.49 0.49 0.5  0.5
 0.5  0.51 0.55 0.58 0.59 0.59 0.61 0.63 0.66 0.67 0.84 0.85 0.89 1.07
 1.22 1.25 1.76 2.93]
var: 0.2244943055555551
| [0m10       [0m | [0m0.4342   [0m | [0m0.2194   [0m | [0m43.18    [0m | [0m0.7137   [0m |
[0.   0.   0.   0.02 0.02 0.02 0.03 0.07 0.08 0.08 0.09 0.09 0.11 0.12
 0.14 0.14 0.17 0.17 0.17 0.19 0.19 0.2  0.21 0.24 0.25 0.26 0.26 0.27
 0.29 0.3  0.31 0.31 0.31 0.33 0.34 0.35 0.36 0.37 0.38 0.39 0.4  0.41
 0.42 0.44 0.47 0.47 0.48 0.51 0.52 0.55 0.59 0.63 0.67 0.72 0.73 0.77
 0.85 0.9  1.   1.05]
var: 0.06523830555555571
| [0m11       [0m | [0m0.3368   [0m | [0m0.01304  [0m | [0m24.55    [0m | [0m2.409    [0m |
[0.01 0.04 0.04 0.05 0.07 0.07 0.07 0.11 0.14 0.15 0.17 0.17 0.18 0.18
 0.19 0.19 0.21 0.23 0.23 0.24 0.24 0.26 0.29 0.31 0.33 0.33 0.34 0.37
 0.37 0.39 0.41 0.42 0.42 0.45 0.46 0.47 0.48 0.49 0.51 0.52 0.54 0.56
 0.59 0.61 0.61 0.62 0.63 0.63 0.67 0.68 0.77 0.77 0.82 0.83 0.89 0.95
 0.95 0.96 1.02 1.07]
var: 0.0778080833333336
| [0m12       [0m | [0m0.4295   [0m | [0m0.1249   [0m | [0m0.9381   [0m | [0m1.829    [0m |
[0.   0.   0.   0.   0.01 0.02 0.02 0.03 0.03 0.04 0.04 0.05 0.06 0.06
 0.08 0.08 0.09 0.09 0.09 0.09 0.12 0.14 0.14 0.15 0.19 0.2  0.2  0.24
 0.25 0.27 0.27 0.31 0.31 0.33 0.33 0.34 0.34 0.38 0.38 0.38 0.4  0.44
 0.48 0.49 0.5  0.51 0.53 0.53 0.56 0.57 0.58 0.58 0.6  0.61 0.62 0.69
 0.76 0.76 0.79 1.09]
var: 0.06359399999999982
| [0m13       [0m | [0m0.304    [0m | [0m0.123    [0m | [0m38.68    [0m | [0m2.055    [0m |
[0.02 0.03 0.03 0.03 0.03 0.03 0.04 0.04 0.05 0.08 0.12 0.12 0.14 0.16
 0.17 0.18 0.19 0.23 0.24 0.24 0.26 0.27 0.28 0.29 0.29 0.3  0.34 0.36
 0.36 0.37 0.39 0.4  0.42 0.43 0.44 0.44 0.45 0.45 0.45 0.46 0.5  0.53
 0.54 0.61 0.62 0.63 0.63 0.65 0.66 0.71 0.75 0.77 0.85 0.86 0.91 0.95
 1.01 1.08 1.32 1.58]
var: 0.11094322222222211
| [0m14       [0m | [0m0.4297   [0m | [0m0.2891   [0m | [0m29.41    [0m | [0m2.709    [0m |
[0.07 0.09 0.09 0.1  0.13 0.14 0.16 0.16 0.18 0.18 0.19 0.2  0.2  0.2
 0.2  0.21 0.22 0.23 0.24 0.24 0.25 0.27 0.27 0.27 0.28 0.3  0.33 0.33
 0.34 0.34 0.34 0.35 0.36 0.36 0.38 0.38 0.39 0.44 0.47 0.49 0.49 0.51
 0.53 0.59 0.6  0.63 0.63 0.65 0.66 0.68 0.73 0.78 0.8  0.84 0.92 1.12
 1.26 1.29 1.35 2.62]
var: 0.16913541666666618
| [0m15       [0m | [0m0.4675   [0m | [0m0.2795   [0m | [0m3.372    [0m | [0m2.944    [0m |
[0.   0.   0.   0.   0.   0.   0.   0.01 0.02 0.02 0.03 0.03 0.05 0.05
 0.05 0.06 0.07 0.08 0.08 0.1  0.1  0.13 0.14 0.14 0.14 0.14 0.16 0.16
 0.18 0.19 0.19 0.2  0.2  0.23 0.27 0.28 0.31 0.31 0.31 0.32 0.32 0.33
 0.34 0.35 0.36 0.37 0.39 0.39 0.4  0.41 0.41 0.44 0.46 0.48 0.48 0.49
 0.52 0.56 0.65 0.81]
var: 0.0354960833333334
| [0m16       [0m | [0m0.2285   [0m | [0m0.2273   [0m | [0m40.37    [0m | [0m2.461    [0m |
[0.01 0.09 0.1  0.12 0.17 0.18 0.21 0.27 0.3  0.31 0.33 0.34 0.35 0.36
 0.38 0.43 0.47 0.48 0.52 0.53 0.54 0.56 0.65 0.65 0.67 0.71 0.71 0.71
 0.78 0.85 0.86 0.93 0.96 0.96 0.96 0.98 0.98 0.99 1.01 1.02 1.06 1.07
 1.1  1.11 1.11 1.15 1.15 1.15 1.16 1.2  1.26 1.36 1.45 1.57 1.65 1.65
 1.76 1.93 1.97 2.39]
var: 0.2671948888888885
| [0m17       [0m | [0m0.8447   [0m | [0m0.08506  [0m | [0m43.81    [0m | [0m0.4519   [0m |
[0.03 0.06 0.07 0.09 0.1  0.14 0.14 0.16 0.17 0.18 0.19 0.21 0.24 0.26
 0.26 0.27 0.28 0.28 0.36 0.37 0.48 0.48 0.5  0.52 0.52 0.56 0.58 0.63
 0.64 0.64 0.66 0.66 0.73 0.74 0.76 0.77 0.8  0.82 0.83 0.86 0.92 0.92
 0.99 1.04 1.05 1.09 1.09 1.12 1.15 1.16 1.19 1.19 1.21 1.24 1.33 1.75
 1.87 1.88 2.1  2.28]
var: 0.27778497222222204
| [0m18       [0m | [0m0.7268   [0m | [0m0.04969  [0m | [0m21.05    [0m | [0m0.956    [0m |
[0.   0.   0.02 0.03 0.06 0.07 0.11 0.12 0.12 0.12 0.13 0.14 0.15 0.16
 0.16 0.17 0.18 0.2  0.2  0.23 0.23 0.24 0.26 0.29 0.3  0.3  0.3  0.3
 0.31 0.32 0.32 0.32 0.32 0.33 0.33 0.34 0.34 0.34 0.34 0.36 0.37 0.38
 0.38 0.38 0.41 0.43 0.44 0.45 0.47 0.47 0.49 0.5  0.51 0.54 0.56 0.64
 0.68 0.71 0.72 0.76]
var: 0.03289430555555544
| [0m19       [0m | [0m0.3142   [0m | [0m0.2786   [0m | [0m0.8152   [0m | [0m2.679    [0m |
[0.03 0.07 0.09 0.16 0.2  0.23 0.27 0.27 0.29 0.32 0.33 0.33 0.34 0.39
 0.43 0.44 0.52 0.55 0.57 0.58 0.59 0.62 0.62 0.62 0.62 0.64 0.65 0.66
 0.67 0.68 0.7  0.77 0.79 0.79 0.82 0.87 0.93 0.95 1.01 1.06 1.07 1.11
 1.13 1.2  1.23 1.24 1.27 1.38 1.39 1.39 1.46 1.51 1.6  1.66 1.99 2.07
 2.22 2.47 2.81 3.28]
var: 0.45260097222222223
| [0m20       [0m | [0m0.9158   [0m | [0m0.07605  [0m | [0m37.17    [0m | [0m0.4435   [0m |
[0.   0.   0.   0.   0.02 0.03 0.04 0.07 0.07 0.09 0.09 0.1  0.15 0.16
 0.16 0.18 0.19 0.2  0.2  0.21 0.23 0.24 0.26 0.26 0.26 0.26 0.27 0.3
 0.31 0.31 0.33 0.35 0.35 0.37 0.38 0.39 0.39 0.4  0.44 0.49 0.49 0.5
 0.56 0.56 0.57 0.61 0.68 0.7  0.89 0.91 0.98 0.99 1.12 1.14 1.16 1.21
 1.27 1.39 1.52 2.91]
var: 0.24751941666666713
| [0m21       [0m | [0m0.4785   [0m | [0m0.1795   [0m | [0m38.13    [0m | [0m1.349    [0m |
[0.   0.02 0.03 0.03 0.04 0.05 0.05 0.06 0.06 0.07 0.07 0.08 0.08 0.09
 0.09 0.1  0.1  0.1  0.13 0.14 0.17 0.19 0.2  0.2  0.24 0.29 0.29 0.29
 0.34 0.35 0.37 0.38 0.39 0.39 0.39 0.41 0.42 0.45 0.45 0.47 0.47 0.47
 0.47 0.48 0.49 0.54 0.55 0.55 0.56 0.59 0.61 0.62 0.63 0.65 0.66 0.7
 0.73 0.76 0.76 0.96]
var: 0.05738822222222215
| [0m22       [0m | [0m0.3387   [0m | [0m0.2738   [0m | [0m43.92    [0m | [0m1.616    [0m |
[0.03 0.05 0.08 0.1  0.15 0.17 0.18 0.24 0.24 0.26 0.26 0.27 0.3  0.34
 0.36 0.42 0.48 0.49 0.49 0.52 0.64 0.69 0.72 0.76 0.77 0.81 0.82 0.88
 0.88 0.97 1.02 1.07 1.1  1.19 1.21 1.22 1.25 1.25 1.32 1.32 1.38 1.42
 1.43 1.44 1.59 1.8  1.82 1.96 2.01 2.12 2.24 2.32 2.4  2.49 2.74 2.81
 2.85 2.94 3.13 3.89]
var: 0.8290105555555553
| [0m23       [0m | [0m1.168    [0m | [0m0.001752 [0m | [0m7.658    [0m | [0m0.7944   [0m |
[0.   0.   0.   0.   0.   0.   0.   0.   0.   0.01 0.01 0.02 0.02 0.06
 0.06 0.08 0.09 0.09 0.1  0.1  0.11 0.11 0.12 0.12 0.13 0.13 0.13 0.14
 0.14 0.15 0.15 0.18 0.21 0.21 0.23 0.23 0.24 0.24 0.25 0.26 0.28 0.3
 0.31 0.32 0.33 0.33 0.35 0.37 0.38 0.4  0.42 0.43 0.44 0.48 0.53 0.55
 0.65 0.65 0.87 0.97]
var: 0.04569822222222211
| [0m24       [0m | [0m0.2247   [0m | [0m0.01454  [0m | [0m48.86    [0m | [0m2.828    [0m |
[0.   0.   0.   0.   0.01 0.02 0.03 0.03 0.03 0.04 0.06 0.07 0.08 0.08
 0.08 0.09 0.09 0.09 0.11 0.12 0.12 0.13 0.13 0.17 0.18 0.18 0.19 0.19
 0.19 0.22 0.22 0.22 0.24 0.25 0.27 0.27 0.27 0.27 0.27 0.31 0.32 0.34
 0.35 0.36 0.37 0.37 0.38 0.4  0.4  0.41 0.41 0.44 0.46 0.53 0.53 0.54
 0.6  0.61 0.66 0.78]
var: 0.03492766666666676
| [0m25       [0m | [0m0.243    [0m | [0m0.09422  [0m | [0m47.91    [0m | [0m2.124    [0m |
[0.   0.   0.   0.01 0.01 0.02 0.02 0.03 0.03 0.04 0.04 0.04 0.06 0.07
 0.07 0.1  0.1  0.11 0.11 0.15 0.15 0.15 0.16 0.17 0.18 0.18 0.18 0.2
 0.21 0.22 0.23 0.24 0.24 0.27 0.28 0.3  0.3  0.33 0.33 0.34 0.35 0.35
 0.36 0.36 0.37 0.37 0.38 0.38 0.4  0.42 0.52 0.55 0.6  0.63 0.64 0.64
 0.66 0.74 0.78 0.81]
var: 0.046559888888889116
| [0m26       [0m | [0m0.2663   [0m | [0m0.1546   [0m | [0m32.82    [0m | [0m2.86     [0m |
[0.02 0.06 0.06 0.07 0.09 0.09 0.1  0.1  0.12 0.12 0.13 0.19 0.2  0.21
 0.32 0.32 0.33 0.36 0.37 0.37 0.39 0.43 0.44 0.46 0.47 0.49 0.5  0.51
 0.52 0.53 0.55 0.55 0.55 0.56 0.62 0.63 0.63 0.66 0.67 0.67 0.69 0.74
 0.79 0.84 0.85 0.85 0.89 0.93 0.96 0.98 1.01 1.03 1.05 1.14 1.18 1.21
 1.25 1.29 1.32 2.69]
var: 0.20051208333333306
| [0m27       [0m | [0m0.6025   [0m | [0m0.02102  [0m | [0m14.18    [0m | [0m1.97     [0m |
[0.01 0.05 0.05 0.05 0.1  0.11 0.12 0.22 0.25 0.28 0.28 0.3  0.32 0.34
 0.36 0.37 0.38 0.38 0.39 0.4  0.4  0.42 0.44 0.44 0.45 0.5  0.5  0.53
 0.55 0.58 0.58 0.61 0.64 0.65 0.66 0.67 0.74 0.76 0.76 0.78 0.8  0.83
 0.86 0.9  0.92 0.95 0.96 0.97 1.02 1.08 1.08 1.1  1.13 1.15 1.25 1.26
 1.36 1.43 1.47 1.99]
var: 0.16914030555555534
| [0m28       [0m | [0m0.6488   [0m | [0m0.1981   [0m | [0m24.41    [0m | [0m0.7178   [0m |
[0.02 0.04 0.05 0.06 0.06 0.09 0.11 0.13 0.14 0.15 0.18 0.23 0.28 0.28
 0.29 0.29 0.3  0.31 0.32 0.32 0.35 0.37 0.39 0.4  0.47 0.5  0.51 0.54
 0.56 0.57 0.59 0.62 0.63 0.64 0.65 0.67 0.67 0.69 0.69 0.71 0.75 0.76
 0.77 0.83 0.83 0.85 0.85 0.89 0.92 0.98 1.02 1.02 1.04 1.14 1.31 1.83
 1.83 2.06 2.33 3.75]
var: 0.39487697222222173
| [0m29       [0m | [0m0.6772   [0m | [0m0.17     [0m | [0m13.74    [0m | [0m0.8364   [0m |
[0.   0.04 0.05 0.07 0.09 0.09 0.09 0.12 0.13 0.13 0.15 0.15 0.16 0.16
 0.18 0.18 0.22 0.23 0.24 0.25 0.26 0.26 0.29 0.29 0.3  0.31 0.31 0.31
 0.31 0.32 0.32 0.34 0.35 0.38 0.39 0.39 0.4  0.46 0.47 0.48 0.48 0.49
 0.52 0.52 0.53 0.54 0.54 0.54 0.55 0.55 0.55 0.56 0.57 0.59 0.61 0.62
 0.63 0.7  1.05 1.18]
var: 0.05160275000000007
| [0m30       [0m | [0m0.3665   [0m | [0m0.0646   [0m | [0m1.102    [0m | [0m2.221    [0m |
[0.01 0.03 0.03 0.04 0.05 0.06 0.07 0.11 0.12 0.14 0.18 0.32 0.32 0.32
 0.32 0.33 0.36 0.37 0.39 0.39 0.42 0.43 0.45 0.45 0.46 0.46 0.47 0.52
 0.52 0.52 0.53 0.54 0.55 0.56 0.56 0.57 0.59 0.6  0.65 0.68 0.74 0.76
 0.76 0.79 0.79 0.8  0.89 0.93 0.94 1.   1.07 1.1  1.11 1.18 1.19 1.25
 1.29 1.43 1.63 2.52]
var: 0.2038423333333334
| [0m31       [0m | [0m0.611    [0m | [0m0.05173  [0m | [0m22.78    [0m | [0m1.853    [0m |
[0.   0.03 0.03 0.04 0.06 0.07 0.08 0.11 0.11 0.13 0.14 0.15 0.18 0.19
 0.19 0.22 0.23 0.23 0.25 0.25 0.27 0.31 0.4  0.42 0.42 0.43 0.43 0.46
 0.47 0.49 0.51 0.54 0.54 0.55 0.56 0.57 0.58 0.58 0.58 0.58 0.59 0.61
 0.61 0.69 0.74 0.75 0.75 0.81 0.82 0.83 0.85 0.86 0.93 1.04 1.12 1.13
 1.3  1.33 1.76 1.94]
var: 0.16602288888888864
| [0m32       [0m | [0m0.5307   [0m | [0m0.09832  [0m | [0m9.099    [0m | [0m2.928    [0m |
[0.   0.02 0.08 0.11 0.17 0.18 0.19 0.21 0.26 0.27 0.28 0.28 0.29 0.32
 0.33 0.34 0.36 0.36 0.37 0.37 0.39 0.4  0.41 0.43 0.43 0.44 0.49 0.49
 0.5  0.57 0.58 0.58 0.59 0.59 0.61 0.63 0.63 0.64 0.64 0.65 0.68 0.7
 0.73 0.76 0.76 0.8  0.87 0.9  0.92 0.93 0.96 0.96 1.   1.03 1.08 1.08
 1.09 1.1  1.11 1.17]
var: 0.09466941666666677
| [0m33       [0m | [0m0.5685   [0m | [0m0.07559  [0m | [0m5.612    [0m | [0m2.804    [0m |
[0.   0.01 0.03 0.04 0.07 0.07 0.08 0.1  0.11 0.13 0.15 0.15 0.15 0.15
 0.17 0.19 0.22 0.22 0.23 0.24 0.25 0.27 0.28 0.29 0.33 0.35 0.37 0.38
 0.38 0.4  0.42 0.43 0.44 0.44 0.46 0.48 0.48 0.5  0.51 0.53 0.53 0.53
 0.55 0.55 0.58 0.59 0.64 0.67 0.67 0.7  0.72 0.72 0.74 0.77 0.8  0.87
 0.88 0.89 1.1  1.52]
var: 0.08670488888888926
| [0m34       [0m | [0m0.4253   [0m | [0m0.1444   [0m | [0m20.96    [0m | [0m2.157    [0m |
[0.   0.02 0.04 0.04 0.04 0.1  0.11 0.12 0.14 0.2  0.24 0.25 0.25 0.27
 0.27 0.28 0.3  0.31 0.31 0.33 0.37 0.38 0.42 0.44 0.46 0.49 0.51 0.51
 0.51 0.53 0.59 0.61 0.61 0.62 0.63 0.64 0.65 0.69 0.69 0.73 0.74 0.76
 0.79 0.8  0.81 0.86 0.91 1.   1.03 1.06 1.2  1.27 1.3  1.34 1.42 1.54
 1.71 1.93 2.24 2.79]
var: 0.30825000000000014
| [0m35       [0m | [0m0.67     [0m | [0m0.02526  [0m | [0m39.75    [0m | [0m0.7908   [0m |
[0.01 0.01 0.03 0.06 0.06 0.08 0.08 0.09 0.1  0.11 0.11 0.13 0.13 0.14
 0.14 0.15 0.15 0.16 0.22 0.25 0.25 0.28 0.3  0.3  0.3  0.3  0.33 0.34
 0.34 0.35 0.35 0.37 0.37 0.38 0.38 0.4  0.41 0.41 0.42 0.46 0.46 0.48
 0.48 0.5  0.52 0.53 0.54 0.54 0.55 0.55 0.57 0.59 0.63 0.72 0.76 0.82
 0.92 1.03 1.08 2.54]
var: 0.13713566666666657
| [0m36       [0m | [0m0.401    [0m | [0m0.09805  [0m | [0m37.99    [0m | [0m1.651    [0m |
[0.   0.01 0.03 0.03 0.03 0.03 0.05 0.06 0.08 0.12 0.13 0.14 0.14 0.16
 0.18 0.2  0.22 0.22 0.22 0.25 0.26 0.29 0.32 0.33 0.33 0.33 0.34 0.36
 0.36 0.36 0.37 0.39 0.4  0.42 0.44 0.45 0.46 0.48 0.49 0.5  0.51 0.51
 0.52 0.58 0.59 0.59 0.6  0.66 0.66 0.66 0.66 0.67 0.77 0.93 0.94 0.96
 0.99 1.12 1.14 1.21]
var: 0.09068097222222235
| [0m37       [0m | [0m0.4208   [0m | [0m0.2898   [0m | [0m34.83    [0m | [0m0.5297   [0m |
[0.   0.01 0.03 0.04 0.05 0.06 0.06 0.06 0.08 0.09 0.11 0.12 0.12 0.13
 0.13 0.14 0.16 0.16 0.18 0.2  0.22 0.26 0.28 0.28 0.29 0.3  0.32 0.32
 0.35 0.36 0.36 0.37 0.39 0.39 0.4  0.43 0.43 0.43 0.43 0.43 0.44 0.44
 0.45 0.45 0.48 0.48 0.5  0.53 0.54 0.57 0.58 0.65 0.67 0.68 0.69 0.71
 0.8  0.89 0.95 1.09]
var: 0.0605595555555556
| [0m38       [0m | [0m0.3593   [0m | [0m0.1415   [0m | [0m42.17    [0m | [0m1.861    [0m |
[0.   0.   0.   0.02 0.02 0.04 0.04 0.06 0.06 0.09 0.1  0.1  0.11 0.14
 0.15 0.16 0.17 0.17 0.18 0.23 0.23 0.24 0.25 0.25 0.27 0.28 0.29 0.3
 0.33 0.35 0.36 0.36 0.37 0.37 0.37 0.38 0.4  0.41 0.45 0.45 0.46 0.47
 0.47 0.47 0.48 0.49 0.49 0.5  0.51 0.52 0.53 0.53 0.56 0.58 0.61 0.61
 0.64 0.77 0.92 1.87]
var: 0.08163474999999977
| [0m39       [0m | [0m0.3505   [0m | [0m0.05537  [0m | [0m41.55    [0m | [0m1.699    [0m |
[0.02 0.03 0.03 0.03 0.03 0.06 0.07 0.07 0.1  0.12 0.15 0.15 0.17 0.17
 0.17 0.17 0.18 0.2  0.24 0.27 0.28 0.29 0.31 0.33 0.33 0.35 0.38 0.4
 0.4  0.41 0.43 0.44 0.47 0.48 0.49 0.5  0.54 0.54 0.64 0.64 0.65 0.67
 0.72 0.8  0.83 0.83 0.86 0.92 0.94 0.98 0.98 1.08 1.11 1.15 1.25 1.5
 1.52 1.75 1.83 2.76]
var: 0.27540830555555507
| [0m40       [0m | [0m0.5702   [0m | [0m0.1975   [0m | [0m30.83    [0m | [0m1.012    [0m |
[0.   0.   0.   0.01 0.02 0.05 0.13 0.15 0.16 0.19 0.21 0.22 0.22 0.24
 0.27 0.3  0.31 0.31 0.32 0.34 0.36 0.37 0.37 0.38 0.4  0.42 0.47 0.47
 0.49 0.49 0.59 0.6  0.63 0.64 0.65 0.67 0.67 0.7  0.71 0.73 0.76 0.77
 0.77 0.78 0.79 0.8  0.82 0.84 0.92 0.92 0.93 1.03 1.12 1.21 1.36 1.46
 1.57 1.82 1.92 2.56]
var: 0.2511360833333334
| [0m41       [0m | [0m0.6235   [0m | [0m0.1256   [0m | [0m5.376    [0m | [0m1.105    [0m |
[0.   0.05 0.1  0.14 0.14 0.15 0.18 0.2  0.21 0.27 0.33 0.34 0.39 0.4
 0.4  0.41 0.48 0.51 0.56 0.57 0.57 0.58 0.61 0.61 0.61 0.61 0.62 0.64
 0.65 0.69 0.74 0.75 0.77 0.84 0.86 0.86 0.87 0.91 0.93 0.97 1.04 1.24
 1.33 1.38 1.46 1.49 1.51 1.61 1.66 1.73 1.78 1.85 1.87 2.06 2.12 2.21
 2.24 2.41 2.82 2.83]
var: 0.5114262222222222
| [0m42       [0m | [0m0.9527   [0m | [0m0.01666  [0m | [0m14.59    [0m | [0m1.019    [0m |
[0.5  0.64 0.78 0.79 0.87 0.92 0.92 0.93 1.01 1.1  1.13 1.17 1.21 1.22
 1.26 1.28 1.29 1.34 1.35 1.36 1.36 1.36 1.38 1.46 1.6  1.64 1.72 1.8
 1.81 1.88 1.89 1.92 1.93 1.99 2.01 2.02 2.02 2.06 2.09 2.13 2.16 2.19
 2.2  2.22 2.31 2.39 2.45 2.46 2.46 2.48 2.61 2.61 2.66 2.91 3.13 3.22
 3.32 3.32 3.4  3.58]
var: 0.5633932222222224
| [95m43       [0m | [95m1.854    [0m | [95m0.02685  [0m | [95m22.77    [0m | [95m0.07294  [0m |
[0.   0.   0.   0.01 0.02 0.03 0.03 0.04 0.04 0.05 0.05 0.05 0.05 0.05
 0.06 0.07 0.07 0.08 0.08 0.09 0.1  0.11 0.11 0.12 0.12 0.12 0.13 0.13
 0.17 0.19 0.21 0.21 0.23 0.24 0.26 0.26 0.28 0.31 0.32 0.34 0.35 0.35
 0.35 0.36 0.36 0.36 0.39 0.39 0.39 0.44 0.47 0.47 0.48 0.48 0.5  0.58
 0.64 0.83 1.09 1.45]
var: 0.0700662222222223
| [0m44       [0m | [0m0.2593   [0m | [0m0.2756   [0m | [0m40.27    [0m | [0m2.738    [0m |
[0.01 0.01 0.01 0.02 0.03 0.04 0.08 0.09 0.1  0.11 0.13 0.14 0.14 0.16
 0.16 0.17 0.17 0.17 0.17 0.19 0.22 0.23 0.23 0.26 0.3  0.33 0.34 0.35
 0.35 0.37 0.37 0.4  0.42 0.44 0.44 0.45 0.45 0.47 0.5  0.5  0.53 0.54
 0.54 0.54 0.55 0.56 0.63 0.77 0.82 0.87 1.01 1.16 1.16 1.21 1.22 1.36
 1.37 1.54 1.79 2.61]
var: 0.24784833333333306
| [0m45       [0m | [0m0.505    [0m | [0m0.1474   [0m | [0m45.55    [0m | [0m1.369    [0m |
[0.64 0.75 0.81 0.86 0.94 0.99 1.04 1.14 1.16 1.29 1.32 1.34 1.35 1.37
 1.39 1.42 1.43 1.5  1.52 1.6  1.67 1.76 1.78 1.8  1.83 1.83 2.01 2.03
 2.05 2.13 2.16 2.17 2.19 2.2  2.2  2.27 2.3  2.34 2.35 2.39 2.39 2.5
 2.54 2.63 2.65 2.66 2.66 2.68 2.83 2.88 2.93 3.16 3.41 3.45 3.62 3.97
 3.98 4.17 4.21 6.18]
var: 1.0290232222222226
| [95m46       [0m | [95m2.18     [0m | [95m0.002652 [0m | [95m22.76    [0m | [95m0.1497   [0m |
[0.39 0.59 0.6  0.63 0.65 0.71 0.72 0.72 0.76 0.76 0.78 0.8  0.82 0.85
 0.89 1.04 1.07 1.08 1.08 1.24 1.26 1.26 1.28 1.28 1.31 1.36 1.36 1.37
 1.38 1.41 1.47 1.49 1.52 1.52 1.54 1.61 1.67 1.68 1.69 1.71 1.74 1.75
 1.82 1.84 2.01 2.19 2.48 2.5  2.61 2.62 2.66 2.81 2.86 2.9  2.95 3.23
 3.26 3.65 3.87 3.98]
var: 0.7742148888888889
| [0m47       [0m | [0m1.651    [0m | [0m0.03365  [0m | [0m22.79    [0m | [0m0.3156   [0m |
[0.56 0.61 0.65 0.66 0.66 0.71 0.74 0.74 0.75 0.76 0.8  0.84 0.9  0.93
 1.06 1.07 1.09 1.11 1.13 1.13 1.13 1.17 1.18 1.27 1.27 1.33 1.34 1.36
 1.4  1.4  1.41 1.44 1.47 1.63 1.64 1.65 1.68 1.73 1.75 1.76 1.82 1.83
 1.86 1.88 2.09 2.2  2.22 2.27 2.34 2.42 2.43 2.56 2.75 2.91 3.16 3.35
 3.37 3.89 4.28 5.2 ]
var: 0.9087623333333336
| [0m48       [0m | [0m1.679    [0m | [0m0.03033  [0m | [0m22.65    [0m | [0m0.2483   [0m |
[0.   0.   0.   0.   0.   0.01 0.01 0.01 0.02 0.03 0.03 0.05 0.06 0.06
 0.07 0.07 0.09 0.1  0.1  0.13 0.13 0.13 0.14 0.16 0.18 0.2  0.21 0.21
 0.21 0.21 0.22 0.22 0.23 0.24 0.26 0.26 0.26 0.26 0.27 0.29 0.33 0.34
 0.36 0.36 0.37 0.38 0.39 0.4  0.41 0.41 0.41 0.42 0.45 0.45 0.49 0.53
 0.64 0.66 0.78 0.86]
var: 0.03947363888888896
| [0m49       [0m | [0m0.2428   [0m | [0m0.1527   [0m | [0m48.55    [0m | [0m2.411    [0m |
[0.6  0.7  0.7  0.71 0.74 0.78 0.91 0.99 1.04 1.04 1.05 1.12 1.23 1.33
 1.33 1.36 1.37 1.44 1.47 1.48 1.56 1.59 1.69 1.72 1.73 1.73 1.75 1.83
 1.85 1.93 1.96 2.03 2.04 2.06 2.08 2.21 2.27 2.3  2.33 2.36 2.37 2.4
 2.5  2.54 2.55 2.57 2.63 2.75 2.82 2.87 2.89 2.93 3.19 3.28 3.3  3.34
 3.55 3.81 4.19 4.41]
var: 0.808953888888889
| [0m50       [0m | [0m2.022    [0m | [0m0.006774 [0m | [0m22.73    [0m | [0m0.2188   [0m |
[0.72 0.72 0.77 0.78 0.78 0.8  0.97 0.98 0.99 1.06 1.09 1.1  1.14 1.17
 1.2  1.24 1.35 1.35 1.36 1.4  1.4  1.41 1.41 1.42 1.46 1.47 1.49 1.51
 1.54 1.55 1.64 1.66 1.73 1.73 1.8  1.81 1.85 1.87 1.92 1.98 2.1  2.13
 2.14 2.17 2.23 2.23 2.26 2.29 2.43 2.56 2.6  2.61 2.76 2.91 3.09 3.34
 3.35 4.31 4.8  4.98]
var: 0.849296083333334
| [0m51       [0m | [0m1.849    [0m | [0m0.01665  [0m | [0m22.98    [0m | [0m0.2916   [0m |
[0.3  0.56 0.88 0.98 1.06 1.08 1.12 1.17 1.21 1.24 1.27 1.28 1.29 1.3
 1.36 1.41 1.51 1.52 1.57 1.59 1.62 1.63 1.68 1.69 1.7  1.76 1.77 1.9
 1.95 1.96 1.98 1.98 2.08 2.13 2.13 2.18 2.27 2.37 2.52 2.53 2.54 2.56
 2.63 2.79 2.82 2.84 2.86 2.91 3.01 3.13 3.14 3.16 3.23 3.31 3.46 3.86
 3.86 3.91 3.98 4.4 ]
var: 0.8480536388888888
| [0m52       [0m | [0m2.132    [0m | [0m0.01467  [0m | [0m22.75    [0m | [0m0.04261  [0m |
[0.14 0.16 0.17 0.19 0.21 0.32 0.33 0.5  0.54 0.55 0.59 0.61 0.65 0.67
 0.7  0.75 0.86 0.89 0.94 1.06 1.19 1.27 1.29 1.33 1.47 1.48 1.5  1.53
 1.6  1.66 1.71 1.73 1.74 1.86 1.91 1.94 2.04 2.09 2.11 2.17 2.19 2.24
 2.32 2.33 2.53 2.55 2.64 2.66 2.69 2.75 2.78 2.81 2.82 2.95 3.04 3.06
 3.31 3.4  4.14 4.33]
var: 1.0652416388888888
| [0m53       [0m | [0m1.7      [0m | [0m1e-08    [0m | [0m22.62    [0m | [0m0.02883  [0m |
[0.37 0.58 0.58 0.62 0.63 0.65 0.72 0.72 0.85 0.88 0.89 0.91 0.93 0.95
 0.98 1.04 1.1  1.1  1.16 1.2  1.21 1.25 1.26 1.27 1.29 1.36 1.38 1.44
 1.48 1.49 1.52 1.58 1.58 1.59 1.59 1.6  1.65 1.7  1.71 1.76 1.77 1.77
 1.81 1.89 1.9  1.98 1.98 1.98 2.13 2.23 2.27 2.3  2.37 2.64 2.72 2.85
 3.09 3.18 3.28 3.51]
var: 0.5198798888888894
| [0m54       [0m | [0m1.57     [0m | [0m0.06426  [0m | [0m22.92    [0m | [0m0.1786   [0m |
[0.05 0.08 0.09 0.1  0.16 0.16 0.21 0.25 0.28 0.29 0.3  0.31 0.34 0.35
 0.37 0.37 0.39 0.4  0.44 0.45 0.48 0.49 0.5  0.51 0.52 0.53 0.53 0.54
 0.54 0.55 0.55 0.56 0.56 0.56 0.57 0.57 0.58 0.58 0.59 0.6  0.6  0.61
 0.62 0.62 0.64 0.69 0.7  0.73 0.74 0.75 0.83 0.84 0.94 0.98 1.09 1.13
 1.14 1.23 1.51 2.18]
var: 0.12548030555555542
| [0m55       [0m | [0m0.5812   [0m | [0m1e-08    [0m | [0m22.72    [0m | [0m0.001    [0m |
[0.   0.04 0.04 0.07 0.07 0.11 0.12 0.12 0.13 0.18 0.19 0.2  0.2  0.2
 0.2  0.23 0.23 0.25 0.25 0.26 0.26 0.26 0.28 0.29 0.29 0.3  0.32 0.35
 0.39 0.39 0.4  0.41 0.42 0.5  0.51 0.52 0.55 0.58 0.59 0.63 0.65 0.67
 0.67 0.7  0.72 0.79 0.84 0.86 0.91 0.92 0.92 1.06 1.09 1.1  1.14 1.22
 1.37 1.54 1.68 2.18]
var: 0.19777622222222227
| [0m56       [0m | [0m0.5393   [0m | [0m0.1036   [0m | [0m41.38    [0m | [0m1.303    [0m |
[0.39 0.42 0.44 0.47 0.58 0.59 0.59 0.6  0.61 0.77 0.82 0.85 0.85 0.86
 0.87 0.9  0.95 0.96 0.99 0.99 0.99 1.   1.08 1.14 1.14 1.14 1.14 1.18
 1.19 1.2  1.2  1.25 1.3  1.33 1.34 1.41 1.46 1.46 1.49 1.49 1.56 1.59
 1.59 1.62 1.64 1.64 1.78 1.79 1.84 1.88 1.94 1.99 2.05 2.15 2.26 2.29
 2.75 2.79 3.21 4.89]
var: 0.5694459999999997
| [0m57       [0m | [0m1.378    [0m | [0m0.07461  [0m | [0m22.8     [0m | [0m0.239    [0m |
[0.27 0.52 0.61 0.61 0.64 0.68 0.81 0.84 0.85 0.85 1.02 1.11 1.15 1.16
 1.21 1.22 1.26 1.27 1.28 1.3  1.31 1.36 1.38 1.43 1.51 1.51 1.54 1.66
 1.67 1.68 1.7  1.77 1.77 1.78 1.78 1.78 1.8  1.82 1.84 1.88 1.94 2.04
 2.05 2.17 2.21 2.29 2.32 2.32 2.47 2.5  2.58 2.6  2.63 2.7  2.75 2.76
 2.86 3.42 3.81 4.66]
var: 0.6731749722222222
| [0m58       [0m | [0m1.745    [0m | [0m0.04126  [0m | [0m22.89    [0m | [0m0.3046   [0m |
[0.26 0.44 0.48 0.49 0.57 0.59 0.59 0.63 0.66 0.67 0.7  0.72 0.74 0.75
 0.76 0.81 0.89 0.98 1.03 1.09 1.14 1.15 1.19 1.32 1.4  1.45 1.46 1.48
 1.5  1.51 1.52 1.54 1.55 1.62 1.68 1.68 1.69 1.7  1.72 1.73 1.81 1.81
 1.92 1.95 1.98 1.99 2.   2.02 2.02 2.05 2.05 2.07 2.13 2.19 2.41 2.82
 2.85 3.06 3.58 3.9 ]
var: 0.5839749722222222
| [0m59       [0m | [0m1.508    [0m | [0m0.0335   [0m | [0m22.98    [0m | [0m0.1822   [0m |
[0.11 0.14 0.47 0.55 0.56 0.58 0.69 0.7  0.7  0.75 0.9  0.92 0.98 0.99
 1.05 1.06 1.06 1.09 1.32 1.32 1.34 1.35 1.36 1.47 1.48 1.51 1.53 1.56
 1.58 1.61 1.65 1.68 1.68 1.72 1.75 1.76 1.87 1.93 2.04 2.07 2.11 2.19
 2.25 2.29 2.31 2.36 2.39 2.41 2.43 2.48 2.49 2.71 2.78 2.84 2.85 3.04
 3.64 4.02 5.36 5.72]
var: 1.1462054166666664
| [0m60       [0m | [0m1.793    [0m | [0m0.04487  [0m | [0m22.65    [0m | [0m0.1268   [0m |
[0.03 0.09 0.11 0.12 0.14 0.15 0.18 0.19 0.21 0.21 0.25 0.26 0.3  0.3
 0.3  0.32 0.34 0.36 0.36 0.37 0.37 0.42 0.45 0.45 0.46 0.47 0.49 0.5
 0.53 0.58 0.62 0.63 0.65 0.69 0.78 0.79 0.81 0.86 0.9  0.93 0.94 0.96
 0.97 1.   1.13 1.15 1.19 1.21 1.25 1.26 1.29 1.29 1.45 1.52 1.63 1.64
 1.66 1.91 2.09 2.14]
var: 0.28462430555555596
| [0m61       [0m | [0m0.7442   [0m | [0m0.2027   [0m | [0m38.23    [0m | [0m0.3844   [0m |
[0.54 0.56 0.62 0.63 0.67 0.7  0.73 0.81 0.92 1.03 1.06 1.14 1.16 1.18
 1.2  1.2  1.21 1.27 1.36 1.39 1.42 1.42 1.42 1.44 1.53 1.55 1.57 1.6
 1.61 1.61 1.67 1.7  1.7  1.72 1.73 1.75 1.76 1.76 1.77 1.77 1.87 1.98
 2.01 2.13 2.13 2.17 2.19 2.23 2.29 2.56 2.58 2.6  2.67 2.77 2.77 3.41
 3.53 3.62 4.17 4.28]
var: 0.7056239999999998
| [0m62       [0m | [0m1.764    [0m | [0m0.03871  [0m | [0m22.72    [0m | [0m0.1658   [0m |
[0.   0.01 0.02 0.05 0.05 0.09 0.11 0.12 0.15 0.17 0.19 0.26 0.27 0.28
 0.29 0.29 0.34 0.36 0.41 0.41 0.43 0.43 0.49 0.5  0.52 0.53 0.53 0.54
 0.56 0.56 0.62 0.62 0.64 0.64 0.66 0.66 0.68 0.69 0.74 0.79 0.8  0.83
 0.88 0.89 0.89 0.9  0.91 1.02 1.07 1.07 1.08 1.11 1.15 1.2  1.23 1.36
 1.55 1.73 1.95 2.52]
var: 0.2425040000000004
| [0m63       [0m | [0m0.664    [0m | [0m0.1509   [0m | [0m22.59    [0m | [0m0.5521   [0m |
[0.44 0.51 0.52 0.53 0.54 0.55 0.59 0.59 0.6  0.64 0.64 0.73 0.76 0.87
 0.95 0.99 1.05 1.13 1.16 1.16 1.16 1.19 1.21 1.21 1.22 1.32 1.32 1.33
 1.37 1.41 1.42 1.49 1.52 1.53 1.56 1.6  1.62 1.64 1.7  1.73 1.78 1.81
 1.82 1.93 1.95 2.09 2.16 2.22 2.25 2.3  2.42 2.55 2.59 2.59 2.66 2.69
 2.8  2.94 3.27 3.6 ]
var: 0.5778526666666671
| [0m64       [0m | [0m1.532    [0m | [0m0.1019   [0m | [0m28.81    [0m | [0m0.1815   [0m |
[0.37 0.39 0.42 0.78 0.82 0.83 0.84 0.88 0.9  0.95 0.97 0.99 1.11 1.13
 1.13 1.16 1.19 1.19 1.2  1.2  1.21 1.22 1.32 1.34 1.39 1.41 1.43 1.44
 1.45 1.48 1.52 1.63 1.67 1.67 1.69 1.7  1.71 1.72 1.73 1.79 1.81 1.85
 1.86 1.88 1.9  1.95 2.27 2.31 2.33 2.36 2.55 2.7  2.77 2.92 2.96 3.04
 3.04 3.6  4.27 4.65]
var: 0.7477283055555559
| [0m65       [0m | [0m1.7      [0m | [0m0.01181  [0m | [0m23.05    [0m | [0m0.3851   [0m |
[0.43 0.49 0.5  0.51 0.54 0.54 0.58 0.61 0.62 0.63 0.63 0.68 0.7  0.73
 0.75 0.79 0.79 0.82 0.86 0.87 0.9  0.9  0.94 0.94 1.03 1.06 1.06 1.08
 1.09 1.21 1.22 1.23 1.24 1.3  1.31 1.36 1.4  1.41 1.48 1.5  1.52 1.52
 1.54 1.58 1.58 1.66 1.66 1.67 1.7  1.73 1.75 1.76 1.78 1.84 1.87 1.93
 2.   2.01 3.1  5.03]
var: 0.5076106666666672
| [0m66       [0m | [0m1.266    [0m | [0m0.1785   [0m | [0m38.15    [0m | [0m0.1342   [0m |
[0.13 0.16 0.26 0.27 0.32 0.35 0.41 0.44 0.47 0.48 0.48 0.49 0.53 0.53
 0.57 0.57 0.58 0.59 0.6  0.6  0.66 0.66 0.69 0.7  0.76 0.77 0.79 0.79
 0.81 0.83 0.84 0.86 0.86 0.88 0.96 0.97 0.98 1.02 1.04 1.12 1.13 1.14
 1.26 1.36 1.37 1.37 1.39 1.39 1.45 1.49 1.65 1.68 1.7  1.72 1.82 1.84
 1.86 2.05 2.51 3.63]
var: 0.38315697222222195
| [0m67       [0m | [0m0.9938   [0m | [0m0.1283   [0m | [0m32.35    [0m | [0m0.3574   [0m |
[0.46 0.49 0.49 0.5  0.51 0.57 0.6  0.62 0.62 0.62 0.63 0.65 0.66 0.66
 0.67 0.7  0.73 0.75 0.76 0.77 0.78 0.79 0.8  0.84 0.92 0.96 0.97 1.
 1.04 1.05 1.06 1.07 1.08 1.1  1.11 1.15 1.17 1.17 1.18 1.25 1.31 1.4
 1.41 1.48 1.53 1.68 1.69 1.78 1.79 1.84 1.85 1.93 1.94 2.07 2.1  2.15
 2.35 2.37 2.79 3.58]
var: 0.40871830555555505
| [0m68       [0m | [0m1.2      [0m | [0m0.1427   [0m | [0m32.31    [0m | [0m0.2268   [0m |
[0.6  0.6  0.61 0.63 0.67 0.74 0.84 0.95 1.03 1.11 1.13 1.16 1.19 1.29
 1.29 1.34 1.35 1.37 1.37 1.39 1.41 1.49 1.52 1.64 1.67 1.67 1.73 1.74
 1.77 1.81 1.83 1.84 1.85 1.97 2.01 2.07 2.15 2.15 2.22 2.22 2.27 2.3
 2.46 2.65 2.82 2.99 2.99 3.05 3.27 3.28 3.33 3.36 3.38 3.44 3.76 4.13
 4.27 5.61 5.71 7.28]
var: 1.7218103055555551
| [0m69       [0m | [0m2.163    [0m | [0m0.0333   [0m | [0m22.73    [0m | [0m0.07129  [0m |
[0.   0.   0.   0.03 0.03 0.07 0.07 0.11 0.12 0.12 0.13 0.13 0.15 0.16
 0.17 0.17 0.17 0.18 0.2  0.2  0.2  0.22 0.23 0.23 0.25 0.26 0.28 0.29
 0.3  0.31 0.39 0.42 0.42 0.42 0.43 0.47 0.5  0.51 0.52 0.56 0.59 0.6
 0.61 0.64 0.69 0.71 0.72 0.73 0.75 0.83 0.92 0.97 1.   1.02 1.03 1.13
 1.39 1.42 2.13 2.73]
var: 0.25056808333333364
| [0m70       [0m | [0m0.5005   [0m | [0m0.1342   [0m | [0m35.0     [0m | [0m1.485    [0m |
[0.   0.24 0.34 0.53 0.59 0.6  0.61 0.63 0.63 0.7  0.72 0.73 0.74 0.88
 0.92 0.98 0.99 1.07 1.1  1.15 1.16 1.21 1.21 1.22 1.23 1.29 1.31 1.32
 1.35 1.36 1.4  1.4  1.43 1.45 1.48 1.55 1.58 1.61 1.64 1.7  1.72 1.72
 1.77 1.83 1.87 1.94 2.11 2.34 2.37 2.37 2.41 2.42 2.54 2.77 2.77 2.9
 2.99 3.12 3.3  5.13]
var: 0.7868095555555552
| [0m71       [0m | [0m1.541    [0m | [0m0.02628  [0m | [0m22.98    [0m | [0m0.3545   [0m |
[ 0.45  0.47  0.67  0.7   0.77  0.81  0.86  0.86  0.88  0.9   1.04  1.2
  1.33  1.34  1.44  1.57  1.62  1.68  1.83  1.83  1.87  1.89  1.96  2.
  2.03  2.04  2.17  2.18  2.23  2.28  2.39  2.44  2.49  2.51  2.51  2.53
  2.55  2.74  2.74  2.74  2.79  2.82  2.84  2.89  3.01  3.04  3.06  3.13
  3.24  3.26  3.3   3.5   3.64  4.16  4.2   4.48  4.82  4.88  5.35 10.38]
var: 2.3492347500000017
| [95m72       [0m | [95m2.456    [0m | [95m0.005642 [0m | [95m22.58    [0m | [95m0.09838  [0m |
[0.47 0.6  0.71 0.74 0.79 0.82 0.83 0.84 0.85 1.03 1.05 1.06 1.06 1.13
 1.17 1.19 1.25 1.26 1.26 1.26 1.28 1.28 1.3  1.34 1.38 1.38 1.4  1.44
 1.49 1.51 1.52 1.56 1.57 1.6  1.62 1.66 1.68 1.73 1.73 1.75 1.77 1.77
 1.78 1.8  1.84 1.86 1.92 1.94 1.96 1.97 2.04 2.1  2.19 2.21 2.23 2.26
 2.29 2.35 2.39 2.72]
var: 0.24856322222222213
| [0m73       [0m | [0m1.516    [0m | [0m0.02425  [0m | [0m22.5     [0m | [0m0.03598  [0m |
[0.15 0.21 0.23 0.39 0.4  0.59 0.61 0.68 0.72 0.77 0.78 0.78 0.78 0.81
 0.83 0.85 0.85 0.95 0.96 0.98 1.07 1.1  1.13 1.21 1.23 1.28 1.31 1.33
 1.35 1.35 1.38 1.41 1.41 1.44 1.45 1.51 1.52 1.55 1.57 1.64 1.68 1.75
 1.77 1.87 1.93 1.94 1.98 2.01 2.02 2.05 2.3  2.33 2.5  2.54 2.68 2.74
 2.79 2.91 2.93 2.98]
var: 0.5294678888888888
| [0m74       [0m | [0m1.438    [0m | [0m0.03357  [0m | [0m23.06    [0m | [0m0.2962   [0m |
[0.1  0.6  0.65 0.66 0.67 0.72 0.72 0.78 0.8  0.83 1.02 1.06 1.07 1.19
 1.28 1.34 1.34 1.35 1.41 1.42 1.43 1.46 1.51 1.52 1.56 1.56 1.58 1.67
 1.68 1.68 1.69 1.69 1.72 1.73 1.8  2.07 2.19 2.21 2.22 2.28 2.32 2.35
 2.37 2.41 2.45 2.45 2.45 2.48 2.5  2.6  2.65 2.65 2.67 2.97 3.15 3.28
 3.32 3.55 3.78 3.81]
var: 0.7200269722222222
| [0m75       [0m | [0m1.841    [0m | [0m0.01431  [0m | [0m22.8     [0m | [0m0.1735   [0m |
[0.   0.01 0.02 0.03 0.04 0.04 0.06 0.07 0.08 0.11 0.11 0.12 0.15 0.16
 0.16 0.19 0.19 0.22 0.23 0.24 0.29 0.31 0.31 0.32 0.32 0.33 0.34 0.34
 0.38 0.39 0.4  0.45 0.46 0.46 0.47 0.5  0.51 0.58 0.62 0.63 0.64 0.64
 0.66 0.72 0.75 0.76 0.78 0.8  0.81 0.83 0.84 0.87 0.89 0.91 1.04 1.06
 1.15 1.23 1.45 1.51]
var: 0.13550433333333348
| [0m76       [0m | [0m0.483    [0m | [0m0.2082   [0m | [0m18.81    [0m | [0m2.271    [0m |
[0.   0.   0.02 0.02 0.03 0.04 0.05 0.05 0.06 0.07 0.08 0.09 0.09 0.1
 0.14 0.14 0.14 0.15 0.17 0.18 0.19 0.2  0.21 0.24 0.25 0.29 0.31 0.36
 0.38 0.44 0.45 0.45 0.48 0.49 0.5  0.5  0.58 0.6  0.61 0.62 0.7  0.7
 0.72 0.72 0.8  0.84 0.92 0.95 0.99 1.   1.05 1.13 1.14 1.27 1.31 1.62
 1.69 1.71 1.99 3.29]
var: 0.35961830555555524
| [0m77       [0m | [0m0.5718   [0m | [0m0.06516  [0m | [0m43.95    [0m | [0m0.94     [0m |
[0.56 0.58 0.66 0.7  0.74 0.75 0.79 0.79 0.81 0.84 0.97 0.97 0.99 1.04
 1.04 1.07 1.07 1.07 1.11 1.16 1.18 1.19 1.23 1.27 1.34 1.35 1.37 1.39
 1.39 1.42 1.46 1.49 1.49 1.5  1.5  1.55 1.56 1.57 1.64 1.64 1.67 1.71
 1.74 1.78 1.78 1.81 1.85 1.86 1.92 1.93 1.94 1.98 2.19 2.33 2.44 2.58
 2.59 3.16 4.19 4.24]
var: 0.5322703055555553
| [0m78       [0m | [0m1.532    [0m | [0m0.1183   [0m | [0m22.61    [0m | [0m0.1051   [0m |
[0.01 0.03 0.05 0.05 0.06 0.07 0.07 0.11 0.11 0.2  0.2  0.2  0.22 0.24
 0.28 0.29 0.31 0.31 0.35 0.35 0.36 0.37 0.4  0.42 0.45 0.47 0.49 0.49
 0.54 0.54 0.57 0.57 0.58 0.6  0.63 0.64 0.66 0.69 0.75 0.76 0.78 0.79
 0.8  0.8  0.92 0.96 0.98 1.02 1.08 1.1  1.12 1.16 1.17 1.19 1.21 1.46
 1.73 1.75 1.77 2.17]
var: 0.23431763888888904
| [0m79       [0m | [0m0.6408   [0m | [0m0.08844  [0m | [0m18.89    [0m | [0m1.369    [0m |
[0.55 0.68 0.82 0.93 0.94 1.   1.04 1.21 1.24 1.35 1.35 1.36 1.38 1.39
 1.41 1.43 1.45 1.48 1.58 1.6  1.67 1.74 1.76 1.81 1.81 1.86 1.91 1.91
 2.01 2.02 2.07 2.13 2.26 2.28 2.3  2.31 2.33 2.36 2.43 2.49 2.52 2.59
 2.7  2.72 2.9  2.92 2.98 3.1  3.14 3.15 3.3  3.35 3.49 3.74 3.91 3.92
 4.18 4.37 5.19 5.33]
var: 1.1260320833333328
| [0m80       [0m | [0m2.253    [0m | [0m0.01171  [0m | [0m22.46    [0m | [0m0.1358   [0m |
=============================================================
None
num_trials:  40  inits,  40  iters,  60  per
rho:  0.1
pthin:  0.90

Best VPT: 2.4555000000000007
Best result: {'a': 0.005641596356048222, 'g': 22.583652369577113, 's': 0.09837850426913351}

KERNEL: nu=1.5, lengthscale=2.0, alpha=0.0005
