|   iter    |  target   |     a     |     g     |     s     |
-------------------------------------------------------------
[0.44 0.48 0.49 0.52 0.72 0.75 1.03 1.11 1.15 1.22 1.25 1.26 1.36 1.44
 1.47 1.52 1.53 1.53 1.6  1.6  1.67 1.67 1.69 1.73 1.73 1.77 1.78 1.87
 1.91 1.95 1.96 1.96 1.98 1.98 2.02 2.04 2.05 2.13 2.22 2.23 2.33 2.37
 2.42 2.43 2.43 2.44 2.47 2.5  2.53 2.75 2.87 2.87 2.89 2.9  3.04 3.25
 3.41 3.79 4.11 6.73]
var: 0.9891345555555556
| [0m1        [0m | [0m2.022    [0m | [0m0.03955  [0m | [0m18.21    [0m | [0m0.0356   [0m |
[0.   0.   0.   0.01 0.04 0.05 0.06 0.07 0.09 0.11 0.11 0.12 0.12 0.13
 0.14 0.14 0.14 0.19 0.2  0.22 0.23 0.24 0.25 0.25 0.26 0.26 0.29 0.29
 0.29 0.31 0.33 0.35 0.35 0.37 0.37 0.38 0.39 0.39 0.4  0.41 0.42 0.42
 0.43 0.45 0.45 0.46 0.49 0.51 0.55 0.57 0.58 0.59 0.62 0.63 0.66 0.67
 0.67 0.7  1.1  1.21]
var: 0.06030030555555577
| [0m2        [0m | [0m0.3422   [0m | [0m0.01235  [0m | [0m15.75    [0m | [0m2.866    [0m |
[0.01 0.04 0.04 0.1  0.11 0.12 0.13 0.13 0.18 0.2  0.2  0.23 0.23 0.24
 0.27 0.29 0.3  0.31 0.34 0.35 0.35 0.38 0.4  0.4  0.4  0.4  0.49 0.5
 0.5  0.51 0.51 0.51 0.52 0.55 0.56 0.58 0.61 0.62 0.64 0.65 0.67 0.69
 0.7  0.73 0.73 0.79 0.81 0.82 0.82 0.82 0.84 0.91 0.93 1.06 1.14 1.3
 1.4  1.64 1.74 2.19]
var: 0.18242363888888885
| [0m3        [0m | [0m0.5772   [0m | [0m0.2488   [0m | [0m27.97    [0m | [0m1.672    [0m |
[0.   0.03 0.04 0.04 0.05 0.06 0.06 0.07 0.09 0.09 0.1  0.12 0.12 0.12
 0.13 0.13 0.14 0.15 0.15 0.16 0.19 0.19 0.19 0.22 0.22 0.23 0.23 0.24
 0.24 0.25 0.25 0.26 0.29 0.32 0.32 0.39 0.39 0.45 0.45 0.49 0.49 0.5
 0.52 0.54 0.56 0.59 0.6  0.61 0.63 0.63 0.65 0.67 0.7  0.75 0.84 1.04
 1.06 1.13 1.27 2.87]
var: 0.19034163888888886
| [0m4        [0m | [0m0.4052   [0m | [0m0.2944   [0m | [0m31.25    [0m | [0m2.516    [0m |
[0.   0.02 0.03 0.03 0.04 0.05 0.07 0.07 0.07 0.1  0.11 0.12 0.17 0.18
 0.18 0.19 0.22 0.24 0.25 0.25 0.26 0.28 0.28 0.28 0.3  0.31 0.32 0.32
 0.34 0.34 0.38 0.4  0.41 0.43 0.48 0.49 0.52 0.53 0.56 0.56 0.57 0.59
 0.6  0.62 0.62 0.69 0.7  0.71 0.75 0.83 0.85 0.92 0.99 1.05 1.17 1.25
 1.3  1.45 1.58 1.76]
var: 0.16585322222222224
| [0m5        [0m | [0m0.4863   [0m | [0m0.2597   [0m | [0m20.52    [0m | [0m2.352    [0m |
[0.   0.02 0.03 0.03 0.04 0.04 0.06 0.09 0.11 0.12 0.14 0.18 0.2  0.23
 0.23 0.29 0.36 0.41 0.42 0.44 0.44 0.47 0.48 0.49 0.49 0.49 0.51 0.53
 0.53 0.54 0.56 0.57 0.58 0.59 0.59 0.61 0.61 0.64 0.65 0.68 0.69 0.7
 0.71 0.72 0.74 0.77 0.88 0.91 0.96 0.97 0.99 1.   1.05 1.15 1.16 1.22
 1.35 1.4  1.4  1.52]
var: 0.14844988888888888
| [0m6        [0m | [0m0.5797   [0m | [0m0.1919   [0m | [0m28.76    [0m | [0m1.52     [0m |
[0.   0.   0.   0.01 0.01 0.06 0.09 0.09 0.09 0.1  0.11 0.12 0.12 0.13
 0.13 0.15 0.16 0.18 0.21 0.24 0.25 0.25 0.26 0.27 0.27 0.28 0.32 0.33
 0.33 0.34 0.34 0.36 0.38 0.39 0.39 0.4  0.4  0.41 0.42 0.42 0.43 0.44
 0.45 0.47 0.47 0.49 0.5  0.54 0.61 0.63 0.63 0.66 0.69 0.71 0.75 0.76
 0.85 0.89 1.03 1.19]
var: 0.06889222222222215
| [0m7        [0m | [0m0.3667   [0m | [0m0.1084   [0m | [0m25.35    [0m | [0m2.417    [0m |
[0.31 0.45 0.57 0.61 0.66 0.68 0.73 0.75 0.79 0.86 0.98 1.03 1.04 1.09
 1.09 1.09 1.13 1.14 1.17 1.19 1.19 1.24 1.27 1.28 1.33 1.4  1.49 1.57
 1.64 1.7  1.72 1.77 1.85 1.95 1.96 2.   2.02 2.07 2.07 2.08 2.12 2.17
 2.29 2.3  2.55 2.56 2.56 2.6  2.64 2.79 2.82 2.84 2.87 2.93 2.98 3.18
 3.59 4.03 4.22 8.06]
var: 1.4377678888888894
| [0m8        [0m | [0m1.884    [0m | [0m0.2063   [0m | [0m46.09    [0m | [0m0.06111  [0m |
[0.04 0.17 0.19 0.37 0.47 0.53 0.63 0.65 0.7  0.8  0.84 0.89 0.94 0.95
 0.95 0.96 0.98 0.98 0.98 0.99 0.99 1.   1.03 1.04 1.11 1.12 1.14 1.22
 1.23 1.26 1.33 1.35 1.36 1.36 1.39 1.43 1.47 1.55 1.65 1.83 1.83 1.83
 1.85 1.88 1.89 1.89 2.03 2.03 2.12 2.13 2.13 2.14 2.24 2.4  2.5  2.54
 2.9  3.13 3.64 4.51]
var: 0.6823726666666662
| [0m9        [0m | [0m1.458    [0m | [0m0.2182   [0m | [0m8.005    [0m | [0m1.094    [0m |
[0.01 0.01 0.02 0.13 0.15 0.15 0.15 0.15 0.16 0.2  0.2  0.23 0.26 0.27
 0.28 0.3  0.37 0.4  0.4  0.41 0.42 0.45 0.45 0.48 0.53 0.58 0.62 0.63
 0.71 0.72 0.73 0.77 0.77 0.83 0.86 0.89 0.91 0.95 0.95 1.   1.06 1.1
 1.16 1.17 1.22 1.24 1.27 1.51 1.55 1.61 1.8  1.97 2.   2.01 2.39 2.48
 2.49 2.56 2.66 3.09]
var: 0.5874006666666671
| [0m10       [0m | [0m0.914    [0m | [0m0.03586  [0m | [0m37.58    [0m | [0m0.518    [0m |
[0.04 0.04 0.08 0.11 0.13 0.13 0.14 0.15 0.17 0.18 0.19 0.21 0.25 0.26
 0.33 0.35 0.38 0.38 0.39 0.42 0.46 0.49 0.51 0.51 0.51 0.55 0.56 0.57
 0.57 0.58 0.58 0.59 0.68 0.69 0.69 0.69 0.7  0.72 0.72 0.72 0.72 0.76
 0.8  0.8  0.8  0.97 0.98 0.98 1.03 1.09 1.12 1.27 1.32 1.33 1.41 1.41
 1.47 1.75 2.08 2.09]
var: 0.22665555555555592
| [0m11       [0m | [0m0.6767   [0m | [0m0.2066   [0m | [0m30.52    [0m | [0m1.173    [0m |
[0.06 0.13 0.34 0.49 0.56 0.7  0.79 0.84 0.89 0.93 0.99 1.06 1.07 1.12
 1.13 1.23 1.25 1.29 1.35 1.36 1.37 1.54 1.56 1.56 1.57 1.58 1.7  1.72
 1.77 1.84 1.87 1.87 1.94 1.99 2.01 2.07 2.08 2.16 2.17 2.24 2.27 2.34
 2.35 2.42 2.45 2.46 2.47 2.51 2.56 2.62 2.65 2.7  2.71 2.81 2.93 3.08
 3.16 3.24 3.92 5.9 ]
var: 0.9438312222222217
| [0m12       [0m | [0m1.862    [0m | [0m0.1623   [0m | [0m11.76    [0m | [0m0.6638   [0m |
[0.43 0.7  0.78 0.89 1.14 1.36 1.54 1.72 1.81 1.87 2.1  2.23 2.47 2.49
 2.51 2.51 2.58 2.6  2.65 2.83 2.86 2.87 2.9  3.03 3.07 3.13 3.15 3.22
 3.34 3.38 3.39 3.5  3.61 3.63 3.66 3.8  3.89 3.92 3.92 4.12 4.24 4.27
 4.65 4.81 4.85 4.85 4.86 4.98 5.05 5.07 5.18 5.37 5.68 5.73 5.73 6.06
 6.7  7.83 8.69]
var: 2.8403587474863548
| [95m13       [0m | [95m3.563    [0m | [95m0.06831  [0m | [95m23.42    [0m | [95m0.1348   [0m |
[0.   0.   0.01 0.02 0.02 0.03 0.03 0.04 0.05 0.06 0.06 0.07 0.07 0.07
 0.08 0.08 0.1  0.12 0.17 0.18 0.2  0.22 0.22 0.24 0.24 0.25 0.31 0.32
 0.32 0.36 0.37 0.42 0.42 0.42 0.44 0.44 0.45 0.45 0.5  0.53 0.53 0.59
 0.62 0.63 0.64 0.67 0.68 0.73 0.77 0.88 0.9  0.92 0.95 0.97 1.01 1.06
 1.16 1.19 1.21 1.33]
var: 0.1336632222222222
| [0m14       [0m | [0m0.4303   [0m | [0m0.09206  [0m | [0m48.08    [0m | [0m1.247    [0m |
[0.   0.02 0.03 0.08 0.09 0.09 0.12 0.14 0.19 0.22 0.23 0.24 0.25 0.26
 0.26 0.28 0.29 0.3  0.3  0.31 0.31 0.31 0.32 0.35 0.36 0.37 0.37 0.39
 0.39 0.39 0.39 0.41 0.44 0.44 0.45 0.48 0.49 0.55 0.55 0.62 0.62 0.64
 0.71 0.76 0.79 0.82 0.85 0.87 0.87 0.88 0.89 0.94 1.   1.01 1.05 1.06
 1.47 1.5  1.62 1.68]
var: 0.15523497222222188
| [0m15       [0m | [0m0.5352   [0m | [0m0.2675   [0m | [0m2.175    [0m | [0m2.767    [0m |
[0.   0.   0.   0.02 0.02 0.06 0.06 0.06 0.07 0.08 0.1  0.12 0.14 0.17
 0.17 0.19 0.19 0.2  0.23 0.23 0.24 0.24 0.25 0.29 0.32 0.32 0.35 0.36
 0.37 0.37 0.37 0.38 0.39 0.4  0.4  0.43 0.46 0.46 0.46 0.47 0.51 0.53
 0.55 0.55 0.55 0.56 0.57 0.58 0.6  0.61 0.64 0.65 0.71 0.76 0.78 0.78
 0.91 1.09 1.22 2.02]
var: 0.11510163888888904
| [0m16       [0m | [0m0.4102   [0m | [0m0.009273 [0m | [0m35.34    [0m | [0m2.362    [0m |
[0.   0.   0.   0.   0.   0.   0.01 0.02 0.02 0.03 0.03 0.05 0.07 0.08
 0.09 0.09 0.1  0.11 0.13 0.15 0.16 0.16 0.17 0.17 0.17 0.2  0.2  0.22
 0.24 0.27 0.28 0.29 0.3  0.32 0.32 0.34 0.34 0.35 0.36 0.41 0.42 0.42
 0.44 0.45 0.45 0.47 0.51 0.52 0.52 0.56 0.58 0.64 0.65 0.65 0.82 0.83
 0.97 1.1  1.66 1.67]
var: 0.12458766666666661
| [0m17       [0m | [0m0.343    [0m | [0m0.03867  [0m | [0m30.98    [0m | [0m2.897    [0m |
[0.   0.01 0.02 0.02 0.02 0.03 0.16 0.16 0.21 0.27 0.29 0.31 0.33 0.35
 0.42 0.47 0.54 0.54 0.56 0.6  0.64 0.65 0.68 0.7  0.75 0.85 0.86 0.89
 0.9  0.93 0.94 1.01 1.02 1.06 1.07 1.1  1.17 1.27 1.33 1.45 1.47 1.47
 1.56 1.59 1.69 1.74 1.74 1.79 1.82 1.95 1.96 2.01 2.12 2.27 2.43 2.5
 2.5  2.56 2.67 4.81]
var: 0.79538475
| [0m18       [0m | [0m1.121    [0m | [0m0.1028   [0m | [0m35.65    [0m | [0m0.4342   [0m |
[0.04 0.06 0.08 0.12 0.15 0.15 0.15 0.17 0.22 0.22 0.22 0.24 0.26 0.27
 0.29 0.31 0.31 0.31 0.31 0.31 0.33 0.35 0.36 0.38 0.4  0.41 0.42 0.43
 0.44 0.46 0.48 0.5  0.51 0.51 0.51 0.53 0.58 0.62 0.64 0.65 0.67 0.67
 0.7  0.73 0.77 0.78 0.8  1.1  1.11 1.12 1.14 1.17 1.18 1.28 1.47 1.59
 1.78 1.82 2.45 2.77]
var: 0.31061888888888944
| [0m19       [0m | [0m0.6467   [0m | [0m0.203    [0m | [0m9.352    [0m | [0m2.941    [0m |
[0.   0.   0.   0.03 0.03 0.04 0.04 0.04 0.06 0.07 0.08 0.08 0.08 0.1
 0.11 0.11 0.14 0.15 0.16 0.17 0.19 0.21 0.22 0.22 0.25 0.25 0.28 0.29
 0.3  0.32 0.35 0.35 0.37 0.39 0.4  0.4  0.4  0.42 0.42 0.43 0.43 0.44
 0.51 0.53 0.53 0.56 0.57 0.58 0.62 0.67 0.67 0.71 0.71 0.72 0.75 0.76
 0.78 1.65 1.82 1.98]
var: 0.1584923333333335
| [0m20       [0m | [0m0.399    [0m | [0m0.1311   [0m | [0m22.13    [0m | [0m2.811    [0m |
[0.18 0.19 0.24 0.24 0.24 0.26 0.27 0.31 0.33 0.33 0.35 0.38 0.39 0.39
 0.41 0.41 0.41 0.42 0.42 0.42 0.43 0.45 0.47 0.48 0.51 0.53 0.53 0.54
 0.55 0.59 0.65 0.67 0.71 0.74 0.74 0.76 0.78 0.78 0.79 0.94 0.95 0.97
 0.98 1.04 1.08 1.18 1.2  1.29 1.34 1.45 1.55 1.6  1.64 1.7  1.82 1.93
 2.09 2.35 2.36 2.91]
var: 0.38093455555555583
| [0m21       [0m | [0m0.8443   [0m | [0m0.1562   [0m | [0m30.68    [0m | [0m0.01772  [0m |
[0.   0.08 0.08 0.09 0.14 0.14 0.15 0.15 0.16 0.17 0.18 0.21 0.21 0.27
 0.27 0.31 0.31 0.32 0.34 0.36 0.37 0.39 0.39 0.43 0.44 0.44 0.48 0.48
 0.48 0.49 0.52 0.54 0.56 0.56 0.57 0.58 0.6  0.63 0.63 0.66 0.66 0.71
 0.78 0.81 0.82 0.83 0.83 0.88 0.94 0.94 0.95 1.   1.03 1.06 1.1  1.21
 1.3  1.3  1.31 2.65]
var: 0.1878249722222223
| [0m22       [0m | [0m0.5882   [0m | [0m0.1441   [0m | [0m11.66    [0m | [0m2.461    [0m |
[0.13 0.19 0.21 0.33 0.34 0.36 0.41 0.47 0.48 0.51 0.65 0.65 0.66 0.7
 0.76 0.81 0.81 0.83 0.83 0.91 0.94 1.   1.02 1.06 1.07 1.09 1.14 1.14
 1.15 1.17 1.21 1.22 1.3  1.3  1.36 1.39 1.47 1.48 1.53 1.58 1.74 1.75
 1.76 1.76 1.77 1.9  1.92 2.16 2.18 2.31 2.39 2.49 2.63 2.65 2.88 2.91
 3.37 3.52 3.91 4.92]
var: 0.9426776666666672
| [0m23       [0m | [0m1.443    [0m | [0m0.2398   [0m | [0m3.086    [0m | [0m0.7349   [0m |
[0.32 0.35 0.39 0.4  0.41 0.41 0.45 0.48 0.48 0.53 0.53 0.55 0.56 0.57
 0.59 0.6  0.62 0.65 0.69 0.73 0.74 0.75 0.75 0.83 0.87 0.91 0.94 0.98
 0.99 1.08 1.09 1.11 1.12 1.14 1.2  1.3  1.3  1.32 1.33 1.35 1.36 1.38
 1.46 1.52 1.69 1.74 1.76 1.8  1.83 1.86 1.91 2.12 2.33 2.45 2.68 3.05
 3.08 3.75 4.31 5.98]
var: 1.0756714166666665
| [0m24       [0m | [0m1.325    [0m | [0m0.1642   [0m | [0m39.9     [0m | [0m0.0334   [0m |
[0.07 0.18 0.23 0.34 0.43 0.53 0.55 0.58 0.58 0.6  0.6  0.63 0.65 0.66
 0.68 0.68 0.72 0.73 0.73 0.74 0.79 0.8  0.81 0.86 0.88 0.89 0.98 1.01
 1.02 1.1  1.11 1.24 1.25 1.39 1.4  1.45 1.51 1.53 1.54 1.54 1.58 1.62
 1.69 1.71 1.8  1.83 1.84 1.85 1.91 2.12 2.13 2.18 2.35 2.57 2.65 2.81
 2.84 3.74 4.47]
var: 0.7340618787704679
| [0m25       [0m | [0m1.317    [0m | [0m0.09064  [0m | [0m45.32    [0m | [0m0.2619   [0m |
[0.   0.01 0.02 0.03 0.05 0.11 0.11 0.11 0.11 0.17 0.2  0.2  0.3  0.3
 0.31 0.34 0.35 0.36 0.42 0.46 0.49 0.52 0.52 0.52 0.52 0.54 0.55 0.55
 0.57 0.61 0.63 0.64 0.65 0.66 0.68 0.71 0.75 0.77 0.78 0.81 0.81 0.83
 0.86 0.91 0.92 0.92 0.96 0.97 1.   1.09 1.11 1.12 1.12 1.13 1.16 1.32
 1.42 1.5  1.95 2.5 ]
var: 0.22555697222222199
| [0m26       [0m | [0m0.6672   [0m | [0m0.2016   [0m | [0m28.55    [0m | [0m1.317    [0m |
[0.   0.01 0.02 0.03 0.04 0.05 0.05 0.06 0.06 0.06 0.06 0.07 0.08 0.09
 0.11 0.11 0.16 0.18 0.18 0.2  0.2  0.21 0.21 0.23 0.25 0.25 0.26 0.28
 0.29 0.33 0.37 0.39 0.4  0.41 0.41 0.46 0.46 0.47 0.48 0.56 0.59 0.61
 0.63 0.66 0.7  0.72 0.86 0.87 0.93 0.94 0.97 1.05 1.06 1.08 1.15 1.25
 1.42 1.55 1.61 1.84]
var: 0.20317030555555554
| [0m27       [0m | [0m0.4838   [0m | [0m0.1848   [0m | [0m33.71    [0m | [0m1.451    [0m |
[0.02 0.03 0.05 0.08 0.08 0.12 0.15 0.15 0.23 0.24 0.25 0.34 0.34 0.34
 0.36 0.37 0.38 0.39 0.39 0.43 0.45 0.45 0.46 0.47 0.47 0.48 0.53 0.54
 0.54 0.56 0.58 0.59 0.6  0.63 0.66 0.67 0.67 0.67 0.68 0.69 0.69 0.71
 0.71 0.72 0.73 0.74 0.81 0.81 0.81 0.83 0.88 0.88 0.96 1.05 1.06 1.09
 1.14 1.39 1.56 1.64]
var: 0.12148566666666688
| [0m28       [0m | [0m0.589    [0m | [0m0.1982   [0m | [0m9.2      [0m | [0m2.307    [0m |
[0.09 0.14 0.17 0.23 0.45 0.66 0.73 0.77 0.77 0.78 0.79 0.81 0.82 0.93
 1.08 1.11 1.19 1.42 1.45 1.59 1.62 1.75 1.87 1.93 2.02 2.03 2.04 2.06
 2.13 2.13 2.17 2.23 2.24 2.24 2.27 2.39 2.41 2.51 2.54 2.76 2.78 2.83
 2.85 3.04 3.15 3.54 3.58 3.69 3.72 3.77 3.84 4.17 4.29 4.62 5.06 5.42
 5.55 5.67 5.76 5.8 ]
var: 2.3362243055555547
| [0m29       [0m | [0m2.374    [0m | [0m0.03388  [0m | [0m45.66    [0m | [0m0.1657   [0m |
[0.   0.02 0.04 0.04 0.07 0.1  0.11 0.11 0.12 0.12 0.13 0.15 0.17 0.17
 0.22 0.24 0.27 0.28 0.31 0.33 0.34 0.36 0.38 0.39 0.39 0.4  0.43 0.43
 0.44 0.45 0.46 0.49 0.5  0.5  0.51 0.51 0.53 0.53 0.55 0.56 0.57 0.57
 0.57 0.58 0.64 0.64 0.65 0.82 0.84 0.84 0.87 0.87 0.92 0.93 0.99 1.04
 1.06 1.07 1.07 1.25]
var: 0.09734788888888893
| [0m30       [0m | [0m0.4823   [0m | [0m0.2791   [0m | [0m22.42    [0m | [0m2.314    [0m |
[0.   0.02 0.05 0.07 0.12 0.15 0.15 0.16 0.16 0.2  0.25 0.25 0.26 0.26
 0.27 0.29 0.31 0.32 0.33 0.35 0.36 0.37 0.41 0.42 0.43 0.48 0.48 0.49
 0.53 0.55 0.56 0.56 0.56 0.56 0.56 0.69 0.7  0.71 0.75 0.76 0.76 0.78
 0.78 0.81 0.85 0.95 0.96 1.08 1.11 1.27 1.32 1.33 1.38 1.5  1.52 1.87
 1.97 2.07 2.18 2.35]
var: 0.3191512222222219
| [0m31       [0m | [0m0.6957   [0m | [0m0.04877  [0m | [0m45.23    [0m | [0m0.8436   [0m |
[0.   0.   0.   0.04 0.04 0.04 0.06 0.07 0.09 0.11 0.12 0.16 0.17 0.18
 0.19 0.19 0.19 0.19 0.19 0.2  0.21 0.22 0.23 0.26 0.26 0.33 0.33 0.34
 0.34 0.35 0.36 0.38 0.39 0.39 0.41 0.41 0.44 0.45 0.45 0.49 0.49 0.5
 0.51 0.52 0.52 0.55 0.58 0.6  0.61 0.63 0.64 0.69 0.98 1.02 1.07 1.13
 1.2  1.65 1.84 1.95]
var: 0.17622097222222274
| [0m32       [0m | [0m0.4492   [0m | [0m0.04303  [0m | [0m17.31    [0m | [0m2.731    [0m |
[0.   0.03 0.03 0.05 0.07 0.09 0.09 0.1  0.1  0.11 0.11 0.13 0.15 0.16
 0.17 0.2  0.21 0.22 0.22 0.23 0.23 0.24 0.25 0.26 0.26 0.29 0.31 0.31
 0.32 0.33 0.34 0.34 0.34 0.35 0.35 0.36 0.36 0.36 0.36 0.39 0.4  0.41
 0.44 0.45 0.46 0.47 0.47 0.47 0.51 0.52 0.52 0.59 0.6  0.61 0.65 0.66
 0.74 1.22 1.47 1.86]
var: 0.10219455555555527
| [0m33       [0m | [0m0.3723   [0m | [0m0.0001488[0m | [0m3.231    [0m | [0m2.379    [0m |
[0.11 0.11 0.15 0.15 0.15 0.15 0.16 0.2  0.21 0.24 0.26 0.27 0.28 0.3
 0.31 0.32 0.32 0.32 0.32 0.32 0.33 0.34 0.35 0.37 0.39 0.39 0.4  0.41
 0.42 0.45 0.45 0.46 0.5  0.51 0.54 0.59 0.6  0.6  0.6  0.61 0.63 0.67
 0.71 0.71 0.75 0.79 0.79 0.81 0.82 0.96 1.01 1.01 1.13 1.17 1.33 1.59
 1.76 1.95 2.52 2.98]
var: 0.3101376388888894
| [0m34       [0m | [0m0.6342   [0m | [0m0.2205   [0m | [0m13.45    [0m | [0m2.465    [0m |
[0.   0.04 0.04 0.06 0.07 0.07 0.11 0.11 0.12 0.12 0.13 0.16 0.16 0.17
 0.19 0.2  0.2  0.2  0.24 0.25 0.26 0.26 0.27 0.28 0.28 0.29 0.29 0.29
 0.29 0.33 0.36 0.36 0.37 0.38 0.39 0.42 0.45 0.49 0.5  0.53 0.53 0.54
 0.55 0.56 0.58 0.59 0.6  0.6  0.65 0.65 0.72 0.77 0.77 0.93 0.95 0.98
 1.02 1.24 1.81 1.84]
var: 0.14006275000000049
| [0m35       [0m | [0m0.4435   [0m | [0m0.007306 [0m | [0m22.93    [0m | [0m2.221    [0m |
[0.   0.03 0.04 0.04 0.05 0.06 0.06 0.06 0.08 0.1  0.12 0.12 0.13 0.15
 0.16 0.18 0.19 0.2  0.23 0.24 0.26 0.27 0.28 0.33 0.34 0.38 0.41 0.47
 0.49 0.5  0.5  0.52 0.53 0.53 0.54 0.56 0.58 0.61 0.61 0.63 0.64 0.64
 0.65 0.65 0.65 0.67 0.7  0.79 0.81 0.85 0.86 1.   1.04 1.17 1.25 1.28
 1.29 1.36 1.56 3.08]
var: 0.2534259999999997
| [0m36       [0m | [0m0.542    [0m | [0m0.264    [0m | [0m2.865    [0m | [0m1.922    [0m |
[0.26 0.3  0.33 0.38 0.38 0.39 0.4  0.4  0.42 0.45 0.48 0.51 0.57 0.58
 0.66 0.66 0.71 0.92 0.94 0.94 0.97 0.98 0.99 1.03 1.06 1.07 1.09 1.13
 1.16 1.18 1.19 1.2  1.25 1.26 1.3  1.33 1.38 1.41 1.42 1.44 1.5  1.53
 1.6  1.62 1.66 1.67 1.71 1.81 1.89 2.09 2.34 2.5  2.83 2.86 2.87 2.87
 2.9  3.02 4.67 5.91]
var: 1.0814269722222225
| [0m37       [0m | [0m1.406    [0m | [0m0.1436   [0m | [0m41.39    [0m | [0m0.03426  [0m |
[0.06 0.12 0.23 0.25 0.34 0.36 0.39 0.42 0.45 0.54 0.56 0.58 0.6  0.68
 0.79 0.79 0.81 0.84 0.9  0.94 0.95 1.05 1.12 1.21 1.3  1.37 1.54 1.57
 1.63 1.67 1.67 1.69 1.8  1.92 1.94 2.   2.02 2.09 2.21 2.23 2.29 2.37
 2.41 2.5  2.52 2.58 2.65 2.77 2.88 2.89 2.98 3.11 3.12 3.32 3.35 3.43
 3.72 3.81 4.45 5.71]
var: 1.425231638888889
| [0m38       [0m | [0m1.775    [0m | [0m0.08024  [0m | [0m36.43    [0m | [0m0.206    [0m |
[0.   0.02 0.02 0.03 0.03 0.05 0.06 0.11 0.17 0.19 0.19 0.19 0.2  0.22
 0.22 0.23 0.23 0.23 0.26 0.27 0.29 0.3  0.34 0.37 0.38 0.41 0.42 0.42
 0.43 0.44 0.44 0.45 0.47 0.47 0.48 0.49 0.52 0.52 0.53 0.56 0.6  0.67
 0.67 0.7  0.72 0.72 0.74 0.76 0.83 0.83 0.84 0.95 0.96 1.02 1.18 1.31
 1.39 1.54 1.63 1.72]
var: 0.16548697222222203
| [0m39       [0m | [0m0.5238   [0m | [0m0.1246   [0m | [0m37.9     [0m | [0m1.419    [0m |
[0.   0.04 0.15 0.15 0.17 0.18 0.25 0.26 0.26 0.32 0.33 0.35 0.37 0.37
 0.38 0.38 0.4  0.44 0.44 0.5  0.53 0.56 0.58 0.58 0.61 0.65 0.73 0.73
 0.74 0.78 0.8  0.81 0.82 0.85 0.87 0.93 0.94 1.05 1.06 1.14 1.21 1.21
 1.33 1.44 1.44 1.48 1.5  1.5  1.57 1.98 1.99 2.01 2.07 2.09 2.43 2.61
 2.7  2.78 3.37 3.55]
var: 0.6950228888888896
| [0m40       [0m | [0m1.029    [0m | [0m0.01323  [0m | [0m15.3     [0m | [0m1.387    [0m |
[0.42 0.58 0.71 0.79 0.8  0.86 1.18 1.21 1.39 1.52 1.85 1.91 1.92 1.98
 2.01 2.06 2.14 2.15 2.17 2.18 2.22 2.22 2.24 2.26 2.37 2.48 2.49 2.5
 2.52 2.57 2.63 2.65 2.67 2.71 2.71 2.71 2.74 2.75 2.84 2.96 2.96 2.98
 3.02 3.04 3.11 3.16 3.18 3.27 3.72 3.73 3.79 3.98 4.1  4.17 4.34 4.39
 5.05 5.96 6.39 7.55]
var: 1.7814240000000012
| [0m41       [0m | [0m2.716    [0m | [0m0.1184   [0m | [0m23.42    [0m | [0m0.1063   [0m |
[0.18 0.28 0.29 0.43 0.54 0.55 0.62 0.83 0.84 0.93 0.94 0.95 0.95 0.98
 1.01 1.06 1.19 1.21 1.24 1.3  1.33 1.42 1.47 1.51 1.53 1.54 1.57 1.69
 1.69 1.7  1.7  1.84 1.85 1.88 1.9  1.93 1.96 2.03 2.06 2.58 2.62 2.64
 2.75 2.79 2.83 2.88 2.89 2.98 3.11 3.17 3.21 3.27 3.29 3.34 3.5  3.51
 3.6  4.07 4.08 4.56]
var: 1.155821638888889
| [0m42       [0m | [0m1.943    [0m | [0m0.1572   [0m | [0m23.56    [0m | [0m0.2359   [0m |
[0.08 0.17 0.19 0.26 0.37 0.4  0.69 0.69 0.71 0.75 0.77 1.06 1.14 1.23
 1.23 1.29 1.3  1.3  1.33 1.36 1.38 1.4  1.42 1.45 1.49 1.6  1.63 1.64
 1.7  1.7  1.72 1.78 1.86 1.87 1.92 1.99 2.   2.05 2.13 2.15 2.19 2.19
 2.22 2.45 2.47 2.87 2.94 3.06 3.23 3.27 3.32 3.64 3.64 3.68 3.7  4.
 4.04 4.23 4.38 5.56]
var: 1.4171982222222232
| [0m43       [0m | [0m1.971    [0m | [0m0.0513   [0m | [0m8.59     [0m | [0m0.2279   [0m |
[0.18 0.33 0.49 0.56 0.62 0.81 0.84 0.96 0.99 1.05 1.09 1.14 1.4  1.67
 1.71 1.77 1.83 1.86 1.95 1.99 2.04 2.05 2.16 2.17 2.36 2.44 2.51 2.53
 2.56 2.63 2.73 2.81 2.87 2.87 2.9  2.96 2.97 3.09 3.17 3.23 3.34 3.45
 3.48 3.67 3.82 3.86 4.   4.02 4.23 4.29 4.41 4.48 4.51 4.57 4.73 4.78
 4.79 4.86 4.92 5.48]
var: 1.8774765555555564
| [0m44       [0m | [0m2.7      [0m | [0m0.05127  [0m | [0m23.46    [0m | [0m0.1734   [0m |
[0.37 0.56 0.67 0.73 1.1  1.15 1.41 1.47 1.48 1.5  1.53 1.59 1.72 1.74
 1.82 1.83 1.88 2.03 2.14 2.17 2.43 2.57 2.59 2.6  2.9  2.96 2.99 3.05
 3.05 3.09 3.15 3.16 3.21 3.23 3.27 3.31 3.58 3.59 3.86 3.92 3.92 3.96
 4.03 4.07 4.16 4.21 4.23 4.24 4.54 4.74 4.85 5.13 5.57 5.98 6.16 6.33
 6.55 6.56 7.08 7.25]
var: 2.885482888888889
| [0m45       [0m | [0m3.249    [0m | [0m0.05441  [0m | [0m23.28    [0m | [0m0.1201   [0m |
[0.35 0.4  0.41 0.48 0.54 0.55 0.62 0.71 0.89 1.04 1.05 1.06 1.08 1.16
 1.21 1.31 1.4  1.42 1.47 1.61 1.63 1.66 1.77 1.85 1.86 1.86 1.92 1.93
 1.93 1.96 1.99 2.09 2.14 2.19 2.28 2.34 2.41 2.44 2.56 2.57 2.71 2.86
 2.91 2.91 2.95 3.12 3.18 3.23 3.56 3.58 3.6  3.76 4.06 4.18 4.19 4.2
 4.48 4.56 4.88 4.91]
var: 1.5113936388888891
| [0m46       [0m | [0m2.233    [0m | [0m0.06353  [0m | [0m45.64    [0m | [0m0.1813   [0m |
[0.04 0.05 0.07 0.08 0.1  0.12 0.3  0.33 0.34 0.37 0.42 0.53 0.54 0.65
 0.67 0.7  0.74 0.84 0.84 0.89 0.91 0.93 0.94 0.96 1.03 1.05 1.1  1.12
 1.19 1.31 1.33 1.35 1.38 1.58 1.62 1.71 1.79 1.82 1.83 1.85 1.93 1.97
 2.03 2.05 2.12 2.2  2.26 2.26 2.29 2.32 2.48 2.53 2.56 2.8  2.86 2.89
 3.09 3.19 3.51 3.63]
var: 0.8975849722222223
| [0m47       [0m | [0m1.44     [0m | [0m0.03567  [0m | [0m23.33    [0m | [0m0.329    [0m |
[0.   0.   0.   0.   0.   0.   0.   0.04 0.05 0.06 0.06 0.07 0.07 0.08
 0.09 0.12 0.12 0.12 0.12 0.12 0.13 0.14 0.14 0.15 0.15 0.16 0.16 0.17
 0.17 0.19 0.19 0.2  0.21 0.21 0.21 0.21 0.25 0.26 0.28 0.3  0.31 0.33
 0.34 0.35 0.36 0.37 0.37 0.37 0.38 0.41 0.42 0.42 0.44 0.45 0.49 0.5
 0.51 0.54 0.54 0.66]
var: 0.027567333333333378
| [0m48       [0m | [0m0.226    [0m | [0m0.02329  [0m | [0m48.62    [0m | [0m2.943    [0m |
[0.   0.   0.   0.   0.   0.01 0.01 0.01 0.01 0.02 0.02 0.02 0.03 0.03
 0.04 0.04 0.05 0.05 0.05 0.06 0.1  0.1  0.1  0.11 0.11 0.13 0.14 0.16
 0.17 0.21 0.21 0.23 0.24 0.24 0.25 0.26 0.26 0.27 0.27 0.29 0.29 0.32
 0.33 0.37 0.4  0.4  0.42 0.43 0.46 0.46 0.49 0.62 0.63 0.65 0.67 0.78
 0.78 1.12 1.19 1.31]
var: 0.0897698888888887
| [0m49       [0m | [0m0.2737   [0m | [0m0.1791   [0m | [0m44.71    [0m | [0m2.186    [0m |
[0.   0.   0.   0.   0.   0.   0.   0.   0.   0.   0.   0.   0.   0.01
 0.01 0.02 0.02 0.02 0.02 0.02 0.02 0.03 0.03 0.03 0.03 0.03 0.03 0.03
 0.03 0.03 0.03 0.03 0.03 0.04 0.04 0.04 0.04 0.04 0.04 0.04 0.05 0.05
 0.05 0.05 0.05 0.05 0.05 0.05 0.06 0.07 0.08 0.09 0.09 0.09 0.09 0.09
 0.14 0.17 0.19 0.27]
var: 0.0023994166666667063
| [0m50       [0m | [0m0.0435   [0m | [0m0.05339  [0m | [0m23.44    [0m | [0m0.004158 [0m |
[ 1.04  1.19  1.35  1.4   1.45  1.49  1.5   1.59  1.6   1.63  1.66  1.68
  1.68  1.86  1.87  2.07  2.13  2.17  2.19  2.23  2.34  2.35  2.35  2.38
  2.54  2.59  2.59  2.65  2.91  2.96  2.96  3.    3.01  3.09  3.28  3.31
  3.43  3.53  3.53  3.55  3.61  3.62  3.69  3.72  3.83  3.89  4.09  4.16
  4.16  4.18  4.6   4.67  4.7   5.24  5.32  5.49  5.74  6.16  7.71 12.33]
var: 3.2897962222222223
| [0m51       [0m | [0m3.217    [0m | [0m0.08206  [0m | [0m23.34    [0m | [0m0.145    [0m |
[0.39 0.45 0.49 0.68 0.74 0.84 0.84 0.92 1.   1.12 1.12 1.27 1.31 1.32
 1.36 1.38 1.46 1.58 1.64 1.71 1.72 1.73 1.97 2.04 2.07 2.12 2.22 2.26
 2.26 2.26 2.3  2.34 2.37 2.43 2.46 2.47 2.5  2.5  2.51 2.6  2.78 2.79
 2.85 2.87 2.95 2.95 3.08 3.13 3.14 3.19 3.42 3.45 3.47 3.57 3.78 3.83
 4.02 4.15 4.32 4.98]
var: 1.1062903055555553
| [0m52       [0m | [0m2.258    [0m | [0m0.192    [0m | [0m23.29    [0m | [0m0.0813   [0m |
[0.1  0.43 0.6  0.67 0.69 0.93 1.14 1.15 1.2  1.28 1.63 1.63 1.65 1.76
 1.78 1.81 1.81 1.83 1.96 1.99 2.05 2.08 2.15 2.33 2.37 2.41 2.44 2.54
 2.55 2.61 2.64 2.64 2.8  2.85 2.86 2.88 2.89 2.93 2.95 3.33 3.38 3.41
 3.48 3.62 3.64 3.71 3.81 3.93 4.03 4.04 4.1  4.1  4.13 4.54 4.76 4.97
 5.06 5.28 5.37 6.55]
var: 1.848635416666667
| [0m53       [0m | [0m2.738    [0m | [0m0.08082  [0m | [0m23.42    [0m | [0m0.1674   [0m |
[0.33 0.84 1.11 1.19 1.46 1.47 1.51 1.62 1.81 1.86 2.03 2.2  2.32 2.35
 2.43 2.55 2.56 2.6  2.62 2.63 2.79 2.81 2.83 2.87 2.9  2.96 2.97 3.
 3.   3.03 3.04 3.1  3.1  3.2  3.2  3.21 3.22 3.27 3.3  3.38 3.52 3.53
 3.56 3.61 3.62 3.65 3.7  3.81 3.87 3.93 3.99 4.07 4.61 4.61 4.68 5.44
 5.48 5.99 6.43 6.55]
var: 1.565436000000001
| [0m54       [0m | [0m3.122    [0m | [0m0.08219  [0m | [0m23.35    [0m | [0m0.1182   [0m |
[0.36 0.39 0.41 0.46 0.48 0.53 0.57 0.58 0.64 0.69 0.74 0.79 0.82 0.84
 0.9  0.91 0.95 0.99 1.   1.06 1.08 1.1  1.13 1.26 1.26 1.41 1.53 1.58
 1.58 1.58 1.6  1.68 1.7  1.71 1.72 1.75 1.83 1.85 2.   2.02 2.06 2.08
 2.12 2.23 2.34 2.47 2.53 2.53 2.54 2.55 2.65 2.68 2.8  2.93 3.1  3.15
 3.29 3.46 4.52 5.12]
var: 1.017558083333333
| [0m55       [0m | [0m1.711    [0m | [0m0.1534   [0m | [0m31.3     [0m | [0m0.04923  [0m |
[0.12 1.26 1.61 1.62 1.66 1.69 1.75 1.88 1.89 1.95 1.96 2.02 2.05 2.07
 2.12 2.13 2.2  2.22 2.31 2.32 2.34 2.36 2.38 2.42 2.46 2.47 2.59 2.6
 2.67 2.67 2.76 2.98 3.09 3.11 3.16 3.22 3.25 3.34 3.44 3.46 3.49 3.52
 3.58 3.59 3.77 3.79 3.84 3.85 3.95 3.97 4.   4.08 4.28 4.68 4.95 5.23
 5.64 5.79 6.32 6.66]
var: 1.581934333333334
| [0m56       [0m | [0m3.043    [0m | [0m0.04463  [0m | [0m23.35    [0m | [0m0.1596   [0m |
[0.25 0.27 0.28 0.29 0.41 0.52 0.56 0.57 0.78 0.83 0.84 0.94 1.05 1.05
 1.06 1.09 1.09 1.15 1.15 1.18 1.35 1.36 1.47 1.48 1.5  1.53 1.55 1.57
 1.62 1.62 1.64 1.67 1.68 1.81 1.89 1.96 1.96 2.12 2.17 2.18 2.26 2.27
 2.29 2.29 2.33 2.37 2.43 2.45 2.59 2.69 2.72 2.74 3.09 3.15 3.16 3.19
 3.24 4.5  4.76 5.76]
var: 1.1910847499999984
| [0m57       [0m | [0m1.83     [0m | [0m0.1533   [0m | [0m23.23    [0m | [0m0.2758   [0m |
[0.09 0.25 0.6  0.77 0.8  0.96 1.5  1.53 1.6  1.73 2.   2.14 2.17 2.2
 2.29 2.34 2.34 2.35 2.46 2.58 2.66 2.67 2.8  3.1  3.17 3.28 3.36 3.39
 3.45 3.55 3.56 3.63 3.69 3.71 3.72 3.77 3.82 3.89 3.89 3.97 4.04 4.04
 4.13 4.17 4.18 4.28 4.39 4.41 4.44 4.49 4.59 4.73 4.94 5.16 5.17 5.23
 5.25 5.62 5.63 5.95]
var: 1.981324333333333
| [0m58       [0m | [0m3.277    [0m | [0m0.03765  [0m | [0m23.41    [0m | [0m0.15     [0m |
[0.37 0.67 0.97 0.99 1.02 1.1  1.13 1.17 1.28 1.28 1.34 1.35 1.37 1.4
 1.45 1.45 1.49 1.59 1.61 1.69 1.73 1.78 1.85 1.96 2.   2.   2.04 2.04
 2.06 2.12 2.13 2.14 2.29 2.3  2.3  2.34 2.37 2.39 2.41 2.45 2.56 2.64
 2.75 2.88 2.92 3.03 3.11 3.17 3.29 3.34 3.52 3.54 3.56 3.88 3.91 4.
 4.09 4.29 4.79 5.71]
var: 1.145708888888889
| [0m59       [0m | [0m2.307    [0m | [0m0.03663  [0m | [0m23.26    [0m | [0m0.04431  [0m |
[0.35 0.5  0.61 0.72 0.75 0.78 0.95 0.97 0.97 1.07 1.11 1.16 1.17 1.18
 1.29 1.4  1.4  1.54 1.55 1.57 1.64 1.66 1.69 1.72 1.72 1.74 1.83 1.86
 1.88 1.92 1.97 2.08 2.11 2.29 2.33 2.34 2.53 2.63 2.69 2.8  2.82 2.93
 3.05 3.1  3.12 3.22 3.29 3.36 3.57 3.64 3.72 3.78 3.84 3.92 3.96 4.48
 4.72 4.85 4.87 5.39]
var: 1.5227238888888894
| [0m60       [0m | [0m2.302    [0m | [0m0.054    [0m | [0m45.81    [0m | [0m0.1734   [0m |
[0.02 0.05 0.05 0.06 0.06 0.09 0.11 0.11 0.12 0.12 0.15 0.15 0.18 0.18
 0.21 0.23 0.26 0.29 0.29 0.3  0.3  0.31 0.34 0.38 0.39 0.42 0.43 0.46
 0.47 0.51 0.52 0.54 0.55 0.57 0.58 0.58 0.6  0.61 0.62 0.69 0.69 0.7
 0.7  0.76 0.83 0.9  0.99 1.01 1.01 1.04 1.05 1.07 1.12 1.16 1.36 1.58
 1.63 1.67 1.68 2.53]
var: 0.25252988888888867
| [0m61       [0m | [0m0.6063   [0m | [0m0.1908   [0m | [0m18.04    [0m | [0m1.96     [0m |
[0.05 0.6  0.64 0.85 0.87 0.88 0.93 1.03 1.07 1.15 1.18 1.34 1.41 1.46
 1.49 1.53 1.68 1.75 1.94 1.97 1.99 2.01 2.04 2.1  2.28 2.4  2.42 2.7
 2.73 2.76 2.81 2.83 2.87 2.91 3.06 3.07 3.11 3.13 3.33 3.35 3.36 3.37
 3.4  3.44 3.44 3.45 3.46 3.51 3.59 3.72 3.96 4.09 4.1  4.12 4.16 4.17
 4.26 4.99 5.17 5.27]
var: 1.5244387499999996
| [0m62       [0m | [0m2.613    [0m | [0m0.05219  [0m | [0m23.18    [0m | [0m0.1526   [0m |
[0.04 0.04 0.05 0.05 0.05 0.06 0.06 0.09 0.1  0.11 0.12 0.15 0.16 0.16
 0.27 0.29 0.3  0.32 0.34 0.35 0.35 0.36 0.37 0.39 0.39 0.41 0.42 0.44
 0.47 0.47 0.48 0.48 0.49 0.53 0.55 0.57 0.58 0.58 0.59 0.63 0.65 0.68
 0.72 0.73 0.78 0.84 0.85 0.89 0.94 0.96 1.02 1.12 1.13 1.27 1.47 1.53
 1.76 2.04 2.88 3.44]
var: 0.4090428888888882
| [0m63       [0m | [0m0.6393   [0m | [0m0.2694   [0m | [0m48.85    [0m | [0m0.7977   [0m |
[0.   0.01 0.02 0.03 0.03 0.04 0.04 0.04 0.04 0.05 0.05 0.06 0.09 0.11
 0.11 0.15 0.15 0.16 0.16 0.17 0.17 0.18 0.19 0.21 0.21 0.23 0.23 0.23
 0.26 0.27 0.33 0.34 0.37 0.38 0.4  0.41 0.41 0.42 0.48 0.49 0.49 0.49
 0.51 0.51 0.51 0.55 0.57 0.61 0.62 0.7  0.8  0.8  0.84 1.01 1.05 1.09
 1.13 1.16 1.34 1.51]
var: 0.1304883055555558
| [0m64       [0m | [0m0.4002   [0m | [0m0.1682   [0m | [0m37.98    [0m | [0m1.438    [0m |
[0.   0.   0.02 0.02 0.02 0.03 0.04 0.04 0.04 0.04 0.05 0.08 0.09 0.1
 0.1  0.11 0.12 0.12 0.13 0.15 0.15 0.16 0.18 0.18 0.2  0.22 0.25 0.26
 0.28 0.29 0.29 0.3  0.3  0.32 0.32 0.35 0.36 0.37 0.38 0.39 0.4  0.41
 0.43 0.5  0.5  0.5  0.5  0.54 0.59 0.69 0.74 0.75 0.79 0.86 0.86 1.08
 1.18 1.19 1.71 1.73]
var: 0.14740333333333328
| [0m65       [0m | [0m0.38     [0m | [0m0.2356   [0m | [0m29.53    [0m | [0m2.735    [0m |
[0.08 0.23 0.37 0.43 0.54 0.58 0.58 0.69 0.74 0.75 0.76 0.83 0.92 0.93
 1.03 1.04 1.07 1.13 1.21 1.31 1.4  1.47 1.5  1.71 1.72 1.77 1.79 1.86
 1.91 1.96 2.02 2.02 2.08 2.09 2.15 2.28 2.36 2.38 2.46 2.48 2.6  2.61
 2.65 2.67 2.8  2.86 3.04 3.14 3.15 3.28 3.3  3.32 3.36 3.36 3.41 3.46
 3.99 4.12 4.86 5.31]
var: 1.3648526666666676
| [0m66       [0m | [0m2.032    [0m | [0m0.04269  [0m | [0m23.26    [0m | [0m0.1918   [0m |
[0.22 0.6  0.9  0.97 1.32 1.52 1.7  1.73 1.79 1.86 1.9  1.9  1.95 2.1
 2.12 2.19 2.45 2.51 2.56 2.64 2.66 2.67 2.79 2.82 2.84 2.87 2.9  3.01
 3.07 3.08 3.29 3.46 3.6  3.7  3.7  3.75 3.79 3.81 3.84 3.89 3.9  3.98
 4.02 4.07 4.08 4.11 4.21 4.33 4.33 4.37 4.43 4.46 4.59 4.81 4.89 5.08
 5.6  5.63 5.78 6.17]
var: 1.744704972222223
| [0m67       [0m | [0m3.222    [0m | [0m0.1083   [0m | [0m23.21    [0m | [0m0.1161   [0m |
[0.52 0.63 0.72 0.91 1.03 1.11 1.13 1.21 1.28 1.36 1.44 1.52 1.53 1.56
 1.59 1.62 1.68 1.71 1.75 1.77 1.83 1.85 1.89 1.96 2.   2.07 2.13 2.15
 2.17 2.2  2.2  2.23 2.29 2.36 2.37 2.43 2.45 2.47 2.52 2.62 2.67 2.76
 2.78 2.87 2.97 2.97 3.04 3.27 3.34 3.39 3.41 3.5  3.6  3.71 3.83 3.97
 4.1  4.37 4.67 6.93]
var: 1.252199416666666
| [0m68       [0m | [0m2.374    [0m | [0m0.1434   [0m | [0m23.12    [0m | [0m0.08251  [0m |
[0.08 0.21 0.41 0.44 0.53 0.58 0.59 0.77 0.86 0.86 1.02 1.08 1.19 1.39
 1.4  1.42 1.69 1.81 1.88 1.91 1.93 1.97 2.05 2.05 2.28 2.32 2.34 2.35
 2.51 2.52 2.64 2.67 2.68 2.69 2.72 2.81 2.9  3.02 3.03 3.07 3.18 3.25
 3.25 3.3  3.31 3.48 3.57 3.6  3.64 3.73 3.74 3.89 3.89 3.97 4.14 4.38
 4.72 5.04 5.39 6.04]
var: 1.8032476666666668
| [0m69       [0m | [0m2.503    [0m | [0m0.03651  [0m | [0m23.35    [0m | [0m0.1803   [0m |
[0.   0.04 0.08 0.08 0.11 0.19 0.19 0.21 0.25 0.26 0.27 0.28 0.29 0.34
 0.35 0.38 0.45 0.48 0.5  0.53 0.59 0.6  0.61 0.66 0.67 0.67 0.69 0.7
 0.74 0.79 0.86 0.9  0.95 1.   1.02 1.02 1.07 1.1  1.1  1.1  1.12 1.18
 1.21 1.23 1.32 1.41 1.5  1.55 1.59 1.8  2.1  2.12 2.16 2.18 2.28 2.43
 2.45 2.48 3.18 3.93]
var: 0.6819112222222227
| [0m70       [0m | [0m1.022    [0m | [0m0.05089  [0m | [0m45.79    [0m | [0m0.3542   [0m |
[0.45 0.49 0.52 0.54 0.63 0.72 0.73 0.79 0.8  0.85 0.87 0.87 0.88 0.99
 1.03 1.06 1.13 1.13 1.15 1.16 1.19 1.24 1.3  1.38 1.48 1.51 1.52 1.54
 1.62 1.66 1.73 1.81 1.82 1.84 1.84 1.84 1.88 1.91 1.91 1.97 2.02 2.02
 2.06 2.07 2.09 2.12 2.26 2.29 2.32 2.36 2.59 2.67 2.82 2.89 2.9  3.34
 3.46 3.72 3.9  3.95]
var: 0.7473869722222218
| [0m71       [0m | [0m1.727    [0m | [0m0.08788  [0m | [0m45.74    [0m | [0m0.04792  [0m |
[0.06 0.07 0.08 0.14 0.2  0.23 0.24 0.27 0.29 0.34 0.35 0.37 0.37 0.42
 0.51 0.55 0.59 0.6  0.65 0.69 0.73 0.73 0.76 0.79 0.95 0.99 1.   1.01
 1.06 1.13 1.18 1.2  1.21 1.21 1.25 1.25 1.31 1.37 1.38 1.39 1.4  1.43
 1.53 1.65 1.73 1.75 1.85 1.98 2.17 2.23 2.27 2.31 2.36 2.39 2.49 2.54
 2.78 3.15 3.2  3.28]
var: 0.7248060833333336
| [0m72       [0m | [0m1.224    [0m | [0m0.1708   [0m | [0m27.04    [0m | [0m0.3869   [0m |
[0.07 0.29 0.62 0.83 1.14 1.2  1.23 1.28 1.3  1.32 1.39 1.42 1.43 1.44
 1.48 1.55 1.56 1.56 1.63 1.65 1.67 1.75 1.88 1.93 1.97 2.   2.02 2.02
 2.06 2.13 2.18 2.18 2.3  2.35 2.35 2.37 2.44 2.5  2.77 2.81 2.85 2.96
 3.02 3.04 3.17 3.37 3.39 3.58 3.6  3.74 3.76 3.88 4.09 4.14 4.49 4.91
 4.92 5.03 5.21 5.53]
var: 1.568274305555556
| [0m73       [0m | [0m2.446    [0m | [0m0.2941   [0m | [0m23.21    [0m | [0m0.1656   [0m |
[0.26 0.27 0.29 0.51 0.56 0.61 0.62 0.67 0.73 0.75 0.82 0.83 0.87 0.9
 0.9  0.91 0.96 0.97 1.02 1.03 1.06 1.11 1.2  1.28 1.32 1.44 1.5  1.53
 1.53 1.53 1.54 1.56 1.59 1.6  1.66 1.78 1.78 2.02 2.06 2.1  2.1  2.16
 2.23 2.24 2.57 2.64 2.66 2.67 2.68 2.72 2.86 2.97 3.11 3.34 3.37 3.38
 3.5  3.52 3.6  3.82]
var: 0.9415216388888895
| [0m74       [0m | [0m1.73     [0m | [0m0.2068   [0m | [0m23.05    [0m | [0m0.2426   [0m |
[0.17 0.49 0.88 1.04 1.26 1.34 1.41 1.42 1.48 1.51 1.52 1.57 1.6  1.66
 1.71 1.71 1.74 1.74 1.76 1.81 1.99 2.13 2.23 2.34 2.47 2.59 2.61 2.62
 2.67 2.68 2.69 2.74 2.85 2.9  2.91 2.92 2.94 3.06 3.11 3.12 3.12 3.13
 3.16 3.21 3.28 3.3  3.36 3.46 3.61 3.61 3.67 3.76 3.82 3.84 3.85 4.14
 4.46 5.75 7.65]
var: 1.5042726802642905
| [0m75       [0m | [0m2.637    [0m | [0m0.1369   [0m | [0m23.1     [0m | [0m0.093    [0m |
[0.26 0.28 0.37 0.45 0.46 0.46 0.52 0.57 0.58 0.61 0.67 0.74 0.83 0.85
 0.85 0.85 0.87 0.89 0.9  0.92 0.93 0.93 0.94 0.94 0.95 1.   1.06 1.07
 1.19 1.36 1.36 1.38 1.43 1.44 1.5  1.52 1.54 1.55 1.58 1.59 1.6  1.61
 1.64 1.68 1.69 1.7  1.71 1.77 1.79 1.99 2.03 2.21 2.29 2.41 2.58 2.59
 2.75 2.93 3.03 3.69]
var: 0.5449082222222223
| [0m76       [0m | [0m1.365    [0m | [0m0.1658   [0m | [0m22.97    [0m | [0m0.03256  [0m |
[0.12 0.19 0.2  0.38 0.44 0.48 0.64 0.76 0.76 0.83 0.86 1.13 1.23 1.33
 1.37 1.41 1.47 1.52 1.54 1.65 1.67 1.67 1.75 1.77 1.91 2.06 2.1  2.21
 2.28 2.29 2.32 2.37 2.44 2.45 2.58 2.59 2.67 2.71 2.82 2.87 2.93 2.98
 3.05 3.09 3.15 3.23 3.27 3.32 3.33 3.53 3.7  3.73 3.99 4.1  4.21 4.49
 4.56 4.93 5.59 5.69]
var: 1.7818816388888898
| [0m77       [0m | [0m2.345    [0m | [0m0.02299  [0m | [0m23.08    [0m | [0m0.1782   [0m |
[0.19 0.34 0.36 0.72 0.78 1.1  1.13 1.14 1.18 1.21 1.27 1.34 1.48 1.56
 1.61 1.71 1.76 1.8  1.84 1.86 1.86 1.89 1.91 1.98 2.01 2.05 2.12 2.21
 2.22 2.26 2.28 2.36 2.37 2.38 2.4  2.45 2.55 2.57 2.64 2.7  2.81 2.83
 2.9  2.96 3.02 3.22 3.24 3.25 3.31 3.34 3.36 3.55 3.97 4.35 4.49 4.68
 4.74 5.06 5.31 5.63]
var: 1.486448305555556
| [0m78       [0m | [0m2.427    [0m | [0m0.1731   [0m | [0m23.17    [0m | [0m0.1772   [0m |
[0.33 0.45 0.54 0.56 0.56 0.58 0.6  0.6  0.67 0.78 0.88 0.95 1.   1.05
 1.09 1.12 1.23 1.23 1.49 1.49 1.63 1.67 1.67 1.7  1.81 1.88 1.91 1.96
 1.96 2.14 2.3  2.35 2.4  2.5  2.56 2.57 2.65 2.69 2.7  2.74 2.74 2.95
 2.95 3.09 3.15 3.15 3.18 3.24 3.27 3.52 3.53 3.54 3.68 3.76 3.86 4.05
 4.5  5.47 6.42 7.44]
var: 2.083629333333332
| [0m79       [0m | [0m2.308    [0m | [0m0.06804  [0m | [0m46.05    [0m | [0m0.1779   [0m |
[0.28 0.38 0.46 0.51 0.51 0.61 0.69 0.8  0.81 0.82 0.82 0.86 0.95 0.98
 1.07 1.12 1.16 1.18 1.28 1.33 1.39 1.45 1.47 1.51 1.53 1.53 1.55 1.59
 1.6  1.63 1.68 1.7  1.74 1.74 1.77 1.81 1.85 1.85 1.98 2.02 2.07 2.09
 2.21 2.25 2.34 2.37 2.4  2.47 2.58 2.71 2.83 3.04 3.07 3.08 3.14 3.17
 3.36 3.49 3.92 5.68]
var: 0.9871848888888887
| [0m80       [0m | [0m1.805    [0m | [0m0.2501   [0m | [0m45.94    [0m | [0m0.1723   [0m |
=============================================================
None
num_trials:  40  inits,  40  iters,  60  per
rho:  5
pthin:  0.0

Best VPT: 3.5627118644067806
Best result: {'a': 0.06831067132522044, 'g': 23.418149515410377, 's': 0.13481860125432227}

KERNEL: nu=1.5, lengthscale=2.0, alpha=0.0005
