|   iter    |  target   |     a     |     g     |     s     |
-------------------------------------------------------------
[0.03 0.06 0.06 0.21 0.21 0.23 0.23 0.24 0.25 0.27 0.28 0.28 0.28 0.28
 0.29 0.34 0.39 0.4  0.4  0.41 0.41 0.41 0.44 0.47 0.49 0.57 0.58 0.61
 0.63 0.65 0.66 0.67 0.68 0.69 0.77 0.78 0.83 0.85 0.87 0.88 0.93 0.94
 0.95 0.96 0.98 1.02 1.03 1.09 1.1  1.13 1.18 1.21 1.32 1.33 1.38 1.76
 1.76 2.45 2.59 4.39]
var: 0.4897943333333332
| [0m1        [0m | [0m0.793    [0m | [0m0.2347   [0m | [0m9.14     [0m | [0m2.096    [0m |
[0.09 0.1  0.12 0.12 0.2  0.22 0.26 0.31 0.35 0.36 0.41 0.42 0.43 0.44
 0.45 0.46 0.5  0.52 0.56 0.56 0.6  0.6  0.63 0.68 0.68 0.69 0.71 0.72
 0.72 0.72 0.72 0.76 0.79 0.8  0.83 0.85 0.86 0.94 0.95 0.96 1.   1.
 1.12 1.17 1.2  1.23 1.28 1.29 1.33 1.44 1.5  1.59 1.6  1.69 1.7  1.73
 2.02 2.16 2.27 2.49]
var: 0.3148138888888895
| [95m2        [0m | [95m0.8817   [0m | [95m0.1373   [0m | [95m24.01    [0m | [95m0.8208   [0m |
[0.1  0.18 0.23 0.31 0.34 0.58 0.61 0.75 0.84 0.88 1.1  1.11 1.15 1.2
 1.21 1.25 1.26 1.28 1.31 1.31 1.33 1.35 1.4  1.43 1.45 1.52 1.57 1.59
 1.64 1.66 1.71 1.71 1.73 1.75 1.78 1.78 1.81 1.84 1.91 1.93 1.95 1.99
 2.   2.04 2.04 2.12 2.2  2.32 2.41 2.42 2.51 2.52 2.53 2.71 3.09 3.56
 3.65 3.68 4.06 4.21]
var: 0.8151105555555554
| [95m3        [0m | [95m1.732    [0m | [95m0.09868  [0m | [95m33.06    [0m | [95m0.1033   [0m |
[0.   0.   0.03 0.03 0.05 0.06 0.07 0.1  0.1  0.1  0.11 0.12 0.15 0.15
 0.16 0.17 0.2  0.22 0.25 0.26 0.28 0.29 0.32 0.32 0.34 0.34 0.35 0.37
 0.37 0.37 0.39 0.43 0.44 0.44 0.44 0.47 0.47 0.48 0.5  0.5  0.5  0.52
 0.52 0.55 0.57 0.57 0.61 0.66 0.66 0.71 0.73 0.79 0.81 0.82 0.82 0.83
 1.11 1.12 1.33 2.55]
var: 0.15893655555555566
| [0m4        [0m | [0m0.4503   [0m | [0m0.1252   [0m | [0m45.34    [0m | [0m1.114    [0m |
[0.01 0.02 0.04 0.04 0.05 0.07 0.1  0.15 0.15 0.17 0.23 0.25 0.28 0.31
 0.34 0.34 0.36 0.38 0.4  0.41 0.43 0.45 0.46 0.46 0.47 0.48 0.48 0.48
 0.5  0.51 0.54 0.56 0.58 0.58 0.59 0.62 0.62 0.63 0.65 0.71 0.73 0.79
 0.79 0.86 0.87 0.89 0.95 0.99 0.99 1.   1.1  1.11 1.11 1.11 1.17 1.21
 1.22 1.23 1.53 2.19]
var: 0.17470455555555528
| [0m5        [0m | [0m0.6123   [0m | [0m0.1853   [0m | [0m19.89    [0m | [0m1.357    [0m |
[0.   0.   0.   0.   0.   0.   0.02 0.02 0.03 0.03 0.08 0.09 0.1  0.11
 0.11 0.11 0.13 0.14 0.15 0.16 0.17 0.22 0.23 0.26 0.26 0.27 0.3  0.33
 0.35 0.35 0.38 0.38 0.38 0.38 0.4  0.45 0.47 0.5  0.51 0.52 0.54 0.56
 0.56 0.57 0.57 0.58 0.6  0.6  0.63 0.63 0.67 0.68 0.88 0.97 1.2  1.23
 1.31 1.4  1.46 1.71]
var: 0.15932233333333345
| [0m6        [0m | [0m0.429    [0m | [0m0.02973  [0m | [0m48.64    [0m | [0m1.244    [0m |
[0.   0.03 0.06 0.07 0.08 0.09 0.09 0.11 0.11 0.11 0.11 0.12 0.13 0.15
 0.16 0.18 0.18 0.19 0.21 0.24 0.27 0.31 0.32 0.33 0.34 0.35 0.36 0.37
 0.39 0.4  0.41 0.42 0.45 0.47 0.48 0.53 0.55 0.56 0.59 0.61 0.62 0.65
 0.65 0.66 0.67 0.69 0.7  0.71 0.72 0.73 0.74 0.75 0.79 0.8  0.91 0.94
 1.09 1.11 1.34 1.81]
var: 0.1218683055555558
| [0m7        [0m | [0m0.4668   [0m | [0m0.1295   [0m | [0m4.75     [0m | [0m2.356    [0m |
[0.   0.01 0.01 0.04 0.05 0.09 0.1  0.11 0.12 0.12 0.14 0.14 0.17 0.19
 0.19 0.21 0.24 0.27 0.3  0.32 0.33 0.34 0.35 0.35 0.35 0.38 0.39 0.41
 0.42 0.43 0.46 0.46 0.47 0.5  0.52 0.52 0.52 0.53 0.53 0.57 0.57 0.58
 0.58 0.6  0.61 0.69 0.7  0.71 0.73 0.73 0.82 0.85 0.86 0.87 0.9  0.97
 1.01 1.17 1.41 1.44]
var: 0.10748763888888889
| [0m8        [0m | [0m0.4742   [0m | [0m0.2012   [0m | [0m21.42    [0m | [0m2.362    [0m |
[0.   0.01 0.06 0.07 0.08 0.1  0.11 0.14 0.15 0.16 0.16 0.17 0.19 0.19
 0.21 0.21 0.25 0.29 0.3  0.31 0.31 0.32 0.34 0.4  0.41 0.43 0.44 0.45
 0.46 0.47 0.53 0.54 0.55 0.55 0.56 0.58 0.59 0.63 0.66 0.67 0.68 0.71
 0.72 0.72 0.73 0.86 0.86 0.88 0.88 1.01 1.02 1.05 1.06 1.09 1.1  1.13
 1.22 1.37 1.42 3.11]
var: 0.23852030555555556
| [0m9        [0m | [0m0.5778   [0m | [0m0.1602   [0m | [0m26.24    [0m | [0m1.421    [0m |
[0.   0.   0.01 0.03 0.03 0.04 0.06 0.07 0.07 0.09 0.1  0.12 0.12 0.15
 0.19 0.21 0.22 0.22 0.23 0.23 0.26 0.28 0.28 0.28 0.31 0.32 0.33 0.35
 0.36 0.38 0.38 0.39 0.4  0.41 0.41 0.42 0.43 0.46 0.47 0.48 0.5  0.5
 0.51 0.54 0.55 0.56 0.59 0.59 0.65 0.66 0.68 0.77 0.78 0.87 0.95 0.95
 0.99 1.05 1.06 1.16]
var: 0.08646722222222263
| [0m10       [0m | [0m0.4083   [0m | [0m0.09374  [0m | [0m45.39    [0m | [0m1.881    [0m |
[0.14 0.17 0.18 0.56 0.56 0.6  0.64 0.69 0.72 0.79 0.82 0.83 0.94 1.
 1.04 1.14 1.16 1.16 1.24 1.27 1.31 1.34 1.37 1.4  1.4  1.43 1.49 1.5
 1.51 1.52 1.53 1.53 1.57 1.6  1.62 1.63 1.71 1.72 1.74 1.83 1.83 1.89
 1.9  1.95 2.04 2.2  2.27 2.51 2.63 2.69 2.85 2.92 2.96 3.34 3.5  3.69
 3.85 4.1  4.46 6.55]
var: 1.3146847500000007
| [95m11       [0m | [95m1.776    [0m | [95m0.2536   [0m | [95m17.49    [0m | [95m0.1294   [0m |
[0.12 0.18 0.33 0.36 0.39 0.53 0.53 0.54 0.58 0.61 0.63 0.68 0.68 0.71
 0.74 0.74 0.76 0.77 0.8  0.81 0.83 0.88 0.94 0.96 1.01 1.07 1.16 1.19
 1.2  1.26 1.27 1.29 1.3  1.36 1.38 1.49 1.53 1.59 1.69 1.69 1.71 1.78
 1.81 1.84 1.85 1.92 1.92 1.97 1.97 2.04 2.06 2.13 2.3  2.38 2.42 2.45
 2.46 2.7  2.93 3.19]
var: 0.5256416388888895
| [0m12       [0m | [0m1.34     [0m | [0m0.1141   [0m | [0m43.33    [0m | [0m0.1683   [0m |
[0.   0.   0.   0.01 0.01 0.01 0.02 0.02 0.04 0.05 0.06 0.06 0.06 0.07
 0.07 0.08 0.09 0.11 0.12 0.13 0.13 0.14 0.14 0.14 0.15 0.16 0.17 0.17
 0.17 0.21 0.21 0.24 0.24 0.25 0.25 0.26 0.26 0.27 0.27 0.28 0.28 0.31
 0.32 0.33 0.33 0.33 0.38 0.39 0.45 0.47 0.48 0.49 0.5  0.56 0.58 0.69
 0.71 0.72 0.73 1.1 ]
var: 0.05052141666666668
| [0m13       [0m | [0m0.2545   [0m | [0m0.05245  [0m | [0m32.11    [0m | [0m2.913    [0m |
[0.2  0.23 0.48 0.59 0.79 0.8  0.81 0.92 1.   1.01 1.1  1.16 1.27 1.31
 1.34 1.35 1.37 1.63 1.74 1.8  1.89 1.89 1.91 2.   2.01 2.11 2.12 2.29
 2.3  2.4  2.42 2.43 2.48 2.48 2.49 2.62 2.66 2.66 2.69 2.73 2.78 2.84
 2.88 2.9  2.9  2.91 2.91 3.04 3.06 3.35 3.62 3.68 3.77 3.84 3.87 3.92
 3.96 4.18 4.25 4.39]
var: 1.153958083333332
| [95m14       [0m | [95m2.276    [0m | [95m0.02594  [0m | [95m25.06    [0m | [95m0.1179   [0m |
[0.01 0.08 0.1  0.1  0.17 0.18 0.19 0.22 0.23 0.23 0.27 0.29 0.32 0.33
 0.34 0.37 0.37 0.39 0.4  0.4  0.42 0.42 0.43 0.45 0.45 0.45 0.46 0.48
 0.5  0.51 0.52 0.52 0.54 0.56 0.61 0.65 0.68 0.72 0.76 0.91 0.91 0.99
 1.   1.04 1.11 1.15 1.19 1.19 1.19 1.22 1.22 1.25 1.3  1.32 1.36 1.61
 1.82 1.93 2.1  2.48]
var: 0.2871494166666667
| [0m15       [0m | [0m0.7235   [0m | [0m0.1158   [0m | [0m6.616    [0m | [0m1.8      [0m |
[0.   0.   0.   0.01 0.02 0.02 0.03 0.05 0.05 0.06 0.06 0.06 0.06 0.07
 0.08 0.08 0.09 0.09 0.1  0.1  0.11 0.12 0.12 0.14 0.16 0.16 0.17 0.17
 0.17 0.18 0.19 0.2  0.22 0.25 0.26 0.27 0.27 0.28 0.28 0.3  0.3  0.31
 0.32 0.33 0.34 0.34 0.35 0.35 0.37 0.41 0.42 0.43 0.49 0.51 0.53 0.58
 0.6  0.61 1.19 1.22]
var: 0.057867638888888656
| [0m16       [0m | [0m0.2508   [0m | [0m0.2151   [0m | [0m38.49    [0m | [0m2.755    [0m |
[0.02 0.02 0.06 0.06 0.07 0.11 0.11 0.12 0.13 0.13 0.13 0.14 0.15 0.15
 0.15 0.16 0.16 0.18 0.19 0.2  0.21 0.21 0.21 0.21 0.23 0.23 0.23 0.23
 0.25 0.26 0.28 0.29 0.29 0.3  0.32 0.35 0.35 0.36 0.36 0.37 0.38 0.39
 0.42 0.44 0.44 0.44 0.46 0.48 0.49 0.49 0.5  0.5  0.51 0.56 0.57 0.63
 0.73 0.78 1.2  1.43]
var: 0.06329322222222221
| [0m17       [0m | [0m0.3303   [0m | [0m0.2564   [0m | [0m33.76    [0m | [0m2.678    [0m |
[0.   0.   0.01 0.04 0.04 0.05 0.08 0.09 0.09 0.1  0.11 0.11 0.11 0.11
 0.15 0.17 0.18 0.18 0.19 0.2  0.2  0.2  0.2  0.22 0.24 0.25 0.25 0.26
 0.28 0.28 0.28 0.37 0.38 0.39 0.39 0.39 0.39 0.4  0.42 0.42 0.42 0.44
 0.49 0.5  0.5  0.51 0.53 0.55 0.56 0.57 0.61 0.61 0.62 0.71 0.71 0.71
 0.77 0.79 0.89 1.13]
var: 0.060266222222222304
| [0m18       [0m | [0m0.3473   [0m | [0m0.1899   [0m | [0m25.97    [0m | [0m2.903    [0m |
[0.   0.07 0.09 0.09 0.11 0.11 0.18 0.19 0.22 0.23 0.25 0.36 0.39 0.4
 0.41 0.42 0.43 0.44 0.49 0.52 0.55 0.56 0.57 0.59 0.6  0.61 0.62 0.62
 0.65 0.71 0.73 0.74 0.75 0.76 0.78 0.87 0.91 0.92 1.   1.04 1.12 1.13
 1.18 1.22 1.24 1.28 1.29 1.29 1.51 1.56 1.8  1.82 1.84 2.02 2.03 2.19
 2.55 2.92 3.   3.99]
var: 0.6408628888888895
| [0m19       [0m | [0m0.9493   [0m | [0m0.08606  [0m | [0m26.69    [0m | [0m0.8843   [0m |
[0.   0.   0.   0.   0.01 0.01 0.01 0.02 0.02 0.03 0.03 0.03 0.04 0.05
 0.05 0.06 0.06 0.06 0.07 0.07 0.07 0.08 0.08 0.1  0.11 0.11 0.12 0.12
 0.12 0.12 0.13 0.14 0.14 0.14 0.15 0.18 0.19 0.2  0.21 0.22 0.22 0.22
 0.23 0.24 0.25 0.26 0.26 0.28 0.28 0.29 0.3  0.3  0.33 0.33 0.41 0.44
 0.46 0.57 0.8  1.66]
var: 0.05967822222222247
| [0m20       [0m | [0m0.1913   [0m | [0m0.2827   [0m | [0m45.55    [0m | [0m2.713    [0m |
[0.   0.02 0.04 0.05 0.05 0.15 0.17 0.17 0.17 0.2  0.2  0.23 0.24 0.24
 0.24 0.25 0.27 0.31 0.36 0.38 0.4  0.42 0.46 0.47 0.48 0.48 0.5  0.51
 0.54 0.54 0.56 0.56 0.59 0.6  0.6  0.62 0.62 0.64 0.65 0.65 0.65 0.66
 0.67 0.77 0.78 0.79 0.8  0.85 0.96 1.01 1.03 1.08 1.16 1.16 1.21 1.23
 1.35 1.36 1.74 1.89]
var: 0.17060322222222207
| [0m21       [0m | [0m0.5963   [0m | [0m0.2456   [0m | [0m3.698    [0m | [0m1.207    [0m |
[0.05 0.06 0.07 0.08 0.08 0.08 0.09 0.11 0.13 0.16 0.17 0.18 0.18 0.19
 0.22 0.22 0.24 0.26 0.27 0.3  0.3  0.3  0.31 0.34 0.34 0.34 0.34 0.34
 0.38 0.38 0.44 0.46 0.47 0.47 0.5  0.5  0.53 0.55 0.56 0.56 0.57 0.65
 0.7  0.75 0.76 0.77 0.78 0.84 0.89 0.99 1.   1.02 1.02 1.03 1.11 1.18
 1.35 1.36 1.58 1.69]
var: 0.15872274999999975
| [0m22       [0m | [0m0.5265   [0m | [0m0.1587   [0m | [0m10.06    [0m | [0m2.575    [0m |
[0.   0.01 0.02 0.03 0.03 0.06 0.06 0.1  0.12 0.14 0.14 0.15 0.15 0.16
 0.17 0.19 0.21 0.21 0.22 0.24 0.25 0.26 0.29 0.31 0.32 0.32 0.34 0.35
 0.35 0.36 0.37 0.41 0.41 0.44 0.44 0.45 0.45 0.48 0.48 0.49 0.52 0.54
 0.55 0.59 0.62 0.66 0.69 0.73 0.77 0.83 0.85 0.86 0.87 0.92 0.92 0.92
 1.05 1.07 1.22 1.48]
var: 0.1092340000000002
| [0m23       [0m | [0m0.444    [0m | [0m0.1454   [0m | [0m35.0     [0m | [0m2.0      [0m |
[0.   0.01 0.04 0.05 0.07 0.08 0.08 0.11 0.11 0.13 0.15 0.15 0.16 0.17
 0.18 0.19 0.2  0.21 0.21 0.22 0.22 0.23 0.25 0.26 0.28 0.28 0.29 0.3
 0.33 0.36 0.38 0.4  0.4  0.42 0.42 0.43 0.45 0.5  0.55 0.56 0.6  0.64
 0.66 0.67 0.7  0.7  0.75 0.79 0.82 0.85 0.89 0.95 1.14 1.14 1.2  1.34
 1.41 1.51 1.63 1.86]
var: 0.18881155555555593
| [0m24       [0m | [0m0.5013   [0m | [0m0.1801   [0m | [0m3.141    [0m | [0m1.863    [0m |
[0.   0.01 0.02 0.02 0.04 0.05 0.06 0.08 0.08 0.08 0.09 0.09 0.09 0.1
 0.11 0.12 0.12 0.13 0.13 0.14 0.15 0.16 0.19 0.2  0.21 0.22 0.23 0.23
 0.24 0.24 0.26 0.28 0.3  0.35 0.39 0.4  0.4  0.41 0.44 0.46 0.46 0.48
 0.48 0.48 0.52 0.55 0.56 0.56 0.58 0.58 0.6  0.61 0.67 0.72 0.74 0.74
 0.9  0.92 0.97 1.72]
var: 0.09435955555555543
| [0m25       [0m | [0m0.3527   [0m | [0m0.06223  [0m | [0m36.06    [0m | [0m2.386    [0m |
[0.   0.01 0.01 0.01 0.02 0.02 0.02 0.04 0.04 0.05 0.05 0.05 0.06 0.07
 0.07 0.09 0.09 0.1  0.11 0.12 0.13 0.15 0.16 0.19 0.21 0.22 0.23 0.23
 0.24 0.24 0.25 0.26 0.26 0.27 0.28 0.28 0.3  0.31 0.33 0.39 0.39 0.39
 0.42 0.43 0.44 0.44 0.45 0.49 0.51 0.52 0.54 0.55 0.59 0.61 0.72 0.73
 0.74 0.78 0.84 0.95]
var: 0.05707608333333343
| [0m26       [0m | [0m0.2915   [0m | [0m0.04667  [0m | [0m46.28    [0m | [0m1.881    [0m |
[0.   0.08 0.24 0.28 0.36 0.36 0.38 0.39 0.41 0.42 0.49 0.53 0.56 0.63
 0.66 0.68 0.69 0.7  0.75 0.83 0.86 0.86 0.88 0.9  0.93 0.95 0.96 0.99
 1.01 1.02 1.02 1.04 1.05 1.07 1.07 1.15 1.25 1.3  1.32 1.35 1.39 1.39
 1.43 1.46 1.5  1.63 1.69 1.69 1.75 1.82 1.85 1.87 1.91 1.95 2.02 2.14
 2.16 2.21 2.33 3.66]
var: 0.44326697222222244
| [0m27       [0m | [0m1.138    [0m | [0m0.1677   [0m | [0m1.12     [0m | [0m0.2003   [0m |
[0.1  0.12 0.12 0.17 0.21 0.21 0.27 0.3  0.3  0.31 0.35 0.35 0.36 0.4
 0.41 0.42 0.43 0.44 0.48 0.49 0.53 0.53 0.54 0.63 0.64 0.65 0.66 0.66
 0.69 0.71 0.71 0.71 0.72 0.72 0.73 0.73 0.78 0.78 0.8  0.81 0.9  0.91
 0.94 1.   1.03 1.05 1.14 1.16 1.19 1.19 1.24 1.25 1.3  1.53 1.55 1.97
 1.99 2.28 2.37 2.39]
var: 0.2982143055555554
| [0m28       [0m | [0m0.8058   [0m | [0m0.0472   [0m | [0m3.744    [0m | [0m1.095    [0m |
[0.01 0.05 0.1  0.13 0.17 0.18 0.22 0.26 0.27 0.27 0.3  0.31 0.32 0.33
 0.34 0.36 0.36 0.4  0.43 0.44 0.45 0.47 0.48 0.5  0.52 0.52 0.54 0.56
 0.57 0.58 0.59 0.6  0.61 0.64 0.67 0.69 0.73 0.75 0.84 0.85 0.87 0.94
 0.97 0.97 0.98 1.03 1.04 1.05 1.11 1.13 1.14 1.18 1.18 1.27 1.28 1.33
 1.41 1.48 1.78 2.13]
var: 0.19306822222222236
| [0m29       [0m | [0m0.6947   [0m | [0m0.2385   [0m | [0m37.23    [0m | [0m0.6902   [0m |
[0.   0.   0.05 0.11 0.11 0.12 0.17 0.18 0.19 0.19 0.2  0.21 0.21 0.24
 0.25 0.26 0.29 0.3  0.32 0.34 0.35 0.36 0.37 0.38 0.38 0.38 0.39 0.4
 0.48 0.48 0.5  0.52 0.57 0.58 0.59 0.61 0.62 0.64 0.75 0.75 0.77 0.77
 0.83 0.9  0.92 0.93 0.95 0.96 1.12 1.15 1.17 1.19 1.23 1.39 1.45 1.64
 1.69 1.7  2.34 2.63]
var: 0.30266475000000026
| [0m30       [0m | [0m0.6595   [0m | [0m0.08601  [0m | [0m0.5175   [0m | [0m0.1508   [0m |
[0.   0.01 0.02 0.03 0.06 0.08 0.14 0.16 0.16 0.16 0.16 0.16 0.2  0.21
 0.23 0.24 0.24 0.26 0.26 0.28 0.29 0.29 0.32 0.33 0.33 0.33 0.34 0.38
 0.39 0.39 0.4  0.41 0.41 0.42 0.43 0.43 0.45 0.46 0.46 0.47 0.48 0.48
 0.49 0.5  0.5  0.52 0.54 0.58 0.62 0.68 0.7  0.72 0.75 0.8  0.9  1.03
 1.15 1.16 1.65 1.8 ]
var: 0.12212288888888885
| [0m31       [0m | [0m0.4473   [0m | [0m0.1316   [0m | [0m23.56    [0m | [0m2.325    [0m |
[0.   0.   0.   0.   0.02 0.03 0.03 0.03 0.03 0.04 0.04 0.04 0.04 0.04
 0.04 0.06 0.07 0.09 0.09 0.09 0.13 0.13 0.14 0.16 0.17 0.18 0.19 0.19
 0.21 0.22 0.22 0.22 0.25 0.25 0.26 0.26 0.26 0.26 0.27 0.32 0.32 0.33
 0.33 0.33 0.33 0.34 0.34 0.36 0.39 0.4  0.41 0.41 0.43 0.43 0.45 0.45
 0.49 0.49 0.5  0.53]
var: 0.024643638888888913
| [0m32       [0m | [0m0.2188   [0m | [0m0.1144   [0m | [0m42.89    [0m | [0m2.517    [0m |
[0.03 0.04 0.07 0.08 0.09 0.1  0.1  0.12 0.13 0.13 0.18 0.18 0.19 0.2
 0.2  0.25 0.26 0.27 0.3  0.31 0.31 0.33 0.35 0.36 0.38 0.42 0.42 0.45
 0.48 0.5  0.5  0.53 0.55 0.57 0.59 0.6  0.62 0.62 0.64 0.66 0.67 0.69
 0.75 0.77 0.8  0.82 0.92 0.93 0.99 1.04 1.11 1.15 1.21 1.29 1.3  1.33
 1.6  1.7  1.98 2.7 ]
var: 0.26835455555555576
| [0m33       [0m | [0m0.6143   [0m | [0m0.2709   [0m | [0m35.58    [0m | [0m0.7705   [0m |
[0.05 0.06 0.07 0.11 0.14 0.15 0.2  0.21 0.33 0.35 0.35 0.36 0.36 0.45
 0.46 0.48 0.53 0.55 0.6  0.62 0.63 0.63 0.65 0.67 0.68 0.7  0.7  0.72
 0.83 0.89 0.92 0.94 0.95 1.01 1.03 1.1  1.15 1.16 1.17 1.24 1.27 1.29
 1.32 1.39 1.4  1.43 1.45 1.6  1.61 1.71 1.74 1.82 1.88 1.9  2.15 2.37
 2.4  2.68 3.71 4.49]
var: 0.7200560833333329
| [0m34       [0m | [0m1.064    [0m | [0m0.1855   [0m | [0m22.2     [0m | [0m0.5275   [0m |
[0.02 0.06 0.1  0.1  0.17 0.2  0.21 0.22 0.24 0.25 0.25 0.32 0.35 0.36
 0.37 0.38 0.38 0.44 0.45 0.45 0.45 0.49 0.5  0.5  0.52 0.54 0.54 0.55
 0.55 0.58 0.59 0.6  0.61 0.64 0.65 0.66 0.71 0.78 0.79 0.8  0.8  0.9
 0.92 0.94 0.94 0.97 1.03 1.12 1.13 1.15 1.19 1.2  1.37 1.41 1.61 1.69
 1.74 1.74 2.03 3.09]
var: 0.3042389999999999
| [0m35       [0m | [0m0.739    [0m | [0m0.2048   [0m | [0m44.16    [0m | [0m0.4431   [0m |
[0.   0.   0.04 0.05 0.05 0.08 0.09 0.11 0.18 0.18 0.2  0.23 0.27 0.27
 0.27 0.3  0.31 0.32 0.34 0.34 0.36 0.38 0.42 0.43 0.45 0.47 0.56 0.57
 0.57 0.58 0.59 0.62 0.64 0.65 0.66 0.66 0.68 0.7  0.71 0.72 0.72 0.72
 0.78 0.78 0.8  0.81 0.82 0.87 0.88 0.89 0.95 0.99 0.99 1.02 1.06 1.32
 1.33 1.51 1.68 2.15]
var: 0.17937933333333286
| [0m36       [0m | [0m0.602    [0m | [0m0.2878   [0m | [0m24.17    [0m | [0m0.9121   [0m |
[0.03 0.04 0.05 0.05 0.06 0.06 0.07 0.08 0.09 0.1  0.1  0.1  0.11 0.11
 0.16 0.16 0.17 0.18 0.18 0.2  0.25 0.28 0.32 0.4  0.4  0.44 0.44 0.44
 0.44 0.49 0.51 0.51 0.52 0.53 0.56 0.56 0.57 0.58 0.58 0.61 0.61 0.61
 0.69 0.7  0.72 0.79 0.8  0.82 0.95 0.97 1.02 1.02 1.09 1.1  1.13 1.23
 1.38 1.54 1.58 1.68]
var: 0.1794595555555555
| [0m37       [0m | [0m0.5327   [0m | [0m0.1896   [0m | [0m49.66    [0m | [0m0.6871   [0m |
[0.08 0.1  0.15 0.19 0.27 0.3  0.37 0.46 0.54 0.58 0.58 0.58 0.61 0.64
 0.65 0.7  0.7  0.72 0.73 0.81 0.86 0.87 0.88 0.94 0.96 0.98 0.99 1.
 1.01 1.05 1.08 1.1  1.12 1.12 1.16 1.16 1.2  1.23 1.28 1.3  1.3  1.33
 1.39 1.42 1.43 1.44 1.55 1.55 1.56 1.83 1.84 1.91 2.01 2.03 2.07 2.22
 2.41 2.53 2.6  2.61]
var: 0.39716822222222264
| [0m38       [0m | [0m1.135    [0m | [0m0.1423   [0m | [0m27.65    [0m | [0m0.4155   [0m |
[0.03 0.1  0.13 0.15 0.17 0.17 0.19 0.22 0.24 0.26 0.28 0.37 0.39 0.4
 0.41 0.42 0.43 0.43 0.5  0.51 0.51 0.53 0.59 0.59 0.62 0.65 0.68 0.73
 0.78 0.85 0.85 0.87 0.91 0.91 0.95 0.96 0.97 1.01 1.02 1.06 1.1  1.1
 1.15 1.16 1.17 1.18 1.24 1.27 1.28 1.38 1.49 1.5  1.52 1.61 1.62 1.81
 1.99 2.02 2.97 3.46]
var: 0.4304178888888892
| [0m39       [0m | [0m0.8977   [0m | [0m0.29     [0m | [0m48.56    [0m | [0m0.3984   [0m |
[0.   0.   0.   0.   0.   0.   0.01 0.1  0.1  0.1  0.12 0.14 0.14 0.15
 0.15 0.15 0.18 0.18 0.18 0.18 0.19 0.21 0.21 0.21 0.23 0.27 0.28 0.28
 0.28 0.29 0.31 0.32 0.34 0.35 0.37 0.37 0.38 0.41 0.41 0.42 0.43 0.47
 0.47 0.48 0.48 0.48 0.49 0.53 0.53 0.58 0.58 0.63 0.71 0.94 1.03 1.05
 1.09 1.13 1.17 1.76]
var: 0.11810733333333355
| [0m40       [0m | [0m0.384    [0m | [0m0.09172  [0m | [0m0.5364   [0m | [0m1.063    [0m |
[0.   0.03 0.04 0.05 0.06 0.07 0.07 0.11 0.14 0.22 0.24 0.26 0.29 0.34
 0.35 0.37 0.4  0.43 0.45 0.45 0.48 0.55 0.59 0.6  0.6  0.62 0.64 0.66
 0.7  0.7  0.71 0.74 0.75 0.81 0.85 0.9  0.91 0.96 0.97 0.98 1.   1.04
 1.04 1.09 1.1  1.15 1.18 1.31 1.36 1.36 1.37 1.38 1.48 1.68 1.94 1.96
 2.   2.04 2.91 4.51]
var: 0.5784727499999996
| [0m41       [0m | [0m0.8665   [0m | [0m0.03624  [0m | [0m42.64    [0m | [0m0.6766   [0m |
[0.01 0.05 0.08 0.08 0.09 0.1  0.12 0.12 0.16 0.19 0.22 0.26 0.3  0.31
 0.38 0.42 0.48 0.5  0.52 0.53 0.55 0.58 0.6  0.62 0.64 0.64 0.65 0.68
 0.69 0.69 0.69 0.73 0.74 0.74 0.76 0.79 0.84 0.91 0.94 0.96 1.03 1.1
 1.1  1.12 1.12 1.12 1.14 1.16 1.16 1.26 1.29 1.32 1.34 1.34 1.43 1.55
 1.72 2.   2.68 2.72]
var: 0.32956233333333323
| [0m42       [0m | [0m0.801    [0m | [0m0.06001  [0m | [0m26.61    [0m | [0m0.8723   [0m |
[0.3  0.32 0.32 0.36 0.53 0.59 0.61 0.61 0.73 0.76 0.76 0.79 0.88 0.93
 0.95 0.97 0.97 0.98 1.05 1.17 1.23 1.25 1.32 1.44 1.46 1.49 1.57 1.61
 1.65 1.68 1.72 1.79 1.79 1.8  1.83 2.01 2.07 2.08 2.17 2.23 2.3  2.38
 2.55 2.63 2.69 2.7  2.71 2.87 2.99 3.08 3.17 3.23 3.28 3.31 3.46 3.68
 3.85 3.92 5.17 5.81]
var: 1.4115909722222222
| [0m43       [0m | [0m1.909    [0m | [0m0.00401  [0m | [0m34.14    [0m | [0m0.3727   [0m |
[0.07 0.1  0.1  0.22 0.23 0.24 0.24 0.26 0.31 0.31 0.31 0.33 0.35 0.42
 0.51 0.57 0.57 0.59 0.61 0.65 0.67 0.67 0.73 0.81 0.81 0.82 0.88 0.9
 0.93 0.95 0.97 0.98 1.01 1.01 1.09 1.12 1.17 1.2  1.2  1.24 1.28 1.46
 1.46 1.48 1.51 1.52 1.54 1.56 1.58 1.63 1.66 1.73 1.89 1.98 2.39 2.47
 2.91 3.25 3.99 5.24]
var: 0.891381555555556
| [0m44       [0m | [0m1.145    [0m | [0m0.1946   [0m | [0m24.85    [0m | [0m0.0133   [0m |
[0.   0.   0.   0.   0.   0.   0.   0.   0.   0.   0.   0.   0.   0.
 0.   0.   0.   0.   0.   0.   0.   0.01 0.01 0.02 0.02 0.02 0.03 0.04
 0.07 0.07 0.08 0.09 0.11 0.16 0.17 0.19 0.2  0.21 0.21 0.23 0.23 0.23
 0.25 0.26 0.27 0.3  0.34 0.36 0.37 0.37 0.39 0.4  0.69 0.74 1.04 1.08
 1.24 1.38 1.46 3.85]
var: 0.33807941666666674
| [0m45       [0m | [0m0.2865   [0m | [0m1e-08    [0m | [0m25.19    [0m | [0m0.1792   [0m |
[0.02 0.05 0.05 0.06 0.07 0.08 0.11 0.15 0.18 0.21 0.29 0.34 0.36 0.38
 0.4  0.41 0.41 0.42 0.46 0.49 0.49 0.49 0.53 0.55 0.56 0.57 0.62 0.66
 0.68 0.72 0.73 0.87 0.91 0.96 0.99 1.09 1.09 1.14 1.19 1.26 1.29 1.3
 1.33 1.34 1.4  1.42 1.58 1.68 1.72 1.72 1.8  1.81 1.81 1.87 1.88 1.96
 2.01 2.36 2.39 2.53]
var: 0.4622362222222217
| [0m46       [0m | [0m0.9373   [0m | [0m0.02332  [0m | [0m42.63    [0m | [0m0.7054   [0m |
[0.27 0.54 0.58 0.58 0.71 0.75 0.76 0.81 0.81 0.84 0.87 0.88 0.9  0.92
 0.94 0.97 1.03 1.09 1.11 1.3  1.34 1.36 1.4  1.5  1.62 1.65 1.84 1.9
 1.9  2.   2.06 2.09 2.15 2.18 2.24 2.26 2.28 2.33 2.33 2.36 2.37 2.39
 2.46 2.48 2.5  2.5  2.56 2.66 2.66 2.67 2.67 2.73 2.8  2.96 3.16 3.41
 3.73 4.41 4.68 7.2 ]
var: 1.372550972222224
| [0m47       [0m | [0m1.974    [0m | [0m0.2841   [0m | [0m17.53    [0m | [0m0.1751   [0m |
[0.43 0.57 0.62 0.63 0.75 0.92 0.95 0.97 0.97 1.01 1.1  1.22 1.23 1.26
 1.27 1.33 1.34 1.36 1.4  1.42 1.43 1.45 1.47 1.48 1.48 1.5  1.59 1.6
 1.68 1.74 1.74 1.78 1.84 1.92 1.93 1.98 1.99 2.   2.01 2.07 2.13 2.13
 2.15 2.28 2.28 2.4  2.62 2.68 2.71 2.73 2.79 2.82 2.87 2.93 3.06 3.27
 3.31 3.56 3.62 3.67]
var: 0.6485962222222222
| [0m48       [0m | [0m1.857    [0m | [0m0.1158   [0m | [0m25.06    [0m | [0m0.1105   [0m |
[0.19 0.34 0.36 0.64 0.7  0.74 0.82 0.83 0.87 0.89 0.91 0.93 0.95 1.09
 1.1  1.13 1.26 1.31 1.39 1.43 1.45 1.53 1.54 1.58 1.66 1.67 1.68 1.78
 1.82 1.82 1.83 1.83 1.9  1.92 1.92 1.93 2.1  2.21 2.26 2.47 2.55 2.59
 2.67 2.74 2.84 2.97 3.04 3.05 3.06 3.07 3.13 3.25 3.26 3.3  3.33 3.4
 3.52 3.78 3.8  4.02]
var: 0.9797309722222229
| [0m49       [0m | [0m1.969    [0m | [0m0.04304  [0m | [0m25.0     [0m | [0m0.09181  [0m |
[0.89 1.04 1.07 1.12 1.28 1.28 1.28 1.32 1.35 1.38 1.46 1.54 1.6  1.63
 1.64 1.64 1.7  1.77 1.8  1.81 1.83 1.87 1.87 1.9  2.04 2.04 2.05 2.06
 2.09 2.09 2.13 2.24 2.26 2.27 2.31 2.33 2.39 2.49 2.49 2.53 2.55 2.62
 2.65 2.72 2.83 2.86 2.9  3.27 3.37 3.63 3.67 3.74 3.86 4.23 4.37 4.6
 4.91 5.16 5.25 5.39]
var: 1.2467590000000006
| [95m50       [0m | [95m2.441    [0m | [95m0.03554  [0m | [95m25.07    [0m | [95m0.05768  [0m |
[0.02 0.02 0.04 0.07 0.13 0.22 0.32 0.34 0.47 0.51 0.52 0.55 0.57 0.59
 0.6  0.61 0.62 0.66 0.68 0.72 0.74 0.79 0.82 0.84 0.89 0.9  0.94 1.03
 1.05 1.09 1.11 1.15 1.16 1.19 1.21 1.22 1.23 1.23 1.23 1.26 1.29 1.35
 1.42 1.45 1.46 1.6  1.61 1.77 1.78 1.8  1.88 1.91 2.03 2.12 2.54 2.54
 2.65 2.76 2.78 3.14]
var: 0.5472532222222218
| [0m51       [0m | [0m1.154    [0m | [0m0.1439   [0m | [0m43.33    [0m | [0m0.18     [0m |
[0.11 0.14 0.15 0.16 0.18 0.19 0.2  0.2  0.21 0.24 0.25 0.25 0.28 0.29
 0.29 0.3  0.34 0.34 0.37 0.39 0.43 0.47 0.49 0.5  0.5  0.53 0.54 0.63
 0.66 0.7  0.71 0.75 0.75 0.76 0.76 0.76 0.76 0.77 0.78 0.79 0.84 0.84
 0.85 0.85 0.89 1.03 1.05 1.06 1.07 1.08 1.11 1.25 1.28 1.52 1.54 1.68
 1.85 2.25 2.33 2.75]
var: 0.31613288888888863
| [0m52       [0m | [0m0.7507   [0m | [0m0.1799   [0m | [0m25.07    [0m | [0m0.01221  [0m |
[0.24 0.28 0.36 0.39 0.46 0.67 0.69 0.7  0.76 0.82 0.85 0.88 0.92 0.94
 0.97 1.09 1.1  1.1  1.11 1.12 1.15 1.16 1.19 1.21 1.24 1.29 1.37 1.41
 1.42 1.53 1.6  1.66 1.66 1.68 1.75 1.77 1.81 1.84 1.89 1.94 1.95 2.06
 2.11 2.16 2.2  2.2  2.21 2.34 2.46 2.5  2.62 2.72 2.78 2.79 2.83 2.93
 3.26 3.29 3.38 4.94]
var: 0.8155820833333327
| [0m53       [0m | [0m1.663    [0m | [0m0.2465   [0m | [0m17.62    [0m | [0m0.1332   [0m |
[0.02 0.05 0.12 0.24 0.3  0.31 0.35 0.38 0.43 0.45 0.54 0.56 0.57 0.58
 0.58 0.6  0.68 0.68 0.71 0.74 0.77 0.85 0.86 0.88 0.88 0.93 0.95 0.97
 0.99 1.01 1.03 1.03 1.08 1.1  1.12 1.15 1.16 1.26 1.32 1.33 1.43 1.47
 1.48 1.56 1.57 1.65 1.65 1.78 1.84 1.9  1.91 2.05 2.14 2.22 2.25 2.37
 2.45 2.78 2.96 3.06]
var: 0.5271826666666664
| [0m54       [0m | [0m1.168    [0m | [0m0.07533  [0m | [0m34.05    [0m | [0m0.4457   [0m |
[0.   0.02 0.03 0.04 0.06 0.08 0.09 0.15 0.15 0.15 0.17 0.18 0.19 0.2
 0.21 0.22 0.23 0.25 0.26 0.26 0.27 0.28 0.3  0.31 0.32 0.35 0.39 0.46
 0.46 0.47 0.51 0.51 0.56 0.57 0.59 0.65 0.66 0.66 0.67 0.69 0.73 0.73
 0.74 0.79 0.81 0.83 0.97 1.   1.01 1.06 1.15 1.2  1.2  1.25 1.26 1.31
 1.48 1.57 1.75 1.83]
var: 0.21165163888888888
| [0m55       [0m | [0m0.5882   [0m | [0m0.05166  [0m | [0m7.328    [0m | [0m2.542    [0m |
[0.   0.01 0.03 0.05 0.05 0.06 0.06 0.07 0.14 0.15 0.15 0.16 0.19 0.25
 0.26 0.27 0.27 0.29 0.3  0.33 0.33 0.35 0.36 0.37 0.39 0.39 0.4  0.42
 0.45 0.45 0.48 0.48 0.48 0.49 0.51 0.52 0.53 0.57 0.61 0.61 0.63 0.64
 0.74 0.75 0.78 0.8  0.81 0.86 0.9  0.94 0.96 1.05 1.06 1.07 1.11 1.16
 1.38 1.38 2.4  2.61]
var: 0.24907497222222214
| [0m56       [0m | [0m0.5718   [0m | [0m0.2264   [0m | [0m37.82    [0m | [0m1.29     [0m |
[0.37 0.7  0.85 1.07 1.13 1.16 1.25 1.26 1.43 1.48 1.55 1.63 1.66 1.79
 1.81 1.9  1.92 1.95 2.01 2.02 2.05 2.08 2.09 2.09 2.1  2.16 2.21 2.23
 2.38 2.39 2.47 2.61 2.62 2.63 2.67 2.71 2.83 2.85 2.88 2.89 2.91 3.05
 3.16 3.16 3.39 3.41 3.45 3.5  3.64 3.93 4.1  4.54 4.9  5.02 5.1  5.12
 5.22 5.39 5.58 5.75]
var: 1.7020055555555547
| [95m57       [0m | [95m2.703    [0m | [95m0.004018 [0m | [95m25.13    [0m | [95m0.05785  [0m |
[0.13 0.68 0.75 0.81 0.84 0.84 0.85 0.85 0.87 0.94 0.96 1.01 1.02 1.07
 1.07 1.12 1.12 1.19 1.21 1.3  1.32 1.32 1.42 1.42 1.43 1.44 1.47 1.49
 1.49 1.5  1.51 1.54 1.55 1.56 1.58 1.6  1.61 1.65 1.65 1.7  1.76 1.77
 1.88 1.88 1.92 1.94 1.94 2.05 2.12 2.19 2.22 2.25 2.43 2.44 2.48 2.51
 2.64 3.13 3.19 4.11]
var: 0.46512141666666634
| [0m58       [0m | [0m1.595    [0m | [0m0.2071   [0m | [0m24.9     [0m | [0m0.04379  [0m |
[0.24 0.31 0.34 0.35 0.38 0.39 0.43 0.46 0.51 0.55 0.6  0.65 0.65 0.68
 0.71 0.75 0.78 0.84 0.86 0.87 0.89 0.89 0.93 0.96 0.98 0.99 1.02 1.05
 1.1  1.11 1.11 1.12 1.14 1.14 1.14 1.15 1.15 1.16 1.24 1.27 1.3  1.35
 1.42 1.42 1.45 1.45 1.5  1.52 1.57 1.79 1.84 1.92 2.06 2.16 2.25 2.26
 2.47 2.49 2.58 2.78]
var: 0.3777380833333333
| [0m59       [0m | [0m1.175    [0m | [0m0.05666  [0m | [0m25.17    [0m | [0m0.01396  [0m |
[0.39 0.66 0.7  0.7  0.81 0.86 0.92 0.96 0.99 1.01 1.12 1.13 1.19 1.23
 1.26 1.3  1.36 1.39 1.41 1.43 1.45 1.48 1.49 1.56 1.57 1.61 1.63 1.64
 1.67 1.73 1.76 1.77 1.88 1.89 1.93 2.   2.01 2.06 2.07 2.12 2.13 2.16
 2.16 2.35 2.39 2.41 2.46 2.54 2.54 2.78 2.85 2.89 2.96 2.98 3.23 3.58
 3.65 3.91 4.3  5.89]
var: 0.9644238888888891
| [0m60       [0m | [0m1.938    [0m | [0m0.1186   [0m | [0m24.98    [0m | [0m0.1071   [0m |
[0.06 0.18 0.22 0.29 0.45 0.51 0.51 0.53 0.54 0.61 0.61 0.62 0.69 0.72
 0.79 0.79 0.92 1.   1.01 1.02 1.03 1.05 1.06 1.07 1.07 1.09 1.29 1.3
 1.33 1.37 1.37 1.41 1.45 1.46 1.63 1.67 1.68 1.81 1.84 1.84 1.88 2.
 2.03 2.06 2.08 2.19 2.21 2.35 2.42 2.51 2.63 2.85 2.88 2.88 2.91 3.13
 3.15 3.59 4.38 4.46]
var: 0.991851555555557
| [0m61       [0m | [0m1.575    [0m | [0m0.01703  [0m | [0m34.19    [0m | [0m0.289    [0m |
[0.   0.   0.01 0.02 0.02 0.03 0.03 0.03 0.04 0.04 0.04 0.07 0.08 0.09
 0.1  0.12 0.15 0.16 0.16 0.17 0.17 0.18 0.19 0.21 0.21 0.21 0.24 0.26
 0.28 0.28 0.29 0.29 0.31 0.32 0.32 0.33 0.33 0.39 0.4  0.41 0.41 0.43
 0.44 0.47 0.48 0.49 0.49 0.5  0.5  0.55 0.55 0.58 0.59 0.59 0.61 0.65
 0.66 0.76 0.8  1.01]
var: 0.05313900000000008
| [0m62       [0m | [0m0.309    [0m | [0m0.1278   [0m | [0m48.88    [0m | [0m2.023    [0m |
[0.43 0.65 0.7  0.79 0.81 1.01 1.06 1.06 1.07 1.09 1.11 1.15 1.16 1.17
 1.19 1.2  1.21 1.24 1.25 1.32 1.35 1.37 1.39 1.41 1.46 1.5  1.52 1.77
 1.8  1.84 1.84 1.88 1.95 1.96 1.97 2.   2.06 2.07 2.07 2.12 2.19 2.2
 2.37 2.41 2.49 2.5  2.6  2.66 2.73 2.84 3.04 3.13 3.38 3.4  4.01 4.22
 4.25 4.49 4.77 4.8 ]
var: 1.1183493333333339
| [0m63       [0m | [0m2.008    [0m | [0m0.04712  [0m | [0m24.96    [0m | [0m0.1924   [0m |
[0.   0.   0.   0.   0.   0.   0.   0.   0.   0.   0.   0.01 0.01 0.01
 0.01 0.01 0.02 0.02 0.02 0.03 0.03 0.03 0.04 0.04 0.04 0.05 0.05 0.05
 0.05 0.07 0.07 0.08 0.08 0.09 0.11 0.12 0.12 0.14 0.15 0.15 0.17 0.18
 0.19 0.2  0.21 0.24 0.25 0.25 0.3  0.3  0.31 0.31 0.42 0.43 0.52 0.56
 0.64 0.66 0.75 1.41]
var: 0.05943555555555588
| [0m64       [0m | [0m0.1667   [0m | [0m1e-08    [0m | [0m25.09    [0m | [0m0.03274  [0m |
[0.   0.   0.01 0.01 0.02 0.03 0.03 0.04 0.04 0.05 0.05 0.05 0.05 0.06
 0.06 0.07 0.08 0.09 0.09 0.11 0.13 0.15 0.15 0.16 0.19 0.19 0.2  0.22
 0.23 0.25 0.25 0.26 0.28 0.29 0.3  0.3  0.3  0.31 0.31 0.31 0.33 0.33
 0.35 0.36 0.36 0.37 0.38 0.38 0.39 0.41 0.41 0.43 0.46 0.48 0.5  0.53
 0.54 0.64 0.73 1.2 ]
var: 0.045345000000000094
| [0m65       [0m | [0m0.255    [0m | [0m0.01019  [0m | [0m45.45    [0m | [0m2.241    [0m |
[0.61 0.66 0.67 0.67 0.74 0.79 0.82 0.88 0.92 0.93 0.96 0.96 0.98 0.99
 1.   1.05 1.06 1.15 1.22 1.23 1.24 1.25 1.25 1.28 1.31 1.32 1.39 1.41
 1.42 1.42 1.47 1.48 1.5  1.5  1.58 1.61 1.67 1.69 1.78 1.79 1.82 1.9
 1.9  1.97 2.03 2.04 2.11 2.11 2.18 2.22 2.27 2.39 2.4  2.4  2.46 2.48
 2.62 2.96 3.09 3.16]
var: 0.40496288888888865
| [0m66       [0m | [0m1.569    [0m | [0m0.1638   [0m | [0m24.9     [0m | [0m0.05679  [0m |
[0.29 0.36 0.45 0.56 0.66 0.68 0.68 0.7  0.75 0.78 0.8  0.8  1.03 1.06
 1.15 1.27 1.35 1.38 1.44 1.44 1.44 1.45 1.45 1.53 1.54 1.54 1.55 1.64
 1.65 1.66 1.68 1.76 1.77 1.9  1.93 2.   2.02 2.07 2.08 2.09 2.16 2.23
 2.25 2.25 2.27 2.28 2.29 2.41 2.45 2.48 2.65 2.69 2.69 3.13 3.28 3.29
 3.4  3.51 3.6  3.97]
var: 0.7503778888888881
| [0m67       [0m | [0m1.794    [0m | [0m0.0868   [0m | [0m24.98    [0m | [0m0.1079   [0m |
[0.   0.   0.03 0.04 0.05 0.05 0.06 0.07 0.09 0.09 0.1  0.1  0.11 0.14
 0.15 0.16 0.19 0.21 0.26 0.33 0.34 0.38 0.38 0.4  0.42 0.46 0.47 0.48
 0.52 0.52 0.59 0.59 0.61 0.65 0.65 0.66 0.7  0.72 0.74 0.76 0.78 0.81
 0.82 0.83 0.84 0.86 0.91 0.92 0.96 0.97 1.01 1.03 1.06 1.08 1.16 1.17
 1.37 1.43 1.64 2.13]
var: 0.20304097222222206
| [0m68       [0m | [0m0.5842   [0m | [0m0.2435   [0m | [0m34.62    [0m | [0m0.9228   [0m |
[0.22 0.26 0.56 0.68 0.68 0.81 0.81 0.83 0.93 1.09 1.15 1.18 1.19 1.2
 1.22 1.25 1.27 1.31 1.32 1.43 1.46 1.5  1.52 1.53 1.53 1.54 1.59 1.61
 1.67 1.77 1.78 1.79 1.82 1.86 1.88 1.9  1.98 2.   2.01 2.11 2.17 2.2
 2.21 2.24 2.25 2.3  2.32 2.33 2.41 2.48 2.55 2.6  2.65 2.77 2.86 2.9
 2.91 3.05 3.77 3.85]
var: 0.59218788888889
| [0m69       [0m | [0m1.784    [0m | [0m0.05803  [0m | [0m25.02    [0m | [0m0.03238  [0m |
[0.05 0.07 0.1  0.11 0.13 0.38 0.39 0.39 0.4  0.49 0.51 0.52 0.58 0.58
 0.64 0.64 0.64 0.64 0.65 0.68 0.7  0.7  0.74 0.75 0.76 0.77 0.82 0.83
 0.85 0.87 0.95 1.   1.06 1.14 1.19 1.2  1.22 1.22 1.22 1.24 1.26 1.38
 1.39 1.43 1.46 1.54 1.6  1.66 1.66 1.76 1.96 2.25 2.25 2.28 2.32 2.89
 2.99 3.11 3.55 3.9 ]
var: 0.7271545555555555
| [0m70       [0m | [0m1.174    [0m | [0m0.131    [0m | [0m46.38    [0m | [0m0.3749   [0m |
[0.06 0.17 0.48 0.62 0.68 0.71 0.75 0.8  0.82 0.86 0.98 1.01 1.01 1.01
 1.03 1.03 1.06 1.07 1.11 1.22 1.29 1.31 1.36 1.38 1.42 1.52 1.55 1.64
 1.66 1.75 1.81 1.82 1.83 1.83 1.98 2.1  2.1  2.12 2.12 2.16 2.18 2.21
 2.28 2.33 2.41 2.45 2.61 2.64 2.66 2.79 2.95 3.21 3.32 3.34 3.45 3.51
 3.83 4.32 4.43 4.55]
var: 1.0917605555555558
| [0m71       [0m | [0m1.878    [0m | [0m0.06879  [0m | [0m25.05    [0m | [0m0.1543   [0m |
[0.   0.01 0.03 0.04 0.06 0.06 0.06 0.09 0.11 0.12 0.17 0.21 0.23 0.27
 0.3  0.31 0.31 0.32 0.32 0.32 0.4  0.41 0.41 0.41 0.41 0.43 0.43 0.45
 0.46 0.46 0.46 0.5  0.51 0.53 0.55 0.59 0.59 0.59 0.6  0.62 0.63 0.63
 0.65 0.65 0.66 0.72 0.73 0.81 0.81 0.83 0.88 1.03 1.1  1.12 1.23 1.26
 1.3  1.52 1.65 2.03]
var: 0.17578608333333337
| [0m72       [0m | [0m0.5565   [0m | [0m0.103    [0m | [0m19.43    [0m | [0m1.316    [0m |
[0.   0.01 0.03 0.03 0.04 0.04 0.05 0.06 0.07 0.09 0.09 0.1  0.1  0.11
 0.12 0.13 0.13 0.19 0.2  0.22 0.25 0.26 0.28 0.28 0.31 0.31 0.32 0.32
 0.33 0.34 0.38 0.38 0.4  0.4  0.4  0.41 0.42 0.42 0.43 0.45 0.46 0.46
 0.48 0.48 0.51 0.53 0.53 0.56 0.57 0.59 0.64 0.65 0.67 0.67 0.69 0.7
 0.7  0.73 0.92 1.66]
var: 0.0782638888888891
| [0m73       [0m | [0m0.3683   [0m | [0m0.1653   [0m | [0m34.72    [0m | [0m2.221    [0m |
[0.   0.   0.   0.   0.   0.02 0.03 0.06 0.06 0.06 0.07 0.07 0.07 0.1
 0.1  0.1  0.11 0.11 0.11 0.13 0.14 0.15 0.15 0.16 0.18 0.21 0.25 0.27
 0.28 0.28 0.29 0.3  0.3  0.3  0.31 0.33 0.34 0.35 0.36 0.38 0.39 0.39
 0.4  0.41 0.41 0.42 0.43 0.45 0.49 0.51 0.58 0.59 0.61 0.62 0.62 0.66
 0.74 0.74 1.04 1.16]
var: 0.06288830555555561
| [0m74       [0m | [0m0.3032   [0m | [0m0.0634   [0m | [0m46.71    [0m | [0m2.121    [0m |
[0.29 0.42 0.72 0.87 0.93 1.   1.05 1.1  1.13 1.14 1.26 1.31 1.33 1.34
 1.34 1.35 1.4  1.42 1.46 1.46 1.49 1.55 1.58 1.58 1.66 1.67 1.68 1.68
 1.71 1.73 1.78 1.81 1.89 1.99 2.07 2.1  2.11 2.11 2.17 2.25 2.27 2.31
 2.4  2.51 2.56 2.57 2.89 2.96 2.96 3.   3.11 3.18 3.35 3.4  3.63 3.81
 4.05 4.17 4.27 5.  ]
var: 0.9907814166666671
| [0m75       [0m | [0m2.056    [0m | [0m0.04047  [0m | [0m25.08    [0m | [0m0.1017   [0m |
[0.03 0.06 0.06 0.06 0.1  0.11 0.12 0.12 0.15 0.22 0.27 0.28 0.31 0.32
 0.37 0.37 0.41 0.47 0.5  0.53 0.53 0.55 0.58 0.6  0.65 0.69 0.72 0.72
 0.75 0.76 0.76 0.77 0.77 0.79 0.79 0.81 0.84 0.88 0.88 0.95 0.97 0.97
 0.98 1.03 1.04 1.04 1.05 1.07 1.11 1.11 1.21 1.27 1.34 1.75 1.8  1.81
 1.87 1.98 2.03 2.14]
var: 0.284027666666667
| [0m76       [0m | [0m0.787    [0m | [0m0.1027   [0m | [0m33.03    [0m | [0m0.5847   [0m |
[0.06 0.07 0.07 0.09 0.1  0.15 0.19 0.23 0.25 0.35 0.36 0.38 0.39 0.44
 0.51 0.53 0.59 0.61 0.62 0.63 0.63 0.65 0.65 0.66 0.67 0.69 0.7  0.72
 0.79 0.8  0.84 0.85 0.95 0.99 1.   1.   1.02 1.04 1.07 1.12 1.18 1.23
 1.23 1.26 1.37 1.43 1.44 1.56 1.57 1.72 1.86 1.87 1.93 2.   2.03 2.06
 2.19 2.28 2.42 2.83]
var: 0.4433593333333328
| [0m77       [0m | [0m0.982    [0m | [0m0.1601   [0m | [0m46.39    [0m | [0m0.382    [0m |
[0.41 0.58 0.59 0.63 0.75 0.82 0.83 0.84 0.98 0.98 0.98 0.99 1.03 1.05
 1.05 1.17 1.25 1.26 1.34 1.34 1.35 1.39 1.4  1.42 1.42 1.47 1.47 1.5
 1.54 1.56 1.56 1.6  1.66 1.69 1.76 1.77 1.82 1.84 1.89 1.94 1.96 1.96
 1.96 1.97 1.97 1.97 1.99 2.01 2.04 2.12 2.15 2.18 2.23 2.3  2.47 2.51
 3.08 3.52 3.63 5.05]
var: 0.6149260833333333
| [0m78       [0m | [0m1.667    [0m | [0m0.2664   [0m | [0m17.66    [0m | [0m0.07594  [0m |
[0.01 0.01 0.02 0.02 0.03 0.03 0.03 0.03 0.04 0.05 0.05 0.06 0.07 0.08
 0.1  0.1  0.11 0.11 0.14 0.15 0.15 0.15 0.16 0.21 0.21 0.24 0.26 0.27
 0.28 0.29 0.31 0.32 0.33 0.33 0.35 0.35 0.36 0.37 0.38 0.39 0.39 0.42
 0.42 0.43 0.47 0.47 0.47 0.48 0.48 0.52 0.55 0.55 0.55 0.56 0.61 0.68
 0.69 0.7  0.72 1.14]
var: 0.05380763888888893
| [0m79       [0m | [0m0.3042   [0m | [0m0.09097  [0m | [0m39.03    [0m | [0m2.412    [0m |
[0.4  0.62 0.66 0.68 0.76 0.76 0.78 0.78 0.82 0.83 0.84 0.86 0.97 1.06
 1.15 1.17 1.24 1.25 1.26 1.28 1.36 1.39 1.4  1.41 1.42 1.47 1.49 1.55
 1.62 1.62 1.63 1.75 1.76 1.77 1.84 1.87 1.91 1.94 1.98 2.   2.04 2.06
 2.07 2.11 2.3  2.33 2.35 2.46 2.48 2.58 2.67 2.7  2.73 2.74 2.75 2.97
 3.01 3.13 3.16 4.34]
var: 0.6319403055555564
| [0m80       [0m | [0m1.739    [0m | [0m0.1077   [0m | [0m25.09    [0m | [0m0.09995  [0m |
=============================================================
None
num_trials:  40  inits,  40  iters,  60  per
rho:  0.9
pthin:  0.92

Best VPT: 2.7033333333333345
Best result: {'a': 0.004017999663673654, 'g': 25.12970126353323, 's': 0.05784698951754858}

KERNEL: nu=1.5, lengthscale=2.0, alpha=0.0005
