|   iter    |  target   |     a     |     g     |     s     |
-------------------------------------------------------------
[0.03 0.04 0.06 0.09 0.09 0.15 0.15 0.16 0.16 0.18 0.19 0.24 0.25 0.32
 0.33 0.36 0.36 0.38 0.47 0.51 0.54 0.55 0.57 0.61 0.62 0.63 0.71 0.72
 0.72 0.73 0.75 0.75 0.77 0.78 0.78 0.89 0.94 0.94 0.95 1.01 1.03 1.04
 1.13 1.14 1.2  1.32 1.37 1.37 1.44 1.48 1.52 1.54 1.56 1.63 1.99 2.19
 2.21 2.79 2.94 3.21]
var: 0.5197109999999996
| [0m1        [0m | [0m0.893    [0m | [0m0.2424   [0m | [0m47.18    [0m | [0m0.5371   [0m |
[0.   0.   0.   0.01 0.02 0.02 0.02 0.02 0.03 0.03 0.03 0.03 0.03 0.03
 0.04 0.05 0.06 0.06 0.07 0.07 0.08 0.08 0.1  0.1  0.1  0.1  0.11 0.11
 0.12 0.12 0.13 0.14 0.14 0.17 0.17 0.17 0.18 0.19 0.2  0.24 0.24 0.27
 0.27 0.29 0.3  0.37 0.37 0.37 0.38 0.38 0.4  0.41 0.41 0.42 0.44 0.45
 0.52 0.53 0.54 0.63]
var: 0.027959555555555588
| [0m2        [0m | [0m0.1893   [0m | [0m0.2343   [0m | [0m42.97    [0m | [0m2.913    [0m |
[0.03 0.04 0.06 0.07 0.07 0.07 0.12 0.13 0.13 0.17 0.17 0.17 0.19 0.21
 0.21 0.22 0.22 0.24 0.25 0.26 0.26 0.29 0.29 0.3  0.34 0.34 0.35 0.38
 0.38 0.38 0.42 0.42 0.43 0.43 0.49 0.55 0.56 0.58 0.59 0.6  0.6  0.62
 0.65 0.69 0.72 0.73 0.73 0.75 0.82 0.86 0.87 1.11 1.15 1.21 1.25 1.28
 1.35 1.38 1.49 1.99]
var: 0.17799788888888898
| [0m3        [0m | [0m0.5277   [0m | [0m0.08608  [0m | [0m5.57     [0m | [0m2.939    [0m |
[0.   0.   0.   0.   0.   0.   0.   0.03 0.05 0.06 0.08 0.08 0.1  0.11
 0.11 0.11 0.12 0.12 0.13 0.14 0.14 0.15 0.15 0.16 0.16 0.17 0.18 0.19
 0.19 0.19 0.2  0.2  0.21 0.21 0.24 0.25 0.25 0.25 0.27 0.29 0.29 0.3
 0.32 0.33 0.34 0.38 0.41 0.5  0.57 0.63 0.68 0.7  0.71 0.79 0.87 1.04
 1.09 1.15 1.22 1.95]
var: 0.1352740000000001
| [0m4        [0m | [0m0.326    [0m | [0m0.1912   [0m | [0m0.1309   [0m | [0m0.6285   [0m |
[0.07 0.08 0.13 0.16 0.23 0.23 0.27 0.31 0.31 0.34 0.38 0.4  0.46 0.51
 0.52 0.54 0.56 0.58 0.6  0.6  0.6  0.63 0.65 0.66 0.69 0.69 0.75 0.79
 0.8  0.82 0.86 0.87 0.96 1.03 1.09 1.09 1.11 1.14 1.18 1.18 1.19 1.2
 1.21 1.26 1.37 1.48 1.62 1.75 1.87 2.05 2.05 2.14 2.18 2.2  2.24 2.25
 2.26 2.3  2.56 2.74]
var: 0.5008560833333332
| [95m5        [0m | [95m1.047    [0m | [95m0.1564   [0m | [95m34.17    [0m | [95m0.7619   [0m |
[0.   0.01 0.02 0.03 0.04 0.04 0.05 0.06 0.06 0.07 0.1  0.11 0.12 0.13
 0.15 0.2  0.2  0.2  0.22 0.22 0.23 0.26 0.28 0.28 0.29 0.3  0.32 0.32
 0.33 0.33 0.35 0.36 0.36 0.36 0.38 0.39 0.4  0.41 0.41 0.43 0.44 0.44
 0.47 0.52 0.55 0.55 0.59 0.61 0.63 0.67 0.67 0.71 0.73 0.82 0.84 0.86
 0.87 0.92 1.1  2.13]
var: 0.1187656666666669
| [0m6        [0m | [0m0.399    [0m | [0m0.2989   [0m | [0m25.84    [0m | [0m2.947    [0m |
[0.09 0.17 0.24 0.31 0.39 0.48 0.56 0.6  0.66 0.68 0.69 0.7  0.81 0.93
 0.95 0.99 1.   1.02 1.32 1.33 1.37 1.37 1.39 1.42 1.46 1.49 1.5  1.5
 1.53 1.61 1.69 1.76 1.78 1.87 1.99 2.01 2.06 2.29 2.32 2.36 2.4  2.41
 2.51 2.55 2.77 2.88 2.91 3.15 3.18 3.44 3.82 3.96 3.99 4.22 4.27 4.73
 5.38 6.05 6.23 6.49]
var: 2.3608147500000007
| [95m7        [0m | [95m2.101    [0m | [95m0.206    [0m | [95m6.485    [0m | [95m0.0674   [0m |
[0.02 0.05 0.07 0.11 0.11 0.12 0.12 0.15 0.16 0.16 0.17 0.2  0.23 0.23
 0.24 0.26 0.26 0.26 0.27 0.28 0.29 0.31 0.32 0.32 0.32 0.33 0.34 0.34
 0.34 0.36 0.36 0.37 0.38 0.41 0.44 0.45 0.47 0.48 0.5  0.5  0.54 0.56
 0.58 0.6  0.61 0.63 0.63 0.67 0.68 0.68 0.69 0.71 0.72 0.73 0.82 0.88
 1.01 1.45 1.8  2.01]
var: 0.13803388888888884
| [0m8        [0m | [0m0.4683   [0m | [0m0.03388  [0m | [0m3.652    [0m | [0m2.886    [0m |
[0.   0.03 0.04 0.05 0.07 0.09 0.1  0.11 0.11 0.15 0.21 0.21 0.23 0.25
 0.26 0.27 0.27 0.3  0.3  0.32 0.34 0.4  0.41 0.42 0.43 0.47 0.51 0.53
 0.53 0.55 0.55 0.56 0.57 0.63 0.65 0.72 0.78 0.81 0.87 0.89 0.91 1.02
 1.02 1.04 1.06 1.09 1.1  1.12 1.13 1.13 1.22 1.24 1.33 1.37 1.42 1.53
 1.66 2.11 2.29 3.93]
var: 0.4403360833333328
| [0m9        [0m | [0m0.7285   [0m | [0m0.1045   [0m | [0m43.71    [0m | [0m0.8512   [0m |
[0.07 0.25 0.31 0.34 0.46 0.47 0.49 0.57 0.61 0.61 0.61 0.75 0.77 0.78
 0.82 0.83 0.85 0.87 0.89 0.93 0.97 1.01 1.05 1.09 1.13 1.18 1.3  1.35
 1.39 1.43 1.55 1.6  1.65 1.73 1.78 1.79 1.8  1.88 1.96 2.   2.04 2.06
 2.21 2.22 2.24 2.24 2.35 2.37 2.42 2.45 2.54 2.63 2.7  2.76 2.76 2.9
 3.59 3.6  3.61 4.09]
var: 0.8875483333333337
| [0m10       [0m | [0m1.595    [0m | [0m0.1233   [0m | [0m9.601    [0m | [0m0.967    [0m |
[0.   0.01 0.02 0.03 0.04 0.04 0.04 0.04 0.05 0.06 0.07 0.07 0.07 0.08
 0.1  0.11 0.12 0.13 0.14 0.15 0.15 0.16 0.17 0.17 0.18 0.2  0.21 0.22
 0.23 0.23 0.25 0.27 0.27 0.31 0.35 0.35 0.35 0.36 0.37 0.39 0.39 0.4
 0.42 0.44 0.45 0.49 0.54 0.56 0.56 0.58 0.58 0.6  0.64 0.67 0.73 0.81
 0.88 0.9  0.93 0.96]
var: 0.06697497222222232
| [0m11       [0m | [0m0.3182   [0m | [0m0.2331   [0m | [0m32.37    [0m | [0m2.646    [0m |
[0.   0.   0.   0.   0.01 0.01 0.01 0.02 0.02 0.02 0.02 0.03 0.04 0.05
 0.05 0.06 0.08 0.09 0.09 0.11 0.12 0.12 0.14 0.14 0.14 0.14 0.16 0.18
 0.18 0.21 0.22 0.25 0.26 0.26 0.26 0.27 0.27 0.29 0.3  0.3  0.31 0.31
 0.32 0.37 0.37 0.39 0.43 0.44 0.47 0.47 0.51 0.52 0.54 0.55 0.61 0.67
 0.71 0.74 0.8  1.37]
var: 0.06494655555555545
| [0m12       [0m | [0m0.2637   [0m | [0m0.01242  [0m | [0m46.94    [0m | [0m2.465    [0m |
[0.02 0.07 0.08 0.09 0.11 0.13 0.22 0.25 0.27 0.34 0.36 0.42 0.44 0.44
 0.46 0.47 0.48 0.49 0.51 0.53 0.57 0.62 0.64 0.71 0.75 0.86 0.91 0.97
 0.99 1.03 1.03 1.04 1.07 1.07 1.12 1.17 1.22 1.24 1.39 1.4  1.45 1.49
 1.51 1.51 1.6  1.63 1.75 1.78 1.79 1.82 1.83 1.95 2.04 2.06 2.11 2.25
 2.26 2.52 2.99 3.42]
var: 0.586297888888889
| [0m13       [0m | [0m1.096    [0m | [0m0.1488   [0m | [0m19.66    [0m | [0m1.217    [0m |
[0.05 0.05 0.08 0.11 0.12 0.13 0.15 0.16 0.18 0.2  0.21 0.26 0.28 0.31
 0.35 0.38 0.38 0.4  0.4  0.41 0.41 0.45 0.46 0.46 0.46 0.5  0.55 0.55
 0.55 0.56 0.57 0.58 0.59 0.61 0.61 0.62 0.64 0.65 0.68 0.69 0.7  0.86
 0.97 1.13 1.14 1.16 1.17 1.18 1.22 1.3  1.49 1.56 1.59 1.76 1.88 2.43
 2.56 2.92 3.52 4.22]
var: 0.702842888888889
| [0m14       [0m | [0m0.8427   [0m | [0m0.1152   [0m | [0m24.15    [0m | [0m1.326    [0m |
[0.   0.   0.02 0.02 0.02 0.04 0.04 0.05 0.05 0.05 0.06 0.07 0.1  0.11
 0.16 0.19 0.23 0.24 0.26 0.3  0.32 0.32 0.34 0.35 0.36 0.39 0.4  0.4
 0.41 0.42 0.44 0.45 0.51 0.52 0.53 0.54 0.55 0.57 0.58 0.6  0.63 0.64
 0.64 0.67 0.67 0.71 0.71 0.73 0.76 0.81 0.81 0.86 0.89 0.94 0.97 0.97
 1.27 1.34 1.46 1.72]
var: 0.14507163888888866
| [0m15       [0m | [0m0.4868   [0m | [0m0.2811   [0m | [0m36.96    [0m | [0m1.777    [0m |
[0.   0.   0.   0.02 0.03 0.07 0.07 0.07 0.08 0.09 0.09 0.09 0.09 0.12
 0.14 0.15 0.16 0.17 0.19 0.21 0.22 0.22 0.22 0.24 0.34 0.35 0.4  0.4
 0.4  0.47 0.52 0.53 0.54 0.54 0.56 0.57 0.58 0.6  0.61 0.61 0.62 0.63
 0.66 0.67 0.68 0.68 0.72 0.79 0.79 0.84 0.86 1.01 1.09 1.09 1.23 1.27
 1.37 1.56 1.78 1.96]
var: 0.2027945555555557
| [0m16       [0m | [0m0.5177   [0m | [0m0.2628   [0m | [0m41.91    [0m | [0m1.231    [0m |
[0.1  0.11 0.17 0.23 0.26 0.3  0.31 0.33 0.37 0.37 0.43 0.43 0.44 0.5
 0.51 0.53 0.53 0.62 0.63 0.68 0.71 0.74 0.74 0.78 0.8  0.83 0.83 0.85
 0.92 0.93 0.96 0.98 1.   1.08 1.11 1.14 1.19 1.44 1.45 1.47 1.47 1.49
 1.6  1.66 1.73 1.74 1.75 1.77 1.82 1.82 1.94 2.   2.19 2.24 2.3  2.38
 2.45 3.2  3.22 6.83]
var: 1.085798888888889
| [0m17       [0m | [0m1.223    [0m | [0m0.04109  [0m | [0m39.39    [0m | [0m0.3237   [0m |
[0.   0.   0.01 0.01 0.02 0.04 0.04 0.04 0.05 0.06 0.07 0.07 0.08 0.09
 0.1  0.1  0.1  0.1  0.11 0.14 0.14 0.17 0.22 0.23 0.24 0.26 0.26 0.27
 0.27 0.28 0.28 0.29 0.3  0.3  0.32 0.33 0.34 0.35 0.38 0.4  0.41 0.43
 0.44 0.44 0.46 0.46 0.47 0.49 0.5  0.5  0.54 0.54 0.55 0.57 0.64 0.65
 0.85 0.92 1.54 1.96]
var: 0.11509433333333328
| [0m18       [0m | [0m0.337    [0m | [0m0.1064   [0m | [0m49.12    [0m | [0m1.71     [0m |
[0.   0.   0.   0.   0.03 0.04 0.04 0.05 0.05 0.06 0.07 0.08 0.08 0.1
 0.11 0.11 0.11 0.12 0.14 0.17 0.19 0.19 0.2  0.21 0.23 0.25 0.27 0.28
 0.29 0.3  0.32 0.32 0.34 0.35 0.35 0.35 0.36 0.38 0.39 0.42 0.43 0.44
 0.46 0.49 0.49 0.57 0.58 0.58 0.58 0.6  0.63 0.63 0.63 0.69 0.69 0.84
 1.02 1.39 1.69 2.41]
var: 0.1718960833333335
| [0m19       [0m | [0m0.3865   [0m | [0m0.04996  [0m | [0m46.58    [0m | [0m1.55     [0m |
[0.   0.   0.   0.   0.01 0.01 0.01 0.01 0.02 0.02 0.02 0.03 0.03 0.04
 0.06 0.06 0.06 0.07 0.08 0.09 0.09 0.1  0.12 0.13 0.14 0.15 0.15 0.15
 0.16 0.16 0.18 0.21 0.22 0.22 0.23 0.23 0.24 0.25 0.25 0.26 0.28 0.29
 0.3  0.34 0.37 0.37 0.38 0.39 0.41 0.43 0.44 0.47 0.47 0.54 0.54 0.56
 0.61 0.65 0.68 0.87]
var: 0.04140541666666649
| [0m20       [0m | [0m0.2275   [0m | [0m0.1518   [0m | [0m49.03    [0m | [0m2.954    [0m |
[0.01 0.04 0.05 0.07 0.1  0.1  0.11 0.11 0.14 0.15 0.16 0.19 0.2  0.22
 0.24 0.25 0.27 0.28 0.3  0.31 0.35 0.35 0.36 0.39 0.4  0.45 0.46 0.47
 0.48 0.5  0.52 0.52 0.54 0.55 0.55 0.56 0.58 0.59 0.6  0.61 0.61 0.62
 0.62 0.67 0.67 0.69 0.73 0.73 0.75 0.78 0.79 0.8  0.82 0.83 0.83 0.85
 1.48 1.88 2.2  3.05]
var: 0.2598436388888895
| [0m21       [0m | [0m0.5588   [0m | [0m0.205    [0m | [0m26.4     [0m | [0m2.017    [0m |
[0.   0.02 0.05 0.08 0.08 0.09 0.09 0.09 0.09 0.11 0.11 0.12 0.12 0.12
 0.13 0.13 0.13 0.14 0.15 0.17 0.19 0.2  0.23 0.24 0.24 0.24 0.27 0.32
 0.34 0.36 0.38 0.38 0.39 0.39 0.42 0.45 0.5  0.53 0.53 0.54 0.62 0.66
 0.67 0.68 0.69 0.72 0.74 0.81 0.98 0.98 1.01 1.06 1.17 1.34 1.45 1.46
 1.49 1.5  1.62 2.19]
var: 0.2383555555555554
| [0m22       [0m | [0m0.5167   [0m | [0m0.06447  [0m | [0m8.568    [0m | [0m2.976    [0m |
[0.   0.   0.01 0.02 0.03 0.03 0.04 0.04 0.05 0.05 0.08 0.1  0.12 0.13
 0.13 0.14 0.16 0.16 0.18 0.21 0.22 0.22 0.23 0.26 0.28 0.28 0.29 0.3
 0.31 0.33 0.35 0.36 0.37 0.38 0.38 0.39 0.42 0.42 0.44 0.45 0.5  0.5
 0.53 0.53 0.55 0.55 0.56 0.62 0.63 0.63 0.64 0.73 0.74 0.78 0.96 0.98
 1.12 1.49 1.57 1.57]
var: 0.13434900000000002
| [0m23       [0m | [0m0.409    [0m | [0m0.2524   [0m | [0m35.57    [0m | [0m2.075    [0m |
[0.1  0.12 0.12 0.2  0.21 0.26 0.28 0.29 0.34 0.36 0.39 0.46 0.48 0.55
 0.56 0.57 0.57 0.58 0.66 0.73 0.75 0.9  0.9  0.91 0.96 0.98 1.12 1.13
 1.22 1.22 1.25 1.29 1.29 1.34 1.35 1.36 1.46 1.47 1.48 1.58 1.59 1.65
 1.7  1.85 1.9  1.94 2.08 2.1  2.28 2.34 2.42 2.54 2.59 2.6  2.75 2.75
 2.97 3.25 3.53 4.63]
var: 0.9334143055555556
| [0m24       [0m | [0m1.354    [0m | [0m0.002417 [0m | [0m3.965    [0m | [0m1.013    [0m |
[0.01 0.03 0.06 0.08 0.08 0.09 0.11 0.15 0.16 0.23 0.24 0.27 0.29 0.3
 0.35 0.36 0.4  0.41 0.46 0.48 0.63 0.71 0.72 0.75 0.77 0.8  0.82 0.88
 0.9  0.94 0.96 0.98 1.05 1.11 1.12 1.14 1.2  1.27 1.37 1.44 1.48 1.54
 1.56 1.6  1.62 1.67 1.78 1.89 1.9  1.91 1.91 2.06 2.08 2.45 2.74 2.83
 2.91 3.24 3.27 4.49]
var: 0.9108809722222226
| [0m25       [0m | [0m1.151    [0m | [0m0.02101  [0m | [0m25.6     [0m | [0m1.042    [0m |
[0.01 0.08 0.2  0.21 0.34 0.34 0.36 0.37 0.47 0.47 0.52 0.52 0.6  0.64
 0.65 0.68 0.7  0.7  0.72 0.74 0.75 0.76 0.79 0.79 0.8  0.8  0.81 0.82
 0.85 0.85 0.86 0.87 0.88 0.89 0.92 0.93 0.96 1.03 1.07 1.11 1.17 1.19
 1.39 1.46 1.57 1.59 1.6  1.62 1.68 1.7  1.74 1.78 1.92 2.1  2.12 2.21
 2.44 3.07 3.24 3.44]
var: 0.5434649722222218
| [0m26       [0m | [0m1.098    [0m | [0m0.06053  [0m | [0m8.906    [0m | [0m1.56     [0m |
[0.06 0.08 0.09 0.1  0.11 0.14 0.14 0.19 0.26 0.26 0.27 0.28 0.28 0.33
 0.38 0.39 0.42 0.43 0.46 0.46 0.48 0.48 0.51 0.54 0.56 0.56 0.57 0.57
 0.59 0.64 0.67 0.69 0.69 0.7  0.84 0.85 0.86 0.86 0.94 0.95 0.96 0.98
 0.99 1.07 1.09 1.14 1.23 1.24 1.52 1.55 1.65 1.69 1.85 1.9  1.91 2.19
 2.29 2.51 2.56 2.94]
var: 0.4732345555555552
| [0m27       [0m | [0m0.8657   [0m | [0m0.1927   [0m | [0m1.978    [0m | [0m1.404    [0m |
[0.05 0.09 0.09 0.09 0.1  0.15 0.22 0.25 0.28 0.32 0.32 0.37 0.37 0.39
 0.41 0.43 0.45 0.54 0.64 0.64 0.65 0.67 0.72 0.74 0.91 0.96 1.   1.04
 1.05 1.12 1.12 1.21 1.21 1.25 1.26 1.42 1.42 1.48 1.61 1.74 1.79 1.8
 1.82 1.87 1.88 1.88 2.15 2.39 2.55 2.61 2.64 2.7  2.73 2.92 2.94 3.19
 3.72 4.2  4.38 4.47]
var: 1.292778305555555
| [0m28       [0m | [0m1.39     [0m | [0m0.1481   [0m | [0m27.64    [0m | [0m0.6321   [0m |
[0.02 0.07 0.12 0.13 0.15 0.33 0.33 0.36 0.36 0.38 0.47 0.48 0.52 0.54
 0.59 0.61 0.62 0.64 0.67 0.73 0.74 0.75 0.79 0.79 0.79 0.8  0.8  0.83
 0.84 0.86 0.89 0.89 0.89 0.93 0.93 0.97 1.01 1.07 1.07 1.11 1.15 1.33
 1.52 1.54 1.62 1.7  1.79 1.79 1.85 1.87 1.89 1.91 1.96 1.97 2.12 2.13
 2.66 2.83 2.85 3.62]
var: 0.5757014166666664
| [0m29       [0m | [0m1.1      [0m | [0m0.01494  [0m | [0m4.549    [0m | [0m1.282    [0m |
[0.01 0.04 0.04 0.04 0.05 0.07 0.07 0.07 0.07 0.08 0.09 0.1  0.13 0.14
 0.17 0.19 0.2  0.21 0.23 0.23 0.25 0.26 0.26 0.27 0.31 0.33 0.34 0.36
 0.37 0.37 0.38 0.4  0.4  0.41 0.42 0.43 0.47 0.49 0.5  0.52 0.53 0.54
 0.6  0.63 0.66 0.67 0.68 0.7  0.75 0.76 0.77 0.8  0.93 0.95 1.19 1.42
 1.55 1.59 1.89 2.48]
var: 0.2307445555555561
| [0m30       [0m | [0m0.4977   [0m | [0m0.03449  [0m | [0m21.67    [0m | [0m2.888    [0m |
[0.   0.02 0.05 0.08 0.09 0.11 0.11 0.13 0.13 0.13 0.15 0.17 0.19 0.22
 0.24 0.26 0.27 0.27 0.3  0.4  0.41 0.45 0.48 0.49 0.5  0.52 0.53 0.55
 0.57 0.61 0.65 0.65 0.65 0.65 0.66 0.69 0.69 0.7  0.71 0.73 0.75 0.88
 0.94 0.98 0.99 0.99 1.02 1.04 1.06 1.08 1.16 1.16 1.25 1.29 1.33 1.37
 1.56 1.58 1.64 1.99]
var: 0.21650141666666647
| [0m31       [0m | [0m0.6545   [0m | [0m0.05382  [0m | [0m8.684    [0m | [0m2.164    [0m |
[0.   0.04 0.05 0.06 0.1  0.1  0.12 0.12 0.14 0.16 0.2  0.26 0.32 0.37
 0.4  0.41 0.41 0.43 0.43 0.45 0.46 0.46 0.47 0.48 0.49 0.5  0.52 0.57
 0.58 0.58 0.59 0.61 0.63 0.67 0.67 0.71 0.71 0.74 0.8  0.81 0.83 0.88
 0.91 0.94 1.05 1.09 1.12 1.13 1.21 1.25 1.3  1.43 1.54 1.63 1.71 1.82
 1.92 2.   2.62 2.68]
var: 0.36659155555555534
| [0m32       [0m | [0m0.7613   [0m | [0m0.07842  [0m | [0m24.45    [0m | [0m1.264    [0m |
[0.06 0.28 0.36 0.36 0.46 0.59 0.67 0.71 0.71 0.77 0.8  0.84 0.86 0.93
 0.96 1.04 1.04 1.06 1.14 1.23 1.3  1.33 1.4  1.43 1.54 1.57 1.63 1.68
 1.69 1.7  1.77 1.78 1.78 1.79 1.83 1.9  1.94 1.94 1.98 2.   2.01 2.01
 2.11 2.16 2.29 2.3  2.53 2.62 2.85 2.98 3.02 3.09 3.1  3.11 3.37 3.46
 3.52 3.65 3.87 4.03]
var: 0.9528469722222218
| [0m33       [0m | [0m1.782    [0m | [0m0.2717   [0m | [0m9.153    [0m | [0m0.8139   [0m |
[0.03 0.06 0.09 0.1  0.11 0.22 0.22 0.27 0.33 0.38 0.43 0.43 0.47 0.52
 0.56 0.56 0.56 0.6  0.62 0.65 0.65 0.71 0.74 0.76 0.77 0.78 0.8  0.81
 0.84 0.86 0.86 0.96 0.99 1.06 1.1  1.27 1.28 1.36 1.42 1.47 1.51 1.54
 1.56 1.58 1.65 1.75 1.75 1.75 1.79 1.84 1.92 1.97 2.23 2.3  2.5  2.61
 2.7  3.39 4.35 6.99]
var: 1.283433222222223
| [0m34       [0m | [0m1.24     [0m | [0m0.04218  [0m | [0m17.88    [0m | [0m0.9528   [0m |
[0.02 0.03 0.06 0.07 0.07 0.07 0.07 0.08 0.13 0.13 0.16 0.17 0.18 0.19
 0.2  0.21 0.22 0.25 0.25 0.3  0.31 0.32 0.33 0.33 0.35 0.39 0.39 0.42
 0.43 0.45 0.47 0.47 0.49 0.49 0.53 0.54 0.55 0.56 0.58 0.6  0.65 0.67
 0.69 0.69 0.69 0.7  0.72 0.73 0.75 0.76 0.78 0.79 0.87 0.95 1.13 1.16
 1.16 1.22 1.29 1.63]
var: 0.12515497222222224
| [0m35       [0m | [0m0.4982   [0m | [0m0.2111   [0m | [0m15.23    [0m | [0m2.981    [0m |
[0.   0.01 0.01 0.02 0.02 0.03 0.04 0.05 0.06 0.06 0.07 0.09 0.11 0.12
 0.12 0.12 0.14 0.15 0.16 0.18 0.19 0.2  0.21 0.24 0.24 0.24 0.26 0.26
 0.26 0.26 0.29 0.3  0.3  0.3  0.33 0.35 0.36 0.37 0.38 0.41 0.47 0.48
 0.48 0.49 0.49 0.49 0.52 0.52 0.53 0.55 0.59 0.59 0.59 0.6  0.66 0.71
 0.73 0.84 0.94 1.17]
var: 0.0628276388888892
| [0m36       [0m | [0m0.3292   [0m | [0m0.07607  [0m | [0m39.0     [0m | [0m2.49     [0m |
[0.03 0.04 0.07 0.09 0.09 0.1  0.12 0.18 0.18 0.21 0.21 0.24 0.27 0.3
 0.31 0.32 0.32 0.33 0.33 0.35 0.36 0.37 0.38 0.44 0.44 0.49 0.51 0.53
 0.53 0.54 0.56 0.56 0.56 0.58 0.61 0.62 0.63 0.64 0.65 0.65 0.67 0.68
 0.69 0.72 0.91 0.92 0.94 0.96 0.98 0.99 1.01 1.03 1.04 1.32 1.35 1.48
 1.48 1.5  1.85 2.05]
var: 0.20013830555555592
| [0m37       [0m | [0m0.6218   [0m | [0m0.1145   [0m | [0m30.94    [0m | [0m1.63     [0m |
[0.02 0.04 0.06 0.08 0.1  0.11 0.12 0.14 0.15 0.15 0.16 0.17 0.23 0.24
 0.25 0.25 0.27 0.27 0.32 0.32 0.33 0.36 0.41 0.42 0.42 0.44 0.46 0.48
 0.49 0.51 0.54 0.55 0.57 0.6  0.62 0.63 0.64 0.64 0.7  0.73 0.75 0.83
 0.87 0.91 0.92 0.93 0.95 0.96 1.04 1.12 1.27 1.47 1.5  1.61 1.68 1.72
 1.73 2.   2.36 2.88]
var: 0.36370608333333326
| [0m38       [0m | [0m0.6915   [0m | [0m0.05157  [0m | [0m20.83    [0m | [0m1.806    [0m |
[0.06 0.13 0.16 0.18 0.2  0.21 0.24 0.25 0.3  0.31 0.38 0.44 0.44 0.46
 0.48 0.5  0.57 0.7  0.76 0.77 0.78 0.79 0.8  0.87 0.92 0.92 0.98 1.
 1.03 1.03 1.08 1.09 1.1  1.15 1.32 1.36 1.37 1.43 1.43 1.45 1.49 1.49
 1.56 1.57 1.63 1.66 1.72 1.72 1.76 1.78 1.79 1.91 1.97 2.   2.03 2.25
 2.38 2.43 2.66 2.72]
var: 0.4758028888888885
| [0m39       [0m | [0m1.133    [0m | [0m0.2022   [0m | [0m13.3     [0m | [0m1.447    [0m |
[0.01 0.01 0.03 0.03 0.07 0.08 0.1  0.12 0.14 0.15 0.16 0.2  0.23 0.24
 0.26 0.29 0.29 0.31 0.33 0.35 0.35 0.36 0.37 0.38 0.39 0.39 0.4  0.4
 0.43 0.45 0.48 0.48 0.51 0.53 0.55 0.59 0.6  0.65 0.66 0.68 0.71 0.79
 0.83 0.86 0.89 1.01 1.02 1.11 1.12 1.17 1.23 1.27 1.32 1.49 1.54 1.59
 1.6  1.75 1.91 2.1 ]
var: 0.26842622222222257
| [0m40       [0m | [0m0.6393   [0m | [0m0.04724  [0m | [0m40.97    [0m | [0m1.047    [0m |
[0.   0.   0.   0.   0.   0.   0.   0.   0.   0.   0.   0.   0.   0.
 0.   0.   0.   0.   0.   0.   0.   0.   0.   0.   0.   0.01 0.01 0.01
 0.02 0.03 0.03 0.03 0.03 0.03 0.04 0.05 0.06 0.06 0.06 0.09 0.09 0.09
 0.1  0.12 0.12 0.15 0.15 0.15 0.16 0.17 0.18 0.18 0.2  0.26 0.27 0.29
 0.32 0.33 0.35 0.4 ]
var: 0.01115955555555555
| [0m41       [0m | [0m0.07733  [0m | [0m0.3      [0m | [0m7.766    [0m | [0m0.001    [0m |
[0.25 0.44 0.46 0.51 0.61 0.67 0.85 1.   1.14 1.39 1.49 1.58 1.68 1.69
 1.71 1.74 1.76 1.77 1.79 1.8  1.93 1.98 2.07 2.12 2.16 2.18 2.23 2.27
 2.36 2.39 2.41 2.44 2.45 2.46 2.48 2.57 2.57 2.64 2.65 2.71 2.76 2.78
 2.83 2.98 3.1  3.11 3.16 3.25 3.4  3.69 3.93 3.98 3.99 4.06 4.2  4.26
 5.05 5.23 5.86 7.11]
var: 1.7683603055555566
| [95m42       [0m | [95m2.502    [0m | [95m0.1499   [0m | [95m6.494    [0m | [95m0.07356  [0m |
[0.12 0.23 0.26 0.27 0.36 0.38 0.38 0.4  0.41 0.45 0.45 0.49 0.59 0.61
 0.64 0.65 0.67 0.71 0.78 0.78 0.78 0.79 0.81 0.82 0.84 0.93 0.93 0.94
 0.96 1.01 1.08 1.11 1.12 1.12 1.17 1.26 1.26 1.36 1.37 1.37 1.41 1.44
 1.44 1.44 1.47 1.64 1.77 2.   2.19 2.28 2.46 2.49 2.58 2.71 2.88 3.14
 3.49 3.5  3.53 4.6 ]
var: 0.9418182222222223
| [0m43       [0m | [0m1.319    [0m | [0m0.1817   [0m | [0m34.43    [0m | [0m0.5711   [0m |
[0.41 0.44 0.47 0.54 0.62 0.71 0.78 0.88 0.9  0.9  0.91 0.94 1.   1.09
 1.12 1.14 1.21 1.34 1.38 1.45 1.5  1.64 1.65 1.65 1.88 1.95 1.99 2.03
 2.33 2.39 2.42 2.45 2.46 2.57 2.69 2.69 2.75 2.75 2.76 2.76 2.79 2.92
 2.94 3.05 3.15 3.16 3.19 3.26 3.28 3.28 3.44 3.51 3.69 3.72 3.98 4.12
 4.31 4.35 5.5  6.88]
var: 1.7182056666666667
| [0m44       [0m | [0m2.301    [0m | [0m0.05897  [0m | [0m41.94    [0m | [0m0.09041  [0m |
[0.03 0.03 0.03 0.08 0.09 0.09 0.12 0.15 0.15 0.17 0.18 0.19 0.23 0.26
 0.26 0.27 0.28 0.35 0.35 0.36 0.36 0.38 0.38 0.39 0.39 0.39 0.4  0.42
 0.44 0.48 0.49 0.54 0.56 0.56 0.6  0.63 0.63 0.67 0.67 0.68 0.69 0.77
 0.79 0.82 0.84 0.9  0.91 1.03 1.24 1.26 1.33 1.37 1.82 1.84 2.02 2.23
 2.71 2.86 3.17 4.32]
var: 0.707685416666667
| [0m45       [0m | [0m0.7775   [0m | [0m0.02008  [0m | [0m48.84    [0m | [0m0.8968   [0m |
[0.2  0.31 0.34 0.35 0.36 0.41 0.44 0.53 0.61 0.7  0.79 0.79 0.81 0.87
 0.88 0.89 0.97 0.99 1.01 1.06 1.06 1.14 1.14 1.2  1.35 1.38 1.39 1.41
 1.43 1.49 1.5  1.57 1.59 1.6  1.61 1.62 1.67 1.77 1.83 1.85 1.88 2.02
 2.03 2.07 2.1  2.11 2.14 2.26 2.32 2.33 2.45 2.52 2.59 2.74 3.4  3.44
 3.44 3.92 4.45 5.15]
var: 1.0501169722222217
| [0m46       [0m | [0m1.638    [0m | [0m0.06391  [0m | [0m6.417    [0m | [0m0.1496   [0m |
[0.18 0.28 0.45 0.7  0.71 0.75 0.81 0.84 0.91 0.98 1.   1.01 1.06 1.1
 1.15 1.22 1.3  1.34 1.38 1.39 1.48 1.57 1.58 1.64 1.64 1.64 1.65 1.66
 1.74 1.94 2.04 2.11 2.23 2.37 2.39 2.41 2.42 2.44 2.49 2.49 2.54 2.55
 2.59 2.59 2.71 2.98 3.11 3.16 3.37 3.52 3.62 3.68 3.7  3.73 3.77 3.85
 4.08 4.16 4.28 5.02]
var: 1.2958116666666668
| [0m47       [0m | [0m2.125    [0m | [0m0.12     [0m | [0m6.549    [0m | [0m0.06606  [0m |
[0.18 0.18 0.18 0.33 0.33 0.38 0.46 0.56 0.72 0.74 0.74 0.75 0.77 0.8
 0.83 0.89 0.91 1.11 1.13 1.16 1.16 1.17 1.17 1.2  1.23 1.24 1.24 1.35
 1.35 1.37 1.63 1.78 1.83 1.89 1.9  1.92 1.99 2.08 2.18 2.37 2.41 2.46
 2.47 2.6  2.61 2.61 2.71 2.84 2.87 3.02 3.05 3.07 3.08 3.36 3.41 3.71
 3.74 3.75 4.54 9.01]
var: 1.9954315555555546
| [0m48       [0m | [0m1.875    [0m | [0m0.01578  [0m | [0m9.498    [0m | [0m0.5686   [0m |
[0.37 0.39 0.48 0.56 0.64 0.72 1.12 1.18 1.19 1.23 1.31 1.35 1.54 1.6
 1.75 1.76 1.79 1.8  1.8  1.89 1.93 1.98 1.98 2.01 2.08 2.15 2.23 2.28
 2.39 2.4  2.4  2.43 2.5  2.52 2.56 2.62 2.72 2.82 2.85 2.91 2.91 2.97
 3.02 3.08 3.08 3.14 3.25 3.26 3.47 3.51 3.62 3.7  3.87 4.01 4.25 4.39
 4.41 4.54 4.84 5.3 ]
var: 1.31974875
| [0m49       [0m | [0m2.448    [0m | [0m0.0386   [0m | [0m41.89    [0m | [0m0.0141   [0m |
[0.05 0.09 0.1  0.15 0.2  0.24 0.26 0.27 0.3  0.3  0.32 0.37 0.41 0.47
 0.55 0.56 0.58 0.69 0.72 0.76 0.76 0.76 0.86 0.89 0.93 0.95 0.95 0.96
 0.98 0.99 1.   1.01 1.04 1.13 1.17 1.24 1.36 1.41 1.43 1.44 1.57 1.68
 1.7  1.73 1.76 1.83 1.9  1.96 2.05 2.06 2.1  2.12 2.12 2.13 2.18 2.22
 2.22 2.48 2.6  2.84]
var: 0.5446016666666664
| [0m50       [0m | [0m1.165    [0m | [0m0.2111   [0m | [0m33.75    [0m | [0m0.403    [0m |
[0.23 0.46 0.47 0.56 0.62 0.64 0.67 0.98 1.02 1.03 1.1  1.18 1.35 1.37
 1.4  1.41 1.48 1.55 1.63 1.67 1.81 1.92 1.92 2.01 2.06 2.09 2.14 2.19
 2.22 2.32 2.33 2.37 2.41 2.51 2.6  2.67 2.77 2.83 2.85 2.97 3.07 3.08
 3.12 3.13 3.15 3.21 3.23 3.4  3.42 3.45 3.46 3.72 3.8  3.85 4.02 4.07
 4.54 4.56 5.39 6.2 ]
var: 1.582298222222222
| [0m51       [0m | [0m2.395    [0m | [0m0.03307  [0m | [0m41.81    [0m | [0m0.08948  [0m |
[0.   0.05 0.24 0.25 0.25 0.29 0.32 0.32 0.36 0.36 0.37 0.43 0.44 0.46
 0.47 0.54 0.55 0.55 0.56 0.6  0.64 0.7  0.7  0.7  0.71 0.71 0.76 0.79
 0.79 0.81 0.82 0.86 0.86 0.91 1.04 1.18 1.19 1.21 1.24 1.28 1.31 1.33
 1.36 1.4  1.45 1.49 1.5  1.51 1.52 1.61 1.75 1.76 1.79 1.98 2.13 2.7
 2.7  2.94 3.23 3.24]
var: 0.581138305555556
| [0m52       [0m | [0m1.067    [0m | [0m0.2594   [0m | [0m24.18    [0m | [0m1.129    [0m |
[0.02 0.04 0.17 0.17 0.21 0.23 0.25 0.25 0.35 0.47 0.53 0.57 0.63 0.64
 0.84 0.92 0.92 0.93 0.98 1.02 1.1  1.19 1.2  1.2  1.25 1.29 1.31 1.34
 1.41 1.46 1.46 1.48 1.5  1.55 1.57 1.63 1.76 1.77 1.77 1.84 1.89 1.94
 1.94 2.01 2.03 2.04 2.1  2.11 2.11 2.17 2.19 2.23 2.39 2.45 2.63 2.78
 3.08 3.45 4.06 6.75]
var: 1.196146972222222
| [0m53       [0m | [0m1.526    [0m | [0m0.1673   [0m | [0m41.87    [0m | [0m0.2064   [0m |
[0.03 0.14 0.27 0.3  0.38 0.41 0.46 0.51 0.53 0.54 0.55 0.6  0.6  0.61
 0.61 0.64 0.69 0.74 0.75 0.77 0.82 0.84 0.85 0.86 0.86 0.87 0.87 0.88
 1.02 1.15 1.25 1.28 1.32 1.37 1.4  1.44 1.44 1.46 1.58 1.61 1.7  1.81
 1.83 1.9  1.94 2.01 2.03 2.07 2.1  2.12 2.14 2.18 2.57 2.64 2.73 2.76
 2.79 3.3  3.45 5.46]
var: 0.9421847500000001
| [0m54       [0m | [0m1.381    [0m | [0m0.1341   [0m | [0m9.385    [0m | [0m0.7374   [0m |
[0.   0.   0.   0.   0.   0.   0.   0.   0.   0.   0.   0.   0.   0.
 0.   0.   0.   0.   0.   0.   0.   0.   0.   0.   0.   0.   0.   0.
 0.   0.01 0.01 0.01 0.01 0.02 0.02 0.02 0.02 0.02 0.04 0.04 0.04 0.05
 0.06 0.07 0.08 0.1  0.1  0.1  0.11 0.13 0.13 0.15 0.16 0.18 0.19 0.19
 0.21 0.22 0.26 0.37]
var: 0.006465999999999958
| [0m55       [0m | [0m0.052    [0m | [0m0.1116   [0m | [0m6.443    [0m | [0m0.001    [0m |
[0.04 0.12 0.15 0.39 0.55 0.64 0.79 0.82 1.01 1.02 1.18 1.25 1.26 1.29
 1.31 1.36 1.38 1.41 1.43 1.47 1.52 1.54 1.64 1.65 1.69 1.71 1.75 1.81
 1.92 2.   2.06 2.11 2.13 2.29 2.3  2.31 2.42 2.45 2.51 2.52 2.57 2.64
 2.66 2.67 2.76 2.79 3.11 3.12 3.2  3.21 3.22 3.38 3.39 3.39 3.42 3.62
 3.75 4.14 5.05 5.43]
var: 1.2817960000000006
| [0m56       [0m | [0m2.112    [0m | [0m0.01151  [0m | [0m41.84    [0m | [0m0.1529   [0m |
[0.25 0.28 0.36 0.4  0.44 0.51 0.55 0.55 0.59 0.63 0.63 0.66 0.68 0.71
 0.73 0.77 0.89 0.96 1.04 1.09 1.12 1.15 1.33 1.35 1.38 1.41 1.45 1.53
 1.55 1.59 1.63 1.85 1.9  1.9  1.92 1.93 1.97 2.01 2.03 2.06 2.11 2.18
 2.2  2.22 2.31 2.35 2.37 2.42 2.47 2.5  2.68 2.69 2.7  2.85 3.11 3.44
 3.46 4.21 5.28 5.75]
var: 1.286204888888888
| [0m57       [0m | [0m1.751    [0m | [0m0.1599   [0m | [0m6.515    [0m | [0m0.1353   [0m |
[0.2  0.2  0.25 0.31 0.35 0.37 0.42 0.44 0.52 0.64 0.66 0.69 0.69 0.75
 0.77 0.79 0.81 0.82 0.96 0.96 1.06 1.12 1.14 1.15 1.17 1.21 1.23 1.34
 1.38 1.4  1.44 1.52 1.57 1.58 1.59 1.74 1.77 1.78 1.79 1.81 1.87 1.91
 1.92 1.95 1.98 2.04 2.09 2.15 2.16 2.33 2.45 2.52 2.57 2.58 2.62 2.99
 3.15 3.43 4.24]
var: 0.7485998850904912
| [0m58       [0m | [0m1.48     [0m | [0m0.1673   [0m | [0m41.9     [0m | [0m0.2165   [0m |
[0.05 0.22 0.6  0.71 0.83 0.9  0.96 0.98 1.06 1.11 1.15 1.18 1.32 1.46
 1.46 1.59 1.59 1.59 1.59 1.61 1.62 1.65 1.71 1.72 1.72 1.75 1.81 1.95
 1.98 2.   2.01 2.03 2.1  2.13 2.2  2.22 2.31 2.36 2.43 2.46 2.49 2.55
 2.56 2.84 2.9  2.96 3.13 3.15 3.19 3.29 3.39 4.   4.21 4.22 4.23 4.41
 4.5  4.56 4.81 5.15]
var: 1.402054555555556
| [0m59       [0m | [0m2.244    [0m | [0m0.08662  [0m | [0m41.78    [0m | [0m0.1183   [0m |
[0.34 0.75 0.85 0.91 0.97 0.98 1.03 1.23 1.28 1.28 1.3  1.3  1.31 1.37
 1.62 1.7  1.75 1.76 1.79 1.85 1.9  1.91 1.96 2.04 2.05 2.07 2.09 2.15
 2.23 2.41 2.43 2.5  2.5  2.5  2.51 2.54 2.57 2.59 2.62 2.65 2.71 2.98
 3.07 3.08 3.1  3.12 3.17 3.2  3.33 3.45 3.73 3.77 3.85 3.88 3.9  4.31
 4.38 5.61 6.62 8.22]
var: 1.910183638888888
| [95m60       [0m | [95m2.518    [0m | [95m0.1295   [0m | [95m41.82    [0m | [95m0.08442  [0m |
[0.04 0.11 0.16 0.49 0.54 0.55 0.73 0.77 0.86 0.93 1.07 1.07 1.11 1.13
 1.14 1.37 1.42 1.47 1.51 1.51 1.57 1.58 1.81 1.85 1.87 1.97 2.08 2.08
 2.08 2.11 2.15 2.19 2.2  2.26 2.37 2.39 2.43 2.44 2.45 2.48 2.48 2.92
 2.97 3.07 3.17 3.19 3.23 3.28 3.31 3.32 3.32 3.47 3.64 3.67 3.92 3.97
 4.09 4.15 4.39 6.45]
var: 1.526697638888889
| [0m61       [0m | [0m2.206    [0m | [0m0.1019   [0m | [0m41.72    [0m | [0m0.06033  [0m |
[0.01 0.05 0.07 0.08 0.08 0.1  0.14 0.14 0.17 0.17 0.19 0.2  0.25 0.25
 0.26 0.28 0.3  0.3  0.31 0.33 0.34 0.36 0.39 0.41 0.43 0.43 0.47 0.49
 0.5  0.51 0.51 0.52 0.52 0.6  0.62 0.64 0.65 0.67 0.72 0.74 0.75 0.76
 0.77 0.79 0.79 0.84 0.85 0.86 0.94 1.2  1.23 1.31 1.34 1.46 1.5  1.64
 1.99 2.   2.15 2.18]
var: 0.2915209722222223
| [0m62       [0m | [0m0.6592   [0m | [0m0.299    [0m | [0m6.949    [0m | [0m2.747    [0m |
[0.   0.   0.04 0.05 0.05 0.06 0.09 0.1  0.14 0.17 0.18 0.24 0.25 0.26
 0.27 0.27 0.32 0.32 0.32 0.33 0.33 0.33 0.35 0.35 0.35 0.4  0.44 0.44
 0.48 0.49 0.5  0.52 0.56 0.6  0.61 0.65 0.65 0.66 0.67 0.67 0.69 0.73
 0.88 0.92 1.03 1.03 1.04 1.14 1.15 1.21 1.23 1.35 1.57 1.76 1.88 1.88
 2.09 2.14 3.55 4.28]
var: 0.6353490000000004
| [0m63       [0m | [0m0.751    [0m | [0m0.1148   [0m | [0m37.22    [0m | [0m0.9423   [0m |
[0.   0.03 0.05 0.08 0.12 0.13 0.14 0.14 0.18 0.22 0.27 0.28 0.33 0.38
 0.46 0.47 0.5  0.55 0.55 0.57 0.58 0.59 0.59 0.61 0.66 0.7  0.71 0.73
 0.73 0.76 0.76 0.77 0.79 0.79 0.84 0.84 0.91 0.92 0.94 0.94 1.01 1.12
 1.12 1.15 1.23 1.24 1.25 1.25 1.28 1.32 1.36 1.48 1.53 1.72 1.83 1.87
 1.94 2.17 2.77 3.12]
var: 0.4114969722222217
| [0m64       [0m | [0m0.8728   [0m | [0m0.2566   [0m | [0m35.57    [0m | [0m0.7468   [0m |
[0.23 0.32 0.54 0.54 0.59 0.64 0.77 0.91 0.98 0.98 1.02 1.06 1.11 1.13
 1.16 1.21 1.26 1.26 1.27 1.29 1.31 1.32 1.35 1.43 1.45 1.46 1.46 1.58
 1.59 1.62 1.64 1.64 1.65 1.69 1.71 1.77 1.87 1.87 1.9  2.01 2.2  2.34
 2.38 2.47 2.52 2.71 2.73 2.74 2.75 2.96 3.07 3.07 3.45 3.46 3.61 3.69
 3.86 4.07 4.09 4.51]
var: 1.0483669722222217
| [0m65       [0m | [0m1.888    [0m | [0m0.1959   [0m | [0m41.83    [0m | [0m0.01545  [0m |
[0.31 0.37 0.46 0.47 0.54 0.56 0.57 0.71 0.73 0.75 0.83 0.83 1.02 1.05
 1.06 1.1  1.17 1.26 1.3  1.36 1.42 1.46 1.47 1.51 1.58 1.61 1.62 1.67
 2.   2.   2.   2.07 2.12 2.15 2.24 2.25 2.32 2.34 2.53 2.54 2.54 2.56
 2.58 2.6  2.64 2.72 2.76 2.78 2.86 2.89 3.01 3.31 3.37 3.59 3.66 3.87
 3.9  4.46 4.6  5.42]
var: 1.31419475
| [0m66       [0m | [0m2.025    [0m | [0m0.1385   [0m | [0m42.03    [0m | [0m0.1242   [0m |
[0.18 0.49 0.68 0.79 0.86 1.11 1.12 1.24 1.25 1.27 1.28 1.34 1.45 1.45
 1.52 1.53 1.61 1.68 1.7  1.77 1.81 1.84 1.87 1.92 1.98 1.99 2.   2.08
 2.2  2.21 2.26 2.27 2.39 2.41 2.49 2.5  2.5  2.52 2.58 2.61 2.61 2.66
 2.71 2.72 2.73 2.74 2.85 2.87 2.93 2.95 3.26 3.29 3.33 3.39 3.42 3.44
 3.49 3.64 4.56 4.88]
var: 0.8691098888888888
| [0m67       [0m | [0m2.22     [0m | [0m0.1157   [0m | [0m41.88    [0m | [0m0.03246  [0m |
[0.05 0.26 0.35 0.47 0.62 0.69 0.71 0.8  0.87 0.92 0.95 0.96 0.98 1.05
 1.08 1.17 1.17 1.26 1.26 1.31 1.39 1.41 1.43 1.46 1.47 1.54 1.59 1.6
 1.62 1.65 1.7  1.84 1.88 1.88 1.89 1.98 2.   2.04 2.12 2.12 2.2  2.2
 2.32 2.33 2.38 2.6  2.6  2.7  2.71 2.75 2.89 3.21 3.25 3.27 3.29 3.3
 4.23 4.32 4.38 4.73]
var: 1.0965888888888895
| [0m68       [0m | [0m1.887    [0m | [0m0.2754   [0m | [0m41.99    [0m | [0m0.1442   [0m |
[0.3  0.32 0.35 0.37 0.54 0.55 0.61 0.72 0.75 0.85 0.92 0.97 0.99 1.08
 1.1  1.12 1.16 1.18 1.21 1.21 1.22 1.26 1.38 1.42 1.49 1.49 1.51 1.52
 1.54 1.58 1.6  1.62 1.74 1.78 1.85 1.87 1.87 2.1  2.26 2.31 2.42 2.64
 2.74 2.87 2.92 2.93 2.97 3.09 3.16 3.27 3.42 3.58 3.66 4.01 4.16 4.52
 4.66 4.92 4.94 6.27]
var: 1.78912788888889
| [0m69       [0m | [0m2.048    [0m | [0m0.1941   [0m | [0m41.75    [0m | [0m0.106    [0m |
[0.19 0.5  0.52 0.63 0.75 0.81 0.96 1.07 1.07 1.08 1.18 1.19 1.23 1.24
 1.26 1.32 1.36 1.36 1.4  1.4  1.44 1.48 1.5  1.64 1.64 1.66 1.78 1.82
 1.83 1.83 1.93 1.94 1.97 2.01 2.06 2.09 2.12 2.14 2.22 2.34 2.4  2.44
 2.6  2.64 2.7  2.76 2.89 2.93 2.96 3.15 3.16 3.27 3.41 3.45 3.45 3.76
 3.96 5.1  5.32 9.71]
var: 2.0571743333333337
| [0m70       [0m | [0m2.167    [0m | [0m0.1082   [0m | [0m41.96    [0m | [0m0.02212  [0m |
[0.   0.   0.02 0.02 0.03 0.03 0.04 0.05 0.05 0.05 0.07 0.1  0.11 0.11
 0.11 0.12 0.13 0.14 0.15 0.15 0.16 0.17 0.19 0.19 0.21 0.23 0.24 0.24
 0.25 0.26 0.27 0.28 0.3  0.31 0.33 0.33 0.37 0.37 0.37 0.38 0.39 0.4
 0.41 0.42 0.43 0.45 0.47 0.47 0.48 0.49 0.51 0.55 0.55 0.57 0.6  0.63
 0.68 0.94 1.04 1.21]
var: 0.06257655555555544
| [0m71       [0m | [0m0.3103   [0m | [0m0.1705   [0m | [0m42.41    [0m | [0m2.28     [0m |
[0.18 0.19 0.22 0.41 0.43 0.43 0.57 0.74 0.74 0.77 0.81 0.99 1.   1.02
 1.12 1.27 1.29 1.34 1.38 1.42 1.46 1.47 1.55 1.58 1.72 1.96 1.97 1.97
 1.98 2.   2.02 2.28 2.29 2.32 2.34 2.56 2.58 2.71 2.84 2.96 3.   3.01
 3.03 3.07 3.15 3.17 3.19 3.24 3.29 3.33 3.37 3.41 3.63 3.74 4.05 4.13
 4.16 4.38 4.74 5.64]
var: 1.599026083333334
| [0m72       [0m | [0m2.194    [0m | [0m0.01955  [0m | [0m42.03    [0m | [0m0.1201   [0m |
[ 0.51  0.65  0.72  0.84  0.91  1.03  1.08  1.17  1.26  1.36  1.5   1.55
  1.62  1.63  1.91  1.93  1.94  1.95  1.99  2.1   2.18  2.2   2.23  2.27
  2.29  2.35  2.38  2.43  2.57  2.57  2.58  2.6   2.63  2.69  2.8   2.88
  3.    3.02  3.02  3.07  3.26  3.32  3.38  3.39  3.42  3.43  3.49  3.5
  3.51  3.96  4.    4.08  4.16  4.21  4.35  4.47  4.88  6.33  7.37 12.2 ]
var: 3.1729482222222223
| [95m73       [0m | [95m2.835    [0m | [95m0.02226  [0m | [95m41.86    [0m | [95m0.01555  [0m |
[0.13 0.17 0.21 0.29 0.4  0.4  0.43 0.47 0.5  0.54 0.58 0.59 0.59 0.61
 0.66 0.66 0.69 0.69 0.73 0.73 0.77 0.79 0.8  0.8  0.82 0.83 0.84 0.85
 0.88 0.89 0.89 0.9  0.95 0.96 0.97 1.   1.01 1.02 1.09 1.14 1.27 1.28
 1.3  1.31 1.35 1.52 1.62 1.65 1.68 1.77 1.79 1.85 1.86 1.87 1.98 2.1
 2.6  2.61 2.8  2.97]
var: 0.4224576388888889
| [0m74       [0m | [0m1.091    [0m | [0m0.2152   [0m | [0m42.06    [0m | [0m0.00316  [0m |
[0.02 0.02 0.03 0.04 0.04 0.04 0.04 0.04 0.04 0.04 0.05 0.05 0.05 0.05
 0.06 0.06 0.06 0.06 0.06 0.06 0.06 0.07 0.07 0.07 0.07 0.07 0.08 0.08
 0.08 0.08 0.08 0.08 0.09 0.09 0.09 0.1  0.1  0.1  0.1  0.1  0.11 0.11
 0.11 0.11 0.11 0.11 0.11 0.12 0.12 0.12 0.13 0.13 0.13 0.13 0.14 0.15
 0.15 0.16 0.17 0.19]
var: 0.0014798888888888577
| [0m75       [0m | [0m0.08633  [0m | [0m1e-08    [0m | [0m41.79    [0m | [0m0.001    [0m |
[0.32 0.43 0.53 0.59 0.61 0.72 0.73 0.76 0.81 0.88 0.98 1.27 1.3  1.34
 1.37 1.55 1.58 1.61 1.63 1.65 1.74 1.76 1.85 1.87 1.88 2.   2.04 2.04
 2.06 2.08 2.13 2.13 2.25 2.35 2.36 2.4  2.47 2.48 2.53 2.57 2.63 2.76
 2.98 3.06 3.07 3.09 3.25 3.42 3.47 3.56 3.69 3.7  3.73 3.94 4.35 4.37
 4.59 4.78 4.92 5.57]
var: 1.5238798888888887
| [0m76       [0m | [0m2.31     [0m | [0m0.06475  [0m | [0m41.88    [0m | [0m0.09724  [0m |
[0.45 0.45 0.48 0.6  0.68 0.8  0.81 0.94 0.99 1.03 1.04 1.08 1.15 1.19
 1.23 1.35 1.37 1.39 1.47 1.5  1.59 1.7  1.79 1.81 1.82 1.85 1.93 1.94
 2.   2.   2.13 2.17 2.24 2.26 2.27 2.32 2.37 2.38 2.42 2.43 2.62 2.65
 2.74 2.75 2.78 2.79 2.9  3.15 3.28 3.35 3.4  3.49 3.62 3.68 3.92 4.05
 4.23 4.48 4.7  5.15]
var: 1.268890972222222
| [0m77       [0m | [0m2.186    [0m | [0m0.1638   [0m | [0m41.92    [0m | [0m0.05348  [0m |
[0.05 0.07 0.09 0.11 0.13 0.13 0.13 0.14 0.19 0.19 0.22 0.24 0.26 0.26
 0.34 0.36 0.4  0.44 0.44 0.44 0.49 0.5  0.51 0.54 0.56 0.57 0.57 0.59
 0.61 0.61 0.62 0.64 0.69 0.69 0.7  0.7  0.73 0.77 0.8  0.82 0.86 0.87
 0.93 0.97 0.97 0.99 1.12 1.14 1.14 1.17 1.18 1.2  1.22 1.28 1.45 1.53
 1.68 1.72 2.21 2.66]
var: 0.2753636388888891
| [0m78       [0m | [0m0.7272   [0m | [0m0.2146   [0m | [0m11.19    [0m | [0m2.016    [0m |
[0.   0.06 0.08 0.12 0.13 0.3  0.32 0.32 0.39 0.39 0.4  0.4  0.42 0.44
 0.51 0.54 0.6  0.63 0.64 0.66 0.68 0.71 0.71 0.75 0.76 0.8  0.82 0.83
 0.83 0.84 0.88 0.9  0.94 0.96 1.   1.04 1.07 1.08 1.13 1.16 1.25 1.29
 1.32 1.35 1.36 1.38 1.38 1.46 1.49 1.5  1.5  1.5  1.55 1.58 1.59 1.75
 1.86 1.9  2.4  3.49]
var: 0.3768123333333335
| [0m79       [0m | [0m0.969    [0m | [0m0.2432   [0m | [0m8.208    [0m | [0m1.945    [0m |
[0.02 0.03 0.07 0.1  0.1  0.14 0.14 0.18 0.21 0.22 0.22 0.23 0.25 0.27
 0.27 0.32 0.32 0.33 0.36 0.38 0.38 0.41 0.41 0.44 0.45 0.45 0.5  0.52
 0.52 0.53 0.53 0.58 0.59 0.64 0.64 0.65 0.65 0.66 0.67 0.68 0.69 0.76
 0.77 0.78 0.81 0.86 0.91 0.94 0.94 0.99 1.02 1.04 1.21 1.22 1.32 1.43
 1.73 1.84 1.93 2.1 ]
var: 0.22173763888888887
| [0m80       [0m | [0m0.6392   [0m | [0m0.1121   [0m | [0m12.66    [0m | [0m2.427    [0m |
=============================================================
None
num_trials:  40  inits,  40  iters,  60  per
rho:  5
pthin:  0.99

Best VPT: 2.8353333333333337
Best result: {'a': 0.022257020683761397, 'g': 41.86327470696906, 's': 0.015546743950456885}

KERNEL: nu=1.5, lengthscale=2.0, alpha=0.0005
