|   iter    |  target   |     a     |     g     |     s     |
-------------------------------------------------------------
[0.05 0.1  0.1  0.16 0.2  0.25 0.34 0.36 0.37 0.37 0.41 0.42 0.45 0.47
 0.49 0.59 0.61 0.65 0.72 0.74 0.75 0.76 0.8  0.82 0.83 0.88 0.89 0.97
 0.98 1.01 1.03 1.09 1.1  1.11 1.14 1.14 1.17 1.19 1.19 1.2  1.24 1.31
 1.31 1.31 1.33 1.34 1.34 1.36 1.36 1.56 1.61 1.63 1.73 1.76 1.81 1.89
 2.15 2.26 2.43 3.21]
var: 0.3836028888888885
| [0m1        [0m | [0m1.031    [0m | [0m0.099    [0m | [0m29.41    [0m | [0m0.6011   [0m |
[0.09 0.09 0.11 0.16 0.2  0.36 0.39 0.39 0.4  0.42 0.52 0.57 0.61 0.63
 0.65 0.69 0.71 0.74 0.74 0.75 0.92 0.98 1.16 1.17 1.18 1.19 1.21 1.21
 1.23 1.35 1.36 1.49 1.52 1.54 1.58 1.6  1.66 1.7  1.7  1.71 1.74 1.76
 1.87 1.94 1.96 1.96 2.11 2.16 2.17 2.24 2.26 2.46 2.5  2.64 2.78 2.87
 3.14 4.13 4.25 4.76]
var: 1.0310009999999992
| [95m2        [0m | [95m1.473    [0m | [95m0.07548  [0m | [95m32.89    [0m | [95m0.3715   [0m |
[0.   0.09 0.14 0.17 0.21 0.22 0.23 0.23 0.24 0.25 0.25 0.26 0.26 0.26
 0.28 0.29 0.29 0.3  0.31 0.33 0.33 0.37 0.39 0.41 0.41 0.41 0.43 0.43
 0.46 0.48 0.48 0.49 0.5  0.51 0.51 0.55 0.56 0.58 0.59 0.6  0.61 0.63
 0.65 0.65 0.66 0.72 0.74 0.75 0.76 0.81 0.85 0.86 0.87 0.87 0.89 1.03
 1.31 1.62 2.2  3.24]
var: 0.2501465555555556
| [0m3        [0m | [0m0.5803   [0m | [0m0.125    [0m | [0m6.123    [0m | [0m2.931    [0m |
[0.01 0.01 0.05 0.05 0.05 0.06 0.08 0.09 0.13 0.17 0.18 0.2  0.21 0.22
 0.22 0.23 0.28 0.28 0.28 0.29 0.3  0.31 0.36 0.37 0.38 0.4  0.4  0.4
 0.42 0.43 0.44 0.44 0.45 0.46 0.46 0.46 0.47 0.47 0.48 0.48 0.5  0.51
 0.52 0.53 0.54 0.56 0.61 0.63 0.64 0.66 0.68 0.73 0.85 0.86 0.91 0.98
 1.01 1.04 1.1  1.3 ]
var: 0.08219363888888895
| [0m4        [0m | [0m0.4438   [0m | [0m0.01469  [0m | [0m37.67    [0m | [0m1.891    [0m |
[0.   0.   0.   0.   0.   0.   0.03 0.03 0.03 0.03 0.08 0.09 0.12 0.12
 0.15 0.18 0.22 0.23 0.25 0.26 0.26 0.27 0.28 0.3  0.3  0.32 0.36 0.38
 0.38 0.39 0.41 0.42 0.43 0.44 0.47 0.49 0.52 0.59 0.59 0.59 0.59 0.59
 0.62 0.63 0.65 0.66 0.66 0.69 0.7  0.74 0.74 0.74 0.74 0.76 0.92 1.
 1.06 1.22 1.47 2.12]
var: 0.15153497222222215
| [0m5        [0m | [0m0.4552   [0m | [0m0.09178  [0m | [0m31.92    [0m | [0m2.026    [0m |
[0.01 0.02 0.03 0.1  0.1  0.14 0.15 0.18 0.21 0.24 0.24 0.27 0.28 0.29
 0.4  0.41 0.46 0.67 0.67 0.76 0.77 0.78 0.79 0.83 0.9  0.99 1.02 1.04
 1.07 1.09 1.13 1.14 1.15 1.15 1.18 1.22 1.26 1.27 1.31 1.42 1.47 1.47
 1.49 1.5  1.56 1.56 1.62 1.7  1.75 1.81 1.88 1.92 1.92 2.08 2.17 2.18
 2.34 2.37 3.02 3.75]
var: 0.6105772222222223
| [0m6        [0m | [0m1.112    [0m | [0m0.0352   [0m | [0m31.45    [0m | [0m0.5419   [0m |
[0.   0.03 0.03 0.03 0.08 0.08 0.08 0.11 0.12 0.13 0.14 0.15 0.17 0.18
 0.21 0.23 0.24 0.25 0.26 0.28 0.3  0.3  0.33 0.37 0.37 0.37 0.38 0.4
 0.4  0.41 0.44 0.47 0.47 0.5  0.51 0.53 0.54 0.59 0.59 0.63 0.64 0.64
 0.68 0.7  0.7  0.71 0.74 0.8  0.8  0.84 0.85 0.85 0.87 0.9  0.96 1.03
 1.04 1.1  1.11 1.55]
var: 0.11123497222222259
| [0m7        [0m | [0m0.4868   [0m | [0m0.2908   [0m | [0m14.88    [0m | [0m2.478    [0m |
[0.   0.03 0.05 0.06 0.07 0.08 0.08 0.09 0.11 0.12 0.13 0.13 0.15 0.18
 0.21 0.22 0.22 0.22 0.23 0.25 0.25 0.25 0.29 0.34 0.34 0.34 0.36 0.37
 0.39 0.39 0.41 0.41 0.42 0.43 0.43 0.46 0.47 0.47 0.49 0.53 0.57 0.61
 0.62 0.63 0.66 0.67 0.69 0.71 0.72 0.72 0.73 0.75 0.92 1.05 1.14 1.71
 1.99 2.15 2.15 2.16]
var: 0.2713232222222224
| [0m8        [0m | [0m0.5303   [0m | [0m0.2146   [0m | [0m1.773    [0m | [0m1.347    [0m |
[0.   0.01 0.03 0.04 0.08 0.1  0.11 0.12 0.12 0.14 0.14 0.16 0.17 0.18
 0.19 0.19 0.19 0.21 0.24 0.25 0.27 0.27 0.28 0.3  0.31 0.32 0.33 0.33
 0.35 0.4  0.41 0.42 0.44 0.44 0.44 0.44 0.45 0.45 0.45 0.45 0.46 0.46
 0.47 0.47 0.49 0.5  0.51 0.55 0.57 0.57 0.61 0.63 0.63 0.66 0.66 0.66
 0.72 0.73 0.91 1.07]
var: 0.049830972222222526
| [0m9        [0m | [0m0.3758   [0m | [0m0.1539   [0m | [0m29.1     [0m | [0m2.442    [0m |
[0.   0.02 0.03 0.05 0.07 0.13 0.16 0.18 0.18 0.19 0.19 0.21 0.26 0.27
 0.29 0.29 0.3  0.33 0.35 0.37 0.41 0.42 0.42 0.43 0.45 0.46 0.48 0.48
 0.5  0.5  0.5  0.53 0.54 0.55 0.58 0.6  0.62 0.67 0.78 0.78 0.79 0.79
 0.86 0.94 0.98 1.01 1.03 1.11 1.16 1.17 1.18 1.19 1.19 1.22 1.25 1.33
 1.53 1.55 1.8  1.85]
var: 0.20928388888888885
| [0m10       [0m | [0m0.6417   [0m | [0m0.05051  [0m | [0m12.87    [0m | [0m2.083    [0m |
[0.01 0.02 0.03 0.06 0.07 0.07 0.1  0.13 0.14 0.16 0.16 0.2  0.21 0.22
 0.22 0.22 0.23 0.23 0.26 0.29 0.29 0.3  0.3  0.37 0.37 0.4  0.43 0.45
 0.45 0.5  0.51 0.52 0.52 0.57 0.59 0.6  0.61 0.64 0.67 0.67 0.67 0.68
 0.7  0.71 0.73 0.78 0.78 0.84 0.92 0.96 1.01 1.01 1.1  1.14 1.17 1.21
 1.31 1.65 1.66 2.02]
var: 0.1891806666666668
| [0m11       [0m | [0m0.564    [0m | [0m0.2509   [0m | [0m4.366    [0m | [0m1.903    [0m |
[0.   0.03 0.03 0.04 0.05 0.12 0.13 0.13 0.19 0.19 0.22 0.27 0.29 0.3
 0.31 0.34 0.35 0.38 0.38 0.4  0.41 0.42 0.46 0.47 0.48 0.49 0.51 0.51
 0.51 0.54 0.63 0.66 0.72 0.73 0.73 0.73 0.74 0.74 0.76 0.76 0.79 0.79
 0.82 0.84 0.85 0.93 0.96 1.02 1.15 1.15 1.3  1.34 1.37 1.41 1.53 1.62
 1.82 2.34 2.63 3.05]
var: 0.3801056666666671
| [0m12       [0m | [0m0.731    [0m | [0m0.2283   [0m | [0m10.81    [0m | [0m1.6      [0m |
[0.   0.02 0.06 0.06 0.08 0.09 0.11 0.12 0.12 0.13 0.13 0.14 0.14 0.18
 0.19 0.21 0.22 0.24 0.25 0.3  0.3  0.33 0.33 0.35 0.36 0.37 0.39 0.41
 0.42 0.48 0.48 0.5  0.51 0.53 0.54 0.55 0.59 0.6  0.6  0.61 0.63 0.67
 0.73 0.74 0.74 0.77 0.77 0.78 0.78 0.81 0.82 0.85 0.9  0.96 0.96 0.97
 1.   1.02 1.78 2.75]
var: 0.19622475
| [0m13       [0m | [0m0.5245   [0m | [0m0.08185  [0m | [0m9.093    [0m | [0m2.54     [0m |
[0.   0.01 0.03 0.04 0.05 0.07 0.09 0.1  0.11 0.17 0.19 0.2  0.21 0.22
 0.3  0.3  0.31 0.31 0.31 0.33 0.4  0.41 0.43 0.44 0.48 0.5  0.56 0.58
 0.58 0.61 0.62 0.62 0.63 0.63 0.65 0.65 0.67 0.68 0.69 0.69 0.73 0.75
 0.76 0.76 0.78 0.8  0.82 1.03 1.12 1.16 1.16 1.2  1.23 1.28 1.36 1.58
 1.7  1.81 1.99 2.25]
var: 0.256717888888889
| [0m14       [0m | [0m0.6523   [0m | [0m0.1917   [0m | [0m14.89    [0m | [0m1.653    [0m |
[0.   0.01 0.02 0.03 0.03 0.03 0.07 0.09 0.1  0.1  0.14 0.15 0.16 0.16
 0.17 0.18 0.18 0.19 0.22 0.22 0.27 0.27 0.27 0.3  0.31 0.31 0.32 0.34
 0.34 0.35 0.35 0.4  0.4  0.41 0.41 0.42 0.43 0.46 0.46 0.47 0.47 0.54
 0.54 0.62 0.65 0.66 0.66 0.68 0.73 0.75 0.78 0.8  0.86 0.88 0.89 0.96
 1.03 1.08 1.31 1.39]
var: 0.10629322222222219
| [0m15       [0m | [0m0.4303   [0m | [0m0.2369   [0m | [0m0.8562   [0m | [0m0.7609   [0m |
[0.   0.05 0.06 0.07 0.08 0.1  0.15 0.15 0.15 0.16 0.18 0.2  0.21 0.26
 0.3  0.3  0.32 0.33 0.33 0.35 0.35 0.39 0.4  0.45 0.45 0.46 0.47 0.47
 0.49 0.56 0.56 0.58 0.59 0.6  0.61 0.63 0.68 0.72 0.72 0.78 0.79 0.83
 0.84 0.9  0.9  0.98 1.06 1.09 1.1  1.16 1.2  1.39 1.44 1.46 1.55 1.73
 1.99 2.07 2.1  2.9 ]
var: 0.3507683055555557
| [0m16       [0m | [0m0.7032   [0m | [0m0.1069   [0m | [0m22.81    [0m | [0m1.249    [0m |
[0.   0.01 0.02 0.03 0.03 0.06 0.08 0.1  0.16 0.17 0.17 0.19 0.25 0.27
 0.27 0.28 0.3  0.32 0.35 0.36 0.37 0.38 0.38 0.39 0.39 0.4  0.41 0.45
 0.45 0.46 0.48 0.55 0.57 0.58 0.59 0.65 0.66 0.68 0.71 0.71 0.72 0.73
 0.75 0.85 0.89 0.9  0.91 0.91 0.96 1.07 1.09 1.14 1.15 1.15 1.2  1.27
 1.34 1.43 1.68 3.52]
var: 0.3013445555555557
| [0m17       [0m | [0m0.6223   [0m | [0m0.2965   [0m | [0m30.84    [0m | [0m1.41     [0m |
[0.01 0.01 0.04 0.08 0.08 0.1  0.22 0.23 0.33 0.37 0.4  0.41 0.43 0.45
 0.46 0.48 0.53 0.54 0.57 0.58 0.62 0.63 0.66 0.67 0.71 0.71 0.78 0.81
 0.86 0.89 0.97 0.98 0.99 1.09 1.12 1.14 1.21 1.25 1.25 1.26 1.26 1.28
 1.33 1.37 1.48 1.48 1.51 1.52 1.64 1.71 1.74 1.76 1.83 1.84 1.96 2.42
 2.7  2.76 3.3  3.81]
var: 0.6317198888888895
| [0m18       [0m | [0m1.06     [0m | [0m0.02001  [0m | [0m14.84    [0m | [0m1.093    [0m |
[0.   0.   0.01 0.02 0.03 0.03 0.04 0.05 0.05 0.07 0.07 0.08 0.08 0.09
 0.09 0.1  0.11 0.11 0.12 0.12 0.12 0.14 0.15 0.2  0.21 0.22 0.23 0.24
 0.27 0.28 0.29 0.3  0.3  0.3  0.32 0.35 0.36 0.36 0.36 0.36 0.39 0.39
 0.43 0.43 0.44 0.44 0.45 0.51 0.53 0.58 0.61 0.63 0.63 0.66 0.66 0.66
 0.67 0.68 0.78 0.94]
var: 0.0531945555555556
| [0m19       [0m | [0m0.3023   [0m | [0m0.04084  [0m | [0m34.04    [0m | [0m2.363    [0m |
[0.   0.   0.   0.   0.02 0.05 0.09 0.09 0.1  0.11 0.12 0.13 0.15 0.15
 0.17 0.17 0.18 0.19 0.25 0.25 0.26 0.28 0.29 0.29 0.31 0.34 0.35 0.36
 0.4  0.41 0.44 0.45 0.46 0.47 0.47 0.49 0.5  0.54 0.55 0.57 0.58 0.6
 0.62 0.63 0.64 0.66 0.7  0.73 0.75 0.8  0.84 0.98 1.02 1.05 1.07 1.07
 1.26 1.3  1.59 2.79]
var: 0.2173336388888892
| [0m20       [0m | [0m0.5022   [0m | [0m0.2019   [0m | [0m48.68    [0m | [0m0.8688   [0m |
[0.01 0.05 0.07 0.1  0.11 0.12 0.12 0.13 0.14 0.16 0.18 0.27 0.28 0.28
 0.29 0.31 0.38 0.41 0.51 0.51 0.52 0.54 0.56 0.61 0.63 0.67 0.67 0.67
 0.68 0.68 0.69 0.69 0.69 0.73 0.76 0.77 0.78 0.82 0.83 0.85 0.85 0.97
 0.98 0.99 1.   1.09 1.12 1.14 1.24 1.28 1.34 1.35 1.35 1.51 1.71 1.91
 1.92 1.93 2.12 2.25]
var: 0.30265933333333345
| [0m21       [0m | [0m0.772    [0m | [0m0.09871  [0m | [0m39.41    [0m | [0m0.7452   [0m |
[0.   0.   0.   0.01 0.02 0.02 0.03 0.05 0.05 0.06 0.07 0.07 0.07 0.07
 0.08 0.08 0.08 0.1  0.11 0.13 0.14 0.14 0.16 0.16 0.17 0.18 0.18 0.18
 0.24 0.24 0.24 0.25 0.28 0.28 0.29 0.3  0.31 0.32 0.32 0.34 0.35 0.35
 0.36 0.36 0.37 0.37 0.39 0.39 0.4  0.46 0.48 0.49 0.53 0.53 0.55 0.56
 0.63 0.72 0.95 1.18]
var: 0.05340288888888894
| [0m22       [0m | [0m0.2707   [0m | [0m0.06649  [0m | [0m46.52    [0m | [0m2.224    [0m |
[0.06 0.15 0.17 0.2  0.21 0.22 0.28 0.31 0.32 0.34 0.35 0.4  0.41 0.41
 0.45 0.46 0.48 0.48 0.57 0.69 0.7  0.73 0.77 0.81 0.82 0.85 0.92 0.95
 0.98 1.02 1.04 1.06 1.13 1.15 1.17 1.18 1.19 1.2  1.21 1.23 1.24 1.24
 1.27 1.4  1.54 1.54 1.65 1.77 1.86 1.96 2.02 2.11 2.14 2.53 2.54 2.75
 2.87 2.92 3.96 5.64]
var: 0.9928598888888882
| [0m23       [0m | [0m1.2      [0m | [0m0.00942  [0m | [0m49.63    [0m | [0m0.4582   [0m |
[0.   0.   0.   0.   0.   0.   0.01 0.02 0.02 0.02 0.03 0.09 0.1  0.1
 0.11 0.11 0.12 0.15 0.2  0.24 0.25 0.26 0.26 0.27 0.28 0.28 0.29 0.29
 0.3  0.31 0.31 0.31 0.32 0.33 0.33 0.37 0.37 0.38 0.38 0.4  0.41 0.42
 0.44 0.44 0.45 0.48 0.49 0.52 0.54 0.56 0.6  0.6  0.64 0.68 0.72 0.73
 0.73 0.75 0.95 1.44]
var: 0.07333555555555557
| [0m24       [0m | [0m0.3367   [0m | [0m0.2837   [0m | [0m29.29    [0m | [0m2.639    [0m |
[0.08 0.26 0.48 0.58 0.59 0.67 0.8  0.82 0.84 0.84 0.92 0.93 1.02 1.06
 1.09 1.1  1.12 1.13 1.21 1.21 1.22 1.29 1.31 1.32 1.46 1.5  1.51 1.52
 1.54 1.69 1.71 1.74 1.77 1.87 1.89 1.96 2.06 2.13 2.14 2.15 2.22 2.24
 2.26 2.28 2.4  2.43 2.45 2.46 2.52 2.55 2.63 2.95 3.09 3.22 3.23 3.47
 3.74 4.48 4.62 5.72]
var: 1.1745049722222223
| [95m25       [0m | [95m1.858    [0m | [95m0.009014 [0m | [95m15.22    [0m | [95m0.4363   [0m |
[0.   0.02 0.03 0.04 0.05 0.07 0.08 0.12 0.13 0.14 0.18 0.19 0.2  0.21
 0.23 0.28 0.28 0.3  0.36 0.37 0.42 0.43 0.44 0.44 0.48 0.48 0.48 0.5
 0.5  0.5  0.5  0.5  0.55 0.56 0.57 0.59 0.62 0.68 0.68 0.69 0.69 0.7
 0.76 0.76 0.77 0.86 0.88 0.88 0.91 0.92 0.94 1.04 1.04 1.04 1.08 1.23
 1.31 1.77 1.91 2.57]
var: 0.22662097222222236
| [0m26       [0m | [0m0.5992   [0m | [0m0.1027   [0m | [0m28.58    [0m | [0m1.089    [0m |
[0.   0.   0.01 0.01 0.02 0.02 0.03 0.05 0.06 0.1  0.11 0.12 0.12 0.12
 0.12 0.18 0.2  0.24 0.3  0.3  0.32 0.36 0.37 0.37 0.37 0.38 0.38 0.39
 0.39 0.39 0.41 0.41 0.42 0.43 0.44 0.49 0.49 0.51 0.52 0.53 0.57 0.58
 0.62 0.65 0.66 0.67 0.74 0.74 0.8  0.81 0.87 0.88 0.92 0.97 0.97 1.
 1.02 1.03 1.03 1.13]
var: 0.1022412222222224
| [0m27       [0m | [0m0.4523   [0m | [0m0.2301   [0m | [0m40.64    [0m | [0m1.235    [0m |
[0.   0.04 0.05 0.08 0.14 0.15 0.17 0.17 0.21 0.23 0.26 0.32 0.32 0.33
 0.38 0.42 0.42 0.43 0.49 0.53 0.55 0.55 0.56 0.56 0.57 0.57 0.6  0.65
 0.66 0.67 0.7  0.75 0.76 0.8  0.82 0.84 0.86 0.87 0.91 0.92 1.01 1.03
 1.05 1.14 1.2  1.24 1.28 1.29 1.33 1.35 1.5  1.51 1.64 1.68 1.68 1.89
 1.97 2.09 2.61 3.9 ]
var: 0.47790055555555516
| [0m28       [0m | [0m0.8617   [0m | [0m0.0204   [0m | [0m15.02    [0m | [0m0.9581   [0m |
[0.04 0.19 0.21 0.23 0.26 0.31 0.39 0.39 0.45 0.47 0.47 0.5  0.5  0.52
 0.52 0.58 0.61 0.61 0.61 0.63 0.72 0.72 0.75 0.75 0.77 0.78 0.79 0.79
 0.83 0.87 0.87 0.9  0.95 0.97 1.02 1.02 1.06 1.08 1.08 1.1  1.11 1.12
 1.17 1.19 1.2  1.23 1.24 1.24 1.29 1.71 1.74 1.76 1.82 1.84 1.9  1.93
 1.95 2.04 2.29 3.72]
var: 0.3973955555555554
| [0m29       [0m | [0m0.9967   [0m | [0m0.2684   [0m | [0m19.77    [0m | [0m0.6262   [0m |
[0.15 0.38 0.48 0.54 0.65 0.79 0.8  0.82 0.94 1.05 1.07 1.09 1.11 1.12
 1.16 1.18 1.2  1.25 1.29 1.3  1.31 1.39 1.44 1.54 1.54 1.56 1.61 1.68
 1.78 1.79 1.83 1.83 1.86 1.88 1.89 1.94 1.97 2.   2.09 2.11 2.21 2.37
 2.39 2.4  2.46 2.46 2.52 2.68 2.84 2.94 3.12 3.13 3.2  3.2  3.32 3.43
 3.73 3.91 5.67 6.47]
var: 1.3362278888888892
| [95m30       [0m | [95m1.964    [0m | [95m0.02855  [0m | [95m25.01    [0m | [95m0.3122   [0m |
[0.49 0.56 0.58 0.59 0.59 0.59 0.65 0.66 0.66 0.68 0.68 0.81 0.84 1.01
 1.02 1.03 1.04 1.05 1.12 1.12 1.16 1.21 1.26 1.3  1.33 1.33 1.35 1.45
 1.51 1.52 1.57 1.58 1.62 1.68 1.74 1.77 1.8  1.83 1.87 1.87 1.87 1.88
 1.91 1.93 1.95 2.05 2.1  2.13 2.24 2.26 2.28 2.36 2.45 2.67 2.69 3.
 3.19 3.81 4.05 5.51]
var: 0.8639520833333328
| [0m31       [0m | [0m1.648    [0m | [0m0.1606   [0m | [0m2.768    [0m | [0m0.06795  [0m |
[0.   0.   0.02 0.07 0.07 0.07 0.12 0.13 0.16 0.17 0.19 0.2  0.2  0.22
 0.24 0.25 0.31 0.35 0.35 0.36 0.37 0.39 0.4  0.41 0.43 0.44 0.45 0.46
 0.48 0.49 0.49 0.5  0.5  0.52 0.54 0.54 0.56 0.56 0.57 0.57 0.57 0.58
 0.6  0.6  0.62 0.77 0.78 0.8  0.82 0.84 0.85 0.93 0.98 1.14 1.15 1.21
 1.34 1.34 1.37 1.39]
var: 0.1290080833333334
| [0m32       [0m | [0m0.5305   [0m | [0m0.2521   [0m | [0m36.35    [0m | [0m1.342    [0m |
[0.02 0.02 0.03 0.04 0.04 0.06 0.11 0.12 0.14 0.17 0.17 0.2  0.22 0.22
 0.23 0.28 0.32 0.33 0.34 0.35 0.37 0.38 0.39 0.45 0.46 0.47 0.47 0.48
 0.49 0.5  0.52 0.55 0.61 0.62 0.62 0.63 0.63 0.64 0.68 0.7  0.71 0.71
 0.74 0.75 0.75 0.83 0.85 0.94 1.04 1.05 1.07 1.2  1.24 1.27 1.28 1.29
 1.54 1.85 2.02 2.08]
var: 0.23241155555555554
| [0m33       [0m | [0m0.6213   [0m | [0m0.2464   [0m | [0m21.28    [0m | [0m1.377    [0m |
[0.   0.04 0.05 0.1  0.1  0.11 0.11 0.14 0.24 0.25 0.27 0.28 0.28 0.29
 0.3  0.34 0.34 0.35 0.35 0.37 0.38 0.38 0.4  0.42 0.49 0.49 0.49 0.52
 0.52 0.54 0.54 0.55 0.58 0.62 0.63 0.64 0.68 0.7  0.72 0.84 0.87 0.93
 0.94 1.07 1.09 1.11 1.11 1.22 1.22 1.32 1.32 1.32 1.4  1.45 1.62 1.75
 1.85 2.   2.47 2.59]
var: 0.34615497222222186
| [0m34       [0m | [0m0.7348   [0m | [0m0.1436   [0m | [0m3.275    [0m | [0m0.859    [0m |
[0.   0.01 0.02 0.03 0.05 0.06 0.07 0.1  0.11 0.13 0.13 0.13 0.14 0.18
 0.19 0.19 0.21 0.22 0.23 0.23 0.23 0.26 0.26 0.27 0.29 0.29 0.29 0.31
 0.31 0.32 0.33 0.34 0.36 0.37 0.38 0.4  0.43 0.44 0.47 0.48 0.48 0.52
 0.54 0.55 0.56 0.63 0.66 0.67 0.68 0.75 0.77 0.8  0.82 0.84 0.93 1.14
 1.24 1.59 1.73 2.2 ]
var: 0.17922400000000047
| [0m35       [0m | [0m0.456    [0m | [0m0.01056  [0m | [0m24.79    [0m | [0m2.01     [0m |
[0.   0.   0.   0.01 0.01 0.01 0.02 0.02 0.04 0.06 0.07 0.08 0.08 0.08
 0.08 0.08 0.09 0.1  0.12 0.13 0.14 0.15 0.15 0.17 0.18 0.21 0.22 0.22
 0.22 0.23 0.23 0.24 0.24 0.25 0.27 0.28 0.31 0.32 0.33 0.34 0.34 0.34
 0.35 0.38 0.39 0.39 0.43 0.43 0.46 0.47 0.51 0.51 0.53 0.56 0.59 0.64
 0.65 0.69 0.73 1.64]
var: 0.06923497222222234
| [0m36       [0m | [0m0.2802   [0m | [0m0.0656   [0m | [0m33.83    [0m | [0m2.811    [0m |
[0.01 0.06 0.07 0.09 0.1  0.11 0.12 0.13 0.2  0.23 0.23 0.24 0.25 0.3
 0.32 0.37 0.39 0.42 0.43 0.44 0.45 0.47 0.47 0.47 0.49 0.49 0.51 0.53
 0.57 0.58 0.63 0.68 0.75 0.77 0.78 0.81 0.81 0.82 0.83 0.85 0.91 1.01
 1.07 1.1  1.12 1.13 1.2  1.24 1.3  1.31 1.32 1.37 1.43 1.63 1.76 1.8
 1.81 1.83 1.86 2.77]
var: 0.33062955555555573
| [0m37       [0m | [0m0.7707   [0m | [0m0.2407   [0m | [0m23.15    [0m | [0m1.129    [0m |
[0.   0.   0.01 0.01 0.02 0.02 0.02 0.03 0.04 0.04 0.06 0.09 0.17 0.19
 0.23 0.24 0.25 0.25 0.25 0.26 0.26 0.27 0.28 0.28 0.32 0.33 0.34 0.34
 0.34 0.35 0.35 0.36 0.37 0.38 0.38 0.4  0.42 0.42 0.44 0.45 0.45 0.46
 0.47 0.53 0.54 0.57 0.57 0.57 0.58 0.65 0.67 0.71 0.72 0.72 0.81 0.81
 0.88 1.05 1.19 2.05]
var: 0.11569788888888909
| [0m38       [0m | [0m0.4043   [0m | [0m0.2494   [0m | [0m29.44    [0m | [0m2.623    [0m |
[0.   0.01 0.02 0.02 0.06 0.06 0.07 0.1  0.1  0.1  0.11 0.11 0.12 0.15
 0.16 0.16 0.17 0.18 0.18 0.18 0.19 0.19 0.21 0.24 0.25 0.25 0.26 0.26
 0.28 0.28 0.3  0.3  0.3  0.32 0.33 0.34 0.34 0.35 0.35 0.36 0.36 0.39
 0.39 0.46 0.46 0.48 0.52 0.54 0.56 0.59 0.61 0.64 0.66 0.66 0.73 0.73
 0.78 1.03 1.27 1.28]
var: 0.07716055555555584
| [0m39       [0m | [0m0.3483   [0m | [0m0.2437   [0m | [0m41.84    [0m | [0m2.477    [0m |
[0.05 0.05 0.06 0.09 0.13 0.14 0.15 0.15 0.15 0.16 0.18 0.19 0.2  0.21
 0.22 0.22 0.23 0.24 0.24 0.29 0.29 0.35 0.36 0.38 0.4  0.44 0.45 0.45
 0.45 0.45 0.46 0.46 0.46 0.46 0.47 0.48 0.5  0.51 0.52 0.53 0.54 0.57
 0.6  0.66 0.69 0.7  0.74 0.77 0.78 0.78 0.78 0.8  0.88 0.96 1.2  1.26
 1.28 1.35 1.42 1.49]
var: 0.12637363888888895
| [0m40       [0m | [0m0.5078   [0m | [0m0.04251  [0m | [0m16.57    [0m | [0m2.492    [0m |
[0.34 0.62 0.62 0.78 0.92 1.06 1.15 1.27 1.34 1.38 1.39 1.42 1.45 1.47
 1.55 1.57 1.57 1.61 1.64 1.67 1.72 1.73 1.74 1.82 1.82 1.86 1.91 1.93
 1.98 2.14 2.17 2.17 2.2  2.23 2.24 2.27 2.28 2.29 2.32 2.45 2.48 2.49
 2.6  2.62 2.7  2.72 2.93 3.15 3.16 3.21 3.32 3.39 3.43 3.46 3.59 3.8
 3.97 4.11 4.36 7.56]
var: 1.2892212222222221
| [95m41       [0m | [95m2.252    [0m | [95m0.03575  [0m | [95m25.01    [0m | [95m0.06586  [0m |
[0.04 0.26 0.28 0.41 0.48 0.52 0.52 0.58 0.61 0.68 0.68 0.69 0.73 0.82
 0.84 0.88 0.91 0.93 0.94 0.98 0.99 1.02 1.08 1.12 1.14 1.16 1.18 1.18
 1.2  1.21 1.23 1.24 1.31 1.32 1.33 1.33 1.36 1.36 1.38 1.5  1.52 1.53
 1.62 1.63 1.63 1.81 1.83 1.87 1.87 1.98 2.02 2.16 2.18 2.22 2.24 2.34
 2.35 2.57 2.79 3.25]
var: 0.4341269722222221
| [0m42       [0m | [0m1.314    [0m | [0m0.07107  [0m | [0m32.9     [0m | [0m0.3662   [0m |
[0.08 0.24 0.26 0.28 0.48 0.59 0.6  0.65 0.78 0.83 0.86 0.89 0.94 0.99
 1.   1.01 1.05 1.09 1.13 1.16 1.28 1.31 1.33 1.37 1.45 1.49 1.54 1.55
 1.57 1.64 1.65 1.68 1.71 1.73 1.76 1.76 1.79 1.79 1.85 1.85 1.94 1.95
 1.97 1.99 1.99 2.   2.01 2.11 2.13 2.13 2.26 2.34 2.35 2.46 2.63 2.65
 2.85 3.19 3.56 3.9 ]
var: 0.6136865555555553
| [0m43       [0m | [0m1.59     [0m | [0m0.1265   [0m | [0m24.92    [0m | [0m0.1899   [0m |
[0.6  0.7  0.84 0.84 0.85 0.89 0.9  0.91 0.95 0.97 0.98 1.04 1.09 1.09
 1.14 1.16 1.16 1.18 1.19 1.24 1.25 1.37 1.37 1.44 1.45 1.46 1.47 1.48
 1.49 1.51 1.57 1.58 1.6  1.6  1.61 1.62 1.69 1.73 1.78 1.79 1.82 1.83
 1.84 1.85 1.9  1.94 2.02 2.04 2.05 2.08 2.15 2.17 2.48 2.59 2.6  2.75
 2.76 2.84 3.21 3.22]
var: 0.3762759999999996
| [0m44       [0m | [0m1.612    [0m | [0m0.1393   [0m | [0m24.96    [0m | [0m0.04679  [0m |
[0.05 0.4  0.57 0.61 0.61 0.66 0.67 0.72 0.73 0.76 0.79 0.83 0.83 0.83
 0.84 0.85 0.87 0.89 0.89 0.91 0.95 0.97 1.   1.   1.03 1.04 1.12 1.12
 1.15 1.21 1.23 1.25 1.45 1.49 1.53 1.55 1.59 1.59 1.63 1.64 1.67 1.67
 1.75 1.78 1.81 1.81 1.85 1.88 1.89 1.92 2.01 2.02 2.03 2.11 2.28 2.69
 2.82 2.88 4.23 4.36]
var: 0.640258305555556
| [0m45       [0m | [0m1.422    [0m | [0m0.1881   [0m | [0m25.09    [0m | [0m0.2031   [0m |
[0.   0.02 0.04 0.05 0.11 0.13 0.16 0.18 0.2  0.24 0.25 0.29 0.3  0.3
 0.31 0.34 0.35 0.37 0.39 0.4  0.41 0.43 0.44 0.44 0.44 0.44 0.48 0.5
 0.51 0.52 0.55 0.56 0.56 0.56 0.56 0.56 0.58 0.63 0.64 0.65 0.68 0.7
 0.72 0.72 0.74 0.74 0.75 0.82 0.85 0.9  0.94 1.   1.05 1.11 1.13 1.21
 1.32 1.34 1.35 1.45]
var: 0.12354941666666665
| [0m46       [0m | [0m0.5735   [0m | [0m0.1388   [0m | [0m29.88    [0m | [0m1.218    [0m |
[0.   0.02 0.07 0.09 0.12 0.13 0.14 0.16 0.17 0.19 0.2  0.24 0.25 0.3
 0.32 0.38 0.43 0.48 0.53 0.57 0.57 0.64 0.65 0.68 0.71 0.72 0.74 0.75
 0.77 0.82 0.87 0.95 0.95 1.03 1.04 1.05 1.1  1.12 1.2  1.22 1.22 1.23
 1.24 1.24 1.27 1.29 1.3  1.38 1.38 1.43 1.44 1.45 1.5  1.51 1.59 1.64
 1.94 2.4  2.53 3.05]
var: 0.4102555555555555
| [0m47       [0m | [0m0.9067   [0m | [0m0.2701   [0m | [0m28.65    [0m | [0m0.4927   [0m |
[0.23 0.25 0.25 0.28 0.32 0.34 0.34 0.43 0.46 0.47 0.48 0.58 0.83 1.02
 1.04 1.17 1.4  1.46 1.51 1.58 1.81 1.82 1.87 1.9  1.9  1.91 2.   2.12
 2.2  2.49 2.49 2.69 2.75 2.76 2.87 2.98 2.99 3.   3.05 3.12 3.19 3.21
 3.29 3.35 3.36 3.44 3.47 3.56 3.62 3.68 3.68 3.76 3.79 3.98 4.23 4.62
 4.72 6.1  6.18 6.24]
var: 2.3356914166666667
| [95m48       [0m | [95m2.411    [0m | [95m0.001662 [0m | [95m25.07    [0m | [95m0.1477   [0m |
[0.53 0.64 0.81 0.85 0.91 0.97 1.03 1.05 1.06 1.1  1.12 1.13 1.14 1.15
 1.25 1.29 1.34 1.46 1.47 1.48 1.49 1.51 1.52 1.53 1.54 1.54 1.57 1.59
 1.61 1.65 1.67 1.68 1.73 1.75 1.79 1.8  1.81 1.83 1.84 1.88 1.92 1.93
 1.94 1.96 1.97 2.   2.01 2.04 2.11 2.16 2.21 2.25 2.46 2.53 2.57 2.69
 2.96 2.96 3.1  3.52]
var: 0.36782555555555546
| [0m49       [0m | [0m1.707    [0m | [0m0.08967  [0m | [0m25.13    [0m | [0m0.0447   [0m |
[0.01 0.02 0.03 0.03 0.04 0.04 0.05 0.07 0.09 0.09 0.1  0.11 0.12 0.13
 0.14 0.17 0.17 0.17 0.18 0.19 0.22 0.23 0.23 0.24 0.24 0.25 0.27 0.28
 0.28 0.28 0.3  0.3  0.31 0.32 0.33 0.37 0.39 0.4  0.4  0.41 0.43 0.44
 0.45 0.45 0.46 0.48 0.49 0.5  0.55 0.61 0.65 0.69 0.74 0.78 0.82 0.86
 0.93 1.   1.12 1.28]
var: 0.08177363888888864
| [0m50       [0m | [0m0.3622   [0m | [0m0.2846   [0m | [0m44.75    [0m | [0m1.555    [0m |
[0.36 0.43 0.65 0.66 0.72 0.76 0.89 0.93 0.95 1.13 1.15 1.2  1.27 1.3
 1.31 1.33 1.34 1.52 1.53 1.65 1.67 1.69 1.69 1.7  1.75 1.77 1.79 1.87
 1.94 1.96 1.96 1.98 2.03 2.09 2.18 2.34 2.36 2.38 2.41 2.47 2.53 2.65
 2.76 3.02 3.03 3.26 3.34 3.35 3.37 3.47 3.6  3.62 3.64 3.78 3.81 3.96
 4.14 4.5  5.01 6.02]
var: 1.4247136388888888
| [0m51       [0m | [0m2.233    [0m | [0m0.02635  [0m | [0m24.99    [0m | [0m0.1957   [0m |
[0.08 0.09 0.1  0.14 0.16 0.28 0.37 0.38 0.51 0.52 0.53 0.53 0.54 0.56
 0.57 0.57 0.58 0.58 0.6  0.68 0.71 0.71 0.71 0.74 0.76 0.77 0.87 0.96
 1.07 1.09 1.1  1.15 1.15 1.27 1.27 1.29 1.35 1.36 1.39 1.44 1.49 1.51
 1.54 1.55 1.6  1.64 1.66 1.78 1.79 1.85 1.89 1.9  1.91 1.99 1.99 2.23
 2.48 2.56 2.77 3.92]
var: 0.563133222222223
| [0m52       [0m | [0m1.16     [0m | [0m0.2183   [0m | [0m32.75    [0m | [0m0.3517   [0m |
[0.15 0.16 0.19 0.21 0.23 0.26 0.27 0.29 0.29 0.29 0.31 0.33 0.35 0.4
 0.45 0.47 0.5  0.5  0.5  0.5  0.53 0.57 0.57 0.59 0.59 0.65 0.66 0.66
 0.66 0.72 0.73 0.75 0.81 0.82 0.83 0.83 1.02 1.03 1.19 1.2  1.25 1.26
 1.28 1.28 1.29 1.3  1.32 1.33 1.34 1.45 1.5  1.56 1.68 1.73 1.95 2.01
 2.13 2.13 2.76 2.85]
var: 0.40334788888888906
| [0m53       [0m | [0m0.9243   [0m | [0m0.01026  [0m | [0m25.05    [0m | [0m0.007815 [0m |
[0.14 0.31 0.51 0.59 0.62 0.67 0.68 0.69 0.69 0.7  0.74 0.8  0.81 0.82
 0.89 0.89 1.03 1.06 1.09 1.12 1.12 1.16 1.17 1.17 1.18 1.19 1.26 1.3
 1.31 1.34 1.34 1.36 1.37 1.39 1.42 1.44 1.47 1.48 1.5  1.53 1.74 1.77
 1.79 1.81 1.9  1.91 1.96 1.99 2.03 2.08 2.18 2.21 2.29 2.41 2.44 2.47
 2.5  2.6  2.62 3.62]
var: 0.45264030555555507
| [0m54       [0m | [0m1.428    [0m | [0m0.09469  [0m | [0m25.04    [0m | [0m0.3133   [0m |
[0.68 0.68 0.68 0.83 0.89 0.92 1.02 1.06 1.06 1.07 1.11 1.12 1.23 1.25
 1.28 1.28 1.34 1.39 1.45 1.47 1.54 1.58 1.62 1.68 1.69 1.7  1.7  1.7
 1.74 1.76 1.86 1.88 1.92 1.95 2.07 2.08 2.09 2.09 2.09 2.11 2.12 2.16
 2.17 2.28 2.42 2.48 2.57 2.58 2.6  2.64 2.65 2.71 2.78 3.21 3.32 3.51
 3.56 4.02 4.22 5.19]
var: 0.8250276388888886
| [0m55       [0m | [0m1.964    [0m | [0m0.06734  [0m | [0m25.04    [0m | [0m0.1316   [0m |
[0.35 0.48 0.58 0.6  0.61 0.61 0.63 0.66 0.74 0.76 0.82 0.83 0.87 0.92
 0.93 0.95 0.96 0.97 1.01 1.01 1.04 1.13 1.15 1.26 1.32 1.37 1.38 1.44
 1.44 1.5  1.5  1.53 1.64 1.65 1.66 1.68 1.69 1.71 1.75 1.84 1.94 1.98
 2.07 2.1  2.16 2.18 2.2  2.23 2.35 2.56 2.65 2.68 2.7  2.74 2.75 2.92
 3.56 4.85 5.28 5.67]
var: 1.1857423333333343
| [0m56       [0m | [0m1.709    [0m | [0m0.1198   [0m | [0m24.91    [0m | [0m0.2077   [0m |
[0.19 0.23 0.48 0.54 0.58 0.64 0.66 0.66 0.71 0.72 0.73 0.75 0.77 0.78
 0.79 0.81 0.82 0.86 0.9  0.95 1.05 1.1  1.21 1.25 1.28 1.33 1.33 1.34
 1.36 1.42 1.44 1.51 1.55 1.58 1.6  1.6  1.6  1.64 1.67 1.68 1.69 1.71
 1.85 2.   2.12 2.12 2.14 2.33 2.34 2.39 2.4  2.43 2.48 2.6  2.64 2.64
 2.73 3.06 3.78 4.87]
var: 0.7616347499999994
| [0m57       [0m | [0m1.541    [0m | [0m0.1023   [0m | [0m25.21    [0m | [0m0.1697   [0m |
[0.   0.   0.   0.   0.   0.   0.   0.   0.   0.   0.   0.   0.   0.
 0.   0.   0.   0.   0.   0.   0.   0.   0.   0.   0.01 0.01 0.01 0.01
 0.01 0.01 0.01 0.02 0.02 0.02 0.04 0.04 0.09 0.11 0.12 0.13 0.13 0.15
 0.2  0.23 0.24 0.28 0.28 0.36 0.37 0.45 0.72 0.76 0.93 1.19 1.26 1.26
 1.54 1.77 1.94 3.55]
var: 0.39553141666666686
| [0m58       [0m | [0m0.3045   [0m | [0m1e-08    [0m | [0m24.97    [0m | [0m0.1195   [0m |
[0.05 0.08 0.13 0.17 0.29 0.33 0.33 0.42 0.51 0.61 0.65 0.71 0.75 0.82
 0.84 0.91 0.96 1.   1.02 1.05 1.1  1.18 1.19 1.19 1.21 1.24 1.3  1.32
 1.35 1.39 1.42 1.42 1.46 1.52 1.55 1.93 1.96 1.96 1.97 1.98 2.06 2.16
 2.19 2.26 2.34 2.35 2.62 2.66 2.69 2.78 2.81 2.92 3.06 3.45 3.51 3.54
 3.8  4.21 4.32 4.46]
var: 1.2506656666666667
| [0m59       [0m | [0m1.691    [0m | [0m0.03333  [0m | [0m24.98    [0m | [0m0.3696   [0m |
[0.05 0.06 0.1  0.18 0.36 0.37 0.44 0.47 0.72 0.74 0.79 0.92 0.97 0.97
 1.03 1.06 1.1  1.13 1.26 1.41 1.5  1.51 1.56 1.66 1.85 1.9  1.91 1.94
 2.05 2.07 2.19 2.22 2.47 2.48 2.53 2.69 2.74 2.85 2.85 2.89 2.89 3.02
 3.1  3.13 3.15 3.54 3.6  3.64 3.68 3.79 3.81 4.17 4.77 5.05 5.16 5.22
 5.35 6.06 6.76 7.44]
var: 2.927992666666667
| [95m60       [0m | [95m2.422    [0m | [95m0.001342 [0m | [95m15.27    [0m | [95m0.4138   [0m |
[0.07 0.34 0.57 0.59 0.67 0.71 0.83 0.85 0.9  0.9  0.9  0.9  0.92 1.01
 1.03 1.03 1.1  1.19 1.2  1.22 1.23 1.31 1.32 1.33 1.33 1.35 1.38 1.43
 1.44 1.45 1.48 1.48 1.54 1.58 1.62 1.69 1.76 1.76 1.8  1.82 1.93 1.94
 1.94 1.96 2.02 2.12 2.16 2.18 2.26 2.44 2.48 2.58 2.65 2.71 2.98 3.19
 3.35 3.44 4.56 4.66]
var: 0.8201998888888891
| [0m61       [0m | [0m1.676    [0m | [0m0.2346   [0m | [0m18.82    [0m | [0m0.1314   [0m |
[0.14 0.35 0.42 0.51 0.7  0.71 0.77 0.84 0.85 0.86 0.89 0.89 0.9  0.95
 0.99 1.06 1.1  1.12 1.13 1.15 1.15 1.16 1.18 1.33 1.42 1.64 1.69 1.72
 1.74 1.77 1.88 1.88 1.92 1.95 1.95 2.04 2.24 2.4  2.4  2.45 2.53 2.65
 2.73 2.95 3.   3.02 3.07 3.17 3.27 3.52 3.53 3.56 3.62 4.11 4.13 4.5
 4.61 4.75 5.21 5.83]
var: 1.7568599999999996
| [0m62       [0m | [0m2.1      [0m | [0m0.008955 [0m | [0m15.04    [0m | [0m0.3534   [0m |
[0.19 0.19 0.31 0.56 0.59 0.62 0.68 0.69 0.73 0.74 0.77 0.8  0.81 0.81
 0.88 0.93 0.93 1.04 1.11 1.17 1.19 1.21 1.23 1.26 1.28 1.33 1.33 1.34
 1.41 1.47 1.47 1.49 1.56 1.58 1.58 1.6  1.69 1.76 1.83 1.85 1.87 1.98
 1.99 2.15 2.17 2.47 2.57 2.84 2.96 3.1  3.19 3.2  3.32 3.37 3.42 3.54
 3.57 3.6  3.66 4.2 ]
var: 1.0389965555555558
| [0m63       [0m | [0m1.72     [0m | [0m0.1155   [0m | [0m25.04    [0m | [0m0.2002   [0m |
[0.02 0.04 0.08 0.14 0.2  0.23 0.27 0.27 0.32 0.33 0.33 0.35 0.36 0.4
 0.47 0.59 0.74 0.75 0.81 1.03 1.11 1.28 1.28 1.3  1.31 1.34 1.37 1.39
 1.45 1.45 1.49 1.57 1.59 1.59 1.79 1.82 1.91 1.93 1.94 1.98 1.99 2.03
 2.05 2.06 2.06 2.12 2.14 2.16 2.19 2.23 2.26 2.3  2.31 2.41 2.42 2.43
 2.57 2.9  3.03 3.2 ]
var: 0.7278682222222226
| [0m64       [0m | [0m1.425    [0m | [0m0.08947  [0m | [0m15.35    [0m | [0m0.3819   [0m |
[0.04 0.06 0.08 0.17 0.3  0.36 0.44 0.45 0.47 0.48 0.51 0.52 0.53 0.53
 0.55 0.56 0.56 0.58 0.6  0.6  0.61 0.64 0.66 0.67 0.67 0.67 0.71 0.72
 0.73 0.74 0.76 0.78 0.79 0.84 0.88 0.95 0.97 0.99 1.   1.   1.01 1.03
 1.06 1.08 1.09 1.14 1.15 1.22 1.27 1.28 1.28 1.34 1.44 1.7  1.77 1.95
 3.3  3.38 3.96 4.21]
var: 0.6880003055555561
| [0m65       [0m | [0m0.9972   [0m | [0m0.1527   [0m | [0m29.84    [0m | [0m0.5544   [0m |
[0.07 0.15 0.21 0.24 0.24 0.26 0.49 0.73 0.77 0.79 0.79 0.89 0.91 0.95
 1.03 1.12 1.16 1.24 1.39 1.42 1.58 1.63 1.72 1.73 1.75 1.8  1.83 1.87
 2.01 2.13 2.14 2.16 2.17 2.21 2.28 2.29 2.46 2.5  2.52 2.64 2.66 2.69
 2.69 2.83 2.85 2.95 2.98 3.01 3.02 3.08 3.18 3.25 3.45 3.47 3.66 4.01
 4.05 4.08 4.18 5.87]
var: 1.4508880833333324
| [0m66       [0m | [0m2.071    [0m | [0m0.01752  [0m | [0m15.2     [0m | [0m0.3286   [0m |
[0.07 0.32 0.37 0.42 0.52 0.6  0.68 0.8  0.89 1.01 1.02 1.09 1.18 1.25
 1.25 1.36 1.39 1.41 1.42 1.57 1.59 1.6  1.62 1.72 1.77 1.85 1.86 1.89
 1.92 2.02 2.06 2.06 2.09 2.11 2.13 2.13 2.17 2.19 2.19 2.19 2.23 2.3
 2.42 2.53 2.57 2.61 2.8  2.83 2.83 2.9  2.96 3.01 3.15 3.3  3.44 3.44
 3.48 3.72 4.33 4.55]
var: 0.960686555555555
| [0m67       [0m | [0m1.986    [0m | [0m0.06646  [0m | [0m15.17    [0m | [0m0.3078   [0m |
[0.06 0.11 0.12 0.15 0.29 0.34 0.5  0.65 0.68 0.69 0.75 0.85 0.91 0.94
 0.96 0.97 1.1  1.13 1.15 1.18 1.25 1.32 1.35 1.45 1.46 1.48 1.52 1.55
 1.58 1.6  1.61 1.67 1.71 1.76 1.77 1.88 1.93 1.98 1.99 2.08 2.15 2.18
 2.21 2.21 2.21 2.3  2.3  2.33 2.36 2.59 2.7  2.9  2.9  3.08 3.24 3.33
 3.42 3.42 4.03 5.35]
var: 1.0640193333333339
| [0m68       [0m | [0m1.728    [0m | [0m0.06966  [0m | [0m24.98    [0m | [0m0.2094   [0m |
[0.15 0.22 0.45 0.68 0.79 0.85 0.96 0.97 1.18 1.24 1.29 1.31 1.37 1.39
 1.46 1.56 1.58 1.62 1.7  1.74 1.79 1.81 1.86 1.88 1.9  2.   2.06 2.09
 2.11 2.11 2.16 2.26 2.31 2.32 2.32 2.36 2.38 2.42 2.5  2.52 2.62 2.7
 2.83 3.05 3.09 3.2  3.21 3.32 3.39 3.64 3.69 3.77 3.88 3.95 4.28 4.32
 4.42 5.73 5.73 7.06]
var: 1.8037320833333355
| [0m69       [0m | [0m2.393    [0m | [0m0.0119   [0m | [0m25.05    [0m | [0m0.2141   [0m |
[0.01 0.01 0.02 0.02 0.04 0.05 0.07 0.08 0.1  0.1  0.13 0.2  0.2  0.21
 0.22 0.26 0.26 0.28 0.29 0.3  0.31 0.33 0.33 0.34 0.34 0.36 0.37 0.37
 0.38 0.38 0.4  0.41 0.41 0.41 0.41 0.45 0.46 0.47 0.48 0.48 0.5  0.56
 0.57 0.63 0.65 0.65 0.65 0.66 0.68 0.69 0.7  0.74 0.87 0.88 0.98 1.2
 1.25 1.26 1.33 1.64]
var: 0.12292363888888881
| [0m70       [0m | [0m0.4638   [0m | [0m0.04436  [0m | [0m14.52    [0m | [0m2.516    [0m |
[0.55 0.55 0.65 0.66 0.76 0.88 0.88 1.   1.04 1.05 1.07 1.08 1.14 1.14
 1.14 1.18 1.2  1.23 1.26 1.35 1.39 1.46 1.46 1.47 1.47 1.5  1.51 1.58
 1.6  1.62 1.66 1.78 1.8  1.82 1.91 1.94 2.03 2.04 2.14 2.46 2.51 2.57
 2.63 2.84 2.92 2.92 2.97 3.14 3.17 3.21 3.37 3.38 3.41 3.45 3.55 3.58
 3.69 3.75 3.95 4.1 ]
var: 0.997022888888889
| [0m71       [0m | [0m1.993    [0m | [0m0.02475  [0m | [0m37.78    [0m | [0m0.0677   [0m |
[0.   0.01 0.02 0.08 0.09 0.11 0.13 0.19 0.22 0.23 0.24 0.24 0.25 0.26
 0.29 0.3  0.3  0.32 0.33 0.33 0.34 0.35 0.35 0.38 0.4  0.4  0.41 0.42
 0.42 0.44 0.44 0.45 0.48 0.49 0.51 0.52 0.55 0.56 0.56 0.57 0.57 0.59
 0.61 0.7  0.71 0.71 0.72 0.76 0.77 0.8  0.81 0.83 0.89 0.91 0.97 0.97
 1.19 1.27 1.44 1.72]
var: 0.11747155555555541
| [0m72       [0m | [0m0.5153   [0m | [0m0.08967  [0m | [0m1.713    [0m | [0m1.989    [0m |
[0.68 0.79 0.82 0.84 0.85 0.9  0.94 0.98 0.98 1.   1.02 1.04 1.09 1.22
 1.24 1.28 1.33 1.35 1.41 1.42 1.51 1.52 1.57 1.57 1.58 1.6  1.62 1.63
 1.63 1.64 1.65 1.65 1.65 1.66 1.68 1.75 1.78 1.9  1.94 1.98 1.99 2.02
 2.1  2.11 2.41 2.42 2.43 2.56 2.61 2.64 2.89 2.92 3.   3.14 3.2  3.35
 3.54 3.8  4.2  4.5 ]
var: 0.7617282222222227
| [0m73       [0m | [0m1.875    [0m | [0m0.05229  [0m | [0m25.06    [0m | [0m0.1675   [0m |
[0.   0.   0.03 0.04 0.04 0.09 0.09 0.09 0.09 0.14 0.15 0.15 0.16 0.18
 0.19 0.2  0.2  0.27 0.3  0.3  0.31 0.32 0.35 0.39 0.39 0.4  0.42 0.42
 0.42 0.43 0.46 0.47 0.47 0.49 0.5  0.52 0.54 0.55 0.55 0.55 0.57 0.58
 0.61 0.68 0.7  0.81 0.82 0.83 0.88 0.9  0.93 0.95 1.06 1.14 1.16 1.31
 1.35 1.39 1.51 1.59]
var: 0.15965030555555554
| [0m74       [0m | [0m0.5238   [0m | [0m0.06323  [0m | [0m12.2     [0m | [0m2.934    [0m |
[0.   0.   0.01 0.02 0.04 0.05 0.11 0.11 0.12 0.16 0.17 0.2  0.21 0.24
 0.26 0.3  0.34 0.35 0.36 0.39 0.43 0.45 0.47 0.47 0.47 0.49 0.5  0.51
 0.53 0.54 0.56 0.57 0.58 0.58 0.59 0.6  0.6  0.62 0.64 0.66 0.67 0.72
 0.72 0.72 0.74 0.74 0.77 0.89 0.89 0.99 1.02 1.15 1.18 1.22 1.24 1.41
 1.65 1.71 1.71 1.72]
var: 0.19435288888888883
| [0m75       [0m | [0m0.6027   [0m | [0m0.172    [0m | [0m26.98    [0m | [0m1.245    [0m |
[0.38 0.62 0.64 0.71 0.73 0.86 0.87 0.98 0.98 1.02 1.04 1.04 1.11 1.16
 1.23 1.31 1.32 1.39 1.48 1.5  1.51 1.52 1.52 1.58 1.59 1.62 1.65 1.73
 1.73 1.82 1.87 1.9  1.91 1.93 1.96 2.   2.02 2.02 2.05 2.1  2.17 2.17
 2.19 2.2  2.24 2.28 2.3  2.3  2.34 2.55 2.56 2.68 2.75 2.75 2.77 2.82
 2.84 3.04 3.56 4.39]
var: 0.5773705555555558
| [0m76       [0m | [0m1.822    [0m | [0m0.08666  [0m | [0m25.12    [0m | [0m0.05157  [0m |
[0.39 0.47 0.52 0.69 0.72 0.74 0.75 0.79 0.8  0.81 0.88 0.9  0.95 0.99
 1.03 1.05 1.06 1.14 1.26 1.33 1.34 1.35 1.35 1.39 1.42 1.45 1.56 1.63
 1.66 1.66 1.68 1.7  1.85 1.92 1.97 2.13 2.16 2.18 2.26 2.28 2.29 2.33
 2.38 2.4  2.43 2.75 2.8  2.84 2.9  2.94 3.02 3.17 3.17 3.26 3.29 3.43
 3.64 3.94 3.94 5.36]
var: 1.0775649722222211
| [0m77       [0m | [0m1.908    [0m | [0m0.03325  [0m | [0m15.11    [0m | [0m0.3727   [0m |
[0.13 0.16 0.23 0.42 0.54 0.6  0.62 0.67 0.68 0.76 0.78 0.84 0.88 0.91
 1.04 1.08 1.08 1.18 1.22 1.26 1.27 1.27 1.31 1.36 1.43 1.47 1.48 1.53
 1.53 1.53 1.55 1.59 1.64 1.65 1.65 1.65 1.67 1.74 1.81 1.81 1.84 1.86
 1.9  1.98 1.98 2.08 2.12 2.28 2.43 2.5  2.55 2.59 2.65 2.81 2.85 2.99
 3.01 3.45 3.61 5.16]
var: 0.8335845555555557
| [0m78       [0m | [0m1.644    [0m | [0m0.07636  [0m | [0m37.83    [0m | [0m0.1259   [0m |
[0.36 0.4  0.58 0.64 0.69 0.73 0.78 0.79 0.79 0.84 0.88 0.89 0.96 1.02
 1.23 1.25 1.25 1.3  1.36 1.49 1.61 1.74 1.75 1.8  1.95 2.   2.01 2.02
 2.05 2.06 2.13 2.13 2.17 2.18 2.19 2.2  2.26 2.28 2.28 2.3  2.33 2.37
 2.38 2.61 2.72 2.87 2.93 3.   3.06 3.17 3.28 3.39 3.52 3.55 3.62 3.63
 3.88 4.48 4.66 4.83]
var: 1.177206555555556
| [0m79       [0m | [0m2.094    [0m | [0m0.05549  [0m | [0m25.07    [0m | [0m0.1061   [0m |
[0.17 0.21 0.22 0.25 0.37 0.49 0.51 0.68 0.72 0.75 0.82 0.86 0.89 0.92
 1.1  1.12 1.2  1.36 1.36 1.37 1.39 1.42 1.45 1.48 1.51 1.59 1.63 1.79
 1.83 1.83 1.98 2.01 2.06 2.13 2.35 2.44 2.5  2.61 2.61 2.64 2.68 2.78
 2.94 2.99 3.02 3.21 3.29 3.42 3.54 3.55 3.58 3.67 3.67 3.76 3.83 4.11
 4.95 4.97 5.24 7.57]
var: 2.1139116388888888
| [0m80       [0m | [0m2.19     [0m | [0m0.04766  [0m | [0m15.1     [0m | [0m0.2072   [0m |
=============================================================
None
num_trials:  40  inits,  40  iters,  60  per
rho:  1
pthin:  0.90

Best VPT: 2.422000000000001
Best result: {'a': 0.00134240180353932, 'g': 15.274641768336922, 's': 0.4137640132876644}

KERNEL: nu=1.5, lengthscale=2.0, alpha=0.0005
